1.373
1.373
1.37306
1.37323
1.37331
1.37344
1.37349
1.37356
1.37377
1.37376
1.37392
1.37404
1.37407
1.3741
1.3742
1.37431
1.3744
1.37452
1.37476
1.37519
1.37558
1.37614
1.37668
1.37705
1.37735
1.378
1.37837
1.3787
1.37907
1.37929
1.37959
1.37975
1.37977
1.37969
1.37948
1.37921
1.379
1.37882
1.37869
1.37847
1.37799
1.37749
1.37699
1.37678
1.37684
1.37679
1.3768
1.37674
1.37695
1.37722
1.37733
1.37732
1.37734
1.37744
1.37756
1.37769
1.3777
1.37778
1.37776
1.37763
1.3775
1.37755
1.37755
1.37746
1.37741
1.37745
1.37757
1.37765
1.37792
1.37816
1.37832
1.37841
1.37811
1.37788
1.37774
1.37766
1.37732
1.37706
1.37695
1.37682
1.37675
1.37665
1.37651
1.37655
1.37662
1.37667
1.37671
1.37682
1.37711
1.37753
1.37788
1.37813
1.37811
1.37817
1.37823
1.37821
1.37798
1.37757
1.37726
1.37695
1.37676
1.37673
1.37673
1.37694
1.37726
1.37767
1.37804
1.37861
1.37893
1.3793
1.37977
1.38002
1.38046
1.38089
1.38135
1.38138
1.38153
1.38154
1.38121
1.38078
1.38073
1.38069
1.3811
1.38169
1.3822
1.38223
1.38208
1.38185
1.3815
1.38126
1.38067
1.38016
1.37954
1.37898
1.37824
1.37761
1.37688
1.37615
1.37553
1.37507
1.37467
1.37417
1.37408
1.37389
1.37397
1.3739
1.37398
1.374
1.37396
1.37406
1.37433
1.37433
1.37428
1.37439
1.37443
1.37457
1.37488
1.37529
1.37576
1.3762
1.37645
1.37653
1.37659
1.37663
1.3766
1.37671
1.37683
1.37688
1.37707
1.37709
1.37725
1.37726
1.37722
1.37725
1.37713
1.37721
1.37738
1.37767
1.37767
1.3776
1.37748
1.37736
1.37732
1.37699
1.37663
1.37636
1.37622
1.37598
1.3757
1.37543
1.37537
1.37554
1.37572
1.376
1.37647
1.37702
1.37747
1.37783
1.37798
1.37824
1.37843
1.37856
1.37859
1.37865
1.37872
1.37863
1.37859
1.37864
1.37887
1.37917
1.37939
1.37943
1.37953
1.37969
1.37981
1.37991
1.37989
1.37976
1.37962
1.37965
1.37967
1.37969
1.37965
1.37942
1.37944
1.37959
1.37988
1.38031
1.38076
1.38117
1.38172
1.38232
1.38285
1.38332
1.38366
1.38415
1.38446
1.38485
1.3853
1.38557
1.38605
1.38634
1.38643
1.38653
1.3866
1.3867
1.38669
1.3867
1.38679
1.38688
1.38722
1.38753
1.38755
1.3877
1.3878
1.38804
1.38831
1.38872
1.38917
1.38949
1.38976
1.39007
1.39045
1.39073
1.39114
1.39143
1.3919
1.39248
1.3931
1.39362
1.39391
1.39409
1.39431
1.3947
1.39507
1.39558
1.39601
1.39633
1.39677
1.39712
1.39765
1.39806
1.39809
1.39797
1.39795
1.39777
1.39747
1.39719
1.39703
1.39682
1.39662
1.39644
1.39617
1.39609
1.3962
1.39627
1.39626
1.39612
1.39624
1.39621
1.39611
1.396
1.39597
1.39594
1.396
1.39592
1.39558
1.3955
1.39523
1.39502
1.39478
1.39482
1.39503
1.39496
1.39493
1.39477
1.39492
1.39445
1.39403
1.39368
1.39384
1.39369
1.39356
1.39357
1.3934
1.39327
1.39303
1.3928
1.39271
1.39259
1.39216
1.3919
1.39166
1.3916
1.39156
1.39187
1.39209
1.39235
1.39239
1.3923
1.39245
1.39246
1.39246
1.39241
1.39231
1.39224
1.39208
1.39194
1.39189
1.39188
1.39204
1.39206
1.39221
1.39235
1.39255
1.39262
1.39274
1.39296
1.39325
1.39347
1.39358
1.39358
1.39346
1.39335
1.39311
1.39277
1.39226
1.3912
1.38999
1.38908
1.38856
1.38804
1.38792
1.38808
1.38815
1.38817
1.38799
1.38775
1.38746
1.38717
1.38717
1.38749
1.38787
1.38797
1.38815
1.38827
1.38842
1.38859
1.38879
1.38911
1.38941
1.3897
1.38988
1.39021
1.39041
1.39047
1.39031
1.39013
1.3899
1.3896
1.38928
1.38922
1.38914
1.38906
1.38909
1.3893
1.38943
1.38942
1.38966
1.38997
1.39009
1.39021
1.39033
1.39048
1.39076
1.39105
1.39135
1.39152
1.39168
1.3917
1.39158
1.39147
1.39135
1.39123
1.39103
1.39062
1.39018
1.38979
1.38943
1.38886
1.38828
1.38792
1.38773
1.38753
1.38728
1.38706
1.387
1.38703
1.38697
1.3869
1.38707
1.38736
1.38736
1.38724
1.38715
1.38702
1.387
1.38698
1.38703
1.38709
1.38686
1.38675
1.38671
1.38678
1.38704
1.38728
1.38752
1.38748
1.38735
1.38735
1.3875
1.38753
1.38742
1.38728
1.38732
1.38737
1.38732
1.3873
1.3874
1.38775
1.38793
1.38814
1.38848
1.38874
1.38905
1.38941
1.38988
1.39042
1.39102
1.39145
1.39195
1.39247
1.3927
1.39291
1.39314
1.39348
1.39387
1.39425
1.39454
1.39482
1.39523
1.39548
1.39575
1.39602
1.39601
1.39592
1.39588
1.396
1.39629
1.39639
1.39632
1.3965
1.39678
1.397
1.39733
1.39749
1.39763
1.3977
1.3977
1.3976
1.39759
1.3977
1.3979
1.39791
1.39757
1.3976
1.39759
1.39764
1.39763
1.39749
1.39731
1.39713
1.39672
1.39624
1.3959
1.39572
1.39549
1.39542
1.3954
1.39533
1.39521
1.39511
1.39486
1.39459
1.3945
1.39438
1.39438
1.39454
1.39473
1.39497
1.39509
1.39511
1.39518
1.39528
1.39558
1.39602
1.39644
1.39655
1.39654
1.39645
1.39636
1.39629
1.39623
1.39629
1.39606
1.39591
1.39601
1.3963
1.39659
1.39686
1.39694
1.39702
1.39715
1.39711
1.39724
1.39749
1.39777
1.39809
1.3981
1.39837
1.3985
1.39884
1.39928
1.39981
1.40015
1.40059
1.40076
1.4007
1.40064
1.40051
1.40055
1.40063
1.40081
1.40089
1.40119
1.40129
1.40156
1.40178
1.4021
1.40234
1.40274
1.4031
1.40363
1.40386
1.40414
1.40435
1.40491
1.40515
1.40521
1.40516
1.40516
1.40525
1.40504
1.40474
1.40449
1.40432
1.40393
1.40384
1.4036
1.40323
1.40286
1.40253
1.40222
1.4022
1.402
1.40171
1.40156
1.40144
1.40176
1.40219
1.40229
1.40258
1.40299
1.40309
1.40329
1.40375
1.40422
1.40477
1.40545
1.40626
1.4072
1.40802
1.40885
1.40978
1.41076
1.41161
1.41227
1.4126
1.41283
1.41324
1.41365
1.41395
1.41411
1.41443
1.41486
1.41487
1.41478
1.41445
1.41398
1.41354
1.41322
1.41286
1.4125
1.41231
1.41248
1.41277
1.41318
1.41351
1.41367
1.41395
1.41418
1.41434
1.41433
1.41416
1.41388
1.41356
1.41339
1.4134
1.41348
1.41388
1.41424
1.41446
1.4145
1.41493
1.41527
1.41573
1.41591
1.41592
1.41595
1.41628
1.41645
1.41653
1.41659
1.41698
1.4173
1.41753
1.41759
1.41765
1.41756
1.41751
1.41746
1.41737
1.41706
1.41716
1.41745
1.41779
1.41802
1.41832
1.41864
1.41908
1.41937
1.41938
1.41942
1.41968
1.41996
1.42026
1.42088
1.42131
1.42153
1.42189
1.42214
1.4224
1.42275
1.42349
1.42412
1.42477
1.42519
1.42535
1.42536
1.4253
1.42535
1.42551
1.4261
1.42683
1.42763
1.42846
1.42915
1.42968
1.43003
1.43029
1.43043
1.43046
1.4305
1.43054
1.43072
1.43098
1.43136
1.43183
1.43223
1.43265
1.43309
1.43332
1.4333
1.43295
1.43243
1.43182
1.43132
1.43112
1.43115
1.43078
1.43016
1.42958
1.42904
1.42867
1.42835
1.42824
1.42802
1.42766
1.42729
1.42689
1.42646
1.4262
1.42606
1.42597
1.42603
1.42586
1.42609
1.42644
1.42681
1.42714
1.42732
1.4273
1.4272
1.42683
1.42635
1.42593
1.42583
1.42606
1.4265
1.42708
1.42786
1.42829
1.42862
1.42896
1.42908
1.4292
1.42955
1.42981
1.43013
1.43051
1.43078
1.43094
1.43112
1.4313
1.43141
1.43142
1.43149
1.43168
1.43196
1.43221
1.43266
1.43325
1.43387
1.43437
1.4348
1.43494
1.43502
1.43509
1.43528
1.43535
1.43524
1.43501
1.43484
1.43465
1.43448
1.43435
1.43416
1.43379
1.43344
1.4332
1.43312
1.43307
1.43285
1.43263
1.43252
1.43244
1.43244
1.43258
1.43301
1.43352
1.43372
1.43387
1.43409
1.43422
1.4342
1.43421
1.43426
1.43428
1.43425
1.43431
1.43441
1.43449
1.43462
1.43463
1.43481
1.43484
1.43485
1.43514
1.43553
1.43594
1.43638
1.43654
1.43653
1.43653
1.43653
1.43655
1.43652
1.43649
1.43652
1.43666
1.43678
1.43674
1.43687
1.4372
1.43744
1.43777
1.4382
1.43854
1.43892
1.43914
1.43915
1.43901
1.43902
1.43893
1.43866
1.43856
1.43839
1.43851
1.4385
1.43861
1.43858
1.43863
1.43871
1.4387
1.43878
1.43877
1.43866
1.4387
1.43859
1.43845
1.43865
1.43893
1.43919
1.43933
1.43955
1.43945
1.4394
1.4393
1.43913
1.43902
1.43911
1.43908
1.43918
1.43922
1.43913
1.43913
1.43902
1.43889
1.43866
1.43842
1.43837
1.43829
1.43818
1.43814
1.43798
1.43807
1.43809
1.43797
1.43802
1.43805
1.4378
1.43784
1.43795
1.43803
1.43809
1.43827
1.43842
1.43837
1.43811
1.43769
1.43732
1.43702
1.43665
1.43622
1.43605
1.43603
1.436
1.43629
1.43653
1.43665
1.43684
1.4369
1.43698
1.43723
1.43754
1.43797
1.43799
1.4382
1.43831
1.43835
1.43832
1.43847
1.43859
1.43861
1.43855
1.43869
1.43896
1.43913
1.43914
1.43918
1.43899
1.43877
1.43867
1.43862
1.43879
1.43886
1.43904
1.43945
1.43996
1.44036
1.44085
1.44093
1.44107
1.44123
1.4412
1.44115
1.44115
1.44077
1.4403
1.43997
1.43986
1.43998
1.44018
1.44089
1.44148
1.44209
1.44273
1.44338
1.44414
1.44478
1.44534
1.4458
1.44615
1.44666
1.44721
1.44729
1.44736
1.44763
1.44806
1.44846
1.44894
1.44936
1.44983
1.45032
1.45077
1.45124
1.45163
1.45204
1.45229
1.45257
1.45299
1.45351
1.45408
1.45449
1.4549
1.45523
1.45582
1.45628
1.4564
1.45659
1.45677
1.45701
1.4573
1.45747
1.45757
1.45781
1.45791
1.45819
1.45841
1.45868
1.45897
1.45934
1.45971
1.46004
1.46025
1.46041
1.46055
1.46081
1.46105
1.4612
1.46106
1.4609
1.46071
1.46055
1.46033
1.46007
1.45965
1.45925
1.45907
1.45887
1.45863
1.45852
1.45827
1.45814
1.4581
1.45806
1.45782
1.45747
1.45728
1.45714
1.45701
1.45684
1.45689
1.45696
1.45693
1.45684
1.45685
1.45679
1.45671
1.45677
1.45697
1.45717
1.45714
1.45729
1.45737
1.45722
1.457
1.45658
1.45627
1.45629
1.45632
1.45635
1.45653
1.45671
1.45688
1.45702
1.45698
1.457
1.45687
1.45639
1.45636
1.45644
1.45633
1.45599
1.45583
1.45594
1.45616
1.4563
1.45643
1.4565
1.45669
1.45672
1.45672
1.45666
1.45626
1.45614
1.45581
1.45546
1.45524
1.45508
1.45487
1.45461
1.45412
1.45387
1.45372
1.45377
1.45407
1.45452
1.45517
1.45567
1.45594
1.45605
1.45602
1.45574
1.45541
1.45524
1.45511
1.45505
1.45515
1.45526
1.45521
1.45505
1.45471
1.45431
1.45386
1.45354
1.45328
1.45302
1.45292
1.45282
1.45281
1.45295
1.45298
1.45322
1.45342
1.45338
1.45337
1.45352
1.45364
1.45394
1.45421
1.45447
1.45456
1.45457
1.45441
1.45396
1.45325
1.45283
1.4523
1.45197
1.45187
1.45204
1.45215
1.45242
1.45287
1.45311
1.45327
1.45324
1.4532
1.45335
1.45341
1.45349
1.45354
1.45355
1.45344
1.45335
1.4537
1.45423
1.4548
1.45538
1.45551
1.45537
1.45521
1.45522
1.455
1.45496
1.45495
1.45487
1.45482
1.45468
1.45453
1.45422
1.45397
1.45367
1.45338
1.45306
1.45293
1.4529
1.45269
1.45263
1.45269
1.45272
1.453
1.45329
1.45387
1.45407
1.45414
1.45414
1.45413
1.45422
1.45415
1.45397
1.45389
1.45365
1.4534
1.45331
1.45315
1.45307
1.45284
1.45275
1.45291
1.45305
1.45322
1.45344
1.45365
1.45367
1.45364
1.45376
1.45388
1.45403
1.45391
1.45407
1.45412
1.45422
1.45428
1.45438
1.4544
1.45453
1.45465
1.45471
1.45478
1.45486
1.45498
1.4552
1.45546
1.45577
1.45596
1.4562
1.45648
1.45681
1.45689
1.45695
1.45693
1.45706
1.45704
1.45692
1.45668
1.4565
1.45638
1.45654
1.45683
1.45729
1.4577
1.45814
1.45838
1.45853
1.45858
1.45869
1.45851
1.45839
1.45814
1.45791
1.45778
1.4576
1.45754
1.45759
1.45754
1.45753
1.45752
1.45732
1.45712
1.45693
1.45682
1.45675
1.45676
1.45679
1.45679
1.4568
1.45675
1.45656
1.45648
1.45648
1.45649
1.45668
1.45705
1.45732
1.45766
1.45806
1.45829
1.4585
1.45874
1.45898
1.45936
1.4596
1.4599
1.46026
1.46054
1.46081
1.46117
1.46154
1.46192
1.46225
1.46264
1.4631
1.46361
1.46402
1.4642
1.46456
1.46504
1.46523
1.46536
1.4656
1.46575
1.46576
1.46568
1.46569
1.46575
1.46589
1.46594
1.46592
1.46594
1.46616
1.46644
1.46676
1.46706
1.46731
1.46775
1.46812
1.46842
1.46867
1.46879
1.46906
1.46937
1.46951
1.46938
1.46913
1.46886
1.46866
1.46849
1.4683
1.46799
1.46787
1.46776
1.4674
1.46697
1.46651
1.46603
1.46546
1.46507
1.46483
1.46477
1.46449
1.4643
1.46427
1.46439
1.4645
1.46455
1.46471
1.46495
1.46512
1.4653
1.46538
1.4653
1.46534
1.46526
1.46507
1.46485
1.46467
1.46443
1.46403
1.46388
1.46349
1.46325
1.46331
1.46334
1.46337
1.46282
1.46213
1.46156
1.46096
1.46047
1.46005
1.45936
1.45889
1.45864
1.45875
1.45888
1.45904
1.45924
1.45941
1.45953
1.45933
1.45898
1.45894
1.45893
1.45872
1.45865
1.45857
1.45849
1.45797
1.45758
1.45733
1.4572
1.45724
1.45747
1.45773
1.45812
1.45836
1.45879
1.45903
1.45916
1.45927
1.45929
1.45936
1.45948
1.45947
1.45933
1.45952
1.45981
1.46004
1.46036
1.46055
1.46078
1.4608
1.46055
1.46014
1.45995
1.45986
1.45995
1.45994
1.45973
1.45939
1.45895
1.45868
1.45845
1.45806
1.45765
1.45715
1.45681
1.45663
1.45657
1.45651
1.45664
1.45661
1.45664
1.45652
1.4564
1.45634
1.45618
1.45634
1.45658
1.45669
1.45669
1.45633
1.45583
1.45539
1.4549
1.45439
1.4539
1.4534
1.45298
1.45286
1.45282
1.45284
1.45277
1.45255
1.4522
1.45177
1.45172
1.45189
1.45219
1.45246
1.45275
1.4529
1.45292
1.45284
1.45281
1.45286
1.45303
1.45313
1.45294
1.45293
1.45265
1.45257
1.4524
1.45257
1.45292
1.45322
1.45367
1.45412
1.45458
1.45486
1.45516
1.45512
1.45513
1.45525
1.45508
1.45475
1.45462
1.45445
1.45431
1.45429
1.45416
1.45385
1.45355
1.45295
1.45247
1.45204
1.4515
1.45108
1.4507
1.45042
1.44999
1.44975
1.4495
1.44941
1.44943
1.44954
1.44983
1.4502
1.45041
1.45046
1.45046
1.4504
1.45042
1.45045
1.45052
1.45072
1.45068
1.45057
1.45048
1.45062
1.45057
1.45085
1.45117
1.45126
1.45138
1.45135
1.45137
1.45123
1.451
1.45066
1.45054
1.45083
1.45106
1.45119
1.45164
1.45207
1.45268
1.45317
1.45371
1.45412
1.45452
1.45487
1.45505
1.45523
1.45551
1.45591
1.45641
1.45675
1.45714
1.45718
1.45748
1.45754
1.45748
1.45741
1.45717
1.45697
1.45681
1.45687
1.45681
1.45665
1.45638
1.45624
1.45585
1.45514
1.45451
1.45416
1.45383
1.45372
1.45351
1.45335
1.45327
1.45343
1.4534
1.4533
1.453
1.45295
1.45279
1.45275
1.45262
1.45255
1.45246
1.45223
1.45212
1.45199
1.45216
1.4523
1.45218
1.45228
1.45255
1.45254
1.45277
1.45287
1.45292
1.45303
1.45326
1.45358
1.45394
1.45408
1.45436
1.45464
1.45471
1.4548
1.45486
1.45501
1.45532
1.45568
1.45603
1.45617
1.45607
1.45594
1.45581
1.45574
1.45544
1.45515
1.45468
1.45432
1.45396
1.4536
1.45343
1.45326
1.45316
1.45301
1.45277
1.45236
1.45194
1.45148
1.45113
1.45093
1.45078
1.45067
1.45062
1.45043
1.45044
1.45041
1.45038
1.45039
1.45017
1.44997
1.44978
1.44962
1.44957
1.44946
1.44918
1.44901
1.44885
1.44868
1.44831
1.44798
1.44796
1.44784
1.44773
1.44737
1.447
1.44668
1.44679
1.44709
1.44719
1.44729
1.4474
1.44751
1.44763
1.44794
1.44836
1.44897
1.44939
1.44953
1.4494
1.44911
1.44876
1.44843
1.44821
1.44793
1.44783
1.44789
1.44775
1.44782
1.44801
1.44812
1.44827
1.4484
1.44859
1.44835
1.44797
1.44798
1.44808
1.44823
1.44845
1.44861
1.44861
1.44855
1.4487
1.44888
1.44898
1.44891
1.44904
1.4493
1.44966
1.45018
1.45081
1.45155
1.45222
1.45282
1.45345
1.45371
1.454
1.45414
1.45435
1.45451
1.45465
1.45477
1.45504
1.4554
1.45569
1.45595
1.45621
1.45634
1.45654
1.45665
1.45676
1.45662
1.45627
1.45587
1.45551
1.45535
1.45534
1.45543
1.45541
1.45529
1.45518
1.45504
1.45471
1.45439
1.45412
1.45391
1.45375
1.45372
1.45371
1.45362
1.45373
1.45346
1.45323
1.45305
1.45286
1.45267
1.45256
1.4527
1.45293
1.45274
1.4526
1.45217
1.45192
1.45177
1.4518
1.45199
1.45211
1.45204
1.452
1.45161
1.45136
1.45124
1.45104
1.45104
1.45115
1.45109
1.45097
1.45085
1.45058
1.45018
1.44964
1.44917
1.44866
1.44827
1.44798
1.44798
1.44804
1.44786
1.44789
1.44822
1.44862
1.44907
1.44964
1.45015
1.45073
1.45115
1.45131
1.4512
1.45117
1.45114
1.45152
1.452
1.45251
1.45274
1.45312
1.45359
1.45393
1.45418
1.45422
1.45437
1.45484
1.45544
1.45613
1.45667
1.45738
1.45814
1.45907
1.45991
1.46047
1.4613
1.462
1.46262
1.46329
1.46397
1.46438
1.46472
1.46521
1.46551
1.46579
1.46597
1.46587
1.46587
1.46588
1.46581
1.46566
1.46577
1.46601
1.4663
1.4668
1.46733
1.46784
1.46836
1.46898
1.46988
1.47041
1.47094
1.47119
1.47119
1.47115
1.47097
1.47073
1.47072
1.47084
1.47085
1.47098
1.47115
1.47118
1.47118
1.47147
1.47141
1.47149
1.47163
1.47156
1.47147
1.47126
1.47119
1.47096
1.47058
1.47045
1.47026
1.47012
1.46982
1.46944
1.46918
1.46906
1.46897
1.46865
1.46822
1.46796
1.46775
1.46753
1.46748
1.46742
1.46766
1.46786
1.46805
1.46819
1.46821
1.46807
1.46785
1.46777
1.46775
1.468
1.46837
1.46886
1.46909
1.46903
1.46891
1.46877
1.46889
1.46925
1.4696
1.47009
1.47043
1.47071
1.47118
1.47157
1.47202
1.4725
1.47288
1.47349
1.47425
1.47505
1.47568
1.47637
1.47712
1.47784
1.47866
1.47964
1.48068
1.48168
1.48268
1.48348
1.48438
1.48528
1.48612
1.48694
1.48768
1.48842
1.48888
1.48959
1.49061
1.49098
1.49136
1.49188
1.49239
1.49292
1.49296
1.49282
1.49277
1.49274
1.49284
1.49313
1.4936
1.49418
1.49452
1.49472
1.49468
1.4947
1.4949
1.49503
1.49489
1.49511
1.49566
1.49635
1.49728
1.49809
1.49883
1.49934
1.49969
1.49984
1.4996
1.49922
1.49893
1.49863
1.4984
1.49804
1.49764
1.49732
1.49711
1.49723
1.49719
1.4972
1.49731
1.49763
1.49813
1.49871
1.49929
1.49984
1.50056
1.50117
1.50162
1.50219
1.50289
1.50349
1.50382
1.50416
1.50457
1.50486
1.50523
1.50556
1.50573
1.50604
1.50604
1.50598
1.5057
1.50561
1.50572
1.50615
1.50682
1.50726
1.5076
1.50775
1.50777
1.50771
1.50715
1.50643
1.50612
1.50595
1.50602
1.50647
1.50684
1.50733
1.5077
1.50788
1.5081
1.50846
1.50882
1.50894
1.50892
1.50895
1.50912
1.50935
1.50936
1.50986
1.51035
1.51104
1.51126
1.51093
1.51078
1.51063
1.51017
1.50974
1.50946
1.50931
1.50941
1.50973
1.50981
1.50966
1.50947
1.50923
1.50935
1.5094
1.50954
1.50967
1.50973
1.51001
1.5105
1.51082
1.51093
1.51103
1.51124
1.51149
1.51187
1.51223
1.5127
1.51323
1.51377
1.51434
1.51528
1.51613
1.5168
1.51722
1.51769
1.51834
1.51884
1.51908
1.51957
1.52018
1.52091
1.52125
1.52168
1.52217
1.52262
1.52309
1.52339
1.52421
1.52446
1.52467
1.52507
1.52551
1.52609
1.52645
1.52674
1.52713
1.52754
1.52785
1.52815
1.52882
1.52934
1.52935
1.52972
1.52986
1.52974
1.52977
1.52999
1.53037
1.53086
1.53129
1.53165
1.53162
1.53149
1.53118
1.53037
1.52976
1.52975
1.53009
1.53049
1.53117
1.53186
1.53253
1.53322
1.53393
1.53436
1.53479
1.53477
1.5349
1.53501
1.53501
1.53468
1.5344
1.53425
1.53409
1.53372
1.5336
1.53374
1.5338
1.53385
1.53402
1.53403
1.53413
1.53443
1.53473
1.53513
1.53509
1.53511
1.53536
1.53567
1.53587
1.53607
1.53634
1.5366
1.53725
1.53804
1.53867
1.53932
1.54002
1.5406
1.54065
1.54069
1.54029
1.54007
1.54008
1.54013
1.54075
1.54099
1.54131
1.54142
1.54108
1.54085
1.54044
1.54038
1.54029
1.54023
1.54001
1.53983
1.53951
1.53934
1.53892
1.53844
1.53817
1.53811
1.53816
1.53837
1.53871
1.53889
1.53908
1.53937
1.53963
1.5399
1.53996
1.53997
1.53977
1.53957
1.53952
1.53971
1.53964
1.53973
1.5396
1.53948
1.53935
1.53929
1.53931
1.53952
1.5397
1.53977
1.53989
1.54
1.5401
1.54042
1.54071
1.54113
1.5414
1.54144
1.54119
1.54098
1.54079
1.5406
1.54038
1.5402
1.54003
1.53998
1.53995
1.53984
1.53997
1.54015
1.54026
1.54035
1.54045
1.5405
1.5406
1.54054
1.54049
1.54028
1.54008
1.53985
1.53983
1.53976
1.53975
1.53965
1.53938
1.53929
1.53945
1.53962
1.53967
1.5397
1.53967
1.53986
1.53998
1.54007
1.54038
1.54072
1.541
1.54136
1.54185
1.54239
1.54275
1.5431
1.54321
1.54348
1.54386
1.54416
1.54444
1.54476
1.54512
1.5452
1.54529
1.54518
1.545
1.54468
1.54434
1.54403
1.54382
1.54363
1.5435
1.54343
1.54318
1.54294
1.54265
1.54216
1.54174
1.54139
1.54101
1.54088
1.54072
1.5405
1.54021
1.5401
1.53966
1.53919
1.53866
1.53813
1.53786
1.53796
1.53781
1.53758
1.53746
1.53713
1.53686
1.53677
1.53664
1.5362
1.53575
1.53535
1.53505
1.5347
1.53429
1.53371
1.53331
1.53318
1.53327
1.53323
1.53287
1.5326
1.53253
1.5322
1.53202
1.53197
1.53208
1.53193
1.53168
1.53158
1.5315
1.53138
1.53145
1.53151
1.53193
1.53239
1.53287
1.53313
1.53345
1.53373
1.53381
1.53385
1.53369
1.53369
1.53373
1.53391
1.53401
1.53425
1.53474
1.53508
1.53548
1.53578
1.53618
1.53647
1.53646
1.53632
1.53604
1.53572
1.53552
1.53545
1.53516
1.53493
1.53477
1.53466
1.53469
1.53489
1.53532
1.5358
1.53638
1.5372
1.53783
1.53836
1.5389
1.53909
1.5394
1.53966
1.53992
1.54016
1.54046
1.54069
1.5408
1.54108
1.54142
1.54191
1.54241
1.54283
1.54291
1.54292
1.54294
1.54287
1.54272
1.54268
1.54285
1.54286
1.54285
1.5429
1.54292
1.54294
1.54316
1.5434
1.54344
1.54332
1.54325
1.54329
1.5433
1.54339
1.54373
1.544
1.54407
1.54406
1.54397
1.54405
1.54428
1.54448
1.54446
1.54453
1.54483
1.54526
1.54553
1.54598
1.54638
1.54639
1.54628
1.54635
1.54638
1.54666
1.54685
1.54723
1.54741
1.54746
1.5475
1.54774
1.54772
1.54766
1.5479
1.54789
1.54812
1.54833
1.54855
1.54881
1.54907
1.54919
1.54941
1.54983
1.55
1.54997
1.54995
1.55007
1.55026
1.55059
1.551
1.55129
1.55149
1.5519
1.55232
1.55262
1.5528
1.55307
1.55311
1.55317
1.55334
1.55313
1.55305
1.55321
1.55335
1.55371
1.55405
1.55435
1.55466
1.555
1.55526
1.55528
1.55518
1.55524
1.55553
1.5557
1.55583
1.5561
1.55617
1.55608
1.55606
1.55612
1.556
1.55578
1.55553
1.55535
1.55536
1.55559
1.55592
1.55643
1.55702
1.55729
1.55739
1.55737
1.5576
1.55781
1.55779
1.55798
1.55813
1.55795
1.55788
1.55757
1.55735
1.55719
1.55711
1.55733
1.55761
1.55786
1.55788
1.55768
1.55772
1.55778
1.55792
1.55822
1.55858
1.55875
1.5589
1.559
1.5596
1.56008
1.56031
1.56001
1.55955
1.55905
1.55893
1.55906
1.55933
1.55935
1.55895
1.55846
1.55802
1.55758
1.55743
1.55773
1.55813
1.55848
1.55887
1.55939
1.55984
1.56024
1.5603
1.5601
1.55973
1.55923
1.55865
1.55796
1.55725
1.55686
1.55681
1.55698
1.55713
1.55731
1.55737
1.55757
1.55787
1.55806
1.55845
1.55872
1.55893
1.55917
1.5595
1.55979
1.55983
1.55993
1.55968
1.5598
1.55998
1.55992
1.55983
1.55985
1.56003
1.56007
1.56034
1.56084
1.56139
1.56217
1.56256
1.56303
1.56329
1.56356
1.56376
1.56388
1.56379
1.56376
1.56369
1.56379
1.56397
1.56399
1.56396
1.56393
1.56399
1.56408
1.56372
1.5632
1.56277
1.56263
1.56247
1.5624
1.56218
1.5618
1.56161
1.56154
1.5614
1.5613
1.56141
1.56135
1.56103
1.56071
1.56047
1.56034
1.56051
1.56065
1.56066
1.56079
1.56099
1.56126
1.56127
1.56131
1.56132
1.5611
1.56101
1.56098
1.56091
1.56093
1.56087
1.56058
1.56055
1.56096
1.56108
1.5613
1.56138
1.56149
1.56176
1.56204
1.56226
1.5623
1.56225
1.56214
1.5623
1.5626
1.56277
1.56293
1.56315
1.56348
1.56395
1.56429
1.5645
1.56477
1.56518
1.56556
1.56582
1.56588
1.56602
1.56645
1.56685
1.56704
1.56723
1.5675
1.5678
1.56845
1.56885
1.5693
1.56939
1.56941
1.56949
1.56979
1.5701
1.57039
1.5708
1.57128
1.57144
1.57154
1.57187
1.57228
1.57292
1.57346
1.57355
1.57358
1.57325
1.57287
1.57243
1.57194
1.57194
1.57224
1.57239
1.57253
1.57261
1.5724
1.57235
1.57238
1.57233
1.57213
1.57165
1.5714
1.57122
1.57104
1.57071
1.5705
1.57038
1.56998
1.56971
1.56973
1.56977
1.56976
1.56978
1.56988
1.56989
1.56991
1.56997
1.57001
1.57001
1.57023
1.57061
1.57079
1.57096
1.57097
1.57116
1.57151
1.57165
1.57179
1.57218
1.57279
1.57333
1.57413
1.57507
1.5761
1.57679
1.5776
1.57827
1.57899
1.57948
1.57989
1.58021
1.58037
1.58043
1.58057
1.58058
1.58056
1.58079
1.58083
1.5808
1.58064
1.58049
1.58039
1.58048
1.58049
1.58065
1.58073
1.581
1.58112
1.58112
1.58121
1.58146
1.58166
1.58184
1.58209
1.58244
1.58277
1.58309
1.58348
1.58392
1.58427
1.58459
1.58495
1.58514
1.58513
1.58497
1.58489
1.58501
1.58526
1.58558
1.58593
1.58637
1.58647
1.58663
1.58675
1.5867
1.58645
1.58607
1.58569
1.58539
1.58501
1.58484
1.58473
1.58472
1.58433
1.5838
1.58328
1.58287
1.58249
1.58215
1.58181
1.58146
1.58109
1.58085
1.58062
1.58022
1.57985
1.5795
1.57907
1.57867
1.57829
1.57796
1.57769
1.57749
1.57695
1.57607
1.57493
1.5738
1.57323
1.57312
1.57381
1.57449
1.5751
1.57562
1.57621
1.57675
1.57722
1.57768
1.57789
1.57817
1.57876
1.57924
1.57958
1.57983
1.58008
1.58046
1.58075
1.58081
1.58089
1.58096
1.58107
1.58134
1.58171
1.58207
1.58224
1.58234
1.58238
1.58253
1.58266
1.58284
1.58283
1.5825
1.58211
1.58166
1.58123
1.58099
1.58074
1.58077
1.58075
1.58065
1.58032
1.58019
1.58007
1.57999
1.57998
1.58003
1.58003
1.58
1.57995
1.57987
1.57993
1.58003
1.57985
1.58008
1.58054
1.58076
1.58094
1.5811
1.58135
1.58156
1.58152
1.58157
1.58164
1.58164
1.58142
1.58142
1.58149
1.58132
1.58082
1.5803
1.57948
1.57892
1.57839
1.5779
1.57732
1.5769
1.57627
1.57576
1.5752
1.57462
1.57452
1.57467
1.57506
1.57575
1.57652
1.57698
1.57728
1.57737
1.57751
1.57759
1.57748
1.57754
1.57741
1.57736
1.57738
1.57764
1.57787
1.57789
1.57787
1.57798
1.57783
1.57796
1.57818
1.57827
1.57823
1.57827
1.57826
1.57812
1.57808
1.57788
1.57791
1.57784
1.57775
1.57777
1.57755
1.57751
1.57743
1.57753
1.57745
1.57763
1.57813
1.57852
1.57857
1.57867
1.57878
1.57883
1.57912
1.57924
1.57919
1.57907
1.57921
1.57958
1.57986
1.58015
1.58078
1.58154
1.58219
1.58291
1.58369
1.58453
1.58535
1.5862
1.58664
1.58735
1.58816
1.5888
1.58927
1.58973
1.59001
1.59031
1.59082
1.59121
1.59162
1.5922
1.59297
1.59353
1.59418
1.59484
1.59551
1.59604
1.59624
1.59643
1.59649
1.59668
1.59694
1.59709
1.59723
1.59737
1.5972
1.59698
1.59697
1.59721
1.59755
1.59823
1.5988
1.59937
1.59996
1.60029
1.60066
1.60139
1.6021
1.60248
1.60269
1.60288
1.60313
1.60332
1.60344
1.60357
1.60357
1.60365
1.60379
1.60395
1.60384
1.60389
1.60397
1.6038
1.60355
1.60332
1.60307
1.60287
1.6029
1.60273
1.60255
1.60225
1.6022
1.60216
1.60233
1.60248
1.60249
1.60252
1.60274
1.60283
1.60277
1.60294
1.60345
1.60336
1.6033
1.60388
1.60399
1.60413
1.60412
1.60417
1.60379
1.60331
1.60297
1.60274
1.60229
1.60177
1.60142
1.60115
1.60081
1.60037
1.59968
1.59878
1.5981
1.59767
1.59758
1.59772
1.59793
1.59809
1.59823
1.59827
1.59843
1.59852
1.5986
1.59888
1.59912
1.5991
1.59919
1.59957
1.59998
1.60053
1.60106
1.60147
1.60154
1.60151
1.60154
1.60166
1.60184
1.60195
1.60221
1.60235
1.60238
1.60245
1.60262
1.60275
1.60282
1.60276
1.60266
1.60258
1.60231
1.60224
1.60202
1.60163
1.60131
1.60121
1.60113
1.60107
1.60129
1.60176
1.60204
1.60223
1.6024
1.60261
1.60266
1.60266
1.60271
1.6029
1.60306
1.60316
1.6032
1.60314
1.60288
1.60269
1.60253
1.60267
1.603
1.60331
1.60385
1.60444
1.6051
1.60589
1.6065
1.60716
1.60788
1.60848
1.60905
1.60967
1.61023
1.61068
1.61116
1.61176
1.61209
1.61234
1.61262
1.61264
1.6126
1.61244
1.61228
1.61201
1.6118
1.61174
1.61158
1.61113
1.61055
1.60992
1.60959
1.60957
1.60955
1.60968
1.60982
1.60979
1.60989
1.61009
1.61046
1.6105
1.61046
1.61043
1.61073
1.61114
1.61146
1.61164
1.61207
1.61236
1.61246
1.61258
1.61279
1.61292
1.6131
1.61321
1.6134
1.61363
1.614
1.61434
1.61447
1.61435
1.61443
1.61456
1.61477
1.61508
1.61514
1.61512
1.61538
1.61554
1.6158
1.61613
1.61653
1.61676
1.61722
1.61769
1.61812
1.6187
1.61916
1.61952
1.61971
1.6198
1.61964
1.61964
1.61957
1.61965
1.61962
1.61962
1.61994
1.62033
1.62071
1.62106
1.62138
1.6217
1.62198
1.62213
1.62213
1.62227
1.62228
1.6224
1.62258
1.62253
1.62251
1.62262
1.62278
1.62307
1.62309
1.62288
1.62274
1.62269
1.62215
1.62181
1.62167
1.62153
1.62159
1.62172
1.62181
1.62196
1.62155
1.62139
1.62152
1.62177
1.62192
1.62213
1.62244
1.62268
1.62275
1.62267
1.62273
1.62266
1.62225
1.62168
1.62106
1.62059
1.62041
1.62056
1.62066
1.62073
1.62078
1.62065
1.62047
1.62041
1.62018
1.61997
1.61983
1.61968
1.61935
1.61919
1.61928
1.61935
1.61919
1.61896
1.61876
1.61879
1.6188
1.61855
1.61825
1.61812
1.61827
1.61829
1.61831
1.61858
1.61875
1.61886
1.61882
1.61869
1.61853
1.61865
1.61857
1.61877
1.61908
1.61926
1.61958
1.61983
1.61993
1.61997
1.62012
1.62047
1.62082
1.62112
1.62149
1.62171
1.62182
1.62198
1.62212
1.62235
1.62239
1.62236
1.62221
1.62215
1.6222
1.62218
1.62197
1.62168
1.62142
1.6214
1.62166
1.62182
1.62208
1.62228
1.62258
1.62284
1.62313
1.62336
1.62368
1.62395
1.62432
1.62464
1.62481
1.62507
1.62557
1.6261
1.6263
1.62648
1.6269
1.62695
1.62691
1.62672
1.62651
1.62641
1.62648
1.62665
1.62675
1.62715
1.62768
1.62821
1.62885
1.62923
1.62979
1.63051
1.63118
1.63192
1.63249
1.63308
1.63342
1.63351
1.63366
1.63376
1.63383
1.63391
1.63407
1.63425
1.63432
1.63442
1.6348
1.63505
1.63531
1.63557
1.63594
1.63618
1.63634
1.6366
1.63695
1.63717
1.63753
1.6381
1.63868
1.63904
1.63926
1.63948
1.6398
1.64009
1.64021
1.64047
1.64084
1.64143
1.64197
1.6424
1.64275
1.64281
1.64275
1.64256
1.64234
1.64217
1.642
1.64162
1.64134
1.64107
1.64074
1.6404
1.64001
1.63963
1.63899
1.63842
1.63784
1.6375
1.6374
1.63744
1.63743
1.63732
1.6373
1.63703
1.63667
1.63635
1.63615
1.63594
1.63578
1.63562
1.63531
1.63479
1.63431
1.63374
1.63317
1.63238
1.63137
1.63032
1.62943
1.62881
1.62823
1.62781
1.62731
1.62687
1.62657
1.62616
1.62611
1.62626
1.62624
1.62652
1.6266
1.62673
1.62687
1.62715
1.62738
1.62768
1.62797
1.628
1.628
1.62792
1.62748
1.62703
1.62656
1.62618
1.62562
1.62515
1.62481
1.62477
1.62499
1.62532
1.62585
1.62652
1.62717
1.62746
1.62721
1.62672
1.62607
1.62575
1.62556
1.62551
1.62545
1.62549
1.62544
1.62526
1.62541
1.62561
1.62564
1.62593
1.6261
1.62648
1.62693
1.62725
1.62761
1.62814
1.6287
1.62903
1.62943
1.62966
1.62985
1.62997
1.63015
1.63019
1.63036
1.63072
1.63081
1.63105
1.63118
1.63165
1.6319
1.63215
1.63245
1.63285
1.63308
1.6332
1.63326
1.63323
1.63325
1.63308
1.6331
1.63304
1.63323
1.63329
1.63339
1.63341
1.63316
1.63292
1.63278
1.63245
1.63222
1.63215
1.63241
1.63276
1.63283
1.63296
1.63325
1.63328
1.63332
1.63341
1.63351
1.63336
1.63309
1.63276
1.6326
1.63253
1.63251
1.63261
1.63287
1.63317
1.63355
1.63366
1.63339
1.63309
1.6327
1.63235
1.63188
1.63165
1.63122
1.63089
1.6306
1.63062
1.63052
1.63037
1.63018
1.63028
1.63016
1.63022
1.62999
1.62967
1.62981
1.62977
1.62972
1.6295
1.62903
1.62875
1.62885
1.62867
1.62844
1.62837
1.62836
1.6286
1.6287
1.62844
1.62814
1.62791
1.62766
1.62742
1.62732
1.62713
1.62681
1.62674
1.62687
1.62696
1.62665
1.6266
1.62659
1.6266
1.62656
1.62605
1.62563
1.62537
1.62525
1.62489
1.6243
1.62384
1.62339
1.62318
1.62281
1.62245
1.62232
1.62218
1.622
1.62171
1.62164
1.62152
1.62123
1.62083
1.62058
1.62032
1.62006
1.61966
1.61898
1.61846
1.61791
1.61747
1.61725
1.61677
1.61653
1.61607
1.61567
1.61529
1.61504
1.61464
1.61414
1.61384
1.61377
1.61384
1.61398
1.61415
1.61419
1.61416
1.614
1.61389
1.61387
1.61387
1.61395
1.61403
1.61393
1.61393
1.61382
1.61366
1.61349
1.6133
1.61309
1.61291
1.61269
1.61267
1.61259
1.61251
1.61222
1.61201
1.61219
1.61269
1.6133
1.6135
1.61392
1.61422
1.61474
1.61482
1.61507
1.61529
1.6156
1.6156
1.61582
1.6161
1.61646
1.61689
1.61725
1.61752
1.61759
1.61748
1.61706
1.61657
1.61594
1.61528
1.61476
1.61445
1.61419
1.61413
1.61407
1.61408
1.61429
1.61434
1.61424
1.61412
1.61416
1.61449
1.61437
1.61455
1.6146
1.61434
1.6142
1.61421
1.61423
1.61421
1.61382
1.61327
1.61279
1.61244
1.61198
1.61145
1.61117
1.61102
1.6108
1.6104
1.61002
1.60975
1.60941
1.60931
1.60923
1.60933
1.60949
1.60927
1.60946
1.6097
1.60972
1.60954
1.60935
1.60888
1.60841
1.60796
1.60735
1.60689
1.60668
1.60642
1.60639
1.60644
1.6062
1.60592
1.60568
1.60543
1.60508
1.60498
1.605
1.60489
1.60489
1.6049
1.60479
1.60455
1.60453
1.60441
1.60447
1.60455
1.60499
1.60525
1.60541
1.60543
1.60507
1.60448
1.60374
1.60326
1.60298
1.60306
1.603
1.6028
1.60267
1.60265
1.6027
1.60306
1.60338
1.60356
1.60355
1.60354
1.60366
1.60374
1.60385
1.60394
1.60424
1.60451
1.60469
1.60491
1.60514
1.60534
1.60557
1.60571
1.60594
1.60593
1.60599
1.60631
1.60642
1.60658
1.60638
1.60603
1.60569
1.60543
1.60507
1.60485
1.60478
1.60464
1.60482
1.6051
1.60506
1.60486
1.60513
1.6053
1.60555
1.60581
1.60614
1.60647
1.60668
1.60658
1.6066
1.60637
1.60648
1.60684
1.60699
1.60737
1.60784
1.60841
1.60879
1.60888
1.60876
1.60899
1.60925
1.60954
1.61021
1.61086
1.6113
1.61156
1.61174
1.61152
1.61121
1.61081
1.61067
1.61021
1.61017
1.61018
1.61056
1.6109
1.61131
1.61145
1.61155
1.61181
1.61241
1.61302
1.61378
1.61417
1.61461
1.61473
1.61483
1.61532
1.61555
1.61557
1.61586
1.61623
1.61666
1.61691
1.61711
1.61749
1.618
1.61877
1.61934
1.61987
1.61998
1.61998
1.61988
1.61979
1.62
1.62023
1.62059
1.62102
1.62132
1.62144
1.62144
1.62139
1.62143
1.62162
1.62196
1.62226
1.62267
1.62288
1.62294
1.6229
1.62313
1.62332
1.6234
1.62348
1.6235
1.62359
1.62348
1.62352
1.62342
1.62352
1.62371
1.62409
1.62441
1.62468
1.6253
1.62634
1.62708
1.62783
1.6285
1.62912
1.62976
1.63049
1.63109
1.63163
1.6317
1.63169
1.63192
1.6321
1.63235
1.63276
1.63326
1.63351
1.63376
1.63385
1.63363
1.63335
1.63284
1.63247
1.63208
1.63206
1.63212
1.63239
1.63269
1.63296
1.63313
1.6332
1.63345
1.63353
1.63325
1.63297
1.63282
1.63263
1.63251
1.63238
1.63225
1.6322
1.63219
1.63232
1.63224
1.63214
1.6321
1.63206
1.63227
1.63255
1.63287
1.63314
1.6333
1.63346
1.63372
1.63421
1.63474
1.63501
1.63515
1.63527
1.63546
1.6357
1.63582
1.63598
1.6362
1.63651
1.63661
1.63668
1.63675
1.63661
1.63634
1.63636
1.63637
1.6363
1.63621
1.63632
1.63642
1.63639
1.63612
1.6357
1.63553
1.6355
1.63553
1.63555
1.63556
1.63569
1.6358
1.63583
1.63605
1.63616
1.63629
1.63641
1.63638
1.63665
1.63689
1.63703
1.63727
1.6377
1.63813
1.63863
1.63923
1.63967
1.64003
1.64025
1.64032
1.6403
1.64032
1.64021
1.63995
1.6399
1.63984
1.63999
1.6401
1.64031
1.64023
1.64009
1.63994
1.63975
1.63958
1.63945
1.63946
1.63933
1.63926
1.63924
1.63921
1.63888
1.63867
1.6384
1.63832
1.63851
1.63846
1.6385
1.63863
1.63871
1.6389
1.63901
1.63923
1.63937
1.63949
1.63966
1.63987
1.64003
1.63998
1.63991
1.63973
1.63946
1.63949
1.63958
1.63966
1.63977
1.63991
1.64029
1.64047
1.64067
1.64088
1.64128
1.64158
1.64171
1.64206
1.6425
1.64276
1.6432
1.64349
1.64379
1.64432
1.64478
1.64518
1.64542
1.64558
1.64601
1.64612
1.64612
1.6461
1.64591
1.64547
1.64499
1.64467
1.64444
1.64445
1.64444
1.64438
1.64453
1.64466
1.64486
1.64481
1.64473
1.64481
1.64492
1.64501
1.64506
1.64512
1.64535
1.64576
1.64621
1.64648
1.64643
1.64681
1.64714
1.6474
1.6477
1.64793
1.64842
1.64885
1.64924
1.64923
1.64936
1.6493
1.64935
1.64933
1.64967
1.64975
1.65
1.6504
1.65109
1.65185
1.65249
1.65289
1.65313
1.65327
1.65335
1.65366
1.65389
1.65424
1.65443
1.6546
1.65462
1.65479
1.65495
1.65531
1.65574
1.65628
1.65673
1.65688
1.65709
1.65742
1.65796
1.65842
1.65893
1.65946
1.6598
1.66035
1.66073
1.6611
1.66143
1.66184
1.662
1.66248
1.66288
1.66324
1.66356
1.66395
1.66429
1.66464
1.6649
1.66516
1.66541
1.66573
1.66594
1.6665
1.66683
1.66724
1.66766
1.6679
1.66811
1.66844
1.66855
1.66879
1.66908
1.66929
1.66948
1.66963
1.66994
1.67032
1.67055
1.67051
1.67046
1.6706
1.67075
1.67065
1.67057
1.67069
1.67098
1.67133
1.6715
1.67165
1.67186
1.67212
1.67224
1.67206
1.67182
1.67168
1.67185
1.67193
1.67194
1.67168
1.67125
1.67103
1.67098
1.67069
1.67031
1.66998
1.66966
1.66955
1.66976
1.67
1.67027
1.67045
1.67082
1.67105
1.67144
1.67172
1.67176
1.67162
1.67128
1.67078
1.6703
1.67012
1.67007
1.67018
1.6704
1.6706
1.67066
1.67062
1.67042
1.67012
1.66952
1.66893
1.66825
1.66786
1.66747
1.66714
1.66669
1.66615
1.66582
1.66572
1.66556
1.66532
1.66492
1.66486
1.66486
1.66468
1.66454
1.66436
1.664
1.66346
1.66279
1.66235
1.66168
1.66135
1.6612
1.66097
1.661
1.66096
1.66102
1.66107
1.66117
1.66119
1.66103
1.66085
1.66065
1.66019
1.65968
1.6592
1.65906
1.65949
1.65998
1.66047
1.66088
1.66109
1.66103
1.6611
1.66111
1.66108
1.66141
1.66153
1.66173
1.66204
1.6625
1.66301
1.66322
1.66356
1.6638
1.66371
1.66352
1.66346
1.6635
1.66338
1.66318
1.66304
1.66314
1.66291
1.66269
1.66251
1.66225
1.66223
1.66249
1.66258
1.66234
1.66231
1.66242
1.66245
1.66257
1.66277
1.66304
1.66325
1.6635
1.6636
1.66366
1.66361
1.6637
1.66381
1.66377
1.6638
1.66393
1.66413
1.66437
1.66461
1.66498
1.66548
1.66589
1.6661
1.66632
1.66651
1.66652
1.66658
1.66641
1.66631
1.66614
1.66639
1.66663
1.66682
1.66718
1.66757
1.66799
1.66862
1.66914
1.66966
1.67006
1.67042
1.67081
1.67114
1.67159
1.67209
1.67247
1.6728
1.67321
1.67369
1.67403
1.67429
1.67462
1.67501
1.6754
1.67572
1.67607
1.67642
1.67666
1.67696
1.67719
1.6774
1.67761
1.67774
1.67804
1.67819
1.67817
1.67822
1.67844
1.67868
1.67898
1.6796
1.68028
1.68067
1.68114
1.68167
1.6821
1.68259
1.68305
1.68346
1.68377
1.68384
1.68397
1.684
1.6841
1.68407
1.68409
1.68417
1.68451
1.68464
1.68452
1.68429
1.68427
1.68404
1.68378
1.68351
1.68326
1.68325
1.68335
1.68353
1.68368
1.6838
1.68411
1.68421
1.68438
1.68465
1.68502
1.68497
1.68507
1.68493
1.68478
1.68467
1.68463
1.68448
1.68419
1.68396
1.68375
1.68365
1.68355
1.68339
1.68318
1.68291
1.68266
1.68242
1.68218
1.68205
1.68212
1.6824
1.68295
1.68368
1.68456
1.68543
1.68604
1.68649
1.68675
1.68679
1.68701
1.68726
1.68776
1.68823
1.68857
1.68885
1.68912
1.68924
1.68934
1.68923
1.68899
1.68879
1.68853
1.68859
1.68883
1.68897
1.68903
1.6891
1.68902
1.68908
1.68888
1.6888
1.68893
1.68908
1.68922
1.68915
1.68922
1.6892
1.68904
1.6888
1.68847
1.68825
1.6881
1.68794
1.68806
1.6881
1.68788
1.68779
1.68767
1.68742
1.68713
1.68684
1.68663
1.68636
1.6862
1.68613
1.68634
1.68662
1.68668
1.68676
1.68709
1.68749
1.68793
1.68852
1.68851
1.6883
1.68785
1.68698
1.686
1.68536
1.68498
1.68479
1.68463
1.6845
1.68427
1.68398
1.68356
1.6832
1.68287
1.68271
1.6827
1.68275
1.68296
1.68327
1.68365
1.68394
1.68387
1.68378
1.68376
1.68357
1.68371
1.68377
1.68371
1.6835
1.68313
1.68298
1.68266
1.68225
1.68183
1.68145
1.68116
1.68103
1.68107
1.68121
1.68133
1.68157
1.68161
1.68151
1.68158
1.68176
1.6819
1.68206
1.68212
1.68248
1.6829
1.68314
1.68314
1.68325
1.68354
1.68403
1.68451
1.68519
1.68528
1.68519
1.685
1.68468
1.68418
1.68356
1.68297
1.6824
1.68194
1.68172
1.6816
1.68172
1.6817
1.68166
1.68164
1.68169
1.68211
1.68227
1.68244
1.68284
1.68313
1.68299
1.68282
1.6826
1.68211
1.68179
1.68139
1.68075
1.68027
1.67975
1.67944
1.67919
1.67883
1.67858
1.67856
1.6784
1.6783
1.6783
1.67834
1.67857
1.67885
1.6791
1.67948
1.67979
1.6799
1.67997
1.68019
1.6806
1.68047
1.68076
1.68112
1.68164
1.68189
1.68226
1.6827
1.68288
1.68292
1.68297
1.68305
1.68311
1.68292
1.68271
1.68269
1.68257
1.68242
1.68252
1.68264
1.68267
1.6828
1.6831
1.6834
1.68361
1.68388
1.68391
1.68407
1.68409
1.68426
1.68443
1.68434
1.68413
1.68407
1.68412
1.68415
1.68422
1.68431
1.68438
1.68447
1.68463
1.68471
1.68505
1.68525
1.68541
1.6853
1.68537
1.68552
1.68576
1.68577
1.68547
1.68551
1.68589
1.68592
1.68551
1.68515
1.6847
1.68423
1.68376
1.68337
1.68292
1.68256
1.68243
1.68245
1.68258
1.68283
1.68309
1.68337
1.68379
1.68422
1.68463
1.6852
1.68576
1.68651
1.68699
1.68749
1.68783
1.68804
1.6881
1.68803
1.68807
1.68829
1.68844
1.6885
1.68856
1.68867
1.68906
1.68918
1.68925
1.68923
1.68907
1.68874
1.68817
1.68728
1.68666
1.68597
1.68534
1.68484
1.68425
1.68355
1.6835
1.68317
1.68294
1.68274
1.68263
1.68241
1.68205
1.68168
1.68133
1.68132
1.68112
1.68113
1.68079
1.68045
1.68015
1.68006
1.67987
1.67966
1.67963
1.67962
1.67959
1.6796
1.6795
1.67902
1.67869
1.67873
1.67854
1.67837
1.67807
1.67776
1.67801
1.67801
1.67774
1.67737
1.67678
1.67624
1.67591
1.67524
1.67453
1.67376
1.67336
1.67299
1.6727
1.67242
1.67221
1.67207
1.67173
1.67153
1.67118
1.67085
1.67063
1.67056
1.67078
1.67104
1.67109
1.67139
1.67172
1.67211
1.67248
1.67248
1.6725
1.67269
1.67295
1.67348
1.67412
1.67485
1.67558
1.67621
1.67666
1.67674
1.67692
1.67726
1.67767
1.67776
1.67807
1.67849
1.67878
1.67927
1.6798
1.67992
1.68023
1.68055
1.68065
1.68067
1.68049
1.68041
1.68052
1.68078
1.68125
1.6817
1.68202
1.68249
1.68272
1.68277
1.68268
1.6828
1.6827
1.68246
1.68227
1.68209
1.68174
1.68118
1.68063
1.68009
1.67974
1.67931
1.67893
1.67882
1.67847
1.67839
1.67854
1.67868
1.67866
1.6788
1.67905
1.67936
1.67914
1.67929
1.67935
1.67946
1.67955
1.68
1.68028
1.68077
1.68159
1.68221
1.68249
1.68244
1.68224
1.68205
1.6822
1.68256
1.6833
1.68398
1.68463
1.68523
1.68575
1.68587
1.68598
1.68615
1.68635
1.68657
1.68672
1.6869
1.68714
1.68704
1.68686
1.68679
1.68673
1.68641
1.68637
1.68674
1.6873
1.68772
1.6878
1.6881
1.68853
1.689
1.68927
1.68947
1.68978
1.69008
1.69043
1.6907
1.69106
1.69127
1.69141
1.69179
1.69241
1.69309
1.69372
1.69433
1.69471
1.69474
1.69467
1.69464
1.69458
1.69471
1.69495
1.69508
1.69483
1.69445
1.69414
1.69413
1.69442
1.69492
1.69554
1.69616
1.69679
1.69733
1.69783
1.69839
1.69883
1.6992
1.69957
1.69997
1.70037
1.70053
1.7009
1.70137
1.70167
1.70169
1.70182
1.70199
1.7021
1.70226
1.70252
1.70286
1.703
1.7031
1.70339
1.70351
1.70383
1.70398
1.70446
1.70496
1.70535
1.70632
1.70722
1.70787
1.70854
1.70898
1.70933
1.70955
1.70992
1.71031
1.71045
1.7106
1.71084
1.71112
1.71138
1.71184
1.71257
1.7132
1.71384
1.71427
1.71456
1.7146
1.71462
1.71481
1.715
1.7152
1.71536
1.71545
1.71568
1.71587
1.7159
1.71593
1.71597
1.71601
1.71584
1.71581
1.71567
1.71556
1.71505
1.71455
1.71423
1.71423
1.71432
1.71447
1.7148
1.71488
1.71498
1.71503
1.71471
1.71456
1.71441
1.71444
1.71442
1.71446
1.7144
1.71436
1.71416
1.71414
1.7142
1.7141
1.71404
1.71388
1.71365
1.71349
1.71295
1.71208
1.71121
1.71046
1.71003
1.70955
1.70929
1.70899
1.70876
1.70862
1.70877
1.70888
1.70892
1.70887
1.70893
1.70907
1.70929
1.70938
1.70943
1.7097
1.70994
1.70999
1.71006
1.7101
1.71009
1.7099
1.70962
1.70945
1.7093
1.70908
1.70895
1.70881
1.70875
1.70904
1.70943
1.70972
1.71016
1.71047
1.71084
1.71107
1.71132
1.71147
1.71185
1.71203
1.7125
1.71276
1.71314
1.71339
1.71363
1.7137
1.7139
1.71397
1.71415
1.71423
1.71435
1.71439
1.71426
1.71405
1.71372
1.71341
1.71319
1.713
1.71272
1.71227
1.71199
1.71196
1.71203
1.71204
1.71206
1.71229
1.71253
1.71262
1.71262
1.71254
1.7126
1.71294
1.71324
1.7135
1.71372
1.71402
1.71426
1.71449
1.71444
1.71441
1.71426
1.7141
1.71422
1.71469
1.71509
1.71551
1.71615
1.71665
1.71706
1.71734
1.71752
1.71759
1.71751
1.71741
1.71743
1.7175
1.71748
1.71772
1.71788
1.71813
1.71832
1.71869
1.71911
1.7195
1.71991
1.72005
1.72042
1.7206
1.72075
1.72089
1.72091
1.72083
1.72071
1.72053
1.72031
1.72011
1.71989
1.71954
1.71941
1.71934
1.71943
1.71977
1.71991
1.72007
1.72045
1.72088
1.72131
1.72179
1.72201
1.72195
1.72211
1.72231
1.72236
1.72267
1.72286
1.72344
1.72373
1.72398
1.72403
1.72425
1.72449
1.72472
1.72472
1.72497
1.72493
1.7248
1.72492
1.72488
1.72492
1.72476
1.72476
1.72456
1.7246
1.72484
1.72495
1.72502
1.7251
1.72529
1.72578
1.72627
1.72699
1.72733
1.72771
1.72801
1.72826
1.72849
1.72851
1.72848
1.72879
1.72893
1.7294
1.72972
1.73016
1.73057
1.73086
1.73112
1.7314
1.73147
1.73154
1.73177
1.73186
1.73204
1.73203
1.73175
1.73124
1.7308
1.73033
1.72994
1.72949
1.72932
1.72937
1.72946
1.72974
1.72986
1.73005
1.73025
1.73053
1.73085
1.7314
1.73168
1.73198
1.73198
1.73213
1.73194
1.73174
1.73159
1.73162
1.73124
1.73079
1.73065
1.73048
1.73049
1.73062
1.73095
1.7314
1.73169
1.73145
1.73117
1.73088
1.7307
1.7303
1.72997
1.72939
1.72836
1.72757
1.72712
1.72705
1.72708
1.72692
1.72693
1.72691
1.72685
1.72685
1.72687
1.72679
1.72669
1.7267
1.72674
1.72706
1.72743
1.72779
1.72817
1.72884
1.72931
1.72973
1.73004
1.73049
1.73081
1.73112
1.73147
1.73171
1.7319
1.73188
1.73194
1.73225
1.73245
1.7327
1.73297
1.73312
1.73317
1.73359
1.73399
1.73445
1.73501
1.73525
1.73522
1.73535
1.73562
1.73561
1.73566
1.73541
1.73514
1.73492
1.73455
1.73437
1.73388
1.73364
1.73342
1.73313
1.73276
1.73217
1.7317
1.7312
1.73055
1.7298
1.72912
1.72856
1.72816
1.72795
1.72788
1.72798
1.72813
1.72805
1.72823
1.72852
1.72892
1.72925
1.7295
1.72942
1.72935
1.72921
1.72905
1.72902
1.72905
1.72914
1.72941
1.72964
1.72982
1.73018
1.73061
1.73103
1.73134
1.73181
1.73187
1.73208
1.73235
1.73253
1.73275
1.73316
1.73355
1.73373
1.73375
1.73365
1.7335
1.73336
1.73301
1.73292
1.7329
1.7329
1.73324
1.73347
1.73368
1.734
1.73421
1.73439
1.7343
1.73424
1.73404
1.7339
1.73353
1.73335
1.73314
1.73292
1.73279
1.73264
1.73257
1.73281
1.73319
1.73343
1.73365
1.73377
1.73351
1.73304
1.73255
1.73215
1.73178
1.73145
1.73123
1.7311
1.73131
1.73141
1.73136
1.73123
1.73101
1.7307
1.73021
1.72992
1.72971
1.7294
1.72929
1.72914
1.72876
1.72839
1.72788
1.7274
1.72702
1.72659
1.72624
1.72604
1.72551
1.72476
1.7241
1.72325
1.72253
1.722
1.72172
1.72142
1.72115
1.72097
1.72078
1.72061
1.7202
1.71988
1.71932
1.71879
1.71844
1.71793
1.71749
1.71715
1.71704
1.71706
1.71694
1.71704
1.717
1.71688
1.71659
1.71635
1.71608
1.71639
1.71676
1.71718
1.71747
1.71769
1.71784
1.71767
1.7177
1.71769
1.71752
1.71732
1.71705
1.71682
1.7164
1.7159
1.71532
1.71484
1.71437
1.71409
1.71383
1.71355
1.71345
1.71333
1.71314
1.7127
1.71225
1.71163
1.71099
1.71085
1.71106
1.71155
1.71171
1.712
1.71238
1.71262
1.71279
1.713
1.71285
1.71241
1.71154
1.71042
1.70934
1.70905
1.70924
1.70954
1.70971
1.71008
1.71043
1.71091
1.71104
1.71133
1.71155
1.71171
1.71177
1.71181
1.71206
1.71223
1.71249
1.71279
1.71319
1.71379
1.71432
1.71464
1.71484
1.7147
1.71451
1.71435
1.71413
1.71379
1.71377
1.71373
1.71386
1.71406
1.71411
1.71436
1.71464
1.71485
1.71478
1.71475
1.71448
1.71428
1.71402
1.7138
1.71383
1.71387
1.71378
1.7138
1.71366
1.7137
1.71359
1.71342
1.71315
1.71281
1.71234
1.71246
1.71252
1.71254
1.71227
1.71183
1.71138
1.71101
1.7108
1.7109
1.71089
1.71091
1.71077
1.71056
1.71026
1.70999
1.70978
1.70946
1.70914
1.70876
1.70846
1.70831
1.70808
1.70776
1.7075
1.70727
1.70682
1.70629
1.70579
1.70538
1.70519
1.70497
1.70451
1.70422
1.70424
1.7043
1.70421
1.70417
1.70445
1.70486
1.70493
1.70496
1.70511
1.70522
1.70536
1.70563
1.70561
1.70575
1.70592
1.70578
1.70581
1.70564
1.70534
1.7054
1.70541
1.70553
1.70555
1.70551
1.70536
1.70549
1.70535
1.70526
1.70522
1.70498
1.70461
1.70462
1.70464
1.70455
1.70438
1.70454
1.70421
1.70385
1.70323
1.70264
1.70171
1.70079
1.69994
1.69939
1.6993
1.69954
1.69973
1.69976
1.69956
1.69953
1.69923
1.69919
1.69914
1.69909
1.69886
1.69881
1.69884
1.69852
1.69794
1.69703
1.69592
1.69497
1.69431
1.69356
1.69286
1.69245
1.69202
1.69183
1.69172
1.69137
1.691
1.69078
1.69069
1.69066
1.69056
1.69036
1.69028
1.69023
1.69017
1.68989
1.68952
1.68904
1.68853
1.68812
1.68768
1.68731
1.68683
1.68669
1.6866
1.68642
1.6863
1.68631
1.68611
1.68605
1.68593
1.68584
1.68578
1.68541
1.68503
1.68493
1.68494
1.68502
1.68511
1.68514
1.68505
1.68507
1.68515
1.68512
1.68506
1.68494
1.68481
1.68472
1.68456
1.68417
1.6839
1.68379
1.68383
1.6838
1.68374
1.68375
1.68379
1.68379
1.68391
1.68386
1.68358
1.68334
1.68306
1.68277
1.6824
1.68194
1.68167
1.68135
1.68109
1.681
1.68091
1.68088
1.68087
1.6809
1.68097
1.68096
1.68091
1.68096
1.681
1.68076
1.68051
1.68047
1.68029
1.67996
1.67976
1.67975
1.67968
1.67974
1.67957
1.67948
1.67919
1.67881
1.67838
1.67785
1.67712
1.67649
1.67569
1.67479
1.67408
1.67352
1.67281
1.67216
1.67179
1.67146
1.67121
1.67084
1.67036
1.66994
1.66948
1.66901
1.66853
1.66806
1.66757
1.66724
1.66694
1.6666
1.66631
1.66608
1.66606
1.66595
1.66578
1.66576
1.66577
1.66577
1.66588
1.66574
1.66555
1.66526
1.66512
1.66499
1.66496
1.66485
1.6646
1.66426
1.66421
1.66443
1.66472
1.6647
1.66475
1.66528
1.66581
1.66639
1.66717
1.66785
1.66846
1.66899
1.6696
1.66998
1.67035
1.67095
1.67158
1.67187
1.67193
1.67185
1.67154
1.67104
1.67056
1.67043
1.67052
1.67095
1.67153
1.67176
1.67176
1.67168
1.67184
1.67199
1.67193
1.67206
1.67222
1.67246
1.6727
1.67305
1.67346
1.67371
1.67387
1.67388
1.67387
1.67389
1.67428
1.67483
1.67549
1.67607
1.67675
1.67735
1.67806
1.67849
1.67884
1.67911
1.67953
1.6802
1.68093
1.68131
1.68147
1.68149
1.68148
1.68151
1.68184
1.6821
1.6823
1.68246
1.68259
1.68274
1.68301
1.6831
1.68324
1.68351
1.68373
1.68402
1.68443
1.68481
1.68532
1.68601
1.68645
1.68685
1.68721
1.68753
1.68768
1.688
1.68843
1.68887
1.68929
1.69011
1.69104
1.69183
1.69232
1.69283
1.69285
1.69291
1.69316
1.69335
1.69376
1.69426
1.69478
1.69524
1.69594
1.69651
1.69645
1.69524
1.69384
1.69289
1.69277
1.69324
1.69344
1.69373
1.694
1.69434
1.6951
1.69566
1.69636
1.69688
1.69725
1.69768
1.69785
1.69803
1.69813
1.69816
1.69853
1.69885
1.6991
1.69916
1.6992
1.69874
1.69797
1.69737
1.69704
1.69678
1.69654
1.69611
1.69608
1.69631
1.69641
1.69659
1.69658
1.69662
1.69692
1.69716
1.69761
1.69773
1.69787
1.69816
1.69834
1.69866
1.69899
1.69891
1.69877
1.69827
1.69782
1.69742
1.69732
1.69714
1.69734
1.69763
1.69779
1.69816
1.69826
1.69829
1.69824
1.69799
1.69769
1.69702
1.69675
1.69642
1.696
1.69559
1.69556
1.69573
1.69601
1.69638
1.69678
1.69718
1.69703
1.69671
1.69667
1.6967
1.69674
1.69698
1.69719
1.69746
1.69747
1.69746
1.69752
1.69746
1.69751
1.69733
1.69695
1.69668
1.6962
1.696
1.69576
1.6955
1.69526
1.69532
1.69553
1.69543
1.69517
1.6951
1.69508
1.6954
1.69578
1.6964
1.69692
1.69784
1.69857
1.69921
1.69953
1.69958
1.69976
1.69972
1.69982
1.6999
1.69991
1.70013
1.70064
1.70099
1.70123
1.70143
1.70177
1.70222
1.70277
1.70316
1.70329
1.70308
1.70286
1.70286
1.70245
1.70214
1.70191
1.70176
1.70156
1.7014
1.70133
1.70107
1.70073
1.7003
1.69966
1.69916
1.6987
1.69834
1.69813
1.69831
1.69865
1.69894
1.69933
1.69979
1.70031
1.70092
1.70162
1.70211
1.70257
1.70299
1.70323
1.70358
1.70377
1.70399
1.70425
1.70458
1.70508
1.70568
1.70629
1.70685
1.7074
1.70779
1.70806
1.70826
1.7083
1.70856
1.70885
1.70923
1.70977
1.71019
1.71064
1.71088
1.71128
1.7117
1.71201
1.71243
1.71266
1.71277
1.71283
1.71281
1.71295
1.71317
1.71338
1.71301
1.71308
1.71316
1.71301
1.71269
1.71249
1.7123
1.712
1.71166
1.71113
1.71057
1.70994
1.70962
1.7092
1.70905
1.70878
1.70834
1.70792
1.70748
1.70698
1.70666
1.70646
1.70623
1.7062
1.70638
1.70659
1.70676
1.70708
1.70749
1.70753
1.70758
1.70765
1.7077
1.70757
1.70709
1.70667
1.7062
1.70567
1.70526
1.7049
1.70516
1.70554
1.70601
1.70673
1.7074
1.70797
1.70849
1.70907
1.70961
1.71018
1.7107
1.71099
1.71131
1.71165
1.71194
1.71218
1.71236
1.71267
1.71276
1.71276
1.71286
1.7129
1.71301
1.71309
1.71327
1.71317
1.71312
1.71316
1.71304
1.71313
1.71291
1.7129
1.71292
1.71323
1.71351
1.7138
1.7141
1.71449
1.71484
1.71501
1.71509
1.71504
1.71526
1.71537
1.71558
1.71544
1.71554
1.71578
1.7162
1.71656
1.71692
1.71716
1.71726
1.71723
1.71727
1.71759
1.71773
1.71772
1.7179
1.71791
1.71785
1.71795
1.71794
1.71784
1.71774
1.71766
1.71739
1.71739
1.71756
1.71784
1.71816
1.71845
1.71852
1.71865
1.71862
1.71851
1.71834
1.71779
1.71736
1.71687
1.71645
1.71635
1.71637
1.71623
1.71618
1.71618
1.71635
1.71662
1.71658
1.71679
1.71692
1.71693
1.71712
1.71703
1.7169
1.71712
1.71728
1.71766
1.7179
1.71819
1.71859
1.71913
1.71962
1.72024
1.72073
1.72103
1.72153
1.72201
1.72248
1.72299
1.7234
1.72385
1.72431
1.72479
1.72532
1.72569
1.72618
1.72667
1.72745
1.72792
1.72834
1.72846
1.7287
1.72925
1.72957
1.72986
1.73052
1.73115
1.73182
1.73255
1.73327
1.73377
1.73399
1.73408
1.73402
1.73406
1.73394
1.73391
1.73395
1.734
1.73431
1.73469
1.7353
1.73568
1.73597
1.73595
1.7359
1.7358
1.73578
1.73567
1.73584
1.73609
1.73637
1.73676
1.73728
1.73739
1.73726
1.73682
1.73606
1.73531
1.73501
1.73522
1.73546
1.73548
1.73565
1.73592
1.73604
1.73628
1.73643
1.73691
1.73723
1.73764
1.73774
1.73793
1.73815
1.73841
1.73847
1.73849
1.73844
1.73839
1.73827
1.73829
1.73797
1.73773
1.73784
1.73805
1.73857
1.73914
1.73961
1.73988
1.74013
1.74003
1.73985
1.7399
1.7399
1.73969
1.73939
1.73922
1.73939
1.73956
1.73987
1.74036
1.74076
1.74116
1.74128
1.7412
1.74096
1.74056
1.74039
1.74018
1.73981
1.73954
1.73925
1.73914
1.73904
1.73895
1.73862
1.73855
1.73884
1.73912
1.73955
1.73974
1.74001
1.74027
1.74063
1.74119
1.74201
1.74265
1.74311
1.74357
1.74406
1.74466
1.7452
1.74542
1.74568
1.74612
1.74621
1.74645
1.74664
1.74685
1.74714
1.74761
1.74806
1.74845
1.74874
1.74902
1.74939
1.74977
1.74969
1.74975
1.74995
1.74996
1.74993
1.74991
1.75009
1.75038
1.75099
1.7513
1.75151
1.75163
1.75174
1.75204
1.75195
1.75185
1.75173
1.75133
1.75094
1.75082
1.75053
1.75025
1.74982
1.74957
1.7494
1.74898
1.74848
1.74809
1.74753
1.74703
1.74652
1.74634
1.74611
1.74596
1.7456
1.74543
1.74495
1.74477
1.74483
1.74497
1.74503
1.7447
1.74464
1.74462
1.74461
1.74475
1.74498
1.74529
1.7456
1.74572
1.74584
1.74647
1.74708
1.74792
1.74887
1.74941
1.7498
1.75008
1.75035
1.75023
1.74987
1.74964
1.74956
1.74976
1.75017
1.75049
1.75104
1.75156
1.75192
1.7521
1.75239
1.75251
1.75238
1.75238
1.75243
1.75267
1.75252
1.75251
1.75253
1.75266
1.75213
1.75167
1.75143
1.75131
1.75122
1.75137
1.7515
1.75149
1.75142
1.75126
1.75109
1.75115
1.75125
1.7515
1.75158
1.75158
1.75135
1.75114
1.75082
1.7505
1.75031
1.75011
1.74985
1.74966
1.74963
1.74962
1.74966
1.74948
1.74964
1.74982
1.75005
1.7505
1.75096
1.75146
1.75196
1.75241
1.75297
1.75324
1.75327
1.75322
1.7532
1.75328
1.75359
1.75381
1.75382
1.75397
1.75417
1.75415
1.75432
1.75448
1.75479
1.7553
1.75562
1.75586
1.75619
1.75673
1.75713
1.75742
1.75751
1.75716
1.75664
1.75602
1.75544
1.7551
1.75498
1.75527
1.75571
1.75603
1.75627
1.75644
1.75665
1.75679
1.75686
1.75698
1.75683
1.75694
1.75714
1.75732
1.75723
1.75728
1.75735
1.75748
1.75764
1.75764
1.75764
1.75757
1.75737
1.75718
1.75703
1.75679
1.75678
1.75682
1.75681
1.75665
1.75676
1.75718
1.75777
1.75849
1.75904
1.75939
1.75969
1.75999
1.76033
1.76084
1.76113
1.76126
1.76148
1.76159
1.76148
1.76143
1.76134
1.76118
1.76108
1.7612
1.76136
1.76134
1.7612
1.76112
1.76099
1.76089
1.76076
1.76061
1.76038
1.76015
1.75993
1.75963
1.75936
1.75936
1.75951
1.75969
1.75972
1.75962
1.75933
1.75909
1.75899
1.75892
1.7587
1.75868
1.75876
1.75873
1.75862
1.75855
1.75842
1.75841
1.7584
1.7584
1.75831
1.75828
1.75817
1.75799
1.75786
1.75753
1.75713
1.75665
1.75593
1.75514
1.75452
1.75424
1.75403
1.75386
1.75377
1.75391
1.75394
1.75401
1.75397
1.75375
1.75344
1.75321
1.75295
1.75278
1.75256
1.75231
1.75195
1.75167
1.7516
1.75157
1.75142
1.75127
1.7512
1.75107
1.75112
1.75129
1.75136
1.75149
1.75156
1.7516
1.7518
1.75196
1.75208
1.75235
1.75269
1.75297
1.75313
1.7531
1.75299
1.75274
1.75268
1.75279
1.75303
1.75333
1.75366
1.75399
1.75435
1.75466
1.75478
1.75494
1.75503
1.75509
1.75502
1.75469
1.75462
1.75454
1.75457
1.75476
1.75505
1.7554
1.75569
1.75572
1.75577
1.75595
1.7562
1.75642
1.75656
1.75656
1.75672
1.75672
1.75698
1.75719
1.75723
1.75739
1.75741
1.75735
1.75716
1.75691
1.75657
1.75614
1.75579
1.75529
1.75498
1.75463
1.75418
1.75381
1.75364
1.75335
1.75343
1.75349
1.75369
1.75368
1.75364
1.75368
1.75371
1.75375
1.7538
1.75371
1.75351
1.75342
1.7531
1.75267
1.75245
1.75238
1.75221
1.75224
1.75244
1.75254
1.75259
1.7524
1.75198
1.75168
1.75148
1.75155
1.75183
1.75201
1.75204
1.75212
1.75213
1.75208
1.75207
1.75188
1.75165
1.75165
1.75148
1.75134
1.75119
1.75091
1.75077
1.75067
1.75052
1.75048
1.75045
1.75045
1.75041
1.75036
1.75036
1.75035
1.75034
1.75021
1.75017
1.75018
1.75011
1.74997
1.74988
1.7499
1.75021
1.75068
1.75109
1.75152
1.75214
1.7527
1.75311
1.75337
1.75362
1.75383
1.75397
1.7541
1.75402
1.7538
1.75342
1.75315
1.75282
1.75259
1.75252
1.75262
1.75283
1.75301
1.7532
1.75345
1.75368
1.75366
1.75349
1.75317
1.75281
1.75247
1.75196
1.75143
1.751
1.75066
1.75054
1.75029
1.75024
1.75033
1.75034
1.75046
1.75051
1.75074
1.75089
1.751
1.75108
1.75143
1.75198
1.75242
1.75282
1.75325
1.75381
1.75425
1.75444
1.75476
1.75494
1.75537
1.7557
1.75601
1.75642
1.75662
1.75667
1.75629
1.75573
1.75506
1.75461
1.7545
1.75447
1.7547
1.75476
1.75486
1.75524
1.75551
1.75634
1.75713
1.75789
1.75853
1.7592
1.7601
1.76097
1.7618
1.76214
1.76226
1.7624
1.76252
1.76277
1.76312
1.76367
1.76415
1.76468
1.76487
1.76479
1.7648
1.76454
1.76443
1.76424
1.7644
1.76482
1.76541
1.76593
1.76639
1.76667
1.76702
1.76754
1.76807
1.76878
1.76954
1.77027
1.77109
1.77162
1.77213
1.77276
1.77327
1.77355
1.77394
1.77457
1.77523
1.7758
1.77627
1.77666
1.77699
1.77722
1.77758
1.77778
1.778
1.77812
1.77812
1.7779
1.77773
1.77765
1.77765
1.7773
1.77735
1.77738
1.77748
1.77782
1.77822
1.77866
1.77893
1.77912
1.7792
1.77946
1.77976
1.78008
1.78035
1.78064
1.78094
1.78105
1.78101
1.78104
1.78107
1.7812
1.7813
1.78158
1.78198
1.7824
1.7827
1.78287
1.78331
1.78351
1.78393
1.78408
1.7844
1.78465
1.78494
1.78498
1.78525
1.78548
1.78565
1.78586
1.78591
1.78582
1.78582
1.78596
1.78594
1.78588
1.78586
1.78609
1.78628
1.78649
1.78668
1.78659
1.7866
1.78636
1.78618
1.78617
1.78634
1.78655
1.78687
1.78717
1.78755
1.78789
1.78823
1.78873
1.78892
1.78907
1.78918
1.7892
1.78927
1.78954
1.78964
1.78967
1.78965
1.78975
1.78987
1.78978
1.78967
1.78984
1.78996
1.79033
1.79041
1.7904
1.79041
1.79064
1.79075
1.79087
1.79077
1.79062
1.79046
1.79012
1.78969
1.78917
1.78858
1.78799
1.78745
1.78726
1.78704
1.7868
1.7865
1.78621
1.78577
1.78524
1.78481
1.78469
1.78452
1.78437
1.78438
1.78439
1.78424
1.78455
1.78507
1.78554
1.78593
1.78617
1.78647
1.78685
1.78713
1.78729
1.78768
1.78779
1.78787
1.78802
1.78829
1.78857
1.78887
1.78924
1.7897
1.78974
1.78958
1.78939
1.78918
1.78912
1.7893
1.78948
1.78979
1.79021
1.79056
1.79079
1.79107
1.79134
1.79149
1.79141
1.7916
1.79181
1.79226
1.79244
1.7931
1.79401
1.79465
1.79511
1.79555
1.79601
1.79634
1.79661
1.79681
1.79703
1.79727
1.79759
1.79772
1.79793
1.79807
1.79847
1.79899
1.79937
1.79955
1.79957
1.79937
1.79923
1.79939
1.79921
1.79891
1.79903
1.7992
1.79943
1.79962
1.79992
1.80032
1.80062
1.80072
1.80064
1.80064
1.80045
1.80059
1.80069
1.80059
1.80065
1.80064
1.80066
1.80078
1.80061
1.80026
1.79975
1.7992
1.79866
1.79813
1.79799
1.79793
1.79788
1.79806
1.79823
1.79819
1.79839
1.79836
1.79844
1.79816
1.7981
1.79822
1.79844
1.79836
1.79823
1.79811
1.79777
1.79757
1.79742
1.7971
1.7967
1.79631
1.79598
1.79573
1.79568
1.7957
1.79562
1.79559
1.79548
1.79546
1.79545
1.79546
1.79548
1.79548
1.79573
1.79595
1.79617
1.79624
1.79639
1.79664
1.79696
1.79743
1.79777
1.79798
1.79813
1.79846
1.79873
1.79886
1.79869
1.79861
1.79864
1.79856
1.79836
1.79805
1.79768
1.79732
1.7972
1.79724
1.79739
1.79754
1.79796
1.79843
1.79891
1.79934
1.79969
1.79994
1.79991
1.79968
1.79936
1.79913
1.79902
1.79904
1.79914
1.79917
1.79905
1.79883
1.79855
1.79823
1.79786
1.79745
1.79713
1.79689
1.7966
1.79637
1.79604
1.79584
1.79554
1.79516
1.79489
1.79468
1.79426
1.79387
1.79324
1.79248
1.7919
1.79148
1.79122
1.79103
1.79101
1.79105
1.79123
1.79137
1.7915
1.79165
1.79193
1.79214
1.7922
1.7924
1.79273
1.79319
1.79357
1.79399
1.79454
1.79503
1.7953
1.79502
1.79476
1.79469
1.79485
1.79474
1.79473
1.79468
1.79481
1.79504
1.79525
1.79538
1.79493
1.79471
1.79476
1.79465
1.79468
1.79437
1.79416
1.79418
1.79376
1.79342
1.79317
1.79308
1.79315
1.79322
1.79314
1.79315
1.79327
1.79338
1.79329
1.79322
1.79285
1.7927
1.79247
1.79258
1.79286
1.79302
1.79323
1.79326
1.79319
1.79308
1.79294
1.79287
1.79276
1.79239
1.79226
1.79226
1.79264
1.79304
1.79327
1.79343
1.79347
1.7936
1.7933
1.79304
1.79274
1.7929
1.79321
1.79341
1.79345
1.79331
1.79348
1.79387
1.79442
1.79489
1.79523
1.79549
1.79575
1.79559
1.79559
1.79559
1.79547
1.79542
1.79535
1.79538
1.79527
1.79518
1.79521
1.79532
1.79546
1.7955
1.79554
1.79547
1.79546
1.79563
1.79583
1.79618
1.79644
1.79683
1.79714
1.79739
1.79768
1.79773
1.79773
1.79751
1.79713
1.79666
1.79628
1.79584
1.79524
1.79467
1.79416
1.79374
1.79357
1.79385
1.7942
1.79458
1.79483
1.79497
1.79513
1.79531
1.79536
1.79545
1.79556
1.79578
1.79604
1.79626
1.79643
1.79659
1.79675
1.79696
1.79688
1.79678
1.79684
1.79702
1.79727
1.79766
1.79818
1.79886
1.79945
1.79973
1.79976
1.79959
1.7995
1.79924
1.79873
1.79812
1.79762
1.79707
1.79656
1.7963
1.79594
1.79543
1.79457
1.794
1.7936
1.79347
1.79327
1.79286
1.79259
1.79234
1.79202
1.79166
1.79138
1.79111
1.79078
1.7906
1.79044
1.79031
1.79017
1.78998
1.78964
1.78961
1.7892
1.78869
1.78842
1.7881
1.78786
1.78793
1.78799
1.78802
1.78815
1.78829
1.7883
1.78838
1.7884
1.78845
1.7886
1.78879
1.78917
1.78935
1.78943
1.78952
1.78975
1.78984
1.78988
1.79001
1.78977
1.78959
1.78931
1.78906
1.78903
1.78908
1.78932
1.7897
1.78988
1.79006
1.79014
1.79039
1.79078
1.79123
1.79132
1.79143
1.79149
1.79153
1.79156
1.79184
1.79211
1.79229
1.79239
1.79238
1.79232
1.79217
1.79202
1.792
1.79226
1.7925
1.79285
1.79303
1.7932
1.79344
1.79369
1.79402
1.79413
1.79414
1.79418
1.79419
1.79432
1.7944
1.79445
1.79438
1.79454
1.79487
1.79474
1.79444
1.79425
1.79414
1.79405
1.79409
1.79407
1.79387
1.79359
1.79331
1.79292
1.7925
1.79218
1.79191
1.79154
1.79096
1.79029
1.78965
1.78909
1.78863
1.78814
1.78775
1.78725
1.78669
1.78618
1.78574
1.7855
1.7854
1.7855
1.78556
1.78557
1.78565
1.78573
1.78574
1.78566
1.78566
1.78584
1.78637
1.78686
1.78708
1.78699
1.78658
1.78617
1.78591
1.78561
1.78564
1.78592
1.78619
1.78642
1.78658
1.7868
1.78706
1.78727
1.7876
1.7878
1.78782
1.78792
1.78799
1.78791
1.78794
1.78786
1.78775
1.78759
1.78776
1.78819
1.78826
1.78821
1.78803
1.78804
1.78792
1.78769
1.78759
1.78731
1.78701
1.78647
1.78634
1.78623
1.78596
1.78557
1.78551
1.78544
1.78548
1.78539
1.78542
1.78531
1.78515
1.78487
1.78474
1.78439
1.78413
1.78395
1.78362
1.7832
1.78277
1.78226
1.78189
1.78171
1.78177
1.78173
1.78139
1.78078
1.78037
1.77999
1.77969
1.77931
1.77907
1.77896
1.77881
1.77883
1.77898
1.77902
1.77866
1.77823
1.77794
1.77807
1.77819
1.77832
1.77841
1.7784
1.77834
1.77834
1.77828
1.77848
1.77874
1.77911
1.77956
1.78
1.78045
1.78106
1.78179
1.78251
1.78317
1.78362
1.78408
1.78449
1.78515
1.78581
1.78637
1.7868
1.78714
1.78726
1.78755
1.78779
1.78817
1.78845
1.78865
1.78867
1.78877
1.78835
1.78815
1.78791
1.78749
1.78745
1.78735
1.78721
1.78736
1.78759
1.78809
1.78866
1.78923
1.78931
1.78954
1.78993
1.79031
1.79081
1.79132
1.79164
1.79194
1.79249
1.79306
1.79355
1.7937
1.79401
1.79461
1.79496
1.79535
1.79607
1.79672
1.79697
1.79722
1.79779
1.79768
1.79713
1.79659
1.7969
1.79735
1.79793
1.79864
1.7992
1.79971
1.80001
1.80003
1.79987
1.79964
1.79899
1.79841
1.79784
1.7974
1.79676
1.79622
1.79578
1.79576
1.79593
1.79605
1.79606
1.79573
1.79544
1.79539
1.79539
1.79533
1.79531
1.79544
1.79566
1.7957
1.79574
1.79547
1.79533
1.7954
1.79549
1.79566
1.79553
1.79539
1.79527
1.79502
1.79487
1.79481
1.79471
1.79448
1.79419
1.79398
1.79376
1.79368
1.79357
1.79353
1.79351
1.79335
1.79297
1.79243
1.79205
1.7916
1.79115
1.79074
1.79036
1.79051
1.79057
1.79077
1.79099
1.79103
1.79102
1.79084
1.79031
1.78991
1.78941
1.78923
1.78893
1.78866
1.78868
1.78867
1.78876
1.7886
1.78851
1.78822
1.78793
1.78796
1.7879
1.78782
1.78786
1.78773
1.7876
1.78741
1.7869
1.78665
1.78663
1.78642
1.7862
1.78574
1.78542
1.78515
1.78485
1.78478
1.78454
1.7842
1.78401
1.78396
1.78346
1.78346
1.78359
1.78352
1.78319
1.78281
1.78258
1.78245
1.78227
1.78245
1.78273
1.78271
1.78323
1.7836
1.78369
1.78391
1.78381
1.78356
1.78348
1.78318
1.78256
1.78241
1.78238
1.7824
1.7821
1.78187
1.78152
1.78125
1.78103
1.78091
1.78076
1.78064
1.78023
1.78018
1.7802
1.78054
1.78075
1.78071
1.7808
1.78072
1.78058
1.78017
1.77984
1.7794
1.77905
1.77851
1.77803
1.77762
1.77727
1.77701
1.7769
1.77682
1.77683
1.77695
1.77707
1.77741
1.77778
1.77823
1.77862
1.77888
1.77893
1.77902
1.77931
1.77965
1.77999
1.78041
1.78074
1.78119
1.78156
1.78172
1.78177
1.78159
1.7814
1.78124
1.78111
1.78098
1.78092
1.78075
1.78055
1.78036
1.78039
1.78031
1.7803
1.78015
1.78019
1.78025
1.7803
1.78023
1.78014
1.77998
1.7799
1.77988
1.77988
1.77992
1.78004
1.78033
1.78049
1.78044
1.78042
1.7806
1.78072
1.78077
1.78114
1.78147
1.78204
1.78278
1.7835
1.78409
1.78458
1.78504
1.78559
1.78617
1.78667
1.78716
1.78772
1.78823
1.78869
1.78894
1.78932
1.78988
1.79036
1.79059
1.79087
1.79105
1.79132
1.79163
1.79187
1.79201
1.79212
1.79231
1.79248
1.79273
1.79295
1.79326
1.79354
1.79389
1.79427
1.79433
1.79425
1.79411
1.79377
1.7933
1.79297
1.79264
1.79243
1.79229
1.79222
1.79204
1.79181
1.79156
1.79147
1.79137
1.79122
1.79135
1.79145
1.79148
1.79165
1.79168
1.79174
1.79191
1.79203
1.79211
1.79193
1.79152
1.79156
1.79183
1.79166
1.7917
1.79164
1.79177
1.79167
1.79126
1.79092
1.79076
1.79075
1.79074
1.79069
1.79072
1.7906
1.79037
1.79006
1.79015
1.78988
1.78983
1.78975
1.78976
1.79018
1.7904
1.79051
1.79038
1.79045
1.79039
1.79022
1.79009
1.78973
1.78946
1.78942
1.78941
1.78933
1.78906
1.78905
1.78923
1.78971
1.79033
1.791
1.79144
1.79196
1.7921
1.79202
1.79222
1.79218
1.79226
1.79218
1.79205
1.79218
1.7923
1.79221
1.79216
1.79205
1.79196
1.79177
1.79145
1.79118
1.79114
1.79133
1.79176
1.79233
1.79258
1.79273
1.79294
1.79317
1.79356
1.79389
1.79433
1.79478
1.79535
1.7958
1.79623
1.79664
1.79696
1.79716
1.7971
1.79688
1.79672
1.79657
1.79647
1.79679
1.79709
1.79758
1.79773
1.79782
1.79788
1.79803
1.79816
1.7983
1.79812
1.79776
1.79742
1.79706
1.79712
1.79724
1.79753
1.79779
1.79784
1.79786
1.79795
1.79783
1.79781
1.79786
1.79801
1.79832
1.79845
1.79859
1.79877
1.7988
1.79888
1.79885
1.79877
1.79869
1.7985
1.79818
1.79793
1.79784
1.7978
1.79785
1.79762
1.7975
1.79738
1.79718
1.7972
1.7972
1.79736
1.79741
1.79742
1.79758
1.79797
1.79832
1.79879
1.79894
1.79883
1.79883
1.79911
1.79955
1.79989
1.79981
1.79968
1.79961
1.7997
1.79995
1.80007
1.80024
1.80023
1.80021
1.80025
1.80018
1.79978
1.79937
1.799
1.79846
1.79767
1.79691
1.79642
1.796
1.7955
1.79504
1.79483
1.79502
1.79525
1.79552
1.79572
1.79611
1.79641
1.79654
1.79661
1.79664
1.79682
1.79693
1.79745
1.79776
1.79819
1.79833
1.79851
1.79868
1.79884
1.79912
1.79926
1.7993
1.79918
1.7991
1.79888
1.79849
1.79839
1.79845
1.7984
1.7982
1.79786
1.79774
1.79747
1.79711
1.79672
1.79633
1.79622
1.79611
1.79609
1.79608
1.79593
1.79556
1.7951
1.79478
1.79461
1.79431
1.79398
1.79352
1.79333
1.79359
1.79367
1.79366
1.7937
1.79384
1.79375
1.79339
1.79267
1.79187
1.79123
1.79055
1.79006
1.7897
1.78941
1.78928
1.78949
1.78967
1.78981
1.79001
1.79031
1.79067
1.79112
1.79149
1.79181
1.79205
1.79219
1.79216
1.792
1.79178
1.79134
1.79081
1.79045
1.79032
1.7905
1.79106
1.7917
1.79207
1.79211
1.79224
1.7927
1.79295
1.79279
1.79265
1.79233
1.79173
1.79126
1.791
1.79076
1.79056
1.79012
1.78976
1.78951
1.78946
1.78972
1.79001
1.79032
1.7908
1.79112
1.79151
1.79196
1.79222
1.79248
1.79287
1.79327
1.79373
1.79389
1.79401
1.79421
1.79433
1.79467
1.79507
1.79546
1.79588
1.79641
1.79681
1.79712
1.79745
1.79752
1.7976
1.79765
1.79771
1.79793
1.79794
1.79799
1.79787
1.79768
1.79747
1.79736
1.79725
1.79698
1.79689
1.797
1.79727
1.79786
1.79879
1.79988
1.80081
1.80129
1.80171
1.80227
1.80265
1.80309
1.80322
1.80333
1.80356
1.80379
1.80404
1.8042
1.80422
1.80425
1.80439
1.80434
1.8042
1.80419
1.80425
1.80431
1.80442
1.80464
1.80489
1.8053
1.80578
1.80614
1.80643
1.80664
1.80671
1.8067
1.80693
1.80724
1.80728
1.80704
1.8067
1.80642
1.8061
1.8058
1.80531
1.80484
1.80454
1.80426
1.80422
1.80406
1.80368
1.80343
1.80321
1.80287
1.80243
1.80217
1.80181
1.8016
1.80133
1.80124
1.80122
1.80109
1.80101
1.80093
1.80087
1.80092
1.80095
1.80093
1.80093
1.80124
1.80169
1.80228
1.80285
1.80333
1.8038
1.80418
1.80456
1.80502
1.80553
1.80595
1.80635
1.80696
1.80746
1.8082
1.80906
1.80977
1.81028
1.81062
1.81068
1.81033
1.81019
1.8103
1.81094
1.81202
1.81299
1.81392
1.81465
1.81529
1.816
1.8167
1.81728
1.81768
1.81815
1.8189
1.81979
1.82035
1.82104
1.82169
1.82229
1.82292
1.82365
1.82402
1.82413
1.82415
1.82407
1.82411
1.82426
1.82446
1.82449
1.82444
1.82452
1.8248
1.82519
1.82558
1.82593
1.82623
1.82652
1.82696
1.82714
1.82715
1.82707
1.82715
1.82715
1.82726
1.82765
1.82794
1.82815
1.82836
1.82833
1.82877
1.82928
1.82979
1.83028
1.83086
1.83161
1.83205
1.83246
1.83289
1.83323
1.83321
1.83272
1.83215
1.8318
1.83171
1.83183
1.83214
1.8325
1.83297
1.83344
1.83374
1.83408
1.83444
1.83493
1.83536
1.83589
1.83633
1.83666
1.83667
1.83629
1.83597
1.8356
1.8355
1.83555
1.83564
1.83551
1.83527
1.83488
1.83449
1.83418
1.83391
1.83397
1.83385
1.83414
1.83452
1.835
1.83528
1.83558
1.83585
1.8362
1.83642
1.83628
1.83629
1.83624
1.83619
1.83634
1.83649
1.83664
1.83702
1.83762
1.83801
1.83792
1.83805
1.83799
1.83795
1.83805
1.83818
1.83829
1.83843
1.83846
1.8385
1.83869
1.83871
1.83882
1.83903
1.83938
1.83963
1.83997
1.84014
1.84014
1.83998
1.83987
1.83974
1.83967
1.83967
1.83975
1.83969
1.83966
1.83962
1.83966
1.83986
1.84006
1.84029
1.84067
1.84101
1.84126
1.8415
1.84178
1.84215
1.84249
1.84263
1.84292
1.84313
1.84324
1.84339
1.84365
1.84401
1.84419
1.8442
1.84449
1.84472
1.84498
1.84497
1.8448
1.84469
1.84471
1.84473
1.8446
1.84452
1.84455
1.84463
1.84467
1.84474
1.84451
1.84433
1.84405
1.84394
1.8438
1.84367
1.84348
1.84314
1.84285
1.84268
1.84257
1.84248
1.84229
1.84208
1.8419
1.84169
1.84118
1.8408
1.84034
1.83971
1.83902
1.83873
1.83866
1.83851
1.8385
1.838
1.83735
1.83693
1.83634
1.83585
1.83536
1.8348
1.8344
1.83362
1.83304
1.83273
1.83229
1.83211
1.83207
1.83221
1.83216
1.83236
1.83282
1.83323
1.83366
1.83382
1.83364
1.83327
1.83268
1.83199
1.83144
1.83107
1.83066
1.83026
1.8298
1.8293
1.82879
1.82818
1.82769
1.82713
1.82669
1.82651
1.82634
1.82638
1.82649
1.82657
1.82704
1.82749
1.82762
1.8278
1.82782
1.82796
1.8279
1.82798
1.82818
1.82871
1.82909
1.82963
1.83004
1.83042
1.83084
1.83109
1.8314
1.83178
1.83233
1.8329
1.8335
1.83416
1.83458
1.83462
1.8347
1.83486
1.83505
1.83526
1.8356
1.83566
1.8359
1.83598
1.83582
1.83599
1.83622
1.8366
1.83675
1.83701
1.83731
1.83763
1.83804
1.83831
1.83876
1.83915
1.83953
1.83985
1.8401
1.84055
1.84078
1.84105
1.84131
1.84111
1.84105
1.84111
1.84113
1.84118
1.84127
1.84129
1.84149
1.84168
1.84179
1.84206
1.84211
1.8423
1.84255
1.84263
1.84295
1.84315
1.84316
1.84338
1.84348
1.84356
1.84348
1.84323
1.84344
1.84364
1.84395
1.8442
1.84454
1.84466
1.8448
1.84489
1.84502
1.84531
1.84517
1.84511
1.84524
1.84555
1.84591
1.84614
1.8465
1.84665
1.84687
1.84732
1.84791
1.84839
1.84866
1.84883
1.84908
1.84932
1.84924
1.84921
1.8492
1.84946
1.84945
1.84916
1.84895
1.84911
1.84933
1.84946
1.84957
1.84991
1.85052
1.85091
1.85134
1.85187
1.8525
1.85302
1.85337
1.85387
1.85455
1.8551
1.85562
1.85614
1.85694
1.8576
1.8585
1.85918
1.85994
1.86055
1.86118
1.8618
1.86212
1.86235
1.86257
1.86253
1.8625
1.86271
1.86318
1.86366
1.86401
1.86437
1.86469
1.86491
1.86534
1.86555
1.86582
1.86591
1.86624
1.86629
1.86612
1.86558
1.8652
1.86496
1.86478
1.86481
1.86465
1.86462
1.86454
1.86457
1.86461
1.86493
1.86531
1.86572
1.86598
1.86617
1.86616
1.86607
1.86582
1.86549
1.86503
1.86483
1.86481
1.86479
1.8651
1.86538
1.86545
1.86549
1.86539
1.86526
1.86505
1.86472
1.86439
1.86418
1.86389
1.86378
1.86376
1.86375
1.86366
1.86353
1.86344
1.86356
1.86387
1.86405
1.86407
1.86421
1.86402
1.86415
1.86424
1.86407
1.86372
1.86343
1.86285
1.86241
1.86209
1.86177
1.8617
1.86139
1.86112
1.861
1.86079
1.86062
1.8602
1.85964
1.85922
1.85902
1.85893
1.85882
1.85875
1.85863
1.85835
1.85792
1.85735
1.85674
1.85594
1.85525
1.85446
1.85396
1.85366
1.85347
1.85341
1.85336
1.85321
1.85305
1.85298
1.85279
1.85242
1.85228
1.85238
1.8525
1.85263
1.85288
1.85306
1.85303
1.85321
1.85297
1.85262
1.85268
1.8528
1.8527
1.85288
1.8529
1.8528
1.85277
1.85269
1.85273
1.85275
1.85265
1.85254
1.85219
1.85177
1.85144
1.85107
1.85085
1.85058
1.85057
1.85083
1.85108
1.85163
1.85223
1.85282
1.85328
1.85339
1.85373
1.85428
1.85466
1.85483
1.85506
1.85532
1.85563
1.8556
1.85536
1.85524
1.85549
1.8561
1.85692
1.85747
1.85841
1.85918
1.85941
1.85877
1.85741
1.85701
1.85762
1.85863
1.8596
1.86017
1.86064
1.86074
1.86105
1.86115
1.86101
1.86047
1.86001
1.85952
1.85921
1.85895
1.8587
1.85812
1.85777
1.85754
1.85697
1.85643
1.85619
1.85614
1.85642
1.85655
1.85678
1.85694
1.85713
1.85744
1.85781
1.8579
1.85812
1.85833
1.85809
1.85802
1.85792
1.85776
1.85767
1.8579
1.8583
1.85869
1.85866
1.85838
1.85792
1.85696
1.85603
1.8552
1.85476
1.85445
1.85442
1.85439
1.85423
1.85399
1.85381
1.85353
1.85352
1.85351
1.8535
1.85357
1.85383
1.85427
1.85473
1.85515
1.85547
1.85571
1.85601
1.85615
1.85622
1.85656
1.85712
1.85773
1.85839
1.85915
1.85961
1.86008
1.86044
1.86089
1.86146
1.86174
1.86194
1.862
1.86167
1.86126
1.86096
1.86071
1.86051
1.8606
1.8607
1.86056
1.86028
1.86039
1.86069
1.86076
1.86075
1.86073
1.86067
1.86073
1.86079
1.86079
1.86091
1.86075
1.86055
1.86033
1.86009
1.85997
1.85986
1.85996
1.8601
1.86038
1.86083
1.86119
1.86163
1.86217
1.86278
1.86337
1.86376
1.86409
1.86477
1.86546
1.86602
1.86677
1.86702
1.86745
1.86781
1.86827
1.86888
1.86909
1.86944
1.86988
1.87015
1.87037
1.87051
1.87069
1.87074
1.87051
1.87017
1.86995
1.86983
1.8699
1.87024
1.87055
1.87087
1.87096
1.87112
1.87134
1.87152
1.87172
1.87223
1.87264
1.87297
1.87303
1.87284
1.87287
1.87302
1.87319
1.8737
1.87411
1.87436
1.87459
1.87479
1.87507
1.87515
1.87521
1.87545
1.87584
1.87606
1.87639
1.87653
1.87657
1.87689
1.87715
1.87722
1.87739
1.87764
1.87773
1.87758
1.8775
1.87754
1.87728
1.87727
1.87745
1.87751
1.87757
1.87761
1.87752
1.87743
1.87734
1.87761
1.87781
1.87764
1.87771
1.87769
1.87769
1.87757
1.87747
1.87738
1.87749
1.8774
1.87742
1.8774
1.87752
1.87759
1.87775
1.87771
1.87756
1.8773
1.87712
1.87678
1.87648
1.87631
1.87628
1.87635
1.8765
1.87654
1.87675
1.87688
1.87681
1.87654
1.87606
1.87547
1.87484
1.87442
1.8741
1.87422
1.87449
1.87488
1.87512
1.87532
1.87557
1.87575
1.87586
1.8757
1.87561
1.87557
1.87562
1.87583
1.87619
1.8765
1.87685
1.87715
1.87737
1.87756
1.87785
1.87793
1.87798
1.87791
1.87798
1.87812
1.87849
1.87888
1.8791
1.87941
1.87966
1.87969
1.87956
1.87935
1.87919
1.87894
1.87882
1.87897
1.87935
1.87969
1.88007
1.88035
1.88054
1.88062
1.88073
1.88104
1.88123
1.8812
1.88086
1.88043
1.88011
1.88023
1.88047
1.88096
1.88143
1.88194
1.88221
1.88219
1.88242
1.88222
1.88235
1.88243
1.88237
1.8822
1.88219
1.8823
1.88239
1.88238
1.88243
1.88281
1.88312
1.88326
1.88322
1.88302
1.88275
1.88246
1.88219
1.88191
1.88174
1.88147
1.8815
1.88131
1.88146
1.88156
1.88171
1.88184
1.88192
1.88194
1.88214
1.88204
1.88184
1.88172
1.88153
1.8814
1.88143
1.88127
1.88129
1.88151
1.88153
1.88153
1.88156
1.88178
1.88197
1.88203
1.88205
1.88189
1.88171
1.88151
1.88135
1.88131
1.88145
1.8818
1.88195
1.88201
1.88215
1.88222
1.88214
1.88195
1.88188
1.88176
1.88137
1.88107
1.88085
1.88074
1.88062
1.88055
1.88069
1.88109
1.88136
1.88164
1.88205
1.88232
1.88254
1.8826
1.8827
1.88273
1.88278
1.88253
1.88272
1.88296
1.88305
1.88299
1.88335
1.88357
1.8837
1.88381
1.88371
1.88378
1.88394
1.88401
1.88424
1.88457
1.88481
1.88483
1.88483
1.88487
1.88479
1.88479
1.88474
1.8846
1.88465
1.88459
1.88473
1.8848
1.88502
1.88515
1.88521
1.88552
1.88593
1.88628
1.88692
1.88753
1.88804
1.8882
1.88843
1.88861
1.88852
1.88821
1.88789
1.88777
1.8876
1.88721
1.88693
1.88665
1.88655
1.88657
1.8865
1.88629
1.88629
1.88628
1.88635
1.88653
1.88665
1.88684
1.88693
1.88723
1.88746
1.88747
1.88747
1.88762
1.88774
1.88765
1.8875
1.88726
1.88671
1.88628
1.88614
1.88592
1.88578
1.88581
1.88597
1.88611
1.88646
1.88666
1.88662
1.8865
1.8865
1.88658
1.88647
1.88634
1.88622
1.88612
1.88606
1.88601
1.88616
1.88637
1.88652
1.88659
1.88654
1.88662
1.88678
1.88699
1.88689
1.88684
1.88671
1.88676
1.88703
1.88725
1.88741
1.88778
1.88821
1.88856
1.88891
1.88883
1.88869
1.88838
1.88805
1.88776
1.88757
1.88738
1.88757
1.88763
1.88759
1.88745
1.8873
1.8869
1.88677
1.88665
1.88654
1.88639
1.88601
1.88587
1.88609
1.88646
1.88672
1.88717
1.88765
1.88795
1.88775
1.88706
1.88627
1.88568
1.885
1.88462
1.88459
1.88494
1.8856
1.88618
1.88628
1.88647
1.88681
1.88737
1.88784
1.8885
1.88883
1.88929
1.88978
1.88984
1.89011
1.89011
1.89036
1.89057
1.89081
1.89091
1.89101
1.89087
1.89031
1.8899
1.88957
1.88938
1.88946
1.88962
1.88958
1.89
1.89049
1.89081
1.8911
1.89151
1.89165
1.89156
1.89144
1.89105
1.89071
1.89024
1.8899
1.88992
1.8897
1.88957
1.88945
1.88925
1.88911
1.88919
1.88949
1.88985
1.89029
1.89061
1.89073
1.891
1.89112
1.89109
1.89109
1.89081
1.89061
1.89038
1.89018
1.89012
1.89005
1.89004
1.89007
1.89009
1.89007
1.89
1.89021
1.89035
1.89081
1.89169
1.89207
1.89239
1.89281
1.89338
1.89362
1.89397
1.89451
1.89498
1.89518
1.89542
1.89558
1.89564
1.89543
1.89524
1.89523
1.89534
1.89536
1.8954
1.8954
1.89545
1.89563
1.89566
1.89557
1.89542
1.89548
1.89538
1.89545
1.89578
1.89596
1.89601
1.8958
1.89558
1.8957
1.89581
1.89595
1.89621
1.89645
1.89663
1.89691
1.89714
1.8975
1.89776
1.89766
1.89761
1.89761
1.8975
1.89725
1.89706
1.89683
1.89653
1.89608
1.89556
1.89526
1.89517
1.89508
1.89487
1.89451
1.89385
1.89295
1.89217
1.89172
1.89122
1.89085
1.89042
1.88976
1.88954
1.88927
1.88894
1.88844
1.88798
1.88757
1.88741
1.88741
1.88737
1.88711
1.88704
1.88729
1.88749
1.88756
1.88764
1.88775
1.88746
1.88726
1.88693
1.88668
1.88627
1.88614
1.88604
1.88596
1.88566
1.88558
1.88577
1.88575
1.88581
1.88596
1.88603
1.88556
1.8849
1.88421
1.88363
1.88312
1.88279
1.88248
1.88219
1.88193
1.8817
1.8816
1.88167
1.88158
1.88172
1.88225
1.88279
1.88304
1.88317
1.88313
1.8832
1.88332
1.88312
1.88279
1.88263
1.88256
1.88242
1.88224
1.88205
1.88176
1.88145
1.88129
1.88122
1.88113
1.88094
1.88085
1.88063
1.88068
1.88075
1.88057
1.88032
1.88056
1.88065
1.8808
1.88094
1.88127
1.88148
1.88146
1.88147
1.88143
1.88125
1.88114
1.88098
1.88077
1.88097
1.88106
1.88139
1.88203
1.88247
1.88288
1.88325
1.88348
1.88387
1.88416
1.88433
1.88481
1.88569
1.88616
1.88658
1.88678
1.88682
1.88691
1.88678
1.88657
1.88649
1.88654
1.88676
1.88694
1.88702
1.88708
1.8873
1.88739
1.88739
1.88764
1.8877
1.88807
1.88826
1.88824
1.88805
1.88804
1.88811
1.88821
1.88865
1.8893
1.8901
1.8908
1.89132
1.89176
1.89215
1.8924
1.89265
1.89283
1.89325
1.89309
1.89284
1.89277
1.89251
1.89226
1.89199
1.89173
1.89123
1.89092
1.89061
1.89013
1.88961
1.88893
1.88825
1.88818
1.88792
1.88786
1.88775
1.88761
1.88771
1.88768
1.88771
1.88784
1.88801
1.88808
1.88829
1.88842
1.88862
1.88881
1.88917
1.88958
1.88974
1.88981
1.89
1.89027
1.89016
1.88991
1.88957
1.88919
1.88897
1.8887
1.88842
1.88817
1.88802
1.8883
1.8883
1.88813
1.88788
1.88768
1.88758
1.88737
1.88732
1.88711
1.88703
1.88702
1.88706
1.88704
1.88697
1.88687
1.88672
1.88631
1.88585
1.88551
1.88531
1.88508
1.88502
1.88515
1.88517
1.8853
1.88559
1.88584
1.88596
1.88625
1.88658
1.88668
1.88692
1.88707
1.88723
1.88712
1.88698
1.88721
1.88729
1.88742
1.88762
1.88766
1.88762
1.88769
1.88758
1.88742
1.88756
1.8878
1.88807
1.88835
1.88847
1.8887
1.88893
1.88923
1.88947
1.88952
1.88946
1.88933
1.88937
1.88935
1.88922
1.88894
1.88862
1.88839
1.88839
1.8885
1.88857
1.88845
1.88865
1.88873
1.88878
1.88883
1.88877
1.88892
1.88906
1.8893
1.8896
1.88989
1.89012
1.89041
1.89044
1.89044
1.89053
1.89039
1.89029
1.89026
1.89047
1.89048
1.89018
1.89003
1.89006
1.89027
1.89052
1.89048
1.89046
1.89043
1.89048
1.89055
1.89066
1.89068
1.89099
1.89157
1.89215
1.89266
1.89296
1.89296
1.89282
1.8924
1.89189
1.89181
1.89186
1.89203
1.89209
1.89214
1.89234
1.89236
1.89227
1.89186
1.89161
1.89122
1.89094
1.8907
1.89055
1.89063
1.89066
1.89059
1.89049
1.89022
1.88971
1.88921
1.88913
1.88883
1.88852
1.88837
1.88836
1.88842
1.88841
1.88838
1.88846
1.88872
1.88915
1.8896
1.88999
1.89044
1.89102
1.89152
1.89186
1.89243
1.89283
1.89324
1.89374
1.89401
1.89417
1.89424
1.89435
1.89435
1.8947
1.89468
1.89469
1.89467
1.89458
1.89432
1.8942
1.89397
1.89346
1.89303
1.89246
1.8919
1.89186
1.89146
1.89108
1.8909
1.89077
1.89072
1.89059
1.89029
1.89012
1.8899
1.88984
1.8899
1.88994
1.88988
1.88991
1.88999
1.89006
1.8899
1.88988
1.88985
1.88991
1.8902
1.89059
1.89061
1.89057
1.89075
1.89117
1.89166
1.89217
1.89261
1.89276
1.89277
1.89274
1.89287
1.89323
1.89345
1.89356
1.89369
1.89417
1.89457
1.89462
1.89429
1.89387
1.89355
1.89316
1.8928
1.89269
1.89262
1.89297
1.89316
1.89331
1.89323
1.89317
1.89306
1.89335
1.89332
1.89319
1.89296
1.89295
1.89292
1.89259
1.89232
1.89224
1.8921
1.89207
1.89218
1.89251
1.89302
1.89333
1.89354
1.89316
1.89267
1.8923
1.89205
1.89204
1.8923
1.89265
1.89311
1.89363
1.89407
1.8947
1.8952
1.89579
1.89676
1.89733
1.89789
1.8986
1.8992
1.89939
1.89956
1.8997
1.89985
1.90008
1.90011
1.90023
1.9003
1.90005
1.89961
1.8994
1.89923
1.89907
1.89894
1.89874
1.89858
1.89835
1.89856
1.8986
1.89867
1.89891
1.89913
1.8994
1.89946
1.8997
1.89949
1.89928
1.89902
1.89864
1.8981
1.89776
1.89748
1.89782
1.89824
1.8985
1.89904
1.89957
1.90001
1.90055
1.90071
1.90092
1.9011
1.90112
1.90114
1.90103
1.90076
1.90056
1.90023
1.89959
1.8988
1.89814
1.89761
1.89731
1.89719
1.89717
1.89721
1.89731
1.89731
1.89742
1.89771
1.89823
1.8986
1.89881
1.89886
1.89902
1.89924
1.89959
1.90007
1.90082
1.90153
1.90198
1.90236
1.90276
1.90331
1.90374
1.90434
1.90467
1.90476
1.905
1.90532
1.90565
1.90604
1.90625
1.90617
1.90619
1.90639
1.90669
1.90726
1.90798
1.90853
1.9089
1.90901
1.9091
1.90931
1.90971
1.90972
1.90981
1.90993
1.91013
1.91014
1.91009
1.90976
1.90957
1.90947
1.90963
1.9096
1.90955
1.90963
1.90951
1.90969
1.9098
1.90957
1.90922
1.9089
1.90874
1.90912
1.90931
1.90959
1.90996
1.91024
1.91056
1.91095
1.91141
1.91199
1.91232
1.9126
1.91251
1.91243
1.91242
1.91238
1.91231
1.91242
1.91251
1.91261
1.91261
1.91274
1.91276
1.91299
1.91345
1.91398
1.91402
1.91379
1.91345
1.91331
1.9132
1.91317
1.91322
1.91327
1.91329
1.91343
1.9137
1.91404
1.91439
1.91469
1.91503
1.91558
1.91628
1.91688
1.91755
1.91777
1.91755
1.9175
1.91744
1.9172
1.9173
1.91732
1.91741
1.91753
1.91773
1.91799
1.91836
1.91888
1.91923
1.91969
1.92021
1.92065
1.92098
1.92116
1.92126
1.92161
1.92203
1.92231
1.92232
1.92248
1.92255
1.92288
1.92277
1.92285
1.92281
1.9228
1.92309
1.92341
1.92367
1.9238
1.92385
1.92411
1.92417
1.92439
1.92476
1.92509
1.92551
1.926
1.92624
1.9268
1.92715
1.92744
1.9276
1.92769
1.92816
1.92857
1.92889
1.92878
1.92913
1.92919
1.92924
1.92921
1.92898
1.92869
1.9285
1.92818
1.92794
1.92779
1.92753
1.92733
1.92706
1.92661
1.92634
1.9264
1.92633
1.9263
1.9264
1.92642
1.92651
1.92644
1.9263
1.9263
1.92642
1.92632
1.9264
1.92656
1.92682
1.92654
1.92635
1.92629
1.92603
1.92611
1.92649
1.92695
1.92723
1.92746
1.92778
1.92802
1.92834
1.92872
1.92928
1.92955
1.92941
1.92927
1.92919
1.92905
1.92876
1.92816
1.9277
1.92718
1.92651
1.92584
1.9254
