-4.85733
-4.83492
-4.78789
-4.71676
-4.61653
-4.48889
-4.33106
-4.14211
-3.92178
-3.66685
-3.38139
-3.07171
-2.7472
-2.42031
-2.10988
-1.83211
-1.5981
-1.41684
-1.28726
-1.20894
-1.17774
-1.19056
-1.24076
-1.31615
-1.40265
-1.48877
-1.5661
-1.62747
-1.66937
-1.69029
-1.68918
-1.6682
-1.63006
-1.57484
-1.50941
-1.43414
-1.35809
-1.28912
-1.23227
-1.1946
-1.177
-1.17825
-1.1915
-1.21219
-1.23491
-1.25367
-1.26522
-1.26991
-1.2668
-1.25901
-1.24823
-1.23834
-1.22731
-1.21572
-1.20347
-1.19285
-1.18244
-1.17056
-1.16072
-1.14901
-1.14006
-1.13206
-1.12672
-1.12699
-1.13293
-1.14738
-1.1691
-1.19707
-1.22764
-1.25601
-1.2808
-1.30003
-1.3158
-1.3284
-1.34412
-1.36486
-1.39109
-1.4212
-1.45069
-1.47552
-1.49599
-1.50928
-1.51642
-1.51968
-1.51687
-1.51358
-1.50571
-1.49817
-1.48916
-1.47979
-1.4681
-1.45261
-1.43392
-1.4126
-1.3896
-1.36705
-1.34355
-1.31903
-1.29591
-1.27664
-1.26023
-1.24478
-1.23119
-1.21751
-1.20441
-1.18878
-1.17075
-1.15303
-1.13622
-1.12016
-1.10973
-1.1072
-1.11105
-1.12506
-1.15157
-1.18872
-1.23654
-1.29268
-1.3519
-1.41059
-1.46631
-1.5159
-1.5561
-1.58771
-1.60766
-1.61456
-1.6099
-1.59367
-1.56693
-1.53552
-1.49643
-1.45661
-1.41525
-1.37477
-1.33708
-1.30776
-1.28459
-1.27138
-1.26985
-1.27776
-1.29549
-1.31906
-1.3451
-1.37523
-1.40422
-1.43269
-1.46461
-1.50055
-1.54102
-1.58663
-1.63294
-1.67757
-1.71889
-1.75446
-1.78081
-1.79623
-1.79962
-1.78935
-1.76449
-1.72557
-1.6726
-1.60801
-1.54044
-1.47504
-1.41686
-1.37097
-1.33755
-1.31822
-1.31221
-1.31525
-1.32747
-1.34659
-1.37477
-1.40904
-1.44622
-1.48434
-1.52198
-1.55987
-1.59298
-1.62214
-1.64225
-1.65144
-1.64588
-1.62505
-1.58715
-1.53465
-1.46749
-1.39265
-1.31275
-1.23649
-1.16348
-1.09983
-1.04963
-1.01361
-0.993549
-0.988982
-0.995921
-1.01195
-1.03361
-1.05873
-1.08499
-1.11359
-1.13924
-1.16627
-1.19691
-1.22716
-1.25851
-1.29266
-1.32708
-1.36138
-1.39328
-1.42008
-1.44375
-1.46067
-1.47293
-1.4787
-1.4802
-1.47869
-1.47217
-1.46403
-1.45537
-1.44721
-1.44038
-1.43219
-1.42406
-1.41369
-1.40191
-1.39186
-1.38241
-1.37313
-1.36624
-1.36102
-1.35959
-1.36306
-1.37099
-1.38733
-1.41296
-1.44749
-1.4907
-1.54037
-1.58875
-1.63511
-1.67449
-1.70442
-1.71917
-1.71857
-1.70278
-1.6736
-1.63498
-1.59074
-1.54673
-1.50461
-1.46375
-1.4242
-1.38204
-1.33883
-1.29612
-1.2574
-1.22553
-1.20358
-1.19345
-1.19773
-1.21534
-1.24534
-1.28299
-1.32485
-1.37057
-1.41461
-1.45642
-1.49235
-1.52285
-1.54674
-1.56349
-1.57232
-1.57322
-1.56529
-1.54634
-1.51364
-1.47132
-1.42113
-1.36663
-1.31208
-1.26152
-1.21548
-1.17859
-1.1442
-1.11315
-1.08657
-1.0656
-1.05125
-1.04542
-1.04781
-1.05768
-1.07371
-1.09499
-1.12246
-1.1551
-1.18861
-1.22658
-1.26321
-1.29874
-1.33135
-1.35834
-1.37966
-1.39368
-1.40162
-1.40639
-1.40919
-1.41034
-1.41238
-1.41485
-1.41893
-1.42294
-1.42827
-1.43135
-1.4314
-1.42482
-1.40701
-1.37877
-1.33526
-1.28087
-1.21579
-1.14268
-1.0664
-0.991927
-0.920136
-0.854886
-0.79752
-0.751436
-0.717955
-0.696104
-0.681909
-0.679403
-0.688887
-0.709708
-0.742573
-0.786498
-0.84084
-0.899111
-0.962948
-1.02161
-1.07308
-1.11574
-1.14508
-1.16174
-1.16551
-1.15833
-1.14507
-1.13114
-1.12355
-1.12764
-1.14659
-1.17892
-1.22156
-1.27312
-1.32511
-1.37561
-1.42679
-1.47668
-1.52522
-1.57411
-1.62333
-1.668
-1.70958
-1.74891
-1.78286
-1.81075
-1.83046
-1.84637
-1.85628
-1.85807
-1.85686
-1.852
-1.84027
-1.81842
-1.78278
-1.73168
-1.66553
-1.58593
-1.49927
-1.40983
-1.32384
-1.24831
-1.18532
-1.13496
-1.09738
-1.07115
-1.05446
-1.04461
-1.03645
-1.03492
-1.03854
-1.05185
-1.07476
-1.10975
-1.15486
-1.20637
-1.25795
-1.306
-1.34277
-1.36876
-1.38514
-1.39818
-1.41642
-1.44412
-1.4835
-1.52744
-1.56947
-1.60209
-1.62519
-1.63179
-1.62351
-1.60136
-1.5661
-1.52067
-1.46738
-1.41195
-1.35667
-1.3017
-1.25468
-1.21213
-1.17255
-1.13232
-1.09207
-1.05025
-1.0083
-0.968358
-0.936817
-0.919188
-0.915357
-0.923432
-0.943121
-0.973875
-1.01174
-1.0538
-1.09718
-1.13588
-1.1689
-1.19599
-1.21665
-1.23013
-1.23733
-1.23499
-1.22255
-1.1999
-1.16229
-1.11485
-1.05623
-0.991023
-0.924049
-0.862825
-0.81501
-0.785678
-0.774313
-0.78172
-0.807477
-0.843617
-0.886305
-0.93082
-0.970212
-1.00424
-1.0303
-1.0451
-1.05407
-1.05502
-1.04903
-1.04103
-1.03143
-1.02445
-1.01973
-1.02154
-1.02531
-1.03283
-1.04332
-1.05206
-1.05935
-1.06018
-1.05327
-1.04194
-1.02415
-1.00543
-0.983978
-0.963315
-0.942513
-0.920279
-0.898307
-0.875605
-0.85181
-0.828766
-0.802829
-0.778528
-0.755127
-0.734147
-0.714125
-0.69706
-0.683752
-0.674349
-0.671373
-0.67734
-0.691613
-0.712657
-0.742358
-0.778005
-0.816574
-0.855892
-0.8922
-0.925783
-0.954325
-0.981483
-1.00515
-1.02765
-1.0507
-1.07201
-1.09593
-1.1185
-1.13919
-1.15849
-1.17816
-1.19428
-1.21006
-1.22345
-1.23562
-1.24773
-1.25899
-1.27014
-1.28021
-1.2904
-1.29627
-1.29741
-1.29227
-1.27854
-1.25764
-1.2306
-1.19656
-1.16037
-1.12248
-1.08509
-1.04926
-1.01688
-0.984465
-0.954868
-0.92509
-0.892372
-0.859642
-0.829372
-0.803715
-0.786479
-0.78169
-0.788755
-0.809685
-0.840917
-0.879589
-0.923153
-0.967174
-1.01281
-1.0569
-1.10144
-1.14759
-1.19585
-1.24719
-1.29627
-1.33968
-1.37648
-1.40487
-1.42296
-1.4346
-1.43651
-1.43082
-1.41749
-1.39485
-1.36647
-1.33076
-1.29369
-1.2524
-1.21345
-1.17894
-1.14864
-1.12673
-1.11226
-1.10698
-1.10749
-1.11405
-1.12656
-1.14707
-1.17348
-1.20526
-1.24068
-1.2765
-1.31253
-1.34398
-1.36889
-1.38608
-1.39369
-1.39145
-1.37784
-1.35659
-1.32732
-1.29638
-1.26306
-1.23679
-1.21787
-1.20548
-1.20091
-1.19998
-1.20161
-1.20452
-1.20489
-1.20414
-1.19855
-1.19169
-1.17838
-1.16144
-1.14179
-1.11786
-1.09328
-1.06911
-1.04735
-1.02488
-1.00397
-0.985402
-0.969866
-0.956233
-0.945195
-0.940649
-0.940446
-0.947174
-0.957679
-0.975858
-0.9994
-1.02613
-1.05516
-1.08514
-1.11217
-1.13631
-1.15715
-1.17446
-1.18985
-1.20507
-1.2186
-1.22934
-1.23514
-1.23149
-1.21342
-1.18315
-1.13932
-1.08805
-1.03453
-0.986056
-0.946045
-0.916162
-0.901741
-0.898711
-0.903909
-0.915504
-0.93023
-0.946436
-0.959582
-0.971194
-0.977778
-0.9829
-0.986727
-0.989601
-0.991531
-0.997242
-1.00717
-1.02436
-1.05029
-1.08132
-1.12433
-1.16958
-1.21636
-1.26031
-1.299
-1.32646
-1.34264
-1.34581
-1.33844
-1.32071
-1.29049
-1.25341
-1.21226
-1.16661
-1.12009
-1.07218
-1.02924
-0.993921
-0.965854
-0.949131
-0.942613
-0.94453
-0.951464
-0.961479
-0.978033
-0.995741
-1.02091
-1.05219
-1.08873
-1.12761
-1.16484
-1.19723
-1.21992
-1.23245
-1.23296
-1.22267
-1.20213
-1.17257
-1.13789
-1.10182
-1.06482
-1.02871
-0.997247
-0.972883
-0.957312
-0.95231
-0.959763
-0.978847
-1.00729
-1.04115
-1.07109
-1.09853
-1.11867
-1.13416
-1.14366
-1.14838
-1.14764
-1.14342
-1.13485
-1.12196
-1.10442
-1.08413
-1.06105
-1.03788
-1.01599
-1.00015
-0.991302
-0.98804
-0.993712
-1.00304
-1.01674
-1.02965
-1.04098
-1.05065
-1.05849
-1.06729
-1.07774
-1.0908
-1.1077
-1.13141
-1.15802
-1.18498
-1.21063
-1.2263
-1.22899
-1.21395
-1.18489
-1.14166
-1.09
-1.0355
-0.984011
-0.938644
-0.898189
-0.86608
-0.844505
-0.832606
-0.830509
-0.833866
-0.837995
-0.838556
-0.831046
-0.811507
-0.782496
-0.741136
-0.690118
-0.636334
-0.581034
-0.537506
-0.513214
-0.51738
-0.551971
-0.605107
-0.665962
-0.725889
-0.777128
-0.816773
-0.842124
-0.857472
-0.862549
-0.857272
-0.846144
-0.827919
-0.805386
-0.781398
-0.757895
-0.734072
-0.714374
-0.69909
-0.689642
-0.688625
-0.696132
-0.710626
-0.730437
-0.75116
-0.774026
-0.795344
-0.816797
-0.837387
-0.854955
-0.872143
-0.886825
-0.898428
-0.9082
-0.915231
-0.921132
-0.926078
-0.925856
-0.922073
-0.914723
-0.902043
-0.884105
-0.863476
-0.842274
-0.820938
-0.803537
-0.791355
-0.784642
-0.784121
-0.791788
-0.802158
-0.816336
-0.832423
-0.851367
-0.869431
-0.888223
-0.904667
-0.920586
-0.935805
-0.951257
-0.968745
-0.98992
-1.01406
-1.04106
-1.06835
-1.09028
-1.10174
-1.1013
-1.08405
-1.05228
-1.01184
-0.965737
-0.921003
-0.884687
-0.861439
-0.852148
-0.855425
-0.869485
-0.887857
-0.908494
-0.927358
-0.939916
-0.94592
-0.949193
-0.950849
-0.952329
-0.960522
-0.976739
-1.00118
-1.03077
-1.06247
-1.0909
-1.11632
-1.1325
-1.13943
-1.13437
-1.12092
-1.09766
-1.06795
-1.03272
-0.993986
-0.954057
-0.916965
-0.884525
-0.860275
-0.847761
-0.845782
-0.855203
-0.876596
-0.905946
-0.94059
-0.977376
-1.01181
-1.04272
-1.0678
-1.08984
-1.10174
-1.1063
-1.10594
-1.09589
-1.08103
-1.0584
-1.03159
-0.997218
-0.961297
-0.926098
-0.893007
-0.86713
-0.846745
-0.83282
-0.824686
-0.820361
-0.818631
-0.821041
-0.826821
-0.838807
-0.858203
-0.885097
-0.918367
-0.955933
-0.995749
-1.03776
-1.07902
-1.12177
-1.16416
-1.20883
-1.25281
-1.29937
-1.34601
-1.39033
-1.43241
-1.46943
-1.49965
-1.52128
-1.53438
-1.53747
-1.52969
-1.50863
-1.47629
-1.43171
-1.37622
-1.31065
-1.23697
-1.15778
-1.07726
-0.997391
-0.922841
-0.857993
-0.804626
-0.767641
-0.746218
-0.74215
-0.753147
-0.777553
-0.809863
-0.84758
-0.886779
-0.918693
-0.946801
-0.965541
-0.977086
-0.981059
-0.977638
-0.970204
-0.956975
-0.941811
-0.922691
-0.905041
-0.890022
-0.880369
-0.87614
-0.879378
-0.888294
-0.901978
-0.915469
-0.92751
-0.940379
-0.952199
-0.960527
-0.968335
-0.971196
-0.972103
-0.969604
-0.964758
-0.959565
-0.959623
-0.965462
-0.976949
-0.991356
-1.00538
-1.01809
-1.0273
-1.03378
-1.03934
-1.04644
-1.05458
-1.06276
-1.07319
-1.08147
-1.08381
-1.08129
-1.07083
-1.05247
-1.02277
-0.628888
-0.561063
-0.459995
-0.329445
-0.178227
-0.0208355
0.13416
0.274595
0.393162
0.48552
0.552876
0.59749
0.62175
0.636359
0.647914
0.664705
0.690001
0.721444
0.75724
0.794638
0.834229
0.87589
0.909378
0.932515
0.939657
0.921905
0.882157
0.82332
0.759649
0.702497
0.665272
0.657383
0.67371
0.712698
0.760676
0.808073
0.849378
0.876367
0.890809
0.891638
0.883769
0.863948
0.840304
0.811087
0.780405
0.752649
0.72587
0.702024
0.680842
0.659148
0.638932
0.622884
0.617825
0.622456
0.647725
0.690101
0.748851
0.821313
0.902011
0.985713
1.05988
1.1145
1.14295
1.14066
1.10938
1.05343
0.979075
0.891443
0.796129
0.703823
0.621767
0.561714
0.528294
0.52473
0.547467
0.592913
0.650589
0.710376
0.763554
0.804548
0.835084
0.859869
0.880178
0.899556
0.914192
0.925367
0.92764
0.91915
0.906193
0.888998
0.872627
0.857647
0.841558
0.825342
0.804652
0.7771
0.742802
0.70214
0.654018
0.599172
0.539081
0.474963
0.410289
0.349039
0.296953
0.254663
0.226391
0.210459
0.207339
0.217642
0.243752
0.283955
0.340001
0.41226
0.491415
0.574615
0.655873
0.727499
0.787088
0.831135
0.859382
0.874435
0.881435
0.887739
0.898862
0.917352
0.942465
0.969966
0.993145
1.00062
0.98103
0.932204
0.854928
0.759617
0.657743
0.565778
0.489071
0.430339
0.383276
0.33727
0.291631
0.250301
0.221718
0.220324
0.250136
0.315752
0.408182
0.522172
0.643261
0.760618
0.857511
0.923541
0.950411
0.933719
0.881657
0.805002
0.719212
0.636423
0.565053
0.514623
0.490496
0.496748
0.527605
0.582657
0.651901
0.726882
0.796636
0.852001
0.884094
0.885702
0.851937
0.784789
0.694795
0.593749
0.491258
0.398015
0.323501
0.273382
0.253774
0.273382
0.330145
0.427073
0.554016
0.690809
0.803034
0.870506
0.892243
0.88265
0.854311
0.816689
0.770134
0.718082
0.656533
0.588207
0.521559
0.44989
0.379518
0.308146
0.237199
0.163996
0.0834842
-0.00433422
-0.097027
-0.188054
-0.270041
-0.334023
-0.374335
-0.380702
-0.348799
-0.280724
-0.177186
-0.0479364
0.0987608
0.248052
0.390062
0.517998
0.620491
0.69624
0.741754
0.759753
0.758131
0.737768
0.700221
0.641361
0.563432
0.478026
0.398778
0.339012
0.30641
0.302767
0.327539
0.368765
0.424406
0.483409
0.540998
0.588074
0.625879
0.648304
0.656609
0.654431
0.640146
0.619981
0.592904
0.561093
0.527522
0.496983
0.469774
0.447968
0.433407
0.421315
0.409237
0.392511
0.37285
0.35438
0.342876
0.341768
0.352682
0.373169
0.399985
0.429557
0.460478
0.490055
0.511817
0.52281
0.521324
0.501803
0.465668
0.414193
0.354853
0.293142
0.236284
0.193353
0.16355
0.152503
0.161232
0.183326
0.216524
0.259305
0.308151
0.353239
0.390421
0.413889
0.417714
0.398629
0.355031
0.295489
0.230592
0.173889
0.133864
0.118455
0.124175
0.150173
0.194257
0.248216
0.303841
0.356207
0.404054
0.450284
0.497878
0.551387
0.60481
0.653249
0.695666
0.728961
0.757645
0.779413
0.794829
0.796422
0.781101
0.75335
0.715724
0.671485
0.628378
0.586203
0.546606
0.517579
0.4978
0.489884
0.484361
0.478593
0.467264
0.443097
0.404683
0.355304
0.298425
0.236386
0.179059
0.131924
0.102825
0.0932157
0.10753
0.143877
0.202034
0.275632
0.359686
0.451137
0.541278
0.621286
0.690431
0.744212
0.78322
0.809961
0.827381
0.835469
0.837507
0.832217
0.818084
0.794149
0.759048
0.716518
0.670553
0.627174
0.589306
0.564555
0.550606
0.548313
0.546903
0.543118
0.531111
0.506868
0.472752
0.431703
0.387037
0.341954
0.304014
0.277452
0.258501
0.248839
0.252462
0.263474
0.288169
0.322961
0.368379
0.414333
0.457353
0.49347
0.515986
0.528346
0.527914
0.51945
0.50362
0.491226
0.485893
0.492464
0.515836
0.550738
0.590611
0.627734
0.653469
0.669766
0.675789
0.673121
0.668329
0.658598
0.64059
0.613667
0.577772
0.538099
0.499296
0.46375
0.440371
0.429439
0.434063
0.447755
0.471853
0.499116
0.523308
0.532072
0.520635
0.492495
0.444269
0.389825
0.335562
0.292293
0.265981
0.261361
0.26673
0.275059
0.269359
0.241298
0.195834
0.14796
0.103501
0.0621384
0.0278723
-0.000599561
-0.022608
-0.0370351
-0.0401085
-0.032087
-0.013755
0.0166248
0.0586542
0.109454
0.167749
0.234854
0.307116
0.384354
0.461238
0.53226
0.595064
0.650421
0.697008
0.736651
0.765323
0.77278
0.750751
0.69875
0.617557
0.520381
0.419399
0.335172
0.274955
0.241493
0.235727
0.250694
0.277986
0.313307
0.35471
0.397882
0.443343
0.483126
0.521054
0.553839
0.581967
0.609342
0.632735
0.649598
0.655423
0.646217
0.618293
0.570329
0.507798
0.439287
0.372804
0.316092
0.269163
0.239124
0.226971
0.228819
0.246075
0.276364
0.319312
0.366877
0.415123
0.4585
0.494137
0.518881
0.532859
0.540364
0.547248
0.557476
0.577469
0.612601
0.663761
0.728407
0.802059
0.874922
0.938442
0.985325
1.01071
1.01602
1.00885
0.991709
0.972291
0.95341
0.936076
0.92975
0.932073
0.943891
0.955539
0.949668
0.904115
0.809692
0.677743
0.537405
0.409557
0.309302
0.24391
0.207779
0.197156
0.207911
0.227795
0.253293
0.278212
0.301475
0.31857
0.332621
0.347225
0.364971
0.386208
0.408048
0.427687
0.439077
0.443189
0.434689
0.421573
0.406542
0.39594
0.393984
0.404123
0.424725
0.456334
0.493782
0.530697
0.565592
0.592158
0.61369
0.627943
0.639553
0.65133
0.663632
0.671127
0.670566
0.658835
0.639263
0.615532
0.588671
0.563168
0.536173
0.507318
0.47574
0.443275
0.413773
0.385185
0.359523
0.338044
0.32638
0.331491
0.361096
0.412565
0.480813
0.556071
0.632309
0.696341
0.742434
0.764252
0.760919
0.735373
0.690554
0.632247
0.564955
0.500844
0.443392
0.402825
0.385593
0.391108
0.420852
0.467351
0.526828
0.58846
0.647502
0.698748
0.737918
0.763583
0.774292
0.768921
0.751197
0.725241
0.689507
0.649354
0.6064
0.561772
0.519103
0.485147
0.463598
0.460521
0.476412
0.514435
0.570041
0.638888
0.713963
0.785657
0.846876
0.888775
0.907736
0.902397
0.875714
0.826801
0.758646
0.677087
0.585845
0.493478
0.404437
0.325195
0.256728
0.207421
0.176808
0.169418
0.182819
0.215496
0.267175
0.328113
0.393531
0.45201
0.497864
0.526431
0.539297
0.537395
0.527314
0.510868
0.493968
0.479944
0.468664
0.46468
0.465653
0.469783
0.472892
0.470003
0.466972
0.462908
0.462846
0.470326
0.489902
0.523703
0.573743
0.638326
0.718898
0.802326
0.883537
0.953918
1.00638
1.03302
1.02929
0.996697
0.935238
0.855846
0.770413
0.690139
0.628345
0.589805
0.573381
0.578493
0.591758
0.606145
0.612178
0.609788
0.603853
0.599372
0.611172
0.647537
0.710611
0.797125
0.896739
0.998926
1.08736
1.15608
1.19967
1.21979
1.21958
1.20959
1.18964
1.16417
1.13018
1.09165
1.04857
1.00953
0.972874
0.946309
0.926338
0.914318
0.90935
0.913712
0.931069
0.964586
1.01487
1.07558
1.14167
1.20601
1.25954
1.29215
1.30632
1.30145
1.28341
1.25882
1.23112
1.20205
1.17442
1.14483
1.10731
1.06712
1.02453
0.985485
0.956984
0.947135
0.953071
0.970815
0.993716
1.01528
1.0315
1.03803
1.02818
1.00205
0.961521
0.906299
0.843721
0.783958
0.731809
0.693346
0.673472
0.674924
0.695444
0.731275
0.78608
0.85055
0.921411
0.991364
1.05887
1.12408
1.1872
1.24536
1.29287
1.3228
1.32564
1.30428
1.26024
1.19993
1.12868
1.04946
0.966976
0.880021
0.795015
0.711978
0.638942
0.579144
0.54018
0.523266
0.52219
0.533418
0.551572
0.568766
0.586188
0.600339
0.619559
0.646252
0.682004
0.726318
0.771378
0.808413
0.832964
0.832336
0.8164
0.788057
0.754575
0.722698
0.692146
0.663779
0.634948
0.604909
0.575185
0.544232
0.513026
0.481107
0.455785
0.435142
0.428379
0.435257
0.454097
0.481995
0.506513
0.521824
0.519754
0.49835
0.458808
0.409566
0.357588
0.306942
0.261069
0.22581
0.200333
0.184825
0.178647
0.182606
0.197172
0.222986
0.257666
0.302812
0.357038
0.414094
0.473826
0.531009
0.584092
0.628043
0.657346
0.667159
0.656843
0.629617
0.586741
0.538108
0.491781
0.457547
0.440709
0.446712
0.474148
0.523469
0.58894
0.662895
0.737953
0.811168
0.874601
0.92655
0.963351
0.985144
0.996409
0.999518
0.999779
1.00194
1.00787
1.01787
1.03322
1.05241
1.07242
1.08642
1.09554
1.09254
1.07668
1.04893
1.01514
0.974159
0.925023
0.870517
0.80637
0.732875
0.654637
0.571653
0.489546
0.411866
0.343487
0.285172
0.238875
0.206137
0.184424
0.172751
0.165396
0.158469
0.148252
0.134358
0.116132
0.0970837
0.082106
0.0774885
0.086361
0.113498
0.153695
0.205434
0.262302
0.315423
0.355827
0.376375
0.37958
0.367754
0.349549
0.332702
0.320824
0.315112
0.3166
0.321099
0.324235
0.319259
0.309754
0.297094
0.289038
0.293864
0.315415
0.360703
0.427885
0.511733
0.603763
0.687828
0.750383
0.780795
0.775671
0.735892
0.669909
0.589474
0.506264
0.432233
0.38354
0.360707
0.368311
0.395554
0.429985
0.457689
0.466922
0.456135
0.426692
0.386722
0.344348
0.314461
0.306834
0.320848
0.343008
0.344524
0.305957
0.229101
0.143887
0.079447
0.0524397
0.0645191
0.112636
0.181876
0.254491
0.310801
0.337695
0.337077
0.317878
0.292916
0.272027
0.267042
0.286102
0.32799
0.392957
0.478909
0.580935
0.692484
0.803503
0.90542
0.985062
1.03254
1.0438
1.01863
0.961183
0.883672
0.790525
0.695403
0.604584
0.520169
0.448885
0.395509
0.362304
0.353712
0.367295
0.401207
0.447027
0.495453
0.53502
0.562977
0.580255
0.590726
0.600613
0.612195
0.627066
0.64615
0.666702
0.687473
0.710366
0.730377
0.746763
0.752064
0.741256
0.709646
0.65963
0.594778
0.523347
0.450411
0.38222
0.321985
0.273619
0.238059
0.217205
0.210949
0.301367
0.307381
0.328922
0.361878
0.40431
0.449892
0.502088
0.55939
0.61787
0.679351
0.737097
0.789929
0.83297
0.863594
0.881395
0.885334
0.881573
0.875244
0.86798
0.861817
0.855049
0.842103
0.828255
0.815663
0.815432
0.829159
0.858887
0.89505
0.931222
0.952611
0.955425
0.932763
0.890119
0.833116
0.768957
0.70941
0.664802
0.63671
0.626858
0.63034
0.634803
0.627136
0.600208
0.548779
0.483003
0.416824
0.368152
0.347584
0.363986
0.414162
0.497028
0.60568
0.725214
0.846667
0.96199
1.05987
1.13421
1.17763
1.18842
1.16588
1.11252
1.03262
0.936623
0.829504
0.723486
0.62465
0.53438
0.463021
0.412695
0.388428
0.39044
0.4223
0.480719
0.557895
0.647752
0.737521
0.819779
0.884143
0.92291
0.937008
0.923973
0.888827
0.833325
0.765487
0.686553
0.60641
0.523856
0.446071
0.374855
0.315849
0.271711
0.241407
0.228896
0.230989
0.248474
0.277496
0.31451
0.356953
0.402222
0.451144
0.499644
0.545562
0.586953
0.614941
0.625792
0.620765
0.610763
0.610943
0.631911
0.676266
0.743481
0.828313
0.922157
1.02173
1.11917
1.21222
1.29379
1.36315
1.41861
1.46146
1.49332
1.51112
1.51616
1.50781
1.48884
1.45923
1.42399
1.38667
1.34837
1.30919
1.27069
1.22763
1.17873
1.12053
1.05011
0.96904
0.875102
0.77761
0.677916
0.584156
0.504615
0.439299
0.389372
0.35242
0.322513
0.301358
0.288492
0.288933
0.307881
0.346531
0.39911
0.459015
0.517935
0.571437
0.619946
0.666407
0.709428
0.742877
0.761652
0.76613
0.759174
0.748212
0.737196
0.731291
0.735107
0.748222
0.768133
0.789295
0.801444
0.802948
0.786754
0.756679
0.718999
0.682079
0.658959
0.655739
0.677252
0.719519
0.78123
0.855578
0.937072
1.01881
1.09855
1.17347
1.24814
1.31883
1.38276
1.43743
1.47738
1.50161
1.50965
1.50954
1.50534
1.50405
1.50645
1.51151
1.51689
1.51818
1.51083
1.49291
1.47043
1.4365
1.39773
1.35025
1.28784
1.21382
1.13187
1.04825
0.968423
0.898082
0.839898
0.794694
0.765884
0.753316
0.759453
0.781729
0.819865
0.870696
0.931377
0.993764
1.05159
1.09191
1.10686
1.09117
1.04588
0.973787
0.879808
0.770555
0.65303
0.53412
0.424065
0.333764
0.268712
0.234269
0.230873
0.25348
0.301389
0.360519
0.428867
0.500982
0.56929
0.629177
0.673988
0.696889
0.703386
0.690406
0.665903
0.638582
0.614423
0.603257
0.604631
0.619107
0.643027
0.669215
0.696883
0.722092
0.752201
0.788049
0.829884
0.870731
0.905103
0.919684
0.909032
0.869185
0.80197
0.715607
0.622911
0.538398
0.471769
0.431377
0.422378
0.443224
0.493595
0.565739
0.655408
0.750652
0.83848
0.896794
0.920685
0.921156
0.915212
0.92284
0.951933
1.00215
1.0659
1.13833
1.21089
1.28203
1.34852
1.40729
1.4551
1.48731
1.50019
1.49313
1.46327
1.41829
1.3664
1.31269
1.26721
1.23531
1.21884
1.21559
1.22443
1.23778
1.2525
1.2613
1.26223
1.25856
1.24704
1.23144
1.21946
1.20867
1.19569
1.17804
1.15379
1.12215
1.08288
1.03925
0.99238
0.940994
0.884062
0.820464
0.747473
0.666754
0.579735
0.490633
0.399046
0.306319
0.219189
0.13697
0.0630617
0.00187756
-0.0377665
-0.0497835
-0.0301672
0.0171825
0.0904941
0.174653
0.260686
0.351538
0.450807
0.563002
0.683242
0.808115
0.931697
1.04111
1.13239
1.19896
1.23809
1.25169
1.24219
1.21109
1.16711
1.1066
1.03453
0.951205
0.855873
0.751548
0.640757
0.532856
0.439309
0.370676
0.335601
0.333634
0.362923
0.414952
0.476597
0.542452
0.604424
0.65304
0.680493
0.68925
0.679832
0.657841
0.627438
0.59745
0.570625
0.555176
0.552528
0.558688
0.572601
0.592807
0.616408
0.641498
0.666636
0.69227
0.714475
0.736842
0.75975
0.782148
0.801844
0.821266
0.835164
0.849987
0.868093
0.896285
0.936665
0.993601
1.06866
1.15635
1.24904
1.33933
1.41679
1.47318
1.50008
1.49498
1.45153
1.37797
1.27825
1.16061
1.03365
0.909866
0.798008
0.701393
0.627569
0.572004
0.527485
0.484823
0.434391
0.373915
0.303597
0.231301
0.167215
0.12249
0.0991498
0.0981529
0.115797
0.147547
0.189963
0.24784
0.326804
0.430643
0.552225
0.677636
0.791632
0.882374
0.947452
0.985839
1.00137
0.997648
0.97869
0.951878
0.929133
0.912197
0.905074
0.912027
0.929556
0.954885
0.985242
1.01245
1.03736
1.05732
1.07878
1.10527
1.13301
1.15862
1.17628
1.18764
1.19373
1.1978
1.20846
1.22135
1.23521
1.24197
1.23522
1.21343
1.17363
1.12431
1.0728
1.02587
0.990085
0.971155
0.968444
0.977409
0.990795
1.00916
1.02847
1.05092
1.07891
1.1176
1.16885
1.23042
1.29334
1.34819
1.38106
1.38868
1.37433
1.33664
1.28488
1.22483
1.1598
1.09395
1.0294
0.968826
0.91246
0.860726
0.811993
0.761459
0.709358
0.652885
0.591522
0.533475
0.480839
0.436056
0.403845
0.3836
0.372968
0.367658
0.368094
0.371168
0.37773
0.39374
0.420868
0.463251
0.525055
0.606827
0.704964
0.813011
0.919869
1.01063
1.07487
1.08993
1.04411
0.939153
0.802935
0.671293
0.569793
0.51704
0.515831
0.564565
0.655046
0.769846
0.900058
1.02561
1.13461
1.21632
1.26726
1.28966
1.2867
1.26817
1.24201
1.21566
1.18713
1.15711
1.12514
1.09203
1.06191
1.0429
1.0421
1.06297
1.10831
1.18104
1.2756
1.38768
1.5055
1.61893
1.71022
1.76121
1.76437
1.71633
1.62602
1.50557
1.3756
1.25287
1.14775
1.06431
1.00305
0.957698
0.923674
0.900002
0.887255
0.885122
0.891196
0.901822
0.916938
0.935868
0.95683
0.977501
0.996615
1.00573
1.00056
0.979226
0.944027
0.896075
0.837724
0.773133
0.710176
0.650296
0.602652
0.56975
0.561149
0.576782
0.613814
0.661068
0.709719
0.754244
0.792373
0.811446
0.812079
0.798029
0.770787
0.730779
0.682522
0.629594
0.575509
0.527265
0.485361
0.45391
0.435446
0.429662
0.437799
0.456615
0.486934
0.525478
0.570866
0.622154
0.669343
0.715082
0.750079
0.772977
0.790672
0.802345
0.816738
0.837997
0.871135
0.914753
0.969386
1.03686
1.11087
1.19107
1.27521
1.35722
1.43241
1.49521
1.53787
1.55616
1.55378
1.53075
1.49226
1.45061
1.4086
1.37492
1.34911
1.33295
1.32315
1.32149
1.32752
1.3407
1.35726
1.37404
1.3834
1.38059
1.36527
1.33829
1.30485
1.26835
1.23713
1.21158
1.18824
1.16767
1.15099
1.13925
1.14047
1.15758
1.1967
1.25444
1.32482
1.39615
1.4527
1.47847
1.46458
1.41017
1.31826
1.19998
1.07111
0.942408
0.829499
0.740572
0.677568
0.635517
0.604561
0.576668
0.54902
0.520991
0.497911
0.481784
0.480146
0.496387
0.535294
0.591825
0.662073
0.74282
0.829454
0.918088
1.00352
1.08539
1.15885
1.22016
1.26693
1.30172
1.321
1.32893
1.32557
1.31072
1.27697
1.21759
1.12667
1.0079
0.869288
0.72474
0.587881
0.473073
0.388041
0.336739
0.32386
0.344421
0.398616
0.477803
0.575295
0.684912
0.797999
0.907074
1.00445
1.08568
1.14657
1.18459
1.20265
1.20448
1.19608
1.18199
1.16663
1.15543
1.14453
1.13148
1.1119
1.07946
1.03533
0.983863
0.932579
0.883722
0.846899
0.82911
0.828934
0.845374
0.872654
0.902038
0.927361
0.940416
0.941905
0.934411
0.924333
0.912235
0.901447
0.893203
0.882878
0.871618
0.857332
0.835376
0.80548
0.76688
0.717397
0.663855
0.609607
0.558651
0.516818
0.488337
0.479639
0.486419
0.513519
0.553532
0.605433
0.662777
0.719879
0.765937
0.793745
0.798678
0.784891
0.762389
0.746013
0.744962
0.759809
0.793841
0.840788
0.889027
0.935742
0.970637
0.996778
1.01255
1.02163
1.02593
1.02077
1.00855
0.987433
0.957099
0.91549
0.870891
0.824408
0.783319
0.751216
0.727643
0.712729
0.702499
0.697418
0.69634
0.695
0.693474
0.687053
0.679271
0.66398
0.645702
0.629822
0.624443
0.633769
0.659918
0.701595
0.748449
0.798795
0.849297
0.895482
0.935421
0.970758
0.998303
1.01749
1.02496
1.01657
0.995824
0.965812
0.927728
0.889259
0.856926
0.833325
0.822359
0.82089
0.824619
0.831281
0.833626
0.831153
0.821979
0.812642
0.803935
0.8016
0.808845
0.829607
0.866977
0.92056
0.988944
1.06376
1.13818
1.19778
1.22849
1.22424
1.18308
1.11098
1.01264
0.908782
0.809951
0.726458
0.666767
0.639651
0.646777
0.687977
0.758586
0.844953
0.935783
1.01083
1.06198
1.08792
1.09381
1.09661
1.10037
1.11657
1.14041
1.16488
1.17707
1.15553
1.08673
0.974
0.841268
0.705784
0.586106
0.495135
0.435942
0.408908
0.410696
0.438701
0.49039
0.561631
0.644086
0.726923
0.794008
0.836103
0.852848
0.857017
0.863873
0.887926
0.929325
0.990364
1.06328
1.14828
1.23854
1.32438
1.39463
1.43563
1.44029
1.42166
1.3947
1.37607
1.36707
1.36866
1.37772
1.39387
1.41089
1.42565
1.4388
1.44465
1.43813
1.42022
1.38846
1.34592
1.29929
1.25459
1.21752
1.19054
1.17779
1.17512
1.18577
1.2055
1.23022
1.2582
1.28408
1.30722
1.32324
1.33737
1.35093
1.36403
1.37477
1.37645
1.36597
1.33897
1.29638
1.23528
1.15795
1.0685
0.971948
0.871107
0.773552
0.685184
0.607993
0.549569
0.510094
0.486307
0.475582
0.473406
0.473179
0.472412
0.468484
0.466117
0.468296
0.478793
0.499302
0.53369
0.584982
0.655028
0.741835
0.836797
0.931056
1.01479
1.08046
1.13071
1.172
1.21293
1.25516
1.29742
1.32998
1.34871
1.34863
1.32876
1.29552
1.25567
1.21376
1.17816
1.15362
1.13885
1.13836
1.14877
1.16742
1.19091
1.2163
1.23866
1.25363
1.25454
1.23834
1.2076
1.16596
1.11767
1.06718
1.01675
0.971304
0.937802
0.915558
0.906788
0.977696
0.980567
0.989907
0.993319
0.983334
0.965823
0.947481
0.94645
0.96941
1.01245
1.06241
1.09926
1.10482
1.0735
1.01101
0.934919
0.861896
0.800978
0.759545
0.743364
0.753607
0.79857
0.871632
0.963115
1.06293
1.15594
1.22456
1.26493
1.27268
1.25263
1.21467
1.16359
1.10777
1.05382
1.00566
0.962196
0.929308
0.908192
0.894135
0.890687
0.890509
0.897695
0.90691
0.916275
0.925148
0.93264
0.938447
0.938623
0.936683
0.936666
0.944
0.963265
0.992796
1.0312
1.07629
1.12464
1.17449
1.22565
1.28156
1.33635
1.3762
1.38662
1.35682
1.28571
1.18323
1.06859
0.963286
0.874565
0.809174
0.765996
0.746633
0.74539
0.764983
0.803454
0.852961
0.904737
0.949103
0.978076
0.98654
0.978652
0.959065
0.936212
0.913621
0.887553
0.854607
0.814393
0.767413
0.721335
0.681672
0.659734
0.651716
0.655998
0.663768
0.666343
0.665781
0.665899
0.669429
0.683318
0.706604
0.738254
0.784274
0.844725
0.916786
0.994596
1.0687
1.1363
1.18662
1.21647
1.2294
1.22834
1.21554
1.20097
1.18652
1.17401
1.16562
1.16281
1.16523
1.17184
1.17932
1.18556
1.18924
1.18743
1.1807
1.17161
1.16469
1.16668
1.17286
1.18234
1.19095
1.19491
1.19163
1.17875
1.15966
1.13563
1.11736
1.11253
1.12302
1.14966
1.19836
1.25963
1.3223
1.37314
1.4053
1.41342
1.40525
1.38814
1.36627
1.33706
1.30025
1.25262
1.19309
1.12189
1.03992
0.953574
0.868433
0.793301
0.737009
0.705365
0.705512
0.734435
0.787809
0.857826
0.931524
0.998772
1.04898
1.08391
1.10018
1.10207
1.0975
1.08802
1.07365
1.05967
1.0463
1.03592
1.03368
1.04141
1.05829
1.08382
1.11288
1.14219
1.17974
1.22715
1.28626
1.35581
1.4238
1.47987
1.50896
1.50728
1.4781
1.43195
1.38203
1.33956
1.31117
1.29976
1.31035
1.33974
1.38532
1.43854
1.48634
1.51819
1.52172
1.48935
1.42265
1.3319
1.22708
1.12639
1.04143
0.98455
0.958675
0.959074
0.981143
1.0168
1.05305
1.08354
1.09864
1.08859
1.05855
1.01594
0.969398
0.923191
0.876652
0.826251
0.775573
0.721601
0.673691
0.641721
0.630235
0.649536
0.696962
0.77512
0.87702
0.997962
1.12936
1.26604
1.40226
1.53482
1.66007
1.7759
1.87498
1.94668
1.98607
1.99456
1.97549
1.93991
1.8985
1.86108
1.8357
1.83104
1.84833
1.88666
1.94017
2.00184
2.05937
2.10732
2.14076
2.15179
2.14387
2.11182
2.05516
1.97488
1.87066
1.75143
1.62756
1.50707
1.40267
1.31617
1.242
1.17498
1.11262
1.05781
1.01256
0.983234
0.970354
0.968079
0.969496
0.97451
0.977197
0.979331
0.981065
0.98556
0.996894
1.01533
1.04195
1.0677
1.08866
1.09854
1.0901
1.05567
0.995964
0.913053
0.813484
0.71355
0.619985
0.541483
0.483658
0.446139
0.430739
0.43008
0.445124
0.470733
0.501174
0.52775
0.550821
0.563709
0.569465
0.57507
0.585515
0.609177
0.645455
0.695964
0.759729
0.831333
0.902821
0.965758
1.01297
1.04052
1.04831
1.0378
1.01422
0.984499
0.954598
0.928003
0.910247
0.897195
0.887735
0.878358
0.863198
0.841798
0.809028
0.77055
0.724361
0.675982
0.625689
0.578563
0.539191
0.510201
0.496318
0.49474
0.507564
0.535404
0.577574
0.630368
0.698823
0.777895
0.86421
0.949801
1.03002
1.09699
1.14876
1.17823
1.18521
1.16977
1.13857
1.10266
1.06879
1.05074
1.0557
1.08621
1.14031
1.21166
1.29148
1.36935
1.43108
1.46444
1.46657
1.44153
1.39595
1.34395
1.29285
1.257
1.24433
1.25468
1.28553
1.32838
1.37082
1.397
1.39952
1.37001
1.31547
1.24675
1.17324
1.10784
1.06199
1.04074
1.04842
1.08513
1.14671
1.22502
1.32046
1.42492
1.53578
1.64669
1.75545
1.85147
1.92088
1.94447
1.91271
1.83422
1.72805
1.62098
1.52313
1.44408
1.38033
1.3336
1.29961
1.26958
1.23796
1.20167
1.16795
1.14406
1.13659
1.14735
1.17319
1.21496
1.26545
1.31866
1.37089
1.41348
1.43502
1.42486
1.37874
1.29007
1.16933
1.03279
0.898807
0.787553
0.711483
0.682169
0.696906
0.749094
0.827255
0.915296
1.00743
1.0964
1.18269
1.26372
1.342
1.415
1.48036
1.53863
1.59276
1.64399
1.69401
1.74324
1.7914
1.83847
1.8739
1.88893
1.87006
1.80917
1.70909
1.58032
1.43292
1.28027
1.13564
1.0087
0.90732
0.832144
0.782946
0.757049
0.749438
0.754446
0.770421
0.792024
0.825956
0.866104
0.911563
0.967266
1.02894
1.09438
1.15508
1.20498
1.23653
1.24296
1.22164
1.17391
1.10973
1.04017
0.977689
0.932624
0.910874
0.911414
0.926533
0.944757
0.957204
0.966742
0.985807
1.02479
1.08738
1.16738
1.25198
1.33549
1.4077
1.44961
1.45277
1.41475
1.34293
1.25923
1.18271
1.12951
1.10696
1.11618
1.15056
1.20643
1.2725
1.34645
1.42168
1.49586
1.57007
1.6371
1.69458
1.73545
1.75356
1.74422
1.70758
1.65385
1.59401
1.53943
1.50091
1.4849
1.49044
1.51046
1.53216
1.54785
1.54488
1.51571
1.46265
1.39324
1.31114
1.22925
1.1574
1.09429
1.04184
1.00183
0.976964
0.967689
0.970736
0.983826
0.996347
0.997297
0.9828
0.941111
0.866536
0.768587
0.658963
0.55879
0.480647
0.436034
0.425872
0.450656
0.506298
0.589443
0.694142
0.813344
0.936797
1.0587
1.16876
1.25656
1.32109
1.36514
1.39371
1.4117
1.4204
1.4185
1.40616
1.37964
1.33839
1.28015
1.20823
1.12929
1.05006
0.978965
0.920968
0.879469
0.855449
0.845637
0.847857
0.858623
0.878851
0.911526
0.957396
1.01675
1.08758
1.16488
1.24651
1.32205
1.39324
1.45438
1.50422
1.54054
1.56651
1.57778
1.57236
1.55681
1.53694
1.52308
1.52134
1.5326
1.55946
1.59558
1.63625
1.67143
1.6969
1.70383
1.68755
1.65063
1.59495
1.52922
1.46046
1.39358
1.33927
1.29634
1.2721
1.26725
1.28145
1.31027
1.34443
1.37629
1.39866
1.40666
1.39702
1.37589
1.34855
1.32763
1.32698
1.35172
1.39847
1.45683
1.51018
1.54822
1.55902
1.54082
1.49841
1.43846
1.37015
1.30296
1.24537
1.20245
1.17579
1.16749
1.17972
1.21146
1.26324
1.3344
1.42066
1.50793
1.58964
1.6499
1.68483
1.68779
1.66473
1.62335
1.57159
1.52156
1.47803
1.44498
1.42288
1.41572
1.42445
1.44936
1.48784
1.52531
1.54908
1.5461
1.51532
1.46169
1.39656
1.33387
1.27886
1.23375
1.19167
1.13943
1.07183
0.988699
0.897335
0.812266
0.742522
0.694973
0.672279
0.672342
0.685433
0.712769
0.747094
0.782109
0.815655
0.849413
0.888709
0.933609
0.981153
1.02772
1.06773
1.10047
1.12567
1.1454
1.16184
1.17172
1.17277
1.16307
1.14241
1.10409
1.05194
0.988354
0.923842
0.866781
0.827675
0.806331
0.80335
0.817037
0.836851
0.862715
0.89234
0.921155
0.950229
0.978008
1.00606
1.03703
1.06955
1.1039
1.14379
1.18003
1.21238
1.2389
1.25329
1.25271
1.23385
1.20077
1.15846
1.116
1.07822
1.05323
1.04298
1.04411
1.05009
1.05384
1.05223
1.04566
1.05012
1.07345
1.11941
1.1734
1.21879
1.23382
1.21274
1.16134
1.0912
1.01959
0.956686
0.910124
0.8802
0.862414
0.854555
0.847451
0.836302
0.816322
0.785923
0.754029
0.725057
0.701821
0.689191
0.682784
0.684764
0.687307
0.691342
0.697277
0.709166
0.73293
0.780745
0.859262
0.971431
1.10946
1.2598
1.40158
1.52313
1.61545
1.67252
1.6977
1.69188
1.66111
1.61388
1.56355
1.52362
1.50476
1.50965
1.53086
1.55825
1.56463
1.53144
1.46829
1.40178
1.35232
1.33177
1.33384
1.34652
1.35875
1.36501
1.35712
1.33604
1.29961
1.25034
1.19204
1.13176
1.07565
1.02492
0.980729
0.940259
0.906032
0.875284
0.851141
0.830656
0.819084
0.812475
0.807803
0.801849
0.78804
0.771671
0.756204
0.743381
0.735731
0.74192
0.761315
0.796285
0.846246
0.910488
0.988005
1.07215
1.15677
1.23327
1.29062
1.32062
1.32047
1.29951
1.26278
1.22374
1.18622
1.16011
1.14367
1.13658
1.1371
1.14505
1.15226
1.16049
1.16187
1.1572
1.14644
1.13326
1.11887
1.10897
1.105
1.11105
1.12367
1.14541
1.17859
1.22599
1.28964
1.36767
1.44834
1.52194
1.57276
1.59084
1.57001
1.51493
1.44099
1.35841
1.28252
1.22082
1.17567
1.14651
1.13036
1.12828
1.13417
1.14598
1.16317
1.18389
1.2089
1.23287
1.2526
1.26153
1.25585
1.23389
1.19898
1.15184
1.0948
1.02878
0.955584
0.879258
0.809393
0.753442
0.71966
0.716507
0.743897
0.799714
0.870035
0.942925
1.00639
1.05485
1.09069
1.11674
1.13967
1.16967
1.2035
1.24662
1.29255
1.33546
1.37158
1.40244
1.42007
1.42426
1.41462
1.39226
1.36282
1.32817
1.28846
1.24144
1.18993
1.1339
1.08067
1.03538
1.00687
0.994909
1.00428
1.03084
1.07288
1.12611
1.18411
1.24077
1.29114
1.3234
1.32833
1.30093
1.24534
1.17271
1.09035
1.01626
0.954855
0.920702
0.921051
0.96043
1.03962
1.1493
1.2786
1.41182
1.5315
1.6284
1.69943
1.74964
1.78909
1.82543
1.86301
1.89962
1.92559
1.94214
1.94413
1.92432
1.88659
1.82663
1.74395
1.64619
1.53989
1.43634
1.3452
1.27265
1.22132
1.19051
1.17062
1.15659
1.14373
1.13065
1.11607
1.10088
1.091
1.08586
1.08592
1.08673
1.08033
1.06483
1.03615
0.995263
0.950453
0.900338
0.853428
0.813979
0.782357
0.76039
0.743483
0.726946
0.716427
0.721504
0.751688
0.812469
0.895987
0.984472
1.0591
1.11793
1.16363
1.20584
1.24328
1.27411
1.29089
1.29391
1.27826
1.24947
1.30518
1.27154
1.24459
1.22982
1.22234
1.22519
1.23878
1.25683
1.27658
1.28872
1.29293
1.28343
1.27329
1.26927
1.28591
1.32685
1.39146
1.46244
1.52489
1.55282
1.53931
1.49258
1.42577
1.3608
1.31236
1.29164
1.30104
1.33849
1.39852
1.47254
1.54895
1.61907
1.67651
1.72319
1.75526
1.76721
1.74717
1.69126
1.59717
1.4744
1.33148
1.17699
1.03095
0.898473
0.787761
0.707643
0.653641
0.626402
0.621949
0.639966
0.677729
0.736834
0.815102
0.904479
1.00078
1.09904
1.19831
1.30115
1.40566
1.51439
1.62282
1.72549
1.80176
1.83643
1.81075
1.72726
1.60278
1.47177
1.36268
1.28857
1.25176
1.24267
1.24902
1.2566
1.25929
1.2581
1.26195
1.27852
1.32048
1.38935
1.48416
1.60591
1.74443
1.88958
2.02875
2.15263
2.24442
2.30179
2.32476
2.31277
2.27114
2.19622
2.09322
1.96528
1.81594
1.66029
1.5101
1.38021
1.28342
1.22557
1.20734
1.23005
1.28205
1.3576
1.43719
1.50587
1.54819
1.5527
1.51742
1.44499
1.34435
1.22988
1.11309
1.00567
0.918276
0.854781
0.81504
0.794675
0.787291
0.78156
0.768457
0.750962
0.735648
0.730903
0.735977
0.754809
0.787271
0.834102
0.894865
0.967269
1.04474
1.1176
1.1755
1.20739
1.20883
1.18075
1.13342
1.07604
1.01939
0.969701
0.928333
0.898859
0.880244
0.87113
0.865323
0.863207
0.868096
0.887024
0.927536
0.996386
1.0981
1.22693
1.37174
1.51534
1.63973
1.72932
1.78149
1.80492
1.80447
1.78219
1.74014
1.68209
1.61111
1.5386
1.4684
1.40629
1.35304
1.31204
1.28342
1.26845
1.2724
1.30048
1.34881
1.41298
1.48451
1.54813
1.59666
1.6229
1.63526
1.64501
1.66309
1.6984
1.74655
1.80063
1.84949
1.8849
1.90183
1.89919
1.88936
1.88238
1.89247
1.92366
1.96792
2.00787
2.02299
2.00855
1.97108
1.92358
1.86673
1.80083
1.72544
1.64142
1.55277
1.46661
1.39508
1.34159
1.30985
1.29389
1.28919
1.28964
1.29485
1.30468
1.32199
1.34201
1.35502
1.36317
1.36917
1.36906
1.36023
1.3401
1.31636
1.29077
1.26127
1.23178
1.19742
1.16058
1.1237
1.0929
1.06838
1.05742
1.058
1.06719
1.08815
1.11941
1.156
1.18323
1.18983
1.16955
1.12399
1.06212
0.99923
0.94465
0.913714
0.914575
0.944904
0.997784
1.0678
1.14833
1.23061
1.30605
1.36898
1.42279
1.4698
1.5147
1.55762
1.59563
1.6205
1.6306
1.62243
1.60866
1.59956
1.60044
1.61479
1.64118
1.67585
1.7109
1.74405
1.76965
1.78936
1.80428
1.81734
1.83398
1.84735
1.85728
1.85625
1.84294
1.81922
1.78367
1.74474
1.70832
1.68023
1.66299
1.66288
1.67853
1.7038
1.72689
1.73312
1.71161
1.66679
1.60868
1.54705
1.47874
1.40629
1.32361
1.23868
1.15972
1.09828
1.06213
1.05476
1.0774
1.1268
1.19734
1.281
1.37171
1.45905
1.53752
1.6016
1.66177
1.71985
1.7773
1.83431
1.88301
1.91922
1.9408
1.94915
1.94582
1.93608
1.92153
1.90749
1.89983
1.89669
1.90635
1.91984
1.93576
1.94133
1.92431
1.87715
1.80131
1.69778
1.5887
1.48662
1.39929
1.33604
1.29967
1.28431
1.28152
1.28803
1.30294
1.32689
1.36155
1.39999
1.43834
1.47243
1.49266
1.50139
1.50088
1.48711
1.45801
1.41296
1.35176
1.28303
1.2186
1.1685
1.14229
1.146
1.17916
1.2383
1.32031
1.41556
1.51557
1.61043
1.68369
1.7233
1.72803
1.69795
1.64244
1.57448
1.50523
1.44253
1.39542
1.37248
1.36955
1.38492
1.4167
1.45809
1.50991
1.57038
1.63803
1.70882
1.77351
1.81952
1.84151
1.83173
1.79525
1.74558
1.69202
1.64782
1.61827
1.60555
1.6093
1.61779
1.62138
1.6084
1.57689
1.53335
1.48953
1.45699
1.4442
1.45613
1.49151
1.54306
1.59686
1.63999
1.65623
1.63071
1.56169
1.45881
1.34306
1.23122
1.136
1.06022
1.003
0.961368
0.924833
0.893268
0.868359
0.851137
0.851243
0.869309
0.902988
0.950311
1.01044
1.08108
1.15875
1.24425
1.33412
1.427
1.52843
1.639
1.75535
1.86593
1.95575
2.01964
2.06431
2.10392
2.1385
2.14852
2.12388
2.05579
1.9607
1.85493
1.74259
1.6317
1.52517
1.42655
1.34305
1.27839
1.23202
1.20594
1.20135
1.21941
1.2617
1.32654
1.41155
1.50369
1.59369
1.66704
1.71676
1.73855
1.73367
1.70451
1.65056
1.57815
1.49347
1.40439
1.31704
1.24249
1.17866
1.13396
1.10568
1.094
1.09295
1.10386
1.11731
1.12344
1.1166
1.0981
1.06994
1.05125
1.04751
1.07005
1.12056
1.19818
1.2977
1.4131
1.52965
1.64164
1.74079
1.82054
1.87978
1.91617
1.92962
1.9226
1.89873
1.86186
1.81387
1.76048
1.70783
1.65979
1.6181
1.5826
1.54868
1.50961
1.45749
1.39571
1.32749
1.25333
1.1814
1.11478
1.05366
1.00401
0.962136
0.931235
0.911158
0.900051
0.901466
0.914788
0.939007
0.977795
1.03289
1.10206
1.18475
1.27628
1.37281
1.46505
1.55431
1.63752
1.70835
1.7669
1.80906
1.83245
1.83827
1.82657
1.80089
1.75729
1.70038
1.6306
1.56036
1.49813
1.45452
1.42757
1.41849
1.42053
1.42177
1.41748
1.40364
1.389
1.38654
1.40432
1.44744
1.51388
1.59295
1.6788
1.76289
1.8382
1.89542
1.93378
1.95344
1.95169
1.92132
1.85203
1.73408
1.57396
1.3904
1.20198
1.02648
0.874125
0.751334
0.661421
0.606762
0.589587
0.60478
0.657815
0.742373
0.853004
0.97141
1.07865
1.16064
1.21331
1.23993
1.24268
1.22728
1.19739
1.16439
1.14097
1.13233
1.14337
1.17469
1.2196
1.27513
1.33338
1.38833
1.43276
1.45606
1.45768
1.43041
1.37996
1.31492
1.23981
1.1674
1.10388
1.05674
1.02922
1.01902
1.02524
1.04021
1.06267
1.0888
1.11782
1.15382
1.19651
1.24974
1.30583
1.36029
1.40892
1.45335
1.4966
1.53404
1.55505
1.54967
1.51816
1.47221
1.42849
1.40235
1.40021
1.42508
1.46814
1.52475
1.58627
1.64371
1.69473
1.73869
1.77461
1.80568
1.8274
1.83858
1.84597
1.85381
1.86184
1.87333
1.88138
1.88032
1.86826
1.85287
1.84383
1.84307
1.84391
1.83597
1.80992
1.75783
1.67854
1.58268
1.48084
1.38802
1.31388
1.27042
1.25765
1.27568
1.32417
1.39627
1.48515
1.57937
1.66008
1.71257
1.72702
1.70034
1.64412
1.57599
1.50437
1.43823
1.38207
1.33974
1.30819
1.29146
1.29065
1.30706
1.34008
1.3943
1.46529
1.54813
1.63234
1.7078
1.76807
1.81083
1.83312
1.8339
1.81125
1.76875
1.71073
1.64631
1.58945
1.55243
1.54521
1.56874
1.61645
1.67965
1.74374
1.79014
1.80693
1.79374
1.75724
1.71136
1.67374
1.6557
1.66185
1.68643
1.71481
1.73576
1.74308
1.74265
1.74255
1.75197
1.76778
1.78824
1.80759
1.82105
1.82982
1.83382
1.83201
1.8245
1.81125
1.79213
1.76839
1.74565
1.73078
1.72412
1.73058
1.74623
1.76501
1.78444
1.79476
1.79071
1.77516
1.74569
1.71064
1.67324
1.63657
1.60356
1.57541
1.54758
1.5212
1.49347
1.46667
1.44496
1.4332
1.44016
1.46365
1.50895
1.56939
1.63545
1.70452
1.76683
1.81925
1.85831
1.88915
1.91905
1.95334
1.99357
2.03913
2.08473
2.12496
2.15101
2.15669
2.13928
2.09524
2.03087
1.95008
1.85992
1.76663
1.68158
1.61163
1.56028
1.52355
1.50041
1.4859
1.46579
1.42921
1.38736
1.35145
1.32843
1.32338
1.33653
1.35795
1.38107
1.40246
1.42001
1.43286
1.4443
1.45834
1.47835
1.50214
1.52559
1.54274
1.54886
1.54766
1.54918
1.55518
1.55998
1.55799
1.54197
1.52011
1.50149
1.49103
1.49826
1.51929
1.55032
1.58579
1.61896
1.64176
1.65317
1.64812
1.63288
1.6088
1.57621
1.54272
1.50463
1.46589
1.43255
1.40769
1.4011
1.41418
1.4532
1.51558
1.59758
1.69553
1.79805
1.899
1.98704
2.05325
2.0875
2.089
2.0598
2.01038
1.94804
1.88665
1.83896
1.81342
1.80983
1.82008
1.83295
1.83705
1.82982
1.81706
1.80323
1.79521
1.79538
1.8064
1.8273
1.85701
1.89675
1.94337
1.99008
2.02989
2.05571
2.06308
2.04665
2.01293
1.96331
1.89937
1.82866
1.74996
1.66795
1.58382
1.50787
1.44721
1.40972
1.40346
1.42779
1.48248
1.56786
1.67668
1.80487
1.94331
2.08487
2.21812
2.31749
2.36367
2.35729
2.31203
2.24698
2.1829
2.13384
2.11032
2.11026
2.12457
2.13728
2.13772
2.11149
2.06157
1.98761
1.90219
1.81993
1.75069
1.70129
1.67327
1.66244
1.66379
1.67425
1.68302
1.68656
1.68131
1.6661
1.64017
1.60401
1.55818
1.51228
1.4751
1.45614
1.46268
1.4815
1.48546
1.45025
1.38016
1.2944
1.2197
1.16862
1.14706
1.15044
1.1721
1.19764
1.2177
1.21852
1.1961
1.15219
1.09044
1.0278
0.974254
0.944949
0.945293
0.978406
1.04022
1.12057
1.20962
1.29442
1.37007
1.43821
1.49393
1.54329
1.58074
1.60568
1.60677
1.57701
1.51415
1.42119
1.3066
1.18224
1.0603
0.9533
0.871123
0.817554
0.794169
0.798263
0.829135
0.878423
0.938199
0.998378
1.05431
1.09909
1.13338
1.16023
1.18379
1.20981
1.24154
1.27135
1.297
1.31334
1.31784
1.30427
1.27662
1.23555
1.18951
1.14884
1.12119
1.11415
1.12879
1.16218
1.20111
1.23245
1.24749
1.24419
1.23092
1.22202
1.22634
1.256
1.31133
1.38828
1.48906
1.60617
1.72418
1.83355
1.91536
1.96115
1.96991
1.95073
1.91656
1.87168
1.82107
1.76918
1.71582
1.66147
1.6076
1.62702
1.57755
1.53761
1.51335
1.5034
1.51222
1.5332
1.56484
1.60281
1.64289
1.67645
1.70541
1.72511
1.73744
1.74508
1.74792
1.74833
1.74763
1.74683
1.74478
1.73703
1.71998
1.69238
1.64945
1.59423
1.52523
1.45562
1.39025
1.33717
1.30183
1.28305
1.2765
1.27638
1.27799
1.27661
1.27354
1.27679
1.28843
1.31188
1.35333
1.40769
1.47763
1.56321
1.66338
1.78075
1.9011
2.00781
2.07732
2.09311
2.05724
1.99415
1.93162
1.88906
1.87657
1.89762
1.94188
1.9929
2.04328
2.08099
2.10695
2.12399
2.13217
2.12541
2.09499
2.03338
1.93727
1.81844
1.69269
1.57313
1.47767
1.40225
1.34685
1.30938
1.28907
1.2815
1.28532
1.29881
1.3186
1.34278
1.36596
1.38973
1.40784
1.42331
1.43902
1.45645
1.47775
1.50255
1.52495
1.53865
1.53305
1.50537
1.44966
1.37399
1.28355
1.18267
1.0789
0.975727
0.878145
0.785541
0.702523
0.632942
0.583264
0.565105
0.580589
0.622584
0.683644
0.743931
0.786183
0.810908
0.826196
0.847099
0.883021
0.941324
1.01902
1.10834
1.20159
1.29434
1.38484
1.47539
1.56411
1.64834
1.72394
1.78495
1.82669
1.85071
1.85569
1.84774
1.82873
1.7924
1.73414
1.6558
1.56026
1.45472
1.34689
1.24189
1.14533
1.05923
0.986061
0.92972
0.897834
0.893217
0.923067
0.986298
1.07615
1.19093
1.32764
1.47525
1.61993
1.74522
1.83893
1.89687
1.92028
1.91099
1.88321
1.84289
1.80841
1.77948
1.76489
1.7616
1.76281
1.7635
1.75632
1.73992
1.71998
1.69923
1.6868
1.68618
1.69596
1.70819
1.71604
1.72353
1.73774
1.75956
1.78738
1.81812
1.85034
1.8808
1.90515
1.91865
1.91582
1.89302
1.85032
1.79528
1.73426
1.67414
1.62278
1.58072
1.55062
1.52967
1.51779
1.51965
1.53324
1.5586
1.59737
1.64766
1.7081
1.77275
1.83807
1.90251
1.9605
2.00873
2.04331
2.05535
2.04463
2.01048
1.95458
1.87728
1.78425
1.68019
1.57344
1.47248
1.38756
1.32733
1.29474
1.2879
1.29902
1.31959
1.33236
1.33597
1.32491
1.30108
1.28019
1.28079
1.31484
1.39288
1.51486
1.67364
1.85491
2.02998
2.16335
2.22158
2.19791
2.1123
2.00044
1.8902
1.79537
1.72057
1.66131
1.61818
1.58262
1.55066
1.52551
1.50778
1.50605
1.52867
1.57475
1.63957
1.71037
1.77199
1.81701
1.83774
1.83619
1.81513
1.77643
1.72808
1.67657
1.62786
1.58769
1.56262
1.55823
1.57019
1.59996
1.63575
1.66384
1.68088
1.67905
1.66672
1.64987
1.63335
1.62585
1.62888
1.64021
1.66302
1.69254
1.72504
1.75859
1.79001
1.82114
1.85683
1.8963
1.9403
1.9892
2.04345
2.09943
2.15123
2.19758
2.23396
2.25223
2.24983
2.22696
2.18422
2.1256
2.05992
1.99864
1.95235
1.93053
1.93919
1.98093
2.05701
2.15871
2.27561
2.39269
2.4991
2.58137
2.62803
2.63443
2.60235
2.54075
2.46196
2.37524
2.29351
2.228
2.18403
2.16449
2.16297
2.17183
2.18023
2.17781
2.15712
2.11261
2.04904
1.97066
1.88512
1.79923
1.72164
1.66259
1.62705
1.61428
1.62117
1.644
1.6765
1.71745
1.76866
1.8266
1.88373
1.93355
1.96556
1.9814
1.98264
1.97256
1.95576
1.92723
1.88763
1.82836
1.75313
1.66027
1.56042
1.45735
1.36121
1.27795
1.21299
1.16677
1.14426
1.14282
1.16463
1.20557
1.25979
1.31993
1.37282
1.42291
1.47452
1.53716
1.61771
1.71288
1.81535
1.90571
1.96861
1.9932
1.97895
1.93328
1.86238
1.77511
1.68032
1.58221
1.48572
1.39537
1.31717
1.25717
1.21658
1.19715
1.19188
1.19505
1.19872
1.1994
1.19667
1.19789
1.20523
1.22571
1.26013
1.3141
1.38824
1.4787
1.57504
1.6638
1.73342
1.77704
1.79021
1.77192
1.72602
1.66035
1.58821
1.52003
1.46878
1.44545
1.45326
1.49366
1.56829
1.67278
1.79141
1.91061
2.00911
2.07698
2.11227
2.12173
2.10292
2.06339
2.0025
1.92152
1.82651
1.72591
1.62713
1.53848
1.46623
1.41392
1.377
1.35972
1.3576
1.36862
1.39039
1.4176
1.44452
1.47377
1.50478
1.54516
1.5984
1.6665
1.74698
1.82696
1.8964
1.94441
1.96181
1.94489
1.89523
1.82783
1.74583
1.66012
1.58247
1.51607
1.46814
1.44354
1.44411
1.47371
1.53108
1.60716
1.68709
1.75849
1.80635
1.82275
1.81207
1.77731
1.72831
1.67558
1.62833
1.59225
1.56667
1.55492
1.55126
1.55848
1.57313
1.59488
1.62258
1.65751
1.69903
1.75251
1.81554
1.88742
1.96907
2.05609
2.14261
2.21554
2.26526
2.28055
2.25628
2.19373
2.1026
1.99841
1.88285
1.77216
1.67425
1.5833
1.50808
1.45021
1.41516
1.40357
1.41498
1.43971
1.47043
1.49819
1.51851
1.52862
1.53296
1.54034
1.56002
1.59705
1.65507
1.73277
1.81827
1.90815
1.99342
2.06939
2.13521
2.18957
2.23324
2.26868
2.29379
2.31447
2.32607
2.33154
2.32941
2.32908
2.33878
2.36281
2.40371
2.45913
2.51964
2.57404
2.61247
2.62961
2.6212
2.59058
2.53726
2.46389
2.37154
2.26185
2.14898
2.03873
1.94582
1.87245
1.82451
1.79332
1.76806
1.74529
1.71611
1.68461
1.65757
1.6424
1.64209
1.6503
1.65882
1.6574
1.64043
1.61559
1.59119
1.58166
1.58624
1.60884
1.65023
1.71386
1.79821
1.90376
2.03037
2.16955
2.31377
2.45075
2.56823
2.65337
2.69617
2.69634
2.65839
2.595
2.5186
2.43416
2.34642
2.25459
2.15758
2.05841
1.9683
1.89251
1.83136
1.78634
1.7562
1.73284
1.71766
1.70487
1.68658
1.65796
1.61852
1.56706
1.51764
1.47924
1.46684
1.48455
1.53322
1.60134
1.67909
1.74901
1.80081
1.82916
1.82981
1.8038
1.75161
1.67765
1.59093
1.50203
1.42502
1.3716
1.34216
1.33641
1.34633
1.36509
1.38014
1.39186
1.39899
1.40456
1.41471
1.42942
1.45151
1.47844
1.51013
1.54567
1.58032
1.6177
1.65124
1.68067
1.70564
1.72374
1.73781
1.74464
1.74397
1.73682
1.72696
1.71994
1.72061
1.735
1.75912
1.7927
1.83232
1.87673
1.92822
1.98298
2.04079
2.09944
2.15593
2.19802
2.21721
2.20722
2.16266
2.08397
1.98298
1.87146
1.75978
1.65764
1.56877
1.49823
1.44194
1.39073
1.33811
1.27699
1.20812
1.13841
1.07656
1.02762
0.989492
0.96108
0.937078
0.916028
0.901592
0.900534
0.918679
0.955339
1.00454
1.05771
1.10497
1.14933
1.19234
1.23337
1.27335
1.30925
1.3427
1.3766
1.41259
1.44508
1.46678
1.47581
1.46743
1.43495
1.37787
1.30357
1.22123
1.14675
1.08805
1.04984
1.03793
1.05165
1.08375
1.12716
1.17358
1.21266
1.23236
1.21635
1.1658
1.08666
0.992801
0.905615
0.842729
0.813039
0.819942
0.861707
0.933914
1.03747
1.16509
1.30658
1.4451
1.55487
1.60979
1.61262
1.57858
1.52695
1.47694
1.42949
1.38089
1.32677
1.26822
1.20989
1.16014
1.12857
1.12035
1.13687
1.17844
1.23922
1.31473
1.39805
1.48447
1.56611
1.63448
1.68289
1.71228
1.72022
1.71063
1.68873
1.66149
1.63971
1.6277
1.63209
1.65319
1.68421
1.71855
1.74869
1.76235
1.7502
1.70881
1.63793
1.5452
1.43527
1.32128
1.20907
1.10621
1.01708
0.943658
0.88648
0.840702
0.808288
0.785672
0.776057
0.778208
0.794171
0.828201
0.888658
0.981641
1.10575
1.25509
1.41106
1.5542
1.67001
1.75146
1.80054
1.82138
1.80492
1.75117
1.65326
1.51121
1.33662
1.15062
0.977257
0.839659
0.748531
0.707431
0.711666
0.751948
0.814942
0.887087
0.959219
1.0287
1.10294
1.18715
1.28107
1.3794
1.46956
1.54183
1.58269
1.58413
1.54798
1.48651
1.41215
1.34533
1.30064
1.29163
1.31716
1.36783
1.4279
1.48309
1.51903
1.53619
1.53824
1.54115
1.55048
1.57169
1.60444
1.64771
1.69411
1.73134
1.75545
1.76437
1.75894
1.73723
1.69118
1.61542
1.51753
1.42002
1.33937
1.28743
1.26426
1.26757
1.29455
1.34018
1.39948
1.47271
1.557
1.64628
1.73819
1.82646
1.90086
1.95518
1.984
1.98347
1.95747
1.90885
1.84978
1.78367
1.71404
1.64415
1.57842
1.51943
1.46836
1.42656
1.3961
1.37571
1.36593
1.36371
1.3684
1.37818
1.39554
1.41919
1.44669
1.4732
1.49323
1.4998
1.48428
1.44563
1.38655
1.31605
1.24243
1.17595
1.12355
1.08851
1.07763
1.08976
1.12258
1.1731
1.24081
1.32423
1.41923
1.52126
1.62172
1.71557
1.7988
1.87767
1.9544
2.02792
2.09081
2.13456
2.15043
2.13479
2.08966
2.02292
1.94533
1.86864
1.79438
1.72558
1.65858
1.58608
1.51532
1.44365
1.37759
1.32218
1.28756
1.27682
1.2885
1.3185
1.36615
1.4208
1.47784
1.53144
1.57942
1.62049
1.65143
1.67359
1.68319
1.67398
1.6501
1.61354
1.57149
1.52169
1.46715
1.40997
1.35223
1.29648
1.24751
1.20927
1.18038
1.15995
1.14209
1.12222
1.09585
1.06321
1.03177
1.00885
1.00084
1.0131
1.04617
1.10146
1.17068
1.24762
1.32629
1.39906
1.45995
1.50196
1.52879
1.54627
1.55842
1.57643
1.60215
1.63629
1.67224
1.69586
1.69512
1.66239
1.60217
1.52239
1.43062
1.33632
1.24738
1.16952
1.11219
1.08083
1.07949
1.10598
1.16102
1.24914
1.36913
1.51676
1.67671
1.82651
1.9432
2.01795
2.05019
2.04788
2.02069
1.98564
1.95315
1.93237
1.93159
1.9511
1.98958
2.04196
2.10473
2.16859
2.22247
2.2606
2.27371
2.26128
2.22542
2.17162
2.10648
2.03407
1.95889
1.88859
1.82424
1.77224
1.73017
1.70352
1.66787
1.65817
1.66384
1.68945
1.73441
1.7961
1.87425
1.95865
2.0368
2.10652
2.15939
2.188
2.19689
2.18689
2.16443
2.12963
2.09044
2.04832
2.00618
1.95912
1.90574
1.84554
1.78507
1.73671
1.70795
1.69975
1.71067
1.73257
1.76107
1.78759
1.80748
1.81347
1.80901
1.79524
1.77879
1.7678
1.77224
1.78986
1.80991
1.80583
1.75659
1.66673
1.57067
1.50091
1.47171
1.48499
1.53349
1.60159
1.67555
1.74112
1.78665
1.80634
1.8036
1.7809
1.75295
1.72584
1.71041
1.70525
1.71323
1.72958
1.74914
1.77514
1.80616
1.84355
1.88941
1.94313
2.00124
2.06511
2.12943
2.19375
2.25443
2.30991
2.35317
2.36234
2.31034
2.18327
2.00249
1.80603
1.63117
1.49477
1.39483
1.3303
1.29287
1.27248
1.2593
1.25329
1.25502
1.26273
1.28031
1.30482
1.33342
1.35839
1.37644
1.3861
1.38902
1.3888
1.39289
1.40647
1.43285
1.47247
1.52199
1.57744
1.63959
1.70385
1.76628
1.81918
1.84866
1.84737
1.81117
1.74834
1.67051
1.59436
1.52447
1.4638
1.41356
1.37396
1.34987
1.34104
1.34235
1.34822
1.35553
1.35659
1.34871
1.33514
1.31329
1.28852
1.25904
1.23169
1.20345
1.17673
1.1484
1.1181
1.0902
1.06801
1.05472
1.05533
1.07086
1.10212
1.14913
1.20973
1.2805
1.35414
1.42198
1.48039
1.52533
1.55838
1.58782
1.61525
1.63367
1.64231
1.63229
1.60662
1.56158
1.51528
1.4724
1.43722
1.41788
1.40801
1.41202
1.42501
1.44975
1.47824
1.50471
1.52366
1.53
1.52122
1.50429
1.48113
1.4555
1.42601
1.3933
1.3593
1.32625
1.29659
1.27323
1.26042
1.25524
1.25591
1.25767
1.26115
1.26649
1.27917
1.2964
1.3147
1.32629
1.32965
1.32306
1.30838
1.28924
1.27448
1.26237
1.24887
1.22558
1.18309
1.12287
1.06197
1.01573
0.994841
1.00272
1.03288
1.08105
1.14282
1.21442
1.29011
1.36979
1.44716
1.51819
1.57579
1.62137
1.65645
1.68408
1.71193
1.73779
1.76194
1.77848
1.79031
1.7944
1.78365
1.75825
1.71874
1.67027
1.62011
1.57261
1.53008
1.49346
1.4649
1.44927
1.44741
1.46363
1.50185
1.55421
1.62341
1.69942
1.7739
1.83023
1.85777
1.8459
1.7988
1.72328
1.62986
1.52758
1.42276
1.31947
1.21332
1.11334
1.02002
0.938245
0.874345
0.830546
0.816072
0.831134
0.881739
0.966282
1.07899
1.21451
1.35635
1.492
1.60497
1.68606
1.72523
1.72532
1.69166
1.63527
1.56795
1.50304
1.44527
1.4019
1.37417
1.35722
1.34838
1.3398
1.33149
1.32133
1.31152
1.30268
1.29415
1.2873
1.28436
1.28698
1.29019
1.28329
1.26184
1.22846
1.18432
1.14378
1.11942
1.11622
1.1374
1.17865
1.23287
1.28823
1.3372
1.37092
1.38395
1.3754
1.35008
1.31718
1.29118
1.28371
1.30345
1.35674
1.44177
1.54825
1.6642
1.77325
1.86238
1.91761
1.93402
1.91263
1.85784
1.77451
1.66555
1.54044
1.406
1.26931
1.13165
1.00489
0.895371
0.805427
0.740099
0.704081
0.703011
0.740162
0.820857
0.942965
1.09206
1.24776
1.39223
1.51602
1.61483
1.68806
1.73253
1.7552
1.76856
1.78366
1.81073
1.83805
1.86286
1.87762
1.87922
1.86918
1.84906
1.82518
1.80516
1.79324
1.78966
1.79363
1.79736
1.79869
1.79532
1.78459
1.76325
1.73716
1.70408
1.66266
1.61075
1.55481
1.5022
1.46374
1.44961
1.45921
1.49277
1.5442
1.60599
1.67633
1.74954
1.82343
1.89888
1.97488
2.05059
2.12145
2.18593
2.24325
2.29475
2.34483
2.39566
2.44779
2.49536
2.53392
2.5634
2.58838
2.61731
2.65162
2.68206
2.69241
2.67204
2.61733
2.53064
2.42364
2.31069
2.19832
2.09212
1.99645
1.91934
1.86237
1.8341
1.83296
1.86179
1.91471
1.98444
2.06475
2.14533
2.21892
2.27919
2.31885
2.33349
2.32013
2.2758
2.19673
2.09174
1.97343
1.84558
1.72128
1.60427
1.5025
1.41641
1.34433
1.28779
1.24876
1.22796
1.22228
1.23036
1.25255
1.28411
1.31963
1.35566
1.38633
1.4051
1.40811
1.39596
1.37459
1.33758
1.29659
1.2481
1.1952
1.13977
1.08742
1.04079
1.00852
0.996044
1.00407
1.0349
1.0836
1.14318
1.20681
1.26402
1.30107
1.30838
1.28386
1.23772
1.18188
1.13417
1.09987
1.08039
1.06697
1.05597
1.04377
1.03585
1.0403
1.06399
1.10804
1.16622
1.23324
1.29948
1.35783
1.40674
1.44936
1.49031
1.5316
1.57059
1.60363
1.63441
1.66486
1.69569
1.73165
1.77319
1.81511
1.85631
1.89229
1.91911
1.93216
1.93372
1.92435
1.90646
1.87658
1.83399
1.77568
1.69604
1.60742
1.52005
1.4463
1.39216
1.36595
1.36018
1.36508
1.37342
1.38271
1.39691
1.42232
1.45847
1.49951
1.52622
1.52859
1.50369
1.45763
1.40243
1.34801
1.29733
1.25384
1.2135
1.16843
1.11572
1.05106
0.980461
0.910052
0.84734
0.808101
0.803137
0.836737
0.906065
1.00578
1.11969
1.22786
1.31034
1.35269
1.35321
1.31788
1.25426
1.17149
1.08317
0.995746
0.91673
0.854323
0.814244
0.800604
0.819703
0.868384
0.947312
1.04766
1.16181
1.28108
1.39124
1.48185
1.53919
1.55727
1.52711
1.45566
1.35846
1.25362
1.16218
1.09761
1.06746
1.07459
1.11019
1.17348
1.25895
1.35409
1.44025
1.49375
1.49672
1.45653
1.40254
1.36435
1.35077
1.35942
1.38532
1.41826
1.45793
1.49738
1.53846
1.57884
1.61542
1.64036
1.6467
1.63391
1.59847
1.53736
1.45716
1.36552
1.26902
1.18059
1.10639
1.05037
1.01101
0.9819
0.959093
0.942815
0.932467
0.928179
0.926777
0.927743
0.929759
0.932552
0.940937
0.951382
0.969675
1.0029
1.05125
1.11081
1.17919
1.25494
1.32307
1.37586
1.4011
1.39206
1.35557
1.30387
1.24694
1.20034
1.17238
1.16419
1.17888
1.21574
1.27168
1.34109
1.41651
1.48714
1.5448
1.58847
1.61742
1.63641
1.65487
1.67731
1.70861
1.74852
1.78649
1.81228
1.82279
1.82062
1.81606
1.81254
1.81454
1.80871
1.78398
1.7264
1.63474
1.52155
1.41041
1.31843
1.26903
1.26312
1.30133
1.3689
1.45548
1.53962
1.6112
1.66089
1.68934
1.69702
1.6886
1.66629
1.62687
1.57598
1.52014
1.46851
1.43066
1.40757
1.39572
1.39369
1.39702
1.40294
1.40666
1.40115
1.37638
1.3297
1.25373
1.15494
1.0471
0.947505
0.864662
0.807401
0.774494
0.762176
0.765346
0.77575
0.79489
0.817133
0.84718
0.885687
0.929559
0.986068
1.06126
1.14976
1.24453
1.3353
1.41021
1.45685
1.47376
1.46384
1.43306
1.39351
1.354
1.31976
1.29642
1.28258
1.27569
1.27366
1.27944
1.29321
1.31962
1.36062
1.41498
1.47661
1.53908
1.59992
1.65557
1.70678
1.75598
1.80861
1.86418
1.92513
1.9875
2.04594
2.08984
2.11285
2.1114
2.08173
2.02981
1.95862
1.87487
1.78641
1.69192
1.596
1.49561
1.39531
1.2962
1.2068
1.13344
1.08474
1.06043
1.05592
1.07044
1.10078
1.14191
1.19142
1.24169
1.28482
1.32034
1.34701
1.36751
1.38755
1.40927
1.43408
1.46389
1.49815
1.52827
1.54977
1.55586
1.54161
1.50971
1.46809
1.42527
1.3923
1.37115
1.36799
1.37581
1.39184
1.40568
1.41548
1.41642
1.40706
1.38919
1.36374
1.33463
1.31003
1.29722
1.30146
1.32114
1.35549
1.39798
1.44364
1.47547
1.48661
1.47273
1.43281
1.37301
1.30529
1.24441
1.20891
1.20367
1.23346
1.29118
1.36813
1.45321
1.53844
1.61991
1.69405
1.7578
1.80705
1.84262
1.86674
1.8765
1.87059
1.84845
1.80617
1.74389
1.67263
1.59696
1.52194
1.45423
1.39363
1.33439
1.27423
1.2114
1.14828
1.08654
1.02712
0.970456
0.915577
0.859813
0.802081
0.749119
0.704663
0.682275
0.684442
0.720863
0.795344
0.903821
1.03528
1.17969
1.31968
1.4421
1.53868
1.61259
1.67378
1.73102
1.79044
1.84613
1.89148
1.91755
1.91466
1.88536
1.83881
1.7864
1.74113
1.71131
1.70085
1.71194
1.74194
1.78493
1.83279
1.88218
1.92493
1.94663
1.91966
1.82729
1.67537
1.49354
1.30689
1.1357
0.987883
0.867538
0.77864
0.722034
0.69517
0.699655
0.726907
0.761038
0.795688
0.820169
0.827394
0.821422
0.8051
0.783559
0.758142
0.735512
0.717488
0.708248
0.713181
0.732961
0.765621
0.806566
0.850332
0.893499
0.932973
0.96743
0.992513
1.01059
1.02712
1.04196
1.05857
1.08077
1.10656
1.13545
1.15925
1.18181
1.20231
1.22534
1.25486
1.29298
1.34022
1.39109
1.43944
1.48214
1.51507
1.53802
1.54914
1.55463
1.56017
1.56787
1.58266
1.6084
1.64396
1.69052
1.74043
1.78477
1.81626
1.82751
1.81479
1.78177
1.7321
1.67306
1.61089
1.54909
1.49526
1.45611
1.43051
1.41734
1.40938
1.40358
1.39358
1.37941
1.36309
1.34591
1.33649
1.33907
1.35774
1.39743
1.45795
1.54169
1.64322
1.75698
1.87244
1.9778
2.05435
2.09203
2.09337
2.06671
2.02836
1.99492
1.97086
1.96213
1.96112
1.95871
1.95221
1.93677
1.91833
1.9023
1.8963
1.91027
1.94981
2.01752
2.10131
2.18835
2.24533
2.2524
2.19748
2.09323
1.96098
1.82455
1.70136
1.60858
1.55361
1.54412
1.58127
1.66259
1.781
1.92531
2.08464
2.24651
2.39683
2.52574
2.62393
2.68173
2.69249
2.65811
2.58403
2.47782
2.34893
2.20338
2.04585
1.88326
1.72273
1.57493
1.44571
1.34077
1.25869
1.19992
1.16079
1.13713
1.13103
1.14534
1.18111
1.2356
1.298
1.35794
1.40003
1.41425
1.39763
1.36297
1.32095
1.31635
1.27409
1.24074
1.21583
1.20199
1.19975
1.2151
1.24682
1.29583
1.35823
1.42954
1.49836
1.55096
1.58042
1.58552
1.56979
1.54141
1.5103
1.48176
1.46844
1.47412
1.50235
1.55028
1.61454
1.68863
1.76186
1.82692
1.87027
1.8846
1.86858
1.82359
1.75939
1.69153
1.62806
1.57374
1.52889
1.48931
1.45412
1.42127
1.39459
1.37825
1.37518
1.38575
1.40221
1.41867
1.42799
1.42639
1.41206
1.38767
1.35792
1.32388
1.28379
1.23869
1.19177
1.14564
1.10307
1.0662
1.03179
0.994285
0.947694
0.901058
0.861957
0.846871
0.86572
0.919416
0.998034
1.08842
1.173
1.23486
1.26432
1.25686
1.22141
1.16578
1.11067
1.0666
1.0387
1.03242
1.0428
1.06628
1.10029
1.13573
1.16443
1.17998
1.17706
1.15399
1.11166
1.05675
0.994953
0.93693
0.884355
0.837523
0.792341
0.750351
0.710025
0.683321
0.68147
0.714225
0.791981
0.910568
1.06511
1.23927
1.41875
1.57821
1.70242
1.7802
1.80983
1.80295
1.76898
1.72347
1.67598
1.63266
1.5933
1.56081
1.53228
1.50939
1.49574
1.49062
1.49784
1.51372
1.5357
1.56051
1.58496
1.60475
1.61808
1.61968
1.60358
1.56863
1.51574
1.45637
1.40384
1.36581
1.34426
1.34124
1.3488
1.3548
1.3456
1.3146
1.25741
1.17648
1.08362
0.996708
0.93306
0.896616
0.891317
0.90949
0.943555
0.982619
1.03075
1.08124
1.13465
1.18766
1.2381
1.27818
1.30762
1.32243
1.3215
1.31252
1.29424
1.27194
1.24949
1.23397
1.23135
1.24536
1.26131
1.27695
1.28128
1.27335
1.25793
1.24532
1.23873
1.24844
1.27902
1.33575
1.41617
1.51272
1.61549
1.70984
1.78672
1.83909
1.86702
1.86976
1.84803
1.80961
1.76052
1.70314
1.64404
1.58604
1.53688
1.49927
1.48099
1.48152
1.49314
1.50776
1.5128
1.50185
1.46569
1.40884
1.34143
1.27183
1.21033
1.1668
1.1439
1.13957
1.15039
1.17038
1.19721
1.2271
1.25841
1.28987
1.31586
1.33432
1.35105
1.37067
1.40137
1.44581
1.50079
1.56571
1.62389
1.66707
1.69118
1.70131
1.70242
1.70055
1.69642
1.69113
1.67905
1.65794
1.62699
1.58852
1.55223
1.51963
1.49684
1.48304
1.47294
1.46617
1.45589
1.44047
1.41942
1.38968
1.35411
1.31191
1.26851
1.2223
1.17795
1.13799
1.10251
1.07557
1.06013
1.05703
1.06894
1.10193
1.1521
1.2215
1.31105
1.41707
1.53081
1.64135
1.73077
1.78358
1.78795
1.74445
1.66523
1.56548
1.45929
1.36031
1.27479
1.2028
1.13948
1.08163
1.03426
0.997825
0.972956
0.965852
0.970849
0.984669
1.00008
1.00944
1.0183
1.03026
1.05152
1.09119
1.14882
1.22415
1.31305
1.40935
1.50096
1.58154
1.64429
1.68862
1.72191
1.75772
1.79601
1.83714
1.86905
1.88135
1.86741
1.82483
1.74602
1.64113
1.5215
1.40404
1.29916
1.21758
1.16542
1.14564
1.15851
1.19635
1.25444
1.32319
1.39013
1.45503
1.51092
1.5663
1.62189
1.68016
1.74471
1.81484
1.88374
1.94848
2.00182
2.04707
2.08121
2.10558
2.12023
2.11827
2.09849
2.0558
1.99034
1.90638
1.81139
1.71326
1.62015
1.53271
1.44597
1.35823
1.26244
1.1561
1.04168
0.927547
0.819737
0.725497
0.654066
0.605844
0.58294
0.585352
0.616475
0.675643
0.763328
0.875447
1.0045
1.12618
1.22844
1.30022
1.33985
1.35709
1.35689
1.3443
1.31886
1.28981
1.25861
1.23211
1.22078
1.21874
1.22105
1.21671
1.19002
1.14254
1.07568
0.998348
0.922173
0.855396
0.808307
0.788678
0.794781
0.832364
0.896497
0.982356
1.07986
1.18066
1.27528
1.35937
1.43118
1.49189
1.543
1.58409
1.61963
1.64404
1.66188
1.66187
1.64204
1.59576
1.52188
1.42276
1.31033
1.19493
1.08402
0.983162
0.901296
0.838976
0.800163
0.792428
0.811223
0.86108
0.937715
1.03583
1.14658
1.26029
1.36429
1.45098
1.51325
1.54459
1.54611
1.52488
1.4859
1.43844
1.39083
1.35021
1.32318
1.31004
1.31329
1.32967
1.35204
1.37061
1.38513
1.39121
1.38983
1.38458
1.37907
1.37629
1.38489
1.41009
1.46001
1.53856
1.64326
1.75957
1.85858
1.90605
1.87535
1.76548
1.60538
1.42872
1.26744
1.13791
1.04622
0.996168
0.980092
0.992683
1.03252
1.08628
1.14431
1.2024
1.25302
1.28946
1.31349
1.32547
1.33377
1.33761
1.34007
1.34169
1.33723
1.32711
1.31107
1.29345
1.27609
1.26453
1.26246
1.27029
1.28452
1.30152
1.3204
1.33343
1.33859
1.33216
1.31497
1.29176
1.269
1.25028
1.24221
1.24306
1.25375
1.26582
1.27781
1.28547
1.2867
1.28605
1.28701
1.29142
1.30464
1.31939
1.33776
1.35433
1.36917
1.38466
1.40601
1.43855
1.48038
1.52741
1.5653
1.58023
1.56032
1.50576
1.43201
1.35541
1.28645
1.23708
1.21163
1.21517
1.25512
1.32749
1.4332
1.56332
1.71185
1.8641
2.01019
2.13314
2.22188
2.27083
2.27777
2.24274
2.17241
2.07424
1.95793
1.83739
1.72235
1.61352
1.50973
1.4062
1.30634
1.21141
1.12372
1.04439
0.971303
0.903217
0.838463
0.785737
0.750283
0.735291
0.741516
0.76785
0.813652
0.877736
0.958217
1.04935
1.13879
1.21859
1.28828
1.34634
1.38969
1.41927
1.42866
1.4214
1.40312
1.3817
1.36525
1.35757
1.36123
1.37115
1.38315
1.38234
1.36061
1.31419
1.24436
1.16216
1.08478
1.02265
0.985445
0.981993
1.01353
1.07749
1.17235
1.29491
1.43449
1.58197
1.72417
1.85147
1.9559
2.03121
2.07476
2.08198
2.05691
1.99608
1.9088
1.80477
1.69707
1.59874
1.52106
1.46636
1.43533
1.42385
1.42344
1.42413
1.42225
1.41379
1.40654
1.40294
1.41356
1.44071
1.48278
1.52424
1.55309
1.55009
1.50696
1.42772
1.32547
1.2145
1.1047
1.0009
0.909793
0.827924
0.759598
0.707918
0.675915
0.658647
0.666309
0.695608
0.750324
0.829353
0.931634
1.05775
1.20178
1.35566
1.51122
1.65718
1.78131
1.87001
1.91689
1.91499
1.86783
1.7856
1.68212
1.57396
1.47486
1.39674
1.33973
1.30931
1.30614
1.32769
1.37513
1.44653
1.53878
1.64196
1.74799
1.84232
1.90946
1.94382
1.94409
1.91737
1.87424
1.82495
1.77221
1.71859
1.65727
1.58057
1.48605
1.3717
1.24497
1.11546
0.993313
0.893957
0.820041
0.779551
0.773586
0.799776
0.84982
0.911352
0.97101
1.01894
1.04702
1.06037
1.06278
1.06825
1.0822
1.10487
1.1337
1.16025
1.17807
1.18225
1.16954
1.14154
1.10329
1.06215
1.0276
1.00253
0.996952
1.01117
1.04522
1.09873
1.16787
1.24976
1.33444
1.41219
1.47277
1.51505
1.53664
1.54305
1.53045
1.50327
1.46161
1.4091
1.35046
1.29739
1.25787
1.23603
1.23365
1.24402
1.26325
1.28861
1.32408
1.36797
1.42248
1.47926
1.53493
1.58373
1.61852
1.632
1.6141
1.567
1.50425
1.43711
1.37196
1.31037
1.25187
1.19501
1.13996
1.08659
1.0341
0.98453
0.94309
0.913927
0.900652
0.908906
0.932616
0.971435
1.02484
1.09184
1.17433
1.26441
1.34986
1.42328
1.47638
1.49767
1.48261
1.42512
1.32665
1.19833
1.06016
0.933121
0.827356
0.750171
0.703709
0.684259
0.685406
0.697659
0.721825
0.750837
0.786667
0.823804
0.864043
0.90522
0.949503
1.00318
1.07318
1.16549
1.27356
1.38821
1.4993
1.59868
1.69135
1.78459
1.8783
1.96801
2.03542
2.06056
2.03649
1.97309
1.87382
1.74829
1.60253
1.4518
1.31216
1.19984
1.12646
1.10333
1.12792
1.19863
1.29633
1.39773
1.47868
1.51946
1.52
1.48418
1.41446
1.31901
1.20954
1.10577
1.02211
0.968811
0.949004
0.954984
0.979817
1.01513
1.05834
1.10421
1.14842
1.19066
1.2258
1.26169
1.30123
1.34621
1.39244
1.43176
1.45573
1.45746
1.43803
1.40984
1.37885
1.35633
1.34248
1.3434
1.35877
1.39755
1.45897
1.53553
1.61293
1.66864
1.68851
1.6696
1.6295
1.58787
1.55942
1.5532
1.56557
1.5874
1.60675
1.61308
1.60531
1.58329
1.55621
1.53079
1.5188
1.52809
1.56422
1.62787
1.71178
1.80829
1.90746
2.0046
2.09492
2.17272
2.24038
2.29881
2.34878
2.39594
2.43828
2.47009
2.49057
2.48797
2.46589
2.41901
2.3525
2.27637
2.19513
2.11749
2.04019
1.96802
1.89483
1.82412
1.75519
1.69523
1.65246
1.63119
1.63048
1.64561
1.66821
1.68953
1.69454
1.67368
1.62802
1.56203
1.49178
1.434
1.39918
1.39098
1.4053
1.42959
1.45047
1.45646
1.44442
1.41545
1.37428
1.32945
1.28823
1.25051
1.21469
1.18149
1.1503
1.12036
1.09637
1.07949
1.07132
1.07342
1.08736
1.10883
1.13532
1.16068
1.17913
1.1841
1.17516
1.15569
1.13637
1.12471
1.12948
1.15787
1.20858
1.27983
1.36953
1.46905
1.57589
1.68706
1.79697
1.89561
1.97379
2.02553
2.04544
2.03813
2.0088
1.96508
1.91093
1.84988
1.78912
1.73929
1.70894
1.70987
1.72676
1.71315
1.61282
1.43792
1.25835
1.12662
1.05367
1.02575
1.01553
1.01014
1.00291
0.995258
0.993671
1.00204
1.01968
1.03884
1.05241
1.05735
1.05684
1.05437
1.06036
1.08193
1.12604
1.19301
1.28282
1.38814
1.50007
1.60912
1.70811
1.79248
1.84997
1.87615
1.86688
1.83554
1.78975
1.74248
1.70545
1.67984
1.661
1.64098
1.60862
1.56082
1.49604
1.42133
1.34114
1.26949
1.21247
1.16931
1.14307
1.12872
1.1267
1.13164
1.14011
1.15539
1.17374
1.19314
1.21518
1.24291
1.27757
1.31909
1.36095
1.39735
1.42272
1.42634
1.40723
1.36535
1.30529
1.23465
1.2061
1.13534
1.07341
1.02704
0.995179
0.976693
0.968989
0.969863
0.982115
1.00951
1.05708
1.12713
1.21807
1.323
1.42705
1.51398
1.57137
1.5899
1.56559
1.51366
1.44319
1.37249
1.31018
1.26904
1.25289
1.25995
1.29009
1.3339
1.38735
1.43975
1.48814
1.52198
1.53799
1.52941
1.49845
1.45043
1.39233
1.33252
1.28149
1.2404
1.21698
1.20694
1.2064
1.20955
1.21078
1.20612
1.19548
1.18356
1.171
1.16354
1.16388
1.17396
1.19109
1.21408
1.24339
1.27498
1.31256
1.35261
1.39711
1.43899
1.48166
1.51456
1.53348
1.53618
1.52051
1.48661
1.44087
1.3861
1.33353
1.28692
1.24803
1.21376
1.18262
1.14676
1.10481
1.05815
1.01722
0.989743
0.980207
0.991064
1.01987
1.06147
1.11214
1.16558
1.21716
1.26233
1.29539
1.31645
1.32199
1.31216
1.29404
1.26796
1.23614
1.20458
1.17662
1.15411
1.14248
1.14543
1.16219
1.18834
1.22081
1.2611
1.30615
1.36079
1.41914
1.48078
1.54102
1.58631
1.61086
1.60788
1.57882
1.53012
1.46547
1.3898
1.3064
1.22059
1.1417
1.07546
1.02624
0.993214
0.976127
0.969816
0.97018
0.967193
0.956836
0.939695
0.915762
0.894571
0.886629
0.897575
0.928073
0.975882
1.03199
1.09064
1.14236
1.18047
1.19678
1.19111
1.16381
1.12063
1.07185
1.02749
0.998065
0.986628
0.990061
1.00258
1.01969
1.03608
1.04957
1.06389
1.08395
1.11059
1.13714
1.15825
1.16871
1.16417
1.14631
1.12813
1.11992
1.12803
1.15161
1.17715
1.19104
1.19328
1.19134
1.19951
1.22357
1.25974
1.29973
1.33819
1.36665
1.38317
1.38895
1.39059
1.38709
1.38991
1.40552
1.44068
1.49833
1.57234
1.65787
1.74353
1.81487
1.86087
1.87147
1.83967
1.7739
1.68478
1.58793
1.49702
1.41584
1.34367
1.27718
1.21275
1.14742
1.08475
1.0325
0.992548
0.962212
0.943123
0.936285
0.940092
0.955414
0.982348
1.02281
1.07042
1.12333
1.18124
1.24555
1.32196
1.40817
1.50025
1.58635
1.65319
1.69432
1.70528
1.6856
1.64141
1.57317
1.4936
1.40709
1.3225
1.24792
1.18708
1.14113
1.10862
1.09229
1.09485
1.1186
1.16352
1.22438
1.29474
1.3683
1.4313
1.47631
1.50117
1.50209
1.48478
1.4495
1.40335
1.35208
1.29894
1.25129
1.20917
1.17665
1.1582
1.15781
1.17629
1.20644
1.24205
1.27775
1.30141
1.31552
1.32637
1.33509
1.3499
1.37536
1.41812
1.48373
1.57307
1.67685
1.78186
1.87024
1.93176
1.96984
1.99658
2.01588
2.03091
2.04149
2.046
2.04764
2.05273
2.06116
2.07229
2.08473
2.09068
2.08847
2.07439
2.0466
2.0036
1.94488
1.86729
1.77153
1.67156
1.57125
1.48636
1.42588
1.39682
1.39158
1.39739
1.4007
1.39311
1.37438
1.35525
1.33651
1.31976
1.29754
1.27862
1.25834
1.24356
1.24366
1.26601
1.31012
1.37396
1.45351
1.54067
1.6292
1.70913
1.77743
1.83154
1.87319
1.90301
1.92715
1.95087
1.97571
2.0022
2.03005
2.05928
2.08522
2.10354
2.105
2.08763
2.05129
2.00396
1.95174
1.89852
1.84708
1.79739
1.74718
1.69862
1.65349
1.60357
1.54997
1.48835
1.41357
1.32801
1.23687
1.14835
1.07453
1.02484
1.0009
1.0018
1.02446
1.05841
1.09157
1.11895
1.13691
1.14634
1.14766
1.14729
1.14882
1.15164
1.15352
1.15665
1.15382
1.14771
1.13071
1.10478
1.07288
1.03444
0.998023
0.973015
0.963779
0.976316
1.00467
1.05037
1.10893
1.17251
1.2299
1.26699
1.27272
1.24029
1.17553
1.09349
1.01156
0.948887
0.914422
0.917322
0.956305
1.02951
1.12822
1.24162
1.36339
1.49114
1.61544
1.7285
1.81358
1.86208
1.86262
1.81657
1.73325
1.62552
1.50697
1.38635
1.27557
1.18239
1.11492
1.07685
1.06979
1.09372
1.14236
1.20811
1.2827
1.35354
1.41463
1.46634
1.50514
1.53257
1.5522
1.56941
1.58469
1.59678
1.6055
1.6119
1.60985
1.5977
1.57987
1.55042
1.50602
1.44624
1.36902
1.2806
1.18374
1.08908
0.999507
0.920066
0.849643
0.792623
0.75392
0.739457
0.752754
0.794021
0.859013
0.939822
1.02504
1.10763
1.18557
1.26253
1.34086
1.42238
1.50055
1.56768
1.6197
1.65462
1.67948
1.7012
1.72389
1.74477
1.75767
1.75942
1.74745
1.72601
1.69335
1.65212
1.61495
1.58745
1.5735
1.56907
1.55951
1.53433
1.48937
1.42456
1.35328
1.28112
1.20894
1.13998
1.07773
1.0258
0.995733
0.989695
1.00767
1.04775
1.10011
1.15573
1.20309
1.22981
1.23315
1.22125
1.20173
1.18563
1.18023
1.18408
1.19016
1.19136
1.18243
1.16048
1.13315
1.10179
1.07306
1.05492
1.04692
1.04948
1.06329
1.09434
1.14532
1.21915
1.31433
1.42592
1.54166
1.6546
1.75117
1.81819
1.84834
1.83251
1.77449
1.69354
1.61272
1.54937
1.51604
1.51405
1.54065
1.59268
1.65945
1.73331
1.79714
1.84564
1.87737
1.88753
1.87876
1.85341
1.81378
1.75945
1.69378
1.62257
1.55451
1.4911
1.44303
1.41134
1.3936
1.38526
1.37946
1.37021
1.35294
1.32895
1.3061
1.28317
1.26821
1.2666
1.27759
1.30239
1.33905
1.3822
1.42584
1.45771
1.46407
1.44229
1.4037
1.36338
1.32717
1.29663
1.27195
1.25279
1.23632
1.2218
1.20942
1.19378
1.17697
1.16492
1.16105
1.16876
1.1983
1.25382
1.33271
1.42219
1.51399
1.58692
1.62746
1.63013
1.59739
1.54416
1.4824
1.41999
1.36364
1.31977
1.29199
1.28462
1.30117
1.34082
1.40253
1.47663
1.55295
1.61806
1.65994
1.67966
1.68185
1.67288
1.65339
1.6278
1.59609
1.55896
1.51345
1.46446
1.41673
1.37099
1.33707
1.31683
1.32022
1.35196
1.40695
1.48075
1.55609
1.61893
1.66316
1.68137
1.67362
1.63867
1.58695
1.52616
1.46729
1.41896
1.39328
1.39433
1.42078
1.468
1.52563
1.5888
1.64387
1.68795
1.71836
1.7359
1.74305
1.74295
1.73179
1.71608
1.69473
1.67099
1.64716
1.62281
1.59575
1.5658
1.53156
1.49627
1.46126
1.43235
1.4068
1.37972
1.35171
1.31985
1.28843
1.26657
1.25793
1.26555
1.28382
1.30681
1.33364
1.35666
1.38121
1.40254
1.42805
1.45717
1.48799
1.52907
1.57897
1.63884
1.70383
1.76628
1.82372
1.8687
1.903
1.93018
1.94744
1.94681
1.92393
1.86868
1.78204
1.6698
1.54243
1.4105
1.28925
1.1925
1.12388
1.08652
1.07583
1.08123
1.09533
1.10446
1.1039
1.09859
1.09468
1.10319
1.13018
1.17419
1.23189
1.29774
1.36493
1.43262
1.48778
1.51111
1.48475
1.41153
1.30796
1.20377
1.11907
1.06366
1.03471
1.0214
1.0114
0.994663
0.967047
0.926839
0.877776
0.821569
0.764607
0.715519
0.675909
0.651874
0.643234
0.649946
0.668918
0.695184
0.728963
0.765404
0.806652
0.851514
0.895903
0.938172
0.976257
1.0087
1.03776
1.06416
1.09304
1.12025
1.14576
1.16146
1.16249
1.14955
1.12027
1.08246
1.0388
1.0005
0.974428
0.967882
0.981543
1.01898
1.07283
1.13857
1.19732
1.24242
1.26797
1.2748
1.27202
1.26764
1.26391
1.26683
1.27356
1.28522
1.30351
1.32433
1.34376
1.35578
1.3579
1.34967
1.33522
1.32133
1.30909
1.30125
1.29843
1.29383
1.28908
1.28181
1.2742
1.26523
1.25507
1.24289
1.22269
1.19491
1.1606
1.12044
1.07845
1.03819
1.00038
0.962756
0.919255
0.868663
0.80178
0.714075
0.610669
0.502349
0.410311
0.349441
0.325447
0.337675
0.375032
0.42153
0.464454
0.490881
0.501199
0.503443
0.50522
0.516798
0.540751
0.57725
0.620528
0.67438
0.73942
0.813963
0.902322
1.00039
1.10642
1.21311
1.3219
1.42597
1.52049
1.6066
1.67803
1.72874
1.75385
1.75312
1.72123
1.6595
1.57316
1.47224
1.36462
1.26365
1.17644
1.11015
1.06574
1.04364
1.03955
1.04745
1.06641
1.09056
1.12443
1.16229
1.20957
1.26273
1.32273
1.38781
1.45648
1.52905
1.60425
1.67509
1.73898
1.7955
1.84316
1.88164
1.91076
1.92796
1.92699
1.90323
1.86011
1.80652
1.75004
1.70107
1.66369
1.64326
1.64096
1.65821
1.68803
1.72599
1.76015
1.78716
1.7993
1.79908
1.78012
1.74322
1.69314
1.6312
1.56055
1.48262
1.39552
1.29839
1.19035
1.07606
0.966437
0.871271
0.800885
0.756151
0.734251
0.730173
0.737159
0.752514
0.777301
0.810909
0.85523
0.917973
0.996441
1.08781
1.18898
1.2907
1.37672
1.43024
1.43702
1.39265
1.31165
1.21096
1.10702
1.01737
0.950421
0.913862
0.912663
0.94357
0.994436
1.05383
1.11006
1.15026
1.16047
1.143
1.10793
1.0661
1.02865
0.999757
0.983909
0.981765
0.993187
1.018
1.04855
1.07879
1.10401
1.12122
1.12786
1.12664
1.12177
1.1134
1.09974
1.07773
1.04473
1.00658
0.969134
0.933357
0.904293
0.881713
0.864919
0.856494
0.854038
0.861535
0.878262
0.909315
0.955066
1.01514
1.08872
1.17332
1.2604
1.34572
1.42227
1.48632
1.54116
1.59346
1.65157
1.71917
1.79954
1.8805
1.95087
1.99221
1.99067
1.94218
1.85915
1.75927
1.66051
1.57811
1.52222
1.49513
1.4931
1.5136
1.55114
1.60444
1.67089
1.74881
1.8335
1.91658
1.98621
2.03439
2.04865
2.02293
1.95447
1.85013
1.72184
1.58161
1.44042
1.30885
1.19474
1.09878
1.02945
0.988556
0.97121
0.980614
1.01677
1.07383
1.14614
1.23189
1.32346
1.41518
1.49258
1.55076
1.58374
1.59683
1.5964
1.5879
1.57251
1.55319
1.52174
1.47657
1.41432
1.33719
1.25312
1.16931
1.08992
1.02335
0.96521
0.922769
0.89282
0.849111
0.831394
0.821458
0.81965
0.830294
0.8568
0.904851
0.979874
1.08134
1.20453
1.34137
1.47857
1.59526
1.67674
1.71467
1.71132
1.67049
1.60467
1.52956
1.45567
1.39199
1.34394
1.31202
1.2942
1.28476
1.28226
1.28523
1.29429
1.30503
1.31097
1.30621
1.28856
1.25472
1.20419
1.13828
1.06386
0.988783
0.92481
0.879969
0.857517
0.854758
0.866235
0.882242
0.897393
0.906456
0.917261
0.928605
0.944307
0.968303
0.999029
1.0339
1.07102
1.11152
1.14984
1.18462
1.21411
1.23559
1.25183
1.25759
1.25683
1.25097
1.24008
1.23358
1.23138
1.24121
1.26066
1.29386
1.3393
1.39666
1.46189
1.53616
1.60853
1.67543
1.72453
1.74732
1.736
1.69726
1.63902
1.57109
1.50163
1.43173
1.36101
1.28692
1.20559
1.12277
1.04384
0.973903
0.926534
0.901989
0.901739
0.919312
0.944244
0.963588
0.973372
0.970172
0.960996
0.950791
0.948906
0.960658
0.986438
1.02582
1.07241
1.12299
1.16559
1.20693
1.24657
1.29205
1.3466
1.40502
1.45835
1.49359
1.50931
1.51255
1.51551
1.52072
1.52933
1.53512
1.52949
1.51329
1.48933
1.46318
1.44203
1.42841
1.42182
1.42003
1.42116
1.42466
1.43176
1.45053
1.48053
1.52669
1.57871
1.63165
1.67803
1.70861
1.72377
1.72106
1.70353
1.67671
1.6453
1.61404
1.57942
1.54805
1.51486
1.48066
1.44149
1.39656
1.34119
1.27324
1.1967
1.11868
1.04351
0.981717
0.937407
0.912732
0.908973
0.92224
0.947887
0.983757
1.03219
1.09206
1.16531
1.24796
1.33333
1.41072
1.46805
1.49312
1.48422
1.4431
1.37847
1.29943
1.21538
1.13297
1.05885
0.989749
0.930083
0.874591
0.819453
0.765458
0.709341
0.657066
0.615121
0.597724
0.610982
0.653295
0.720042
0.800461
0.882253
0.959912
1.02414
1.06678
1.08436
1.08471
1.07787
1.07197
1.06474
1.05048
1.02534
0.989926
0.94372
0.898321
0.860058
0.833463
0.820936
0.813806
0.807213
0.797291
0.785774
0.767621
0.74346
0.715888
0.684947
0.660208
0.646422
0.647897
0.666742
0.702697
0.752791
0.813492
0.884726
0.956723
1.01565
1.0539
1.06808
1.05572
1.02436
0.984423
0.94162
0.905206
0.882346
0.878166
0.888158
0.917583
0.962504
1.01891
1.08121
1.1396
1.18735
1.21767
1.22836
1.21792
1.19134
1.15074
1.10086
1.04772
0.996013
0.950159
0.910322
0.878333
0.855179
0.840313
0.839071
0.851214
0.872554
0.901461
0.929821
0.952506
0.964319
0.961552
0.948729
0.937071
0.930977
0.939091
0.959401
0.991659
1.03443
1.07841
1.11901
1.14922
1.16109
1.1537
1.13195
1.10453
1.07588
1.05024
1.03699
1.04359
1.07729
1.14056
1.22915
1.33811
1.45699
1.5719
1.67156
1.74224
1.76966
1.74688
1.67787
1.57084
1.44224
1.30791
1.18496
1.08692
1.01517
0.970132
0.954806
0.963642
0.993176
1.04014
1.09311
1.14717
1.19041
1.22004
1.2265
1.20904
1.17091
1.12578
1.08339
1.0619
1.06831
1.10097
1.15421
1.21046
1.25175
1.25764
1.2242
1.15651
1.07013
0.980725
0.900429
0.841816
0.810807
0.809215
0.838049
0.888938
0.955492
1.02509
1.08187
1.11773
1.12806
1.11231
1.07689
1.03077
0.98298
0.93725
0.898365
0.868946
0.853824
0.85677
0.875645
0.907298
0.945103
0.983174
1.01812
1.0491
1.07844
1.11068
1.14928
1.19594
1.25268
1.31677
1.38016
1.43957
1.48098
1.4972
1.48206
1.43829
1.37914
1.31496
1.25955
1.22134
1.20418
1.20258
1.21526
1.23581
1.26119
1.28325
1.29832
1.30464
1.29717
1.27942
1.2525
1.22194
1.19058
1.16268
1.1376
1.11953
1.11133
1.10511
1.10536
1.1119
1.12328
1.13137
1.13265
1.12376
1.09492
1.04919
0.98644
0.913763
0.837449
0.76664
0.705809
0.661733
0.642302
0.652164
0.696278
0.770495
0.875385
0.996205
1.12043
1.23691
1.33376
1.40756
1.45438
1.47249
1.45518
1.40318
1.31849
1.20778
1.08766
0.971055
0.87823
0.82234
0.808629
0.837269
0.906435
1.00312
1.10834
1.2075
1.28502
1.33163
1.35159
1.34805
1.33159
1.30572
1.27511
1.24348
1.21223
1.18072
1.14778
1.11503
1.08428
1.05632
1.03318
1.0162
1.00527
0.997884
0.993907
0.991309
0.988977
0.982532
0.971079
0.956277
0.9372
0.920351
0.913697
0.921326
0.949969
1.0062
1.08277
1.16746
1.23801
1.26901
1.24725
1.17138
1.05635
0.925656
0.799772
0.695301
0.623206
0.58652
0.581675
0.602123
0.639192
0.687926
0.743212
0.804871
0.876458
0.957923
1.04501
1.13552
1.22475
1.31327
1.40267
1.4948
1.5915
1.68668
1.76857
1.82156
1.83514
1.80481
1.73409
1.6337
1.51939
1.40746
1.31011
1.23019
1.17533
1.14524
1.14462
1.17072
1.22181
1.29139
1.36053
1.40975
1.42451
1.40096
1.35247
1.28649
1.21673
1.14777
1.08122
1.01412
0.944695
0.867292
0.785099
0.70203
0.626109
0.569413
0.54312
0.549294
0.590874
0.662706
0.756961
0.860527
0.962825
1.05092
1.11156
1.14096
1.1306
1.08785
1.02032
0.940626
0.863014
0.792654
0.735949
0.691816
0.656917
0.63081
0.611916
0.606549
0.607702
0.619377
0.635905
0.648695
0.660876
0.673146
0.685507
0.704152
0.726042
0.752349
0.775948
0.789514
0.79488
0.789669
0.775707
0.748491
0.717474
0.687324
0.668628
0.670767
0.697841
0.750485
0.822848
0.904324
0.981137
1.04222
1.08263
1.10594
1.12289
1.1386
1.15176
1.15286
1.13563
1.09879
1.05137
0.999876
0.95929
0.935087
0.932069
0.958095
1.00554
1.0703
1.13543
1.18976
1.21952
1.22048
1.19283
1.14657
1.08957
1.03669
0.999331
0.98571
0.998727
1.03056
1.07435
1.11615
1.14107
1.14569
1.13436
1.11595
1.0959
1.07439
1.05197
1.02298
0.985528
0.945664
0.906337
0.870131
0.845348
0.830411
0.828747
0.835427
0.843884
0.846644
0.840854
0.82378
0.796454
0.765105
0.736289
0.710772
0.687783
0.666089
0.649094
0.637507
0.633616
0.636878
0.649495
0.668879
0.692677
0.720865
0.746477
0.767224
0.77865
0.776439
0.760461
0.729466
0.688399
0.642812
0.604373
0.577208
0.568193
0.581493
0.611588
0.660743
0.728422
0.808436
0.893576
0.981666
1.06378
1.1347
1.18517
1.211
1.21069
1.18849
1.15577
1.12929
1.11902
1.13655
1.17593
1.23697
1.30677
1.37339
1.42322
1.44409
1.43181
1.389
1.32784
1.26362
1.20838
1.16296
1.12162
1.07843
1.02599
0.96748
0.908029
0.853757
0.817635
0.805432
0.820365
0.866691
0.938413
1.03021
1.12321
1.20202
1.24957
1.26627
1.25746
1.24257
1.23347
1.23981
1.26267
1.30308
1.35658
1.41246
1.46282
1.49907
1.51226
1.50159
1.47024
1.42701
1.3816
1.33923
1.30747
1.2873
1.2803
1.28403
1.2967
1.31357
1.33483
1.35709
1.38016
1.39916
1.41411
1.41826
1.40959
1.38704
1.3531
1.30947
1.25904
1.19787
1.12873
1.05336
0.98381
0.934765
0.91731
0.93393
0.980472
1.04539
1.1066
1.14559
1.16284
1.16104
1.15043
1.13611
1.11576
1.08354
1.03716
0.974219
0.900847
0.822614
0.750683
0.689108
0.641018
0.60618
0.583975
0.569186
0.564764
0.567052
0.579128
0.602271
0.629666
0.659594
0.68301
0.695867
0.691894
0.673647
0.643597
0.60751
0.572117
0.538108
0.505245
0.475434
0.451417
0.433708
0.428465
0.443945
0.484995
0.55143
0.643129
0.758552
0.884457
1.00478
1.10119
1.15842
1.16834
1.14389
1.09762
1.04061
0.975728
0.905484
0.836056
0.77775
0.742438
0.727833
0.726541
0.725657
0.719888
0.698661
0.667304
0.62886
0.589882
0.558418
0.543455
0.551762
0.586276
0.650299
0.743013
0.859082
0.987309
1.11034
1.20312
1.24656
1.2289
1.15546
1.04664
0.921411
0.795722
0.685992
0.59612
0.530512
0.48978
0.473244
0.474358
0.483267
0.504865
0.544701
0.606024
0.683919
0.774577
0.85453
0.918058
0.965007
1.00595
1.05227
1.11033
1.18007
1.26223
1.34851
1.43045
1.49962
1.54236
1.54912
1.52589
1.48044
1.41933
1.3546
1.29074
1.23393
1.18288
1.13287
1.08412
1.03803
0.997012
0.972341
0.969841
1.00007
1.05806
1.14051
1.23766
1.33514
1.41424
1.46311
1.47125
1.44008
1.37789
1.29965
1.22276
1.16396
1.13448
1.14206
1.17983
1.23803
1.29951
1.34316
1.35238
1.31654
1.24047
1.14491
1.05525
0.996885
0.983282
1.01358
1.08495
1.18117
1.2911
1.39903
1.49383
1.56999
1.62271
1.64964
1.65248
1.63221
1.59958
1.56378
1.52736
1.49343
1.46516
1.44485
1.44272
1.45537
1.48071
1.51656
1.55611
1.59254
1.62388
1.64915
1.66629
1.67322
1.66427
1.63301
1.57958
1.50782
1.42012
1.32329
1.22671
1.12951
1.03715
0.948183
0.867379
0.794583
0.734872
0.688476
0.659574
0.649184
0.659006
0.683483
0.723399
0.765014
0.806005
0.839737
0.86316
0.879497
0.890289
0.896523
0.900765
0.90198
0.904044
0.905307
0.91174
0.929966
0.966739
1.01496
1.06882
1.1198
1.15839
1.17917
1.17589
1.15145
1.10569
1.04649
0.985126
0.932116
0.900226
0.896167
0.922014
0.971664
1.0328
1.09805
1.16208
1.22113
1.27601
1.33333
1.38889
1.44025
1.48468
1.51986
1.54737
1.56788
1.58771
1.60942
1.64117
1.68278
1.73242
1.77957
1.81822
1.84449
1.85035
1.83363
1.79448
1.73319
1.64915
1.54798
1.43776
1.33251
1.23905
1.16374
1.11427
1.08541
1.08219
1.09903
1.13309
1.17967
1.22974
1.2767
1.31898
1.3527
1.38488
1.41697
1.45375
1.49105
1.52223
1.53531
1.523
1.48053
1.40782
1.30975
1.19597
1.0773
0.963902
0.869189
0.803558
0.773017
0.785942
0.832313
0.908083
0.993749
1.06853
1.11521
1.12865
1.11265
1.1526
1.1242
1.10396
1.09812
1.10773
1.1254
1.14529
1.16483
1.19021
1.23213
1.29682
1.38581
1.49486
1.6067
1.69588
1.73891
1.71908
1.64361
1.53339
1.41986
1.32168
1.2591
1.23698
1.25538
1.30767
1.37781
1.45157
1.50676
1.52893
1.50785
1.44554
1.35863
1.26438
1.17714
1.10936
1.07177
1.06372
1.08169
1.11804
1.16589
1.21946
1.27716
1.33294
1.38094
1.42341
1.45862
1.48911
1.51586
1.53785
1.55089
1.55211
1.53911
1.51695
1.48723
1.45361
1.42331
1.40168
1.39036
1.39301
1.41312
1.44592
1.4871
1.53668
1.58856
1.63687
1.67801
1.71015
1.72927
1.7344
1.721
1.68915
1.64068
1.57791
1.50316
1.42101
1.33506
1.25086
1.17535
1.11794
1.08338
1.07445
1.08899
1.11785
1.14619
1.16839
1.18523
1.20392
1.23445
1.27889
1.33505
1.39622
1.45086
1.49185
1.51785
1.52431
1.51686
1.50047
1.48417
1.47725
1.48502
1.50739
1.54107
1.58067
1.61316
1.62848
1.62607
1.60673
1.58068
1.55524
1.5362
1.53038
1.53202
1.54636
1.56737
1.59041
1.61117
1.61856
1.60968
1.59032
1.55869
1.52461
1.49249
1.46098
1.4291
1.39688
1.3657
1.34119
1.32712
1.32531
1.33736
1.36332
1.40285
1.45566
1.51735
1.58747
1.66241
1.73955
1.81521
1.88389
1.94055
1.97596
1.98492
1.97028
1.93814
1.89911
1.86256
1.8301
1.80456
1.77859
1.75001
1.7213
1.69405
1.66056
1.61611
1.55749
1.48834
1.42939
1.39437
1.3944
1.42753
1.48499
1.55541
1.62325
1.68019
1.71882
1.74005
1.74512
1.73583
1.71856
1.70177
1.69067
1.6871
1.69602
1.71637
1.7456
1.78851
1.84201
1.90087
1.954
1.98953
2.00029
1.98447
1.94727
1.88474
1.80643
1.7286
1.66341
1.61917
1.59692
1.59319
1.59471
1.5888
1.5708
1.53656
1.48618
1.41793
1.33722
1.25134
1.16488
1.09137
1.04121
1.02505
1.05274
1.12447
1.23688
1.3804
1.53906
1.69141
1.82137
1.91903
1.97284
1.98796
1.96962
1.92629
1.87091
1.81217
1.76106
1.71526
1.67487
1.63622
1.59464
1.54549
1.4859
1.41457
1.33002
1.24363
1.16739
1.1151
1.09196
1.09704
1.1326
1.18808
1.25873
1.33587
1.41634
1.49105
1.5548
1.60401
1.62999
1.63062
1.60274
1.54616
1.46828
1.3782
1.2827
1.19006
1.10413
1.03156
0.974152
0.937528
0.9172
0.917019
0.932303
0.962482
1.00355
1.0531
1.10525
1.15286
1.18671
1.20119
1.18494
1.13802
1.06418
0.975255
0.879445
0.7875
0.708701
0.653691
0.62979
0.640732
0.689109
0.770596
0.872033
0.978311
1.07361
1.15778
1.23179
1.30487
1.37166
1.42306
1.45099
1.45022
1.41812
1.36566
1.30428
1.24932
1.21228
1.19848
1.20971
1.24372
1.29659
1.36512
1.44505
1.54121
1.64529
1.7496
1.83544
1.88572
1.89502
1.86371
1.80364
1.72887
1.64507
1.55248
1.45617
1.35257
1.24305
1.12962
1.01816
0.910869
0.819905
0.752289
0.719381
0.719395
0.754234
0.815466
0.892735
0.98074
1.06751
1.15784
1.24881
1.33964
1.43074
1.51395
1.59581
1.67366
1.75
1.8243
1.88149
1.90965
1.89575
1.83614
1.743
1.64175
1.55078
1.48482
1.44941
1.44049
1.44469
1.44712
1.43179
1.39458
1.33188
1.24849
1.14946
1.04227
0.928854
0.821312
0.727873
0.657063
0.612434
0.60376
0.625146
0.677452
0.754922
0.852795
0.966282
1.07942
1.17977
1.25468
1.29495
1.3032
1.28599
1.25143
1.21077
1.17034
1.1358
1.11307
1.10338
1.10824
1.12692
1.15358
1.18526
1.21271
1.23317
1.24962
1.27005
1.29788
1.3426
1.40698
1.49
1.58531
1.688
1.79411
1.89601
1.98289
2.04909
2.08016
2.07374
2.03299
1.9675
1.89604
1.83012
1.78154
1.75507
1.74641
1.73485
1.69337
1.60855
1.48706
1.35407
1.24056
1.16667
1.13363
1.13787
1.16362
1.19605
1.22062
1.2257
1.21053
1.17728
1.13479
1.08786
1.04587
1.01459
1.00161
1.01388
1.04759
1.09702
1.14674
1.18517
1.20454
1.20604
1.19906
1.19391
1.19793
1.21147
1.23064
1.24628
1.25026
1.23939
1.21676
1.18567
1.15604
1.13279
1.12108
1.12278
1.14122
1.17415
1.21332
1.23178
1.22067
1.19206
1.15971
1.13046
1.09739
1.04738
0.978661
0.890779
0.788466
0.676428
0.560375
0.45116
0.35359
0.277285
0.223253
0.198053
0.200689
0.230303
0.283774
0.358143
0.44961
0.550888
0.658032
0.75699
0.833046
0.873103
0.874144
0.845689
0.796803
0.740763
0.683223
0.625166
0.577023
0.543914
0.532369
0.545638
0.583879
0.640311
0.7018
0.759971
0.801264
0.820862
0.821556
0.811378
0.808983
0.820479
0.857417
0.920092
1.00475
1.10434
1.21058
1.30897
1.39009
1.44751
1.47447
1.47166
1.44116
1.39036
1.32455
1.25214
1.17757
1.10288
1.03049
0.970139
0.928538
0.910505
0.912662
0.930536
0.949617
0.961971
0.970406
0.983656
1.01055
1.05638
1.12436
1.20835
1.29522
1.36802
1.41895
1.44104
1.44336
1.43279
1.42329
1.41795
1.41925
1.43185
1.45149
1.47618
1.49742
1.50556
1.49126
1.45281
1.38994
1.31367
1.24122
1.19251
1.17976
1.21325
1.28475
1.38216
1.48289
1.56824
1.62824
1.65288
1.64071
1.59237
1.51566
1.42342
1.33844
1.27973
1.25554
1.26901
1.3171
1.38491
1.46373
1.54388
1.6152
1.67024
1.70377
1.7141
1.70092
1.67065
1.6212
1.5554
1.47648
1.38736
1.29603
1.20966
1.12957
1.05821
0.994355
0.941007
0.900886
0.884483
0.892352
0.923389
0.975129
1.03722
1.10387
1.16731
1.21658
1.24675
1.25215
1.23347
1.19889
1.15584
1.1226
1.10228
1.09906
1.11465
1.14792
1.19879
1.26614
1.34534
1.43012
1.51655
1.59262
1.65142
1.68589
1.69317
1.67454
1.6328
1.58185
1.52898
1.48065
1.44429
1.41878
1.40284
1.38879
1.3726
1.35072
1.316
1.26941
1.21613
1.16197
1.11008
1.07253
1.04704
1.03019
1.02113
1.01417
1.00304
0.989965
0.97854
0.972152
0.976573
0.991936
1.01721
1.04547
1.07883
1.11386
1.15
1.17913
1.20268
1.20909
1.19576
1.1584
1.10327
1.04106
0.97944
0.92295
0.876538
0.841706
0.824692
0.830235
0.859548
0.908831
0.978294
1.06588
1.18024
1.32088
1.48296
1.65746
1.82247
1.96251
2.05832
2.10137
2.08929
2.03376
1.94266
1.83083
1.70615
1.57592
1.44648
1.31869
1.19394
1.07662
0.967769
0.880987
0.819534
0.793577
0.808344
0.86532
0.956932
1.06591
1.17389
1.26863
1.3471
1.4165
1.48271
1.54766
1.6041
1.64277
1.65441
1.63686
1.59039
1.5169
1.42305
1.31969
1.21674
1.12465
1.05031
1.00096
0.976103
0.977636
1.00351
1.04685
1.10214
1.15915
1.20983
1.25065
1.28015
1.30195
1.31901
1.33279
1.34808
1.36796
1.39792
1.44527
1.51507
1.60527
1.71136
1.82051
1.92308
2.00882
2.08194
2.13726
2.17244
2.18035
2.15517
2.09347
1.9987
1.87989
1.74722
1.61334
1.48913
1.37738
1.28442
1.21529
1.17109
1.15785
1.1732
1.2137
1.27423
1.34117
1.40272
1.44959
1.47235
1.47263
1.46105
1.44593
1.4343
1.4289
1.41993
1.39818
1.36626
1.31783
1.25689
1.18652
1.10985
1.03364
0.96093
0.897794
0.852548
0.823921
0.806692
0.796278
0.787445
0.775321
0.752409
0.723458
0.694106
0.673615
0.664738
0.673007
0.696873
0.734358
0.782049
0.834662
0.890584
0.948161
1.0057
1.06063
1.11097
1.15249
1.18374
1.20938
1.23208
1.25832
1.2942
1.34124
1.40504
1.48091
1.56299
1.64989
1.73786
1.81875
1.88787
1.93649
1.96465
1.96979
1.94485
1.89392
1.81933
1.72633
1.62644
1.52957
1.4425
1.3695
1.31101
1.26676
1.23914
1.22972
1.24341
1.27847
1.33042
1.38886
1.44508
1.48509
1.50509
1.50221
1.49264
1.48409
1.48672
1.50976
1.55281
1.61365
1.68599
1.76264
1.83236
1.88502
1.9141
1.9177
1.89516
1.85249
1.79879
1.74129
1.68701
1.64252
1.60898
1.59101
1.58289
1.58325
1.58006
1.56652
1.53794
1.49767
1.4497
1.39589
1.34056
1.28742
1.23488
1.19235
1.15869
1.1402
1.13951
1.16138
1.19956
1.23996
1.26031
1.24318
1.19757
1.14453
1.10706
1.09119
1.09875
1.1243
1.16165
1.20544
1.25004
1.29306
1.33023
1.36679
1.39999
1.43281
1.4641
1.49473
1.51977
1.53551
1.53474
1.52233
1.50319
1.4862
1.47393
1.46398
1.45571
1.44783
1.43217
1.40312
1.35427
1.28465
1.20902
1.13946
1.09119
1.07193
1.08078
1.11305
1.16025
1.21704
1.27672
1.33182
1.37954
1.41677
1.44569
1.46116
1.4651
1.45819
1.44064
1.42164
1.40648
1.40343
1.41346
1.43984
1.48255
1.53899
1.60201
1.66546
1.72562
1.777
1.81332
1.83362
1.83495
1.8119
1.76264
1.69066
1.60948
1.52613
1.45034
1.38427
1.32599
1.27049
1.21734
1.16101
1.10654
1.05749
1.01546
0.979296
0.951452
0.92975
0.90832
0.883809
0.85515
0.821488
0.788614
0.762018
0.750363
0.759804
0.793997
0.852214
0.936258
1.04103
1.15633
1.28182
1.41246
1.54052
1.66319
1.77468
1.86687
1.93501
1.96955
1.97429
1.95198
1.90905
1.85678
1.80261
1.75392
1.71887
1.6987
1.69513
1.70535
1.72618
1.75039
1.76684
1.77139
1.75606
1.7158
1.64717
1.55619
1.45191
1.34698
1.26147
1.20425
1.17863
1.18082
1.20161
1.22668
1.246
1.2609
1.26705
1.26763
1.26901
1.26909
1.27212
1.27348
1.27283
1.26534
1.2511
1.23009
1.20779
1.19053
1.18245
1.18473
1.19509
1.21177
1.2299
1.2517
1.27402
1.2936
1.30731
1.30546
1.34308
1.32358
1.29029
1.25093
1.21724
1.19617
1.19499
1.21375
1.25295
1.31307
1.39107
1.47864
1.56393
1.63281
1.67071
1.67141
1.63376
1.56541
1.48631
1.41551
1.36355
1.33979
1.34796
1.38269
1.44216
1.51873
1.60699
1.6959
1.77397
1.8218
1.82911
1.79338
1.72419
1.64002
1.55533
1.48439
1.4386
1.41796
1.42547
1.45473
1.4995
1.54353
1.56918
1.55951
1.51397
1.44119
1.355
1.26781
1.19857
1.15417
1.14226
1.16273
1.21402
1.28889
1.37265
1.45098
1.51611
1.55383
1.56082
1.53451
1.47921
1.40391
1.31903
1.23498
1.15766
1.09664
1.05508
1.03904
1.04972
1.09035
1.15721
1.24394
1.34844
1.46913
1.60179
1.73366
1.84477
1.91341
1.93111
1.91199
1.86933
1.81922
1.77404
1.73694
1.70995
1.68983
1.66413
1.63747
1.60779
1.57307
1.53971
1.51498
1.50121
1.50087
1.51276
1.53187
1.55546
1.57535
1.58585
1.57912
1.54965
1.49461
1.41358
1.32154
1.22692
1.14206
1.07295
1.02181
0.987709
0.966536
0.951056
0.938882
0.92899
0.917722
0.905063
0.896445
0.900292
0.918193
0.949556
0.994341
1.05197
1.11942
1.19757
1.27911
1.36622
1.4457
1.51317
1.56855
1.6143
1.65809
1.7069
1.76606
1.83112
1.897
1.95813
2.00811
2.04169
2.05061
2.03294
1.98428
1.9077
1.81161
1.70357
1.59678
1.50369
1.43364
1.39915
1.40649
1.45309
1.53074
1.62525
1.71861
1.79585
1.84786
1.86477
1.85063
1.81982
1.78568
1.76784
1.76837
1.77993
1.79713
1.80295
1.79949
1.79121
1.78254
1.77779
1.77437
1.77621
1.78747
1.80697
1.8287
1.84581
1.84982
1.83407
1.79703
1.74684
1.69512
1.6483
1.60965
1.5768
1.55229
1.53172
1.51828
1.51451
1.52295
1.54341
1.57563
1.61957
1.67546
1.73914
1.80535
1.86386
1.90567
1.92435
1.91557
1.88059
1.82074
1.74012
1.63989
1.52942
1.4182
1.3162
1.22601
1.14706
1.07592
1.01078
0.953282
0.909843
0.888966
0.892381
0.918585
0.959848
1.00914
1.05418
1.08503
1.10106
1.09935
1.0829
1.05512
1.01803
0.986517
0.967562
0.96442
0.975185
0.996668
1.0228
1.04868
1.07407
1.09811
1.11298
1.11557
1.0995
1.06661
1.03275
1.01145
1.02024
1.06563
1.15554
1.28253
1.43405
1.58563
1.7083
1.77688
1.78219
1.73359
1.65473
1.57486
1.51694
1.49425
1.50779
1.54828
1.60271
1.65474
1.69559
1.71664
1.72101
1.71248
1.70227
1.69553
1.69293
1.69263
1.69142
1.68825
1.67829
1.66077
1.63714
1.60778
1.57562
1.54657
1.52141
1.50052
1.49331
1.5072
1.54688
1.60959
1.68826
1.7715
1.8392
1.87463
1.87015
1.83452
1.772
1.70018
1.62552
1.55697
1.49244
1.43417
1.3763
1.31853
1.26677
1.22679
1.20353
1.19461
1.20152
1.21784
1.23949
1.25892
1.26851
1.26719
1.26128
1.25311
1.2444
1.23842
1.23678
1.24087
1.25037
1.26921
1.29454
1.32596
1.3591
1.3955
1.42545
1.45122
1.46518
1.47382
1.47411
1.46678
1.4474
1.41254
1.36639
1.32149
1.29297
1.29076
1.31667
1.36499
1.42731
1.49321
1.55808
1.62236
1.68243
1.73691
1.77625
1.79942
1.80254
1.79113
1.76914
1.75
1.74304
1.75353
1.78427
1.82764
1.87474
1.90903
1.91969
1.90397
1.86036
1.80095
1.74144
1.69442
1.66268
1.6435
1.63096
1.61669
1.59366
1.55683
1.50915
1.44999
1.38416
1.31202
1.24019
1.1764
1.12202
1.07997
1.05631
1.04743
1.05815
1.08359
1.12171
1.16732
1.22129
1.27299
1.3183
1.3516
1.36901
1.36786
1.35038
1.31621
1.26429
1.2039
1.13717
1.07845
1.04003
1.03413
1.07175
1.15032
1.26504
1.39919
1.53729
1.65847
1.74955
1.79989
1.81151
1.78975
1.74064
1.67051
1.58462
1.49392
1.40841
1.34428
1.32114
1.34974
1.43195
1.5444
1.65181
1.71712
1.71791
1.67146
1.6048
1.54095
1.48056
1.42972
1.38328
1.34267
1.31695
1.30731
1.31625
1.34268
1.37396
1.39286
1.38706
1.3493
1.28188
1.1982
1.11786
1.05611
1.02261
1.0188
1.03792
1.07082
1.11115
1.15308
1.19347
1.23767
1.28218
1.32839
1.37099
1.40704
1.42805
1.43269
1.42082
1.40396
1.38812
1.38521
1.39895
1.42581
1.46125
1.49904
1.53394
1.55854
1.57775
1.59056
1.59414
1.58764
1.57078
1.5446
1.51981
1.50668
1.50929
1.53311
1.58154
1.6548
1.75408
1.87332
2.00645
2.14542
2.27288
2.36526
2.39923
2.36859
2.28459
2.17185
2.04935
1.9289
1.81731
1.71652
1.62777
1.54579
1.47268
1.40826
1.34757
1.29254
1.24013
1.19272
1.15412
1.1216
1.09941
1.08642
1.08045
1.0798
1.08124
1.0865
1.09481
1.10657
1.12777
1.16824
1.22996
1.31254
1.40734
1.49789
1.56894
1.60621
1.61442
1.60403
1.5941
1.58758
1.58624
1.57934
1.55285
1.50481
1.43895
1.37029
1.31
1.26712
1.24292
1.2279
1.21166
1.18689
1.15048
1.11104
1.07049
1.02939
0.988052
0.944789
0.901198
0.856307
0.815634
0.780826
0.760372
0.758617
0.787335
0.84328
0.93199
1.04742
1.18059
1.32085
1.45517
1.57395
1.67451
1.76228
1.84274
1.91879
1.98992
2.05191
2.09423
2.10965
2.10061
2.07613
2.04159
2.00075
1.95374
1.90203
1.84602
1.78969
1.73733
1.69939
1.67689
1.67219
1.68356
1.71274
1.75151
1.79628
1.8442
1.88906
1.92478
1.94486
1.95005
1.93981
1.91638
1.88602
1.85037
1.80844
1.75694
1.69906
1.63463
1.57167
1.51851
1.48318
1.46473
1.46558
1.47719
1.49699
1.51444
1.51809
1.50812
1.47747
1.43701
1.38648
1.33495
1.28808
1.24986
1.22099
1.20205
1.19508
1.20372
1.22793
1.26246
1.30717
1.35213
1.39188
1.42354
1.44433
1.45006
1.43656
1.3972
1.33366
1.26383
1.20628
1.17578
1.17526
1.20356
1.25769
1.32664
1.39609
1.44925
1.47713
1.47477
1.44679
1.39765
1.3337
1.25904
1.17968
1.10047
1.03514
0.986168
0.958766
0.948931
0.943675
0.936002
0.920544
0.906719
0.902876
0.919006
0.95495
1.00719
1.06127
1.10391
1.12009
1.1047
1.06671
1.0274
0.997486
0.986587
0.997763
1.03018
1.0788
1.13897
1.20881
1.28493
1.37043
1.4712
1.58332
1.69931
1.80124
1.8802
1.93487
1.96873
1.98423
1.97655
1.9431
1.87706
1.77904
1.65836
1.53322
1.42026
1.33215
1.2711
1.23201
1.20901
1.20092
1.20164
1.21426
1.2418
1.28342
1.33795
1.39873
1.46504
1.53113
1.59421
1.65427
1.70732
1.7539
1.79174
1.81818
1.82484
1.81341
1.78526
1.74638
1.70687
1.67175
1.64073
1.61216
1.58777
1.56553
1.54268
1.52566
1.51611
1.51808
1.53039
1.55321
1.57818
1.59988
1.61615
1.6275
1.6377
1.64956
1.66241
1.66687
1.65496
1.62349
1.57216
1.50883
1.44552
1.39412
1.36774
1.37019
1.40388
1.46557
1.54079
1.61679
1.6827
1.72768
1.75676
1.77186
1.77654
1.7781
1.77421
1.76755
1.75487
1.7393
1.71234
1.66722
1.60286
1.52021
1.42131
1.32315
1.24275
1.18834
1.16114
1.1649
1.19343
1.24223
1.30181
1.3619
1.41529
1.44746
1.44457
1.40238
1.32792
1.24395
1.16694
1.11593
1.09775
1.10988
1.14164
1.18144
1.21809
1.24359
1.24888
1.23995
1.21787
1.19143
1.17167
1.16563
1.17993
1.21513
1.27106
1.33925
1.41288
1.47885
1.52601
1.54726
1.54289
1.51569
1.4706
1.40528
1.32373
1.23666
1.15641
1.10087
1.07794
1.09044
1.13396
1.20019
1.28522
1.38079
1.47879
1.5692
1.64427
1.69545
1.71669
1.71452
1.69309
1.6645
1.63225
1.60068
1.57876
1.56198
1.54344
1.52019
1.48524
1.42918
1.35755
1.27344
1.1853
1.10192
1.03453
0.987332
0.965114
0.960155
0.965688
0.974893
0.985014
0.994422
1.01043
1.03495
1.07405
1.12306
1.17789
1.23356
1.28319
1.3247
1.35523
1.37446
1.383
1.38671
1.38852
1.3965
1.41564
1.44605
1.47716
1.50234
1.51159
1.50852
1.49964
1.4996
1.50875
1.52366
1.54054
1.55647
1.57755
1.61016
1.6588
1.72449
1.80258
1.88178
1.95288
2.00011
2.01888
2.00941
1.96689
1.89346
1.79169
1.67425
1.55945
1.46167
1.38813
1.33935
1.31499
1.30486
1.30368
1.30462
1.29777
1.27589
1.23443
1.1773
1.11447
1.05924
1.01787
0.998718
1.00708
1.03789
1.08546
1.14325
1.20003
1.24503
1.28074
1.30673
1.32723
1.3485
1.37595
1.40751
1.44257
1.47395
1.49792
1.51534
1.52794
1.54208
1.56335
1.58633
1.60583
1.61462
1.61526
1.61943
1.63671
1.66595
1.69364
1.70513
1.70037
1.67865
1.63935
1.5736
1.48383
1.37243
1.2573
1.15701
1.08249
1.03437
1.0101
1.00434
1.01066
1.02367
1.04236
1.06382
1.08845
1.11428
1.14093
1.16621
1.19224
1.21942
1.25149
1.28813
1.33441
1.38431
1.43563
1.48644
1.52987
1.56731
1.59823
1.61769
1.62954
1.63046
1.62237
1.60595
1.58436
1.56195
1.54017
1.52478
1.51657
1.51567
1.51767
1.51936
1.5178
1.51016
1.49281
1.46519
1.42458
1.3774
1.32609
1.28111
1.25304
1.24439
1.2559
1.28531
1.31965
1.3509
1.36459
1.35514
1.32047
1.2666
1.20456
1.14208
1.08591
1.03876
1.00611
0.986292
0.982116
0.992948
1.02587
1.07816
1.15102
1.23933
1.34564
1.46144
1.57767
1.67923
1.75204
1.78804
1.78067
1.73615
1.66631
1.58126
1.49257
1.40876
1.3364
1.27914
1.23874
1.21433
1.20666
1.21401
1.23465
1.26906
1.32459
1.40023
1.49396
1.58875
1.66333
1.69122
1.66951
1.61124
1.54678
