1.1
1.09795
1.09286
1.08455
1.07306
1.05815
1.03973
1.01774
0.992175
0.963304
0.931614
0.897729
0.862729
0.827875
0.794179
0.762563
0.733502
0.707415
0.684192
0.663928
0.64633
0.631513
0.619339
0.60984
0.602917
0.598336
0.595544
0.593793
0.592432
0.59087
0.588764
0.586132
0.583277
0.580508
0.577663
0.57433
0.569984
0.564456
0.55824
0.552618
0.549117
0.548928
0.552629
0.559921
0.569652
0.580665
0.591727
0.601986
0.611052
0.618684
0.625019
0.630211
0.634623
0.638647
0.642706
0.647073
0.65208
0.65786
0.664154
0.670733
0.676912
0.681945
0.684993
0.685377
0.68265
0.676659
0.667744
0.656814
0.645239
0.634643
0.626399
0.621378
0.619731
0.621044
0.624832
0.630376
0.63716
0.644536
0.651983
0.658959
0.665051
0.669869
0.673011
0.674346
0.673738
0.671095
0.666384
0.659615
0.65082
0.639835
0.626775
0.61175
0.595197
0.578062
0.561678
0.547728
0.537904
0.533547
0.535129
0.542342
0.554076
0.568676
0.584258
0.599066
0.611632
0.621131
0.627102
0.629804
0.62984
0.628118
0.6257
0.623641
0.62303
0.624392
0.627805
0.633036
0.639434
0.646371
0.653289
0.659876
0.665766
0.670907
0.675037
0.677738
0.678851
0.678273
0.676127
0.672818
0.668886
0.664989
0.66157
0.65891
0.657027
0.6556
0.654288
0.652652
0.650327
0.647223
0.643432
0.639299
0.635268
0.631556
0.628222
0.625261
0.622542
0.620182
0.618327
0.61723
0.617175
0.618183
0.620225
0.62311
0.626543
0.630153
0.633497
0.636042
0.637236
0.636773
0.634496
0.630508
0.625082
0.618716
0.61186
0.604771
0.597737
0.59078
0.584062
0.577757
0.57219
0.567644
0.564397
0.562363
0.56132
0.560965
0.56106
0.561439
0.562086
0.563125
0.564647
0.56699
0.570472
0.57543
0.582258
0.591274
0.602388
0.615401
0.629551
0.643857
0.657482
0.669754
0.680097
0.688169
0.693789
0.697064
0.698049
0.697036
0.694514
0.69096
0.686876
0.682623
0.678467
0.674672
0.671147
0.667838
0.664537
0.661254
0.657882
0.654665
0.651756
0.649447
0.647901
0.64709
0.646813
0.646675
0.646259
0.64544
0.644414
0.643485
0.64307
0.643132
0.643608
0.644277
0.645012
0.646055
0.647705
0.650081
0.653212
0.656868
0.660698
0.664479
0.668078
0.671467
0.674793
0.67825
0.682036
0.686082
0.690117
0.693573
0.695812
0.696256
0.694618
0.690672
0.684446
0.676054
0.666021
0.6546
0.642569
0.630708
0.619981
0.611412
0.605873
0.603835
0.60525
0.609584
0.615981
0.623439
0.630946
0.637707
0.643038
0.646711
0.648819
0.649808
0.65021
0.650415
0.650655
0.650952
0.651076
0.651033
0.650832
0.650582
0.650376
0.650287
0.650339
0.650583
0.650795
0.650931
0.650847
0.650647
0.650481
0.650838
0.652107
0.654632
0.658326
0.662554
0.666545
0.669292
0.670207
0.668821
0.665278
0.659746
0.652627
0.644437
0.635823
0.627342
0.619752
0.613675
0.609593
0.607833
0.608411
0.6111
0.615447
0.620627
0.625661
0.629779
0.632358
0.633178
0.632311
0.630199
0.627316
0.624436
0.622045
0.620516
0.619944
0.620351
0.621768
0.624049
0.627179
0.630857
0.634601
0.637992
0.640386
0.641383
0.641073
0.639949
0.639002
0.639111
0.640529
0.642744
0.644694
0.645482
0.644556
0.641823
0.637528
0.632187
0.626287
0.620652
0.616051
0.613142
0.612269
0.613665
0.617142
0.622389
0.628849
0.63617
0.644246
0.652854
0.661915
0.671271
0.680625
0.689261
0.696535
0.701937
0.704937
0.705491
0.703545
0.699365
0.693356
0.686159
0.678196
0.669863
0.661114
0.652123
0.642909
0.633688
0.624657
0.616172
0.608675
0.602452
0.598123
0.596095
0.596505
0.598837
0.602204
0.605575
0.608121
0.609613
0.610193
0.610694
0.611654
0.613439
0.616033
0.618908
0.62135
0.622587
0.622188
0.620089
0.616713
0.612774
0.609025
0.606026
0.60409
0.603399
0.604215
0.606546
0.610357
0.615311
0.620928
0.626595
0.631684
0.63583
0.638781
0.640546
0.641131
0.640579
0.638869
0.635946
0.632142
0.627747
0.623321
0.619459
0.616869
0.615837
0.61654
0.618771
0.622137
0.625863
0.629424
0.632192
0.633706
0.633771
0.632247
0.629301
0.625168
0.620331
0.615205
0.610178
0.605471
0.60106
0.596978
0.59307
0.589215
0.585298
0.581415
0.577771
0.574703
0.572676
0.571924
0.572613
0.574598
0.577557
0.581098
0.585044
0.589239
0.593726
0.598554
0.603799
0.609335
0.614848
0.619805
0.623624
0.625857
0.626152
0.624438
0.620966
0.616106
0.61063
0.605323
0.601007
0.598426
0.597817
0.598988
0.601465
0.604624
0.607926
0.611129
0.614362
0.61814
0.622875
0.62867
0.635015
0.641147
0.646126
0.649374
0.650824
0.650743
0.64965
0.648255
0.647092
0.646498
0.646808
0.647978
0.649852
0.651918
0.653605
0.654297
0.653437
0.650737
0.646174
0.640102
0.633305
0.626756
0.621727
0.619089
0.619171
0.621485
0.624923
0.628497
0.631719
0.634612
0.637499
0.640252
0.642361
0.643067
0.641805
0.638097
0.631967
0.623808
0.614177
0.603792
0.593683
0.584661
0.577447
0.572552
0.570282
0.570422
0.572751
0.576808
0.582243
0.588704
0.595938
0.603846
0.612248
0.621048
0.629939
0.638915
0.647648
0.655995
0.663713
0.670436
0.675784
0.679537
0.681526
0.681726
0.679994
0.676264
0.670437
0.662512
0.652569
0.640933
0.628478
0.616145
0.605166
0.596686
0.591304
0.589027
0.589369
0.591615
0.595283
0.599854
0.604887
0.609857
0.6143
0.617794
0.62037
0.62215
0.623358
0.624267
0.624963
0.625438
0.625528
0.625006
0.623715
0.621646
0.618834
0.615475
0.611813
0.608006
0.604164
0.600446
0.59705
0.594387
0.592929
0.593257
0.595767
0.600627
0.607483
0.615884
0.624952
0.633981
0.642343
0.649542
0.655179
0.658917
0.660401
0.659459
0.656045
0.650289
0.642594
0.63332
0.623285
0.613198
0.603882
0.596032
0.590114
0.586398
0.584738
0.584685
0.585404
0.586037
0.585928
0.584495
0.581456
0.57703
0.571429
0.565203
0.558885
0.552997
0.548002
0.54426
0.54201
0.541505
0.542814
0.545926
0.550592
0.556489
0.563401
0.571049
0.579471
0.588585
0.598146
0.607688
0.616529
0.624033
0.629835
0.634202
0.637543
0.640398
0.64326
0.6462
0.648954
0.650925
0.651697
0.650696
0.647798
0.643264
0.637623
0.631703
0.626584
0.623283
0.622619
0.624963
0.630155
0.637411
0.645508
0.653086
0.658986
0.662404
0.663144
0.661542
0.658394
0.654681
0.651349
0.649015
0.647746
0.647142
0.646545
0.645265
0.642748
0.638891
0.633935
0.628335
0.622776
0.617685
0.613589
0.610605
0.608823
0.608181
0.608599
0.610075
0.612408
0.61536
0.618892
0.622741
0.626818
0.631291
0.636036
0.640891
0.645336
0.648919
0.651237
0.65204
0.651487
0.64979
0.647102
0.643664
0.639603
0.634917
0.629575
0.623795
0.617928
0.612584
0.60846
0.606219
0.60607
0.60771
0.6106
0.61409
0.61777
0.621343
0.624883
0.628469
0.632235
0.636124
0.640064
0.643943
0.647543
0.650612
0.652999
0.654466
0.6548
0.653925
0.651858
0.648632
0.644509
0.639792
0.634935
0.630439
0.626757
0.624304
0.623375
0.623826
0.625494
0.627896
0.630494
0.632872
0.634804
0.636198
0.637197
0.63806
0.638992
0.640135
0.641438
0.642656
0.643379
0.643076
0.641433
0.638188
0.63322
0.62677
0.619354
0.611814
0.605275
0.600881
0.599464
0.601148
0.605439
0.611466
0.618126
0.624613
0.630338
0.634906
0.638117
0.639694
0.639644
0.638144
0.635886
0.633773
0.633043
0.634532
0.638281
0.643299
0.648188
0.65185
0.653865
0.654249
0.653395
0.651741
0.649573
0.646959
0.643919
0.640609
0.637256
0.634324
0.632165
0.631106
0.631324
0.632804
0.635147
0.637874
0.640432
0.642262
0.643065
0.642883
0.642005
0.640693
0.639203
0.637329
0.634616
0.630563
0.624836
0.61743
0.60871
0.599252
0.589725
0.580792
0.572996
0.566906
0.562781
0.560917
0.561577
0.564839
0.57076
0.578996
0.589015
0.600072
0.611353
0.621923
0.630867
0.637484
0.641124
0.641499
0.638733
0.633307
0.626196
0.618532
0.611611
0.606617
0.604445
0.605611
0.610145
0.617697
0.627451
0.638422
0.649412
0.659351
0.667323
0.672837
0.675546
0.675552
0.673098
0.668731
0.663371
0.658143
0.654279
0.652575
0.652993
0.654806
0.656986
0.658417
0.658476
0.656983
0.653888
0.649352
0.64374
0.637456
0.631234
0.625743
0.621433
0.618255
0.615989
0.613921
0.61134
0.607719
0.602672
0.596285
0.588974
0.581663
0.575416
0.570974
0.568732
0.568486
0.569773
0.57189
0.574277
0.576563
0.578541
0.58014
0.581594
0.583262
0.585392
0.58829
0.592121
0.59676
0.601935
0.607085
0.611631
0.615039
0.616946
0.617407
0.616851
0.61597
0.615372
0.615383
0.615813
0.616182
0.615942
0.614888
0.613215
0.611468
0.610229
0.609883
0.610564
0.612241
0.614524
0.617266
0.620256
0.623363
0.626586
0.62996
0.633534
0.637247
0.640874
0.644142
0.646859
0.64869
0.64941
0.64901
0.647302
0.644353
0.64014
0.634821
0.628667
0.622088
0.615683
0.610209
0.606274
0.60442
0.605013
0.60804
0.613252
0.619921
0.627421
0.635095
0.642228
0.648476
0.653632
0.65776
0.660926
0.663319
0.6651
0.666482
0.667499
0.667994
0.667795
0.666874
0.665093
0.662252
0.6585
0.653905
0.648646
0.643093
0.637571
0.632402
0.627789
0.623722
0.620188
0.617058
0.614164
0.611413
0.608753
0.606137
0.603564
0.600963
0.598435
0.595939
0.593584
0.591394
0.58955
0.588165
0.58743
0.587495
0.588477
0.590288
0.592578
0.594957
0.596872
0.598139
0.598553
0.598236
0.597732
0.597689
0.598744
0.601223
0.605062
0.609821
0.614839
0.619724
0.624002
0.627398
0.629674
0.630765
0.630388
0.62841
0.624792
0.619556
0.612787
0.604773
0.595794
0.586354
0.577042
0.568502
0.561306
0.556373
0.554154
0.554996
0.558806
0.565196
0.573542
0.582966
0.5928
0.602326
1.1
1.1089
1.11183
1.10851
1.09965
1.08633
1.06959
1.05054
1.03002
1.00872
0.987133
0.965951
0.945916
0.927847
0.91264
0.900723
0.892106
0.886488
0.883043
0.880727
0.878381
0.875131
0.870397
0.864227
0.857447
0.851268
0.847177
0.846271
0.848832
0.854361
0.861932
0.87049
0.87894
0.88637
0.891764
0.894559
0.894854
0.893731
0.893114
0.895009
0.90084
0.910408
0.921971
0.932882
0.940942
0.944756
0.944203
0.940097
0.933985
0.927335
0.921463
0.917244
0.914984
0.914103
0.913584
0.912149
0.908306
0.900871
0.8892
0.873473
0.854721
0.834798
0.81592
0.800572
0.790803
0.788062
0.792581
0.803221
0.817589
0.832682
0.845994
0.856341
0.863512
0.867862
0.870309
0.871717
0.872694
0.873781
0.875157
0.876691
0.878447
0.880427
0.883151
0.887147
0.892964
0.900576
0.909669
0.919492
0.928986
0.937457
0.944444
0.94961
0.952685
0.953263
0.950803
0.944906
0.935465
0.922944
0.907987
0.891981
0.876544
0.863928
0.855946
0.854075
0.85876
0.869211
0.883922
0.901085
0.918809
0.935656
0.950262
0.961714
0.969548
0.973483
0.973889
0.971032
0.965243
0.956555
0.944814
0.930105
0.913051
0.895117
0.878093
0.863993
0.854526
0.850742
0.852694
0.859788
0.870939
0.884725
0.899762
0.914588
0.928126
0.939331
0.947707
0.952805
0.954137
0.9515
0.944949
0.935269
0.923967
0.912906
0.903975
0.898539
0.89706
0.899478
0.904839
0.911875
0.918944
0.924489
0.927154
0.926046
0.92114
0.913318
0.90442
0.896639
0.891809
0.890599
0.892434
0.895546
0.897774
0.897154
0.892594
0.883998
0.872762
0.861374
0.853219
0.85167
0.85878
0.874134
0.895561
0.919951
0.943971
0.964928
0.980955
0.991008
0.994891
0.993177
0.987251
0.978853
0.969894
0.962008
0.956389
0.953557
0.953401
0.955042
0.957377
0.958923
0.958505
0.955215
0.948634
0.938652
0.925191
0.908714
0.890054
0.87073
0.853381
0.841234
0.837564
0.844159
0.860529
0.883791
0.909761
0.934588
0.955598
0.971451
0.981798
0.987106
0.987906
0.98477
0.978255
0.968917
0.957372
0.944664
0.931901
0.919767
0.908824
0.898876
0.88983
0.881612
0.874176
0.867421
0.861045
0.854641
0.848209
0.842522
0.838874
0.838375
0.841741
0.848665
0.85796
0.867953
0.877088
0.884135
0.888435
0.889809
0.888724
0.886145
0.882958
0.880439
0.879524
0.880821
0.884207
0.888938
0.893966
0.898405
0.90153
0.903113
0.902898
0.900678
0.896225
0.889774
0.881659
0.872941
0.86497
0.859617
0.858532
0.862739
0.87245
0.886583
0.903289
0.920386
0.935667
0.947095
0.95335
0.953601
0.947885
0.937067
0.922995
0.908211
0.895026
0.885199
0.879293
0.876942
0.877027
0.878567
0.880549
0.882209
0.88278
0.881536
0.877504
0.870125
0.859658
0.847616
0.836152
0.827702
0.824234
0.82666
0.834895
0.84749
0.862332
0.877056
0.889636
0.898638
0.903142
0.902861
0.897889
0.888894
0.877285
0.864865
0.853554
0.845357
0.841835
0.844073
0.852182
0.865412
0.882251
0.900819
0.919026
0.93511
0.948091
0.957474
0.963337
0.965895
0.965495
0.962346
0.957052
0.950688
0.944727
0.940386
0.938145
0.937809
0.938706
0.940285
0.941714
0.942065
0.940442
0.935817
0.927815
0.916688
0.903432
0.889646
0.877008
0.867124
0.860776
0.857915
0.857818
0.859468
0.862397
0.867043
0.874301
0.884473
0.896498
0.90841
0.918093
0.924278
0.926325
0.924311
0.918838
0.910864
0.90186
0.893261
0.886531
0.882432
0.881296
0.882671
0.88596
0.890322
0.895345
0.900392
0.905288
0.909688
0.913218
0.915439
0.916143
0.915215
0.912807
0.909354
0.905463
0.902123
0.900288
0.900961
0.90484
0.911845
0.921072
0.931376
0.941201
0.949235
0.954568
0.956645
0.955206
0.950296
0.942249
0.931389
0.918835
0.906
0.89471
0.886744
0.883565
0.885718
0.892882
0.904147
0.918125
0.933612
0.94933
0.964286
0.977504
0.988168
0.995422
0.998483
0.996948
0.990906
0.981029
0.968438
0.954506
0.940645
0.927925
0.917101
0.90839
0.901369
0.894969
0.887788
0.878519
0.866008
0.84975
0.830281
0.809298
0.789463
0.773702
0.764221
0.761712
0.76579
0.775829
0.79155
0.812525
0.837854
0.865531
0.893161
0.918429
0.939178
0.953997
0.962049
0.963366
0.959281
0.952176
0.944569
0.937754
0.931628
0.925819
0.920364
0.915877
0.913127
0.912362
0.913608
0.91649
0.920287
0.92421
0.927738
0.930281
0.931889
0.932386
0.932113
0.931036
0.929122
0.926482
0.923394
0.920268
0.917474
0.915232
0.913532
0.912285
0.911129
0.909722
0.907881
0.905603
0.902768
0.899562
0.896001
0.892358
0.889013
0.8864
0.884963
0.885146
0.887476
0.891956
0.898463
0.906333
0.914512
0.921664
0.926437
0.927869
0.925908
0.920956
0.913644
0.904614
0.894383
0.883644
0.873374
0.864746
0.858704
0.856086
0.857361
0.862554
0.871182
0.88272
0.896329
0.911403
0.927563
0.944769
0.963172
0.982393
1.00139
1.01864
1.03235
1.04112
1.04383
1.04005
1.02971
1.01361
0.993474
0.971899
0.952187
0.936911
0.927388
0.923315
0.923186
0.925371
0.928331
0.930764
0.931604
0.930092
0.926066
0.919954
0.912451
0.904393
0.896823
0.890422
0.885364
0.881738
0.879792
0.880016
0.88285
0.888413
0.896087
0.904582
0.912184
0.917294
0.918868
0.916716
0.911453
0.904284
0.896748
0.890264
0.88628
0.886141
0.890669
0.899937
0.912947
0.927707
0.941756
0.952755
0.95918
0.960724
0.958062
0.952477
0.944817
0.935586
0.924825
0.9129
0.900638
0.889308
0.879994
0.873138
0.868569
0.865708
0.863905
0.862985
0.863353
0.865548
0.869955
0.876219
0.883767
0.892058
0.900911
0.910299
0.920217
0.93017
0.939532
0.947424
0.953243
0.956652
0.957914
0.957631
0.956567
0.955597
0.955504
0.956698
0.958953
0.961523
0.963604
0.964317
0.963321
0.960498
0.955923
0.94982
0.942373
0.933961
0.925467
0.918171
0.913366
0.911654
0.912729
0.915871
0.920379
0.925892
0.931964
0.938044
0.943704
0.948607
0.952433
0.954829
0.955169
0.953182
0.94903
0.943334
0.937144
0.932069
0.929632
0.931219
0.93738
0.947308
0.958707
0.96853
0.973699
0.971915
0.962142
0.944941
0.922272
0.89731
0.873915
0.855748
0.845745
0.84514
0.853189
0.867431
0.884969
0.903558
0.921932
0.939587
0.956427
0.972028
0.985795
0.996554
1.00323
1.00473
1.0004
0.990382
0.975728
0.95826
0.940286
0.923864
0.910251
0.899848
0.892381
0.887343
0.88441
0.883736
0.885445
0.889583
0.895815
0.903515
0.912045
0.92089
0.929399
0.936887
0.942635
0.945573
0.944834
0.939791
0.93066
0.918736
0.906262
0.895971
0.890042
0.889232
0.892786
0.899345
0.907291
0.915267
0.922369
0.928031
0.932245
0.935213
0.937355
0.939246
0.941251
0.943495
0.945765
0.947498
0.948107
0.946953
0.943614
0.938126
0.930502
0.92156
0.912094
0.903417
0.896567
0.892051
0.889729
0.888595
0.88759
0.886224
0.884921
0.88441
0.885171
0.886761
0.887864
0.887001
0.883284
0.877048
0.869722
0.863648
0.860932
0.862874
0.869404
0.879238
0.890586
0.901866
0.911989
0.920344
0.92668
0.930911
0.932774
0.932391
0.930041
0.926025
0.920567
0.913605
0.905347
0.896226
0.886949
0.878414
0.871164
0.865445
0.860979
0.857375
0.854077
0.850693
0.847113
0.843471
0.840138
0.838176
0.838687
0.842517
0.849587
0.859035
0.869211
0.878704
0.886613
0.892625
0.8969
0.899864
0.902299
0.904867
0.908068
0.911801
0.915585
0.918631
0.919879
0.918843
0.915173
0.908808
0.900139
0.889909
0.878983
0.868434
0.859625
0.853632
0.850874
0.851024
0.852985
0.855362
0.857227
0.858514
0.860195
0.863816
0.870557
0.880698
0.893523
0.907708
0.921668
0.934215
0.944357
0.951905
0.956967
0.959798
0.960396
0.958239
0.952562
0.942748
0.928822
0.911524
0.892579
0.874278
0.85914
0.849427
0.846364
0.849797
0.858371
0.870413
0.884186
0.898356
0.912185
0.925188
0.936777
0.946301
0.95281
0.955643
0.954316
0.949017
0.940755
0.930728
0.92022
0.910634
0.903077
0.898609
0.897792
0.900167
0.904253
0.908037
0.910143
0.910402
0.909956
0.910597
0.91378
0.920036
0.928729
0.938601
0.947834
0.954961
0.958718
0.958786
0.955161
0.948685
0.940289
0.931014
0.921701
0.912988
0.905384
0.899534
0.896291
0.896347
0.899718
0.905305
0.911292
0.915792
0.918027
0.917933
0.916179
0.913534
0.910812
0.908503
0.906963
0.906385
0.906813
0.90817
0.910375
0.913375
0.917004
0.921112
0.925414
0.929689
0.933355
0.935946
0.936874
0.935837
0.93276
0.927781
0.921317
0.913772
0.905403
0.896277
0.886358
0.876005
0.8658
0.856655
0.849551
0.845281
0.844085
0.845544
0.848662
0.852242
0.854981
0.85637
0.85655
0.856406
0.857212
0.860279
0.8663
0.875274
0.886514
0.899211
0.912395
0.925554
0.938265
0.950088
0.960718
0.969831
0.977237
0.982923
0.986959
0.989395
0.990324
0.989702
0.987226
0.9826
0.975479
0.965574
0.952909
0.938525
0.924839
0.915188
0.912476
0.91703
0.926103
0.936153
0.944468
0.950501
0.954986
0.95899
0.96299
0.966966
0.970833
0.974415
0.977386
0.979173
0.979006
0.975913
0.969028
0.957745
0.942288
0.924041
0.905589
0.889911
0.879892
0.877042
0.881374
0.891629
0.905656
0.920947
0.935204
0.946726
0.954905
0.959688
0.961405
0.960103
0.95551
0.947038
0.934597
0.918891
0.901738
0.885674
0.872751
0.863591
0.857436
0.853802
0.853443
0.857014
0.864311
0.874392
0.885997
0.898034
0.909796
0.920702
0.930606
0.939586
0.94787
0.955785
0.963395
0.970389
0.976107
0.9796
0.979965
0.97678
0.970017
0.960271
0.948749
0.93694
0.926249
0.918024
0.913191
0.912282
0.915272
0.921988
0.931749
0.943195
0.954802
0.965116
0.97321
0.978792
0.982277
0.984286
0.985098
0.98394
0.980001
0.972815
0.962802
0.951178
0.93917
0.927674
1.1
1.08818
1.07489
1.06112
1.04781
1.03596
1.02665
1.02086
1.01956
1.02324
1.03186
1.0442
1.05815
1.07135
1.08167
1.08802
1.08991
1.08761
1.08152
1.07222
1.06061
1.04777
1.03533
1.02468
1.01657
1.011
1.00745
1.0054
1.0047
1.00522
1.00685
1.00918
1.01155
1.01314
1.0132
1.01137
1.00782
1.00343
0.999039
0.995012
0.990922
0.985882
0.979815
0.974152
0.971344
0.973824
0.982146
0.994429
1.00734
1.01818
1.02556
1.02921
1.02938
1.02614
1.01997
1.01198
1.00414
0.998785
0.997345
1.0003
1.00651
1.01412
1.02138
1.0273
1.03168
1.03505
1.0377
1.03938
1.03897
1.03554
1.02843
1.01767
1.00352
0.986775
0.968667
0.951203
0.936832
0.927496
0.923809
0.925372
0.931701
0.942776
0.95907
0.979867
1.00222
1.0218
1.03448
1.03843
1.03415
1.02421
1.01162
0.998351
0.985117
0.972243
0.960679
0.95242
0.950225
0.956126
0.970019
0.989146
1.00964
1.02787
1.04171
1.05057
1.05494
1.05588
1.05464
1.05235
1.04955
1.04628
1.04216
1.03693
1.03081
1.02439
1.01918
1.01667
1.01806
1.02366
1.0331
1.04556
1.06015
1.07571
1.09142
1.10634
1.11984
1.13125
1.13999
1.14603
1.14898
1.14868
1.14512
1.13823
1.12812
1.11512
1.09961
1.08206
1.06311
1.04355
1.02464
1.00795
0.995278
0.987578
0.984359
0.984152
0.985077
0.985657
0.985033
0.982848
0.978891
0.973379
0.966579
0.959169
0.952153
0.946488
0.943169
0.94259
0.944602
0.948464
0.953267
0.958023
0.962125
0.965376
0.967989
0.970605
0.974263
0.980128
0.988692
0.999839
1.01255
1.02514
1.03601
1.04427
1.04936
1.05164
1.05169
1.05021
1.04834
1.04751
1.04974
1.05702
1.0703
1.08834
1.10794
1.12578
1.13955
1.14834
1.15289
1.15452
1.15496
1.15545
1.15657
1.15817
1.1595
1.15964
1.15763
1.15257
1.14388
1.13153
1.11622
1.09928
1.08208
1.06585
1.0516
1.03977
1.03072
1.02378
1.01779
1.0111
1.00258
0.99239
0.981791
0.973161
0.968889
0.970469
0.977962
0.990194
1.00547
1.02197
1.03808
1.05257
1.06475
1.07422
1.08101
1.08516
1.08669
1.08554
1.08184
1.076
1.06895
1.06189
1.05551
1.05022
1.04634
1.04424
1.04419
1.04607
1.0495
1.0539
1.05852
1.06294
1.06675
1.06971
1.07139
1.07182
1.07128
1.07027
1.06947
1.06964
1.07128
1.07483
1.08046
1.08836
1.09771
1.10704
1.11433
1.11733
1.11433
1.10501
1.09032
1.07279
1.05563
1.04162
1.03227
1.02714
1.02452
1.02271
1.02109
1.02045
1.02216
1.02736
1.03584
1.04565
1.05464
1.06083
1.06326
1.06189
1.05708
1.04921
1.03872
1.0258
1.01068
0.993466
0.974351
0.953504
0.931481
0.909345
0.888436
0.870355
0.856439
0.847906
0.845553
0.849967
0.8609
0.877697
0.898839
0.922373
0.9461
0.967916
0.986238
0.99986
1.00816
1.01105
1.00862
1.00168
0.991485
0.979722
0.967932
0.957237
0.948056
0.940694
0.93526
0.932415
0.932615
0.935974
0.941651
0.948155
0.95392
0.957822
0.959946
0.961419
0.963881
0.968734
0.976393
0.986016
0.995911
1.00467
1.01187
1.01811
1.02418
1.03018
1.0348
1.03654
1.03458
1.02914
1.02125
1.01212
1.00264
0.993282
0.984299
0.975716
0.967673
0.960685
0.955051
0.951193
0.949395
0.949777
0.952398
0.957099
0.963654
0.971881
0.98133
0.991577
1.00209
1.01205
1.02058
1.02663
1.02967
1.03009
1.02914
1.02856
1.02966
1.03273
1.03734
1.04236
1.04686
1.04963
1.04984
1.04694
1.04081
1.03178
1.02076
1.00916
0.998659
0.990763
0.986042
0.983368
0.980392
0.974162
0.962755
0.947498
0.933554
0.926393
0.9267
0.930301
0.932793
0.932588
0.930382
0.927548
0.925482
0.925017
0.926982
0.931563
0.93843
0.94674
0.955608
0.964008
0.971442
0.977735
0.983381
0.989098
0.99592
1.00455
1.01516
1.02728
1.03999
1.05241
1.06352
1.07274
1.07959
1.08364
1.0846
1.0823
1.07706
1.0699
1.06197
1.05446
1.0481
1.04275
1.03752
1.03167
1.02444
1.01588
1.00675
0.998292
0.991971
0.9886
0.987962
0.989115
0.991064
0.993149
0.99533
0.99777
1.00059
1.00361
1.00655
1.00868
1.00933
1.00809
1.00487
0.99978
0.993419
0.987043
0.982057
0.97982
0.980885
0.984548
0.989035
0.992443
0.993151
0.990691
0.985485
0.978828
0.97224
0.966848
0.963304
0.961471
0.960884
0.96093
0.961403
0.962203
0.963558
0.965609
0.968486
0.972109
0.976663
0.982269
0.989043
0.996961
1.00586
1.01549
1.02577
1.03689
1.04881
1.06086
1.07205
1.08106
1.08632
1.08654
1.08082
1.06893
1.05182
1.0319
1.01279
0.998735
0.992898
0.996622
1.0091
1.02814
1.05095
1.07475
1.0971
1.11605
1.13015
1.13858
1.14123
1.13829
1.13026
1.11776
1.1015
1.08243
1.0619
1.04212
1.02554
1.01475
1.01039
1.01136
1.01473
1.0174
1.01756
1.01494
1.01072
1.00672
1.0048
1.00571
1.0087
1.01221
1.01451
1.01484
1.01343
1.01092
1.00731
1.00204
0.994774
0.985414
0.975047
0.965553
0.958996
0.956812
0.959402
0.966195
0.975796
0.986192
0.995221
1.00107
1.00273
1.00031
0.995289
0.990456
0.988991
0.991988
0.997519
1.00218
1.00381
1.00236
0.999454
0.99684
0.995733
0.996464
0.998859
1.00251
1.0072
1.01254
1.01816
1.02372
1.02919
1.03482
1.04072
1.04674
1.05188
1.05507
1.05499
1.051
1.04303
1.03204
1.01972
1.00828
1.00001
0.996493
0.998504
1.00569
1.017
1.03086
1.0457
1.05965
1.07127
1.0799
1.08569
1.08919
1.0903
1.08796
1.08136
1.07125
1.06006
1.05068
1.04492
1.04329
1.0458
1.05231
1.06227
1.0747
1.08774
1.09969
1.10888
1.11434
1.11577
1.11303
1.10624
1.0957
1.08217
1.06658
1.04986
1.03305
1.01698
1.00249
0.990567
0.982081
0.978079
0.979182
0.985361
0.99529
1.00643
1.0161
1.02254
1.0256
1.02723
1.02997
1.03555
1.04374
1.05263
1.05992
1.06398
1.06402
1.06032
1.05418
1.04784
1.04403
1.04419
1.04785
1.05248
1.05531
1.05467
1.05023
1.04285
1.0339
1.02478
1.01667
1.0106
1.00713
1.00631
1.00764
1.01043
1.01424
1.01866
1.02363
1.02865
1.03258
1.03373
1.03096
1.02426
1.01535
1.00686
1.00079
0.998088
0.998922
1.00353
1.01174
1.02252
1.03419
1.045
1.05368
1.05949
1.06247
1.06331
1.06328
1.06355
1.0649
1.06728
1.07009
1.07256
1.07418
1.07428
1.07236
1.06765
1.05977
1.04891
1.03629
1.02412
1.01425
1.00808
1.00561
1.00617
1.00878
1.01221
1.01552
1.0181
1.01999
1.02182
1.02497
1.03096
1.04046
1.0531
1.06737
1.0814
1.09347
1.10248
1.10804
1.11012
1.10886
1.10435
1.09669
1.08622
1.07363
1.06017
1.04732
1.0363
1.02779
1.02164
1.01704
1.01307
1.00884
1.00386
0.997745
0.990573
0.982765
0.974946
0.967966
0.962684
0.959702
0.959156
0.961049
0.965045
0.970406
0.976009
0.981039
0.984965
0.98815
0.991446
0.996154
1.00299
1.01188
1.02168
1.03037
1.0357
1.03561
1.02909
1.01642
0.999259
0.980108
0.961234
0.944356
0.930945
0.922334
0.919533
0.922763
0.931694
0.946031
0.965394
0.988788
1.01412
1.03902
1.06115
1.07905
1.09195
1.09962
1.10227
1.10065
1.09578
1.08932
1.08351
1.0804
1.08135
1.08582
1.09129
1.09463
1.09302
1.08566
1.07337
1.05837
1.04326
1.03039
1.02134
1.01677
1.01664
1.0203
1.02647
1.03388
1.04152
1.04859
1.05441
1.05861
1.06121
1.06221
1.0617
1.05977
1.05674
1.05345
1.05124
1.0511
1.05341
1.05739
1.06177
1.06534
1.06715
1.06683
1.06447
1.06068
1.05607
1.05121
1.04639
1.04207
1.0382
1.03462
1.03084
1.0264
1.02093
1.0147
1.00871
1.00429
1.00258
1.00346
1.00594
1.00846
1.01012
1.01088
1.01125
1.0119
1.01289
1.01387
1.01446
1.01454
1.01427
1.01388
1.01347
1.01291
1.01218
1.01116
1.00981
1.00774
1.00467
1.00064
0.996
0.991411
0.987221
0.98334
0.979234
0.974465
0.968564
0.961596
0.953825
0.945691
0.937547
0.930432
0.925504
0.924141
0.927331
0.935025
0.946471
0.960324
0.975781
0.992364
1.00996
1.02807
1.04579
1.06168
1.07446
1.08294
1.08675
1.08616
1.08208
1.0763
1.0706
1.06663
1.06526
1.06679
1.07065
1.07591
1.08176
1.08771
1.09359
1.09919
1.10396
1.10703
1.10767
1.10558
1.10154
1.09683
1.09276
1.09015
1.08921
1.08965
1.0912
1.0934
1.09558
1.09657
1.09498
1.08966
1.08011
1.0668
1.05045
1.03217
1.01305
0.994296
0.976692
0.960965
0.947438
0.936318
0.927643
0.921613
0.918512
0.918597
0.921922
0.928153
0.936728
0.94699
0.958194
0.969724
0.980667
0.989881
0.996362
0.999922
1.00101
1.00137
1.00339
1.00955
1.02045
1.03427
1.04762
1.05736
1.06155
1.05945
1.05159
1.04003
1.02838
1.02039
1.01717
1.01703
1.01707
1.01513
1.0109
1.00505
0.998769
0.992828
0.987904
0.984345
0.982464
0.982867
0.985875
0.991618
0.999527
1.00862
1.01736
1.02429
1.02829
1.02918
1.02777
1.02529
1.02294
1.02111
1.01939
1.01666
1.01175
1.00421
0.994383
0.983687
0.97388
0.966535
0.962236
0.960753
0.96139
0.963677
0.967255
0.971867
0.976989
0.982228
0.987332
0.9926
0.998415
1.00475
1.011
1.01575
1.01744
1.01526
1.00942
1.00206
0.996817
0.997875
1.00724
1.02321
1.04164
1.05787
1.06854
1.07191
1.06815
1.05883
1.04677
1.03516
1.02612
1.01982
1.01466
1.00871
1.00144
0.994051
0.988942
0.988222
0.992339
1.00006
1.00914
1.0164
1.01888
1.01459
1.00357
1.1
1.08301
1.06269
1.04383
1.02857
1.0173
1.00984
1.00652
1.00865
1.0176
1.03305
1.05279
1.07302
1.09051
1.10317
1.11037
1.11253
1.11059
1.10598
1.10041
1.09585
1.09398
1.09605
1.10275
1.11373
1.12739
1.14085
1.15086
1.15503
1.15234
1.14366
1.13137
1.11855
1.1079
1.10121
1.09868
1.09938
1.10173
1.1037
1.10338
1.09965
1.09218
1.08128
1.06795
1.05393
1.04173
1.03315
1.02757
1.02233
1.01469
1.00461
0.995204
0.991418
0.99609
1.00941
1.02915
1.05268
1.0773
1.10088
1.12212
1.14024
1.15517
1.16682
1.1752
1.17999
1.18064
1.17683
1.16907
1.15822
1.14537
1.13104
1.11493
1.0966
1.07573
1.0531
1.02949
1.00575
0.982544
0.961353
0.945034
0.937328
0.940423
0.953303
0.971857
0.990943
1.00654
1.01625
1.01917
1.01591
1.008
0.997392
0.985897
0.975373
0.96797
0.966596
0.973921
0.990674
1.01477
1.04204
1.06812
1.08926
1.10288
1.10813
1.1054
1.09623
1.08252
1.06648
1.0501
1.03562
1.02516
1.02019
1.0207
1.02519
1.03172
1.03867
1.04473
1.04883
1.05006
1.04781
1.04191
1.03301
1.02215
1.01079
1.00046
0.992618
0.988655
0.990046
0.998293
1.01434
1.03808
1.06794
1.10116
1.13415
1.16355
1.18681
1.20248
1.21025
1.21071
1.2051
1.19496
1.1817
1.16615
1.14837
1.12799
1.10464
1.07864
1.05168
1.02648
1.00686
0.99589
0.995079
1.00348
1.01819
1.03547
1.0521
1.0658
1.07548
1.08124
1.08411
1.08535
1.08565
1.08552
1.08469
1.08322
1.08154
1.08048
1.08091
1.08303
1.08608
1.08864
1.08957
1.08815
1.08429
1.07823
1.07043
1.06136
1.05185
1.04283
1.03572
1.03205
1.03305
1.03877
1.04744
1.05635
1.06303
1.06611
1.06587
1.06308
1.05905
1.05483
1.05147
1.04985
1.05077
1.05466
1.06118
1.06891
1.07635
1.08219
1.08543
1.08502
1.08013
1.07105
1.05999
1.05059
1.04655
1.04979
1.05958
1.07341
1.08794
1.10025
1.10843
1.11181
1.11065
1.10578
1.09857
1.09043
1.08294
1.07758
1.07546
1.07677
1.08086
1.08638
1.09193
1.09651
1.09963
1.10137
1.10204
1.10198
1.10141
1.10055
1.09956
1.09833
1.09631
1.0926
1.08563
1.07414
1.05783
1.03758
1.01547
0.994122
0.976041
0.963088
0.956375
0.956229
0.962308
0.974281
0.991684
1.01365
1.03885
1.06563
1.09207
1.1163
1.13679
1.15253
1.16292
1.16755
1.16631
1.1596
1.14846
1.13461
1.12035
1.10783
1.09803
1.09055
1.08399
1.07674
1.06798
1.05812
1.04866
1.04153
1.03793
1.03785
1.04015
1.04341
1.04694
1.05103
1.05624
1.0626
1.06947
1.07638
1.0836
1.09163
1.10097
1.1114
1.12186
1.13065
1.13579
1.13569
1.12991
1.11929
1.10541
1.09049
1.07644
1.0642
1.0536
1.0433
1.03138
1.01605
0.996058
0.972021
0.946206
0.922426
0.905505
0.899426
0.905994
0.924216
0.951172
0.983063
1.01641
1.04865
1.07791
1.10349
1.12538
1.14391
1.15923
1.17091
1.17844
1.18135
1.17934
1.17252
1.16103
1.14528
1.12583
1.10343
1.07952
1.05595
1.03485
1.01811
1.00718
1.00272
1.00473
1.01245
1.02442
1.0391
1.05504
1.07087
1.0855
1.09766
1.10639
1.11074
1.11048
1.10588
1.09825
1.08918
1.08085
1.07509
1.07323
1.07549
1.08119
1.08882
1.09639
1.10207
1.10435
1.1026
1.0972
1.08956
1.0817
1.07524
1.07079
1.06775
1.0648
1.06038
1.05322
1.04293
1.03056
1.01832
1.00895
1.00456
1.00598
1.01255
1.02265
1.03441
1.04641
1.05756
1.06703
1.07402
1.0775
1.07645
1.06998
1.05793
1.04124
1.02206
1.00306
0.987252
0.977036
0.973575
0.976644
0.985092
0.997502
1.01215
1.02765
1.04256
1.05585
1.06651
1.074
1.07845
1.0806
1.08166
1.08277
1.08488
1.08874
1.09485
1.10334
1.11348
1.12394
1.13266
1.13763
1.13726
1.1308
1.11902
1.10413
1.0894
1.07838
1.07384
1.07702
1.08757
1.10368
1.12279
1.14182
1.15836
1.17035
1.17675
1.17752
1.17312
1.16469
1.15326
1.14
1.12606
1.11257
1.10044
1.09046
1.08353
1.08115
1.08455
1.09234
1.10009
1.10272
1.09753
1.08606
1.07299
1.06302
1.05812
1.05723
1.05858
1.06076
1.06316
1.06538
1.06762
1.07036
1.07432
1.08028
1.08852
1.09891
1.11096
1.12389
1.13655
1.14746
1.1552
1.15864
1.1575
1.1525
1.14545
1.1379
1.13075
1.12391
1.11687
1.10925
1.1012
1.09349
1.08705
1.08251
1.07979
1.07836
1.07816
1.07965
1.08345
1.08995
1.09839
1.10737
1.11556
1.1222
1.12686
1.12954
1.13017
1.12875
1.12575
1.12231
1.11992
1.11996
1.12327
1.12986
1.13834
1.14668
1.15286
1.15553
1.1544
1.15006
1.14334
1.13535
1.12666
1.11796
1.10966
1.10214
1.09549
1.08936
1.0834
1.07852
1.07691
1.08042
1.08804
1.09702
1.10598
1.11521
1.12402
1.12985
1.13001
1.12344
1.11091
1.09478
1.078
1.06398
1.05525
1.05268
1.05548
1.06219
1.07133
1.08169
1.09196
1.10139
1.10936
1.1152
1.11849
1.119
1.1168
1.11226
1.10597
1.09849
1.09034
1.08168
1.07286
1.06475
1.0587
1.05681
1.06116
1.07288
1.09157
1.1152
1.14091
1.16548
1.18611
1.20077
1.20844
1.20929
1.20419
1.19506
1.18421
1.17396
1.16598
1.16072
1.157
1.15326
1.1479
1.13985
1.1292
1.11667
1.1033
1.08978
1.0765
1.06385
1.05247
1.04346
1.03824
1.03772
1.04204
1.05058
1.06156
1.07283
1.08211
1.0879
1.08959
1.08743
1.08138
1.07047
1.05369
1.03082
1.00351
0.975134
0.949958
0.932533
0.925984
0.931591
0.948942
0.975684
1.00775
1.04026
1.0691
1.09262
1.11129
1.12648
1.13913
1.14906
1.15504
1.15596
1.15147
1.14259
1.13134
1.11966
1.10864
1.09804
1.08719
1.07597
1.06532
1.05702
1.05289
1.05387
1.06008
1.07095
1.08505
1.10045
1.11479
1.12657
1.1348
1.1394
1.14105
1.14081
1.14001
1.14009
1.14211
1.1468
1.15411
1.16348
1.17386
1.18361
1.19123
1.19555
1.19607
1.1927
1.18552
1.17475
1.16051
1.14294
1.12229
1.09952
1.07631
1.05497
1.03806
1.02767
1.02439
1.02751
1.03565
1.04722
1.06122
1.07694
1.09439
1.11304
1.13194
1.14931
1.16311
1.17104
1.17163
1.16434
1.14956
1.12866
1.10329
1.07558
1.04888
1.02786
1.01689
1.01664
1.02376
1.03362
1.04307
1.05079
1.05718
1.06358
1.0713
1.08112
1.09272
1.10452
1.11447
1.12074
1.12251
1.12008
1.11451
1.10762
1.10117
1.09646
1.094
1.09298
1.09181
1.08809
1.07956
1.06497
1.04498
1.02335
1.00542
0.995806
0.995767
1.00311
1.01432
1.0262
1.03643
1.04395
1.04875
1.05174
1.0542
1.05778
1.06349
1.07149
1.08097
1.09005
1.09682
1.09978
1.09811
1.09169
1.08131
1.06869
1.05605
1.04567
1.03931
1.03792
1.04143
1.04916
1.05997
1.07217
1.08353
1.09136
1.09333
1.08771
1.07503
1.05918
1.04729
1.04511
1.05171
1.06162
1.07003
1.07537
1.07763
1.0774
1.07521
1.07199
1.0689
1.06742
1.06881
1.07387
1.0826
1.09399
1.10637
1.11804
1.12737
1.13358
1.13655
1.13649
1.1337
1.12867
1.122
1.1145
1.10726
1.10121
1.09716
1.09544
1.09592
1.09814
1.10138
1.10477
1.10796
1.11084
1.11378
1.11714
1.12128
1.12638
1.13251
1.13937
1.14607
1.15132
1.15369
1.15242
1.14718
1.1383
1.12626
1.11178
1.09557
1.07843
1.06135
1.04542
1.03194
1.0221
1.01667
1.01593
1.01936
1.02548
1.03247
1.03827
1.04159
1.04157
1.03811
1.0318
1.02403
1.01699
1.01269
1.01285
1.01851
1.02963
1.04476
1.06116
1.07563
1.08554
1.08926
1.08611
1.0762
1.06075
1.04262
1.02595
1.01531
1.01346
1.02045
1.03369
1.04945
1.06411
1.07516
1.08072
1.08004
1.07325
1.06206
1.04928
1.03843
1.03208
1.03089
1.03325
1.03681
1.0394
1.03947
1.0364
1.03024
1.0223
1.01501
1.01113
1.01282
1.02059
1.03369
1.05018
1.06828
1.086
1.10151
1.11297
1.11946
1.12119
1.11937
1.11586
1.11249
1.11048
1.1098
1.10985
1.10965
1.10861
1.10652
1.10365
1.10073
1.09896
1.09988
1.10481
1.11428
1.12759
1.14283
1.15788
1.1711
1.18152
1.1887
1.19263
1.19337
1.19105
1.18608
1.17913
1.17126
1.16347
1.1567
1.15164
1.14859
1.14724
1.14715
1.147
1.14563
1.14175
1.13494
1.12619
1.11766
1.11177
1.10977
1.11118
1.1152
1.12084
1.12665
1.13067
1.13112
1.12722
1.11999
1.11211
1.10723
1.10876
1.11839
1.13568
1.15807
1.18139
1.20117
1.21335
1.21628
1.21041
1.19778
1.18148
1.16468
1.14947
1.1368
1.12637
1.11695
1.1073
1.09695
1.08692
1.07941
1.07672
1.07953
1.0869
1.09696
1.10776
1.11746
1.12425
1.12705
1.12513
1.11877
1.1088
1.09639
1.08299
1.07008
1.05964
1.05328
1.05153
1.05361
1.05751
1.06105
1.06245
1.06119
1.05781
1.05402
1.05182
1.05301
1.05834
1.06696
1.0768
1.08551
1.0913
1.09304
1.08999
1.08147
1.06774
1.05082
1.03489
1.0241
1.02002
1.02103
1.02422
1.02774
1.03102
1.03401
1.03642
1.03793
1.03814
1.03685
1.03483
1.03347
1.03447
1.03927
1.04825
1.06069
1.07479
1.08866
1.10032
1.10848
1.11274
1.11345
1.11161
1.10885
1.10692
1.10701
1.1096
1.11449
1.12083
1.12791
1.13514
1.14226
1.149
1.15518
1.16074
1.16613
1.17172
1.17806
1.18476
1.19027
1.19209
1.18781
1.17626
1.15778
1.13444
1.1
1.07641
1.05316
1.03385
1.01993
1.01179
1.00898
1.01002
1.01349
1.01805
1.02241
1.02532
1.02568
1.02302
1.01833
1.01382
1.01186
1.01359
1.01816
1.02367
1.02813
1.03007
1.02872
1.02371
1.01517
1.00376
0.991
0.978964
0.969745
0.965267
0.96657
0.973686
0.985604
1.00031
1.01543
1.02878
1.03921
1.0469
1.05271
1.058
1.06397
1.07104
1.07851
1.08508
1.08884
1.08776
1.08054
1.0671
1.04921
1.0308
1.01658
1.00944
1.00889
1.01236
1.01729
1.02258
1.02807
1.03379
1.03974
1.04588
1.05191
1.05786
1.06342
1.068
1.07105
1.0723
1.07194
1.07085
1.06941
1.0675
1.06442
1.05956
1.05283
1.04474
1.03621
1.02778
1.01937
1.01042
1.00079
0.991375
0.984011
0.979689
0.977335
0.974537
0.969932
0.963664
0.957389
0.953174
0.952287
0.954738
0.959481
0.965164
0.970387
0.973813
0.974359
0.971483
0.965827
0.960163
0.95892
0.96626
0.983456
1.00846
1.03642
1.06188
1.08061
1.09052
1.09169
1.08567
1.07458
1.06114
1.048
1.03785
1.03249
1.03217
1.03556
1.04038
1.0445
1.04678
1.0469
1.04533
1.04271
1.03997
1.03742
1.03529
1.03344
1.03204
1.03163
1.03341
1.03853
1.0472
1.05863
1.07106
1.08273
1.09261
1.10036
1.10614
1.1103
1.11341
1.11592
1.11835
1.12056
1.12177
1.12073
1.11624
1.10736
1.09398
1.07671
1.05671
1.03557
1.01511
0.997616
0.985412
0.980305
0.982811
0.991227
1.00279
1.0153
1.02782
1.04083
1.05546
1.07244
1.09094
1.1088
1.12287
1.1306
1.13088
1.12385
1.11091
1.094
1.07563
1.05812
1.04367
1.03398
1.0296
1.02979
1.03271
1.03652
1.03995
1.04287
1.04626
1.05104
1.05763
1.06554
1.07385
1.08138
1.08716
1.09016
1.08973
1.08573
1.0785
1.06911
1.05884
1.04914
1.04131
1.03634
1.03521
1.03839
1.04541
1.05476
1.0642
1.07151
1.07518
1.0745
1.06963
1.06111
1.05009
1.0382
1.0278
1.02117
1.02016
1.02548
1.03664
1.0519
1.06953
1.0874
1.10354
1.1161
1.12354
1.12503
1.12021
1.10983
1.09534
1.07825
1.05965
1.04012
1.01995
0.999549
0.979242
0.959496
0.940644
0.923286
0.908691
0.898582
0.894927
0.899179
0.911229
0.929053
0.949476
0.970039
0.989778
1.00894
1.02803
1.04706
1.06516
1.08106
1.09363
1.10214
1.10661
1.10754
1.10572
1.10185
1.09633
1.0894
1.08156
1.07334
1.06579
1.05962
1.05565
1.05454
1.05633
1.0599
1.06321
1.06422
1.06162
1.05532
1.04623
1.03578
1.02565
1.01714
1.01084
1.00698
1.00507
1.00408
1.00295
1.00037
0.99562
0.98877
0.981499
0.976349
0.975939
0.981764
0.994098
1.01243
1.03563
1.06155
1.08724
1.10946
1.12531
1.13319
1.13274
1.12486
1.111
1.09331
1.07425
1.056
1.04038
1.02893
1.02306
1.02361
1.03064
1.04307
1.0592
1.0773
1.09586
1.1136
1.12915
1.14153
1.14951
1.15246
1.14996
1.1425
1.13101
1.11707
1.10213
1.08743
1.07388
1.0617
1.05111
1.04233
1.03592
1.03298
1.03447
1.04055
1.05033
1.06152
1.07134
1.07736
1.0783
1.07423
1.06638
1.05662
1.04696
1.03962
1.03673
1.03984
1.04926
1.06363
1.08044
1.0968
1.1102
1.11917
1.12327
1.12305
1.1193
1.11313
1.10533
1.09647
1.08696
1.07716
1.06692
1.05687
1.04761
1.04044
1.03681
1.03804
1.04447
1.05492
1.06711
1.07823
1.08603
1.08897
1.08688
1.08037
1.07061
1.05909
1.04803
1.03981
1.03555
1.03397
1.03234
1.02906
1.0253
1.02403
1.02761
1.03578
1.04658
1.05746
1.06681
1.07368
1.07805
1.08028
1.08106
1.08094
1.08045
1.08005
1.07991
1.07978
1.07848
1.07414
1.06483
1.04926
1.02744
1.00128
0.973952
0.949484
0.931764
0.923621
0.926547
0.939957
0.961378
0.987159
1.01362
1.03783
1.05818
1.07409
1.08582
1.09419
1.1
1.10374
1.10516
1.10371
1.09899
1.09119
1.08147
1.07173
1.06392
1.05933
1.05832
1.06021
1.06381
1.06835
1.07395
1.08098
1.08973
1.09984
1.11013
1.11907
1.12579
1.13037
1.13351
1.13601
1.13776
1.13789
1.13522
1.12902
1.11942
1.10703
1.09297
1.0782
1.06379
1.05053
1.03905
1.02969
1.02343
1.02124
1.02368
1.02957
1.03581
1.03875
1.03644
1.02944
1.02041
1.01271
1.00854
1.00813
1.00969
1.01075
1.00951
1.00559
1.00036
0.996043
0.994908
0.997818
1.00404
1.01141
1.01725
1.01971
1.01873
1.01662
1.01686
1.02138
1.02889
1.03576
1.03943
1.0398
1.03899
1.03883
1.03996
1.0421
1.04491
1.04886
1.05427
1.06119
1.06892
1.07604
1.08092
1.08218
1.07899
1.07144
1.06038
1.04718
1.03359
1.02134
1.01171
1.00572
1.00392
1.00646
1.01282
1.02209
1.03328
1.04566
1.05884
1.07195
1.08369
1.09246
1.09722
1.09774
1.09491
1.08988
1.08377
1.07763
1.07248
1.06933
1.06917
1.07244
1.07902
1.08818
1.09853
1.10821
1.11549
1.11926
1.11962
1.11781
1.11529
1.11303
1.11056
1.10704
1.10164
1.09398
1.08443
1.07352
1.06189
1.05045
1.04009
1.03188
1.02674
1.02521
1.02742
1.03298
1.04102
1.05036
1.05942
1.06684
1.07163
1.07357
1.07306
1.07096
1.06823
1.06558
1.06336
1.06193
1.0616
1.06242
1.06447
1.0679
1.07242
1.07708
1.08044
1.08108
1.07787
1.07041
1.05899
1.04464
1.02888
1.01344
0.999823
0.988682
0.979887
0.973062
0.967382
0.962534
0.959106
0.95816
0.960854
0.967428
0.977242
0.988958
1.00113
1.01249
1.02258
1.03154
1.0399
1.04852
1.05761
1.06685
1.07549
1.08284
1.08838
1.09225
1.09502
1.09751
1.10036
1.10375
1.10709
1.10935
1.10935
1.10632
1.09987
1.09015
1.07756
1.0628
1.04654
1.02978
1.01369
0.998971
0.986171
0.975338
0.96697
0.962338
0.963418
0.97176
0.98753
1.00904
1.0333
1.057
1.07724
1.09225
1.10103
1.10331
1.09933
1.0898
1.0759
1.05933
1.04192
1.02541
1.01085
0.998712
0.988815
0.980684
0.973783
0.967948
0.963204
0.959799
0.957969
0.957784
0.9595
0.96371
0.970686
0.979487
0.988291
0.99484
0.997343
0.995525
0.99085
0.986149
0.984636
0.988733
0.999069
1.01437
1.03225
1.05011
1.06605
1.07905
1.08858
1.0947
1.09771
1.09811
1.09642
1.09317
1.08902
1.08456
1.08076
1.07844
1.07743
1.07696
1.07533
1.07104
1.06346
1.05317
1.04148
1.02963
1.01828
1.00723
0.996014
0.984401
0.973008
0.962652
0.954711
0.950209
0.94978
0.953764
0.961941
0.973543
0.987291
1.00178
1.0159
1.02905
1.04088
1.05101
1.05853
1.0625
1.06225
1.0579
1.05038
1.04165
1.0345
1.03213
1.03685
1.04867
1.0649
1.08142
1.09439
1.10168
1.1029
1.09892
1.09159
1.08304
1.0752
1.0696
1.06684
1.0661
1.06586
1.06451
1.06167
1.05806
1.05495
1.05379
1.05534
1.05946
1.06544
1.07265
1.08063
1.08922
1.09811
1.10643
1.11283
1.1162
1.1155
1.11045
1.1017
1.09046
1.07879
1.06846
1.06097
1.05682
1.05597
1.05795
1.06176
1.06637
1.07079
1.07421
1.07621
1.07673
1.07596
1.0747
1.07431
1.07597
1.08039
1.08722
1.09538
1.10337
1.10974
1.11352
1.11427
1.11233
1.10866
1.10461
1.10125
1.09884
1.09674
1.09371
1.08858
1.08047
1.06946
1.05665
1.04385
1.03353
1.02778
1.02729
1.03119
1.03754
1.04433
1.04977
1.05272
1.05244
1.04883
1.04282
1.03592
1.03035
1.02824
1.03108
1.03923
1.0515
1.06549
1.0786
1.08878
1.09439
1.09466
1.08997
1.08132
1.06988
1.05693
1.04349
1.03028
1.01807
1.00767
1.00002
0.995954
0.996273
1.00147
1.01127
1.02455
1.03973
1.0545
1.067
1.07564
1.07956
1.07824
1.07195
1.06166
1.04891
1.03566
1.02368
1.0143
1.00803
1.0044
1.00287
1.00278
1.00402
1.00694
1.01206
1.01969
1.02981
1.04195
1.05494
1.06728
1.07706
1.08248
1.08254
1.07767
1.06993
1.06189
1.05572
1.05222
1.05084
1.05044
1.05003
1.04869
1.04579
1.04057
1.03257
1.02248
1.01255
1.00672
1.00884
1.02028
1.03879
1.05942
1.0771
1.08851
1.09271
1.09072
1.08546
1.08068
1.0803
1.08659
1.09908
1.11528
1.13166
1.14539
1.15521
1.16101
1.16295
1.1611
1.15508
1.14433
1.12879
1.10894
1.08649
1.06388
1.044
1.02935
1.02129
1.01983
1.02379
1.0317
1.0419
1.05314
1.06422
1.07407
1.08188
1.08723
1.09003
1.09066
1.08963
1.08741
1.08418
1.07934
1.07247
1.06326
1.05228
1.04096
1.03109
1.02409
1.02024
1.01875
1.01845
1.01854
1.01866
1.01898
1.01972
1.02121
1.02358
1.02681
1.0306
1.03444
1.03755
1.03896
1.038
1.0348
1.03098
1.02869
1.03036
1.03731
1.04914
1.06392
1.07943
1.09357
1.10533
1.11425
1.12022
1.12337
1.12387
1.1224
1.11973
1.11671
1.11403
1.11223
1.1115
1.11211
1.11443
1.11902
1.12588
1.13438
1.14324
1.15099
1.15626
1.15809
1.15601
1.14999
1.14068
1.12917
1.11698
1.10557
1.09594
1.08875
1.08395
1.08108
1.07934
1.07849
1.07856
1.0801
1.08349
1.08857
1.09451
1.1001
1.10429
1.10628
1.10563
1.10168
1.09329
1.07944
1.05954
1.03508
1.00968
0.988577
0.976886
0.977484
0.989765
1.01006
1.03393
1.05782
1.07945
1.0973
1.11038
1.11829
1.12114
1.11923
1.11277
1.10182
1.08698
1.07057
1.05603
1.04684
1.04433
1.04657
1.0503
1.05313
1.05403
1.05301
1.05086
1.04846
1.04661
1.04602
1.04678
1.04781
1.04712
1.04329
1.03658
1.02953
1.02494
1.1
1.09871
1.0984
1.09812
1.0978
1.09751
1.09611
1.09137
1.08035
1.06199
1.03789
1.0134
0.995982
0.99133
1.00001
1.01736
1.0374
1.05519
1.0679
1.0746
1.07594
1.07395
1.07098
1.06892
1.06852
1.06922
1.06988
1.06989
1.06986
1.07063
1.07254
1.07505
1.07714
1.07869
1.08114
1.08753
1.10053
1.12067
1.1463
1.17376
1.19944
1.22039
1.23483
1.2421
1.2425
1.23697
1.2268
1.2135
1.19872
1.1842
1.17109
1.15989
1.15069
1.143
1.13675
1.13192
1.12873
1.12723
1.12734
1.12842
1.12965
1.13022
1.1295
1.12761
1.12529
1.12386
1.12429
1.12682
1.13061
1.13405
1.13557
1.13407
1.12888
1.11991
1.10769
1.09348
1.0799
1.07078
1.06901
1.0745
1.08432
1.09519
1.10579
1.11642
1.12776
1.14029
1.15355
1.16641
1.17749
1.18558
1.18947
1.18817
1.18126
1.16924
1.1537
1.13761
1.1245
1.11769
1.11847
1.12569
1.13586
1.14502
1.1503
1.15079
1.14754
1.14286
1.13911
1.13816
1.14064
1.14636
1.15427
1.16272
1.16965
1.17317
1.17197
1.16538
1.15337
1.137
1.11804
1.09855
1.08004
1.06322
1.04815
1.03602
1.03017
1.03484
1.05047
1.07244
1.09445
1.1121
1.12413
1.13085
1.13325
1.13239
1.12893
1.12335
1.1157
1.10596
1.09473
1.08374
1.07598
1.07455
1.08076
1.09351
1.11044
1.12939
1.14902
1.16812
1.18545
1.19974
1.20971
1.21468
1.21474
1.21099
1.20434
1.19607
1.18742
1.17908
1.17099
1.16284
1.15438
1.14543
1.13662
1.12862
1.1222
1.11753
1.11402
1.11065
1.10637
1.10044
1.09305
1.08494
1.07738
1.07192
1.06985
1.07221
1.07976
1.09236
1.10902
1.12747
1.14501
1.15934
1.16951
1.17637
1.18193
1.18831
1.19607
1.2036
1.20877
1.21066
1.2099
1.20789
1.20598
1.20514
1.20561
1.20655
1.20627
1.20239
1.19234
1.17416
1.1476
1.11465
1.07955
1.04724
1.02204
1.00593
0.998723
0.999089
1.00466
1.01257
1.02019
1.02523
1.0267
1.02488
1.02082
1.01597
1.01187
1.00952
1.00934
1.01139
1.01562
1.0215
1.02826
1.03473
1.03997
1.04343
1.04526
1.04601
1.0465
1.04783
1.05114
1.05738
1.06691
1.07937
1.09357
1.108
1.12067
1.1301
1.1349
1.13427
1.12824
1.11774
1.10492
1.0923
1.08221
1.07606
1.07464
1.07788
1.08498
1.0944
1.10413
1.11245
1.11762
1.11881
1.11598
1.10944
1.09986
1.08815
1.07565
1.06411
1.05504
1.04968
1.04869
1.05225
1.06028
1.07205
1.08615
1.10029
1.11246
1.12093
1.12482
1.124
1.11862
1.10949
1.09765
1.08502
1.07336
1.06425
1.05852
1.05607
1.0564
1.05856
1.06194
1.06614
1.07057
1.07479
1.07886
1.08382
1.09135
1.103
1.11888
1.13734
1.15583
1.1716
1.18262
1.18794
1.18821
1.18517
1.18083
1.17605
1.17109
1.16643
1.16308
1.16179
1.16172
1.16047
1.15537
1.14447
1.12717
1.10417
1.07757
1.05027
1.02596
1.00837
1.00056
1.00381
1.01716
1.03783
1.06178
1.08536
1.10582
1.12186
1.13329
1.14119
1.14669
1.15087
1.15424
1.15678
1.15811
1.15794
1.15681
1.15574
1.15622
1.15913
1.16358
1.16773
1.16996
1.16998
1.16903
1.1685
1.16921
1.17067
1.17158
1.17059
1.16695
1.16079
1.15296
1.14524
1.13958
1.13737
1.13933
1.14544
1.15516
1.1676
1.18141
1.19539
1.20809
1.21829
1.22536
1.22918
1.23032
1.22978
1.22857
1.22711
1.22485
1.22031
1.21163
1.19683
1.17477
1.14641
1.11475
1.0848
1.06181
1.04961
1.04936
1.05943
1.07669
1.0979
1.12047
1.14267
1.16313
1.18057
1.19387
1.20201
1.20486
1.20342
1.20014
1.19838
1.20076
1.20735
1.21523
1.22039
1.21967
1.21165
1.19668
1.17685
1.1554
1.13625
1.12296
1.11738
1.11894
1.12517
1.133
1.14068
1.14764
1.15448
1.16192
1.16978
1.17704
1.18208
1.18324
1.17949
1.17118
1.15946
1.14588
1.13149
1.1169
1.10241
1.08835
1.0755
1.06481
1.0574
1.05405
1.05521
1.06108
1.07091
1.08294
1.09502
1.10539
1.11314
1.11847
1.12192
1.12423
1.12553
1.12597
1.12598
1.12629
1.12782
1.13129
1.13674
1.14334
1.14969
1.15416
1.15528
1.15236
1.14551
1.13586
1.12513
1.11506
1.10701
1.10141
1.09833
1.09756
1.09899
1.10265
1.10877
1.11747
1.128
1.13861
1.14684
1.15064
1.14957
1.14583
1.1427
1.14141
1.13994
1.1356
1.12788
1.11825
1.10899
1.102
1.09817
1.09701
1.09754
1.09827
1.09807
1.09615
1.09224
1.08623
1.07816
1.06832
1.05744
1.0465
1.03659
1.02889
1.02393
1.02199
1.02263
1.02534
1.0302
1.03793
1.04949
1.06507
1.08316
1.10106
1.11583
1.12546
1.1295
1.12892
1.12561
1.1216
1.1183
1.11641
1.11607
1.11714
1.11979
1.12421
1.13045
1.1384
1.14751
1.15695
1.1654
1.17149
1.1739
1.17209
1.16638
1.15784
1.14772
1.13695
1.12601
1.11557
1.10678
1.10174
1.10174
1.10641
1.11328
1.11971
1.1244
1.12734
1.12902
1.12959
1.12913
1.12793
1.12703
1.12745
1.12929
1.132
1.13396
1.13327
1.12824
1.11781
1.10209
1.08296
1.06358
1.04772
1.03801
1.03489
1.03672
1.04112
1.04596
1.04996
1.05247
1.05327
1.05216
1.04895
1.04423
1.03898
1.03442
1.03144
1.03026
1.0305
1.03199
1.03464
1.03893
1.04573
1.05552
1.06806
1.08237
1.09744
1.11241
1.12666
1.13962
1.15114
1.16063
1.16764
1.17153
1.17218
1.16968
1.16471
1.15853
1.15259
1.14824
1.14603
1.14555
1.14549
1.14454
1.14184
1.13737
1.13176
1.12559
1.11955
1.11473
1.11229
1.113
1.1167
1.12209
1.12752
1.13159
1.13388
1.13435
1.13344
1.1313
1.12823
1.12479
1.12155
1.11876
1.1158
1.11165
1.1053
1.0966
1.0868
1.07827
1.0738
1.07539
1.08302
1.0942
1.10563
1.11458
1.11978
1.12182
1.12208
1.12168
1.1207
1.11835
1.11385
1.10706
1.09859
1.08993
1.08281
1.07927
1.08091
1.08843
1.10091
1.11562
1.12916
1.13873
1.14299
1.14191
1.13661
1.12845
1.11882
1.10892
1.10013
1.09429
1.09346
1.09881
1.10929
1.1218
1.13255
1.13839
1.13834
1.13346
1.12633
1.12025
1.11809
1.12132
1.13011
1.14253
1.15561
1.16645
1.17322
1.17572
1.17493
1.17213
1.16838
1.1644
1.16013
1.15493
1.14823
1.13937
1.12807
1.11456
1.10025
1.08695
1.07603
1.06821
1.06311
1.06028
1.05953
1.06085
1.06437
1.06993
1.07696
1.0846
1.09194
1.09783
1.10119
1.10105
1.09729
1.09072
1.08272
1.07495
1.06781
1.06067
1.0525
1.04332
1.03483
1.02906
1.02781
1.03171
1.04036
1.05286
1.06822
1.08545
1.10312
1.11941
1.1323
1.1401
1.14233
1.13982
1.13491
1.13039
1.12842
1.1301
1.13539
1.14316
1.15111
1.1565
1.15664
1.15028
1.13753
1.12001
1.10003
1.08011
1.06247
1.04878
1.03984
1.03541
1.03417
1.03444
1.03427
1.03249
1.02868
1.02355
1.01871
1.01631
1.01794
1.02374
1.03254
1.04259
1.05221
1.05995
1.06489
1.06711
1.06797
1.06946
1.07339
1.08056
1.0903
1.10134
1.11254
1.12337
1.134
1.14488
1.15633
1.16845
1.18101
1.19325
1.20423
1.21259
1.2172
1.21762
1.21407
1.20736
1.1985
1.18885
1.17943
1.17087
1.16357
1.15791
1.1546
1.15427
1.15674
1.16062
1.16371
1.16362
1.15866
1.14848
1.13439
1.11919
1.10648
1.09914
1.09831
1.10278
1.10965
1.11564
1.11815
1.1159
1.10969
1.10172
1.09445
1.08938
1.0866
1.08547
1.08552
1.08682
1.08959
1.09423
1.10117
1.111
1.12429
1.14138
1.16165
1.18331
1.20354
1.21917
1.22783
1.2281
1.21995
1.20455
1.18422
1.16178
1.14007
1.12161
1.10791
1.09949
1.09584
1.09615
1.09916
1.10353
1.10803
1.11143
1.11257
1.11088
1.10615
1.09849
1.08857
1.0772
1.06575
1.0557
1.04862
1.04534
1.04569
1.04852
1.05282
1.05809
1.06451
1.07215
1.08049
1.08809
1.09293
1.09334
1.08834
1.07813
1.06434
1.0499
1.03824
1.03217
1.03157
1.03472
1.03924
1.04342
1.04641
1.04803
1.04829
1.04716
1.04457
1.04082
1.03662
1.03288
1.03049
1.02997
1.0316
1.03525
1.04063
1.04733
1.05454
1.06149
1.06751
1.07207
1.07496
1.07618
1.07561
1.0735
1.07075
1.06901
1.07019
1.07516
1.08373
1.09482
1.10714
1.11963
1.13113
1.14064
1.14726
1.1504
1.14991
1.14602
1.13944
1.13096
1.12159
1.11179
1.1014
1.09016
1.07829
1.06672
1.05689
1.04984
1.04665
1.04841
1.05533
1.06568
1.07646
1.08504
1.09045
1.09304
1.09392
1.09472
1.0969
1.10126
1.10804
1.11679
1.12637
1.1355
1.14315
1.1485
1.15103
1.15046
1.14676
1.14027
1.1315
1.12122
1.10999
1.09853
1.0877
1.07853
1.07216
1.0697
1.07205
1.0794
1.09117
1.10589
1.12129
1.13457
1.14304
1.1446
1.13794
1.12319
1.102
1.07754
1.05408
1.03598
1.02629
1.02541
1.03139
1.04117
1.05182
1.06209
1.07189
1.08192
1.09263
1.10435
1.1168
1.12978
1.14294
1.15576
1.16784
1.17884
1.18893
1.19839
1.20742
1.2158
1.22257
1.22684
1.22797
1.22585
1.22103
1.21426
1.20559
1.19479
1.18203
1.1682
1.15485
1.14355
1.13533
1.12997
1.12621
1.12184
1.11439
1.10191
1.08362
1.06082
1.03698
1.01685
1.0049
1.00329
1.01184
1.02899
1.05244
1.07911
1.10539
1.12687
1.14027
1.14382
1.13794
1.12517
1.10966
1.09599
1.08784
1.0868
1.09232
1.1
1.10988
1.12211
1.13417
1.14482
1.15355
1.16028
1.16527
1.16869
1.17057
1.17115
1.17071
1.16965
1.16803
1.16551
1.16129
1.15448
1.14438
1.1314
1.11651
1.10149
1.08824
1.07847
1.07338
1.0737
1.07925
1.08858
1.09909
1.10773
1.11244
1.11286
1.11086
1.11021
1.11495
1.12734
1.14566
1.16551
1.18192
1.1919
1.19468
1.19135
1.18374
1.17436
1.16553
1.15863
1.15385
1.15001
1.14568
1.13997
1.13288
1.12517
1.11753
1.11048
1.10448
1.09976
1.09667
1.09528
1.09526
1.0961
1.09737
1.09878
1.10049
1.10261
1.10535
1.10896
1.11361
1.11953
1.12695
1.13588
1.14612
1.1568
1.16632
1.17316
1.17589
1.17389
1.16771
1.15864
1.14803
1.13689
1.1259
1.11603
1.10852
1.10481
1.10538
1.10994
1.11725
1.12557
1.13362
1.14046
1.14555
1.14829
1.14817
1.14479
1.13859
1.13087
1.12424
1.12151
1.12488
1.13461
1.14892
1.16478
1.17903
1.18943
1.19442
1.19335
1.1865
1.17475
1.15945
1.14221
1.1247
1.10822
1.09344
1.08047
1.06874
1.05806
1.04918
1.04346
1.04255
1.04747
1.0584
1.07413
1.09301
1.11268
1.13047
1.14376
1.14999
1.14788
1.13805
1.12397
1.11065
1.10225
1.09948
1.10012
1.10134
1.10112
1.09849
1.09318
1.08582
1.07773
1.07058
1.06542
1.06266
1.06203
1.06365
1.0682
1.07662
1.08874
1.10328
1.1185
1.13301
1.14643
1.15861
1.16913
1.17704
1.18091
1.17955
1.17241
1.1596
1.14209
1.12167
1.10028
1.07966
1.06129
1.04574
1.03297
1.02239
1.01354
1.00606
0.999857
0.995197
0.993016
0.994748
1.00179
1.01532
1.0353
1.06047
1.08852
1.11694
1.1432
1.16543
1.18235
1.19381
1.20031
1.20314
1.2041
1.2049
1.20656
1.20919
1.21204
1.21409
1.21461
1.21333
1.21002
1.20493
1.1985
1.1912
1.18394
1.17758
1.17273
1.1695
1.16705
1.16417
1.15951
1.1525
1.14375
1.13466
1.12682
1.12155
1.11966
1.12126
1.12592
1.13282
1.14063
1.14807
1.15379
1.15664
1.15564
1.15044
1.14141
1.12981
1.11751
1.10647
1.09813
1.09325
1.09199
1.0941
1.09875
1.10489
1.11095
1.11543
1.11705
1.11529
1.11053
1.10368
1.09652
1.09161
1.09132
1.09611
1.10327
1.1085
1.10948
1.10763
1.1072
1.11176
1.12149
1.13271
1.14035
1.14084
1.1337
1.12082
1.1059
1.09234
1.08272
1.07824
1.07876
1.08315
1.08948
1.09544
1.09939
1.10062
1.09936
1.09701
1.09513
1.09471
1.09576
1.09722
1.09737
1.09474
1.08877
1.08027
1.07127
1.06385
1.05993
1.06009
1.064
1.07056
1.07818
1.08531
1.0905
1.09267
1.09132
1.08678
1.08071
1.07569
1.07469
1.07922
1.08856
1.10041
1.11235
1.12291
1.13157
1.13852
1.14396
1.14822
1.15129
1.1531
1.15331
1.15163
1.14771
1.14128
1.13201
1.11984
1.10505
1.08818
1.0702
1.0523
1.03574
1.02201
1.01247
1.00805
1.0087
1.01309
1.01901
1.02433
1.02793
1.03059
1.0347
1.04354
1.05925
1.08206
1.10971
1.13819
1.16288
1.17979
1.18687
1.18403
1.17324
1.15833
1.14469
1.13744
1.13918
1.14879
1.16235
1.17576
1.18618
1.19221
1.1935
1.19042
1.18371
1.17422
1.16271
1.14954
1.13457
1.11735
1.09826
1.07925
1.06459
1.05842
1.06194
1.0717
1.08277
1.09093
1.09463
1.09408
1.09032
1.085
1.07971
1.07557
1.07296
1.07204
1.07258
1.07406
1.07562
1.07621
1.0756
1.0747
1.07514
1.07877
1.08662
1.09897
1.1151
1.13378
1.15346
1.17246
1.18958
1.20419
1.2157
1.22373
1.22756
1.22663
1.22097
1.21124
1.19846
1.18357
1.16741
1.15088
1.13526
1.12181
1.11159
1.10518
1.10239
1.10203
1.1023
1.10152
1.09895
1.09479
1.08979
1.08472
1.07983
1.07494
1.06963
1.06377
1.05802
1.05351
1.05168
1.05345
1.05861
1.06634
1.07573
1.08612
1.09676
1.10676
1.11505
1.1206
1.12302
1.12209
1.11799
1.1107
1.1006
1.08885
1.07792
1.07088
1.07044
1.07755
1.09142
1.10986
1.1298
1.1483
1.16315
1.17315
1.17846
1.17987
1.1785
1.17523
1.17109
1.16719
1.1646
1.1646
1.16782
1.17375
1.18117
1.18851
1.19405
1.19608
1.19369
1.18649
1.17486
1.16004
1.14388
1.12834
1.1153
1.1058
1.10005
1.09783
1.09857
1.10156
1.10631
1.11201
1.11822
1.12408
1.12901
1.13252
1.1344
1.13483
1.13415
1.13235
1.12912
1.12437
1.11815
1.11124
1.10436
1.0986
1.09476
1.09336
1.09442
1.09731
1.10092
1.10397
1.10569
1.10593
1.10515
1.10378
1.10232
1.1011
1.10028
1.10005
1.10065
1.10235
1.10531
1.10942
1.11426
1.11938
1.12406
1.12759
1.12952
1.12957
1.12793
1.1253
1.1225
1.1205
1.11963
1.11969
1.12014
1.1202
1.11958
1.11771
1.1145
1.10964
1.10246
1.09248
1.07965
1.06508
1.05124
1.0411
1.03689
1.0392
1.04686
1.0576
1.0699
1.08263
1.09563
1.10889
1.1222
1.13506
1.14717
1.15866
1.16962
1.17979
1.18856
1.19515
1.19909
1.20049
1.19984
1.19768
1.19415
1.18851
1.17887
1.16342
1.14081
1.11152
1.07805
1.04464
1.01601
0.995122
0.98241
0.976639
0.976905
0.983538
0.997806
1.01965
1.0465
1.074
1.09807
1.11645
1.12873
1.13573
1.13878
1.13898
1.13713
1.13368
1.12854
1.12153
1.1124
1.10155
1.08974
1.07815
1.0681
1.06112
1.05828
1.0598
1.06433
1.0694
1.07248
1.07237
1.06909
1.06376
1.05853
1.05563
1.05713
1.06378
1.07497
1.08854
1.10176
1.11153
1.11531
1.1118
1.10155
1.08728
1.07286
1.06177
1.05561
1.05365
1.05345
1.05255
1.0491
1.04255
1.03352
1.02381
1.01589
1.01207
1.01314
1.01802
1.02448
1.03036
1.03496
1.03858
1.04222
1.04713
1.05357
1.06045
1.0655
1.06691
1.06454
1.06009
1.05632
1.05609
1.06087
1.07011
1.08159
1.0927
1.10134
1.10673
1.10859
1.1071
1.1031
1.098
1.094
1.09318
1.09719
1.10637
1.1199
1.13608
1.15273
1.16803
1.1806
1.18952
1.19442
1.19525
1.19261
1.18736
1.18048
1.17265
1.16389
1.15399
1.14306
1.13158
1.12092
1.11268
1.10819
1.1081
1.11234
1.11992
1.12925
1.13838
1.14501
1.1467
1.14164
1.12894
1.11053
1.09141
1.07867
1.07791
1.0902
1.11162
1.13587
1.15746
1.1729
1.18096
1.18158
1.1757
1.16483
1.15072
1.13514
1.11966
1.10571
1.09434
1.08638
1.08283
1.08476
1.09278
1.10604
1.12163
1.1348
1.14113
1.13816
1.12646
1.10968
1.09273
1.07956
1.07151
1.0675
1.06554
1.06399
1.06242
1.06147
1.06267
1.06771
1.07741
1.09139
1.10789
1.12425
1.13806
1.1474
1.15101
1.14844
1.14007
1.12731
1.11254
1.09795
1.08511
1.0747
1.06752
1.06456
1.06699
1.07498
1.08689
1.09993
1.11149
1.11997
1.12507
1.12695
1.12621
1.12365
1.12086
1.12026
1.12441
1.13429
1.14904
1.16621
1.18262
1.19466
1.19984
1.19805
1.19096
1.18144
1.17225
1.16541
1.16188
1.1618
1.16439
1.16875
1.17366
1.1781
1.18105
1.18188
1.18065
1.17774
1.17381
1.16949
1.16448
1.15844
1.15068
1.14133
1.1314
1.12263
1.1163
1.11239
1.10948
1.10595
1.10091
1.09431
1.08616
1.07621
1.06383
1.04927
1.03392
1.02072
1.01348
1.01533
1.02669
1.04438
1.06298
1.07754
1.08519
1.08588
1.08159
1.07521
1.06961
1.0667
1.06757
1.07228
1.0802
1.09001
1.10018
1.10956
1.11739
1.12356
1.12827
1.132
1.13529
1.13833
1.14118
1.14376
1.14609
1.14858
1.1519
1.15699
1.16446
1.17432
1.18538
1.19604
1.20465
1.20981
1.21125
1.20907
1.20413
1.1975
1.1902
1.18282
1.1755
1.16769
1.15873
1.14823
1.13626
1.12369
1.11163
1.10136
1.0938
1.08964
1.08914
1.09208
1.09778
1.10509
1.11242
1.11815
1.12156
1.12263
1.12202
1.12047
1.11804
1.11446
1.10905
1.10211
1.09497
1.08968
1.08825
1.09148
1.09865
1.10749
1.11504
1.11862
1.11651
1.10861
1.09633
1.08219
1.06892
1.05823
1.05035
1.0443
1.03915
1.03436
1.03005
1.0263
1.02283
1.01897
1.01437
1.01001
1.00851
1.0127
1.02369
1.04012
1.05872
1.07602
1.08971
1.09875
1.10353
1.10537
1.10606
1.10704
1.10865
1.11045
1.11114
1.10959
1.10547
1.09939
1.09282
1.08726
1.08387
1.08309
1.0849
1.08937
1.09662
1.10677
1.11953
1.13389
1.14828
1.16099
1.17063
1.17638
1.17812
1.176
1.17077
1.16302
1.15349
1.14269
1.13059
1.11722
1.10228
1.08566
1.06778
1.04974
1.03339
1.02073
1.0137
1.01368
1.02105
1.0351
1.05437
1.07617
1.09718
1.11409
1.12421
1.12654
1.12166
1.11193
1.10056
1.09097
1.08548
1.08507
1.08884
1.09495
1.10137
1.10701
1.1114
1.11482
1.11725
1.11827
1.11715
1.11322
1.10636
1.09683
1.08524
1.0723
1.0587
1.04577
1.03507
1.02817
1.02633
1.03031
1.03991
1.05418
1.07166
1.09079
1.10975
1.12675
1.14026
1.14952
1.1546
1.15627
1.15565
1.15368
1.15111
1.14843
1.14578
1.14307
1.14046
1.13809
1.1365
1.13636
1.13791
1.14116
1.14555
1.15031
1.15462
1.15752
1.15849
1.15712
1.15384
1.14932
1.1446
1.14063
1.13812
1.13721
1.13729
1.13713
1.13524
1.13006
1.12066
1.10671
1.08875
1.06844
1.04852
1.03244
1.02308
1.02168
1.02686
1.03536
1.04302
1.04743
1.04782
1.04525
1.04107
1.03616
1.03093
1.02558
1.02061
1.01687
1.01539
1.01722
1.02267
1.03125
1.1
1.10976
1.11896
1.12606
1.13069
1.13296
1.13322
1.13183
1.12912
1.12562
1.12231
1.12078
1.12228
1.12722
1.13509
1.14462
1.15497
1.16571
1.17684
1.18849
1.20029
1.21136
1.22048
1.22692
1.2305
1.23213
1.2333
1.23545
1.23914
1.24364
1.24768
1.25013
1.25079
1.25031
1.24999
1.25095
1.25362
1.2575
1.26148
1.26394
1.26312
1.25795
1.24789
1.23333
1.21551
1.19621
1.17759
1.16159
1.14979
1.14276
1.13985
1.13976
1.14123
1.14347
1.14605
1.14865
1.15097
1.15267
1.1539
1.15501
1.15613
1.15692
1.15663
1.15464
1.15093
1.146
1.14058
1.1355
1.13142
1.12905
1.1287
1.13049
1.13423
1.13989
1.14735
1.15649
1.16709
1.17833
1.18916
1.19858
1.20606
1.21227
1.21874
1.22696
1.23748
1.24946
1.26126
1.27176
1.28129
1.29136
1.30296
1.31499
1.32466
1.32929
1.32793
1.32097
1.30945
1.29473
1.27766
1.25924
1.24044
1.22202
1.20478
1.18932
1.17592
1.16458
1.15505
1.14714
1.14056
1.13489
1.12967
1.12457
1.12015
1.11775
1.11841
1.12207
1.12768
1.13416
1.14115
1.14852
1.15614
1.16332
1.16889
1.17152
1.17041
1.16584
1.15918
1.15219
1.14658
1.14381
1.14484
1.14964
1.15663
1.16328
1.16666
1.16469
1.15588
1.14026
1.1193
1.09614
1.07377
1.05388
1.03686
1.02297
1.01307
1.0078
1.00751
1.01193
1.02036
1.03185
1.04489
1.05763
1.06836
1.07572
1.07928
1.07932
1.07683
1.07289
1.06862
1.06431
1.05982
1.05542
1.05172
1.04974
1.05035
1.05393
1.06052
1.06961
1.08009
1.09106
1.10148
1.11051
1.11746
1.12178
1.12311
1.12174
1.11863
1.11543
1.11385
1.11496
1.11895
1.12514
1.13255
1.14029
1.14789
1.15504
1.16145
1.16682
1.17069
1.17312
1.17455
1.17575
1.17752
1.18042
1.18462
1.18973
1.19525
1.20084
1.20649
1.21223
1.21822
1.22434
1.23056
1.23678
1.24316
1.2492
1.25421
1.2576
1.25926
1.25932
1.25759
1.25416
1.24942
1.2439
1.23806
1.23186
1.22443
1.21443
1.20133
1.18598
1.17121
1.16061
1.15748
1.16298
1.17565
1.19229
1.20879
1.22138
1.22767
1.22629
1.21696
1.20037
1.17823
1.15275
1.12652
1.10199
1.08121
1.06564
1.05619
1.05343
1.05711
1.06632
1.07947
1.09516
1.11252
1.13118
1.15085
1.17162
1.19343
1.21543
1.2361
1.25346
1.26598
1.27314
1.27575
1.27562
1.27454
1.27304
1.27052
1.26528
1.25581
1.24153
1.22334
1.20334
1.18486
1.17053
1.16165
1.15794
1.15845
1.16261
1.17048
1.18197
1.19655
1.21242
1.22675
1.23685
1.24089
1.23829
1.22954
1.21609
1.19999
1.18395
1.17022
1.16074
1.15609
1.15577
1.15839
1.16172
1.16363
1.16246
1.15754
1.14914
1.13846
1.12692
1.11575
1.10626
1.0996
1.09667
1.09761
1.10168
1.10762
1.11401
1.11975
1.12402
1.12672
1.12832
1.12992
1.13258
1.13699
1.14292
1.14941
1.15534
1.15996
1.16357
1.16794
1.17536
1.18745
1.20402
1.22298
1.24134
1.25634
1.26597
1.26973
1.2684
1.26381
1.25824
1.25342
1.25038
1.24926
1.2494
1.25007
1.25038
1.24969
1.24795
1.24538
1.24246
1.23964
1.23665
1.23282
1.22749
1.22051
1.21258
1.2048
1.1984
1.19399
1.19176
1.19134
1.19179
1.19218
1.19186
1.19052
1.18798
1.18362
1.17676
1.16808
1.16054
1.15826
1.16268
1.17096
1.17875
1.1836
1.1858
1.18629
1.18585
1.18513
1.1849
1.18629
1.18941
1.19216
1.1909
1.18201
1.16422
1.13921
1.1116
1.08801
1.07456
1.07484
1.08824
1.1106
1.13645
1.16121
1.18258
1.20092
1.21712
1.23109
1.24103
1.24491
1.24214
1.23319
1.21931
1.20164
1.18085
1.15726
1.13147
1.10502
1.08019
1.05971
1.04587
1.04018
1.04342
1.05575
1.07652
1.10423
1.13631
1.16888
1.19818
1.22084
1.23496
1.23986
1.23657
1.22709
1.21419
1.20066
1.18896
1.18043
1.17567
1.17403
1.17445
1.17549
1.17554
1.17331
1.168
1.15959
1.14939
1.13979
1.13345
1.13226
1.13653
1.14527
1.15661
1.16849
1.17935
1.18789
1.19399
1.19808
1.20119
1.20409
1.20727
1.21077
1.21446
1.21801
1.22106
1.22329
1.22418
1.22309
1.21941
1.21279
1.20366
1.19263
1.18035
1.16706
1.15234
1.13557
1.11664
1.09652
1.07768
1.06392
1.05913
1.06608
1.08505
1.11347
1.14651
1.17883
1.20548
1.22314
1.23065
1.22949
1.22301
1.21501
1.20761
1.20036
1.19168
1.18029
1.16583
1.14842
1.12877
1.10833
1.08932
1.07395
1.06344
1.05786
1.05734
1.0634
1.07679
1.09579
1.11612
1.13356
1.14564
1.15168
1.1524
1.14925
1.14369
1.13701
1.12967
1.12138
1.11159
1.10022
1.08795
1.07618
1.06657
1.06013
1.05663
1.05533
1.05526
1.05591
1.05722
1.05898
1.06107
1.06322
1.06574
1.0694
1.07557
1.08559
1.10003
1.1186
1.14017
1.1631
1.18572
1.20672
1.2252
1.24064
1.25246
1.25991
1.26219
1.25854
1.24887
1.23372
1.21447
1.19329
1.17278
1.1551
1.14166
1.13269
1.12761
1.1252
1.12432
1.12419
1.12432
1.12448
1.12483
1.12565
1.1271
1.12905
1.13073
1.13174
1.1317
1.13064
1.12931
1.1287
1.12995
1.13385
1.14069
1.14995
1.16097
1.1725
1.18302
1.19075
1.1947
1.19493
1.19266
1.18928
1.18611
1.18376
1.18232
1.18183
1.18167
1.18135
1.18036
1.17888
1.17746
1.17719
1.17888
1.18309
1.18959
1.19753
1.20584
1.21344
1.21959
1.2238
1.226
1.22675
1.22706
1.22757
1.22827
1.22875
1.22824
1.22622
1.22302
1.2197
1.21817
1.2199
1.22579
1.23524
1.24627
1.25665
1.26441
1.26811
1.26767
1.26423
1.25916
1.25431
1.25106
1.25005
1.25076
1.25214
1.25271
1.25163
1.24849
1.24378
1.23823
1.23257
1.22708
1.22179
1.2168
1.21197
1.20714
1.20207
1.1961
1.18891
1.18042
1.17124
1.16237
1.15456
1.14838
1.14382
1.14077
1.13939
1.13992
1.14189
1.1441
1.145
1.14371
1.1403
1.13581
1.1319
1.13022
1.1321
1.1383
1.1488
1.16274
1.17836
1.19353
1.20626
1.21546
1.22104
1.22347
1.2238
1.22314
1.22258
1.22267
1.22335
1.22422
1.22504
1.22566
1.22672
1.22863
1.23187
1.23652
1.24247
1.24924
1.25592
1.26132
1.26426
1.2637
1.25889
1.24932
1.2348
1.21559
1.19277
1.16844
1.14532
1.12597
1.11235
1.10505
1.10347
1.1058
1.11023
1.11534
1.12056
1.12551
1.12983
1.13319
1.13544
1.13667
1.13715
1.13658
1.13484
1.13187
1.12826
1.12524
1.12441
1.12762
1.13618
1.15064
1.17003
1.19226
1.21439
1.23343
1.24671
1.25268
1.25096
1.24238
1.22882
1.21279
1.19732
1.18495
1.17703
1.17384
1.17419
1.17611
1.17771
1.17811
1.17769
1.17726
1.17732
1.17772
1.17772
1.17664
1.1741
1.17008
1.16446
1.15745
1.14933
1.14051
1.13167
1.12371
1.11755
1.11444
1.11519
1.11969
1.12642
1.13313
1.13745
1.13822
1.13581
1.13169
1.12753
1.12427
1.12153
1.11812
1.1127
1.10468
1.0942
1.08258
1.07152
1.06246
1.05629
1.05291
1.05188
1.05222
1.05328
1.05466
1.05616
1.05763
1.05914
1.06115
1.06394
1.06755
1.07156
1.07589
1.08083
1.08746
1.09699
1.11005
1.12597
1.14309
1.15948
1.17366
1.18514
1.19394
1.20116
1.20766
1.21388
1.21967
1.2239
1.22543
1.2233
1.21707
1.20699
1.19396
1.17964
1.16606
1.15552
1.14977
1.14924
1.15314
1.1592
1.1651
1.16855
1.16833
1.16436
1.15782
1.14978
1.14069
1.1297
1.11608
1.10144
1.09018
1.08831
1.09911
1.12072
1.14696
1.17093
1.18765
1.19485
1.19276
1.18409
1.1731
1.16522
1.1643
1.17102
1.18301
1.19705
1.21027
1.22039
1.22536
1.22361
1.21467
1.19945
1.18019
1.15969
1.14063
1.12506
1.1147
1.11098
1.11364
1.12063
1.12847
1.13403
1.13574
1.13372
1.12927
1.12388
1.11867
1.11391
1.10927
1.10446
1.10002
1.09722
1.09759
1.1019
1.10965
1.11974
1.13077
1.14216
1.15351
1.16448
1.17456
1.18314
1.18937
1.19214
1.19033
1.18301
1.17037
1.15402
1.13691
1.12227
1.11236
1.10759
1.10673
1.10775
1.10851
1.10768
1.1044
1.09893
1.09206
1.08515
1.07934
1.07545
1.07351
1.07292
1.07277
1.07258
1.07226
1.07248
1.07384
1.07692
1.08176
1.08803
1.09511
1.10206
1.10792
1.11189
1.11393
1.11477
1.11629
1.12032
1.12812
1.1392
1.15201
1.16438
1.17449
1.18115
1.1845
1.18523
1.18453
1.1826
1.17831
1.17036
1.15877
1.1455
1.13369
1.12586
1.1239
1.12867
1.14043
1.15868
1.18172
1.20678
1.23105
1.25221
1.2687
1.27976
1.28561
1.2866
1.28245
1.27264
1.25725
1.2378
1.21676
1.19667
1.17939
1.16588
1.15655
1.1511
1.14926
1.15032
1.15358
1.15835
1.16429
1.17134
1.17979
1.18978
1.20113
1.21344
1.22634
1.23951
1.25156
1.26077
1.26516
1.26363
1.25608
1.24363
1.22835
1.21231
1.19685
1.18202
1.16724
1.15212
1.13753
1.12563
1.1188
1.11853
1.12514
1.13804
1.15593
1.17742
1.20053
1.22265
1.24111
1.25344
1.25828
1.2554
1.2458
1.23135
1.21442
1.19753
1.18289
1.17161
1.16352
1.15778
1.15376
1.15145
1.15067
1.15086
1.1508
1.14916
1.14486
1.13706
1.12508
1.1094
1.09295
1.08126
1.07958
1.08906
1.10579
1.12531
1.14504
1.1646
1.1839
1.20137
1.21499
1.22392
1.22844
1.22886
1.22545
1.21798
1.20693
1.19293
1.17729
1.16191
1.1
1.08855
1.08056
1.07607
1.07331
1.07048
1.06678
1.06218
1.05732
1.05319
1.05133
1.05361
1.06085
1.07214
1.08543
1.0993
1.11348
1.12843
1.14403
1.15961
1.17374
1.18433
1.189
1.18582
1.17303
1.15018
1.11863
1.08274
1.05066
1.03256
1.03323
1.04697
1.06373
1.07697
1.08537
1.09016
1.0934
1.09712
1.10287
1.11134
1.12182
1.13303
1.14378
1.1531
1.16051
1.16516
1.16619
1.16338
1.15737
1.14997
1.14355
1.13994
1.14035
1.14504
1.15352
1.16461
1.17686
1.18827
1.19705
1.20155
1.2006
1.19358
1.18046
1.16204
1.14
1.11669
1.09501
1.0778
1.06751
1.06541
1.07185
1.08581
1.10514
1.12722
1.14934
1.16918
1.18539
1.197
1.20328
1.20397
1.19943
1.19075
1.18012
1.17039
1.16458
1.16549
1.17437
1.19041
1.21072
1.23192
1.25133
1.26701
1.27752
1.28165
1.27846
1.26744
1.24917
1.22506
1.19776
1.17045
1.14563
1.12404
1.10488
1.08753
1.07272
1.06252
1.05865
1.06155
1.07018
1.0823
1.0951
1.10615
1.11367
1.11714
1.11698
1.11462
1.11159
1.10951
1.10951
1.11212
1.11725
1.12434
1.1324
1.14052
1.14769
1.15322
1.15663
1.15823
1.15887
1.15957
1.16128
1.16421
1.16785
1.17119
1.1734
1.17381
1.17194
1.16755
1.16026
1.15006
1.13708
1.12201
1.10584
1.08975
1.07446
1.06042
1.04778
1.03671
1.02779
1.02208
1.0209
1.02503
1.03453
1.04862
1.06613
1.08534
1.10437
1.12127
1.13446
1.14263
1.1451
1.14176
1.13307
1.11987
1.10373
1.08697
1.07202
1.0611
1.05464
1.05202
1.05192
1.05334
1.05653
1.06253
1.07282
1.08823
1.10826
1.1307
1.15228
1.16957
1.17994
1.18212
1.1765
1.16495
1.15014
1.13472
1.1205
1.10887
1.10052
1.0957
1.09366
1.09321
1.09274
1.09112
1.08782
1.0828
1.07671
1.07137
1.06965
1.07457
1.08695
1.10462
1.12378
1.14135
1.15541
1.16513
1.17053
1.17236
1.17185
1.17058
1.16958
1.16875
1.16669
1.1617
1.15296
1.14194
1.13305
1.13167
1.13974
1.15428
1.17
1.18283
1.19072
1.19267
1.18805
1.17669
1.15885
1.1353
1.10771
1.07855
1.05059
1.02612
1.00665
0.992551
0.983557
0.979044
0.978479
0.980845
0.985252
0.990613
0.996741
1.00499
1.01835
1.03928
1.067
1.09683
1.12309
1.1424
1.15465
1.16205
1.16722
1.17177
1.17573
1.17871
1.18037
1.18098
1.1812
1.18134
1.18139
1.18101
1.17992
1.1779
1.17523
1.17216
1.16863
1.16452
1.15965
1.15412
1.14854
1.14352
1.13944
1.13588
1.13165
1.12524
1.11572
1.10327
1.08969
1.07772
1.07001
1.06787
1.07092
1.07799
1.08797
1.09959
1.11164
1.12279
1.13185
1.13818
1.14131
1.14137
1.13837
1.13206
1.12206
1.1081
1.09016
1.06937
1.04808
1.02949
1.01657
1.01044
1.01043
1.01447
1.02063
1.02779
1.03541
1.04265
1.04852
1.05234
1.05372
1.05312
1.05137
1.04956
1.0488
1.0501
1.05391
1.05993
1.06778
1.07696
1.08747
1.09922
1.11172
1.1245
1.13691
1.14829
1.15792
1.16523
1.16951
1.17
1.16582
1.15677
1.14307
1.1254
1.10482
1.083
1.06184
1.04379
1.0312
1.02572
1.02803
1.03707
1.05006
1.06345
1.07378
1.07888
1.07836
1.07304
1.06468
1.05531
1.04644
1.0389
1.03276
1.02784
1.02415
1.02191
1.02185
1.02408
1.02779
1.03127
1.03255
1.03033
1.0245
1.01655
1.00909
1.00545
1.00806
1.0173
1.03136
1.04774
1.06401
1.07832
1.08919
1.09533
1.09589
1.09092
1.0815
1.06983
1.05833
1.04904
1.04316
1.04105
1.04261
1.04763
1.05535
1.06491
1.07556
1.08683
1.0981
1.10856
1.11704
1.1226
1.12491
1.12414
1.1209
1.11615
1.11097
1.10609
1.10217
1.09964
1.09896
1.1005
1.10441
1.11058
1.11845
1.12722
1.1362
1.14458
1.15228
1.15909
1.16484
1.1689
1.17049
1.16872
1.16337
1.15433
1.14203
1.12695
1.11007
1.09284
1.07703
1.06464
1.05744
1.05646
1.06161
1.07186
1.0854
1.09986
1.11302
1.12322
1.12957
1.13211
1.13148
1.12884
1.12519
1.12102
1.11627
1.11093
1.1048
1.09769
1.08933
1.07921
1.06685
1.05191
1.03498
1.01745
1.00164
0.990409
0.985685
0.987724
0.994916
1.005
1.01568
1.02555
1.03434
1.04259
1.05148
1.06224
1.07536
1.09035
1.10555
1.11826
1.12544
1.12521
1.11741
1.10344
1.08601
1.068
1.0523
1.04086
1.03479
1.03407
1.03748
1.04351
1.051
1.06003
1.07068
1.08272
1.09544
1.10866
1.12282
1.13851
1.15486
1.16957
1.18035
1.18602
1.18707
1.18524
1.1825
1.18005
1.1781
1.17612
1.17361
1.17034
1.16644
1.1621
1.15719
1.15134
1.14373
1.13378
1.12116
1.10614
1.0899
1.07417
1.06093
1.0518
1.04811
1.05
1.05647
1.06503
1.07333
1.07953
1.08258
1.08203
1.07812
1.07146
1.06312
1.05467
1.04779
1.04369
1.04273
1.04414
1.04662
1.04909
1.05125
1.05381
1.05805
1.06497
1.07473
1.08654
1.09864
1.10886
1.11539
1.1172
1.11434
1.1078
1.09932
1.0913
1.08593
1.08466
1.08815
1.09571
1.10574
1.11622
1.125
1.1302
1.13027
1.12493
1.11457
1.1011
1.08716
1.07601
1.07047
1.07242
1.08204
1.09779
1.11715
1.13723
1.15532
1.16926
1.1777
1.18
1.17605
1.16667
1.15331
1.13841
1.12437
1.11331
1.10665
1.10433
1.10528
1.10745
1.10882
1.10786
1.10382
1.09668
1.08714
1.07611
1.06493
1.05526
1.04905
1.04759
1.05093
1.05763
1.06559
1.07301
1.07877
1.08264
1.08432
1.08391
1.08168
1.07851
1.0756
1.07442
1.07629
1.08194
1.09111
1.10258
1.11439
1.12416
1.13026
1.13192
1.12965
1.12469
1.11863
1.11296
1.10833
1.10519
1.10334
1.1026
1.10224
1.10116
1.09818
1.09211
1.08273
1.07043
1.05613
1.04133
1.02797
1.01808
1.01337
1.01473
1.02187
1.03336
1.04706
1.06098
1.07406
1.08642
1.09844
1.11033
1.12135
1.13025
1.1357
1.13661
1.13235
1.12324
1.11067
1.09706
1.08531
1.07831
1.07756
1.08259
1.09118
1.10075
1.10877
1.11335
1.11281
1.10565
1.09114
1.06932
1.04202
1.01293
0.987869
0.973298
0.973491
0.988008
1.01204
1.03939
1.06471
1.08445
1.09696
1.10233
1.10147
1.09582
1.08734
1.07855
1.07203
1.06993
1.07305
1.08065
1.09179
1.10561
1.12133
1.13758
1.15273
1.16496
1.17296
1.17572
1.17279
1.16464
1.15278
1.13962
1.12784
1.11947
1.1155
1.11597
1.12021
1.12738
1.13688
1.14777
1.15864
1.16815
1.1748
1.1772
1.17377
1.16361
1.14706
1.12672
1.1074
1.09413
1.08969
1.09239
1.09755
1.10036
1.09775
1.08848
1.07281
1.05212
1.02905
1.00692
0.988696
0.976383
0.970389
0.970147
0.974524
0.98212
0.991241
1.00019
1.0078
1.01406
1.02075
1.03029
1.0443
1.06231
1.082
1.10085
1.11709
1.12945
1.13704
1.13899
1.1352
1.1267
1.11532
1.10378
1.09464
1.09043
1.09255
1.10052
1.11194
1.12314
1.13126
1.13501
1.13431
1.13057
1.12634
1.12517
1.1301
1.14196
1.15818
1.17471
1.18817
1.19732
1.20221
1.20339
1.20084
1.19426
1.18342
1.16898
1.15272
1.13723
1.12507
1.11798
1.11612
1.11837
1.12227
1.12507
1.12419
1.11794
1.10655
1.09198
1.07776
1.0675
1.06324
1.06505
1.0714
1.08001
1.08846
1.09574
1.10273
1.11167
1.12402
1.13894
1.15394
1.16682
1.1762
1.18221
1.18561
1.18707
1.18702
1.18513
1.18112
1.175
1.1673
1.15928
1.15215
1.14701
1.14445
1.14419
1.14525
1.14635
1.14664
1.14588
1.1445
1.14303
1.1414
1.13906
1.13574
1.13169
1.12765
1.12482
1.12406
1.1259
1.13003
1.13577
1.14225
1.14834
1.15307
1.15552
1.15503
1.15184
1.14657
1.14066
1.13501
1.13078
1.12891
1.13073
1.13679
1.14624
1.15717
1.16713
1.17432
1.1776
1.17681
1.17254
1.16568
1.15752
1.1493
1.14229
1.13717
1.13371
1.13102
1.12737
1.1204
1.10858
1.09114
1.06938
1.04639
1.02653
1.01399
1.01054
1.01548
1.02656
1.04148
1.05877
1.0776
1.09754
1.11799
1.13806
1.15663
1.17253
1.18476
1.19263
1.19602
1.19513
1.19057
1.18279
1.1721
1.15866
1.14269
1.1245
1.10432
1.08276
1.06102
1.04084
1.02446
1.01389
1.01039
1.01388
1.02355
1.03778
1.05485
1.0732
1.09137
1.10765
1.12065
1.12969
1.13518
1.13792
1.13841
1.13578
1.12868
1.11598
1.09818
1.07697
1.05495
1.03473
1.01867
1.00862
1.00611
1.01158
1.02424
1.04164
1.05987
1.07516
1.08435
1.08552
1.07838
1.06429
1.04602
1.02784
1.01446
1.00933
1.013
1.02307
1.03545
1.04644
1.05454
1.06048
1.066
1.07271
1.08113
1.09068
1.10028
1.1088
1.11548
1.1202
1.12346
1.12584
1.12777
1.12927
1.12998
1.12961
1.12824
1.12611
1.12318
1.11916
1.1132
1.10493
1.09517
1.08632
1.08157
1.08308
1.09114
1.10448
1.12106
1.13873
1.15549
1.16968
1.17993
1.18539
1.18575
1.18084
1.17083
1.15566
1.13543
1.11004
1.08006
1.04717
1.01515
0.989347
0.97526
0.976101
0.991075
1.0159
1.04473
1.07232
1.09533
1.11249
1.12449
1.13302
1.14033
1.14843
1.15793
1.16787
1.17603
1.18017
1.17952
1.17486
1.16856
1.16321
1.16064
1.16115
1.16389
1.16693
1.1685
1.1671
1.16167
1.15191
1.13809
1.12127
1.10294
1.08501
1.06912
1.05686
1.04999
1.04996
1.05721
1.07055
1.08721
1.10388
1.11797
1.12814
1.13448
1.1
1.10355
1.10676
1.11001
1.11282
1.11403
1.11278
1.10873
1.1021
1.09345
1.08351
1.07302
1.06277
1.05362
1.04665
1.04344
1.04542
1.05323
1.06632
1.0829
1.10019
1.1153
1.12584
1.13043
1.12834
1.11924
1.10309
1.07995
1.05039
1.01598
0.979921
0.946364
0.920106
0.905262
0.904208
0.917066
0.941446
0.973165
1.00713
1.03901
1.06566
1.08565
1.09902
1.10693
1.1112
1.1141
1.11769
1.12304
1.12992
1.13687
1.14209
1.14404
1.14206
1.13659
1.12932
1.12264
1.11875
1.11761
1.11764
1.11699
1.11507
1.11231
1.1098
1.10817
1.10785
1.1087
1.11016
1.1115
1.11189
1.10981
1.10412
1.09422
1.08086
1.06605
1.05287
1.04431
1.04208
1.04575
1.05344
1.06307
1.073
1.08245
1.09098
1.09831
1.10411
1.1083
1.11133
1.11449
1.119
1.12539
1.1339
1.14427
1.15611
1.16797
1.17725
1.18109
1.17742
1.16625
1.14904
1.12821
1.10657
1.08644
1.06928
1.05574
1.04614
1.04116
1.04108
1.04581
1.05383
1.06249
1.06858
1.06967
1.0651
1.05604
1.04528
1.036
1.03059
1.02964
1.03213
1.03674
1.04264
1.04984
1.05855
1.06863
1.07949
1.08954
1.09741
1.10182
1.10224
1.09875
1.0922
1.08416
1.07705
1.07316
1.07388
1.07841
1.08442
1.08996
1.09439
1.09851
1.10344
1.1102
1.11921
1.13039
1.14307
1.15629
1.16895
1.18018
1.18949
1.1966
1.2012
1.20288
1.201
1.19516
1.18574
1.17338
1.15924
1.14477
1.13141
1.1203
1.11224
1.10711
1.10421
1.10183
1.09807
1.09106
1.08001
1.06512
1.04799
1.03104
1.01726
1.00974
1.01038
1.01883
1.03241
1.04708
1.05941
1.0676
1.07159
1.07232
1.07138
1.07005
1.06911
1.0688
1.06922
1.07041
1.07307
1.07808
1.08592
1.09619
1.10781
1.11946
1.1302
1.1394
1.14685
1.15266
1.15685
1.15952
1.16051
1.15964
1.15669
1.15155
1.14432
1.13561
1.12619
1.11703
1.10903
1.10297
1.09922
1.09743
1.09687
1.09649
1.09509
1.09204
1.08758
1.08287
1.07961
1.07948
1.083
1.089
1.0953
1.09962
1.10059
1.09757
1.09032
1.07895
1.06395
1.04604
1.02646
1.00682
0.98901
0.975517
0.969147
0.973045
0.988275
1.01207
1.03888
1.06325
1.08169
1.09281
1.09628
1.09253
1.08281
1.06897
1.05385
1.04055
1.03156
1.02807
1.02973
1.03472
1.0403
1.0435
1.04208
1.03527
1.02411
1.01128
1.00026
0.994711
0.997443
1.00947
1.02987
1.0559
1.08371
1.10965
1.13098
1.14634
1.15512
1.15759
1.15439
1.14651
1.13496
1.12097
1.10574
1.09072
1.07728
1.06635
1.05863
1.05423
1.05317
1.05518
1.05992
1.06693
1.07552
1.08488
1.09373
1.1006
1.10389
1.1026
1.09611
1.08491
1.07072
1.056
1.04412
1.03828
1.04049
1.05113
1.06856
1.08962
1.11072
1.12826
1.13944
1.14283
1.13821
1.1269
1.11127
1.09416
1.07851
1.06662
1.05964
1.0573
1.05818
1.06028
1.06161
1.06098
1.05829
1.05457
1.05128
1.04973
1.05059
1.05412
1.06048
1.06981
1.08194
1.09624
1.11166
1.12687
1.14038
1.15072
1.15687
1.15835
1.15576
1.15061
1.14473
1.14003
1.13755
1.13719
1.13728
1.13569
1.13061
1.12123
1.10802
1.09209
1.07513
1.059
1.04543
1.03567
1.03038
1.02945
1.03218
1.03772
1.04508
1.05328
1.06167
1.06994
1.07816
1.08658
1.09576
1.10575
1.11673
1.12866
1.14164
1.15551
1.16967
1.18301
1.19408
1.20162
1.20468
1.20288
1.19677
1.18776
1.178
1.17
1.16529
1.16424
1.16551
1.16695
1.16691
1.16488
1.16141
1.15731
1.15308
1.14809
1.1413
1.13176
1.11979
1.10717
1.0963
1.08924
1.08655
1.08674
1.08737
1.08557
1.07957
1.06907
1.05513
1.03982
1.02555
1.01526
1.01147
1.01541
1.02623
1.04164
1.05896
1.07634
1.09273
1.10769
1.1208
1.13196
1.14095
1.1476
1.15135
1.15145
1.1474
1.1392
1.12744
1.11317
1.09782
1.08308
1.07045
1.06121
1.05643
1.05618
1.05962
1.06509
1.07052
1.07418
1.07518
1.07327
1.06891
1.06305
1.05755
1.05407
1.05397
1.05716
1.06209
1.06573
1.06497
1.05816
1.04552
1.02961
1.01452
1.004
0.999019
0.998055
0.998435
0.997462
0.994126
0.988502
0.982486
0.97918
0.98198
0.992931
1.01158
1.03532
1.06066
1.0845
1.10444
1.11909
1.12741
1.12953
1.12663
1.12068
1.11407
1.10842
1.10413
1.1007
1.09761
1.09454
1.09186
1.09029
1.09076
1.09391
1.09938
1.10688
1.11568
1.12487
1.13312
1.13893
1.14118
1.13982
1.13589
1.13094
1.12658
1.12427
1.12497
1.12889
1.13578
1.14475
1.15436
1.16275
1.1679
1.1688
1.16549
1.15874
1.15012
1.14093
1.13178
1.12239
1.11206
1.09996
1.0859
1.07067
1.05581
1.04344
1.03566
1.03373
1.03775
1.04664
1.05835
1.07066
1.0813
1.08809
1.08955
1.08497
1.07496
1.06128
1.04625
1.03229
1.02101
1.01376
1.01175
1.01576
1.02479
1.03619
1.04723
1.056
1.06201
1.06522
1.06519
1.06158
1.0544
1.04445
1.03349
1.02386
1.01803
1.01788
1.02441
1.03751
1.05561
1.07642
1.0968
1.11407
1.12637
1.13292
1.13435
1.13206
1.12779
1.12306
1.11881
1.11507
1.11176
1.10827
1.10383
1.09766
1.08906
1.07755
1.06313
1.04651
1.02918
1.01303
1.00003
0.9917
0.988646
0.990271
0.994936
1.00082
1.00659
1.01144
1.01536
1.01874
1.02191
1.02493
1.02741
1.02861
1.02796
1.02541
1.02161
1.01792
1.01613
1.01793
1.02417
1.03474
1.0482
1.06251
1.07592
1.08706
1.09546
1.1014
1.10525
1.10777
1.10965
1.11184
1.11489
1.11894
1.12343
1.12742
1.12975
1.12941
1.12596
1.11918
1.10935
1.09698
1.08293
1.06812
1.05386
1.04172
1.03306
1.02879
1.029
1.03303
1.03911
1.04505
1.04913
1.05026
1.04825
1.04398
1.03913
1.03542
1.03438
1.03647
1.04117
1.04719
1.0532
1.05847
1.06293
1.06713
1.07181
1.07775
1.08538
1.09482
1.10549
1.11641
1.12634
1.13388
1.13763
1.13642
1.12938
1.11642
1.09816
1.07619
1.05319
1.03193
1.01501
1.00389
0.999194
1.00057
1.00748
1.0188
1.03318
1.04913
1.06523
1.08012
1.0927
1.10246
1.10938
1.11407
1.11749
1.12091
1.12544
1.13153
1.13889
1.14594
1.15047
1.1507
1.14578
1.13631
1.12398
1.11066
1.09822
1.08782
1.07974
1.07384
1.06983
1.06755
1.06705
1.06829
1.07077
1.07407
1.07817
1.08364
1.09092
1.09945
1.1081
1.116
1.12273
1.12812
1.13206
1.13423
1.13415
1.13129
1.1256
1.11724
1.10721
1.09724
1.08968
1.08671
1.08965
1.09813
1.11041
1.12359
1.13443
1.14015
1.13881
1.1298
1.1133
1.09062
1.06407
1.03717
1.01405
0.998956
0.995001
1.00348
1.0229
1.04847
1.07394
1.09402
1.10592
1.10932
1.10595
1.09868
1.09127
1.08816
1.09279
1.1058
1.12418
1.1428
1.15686
1.16362
1.16276
1.15586
1.14578
1.13574
1.12853
1.1256
1.12697
1.13177
1.13858
1.14599
1.15284
1.15825
1.16127
1.16139
1.15838
1.15286
1.1458
1.1383
1.13115
1.12454
1.11887
1.11471
1.11248
1.11154
1.10998
1.10562
1.09692
1.08381
1.06789
1.05182
1.03844
1.02948
1.02499
1.02342
1.02249
1.02005
1.01524
1.00856
1.00115
0.994736
0.990875
0.990652
0.994439
1.00167
1.01115
1.02145
1.03201
1.04287
1.05391
1.06454
1.07359
1.07989
1.08314
1.08363
1.08229
1.07993
1.07723
1.0744
1.07199
1.07093
1.0727
1.07889
1.09061
1.10716
1.12698
1.14771
1.16749
1.18526
1.20083
1.21411
1.2249
1.23278
1.23708
1.23756
1.23435
1.22795
1.21914
1.2084
1.1955
1.17993
1.16122
1.13945
1.11592
1.09263
1.07302
1.06114
1.06075
1.07343
1.09689
1.12561
1.15318
1.17446
1.1868
1.18964
1.18408
1.17243
1.15757
1.1426
1.12994
1.12081
1.11502
1.11111
1.10726
1.10191
1.09408
1.08291
1.06821
1.05088
1.03337
1.01957
1.01383
1.01885
1.03392
1.05567
1.07969
1.10209
1.11997
1.1312
1.13468
1.13
1.11861
1.10415
1.09228
1.08842
1.09525
1.11181
1.13494
1.16035
1.18406
1.20311
1.21585
1.22191
1.22202
1.21683
1.20728
1.1946
1.18051
1.167
1.15623
1.14939
1.14637
1.14555
1.14453
1.14109
1.13416
1.12426
1.11285
1.1017
1.09239
1.08592
1.08295
1.08305
1.08497
1.08757
1.08985
1.09084
1.0895
1.0849
1.07683
1.06565
1.05271
1.03976
1.02915
1.02305
1.02325
1.03014
1.04287
1.05932
1.07726
1.0943
1.10871
1.11945
1.1262
1.12921
1.12915
1.1266
1.12201
1.11596
1.10899
1.10136
1.09368
1.08622
1.07901
1.0719
1.06462
1.05741
1.05112
1.04669
1.04504
1.04593
1.04849
1.05224
1.05723
1.06411
1.07291
1.0827
1.09177
1.09865
1.10253
1.10332
1.10147
1.09823
1.09523
1.09379
1.09426
1.09617
1.09872
1.10091
1.10239
1.10312
1.10388
1.1055
1.1091
1.11525
1.12402
1.1347
1.14619
1.15715
1.16615
1.17187
1.17316
1.16986
1.16289
1.15397
1.14537
1.13851
1.13392
1.13087
1.12786
1.12318
1.11614
1.10708
1.09767
1.09008
1.08607
1.08636
1.09046
1.09721
1.10491
1.11201
1.11694
1.11876
1.11702
1.11173
1.10315
1.09185
1.07833
1.06358
1.04899
1.03661
1.02842
1.0259
1.02896
1.03597
1.04444
1.05201
1.05727
1.06002
1.06142
1.06341
1.06785
1.0753
1.08453
1.09318
1.09916
1.10154
1.1008
1.09844
1.09619
1.09569
1.0977
1.1017
1.10641
1.1
1.10354
1.10541
1.10503
1.10264
1.09897
1.09484
1.09131
1.08926
1.08923
1.09125
1.09507
1.10016
1.10641
1.11355
1.12125
1.12878
1.13489
1.13817
1.13764
1.13306
1.12519
1.11528
1.10467
1.09442
1.08513
1.0772
1.07133
1.06808
1.06805
1.07201
1.08008
1.09185
1.10583
1.11958
1.13041
1.13622
1.13614
1.13116
1.12359
1.11604
1.10983
1.10476
1.0998
1.09432
1.0882
1.08165
1.07503
1.06904
1.06479
1.06316
1.06472
1.06968
1.07814
1.08995
1.10449
1.12064
1.1365
1.14994
1.15898
1.1623
1.15935
1.15058
1.13738
1.12152
1.10514
1.09034
1.07826
1.06952
1.06445
1.06423
1.07011
1.08199
1.09642
1.10821
1.1128
1.10826
1.0954
1.07721
1.05721
1.03849
1.02314
1.01284
1.00908
1.01289
1.0239
1.04034
1.06002
1.08063
1.10005
1.11641
1.12804
1.13357
1.13208
1.12336
1.10812
1.08816
1.06631
1.0462
1.03146
1.02427
1.02524
1.03365
1.04785
1.06587
1.08553
1.10426
1.11924
1.12804
1.12898
1.12166
1.10704
1.08733
1.06581
1.04649
1.03331
1.02884
1.03341
1.04568
1.06311
1.08264
1.10122
1.11655
1.12776
1.13544
1.14044
1.14278
1.14161
1.13573
1.1243
1.10758
1.08726
1.06622
1.04823
1.03677
1.03399
1.03954
1.05118
1.06601
1.08142
1.09596
1.10932
1.1223
1.13567
1.14937
1.16204
1.17155
1.1757
1.17277
1.16174
1.14276
1.11684
1.08678
1.05616
1.029
1.00871
0.996915
0.993223
0.995755
1.0025
1.01191
1.02383
1.03865
1.05646
1.0762
1.09575
1.11257
1.12468
1.13096
1.13139
1.12705
1.12017
1.11358
1.10955
1.10912
1.11118
1.11404
1.11592
1.11598
1.11396
1.11006
1.10485
1.09926
1.09386
1.08885
1.08372
1.07746
1.06949
1.06068
1.05336
1.05062
1.05397
1.06226
1.0718
1.07862
1.08013
1.0758
1.06747
1.0582
1.05117
1.04884
1.05238
1.06166
1.07544
1.09168
1.10822
1.12281
1.13366
1.13954
1.14001
1.13559
1.12719
1.11608
1.1035
1.09005
1.07594
1.06121
1.04593
1.0309
1.01703
1.00553
0.997391
0.993103
0.992833
0.99663
1.00453
1.01664
1.03293
1.05262
1.07415
1.09493
1.11183
1.12214
1.12454
1.12032
1.11266
1.10552
1.10155
1.10099
1.10306
1.10664
1.11062
1.11365
1.11453
1.11258
1.10758
1.1
1.09113
1.08233
1.0745
1.06747
1.06058
1.05344
1.04691
1.04286
1.04336
1.04932
1.06004
1.07354
1.0869
1.09735
1.10263
1.10226
1.09698
1.0883
1.07794
1.06782
1.05967
1.05503
1.05457
1.05725
1.06085
1.06312
1.06274
1.05993
1.05569
1.05092
1.04595
1.04041
1.03411
1.02735
1.02075
1.01466
1.00904
1.00324
0.99704
0.990854
0.986484
0.986117
0.991669
1.0039
1.02237
1.0451
1.06875
1.0898
1.10507
1.11329
1.11476
1.11136
1.10562
1.09936
1.09328
1.08657
1.07776
1.06568
1.05112
1.03739
1.02934
1.02995
1.03799
1.04908
1.05905
1.06587
1.0691
1.06934
1.06701
1.06237
1.05518
1.04472
1.03061
1.01281
0.992537
0.972617
0.957636
0.952285
0.958629
0.974718
0.996168
1.01899
1.04105
1.06169
1.08089
1.09877
1.11529
1.13029
1.14382
1.15563
1.16494
1.17081
1.17259
1.17061
1.16613
1.16116
1.15729
1.15523
1.15429
1.15312
1.15071
1.14647
1.14072
1.13447
1.12903
1.12562
1.12481
1.12658
1.1301
1.13383
1.13565
1.13356
1.12692
1.11665
1.10426
1.09074
1.07608
1.06026
1.04368
1.02742
1.01262
1.00033
0.99176
0.988136
0.990749
1
1.01487
1.0325
1.04952
1.06277
1.07048
1.07265
1.07103
1.06867
1.06806
1.07084
1.0769
1.08549
1.09596
1.10785
1.12074
1.13407
1.14741
1.16017
1.17211
1.18283
1.19204
1.19948
1.20476
1.20745
1.20731
1.20424
1.19843
1.19019
1.18011
1.16872
1.15665
1.1443
1.13226
1.12087
1.11035
1.10064
1.09137
1.08232
1.07313
1.06386
1.05485
1.0469
1.04169
1.0413
1.04708
1.05839
1.07233
1.08484
1.09242
1.0933
1.08744
1.07637
1.06214
1.04706
1.0329
1.02096
1.01215
1.00721
1.00635
1.00944
1.01646
1.02717
1.0415
1.05924
1.07952
1.10053
1.11994
1.1354
1.14499
1.14769
1.14335
1.13271
1.11701
1.09793
1.07722
1.05632
1.03701
1.02169
1.01319
1.01365
1.02359
1.04117
1.06326
1.08637
1.10721
1.12293
1.13274
1.13804
1.14188
1.14702
1.1549
1.16548
1.17767
1.18983
1.20033
1.20726
1.20883
1.20397
1.19297
1.17792
1.16292
1.15262
1.15009
1.15516
1.1643
1.17361
1.18087
1.18565
1.18889
1.19163
1.19429
1.19627
1.19627
1.19282
1.1852
1.17347
1.15843
1.14131
1.12364
1.10735
1.09352
1.08239
1.07345
1.06581
1.05971
1.05727
1.06115
1.0729
1.09101
1.11207
1.13233
1.14857
1.15851
1.16125
1.15704
1.14725
1.13404
1.11966
1.10607
1.09522
1.0884
1.08588
1.08715
1.09054
1.09377
1.09484
1.09245
1.0867
1.07881
1.07096
1.06539
1.06361
1.06584
1.07109
1.0778
1.08456
1.09003
1.09367
1.09544
1.09633
1.09751
1.10012
1.10434
1.10964
1.11469
1.11797
1.11801
1.11379
1.10463
1.09054
1.07256
1.0532
1.03612
1.02476
1.02101
1.02457
1.03394
1.04656
1.0596
1.07053
1.07778
1.08102
1.08166
1.0825
1.08665
1.09616
1.1107
1.12783
1.14439
1.15772
1.16616
1.16894
1.16663
1.16059
1.15264
1.14406
1.13516
1.12572
1.11508
1.10369
1.0939
1.08971
1.0938
1.10459
1.11681
1.12567
1.1291
1.12733
1.12185
1.11451
1.10712
1.10091
1.09636
1.09295
1.08952
1.08476
1.07816
1.07011
1.06179
1.0549
1.05155
1.05362
1.06189
1.07536
1.09214
1.11059
1.12894
1.14543
1.15892
1.16944
1.17851
1.18783
1.19885
1.21204
1.2268
1.24148
1.25425
1.26355
1.26868
1.26942
1.26669
1.26173
1.2558
1.24996
1.244
1.23735
1.22911
1.2185
1.20561
1.19119
1.1761
1.1614
1.14776
1.13573
1.12558
1.11712
1.10987
1.10333
1.09728
1.0917
1.08716
1.08427
1.08383
1.08587
1.09006
1.09537
1.1007
1.10525
1.10867
1.11115
1.1131
1.11501
1.11709
1.11936
1.12159
1.12337
1.12406
1.1229
1.11935
1.11351
1.1064
1.09978
1.09517
1.09362
1.09507
1.09904
1.1045
1.10976
1.11186
1.1077
1.09515
1.07417
1.04662
1.01609
0.987197
0.96467
0.952021
0.950761
0.96001
0.977191
0.99927
1.02361
1.048
1.07057
1.09
1.10543
1.11648
1.12347
1.12734
1.12951
1.13122
1.1333
1.13574
1.13771
1.13792
1.13481
1.12701
1.11384
1.09521
1.07205
1.04588
1.01904
0.994388
0.974843
0.962914
0.960031
0.965692
0.97789
0.993804
1.01052
1.026
1.03913
1.05014
1.06019
1.07059
1.08187
1.09326
1.10328
1.11045
1.11415
1.11462
1.1125
1.10845
1.10307
1.09748
1.093
1.09125
1.09324
1.09906
1.10813
1.11871
1.12916
1.13777
1.14338
1.14539
1.14345
1.13752
1.12786
1.11512
1.10051
1.0858
1.07283
1.06307
1.05767
1.05712
1.06151
1.07049
1.08349
1.09952
1.11706
1.13411
1.14865
1.15862
1.16254
1.15968
1.15041
1.13631
1.11955
1.10249
1.08682
1.07368
1.06334
1.05542
1.04892
1.04284
1.03653
1.03046
1.02578
1.02411
1.02641
1.03236
1.04054
1.04935
1.05793
1.06626
1.07509
1.08571
1.09926
1.11631
1.13568
1.15479
1.17065
1.18064
1.18373
1.18011
1.17079
1.15728
1.14131
1.1241
1.10692
1.09073
1.07624
1.06387
1.05374
1.04598
1.04103
1.03945
1.04143
1.04631
1.05283
1.05964
1.06573
1.07072
1.07502
1.07914
1.08367
1.08865
1.09401
1.09925
1.10376
1.10746
1.1104
1.11305
1.11561
1.11772
1.11851
1.1175
1.11497
1.11214
1.1101
1.10962
1.11064
1.11268
1.11519
1.11789
1.12083
1.12426
1.12811
1.13168
1.13374
1.13298
1.12854
1.1202
1.10841
1.0944
1.07994
1.06712
1.0579
1.05345
1.05382
1.05817
1.06529
1.074
1.08298
1.09083
1.09641
1.09904
1.09929
1.0987
1.09927
1.10269
1.10935
1.11838
1.12795
1.13629
1.14234
1.14589
1.14739
1.1475
1.14715
1.14709
1.14802
1.15104
1.15719
1.16674
1.17897
1.19209
1.20403
1.2132
1.21863
1.22001
1.21762
1.21259
1.20634
1.20013
1.19448
1.18879
1.18192
1.17316
1.16298
1.1532
1.14631
1.14409
1.14674
1.15304
1.1611
1.16945
1.17696
1.18263
1.18575
1.18584
1.18269
1.17677
1.16883
1.16006
1.15167
1.14465
1.13945
1.13604
1.1338
1.13217
1.13119
1.13176
1.13533
1.14216
1.15089
1.15916
1.16512
1.1681
1.16892
1.16889
1.16899
1.16958
1.17029
1.1705
1.16953
1.16686
1.16259
1.15689
1.15009
1.14249
1.13394
1.12381
1.1113
1.09594
1.07842
1.06066
1.04601
1.03806
1.03977
1.05217
1.0733
1.0991
1.12471
1.14561
1.15888
1.16312
1.15877
1.14726
1.13099
1.11251
1.09394
1.07698
1.06238
1.05056
1.04199
1.03748
1.03799
1.04402
1.05511
1.07009
1.08716
1.10466
1.12152
1.13715
1.15098
1.1621
1.16938
1.17213
1.17051
1.16528
1.15801
1.15039
1.14414
1.14044
1.13956
1.14037
1.14069
1.13862
1.13276
1.12356
1.11354
1.10592
1.10359
1.10774
1.11757
1.13125
1.14628
1.16038
1.17151
1.17821
1.1798
1.17637
1.16868
1.1581
1.14593
1.13377
1.12308
1.11518
1.11095
1.11032
1.11197
1.11354
1.11246
1.10654
1.09451
1.07656
1.05442
1.0311
1.01043
0.995942
0.990044
0.993077
1.00346
1.0186
1.03585
1.05297
1.06829
