1.2
1.20121
1.2018
1.20178
1.2011
1.19996
1.1985
1.19698
1.19568
1.1945
1.19377
1.19337
1.19321
1.19329
1.19359
1.19399
1.19446
1.195
1.19559
1.19624
1.1967
1.19703
1.197
1.19641
1.19527
1.19385
1.19175
1.18925
1.18658
1.18389
1.18162
1.17993
1.17896
1.17881
1.17938
1.1805
1.18207
1.18386
1.18577
1.18761
1.18921
1.19069
1.19201
1.19334
1.19463
1.1956
1.19635
1.19682
1.19724
1.19751
1.19754
1.19739
1.19721
1.19708
1.197
1.19698
1.19694
1.19699
1.19697
1.19683
1.19656
1.19622
1.19558
1.19451
1.19302
1.1911
1.18869
1.18572
1.18244
1.17886
1.17521
1.17178
1.16872
1.1666
1.16557
1.1656
1.16627
1.16755
1.1692
1.17091
1.17263
1.17431
1.17603
1.17801
1.18018
1.18239
1.18436
1.18577
1.1862
1.1852
1.18231
1.17736
1.17037
1.16199
1.15298
1.14445
1.13769
1.134
1.1343
1.13848
1.14586
1.15528
1.16539
1.17516
1.18366
1.19036
1.19499
1.19778
1.19869
1.19825
1.19685
1.19453
1.19175
1.18848
1.18478
1.18038
1.17587
1.17148
1.16766
1.16518
1.16464
1.16565
1.16793
1.17062
1.17297
1.1744
1.17499
1.1749
1.17421
1.17324
1.17182
1.17037
1.16889
1.16758
1.16636
1.16548
1.16483
1.16445
1.16434
1.16446
1.16464
1.16467
1.16479
1.16457
1.1642
1.16338
1.1623
1.1609
1.15928
1.15771
1.15639
1.15518
1.1544
1.15427
1.15465
1.15566
1.1572
1.1591
1.16119
1.16324
1.16505
1.1665
1.16767
1.16852
1.16903
1.16934
1.16941
1.1692
1.16889
1.16829
1.16763
1.16671
1.16562
1.16442
1.163
1.1616
1.16021
1.15894
1.15764
1.15661
1.156
1.15597
1.15662
1.15769
1.15922
1.16114
1.16331
1.16539
1.1673
1.16894
1.17039
1.1716
1.17238
1.17273
1.17265
1.17201
1.17063
1.16846
1.1654
1.16174
1.15755
1.15321
1.14918
1.14608
1.14437
1.14417
1.14559
1.14843
1.1524
1.15701
1.16176
1.16628
1.17047
1.1742
1.17735
1.17992
1.1819
1.18336
1.18444
1.18533
1.18598
1.18643
1.18669
1.18673
1.18685
1.18699
1.1872
1.18746
1.18772
1.18792
1.1882
1.18845
1.18859
1.18857
1.18829
1.18792
1.1872
1.1863
1.18525
1.18396
1.18284
1.18167
1.18054
1.17957
1.17868
1.17785
1.17692
1.17602
1.1753
1.17486
1.17501
1.17574
1.17691
1.17874
1.18089
1.18313
1.18501
1.1863
1.18682
1.18653
1.1858
1.185
1.18448
1.18431
1.18457
1.18485
1.18501
1.1847
1.18376
1.18217
1.18017
1.17818
1.17657
1.17553
1.17482
1.17433
1.1737
1.17272
1.1714
1.1696
1.16761
1.16557
1.16378
1.16294
1.16359
1.16567
1.169
1.17325
1.17795
1.18254
1.1867
1.19024
1.19301
1.19519
1.19684
1.1979
1.1984
1.19843
1.19833
1.19792
1.19732
1.19664
1.19599
1.19539
1.19491
1.19445
1.19392
1.19368
1.1934
1.19325
1.19308
1.19312
1.1932
1.19301
1.19272
1.19219
1.1917
1.19061
1.18942
1.18815
1.18721
1.18613
1.18523
1.1847
1.18438
1.18447
1.18484
1.18551
1.18649
1.18755
1.18845
1.18942
1.19033
1.19126
1.19214
1.19318
1.19412
1.19503
1.19576
1.19634
1.19701
1.19748
1.19782
1.19797
1.19793
1.19773
1.19729
1.19669
1.19595
1.19506
1.19414
1.19302
1.19193
1.19085
1.18989
1.18893
1.18809
1.18734
1.18651
1.18531
1.18347
1.18077
1.17709
1.17276
1.16832
1.16491
1.16369
1.1651
1.1692
1.17524
1.18197
1.18804
1.1931
1.19683
1.19901
1.19991
1.19977
1.19911
1.19839
1.198
1.19828
1.19927
1.20065
1.20198
1.2033
1.20437
1.20518
1.20568
1.20586
1.20575
1.20524
1.20424
1.20263
1.20052
1.19774
1.19444
1.19085
1.18762
1.1853
1.1843
1.18484
1.18688
1.18976
1.19292
1.196
1.19872
1.20079
1.20214
1.20307
1.2035
1.20333
1.20271
1.20173
1.20044
1.19899
1.19735
1.19562
1.19374
1.19185
1.18986
1.18774
1.18553
1.18319
1.18072
1.17817
1.17563
1.17342
1.17186
1.17113
1.17119
1.17213
1.17393
1.17626
1.17869
1.1809
1.18271
1.18407
1.18488
1.18502
1.18457
1.18377
1.18264
1.181
1.17912
1.17728
1.17567
1.17459
1.17416
1.17454
1.17568
1.17724
1.1793
1.18157
1.18384
1.18595
1.18759
1.18865
1.18889
1.18843
1.1875
1.18629
1.18491
1.18364
1.1829
1.18306
1.18404
1.18565
1.18771
1.19
1.19234
1.19427
1.19585
1.19714
1.19802
1.19864
1.19906
1.19937
1.19962
1.19982
1.19989
1.2
1.20014
1.20015
1.20021
1.20037
1.20073
1.20126
1.2019
1.20261
1.20345
1.20447
1.20545
1.20649
1.20754
1.20838
1.2091
1.20977
1.21041
1.21102
1.21132
1.21132
1.21127
1.21105
1.21058
1.20999
1.20911
1.20811
1.20701
1.20591
1.20485
1.20403
1.20351
1.20324
1.20296
1.20248
1.20208
1.20133
1.20011
1.19822
1.19565
1.19271
1.18988
1.18763
1.18662
1.18713
1.18892
1.19122
1.19355
1.19545
1.19675
1.19759
1.19825
1.19883
1.19952
1.2005
1.20161
1.20291
1.20439
1.20594
1.20747
1.20879
1.20973
1.21023
1.21013
1.20938
1.20789
1.2056
1.20249
1.19901
1.19562
1.19291
1.19136
1.19124
1.19264
1.19504
1.19824
1.20189
1.20552
1.20872
1.21132
1.21317
1.21441
1.21514
1.21534
1.21533
1.21515
1.21479
1.2143
1.21337
1.21229
1.21061
1.20841
1.20545
1.20166
1.19705
1.19226
1.1878
1.18451
1.18321
1.18402
1.18679
1.19084
1.19559
1.20041
1.20519
1.20946
1.2134
1.21682
1.21985
1.22243
1.22477
1.2268
1.22874
1.23034
1.23189
1.23335
1.23499
1.23637
1.23752
1.23843
1.23912
1.23956
1.23944
1.23892
1.23808
1.23698
1.23546
1.23391
1.23203
1.22986
1.22748
1.22494
1.22229
1.21981
1.21739
1.2153
1.21394
1.21344
1.2142
1.216
1.21843
1.22161
1.22524
1.22876
1.23223
1.23556
1.23845
1.24089
1.24288
1.24442
1.24554
1.24612
1.24627
1.24609
1.24559
1.24467
1.24333
1.24146
1.23924
1.23687
1.2342
1.23112
1.22756
1.22363
1.21926
1.2141
1.2086
1.20319
1.19879
1.19655
1.19726
1.20085
1.20659
1.21333
1.22002
1.22568
1.22994
1.23263
1.23385
1.23406
1.23347
1.23243
1.23124
1.23022
1.22968
1.22976
1.23055
1.23195
1.23368
1.23569
1.2376
1.2392
1.24042
1.24159
1.24239
1.24299
1.24315
1.24297
1.24263
1.24237
1.24192
1.2414
1.24089
1.24068
1.24053
1.24044
1.24037
1.24044
1.24051
1.24068
1.24086
1.24098
1.24084
1.24081
1.2407
1.24036
1.23966
1.23875
1.23772
1.23674
1.23584
1.23514
1.235
1.23556
1.23663
1.23804
1.23977
1.24126
1.24232
1.24301
1.243
1.24221
1.24045
1.23771
1.23359
1.22839
1.22278
1.21812
1.21603
1.21738
1.22183
1.22786
1.23393
1.23858
1.24107
1.24124
1.23917
1.23527
1.23019
1.22483
1.22013
1.21696
1.21591
1.217
1.21981
1.22347
1.22713
1.23007
1.23168
1.2319
1.2309
1.22897
1.22676
1.2249
1.224
1.22424
1.22553
1.2275
1.22963
1.23112
1.23191
1.23216
1.23196
1.23153
1.23092
1.23038
1.22975
1.22909
1.22847
1.22786
1.2272
1.22649
1.22559
1.22429
1.22245
1.21958
1.21585
1.21083
1.20429
1.19629
1.1872
1.17803
1.17038
1.16585
1.16579
1.17038
1.17857
1.18834
1.19773
1.20546
1.21108
1.21424
1.21536
1.21482
1.21281
1.20966
1.20571
1.20079
1.1951
1.18884
1.18235
1.1764
1.17209
1.17024
1.17108
1.1741
1.17842
1.18309
1.18736
1.19083
1.1936
1.19574
1.19732
1.19838
1.19908
1.19938
1.19948
1.19946
1.19947
1.19935
1.19908
1.19874
1.19846
1.19819
1.19798
1.19783
1.19769
1.19749
1.19735
1.19735
1.19749
1.19771
1.19786
1.19805
1.19832
1.19865
1.19904
1.19953
1.20021
1.20093
1.20141
1.20184
1.20227
1.20258
1.20273
1.20282
1.20287
1.20281
1.20264
1.20244
1.20219
1.20186
1.2015
1.20099
1.20053
1.19985
1.19899
1.19805
1.1968
1.19505
1.19277
1.18979
1.18637
1.18307
1.18036
1.17869
1.17818
1.17872
1.17996
1.18146
1.18281
1.18379
1.18466
1.18558
1.18658
1.18796
1.18982
1.19204
1.19461
1.19724
1.19971
1.20186
1.20374
1.2051
1.20586
1.20631
1.20644
1.20668
1.20692
1.20746
1.20813
1.20896
1.20972
1.21016
1.21027
1.20995
1.20927
1.20855
1.20767
1.20676
1.206
1.20524
1.20446
1.20388
1.20396
1.20485
1.20694
1.21008
1.21391
1.21805
1.22221
1.2259
1.22914
1.23182
1.2339
1.23561
1.23687
1.23778
1.23829
1.23849
1.23849
1.23809
1.23731
1.23615
1.23451
1.23268
1.23054
1.22819
1.22602
1.22406
1.22219
1.22068
1.21909
1.21696
1.21389
1.20969
1.20436
1.19829
1.1924
1.18783
1.18572
1.18659
1.19021
1.19596
1.20314
1.21089
1.21855
1.22598
1.23279
1.23884
1.24423
1.24877
1.25253
1.25558
1.25781
1.25925
1.25955
1.25913
1.25782
1.25568
1.25276
1.24924
1.24503
1.2402
1.23498
1.22994
1.22559
1.22235
1.22061
1.22066
1.22211
1.22477
1.22831
1.23228
1.23644
1.24027
1.24366
1.24646
1.24846
1.2494
1.2494
1.24812
1.24592
1.24288
1.23906
1.23487
1.23075
1.22688
1.22392
1.22236
1.2224
1.2239
1.22641
1.22972
1.23295
1.23578
1.23794
1.23933
1.24001
1.23997
1.23945
1.23868
1.23793
1.23757
1.23761
1.23774
1.23817
1.23894
1.23982
1.24056
1.24107
1.24115
1.24077
1.23984
1.23826
1.23604
1.23316
1.22972
1.22577
1.22169
1.21784
1.21455
1.21205
1.21036
1.2096
1.20957
1.2103
1.21137
1.21251
1.21394
1.21563
1.21768
1.22004
1.22254
1.22512
1.22779
1.23025
1.23263
1.23473
1.23662
1.23831
1.23985
1.24122
1.24239
1.2433
1.24398
1.24445
1.24476
1.24481
1.24461
1.24403
1.24334
1.24262
1.242
1.24153
1.24127
1.24118
1.24135
1.24184
1.24239
1.24286
1.24327
1.24337
1.24329
1.24303
1.24259
1.24192
1.2412
1.24073
1.24056
1.24076
1.24133
1.24244
1.2439
1.24553
1.2472
1.2489
1.25037
1.25152
1.25243
1.25311
1.25358
1.25382
1.25426
1.25487
1.2556
1.25653
1.25746
1.25843
1.25939
1.26001
1.26019
1.26008
1.25965
1.25909
1.25859
1.2583
1.25857
1.25939
1.26064
1.26271
1.26523
1.26778
1.27019
1.2726
1.27497
1.27714
1.27891
1.28031
1.28129
1.28201
1.28235
1.28245
1.2824
1.28207
1.28192
1.28171
1.28159
1.28172
1.2821
1.28267
1.28338
1.28405
1.2848
1.28533
1.28541
1.28473
1.28289
1.27968
1.27494
1.26921
1.26382
1.26045
1.26033
1.26367
1.26942
1.27583
1.28155
1.28601
1.28899
1.29064
1.29134
1.29139
1.29114
1.29074
1.29037
1.28988
1.28912
1.28804
1.28643
1.28434
1.28191
1.27919
1.27671
1.27457
1.27279
1.27147
1.27045
1.2693
1.2679
1.26595
1.26353
1.26071
1.25792
1.2556
1.25434
1.2548
1.25765
1.26247
1.26881
1.27583
1.28275
1.28881
1.29391
1.29806
1.30107
1.30322
1.30462
1.30554
1.30622
1.3066
1.30679
1.3068
1.30663
1.30619
1.30556
1.30498
1.30423
1.30318
1.30178
1.2997
1.29703
1.29393
1.29049
1.28647
1.28212
1.27737
1.27224
1.26691
1.26152
1.25646
1.25199
1.24863
1.24658
1.246
1.24683
1.24908
1.25243
1.25639
1.26089
1.26559
1.27017
1.27456
1.27845
1.28186
1.28427
1.28582
1.28657
1.28661
1.28611
1.28502
1.28346
1.2817
1.27964
1.27748
1.27542
1.27339
1.27156
1.26981
1.26838
1.26728
1.26626
1.26527
1.26424
1.26309
1.26175
1.26041
1.25934
1.25862
1.25835
1.25834
1.25887
1.25952
1.26021
1.26077
1.2612
1.26143
1.26167
1.26192
1.26222
1.26264
1.26311
1.26356
1.26388
1.26387
1.26334
1.26202
1.25984
1.25663
1.25228
1.24656
1.23981
1.23254
1.22582
1.22066
1.21814
1.21866
1.22186
1.22664
1.23195
1.23677
1.24058
1.24304
1.24421
1.24403
1.24274
1.2406
1.238
1.23509
1.23249
1.23044
1.22924
1.22898
1.22938
1.23028
1.23136
1.23223
1.23283
1.23309
1.23291
1.23246
1.23185
1.23123
1.23067
1.23023
1.22994
1.22977
1.22978
1.22991
1.23011
1.23053
1.23117
1.23197
1.23303
1.23434
1.23567
1.23709
1.23853
1.2398
1.24095
1.24194
1.24272
1.24335
1.24359
1.24359
1.2433
1.24266
1.24173
1.24062
1.23934
1.23799
1.23666
1.23552
1.23474
1.23439
1.2344
1.23474
1.23565
1.23702
1.23855
1.24031
1.24236
1.24453
1.24675
1.249
1.25132
1.25366
1.25594
1.25799
1.25977
1.26132
1.26271
1.26385
1.26474
1.26536
1.26573
1.26605
1.26619
1.26616
1.26605
1.2658
1.26563
1.26547
1.26516
1.26464
1.26399
1.26323
1.26242
1.26151
1.26043
1.25913
1.25783
1.25643
1.25481
1.25311
1.2514
1.24971
1.24805
1.24664
1.24556
1.245
1.24484
1.24547
1.24708
1.24969
1.2531
1.25711
1.26155
1.26612
1.27049
1.27455
1.27811
1.28109
1.28369
1.28574
1.28732
1.28849
1.28934
1.2898
1.28979
1.28954
1.28865
1.28724
1.2853
1.28249
1.27882
1.27412
1.26922
1.26514
1.26281
1.26306
1.26595
1.27061
1.27633
1.28213
1.28742
1.29159
1.29458
1.29647
1.29734
1.29736
1.29652
1.29511
1.29364
1.2921
1.29054
1.28935
1.28856
1.28819
1.2879
1.2879
1.28798
1.2879
1.28751
1.28668
1.28529
1.28348
1.28125
1.2791
1.2771
1.27562
1.27496
1.27519
1.27636
1.27832
1.28071
1.28325
1.28603
1.28876
1.29121
1.29345
1.29531
1.29692
1.29813
1.29894
1.29945
1.29993
1.30033
1.3007
1.30089
1.30082
1.30053
1.30005
1.29952
1.29884
1.29784
1.29656
1.29488
1.29293
1.29065
1.28799
1.28497
1.28189
1.27883
1.27637
1.27475
1.27427
1.27488
1.27613
1.2778
1.27925
1.28
1.27991
1.27888
1.2772
1.27525
1.27315
1.27106
1.269
1.26686
1.26457
1.26215
1.25942
1.25646
1.25344
1.25061
1.24836
1.2469
1.24661
1.24729
1.24873
1.25066
1.25299
1.25557
1.25831
1.26117
1.26415
1.26716
1.27011
1.27276
1.27491
1.27679
1.27807
1.27905
1.27947
1.27957
1.27916
1.278
1.27612
1.27339
1.26987
1.26563
1.26117
1.25675
1.25319
1.25102
1.25031
1.25124
1.25386
1.25765
1.26208
1.26661
1.27057
1.27351
1.27531
1.27571
1.27505
1.27353
1.27141
1.2693
1.26762
1.26676
1.2667
1.2676
1.26907
1.27098
1.27304
1.27506
1.277
1.27873
1.28006
1.28095
1.28144
1.2815
1.28121
1.2805
1.27937
1.27787
1.2757
1.27293
1.26951
1.26551
1.26058
1.25507
1.24886
1.242
1.23514
1.22877
1.22388
1.22112
1.22115
1.22406
1.22961
1.23708
1.2452
1.25323
1.26105
1.26832
1.27512
1.28121
1.28658
1.291
1.29448
1.29699
1.2985
1.29927
1.29945
1.29924
1.29872
1.29783
1.29681
1.29547
1.29428
1.29294
1.29158
1.29029
1.289
1.28783
1.28676
1.28591
1.28503
1.28407
1.28298
1.28185
1.28034
1.27834
1.27602
1.27348
1.27051
1.26732
1.26382
1.26034
1.25723
1.25494
1.25352
1.25317
1.25373
1.25517
1.25682
1.25839
1.2595
1.2602
1.26061
1.26098
1.26178
1.26309
1.26516
1.26762
1.27008
1.27264
1.27506
1.2769
1.27841
1.27934
1.27975
1.27972
1.27934
1.27864
1.27761
1.27615
1.27452
1.27265
1.27039
1.26787
1.26501
1.26185
1.25846
1.25487
1.25131
1.24805
1.24559
1.24452
1.24512
1.24736
1.25062
1.25455
1.2585
1.26225
1.26551
1.26816
1.27031
1.27188
1.27299
1.27358
1.27371
1.27334
1.27263
1.27157
1.2703
1.26885
1.26717
1.2653
1.26332
1.26119
1.25923
1.25741
1.25591
1.25482
1.25401
1.25359
1.25339
1.25325
1.25302
1.25247
1.25154
1.25053
1.24958
1.24896
1.24874
1.24924
1.25063
1.25258
1.25506
1.25778
1.26075
1.26388
1.26725
1.27054
1.27335
1.27568
1.27747
1.27868
1.27929
1.27943
1.27907
1.2783
1.27694
1.27502
1.27266
1.2701
1.26763
1.26546
1.2638
1.26259
1.26189
1.26153
1.26101
1.26035
1.25932
1.25782
1.25618
1.25485
1.25435
1.25473
1.2562
1.25886
1.2621
1.26546
1.26866
1.27146
1.27375
1.27562
1.2773
1.27875
1.27997
1.28089
1.28176
1.28251
1.28301
1.28322
1.28298
1.28221
1.28075
1.27869
1.27625
1.27354
1.27125
1.26972
1.26937
1.27008
1.27161
1.27349
1.27535
1.27683
1.27762
1.27772
1.27723
1.27622
1.27505
1.27377
1.27258
1.27139
1.27022
1.26914
1.26818
1.26745
1.26697
1.26673
1.26666
1.26674
1.26707
1.26751
1.26788
1.26824
1.26856
1.26879
1.2689
1.26892
1.26878
1.26841
1.26798
1.26712
1.26613
1.26503
1.26385
1.2627
1.26172
1.26116
1.26098
1.26094
1.26137
1.26205
1.26321
1.26473
1.26652
1.26847
1.2703
1.27184
1.27311
1.27378
1.27406
1.27386
1.27296
1.27146
1.26924
1.2661
1.26218
1.25767
1.25277
1.24793
1.24362
1.24042
1.23854
1.23822
1.23947
1.24222
1.246
1.25004
1.25395
1.25706
1.25865
1.2583
1.25594
1.2517
1.24644
1.24133
1.23791
1.23735
1.24005
1.24503
1.25121
1.25721
1.26238
1.26632
1.26944
1.2719
1.27373
1.27509
1.27598
1.27667
1.27733
1.27786
1.27827
1.27847
1.27876
1.27915
1.2798
1.28061
1.2815
1.28283
1.28431
1.28591
1.28763
1.28937
1.29087
1.29219
1.29345
1.2944
1.29515
1.29567
1.2959
1.29615
1.29647
1.29688
1.29746
1.29846
1.29978
1.30121
1.30264
1.30363
1.30377
1.30275
1.30033
1.2965
1.29094
1.28436
1.27739
1.27107
1.2665
1.26413
1.26402
1.26589
1.26899
1.27244
1.27583
1.27865
1.28056
1.2816
1.28208
1.28175
1.28118
1.28047
1.27958
1.27869
1.27775
1.27693
1.27603
1.27511
1.27446
1.27395
1.2737
1.27363
1.27382
1.2744
1.27533
1.27644
1.27748
1.27841
1.27929
1.27997
1.28031
1.28036
1.27992
1.2792
1.27798
1.27637
1.27444
1.27234
1.27025
1.26847
1.26736
1.26703
1.26769
1.26921
1.2714
1.27383
1.27622
1.27848
1.28046
1.28219
1.28357
1.2844
1.28477
1.28445
1.28352
1.28215
1.28018
1.27771
1.27472
1.27118
1.26742
1.26355
1.25981
1.25653
1.25437
1.2538
1.25495
1.25773
1.26172
1.26625
1.27071
1.2748
1.2782
1.2811
1.28348
1.2854
1.28695
1.28817
1.28914
1.28969
1.29021
1.29069
1.29057
1.29033
1.29019
1.29022
1.29063
1.29128
1.2925
1.29448
1.29707
1.30018
1.30366
1.30729
1.31088
1.31408
1.31692
1.31929
1.32139
1.32326
1.32469
1.32548
1.32596
1.32597
1.32523
1.32366
1.32089
1.31693
1.31179
1.30584
1.2996
1.29369
1.28907
1.28655
1.28647
1.28892
1.29341
1.29931
1.30586
1.31231
1.31824
1.32307
1.32687
1.32981
1.33213
1.33402
1.33563
1.33708
1.33848
1.34
1.34142
1.34263
1.34376
1.34474
1.34544
1.34582
1.34621
1.34673
1.34732
1.34801
1.34862
1.34889
1.3489
1.34838
1.34758
1.34652
1.34553
1.34454
1.34342
1.34183
1.33922
1.33555
1.33089
1.32571
1.32084
1.31703
1.31548
1.31707
1.32134
1.32744
1.33436
1.34079
1.34623
1.35024
1.35281
1.3543
1.35505
1.35526
1.35501
1.35453
1.354
1.35345
1.35282
1.35186
1.35106
1.35011
1.34918
1.34794
1.3464
1.34515
1.3442
1.34351
1.34347
1.34424
1.3458
1.34811
1.35089
1.35354
1.35582
1.35771
1.35909
1.36025
1.36097
1.36143
1.36165
1.36161
1.36155
1.36148
1.36114
1.36049
1.35969
1.35885
1.35797
1.35716
1.35641
1.35585
1.35545
1.35514
1.35486
1.35475
1.35444
1.35385
1.35305
1.35234
1.35198
1.35186
1.35193
1.3525
1.35339
1.35453
1.35554
1.35671
1.35802
1.35937
1.36083
1.36224
1.36404
1.36553
1.36704
1.36874
1.37054
1.37249
1.37434
1.37615
1.37798
1.37969
1.38115
1.38231
1.38333
1.38379
1.38335
1.38251
1.38077
1.378
1.37435
1.36968
1.36386
1.35671
1.34821
1.33875
1.32899
1.32049
1.31478
1.31288
1.3155
1.32204
1.3307
1.33958
1.34753
1.35366
1.3578
1.36018
1.36122
1.3612
1.36081
1.36012
1.35974
1.35966
1.35976
1.3598
1.3599
1.36004
1.36009
1.35995
1.35999
1.36033
1.36083
1.36158
1.3627
1.36396
1.36546
1.36717
1.36886
1.37052
1.37166
1.37255
1.37322
1.3735
1.37322
1.37244
1.37115
1.36931
1.3672
1.36474
1.36188
1.35896
1.35631
1.35415
1.35244
1.35167
1.35144
1.35195
1.3529
1.35385
1.35492
1.35531
1.35525
1.35455
1.35312
1.35139
1.34929
1.34727
1.34517
1.34316
1.34117
1.33941
1.33786
1.33673
1.33584
1.33539
1.33565
1.33665
1.33823
1.34024
1.34233
1.34403
1.34517
1.34573
1.34569
1.3453
1.34469
1.34414
1.34364
1.34322
1.34282
1.3423
1.34123
1.33987
1.33811
1.33624
1.33439
1.33267
1.33112
1.32974
1.32836
1.32691
1.32558
1.32445
1.32365
1.32346
1.32379
1.32477
1.32618
1.32787
1.32965
1.3316
1.33352
1.33527
1.33671
1.33784
1.33862
1.33911
1.33927
1.33907
1.33873
1.33817
1.33728
1.33614
1.33473
1.33304
1.3311
1.32882
1.32633
1.32363
1.32095
1.31839
1.31628
1.31457
1.3134
1.31272
1.31241
1.31263
1.31333
1.31427
1.3153
1.31643
1.31759
1.31894
1.32022
1.32146
1.32275
1.32394
1.32495
1.32585
1.32665
1.32732
1.32771
1.328
1.3281
1.32832
1.32869
1.32912
1.32966
1.33033
1.33105
1.33154
1.33188
1.33186
1.33147
1.33068
1.32955
1.32817
1.32672
1.32531
1.32418
1.32352
1.32332
1.32379
1.32487
1.32632
1.32811
1.32999
1.33166
1.33311
1.334
1.3342
1.33364
1.33243
1.33025
1.32734
1.32377
1.31977
1.31579
1.31221
1.30892
1.30624
1.30438
1.30299
1.30213
1.30175
1.30172
1.30196
1.30277
1.30429
1.30646
1.30902
1.31173
1.31427
1.31674
1.31907
1.3212
1.32288
1.32398
1.32481
1.32544
1.32557
1.32549
1.32517
1.32464
1.32358
1.32209
1.3203
1.31808
1.31539
1.31236
1.30894
1.30552
1.30217
1.29924
1.29698
1.29586
1.29595
1.29699
1.29877
1.30075
1.30279
1.30457
1.30598
1.30683
1.30725
1.30731
1.30677
1.30578
1.30422
1.3022
1.29962
1.29634
1.2926
1.28856
1.28455
1.28108
1.27861
1.27728
1.27742
1.27891
1.28141
1.28448
1.28767
1.29064
1.29306
1.29485
1.29614
1.29679
1.29707
1.29734
1.2976
1.29832
1.29946
1.30093
1.30252
1.30408
1.30529
1.30599
1.30627
1.30606
1.30543
1.30441
1.30306
1.3014
1.29979
1.2985
1.29762
1.29727
1.29758
1.29856
1.29984
1.30138
1.30311
1.30482
1.30647
1.30815
1.30971
1.311
1.31206
1.31303
1.31399
1.31482
1.31564
1.31655
1.31734
1.31793
1.3184
1.31873
1.3191
1.31947
1.3197
1.31965
1.31951
1.31932
1.31897
1.31822
1.31727
1.31593
1.31397
1.31159
1.30912
1.30654
1.30421
1.3021
1.30055
1.29941
1.29872
1.29853
1.29889
1.29939
1.30006
1.30103
1.30183
1.30265
1.30319
1.30334
1.30304
1.30226
1.30103
1.2998
1.299
1.29877
1.29949
1.30143
1.30464
1.30878
1.31355
1.31856
1.32336
1.32773
1.33171
1.33502
1.33746
1.33901
1.33977
1.33957
1.33868
1.33728
1.33517
1.33286
1.33048
1.32792
1.32536
1.32269
1.32006
1.31778
1.31629
1.31589
1.3167
1.31873
1.32183
1.32556
1.32919
1.33242
1.33517
1.33718
1.33852
1.33947
1.3402
1.34065
1.34095
1.34119
1.34141
1.34163
1.34181
1.34176
1.34149
1.34089
1.33973
1.33812
1.33618
1.33425
1.33224
1.33009
1.32823
1.3267
1.32552
1.3252
1.32562
1.32698
1.32897
1.33127
1.33371
1.33596
1.33797
1.33981
1.34169
1.34405
1.34669
1.34943
1.35194
1.35365
1.35384
1.35208
1.34779
1.34111
1.33202
1.32201
1.31347
1.30904
1.30914
1.31201
1.31475
1.31567
1.31488
1.31418
1.31584
1.32087
1.32843
1.337
1.34515
1.35169
1.35625
1.35891
1.35991
1.35928
1.35726
1.35393
1.34976
1.34539
1.34147
1.33862
1.33711
1.33694
1.33794
1.3396
1.34134
1.34267
1.34343
1.34348
1.34306
1.34227
1.34113
1.33998
1.33881
1.33781
1.33716
1.337
1.33729
1.33787
1.3389
1.34001
1.34155
1.34318
1.34461
1.34586
1.34697
1.34788
1.34835
1.34858
1.34854
1.34809
1.34737
1.34604
1.34458
1.34299
1.34163
1.34061
1.34
1.33963
1.33951
1.33938
1.33919
1.33878
1.33798
1.33689
1.33555
1.33404
1.33231
1.32999
1.32727
1.32443
1.32173
1.31922
1.31723
1.31579
1.31496
1.31479
1.31487
1.31462
1.31368
1.31197
1.30937
1.30636
1.30396
1.30297
1.30372
1.30604
1.30902
1.31179
1.31403
1.31545
1.31607
1.3158
1.31501
1.31381
1.31224
1.31065
1.30911
1.30769
1.30655
1.30563
1.30482
1.3044
1.30438
1.30422
1.30411
1.30387
1.30369
1.3037
1.30388
1.30421
1.3046
1.30503
1.30548
1.30609
1.30672
1.3072
1.30759
1.30799
1.30845
1.30901
1.30949
1.30989
1.31032
1.31083
1.31127
1.31157
1.31167
1.31175
1.31195
1.31205
1.31196
1.31182
1.31169
1.31156
1.31164
1.31156
1.31152
1.31125
1.31097
1.31074
1.31068
1.31061
1.3105
1.31035
1.31007
1.30923
1.30782
1.30579
1.30272
1.29847
1.29275
1.28576
1.27892
1.27385
1.27252
1.27559
1.2821
1.29055
1.29907
1.3063
1.312
1.31622
1.31909
1.32118
1.32268
1.32368
1.32427
1.32447
1.32472
1.32496
1.32522
1.32544
1.32581
1.3263
1.32667
1.32712
1.3277
1.32817
1.32833
1.32815
1.32756
1.32634
1.32446
1.3219
1.31859
1.31458
1.3102
1.30566
1.30103
1.29684
1.29338
1.29129
1.2909
1.29214
1.29512
1.29966
1.30514
1.31068
1.31589
1.32026
1.32357
1.32556
1.3267
1.32705
1.32702
1.32663
1.32618
1.32575
1.32536
1.32504
1.32492
1.32487
1.32497
1.32545
1.32604
1.32681
1.32772
1.32886
1.3302
1.33183
1.33355
1.33544
1.33729
1.33918
1.34075
1.34195
1.34281
1.34333
1.34336
1.34298
1.34232
1.34152
1.34053
1.33942
1.3382
1.33683
1.33527
1.33364
1.33224
1.33114
1.33054
1.33053
1.33125
1.33263
1.33439
1.33629
1.33805
1.33949
1.34018
1.34038
1.34018
1.33976
1.33942
1.33945
1.34
1.34098
1.342
1.34298
1.34361
1.34395
1.34383
1.34374
1.34409
1.34514
1.34687
1.34904
1.35133
1.35334
1.35475
1.35542
1.3551
1.35358
1.35094
1.3472
1.34229
1.33631
1.32919
1.32085
1.31123
1.30072
1.29027
1.28223
1.27921
1.28233
1.29045
1.30055
1.31028
1.31787
1.32314
1.32648
1.32853
1.32963
1.33008
1.33011
1.32972
1.32928
1.32917
1.32936
1.33005
1.33142
1.33349
1.33623
1.33923
1.34212
1.34484
1.34723
1.3492
1.35077
1.35187
1.35236
1.35206
1.35093
1.34882
1.34572
1.34148
1.33632
1.33045
1.3245
1.31945
1.31587
1.31389
1.31325
1.31333
1.31402
1.3151
1.31682
1.31924
1.32261
1.32654
1.3306
1.33446
1.33789
1.34074
1.34303
1.34484
1.34625
1.34742
1.34835
1.34887
1.34946
1.35007
1.35041
1.35062
1.35075
1.35084
1.35079
1.35038
1.34979
1.34885
1.34739
1.34519
1.34239
1.33882
1.33421
1.32854
1.32217
1.3153
1.30873
1.3029
1.29834
1.29537
1.29433
1.29499
1.29742
1.30124
1.30611
1.31188
1.31785
1.32354
1.32862
1.33274
1.33561
1.33741
1.33818
1.33829
1.3378
1.33677
1.33561
1.33422
1.33293
1.33188
1.3313
1.33111
1.33123
1.33177
1.33278
1.33393
1.33543
1.33702
1.33841
1.33948
1.34028
1.34062
1.34035
1.33957
1.3381
1.33624
1.33394
1.33151
1.32935
1.32756
1.32663
1.32641
1.32685
1.32732
1.32772
1.32775
1.32687
1.32482
1.32186
1.31802
1.31349
1.30873
1.30395
1.29967
1.29651
1.29507
1.29545
1.2972
1.29991
1.30329
1.30678
1.31005
1.31319
1.31634
1.31971
1.32337
1.32743
1.33156
1.33607
1.34068
1.34502
1.34894
1.35244
1.35533
1.35776
1.35985
1.36144
1.36269
1.36373
1.36466
1.36526
1.36575
1.36616
1.3665
1.36669
1.36664
1.36656
1.36638
1.36626
1.36616
1.36594
1.36563
1.36522
1.36448
1.36355
1.36258
1.36157
1.36041
1.35927
1.35787
1.35631
1.35463
1.35268
1.3507
1.34886
1.34693
1.34463
1.34202
1.33922
1.33633
1.33341
1.33074
1.32866
1.32741
1.32737
1.32853
1.33073
1.33342
1.33649
1.33947
1.34193
1.34387
1.34539
1.3466
1.34776
1.3491
1.35045
1.35191
1.35333
1.35485
1.35614
1.35723
1.35788
1.35797
1.35766
1.35711
1.35625
1.35523
1.35443
1.35404
1.35345
1.35305
1.35311
1.35274
1.35207
1.35079
1.34885
1.3458
1.34175
1.33684
1.3311
1.32446
1.31732
1.31023
1.30371
1.29837
1.29506
1.29442
1.29684
1.30223
1.30963
1.31791
1.32592
1.33293
1.33857
1.34286
1.34592
1.34804
1.34932
1.34996
1.35023
1.35005
1.34938
1.34851
1.34761
1.34655
1.34542
1.34416
1.34272
1.34099
1.33915
1.33732
1.33549
1.33361
1.33153
1.32926
1.32649
1.32307
1.31894
1.31403
1.30821
1.30156
1.29435
1.28714
1.28062
1.27532
1.27189
1.27022
1.27016
1.27167
1.27472
1.27903
1.28435
1.29039
1.29662
1.30222
1.3069
1.31052
1.31313
1.31467
1.31536
1.31544
1.31512
1.31447
1.31362
1.31271
1.31184
1.31101
1.31049
1.31025
1.31048
1.31104
1.31178
1.31278
1.31391
1.31512
1.31641
1.31759
1.31879
1.32002
1.32115
1.32226
1.32338
1.32446
1.32545
1.32644
1.32747
1.32828
1.32897
1.32957
1.32988
1.32999
1.32981
1.32938
1.32864
1.32763
1.32646
1.32499
1.32322
1.32139
1.31973
1.31866
1.31832
1.3186
1.3196
1.32114
1.323
1.32527
1.32783
1.33064
1.33329
1.33585
1.33829
1.3407
1.34284
1.34448
1.34557
1.34637
1.34667
1.34651
1.34609
1.34554
1.34481
1.34403
1.34323
1.34261
1.34234
1.34261
1.34335
1.3444
1.34555
1.34689
1.34811
1.34914
1.35003
1.35063
1.35124
1.35226
1.35352
1.35515
1.35702
1.35898
1.36067
1.36223
1.36346
1.36433
1.36505
1.36555
1.36598
1.36641
1.36698
1.3676
1.3685
1.36942
1.37036
1.37097
1.37118
1.37106
1.37033
1.36888
1.3667
1.36383
1.36041
1.35659
1.35258
1.34864
1.34521
1.34225
1.3399
1.33794
1.33593
1.33392
1.33197
1.33026
1.32924
1.32915
1.33041
1.33342
1.33801
1.3433
1.34907
1.35467
1.35948
1.36343
1.36638
1.36837
1.36959
1.3698
1.36971
1.36945
1.36899
1.36828
1.36748
1.36667
1.36578
1.36478
1.36371
1.3628
1.36189
1.36089
1.35994
1.35915
1.35867
1.35861
1.35897
1.35947
1.36005
1.36067
1.36115
1.36149
1.36176
1.36173
1.3615
1.3611
1.36046
1.35952
1.35854
1.3576
1.35652
1.35523
1.35379
1.35228
1.35081
1.34917
1.34713
1.34479
1.34224
1.33958
1.3366
1.33356
1.33083
1.32848
1.32682
1.32605
1.32634
1.32768
1.33012
1.33299
1.33623
1.33935
1.34185
1.34375
1.34479
1.34498
1.34448
1.34362
1.34271
1.34187
1.3413
1.34122
1.34156
1.34225
1.34327
1.34442
1.3456
1.3465
1.34709
1.3473
1.34723
1.3469
1.34619
1.34502
1.34349
1.34168
1.33975
1.33771
1.33532
1.33271
1.32974
1.32655
1.3231
1.31955
1.31605
1.31298
1.31056
1.30913
1.30873
1.3092
1.31045
1.31219
1.31386
1.31491
1.31538
1.3155
1.31508
1.31474
1.31482
1.3157
1.31751
1.32012
1.32312
1.32604
1.32881
1.33117
1.33293
1.33418
1.33473
1.33493
1.33486
1.33443
1.33377
1.33277
1.33157
1.33004
1.32818
1.32626
1.32426
1.32225
1.32033
1.31859
1.31703
1.31555
1.3142
1.31307
1.31177
1.31028
1.30853
1.30659
1.30437
1.30209
1.30004
1.29846
1.29736
1.29699
1.29739
1.29831
1.29948
1.30075
1.30208
1.30344
1.30466
1.30561
1.30647
1.30719
1.30777
1.30795
1.30766
1.30694
1.3057
1.30423
1.30275
1.30161
1.30111
1.30139
1.30241
1.30425
1.30667
1.30934
1.31202
1.31446
1.31656
1.31809
1.31926
1.32008
1.32082
1.32156
1.32234
1.32309
1.32381
1.32465
1.32534
1.32594
1.32649
1.32693
1.32711
1.327
1.32649
1.32546
1.32392
1.32216
1.32031
1.31876
1.31772
1.31745
1.31818
1.31996
1.3226
1.32559
1.32868
1.33144
1.33386
1.33589
1.33738
1.33869
1.33974
1.34036
1.34091
1.34109
1.34109
1.34094
1.34072
1.34033
1.33987
1.33933
1.33858
1.33788
1.33732
1.33689
1.337
1.33781
1.33947
1.34176
1.34467
1.34795
1.3514
1.35465
1.35734
1.35929
1.36033
1.36033
1.35912
1.35683
1.35398
1.35105
1.34869
1.34696
1.3458
1.34486
1.34394
1.34268
1.341
1.33931
1.33767
1.33627
1.3358
1.33633
1.33821
1.34131
1.3452
1.34964
1.35431
1.35885
1.36289
1.36655
1.36961
1.3722
1.37431
1.37608
1.37742
1.37853
1.3795
1.38004
1.38039
1.38033
1.38012
1.3793
1.37796
1.37604
1.37353
1.37021
1.36614
1.36157
1.35689
1.35283
1.34989
1.34857
1.34831
1.34839
1.34765
1.34586
1.34358
1.34197
1.34247
1.34554
1.35029
1.3557
1.36073
1.36488
1.36777
1.36918
1.36939
1.36857
1.36656
1.36384
1.36089
1.3584
1.35684
1.35669
1.35787
1.35993
1.36204
1.36346
1.36382
1.36304
1.36116
1.35856
1.35543
1.35221
1.3496
1.3479
1.34738
1.34786
1.34934
1.35114
1.35314
1.35501
1.35672
1.35796
1.35874
1.35916
1.35954
1.35959
1.35966
1.35945
1.35913
1.35907
1.35883
1.35852
1.35804
1.35733
1.35669
1.35628
1.35564
1.35497
1.3544
1.35389
1.35356
1.35316
1.35255
1.35195
1.35143
1.35095
1.35051
1.35018
1.34977
1.34919
1.34862
1.34794
1.34694
1.3453
1.34349
1.34138
1.33902
1.33649
1.33365
1.33102
1.32877
1.32702
1.32557
1.32446
1.32386
1.32362
1.32376
1.3239
1.32403
1.32421
1.32425
1.32408
1.3237
1.32334
1.32296
1.32258
1.3224
1.32277
1.32369
1.32521
1.32714
1.32918
1.33139
1.33339
1.33511
1.33653
1.33728
1.3377
1.3375
1.33694
1.336
1.33484
1.33328
1.3314
1.32943
1.3274
1.32532
1.32314
1.3209
1.31853
1.31612
1.31369
1.31141
1.30932
1.30739
1.3057
1.30419
1.30276
1.30159
1.30055
1.29975
1.29922
1.29903
1.29922
1.29983
1.30081
1.30229
1.30402
1.30596
1.30792
1.31003
1.31245
1.31513
1.31788
1.32036
1.32293
1.32535
1.32778
1.32971
1.33146
1.33284
1.33381
1.334
1.33361
1.33238
1.33012
1.32664
1.32165
1.31501
1.3067
1.29709
1.28703
1.27816
1.27228
1.27082
1.27402
1.28061
1.28856
1.29632
1.30278
1.30769
1.31124
1.31347
1.31469
1.31526
1.3155
1.3157
1.31551
1.31554
1.31558
1.31559
1.31588
1.31647
1.31722
1.31802
1.31852
1.31873
1.31867
1.31829
1.31742
1.31612
1.31476
1.31344
1.3122
1.31111
1.31032
1.30986
1.30951
1.30938
1.30921
1.30901
1.30852
1.30717
1.30516
1.30202
1.29755
1.2922
1.28703
1.28323
1.28223
1.28467
1.29014
1.29774
1.30615
1.31399
1.32072
1.32597
1.32954
1.33181
1.33307
1.33357
1.33347
1.33319
1.33278
1.33215
1.33155
1.33091
1.33014
1.32915
1.32813
1.3267
1.32491
1.3225
1.31958
1.31574
1.31124
1.30649
1.30211
1.29913
1.29832
1.30016
1.30419
1.30966
1.31538
1.3207
1.32537
1.32927
1.33239
1.33489
1.33664
1.33761
1.33783
1.33752
1.33685
1.33583
1.33469
1.33356
1.33277
1.33232
1.33222
1.33253
1.33318
1.33402
1.33498
1.33588
1.33679
1.33742
1.33794
1.33844
1.33858
1.33855
1.33809
1.33742
1.33672
1.33614
1.33566
1.33554
1.33586
1.33652
1.33775
1.33937
1.34098
1.34251
1.3442
1.34549
1.34642
1.34696
1.34732
1.34773
1.34844
1.34959
1.35162
1.35422
1.35751
1.36105
1.36412
1.36666
1.36838
1.36925
1.36919
1.36838
1.36721
1.36628
1.36545
1.36449
1.36316
1.36068
1.35656
1.35082
1.34394
1.33663
1.33026
1.32601
1.32487
1.32662
1.33123
1.33756
1.34492
1.35228
1.35928
1.36538
1.37058
1.3749
1.37839
1.38083
1.38239
1.38282
1.38254
1.38147
1.37999
1.37849
1.37666
1.37461
1.3727
1.37076
1.3687
1.36619
1.36311
1.35939
1.35481
1.34949
1.3435
1.33778
1.33313
1.3307
1.3307
1.33263
1.33566
1.3386
1.34092
1.3424
1.34302
1.343
1.34274
1.34261
1.34293
1.34384
1.34535
1.34718
1.34924
1.35112
1.35264
1.35365
1.35433
1.3544
1.35382
1.35277
1.35137
1.34996
1.34865
1.34794
1.3478
1.3485
1.34989
1.35183
1.35395
1.35608
1.35838
1.36081
1.3629
1.36483
1.36654
1.36804
1.36935
1.37046
1.37119
1.37151
1.37106
1.37001
1.36846
1.36609
1.36282
1.35861
1.35335
1.34689
1.33972
1.33238
1.32573
1.321
1.31887
1.31971
1.32281
1.32735
1.33207
1.33627
1.33943
1.34144
1.3424
1.34255
1.34237
1.34192
1.34133
1.34103
1.34121
1.34175
1.3426
1.34348
1.34421
1.34467
1.34474
1.34447
1.34373
1.34279
1.34184
1.3409
1.3402
1.33961
1.33915
1.33878
1.33852
1.33847
1.33862
1.33891
1.33907
1.33879
1.33813
1.33724
1.33623
1.33518
1.33401
1.33285
1.33169
1.33053
1.32913
1.32764
1.32609
1.32443
1.32286
1.32182
1.32128
1.32135
1.3221
1.32362
1.32563
1.32784
1.32996
1.33187
1.33368
1.33524
1.33645
1.33725
1.33768
1.33785
1.33772
1.33728
1.33679
1.3361
1.33536
1.33461
1.33379
1.33326
1.33278
1.33227
1.33179
1.33123
1.3303
1.32878
1.32648
1.32297
1.31825
1.31239
1.30585
1.29942
1.29402
1.29021
1.28817
1.28781
1.28841
1.28957
1.29078
1.29208
1.29327
1.29465
1.29636
1.29841
1.30075
1.30328
1.30593
1.30841
1.3108
1.31309
1.31525
1.3171
1.31892
1.32056
1.32215
1.3237
1.32483
1.32575
1.32642
1.32675
1.32683
1.32652
1.32597
1.32501
1.32369
1.32208
1.3202
1.31811
1.31583
1.31367
1.31174
1.3102
1.30941
1.30921
1.30947
1.31011
1.311
1.31219
1.31329
1.31438
1.31538
1.31635
1.31702
1.31727
1.31732
1.31711
1.31653
1.31591
1.31515
1.31443
1.31395
1.31343
1.31272
1.31149
1.30952
1.30686
1.30313
1.29866
1.294
1.28977
1.28657
1.28499
1.28522
1.28692
1.28974
1.29312
1.29681
1.30084
1.30497
1.30909
1.31278
1.31598
1.31869
1.32074
1.32211
1.32287
1.32312
1.32308
1.32283
1.32236
1.32154
1.32028
1.3191
1.3176
1.31571
1.31345
1.31067
1.30764
1.30421
1.30061
1.29694
1.29394
1.29178
1.29092
1.29131
1.29309
1.29556
1.29858
1.30179
1.30499
1.30784
1.31015
1.31183
1.31296
1.31366
1.314
1.31422
1.31414
1.31395
1.31348
1.31285
1.31202
1.31122
1.31042
1.30981
1.30935
1.30915
1.30908
1.30904
1.30926
1.30974
1.31045
1.31115
1.31183
1.31239
1.31261
1.31268
1.31231
1.31158
1.31049
1.30912
1.3073
1.30551
1.30358
1.30165
1.29987
1.29841
1.29726
1.29651
1.29603
1.29584
1.29582
1.29599
1.29615
1.29659
1.29695
1.29752
1.29833
1.29936
1.30077
1.30263
1.30463
1.30684
1.30905
1.31103
1.3127
1.31402
1.31512
1.316
1.31656
1.31682
1.317
1.31729
1.3176
1.31779
1.31804
1.31845
1.31898
1.31954
1.31995
1.32028
1.3206
1.32086
1.32094
1.32072
1.32036
1.31996
1.31966
1.31924
1.31873
1.31804
1.31732
1.31685
1.31669
1.31664
1.31683
1.31733
1.31807
1.3191
1.32033
1.32139
1.32207
1.32206
1.3213
1.31938
1.31639
1.31227
1.30742
1.30271
1.29915
1.29753
1.29807
1.30034
1.30318
1.30575
1.3075
1.3083
1.30837
1.30813
1.30795
1.30814
1.30868
1.30963
1.31076
1.31204
1.31308
1.31379
1.31404
1.31394
1.31386
1.31401
1.3144
1.31516
1.31632
1.31816
1.32041
1.32276
1.32518
1.32749
1.32948
1.33107
1.33224
1.33319
1.33356
1.33372
1.33348
1.33262
1.33124
1.32904
1.32595
1.3218
1.31649
1.31001
1.30264
1.29527
1.28923
1.2859
1.28642
1.29072
1.29758
1.3053
1.31195
1.31659
1.31896
1.3193
1.31824
1.31695
1.31621
1.31664
1.31864
1.32154
1.32494
1.32826
1.33112
1.33329
1.33447
1.33506
1.33499
1.33428
1.33319
1.33202
1.33088
1.32976
1.32887
1.32846
1.32877
1.32945
1.33072
1.33252
1.33465
1.33715
1.33987
1.3424
1.34448
1.34638
1.34797
1.34905
1.34968
1.34985
1.34954
1.3487
1.34749
1.3459
1.3442
1.34257
1.34138
1.34071
1.34049
1.3408
1.34144
1.34218
1.34275
1.34292
1.34268
1.34198
1.34072
1.33893
1.33698
1.33503
1.33326
1.33204
1.33133
1.33141
1.33214
1.33371
1.33565
1.33773
1.33992
1.34197
1.34377
1.34535
1.34642
1.34699
1.34695
1.34633
1.34519
1.34354
1.34163
1.33959
1.33754
1.33569
1.33429
1.33339
1.33285
1.33268
1.33294
1.33358
1.33456
1.33587
1.33756
1.3396
1.34185
1.34433
1.34683
1.34927
1.35156
1.35356
1.35539
1.35685
1.35796
1.35891
1.35986
1.36075
1.36166
1.36273
1.36379
1.36456
1.36519
1.3656
1.36564
1.36537
1.3647
1.36367
1.36225
1.36041
1.35835
1.35589
1.35303
1.34948
1.34512
1.33983
1.33371
1.32666
1.31925
1.3125
1.30767
1.30532
1.30574
1.3085
1.31273
1.31769
1.32266
1.32734
1.33165
1.33575
1.33993
1.34398
1.34805
1.35206
1.35582
1.35882
1.36125
1.36272
1.36329
1.36291
1.36158
1.35919
1.35578
1.35159
1.34675
1.34153
1.33624
1.33127
1.32717
1.32447
1.32363
1.32479
1.32775
1.33211
1.33739
1.343
1.34858
1.35378
1.35842
1.36235
1.36542
1.36774
1.36938
1.3704
1.37114
1.37158
1.37196
1.37217
1.37224
1.3723
1.37249
1.37276
1.37329
1.37393
1.37473
1.37573
1.37678
1.37802
1.37924
1.38016
1.38066
1.38072
1.38015
1.37906
1.37712
1.37453
1.37134
1.36748
1.36307
1.35824
1.35361
1.34943
1.34606
1.3438
1.34269
1.34271
1.34354
1.34474
1.34625
1.34762
1.34866
1.34964
1.35056
1.35149
1.35263
1.35415
1.35618
1.35863
1.36153
1.36468
1.36792
1.37083
1.37289
1.37396
1.37387
1.37216
1.36851
1.36286
1.355
1.34627
1.33856
1.33393
1.33378
1.33782
1.34413
1.35067
1.3561
1.35996
1.36229
1.36341
1.36359
1.36324
1.36255
1.36173
1.36086
1.35997
1.35916
1.35842
1.35776
1.35707
1.35619
1.35535
1.35458
1.35372
1.35307
1.35233
1.35147
1.35045
1.34921
1.34807
1.34676
1.34537
1.34403
1.34283
1.34189
1.3413
1.34113
1.34136
1.3419
1.34281
1.34384
1.34493
1.34622
1.3476
1.34886
1.34994
1.35069
1.35123
1.35132
1.35063
1.34896
1.34633
1.34257
1.33742
1.33051
1.32189
1.31122
1.29941
1.28761
1.27714
1.26915
1.26448
1.26366
1.26681
1.27374
1.28375
1.29553
1.30787
1.31938
1.32943
1.33768
1.34409
1.34897
1.35209
1.35385
1.35462
1.35437
1.35309
1.35122
1.34894
1.34628
1.34374
1.34137
1.33921
1.33773
1.33685
1.33681
1.33745
1.33857
1.3402
1.34227
1.3444
1.34659
1.34874
1.35074
1.35259
1.35415
1.35531
1.35612
1.35641
1.35602
1.35501
1.35347
1.3514
1.34834
1.34496
1.34118
1.3373
1.33332
1.32985
1.32717
1.32534
1.32457
1.32497
1.32646
1.32884
1.33176
1.33523
1.33918
1.3433
1.34749
1.35183
1.35605
1.35999
1.3637
1.36721
1.37036
1.37311
1.37558
1.37759
1.37941
1.3809
1.38227
1.38346
1.38432
1.38494
1.38552
1.38603
1.38637
1.38658
1.38661
1.38641
1.386
1.38538
1.38444
1.38343
1.3821
1.38056
1.37873
1.37697
1.37527
1.37366
1.37191
1.36996
1.36823
1.36671
1.36497
1.36302
1.36136
1.36011
1.35954
1.35986
1.36117
1.36331
1.36618
1.36961
1.37328
1.37697
1.38054
1.38384
1.38683
1.3896
1.39209
1.39433
1.39646
1.39842
1.40038
1.40206
1.40365
1.40504
1.40623
1.40717
1.40781
1.40824
1.40839
1.40798
1.40685
1.40488
1.40197
1.39812
1.39288
1.38646
1.37907
1.37123
1.3638
1.35789
1.35456
1.35484
1.35833
1.36421
1.37133
1.37855
1.38518
1.39141
1.39645
1.40049
1.40345
1.40538
1.40619
1.40591
1.40473
1.40286
1.40071
1.39822
1.39596
1.39382
1.39223
1.39132
1.39114
1.39139
1.39198
1.39288
1.39387
1.39485
1.39581
1.39663
1.39712
1.39766
1.39842
1.39902
1.39964
1.40023
1.40084
1.40186
1.40275
1.40347
1.40409
1.4045
1.40484
1.40519
1.40513
1.40484
1.40431
1.40383
1.40318
1.40241
1.40152
1.40061
1.39972
1.3987
1.3978
1.39678
1.39564
1.3943
1.39258
1.39037
1.38738
1.38339
1.37892
1.3743
1.37025
1.36748
1.36627
1.36695
1.3692
1.37225
1.37551
1.37828
1.38019
1.38097
1.38044
1.37863
1.37558
1.37196
1.36826
1.36502
1.36252
1.36147
1.36189
1.36346
1.36599
1.36891
1.3715
1.37388
1.37574
1.37685
1.37729
1.37702
1.37626
1.37515
1.37369
1.37199
1.37
1.36773
1.3655
1.36323
1.3611
1.3593
1.35813
1.35736
1.35701
1.3571
1.35745
1.3578
1.35798
1.35804
1.35789
1.35758
1.35691
1.35591
1.3547
1.35291
1.35085
1.34843
1.34548
1.34192
1.33804
1.33401
1.33013
1.32637
1.32375
1.32222
1.32184
1.32225
1.32309
1.32326
1.32234
1.32002
1.31609
1.31136
1.30739
1.30581
1.30733
1.31146
1.31661
1.32145
1.32488
1.32676
1.32737
1.32714
1.32632
1.32548
1.32492
1.32466
1.32468
1.32484
1.32515
1.32555
1.32571
1.32582
1.32597
1.32612
1.32606
1.32618
1.32657
1.32708
1.3275
1.32769
1.32803
1.32849
1.32901
1.32942
1.3298
1.33025
1.33069
1.33108
1.33127
1.33128
1.33082
1.32975
1.32807
1.32556
1.3219
1.317
1.31109
1.30462
1.29831
1.29303
1.28905
1.28592
1.28306
1.28012
1.2775
1.27619
1.27753
1.2819
1.2887
1.29663
1.30447
1.3115
1.31743
1.32234
1.3263
1.32954
1.33222
1.33435
1.33601
1.33729
1.33825
1.33892
1.33916
1.33932
1.33934
1.33908
1.33849
1.33787
1.33721
1.33648
1.33581
1.33529
1.335
1.33477
1.33477
1.33514
1.33561
1.33634
1.33696
1.33767
1.33811
1.33807
1.33795
1.33733
1.33623
1.33505
1.33392
1.3333
1.33346
1.33476
1.33712
1.34015
1.34366
1.34725
1.35043
1.3527
1.35394
1.35408
1.35307
1.35147
1.34989
1.34916
1.34964
1.35139
1.35394
1.3564
1.3581
1.35869
1.3581
1.35666
1.35453
1.3519
1.34906
1.346
1.34257
1.33845
1.33379
1.32878
1.32432
1.32124
1.32074
1.32323
1.32829
1.33478
1.34172
1.34838
1.35402
1.35859
1.36201
1.36416
1.36554
1.36619
1.36635
1.36599
1.36526
1.36411
1.36263
1.3607
1.35851
1.35594
1.35279
1.34914
1.34493
1.3404
1.33609
1.33243
1.33027
1.33039
1.33284
1.33708
1.34191
1.34661
1.35044
1.35322
1.35493
1.35586
1.35597
1.35546
1.35448
1.35336
1.35223
1.35116
1.35005
1.34883
1.34746
1.34546
1.34241
1.33827
1.33301
1.32696
1.3206
1.31473
1.31009
1.30705
1.30578
1.3065
1.30912
1.31346
1.31928
1.32579
1.33226
1.33838
1.34367
1.34811
1.35158
1.35423
1.35608
1.35746
1.35814
1.35854
1.35834
1.35778
1.3567
1.3552
1.35319
1.35093
1.34834
1.34576
1.34328
1.34125
1.33987
1.33925
1.33957
1.34072
1.34266
1.34518
1.34796
1.3507
1.35313
1.35536
1.35741
1.35911
1.36042
1.3614
1.36222
1.36278
1.36299
1.36288
1.36244
1.36174
1.36079
1.35925
1.35696
1.35386
1.35003
1.34563
1.34124
1.33749
1.33538
1.33534
1.33733
1.34087
1.34508
1.34884
1.35167
1.35344
1.35393
1.35343
1.35231
1.35116
1.35059
1.35102
1.35268
1.35547
1.35889
1.36237
1.36575
1.36864
1.37107
1.37301
1.3747
1.37616
1.37741
1.37854
1.37939
1.38033
1.38107
1.38177
1.38245
1.38307
1.38369
1.38439
1.38519
1.38611
1.38718
1.3883
1.38932
1.39039
1.39129
1.39206
1.39274
1.39304
1.39316
1.39326
1.39323
1.39312
1.39302
1.39283
1.39264
1.39282
1.39323
1.39363
1.39415
1.39439
1.3946
1.3943
1.3937
1.39279
1.39188
1.39095
1.38997
1.38871
1.38735
1.38532
1.38254
1.3792
1.37525
1.37152
1.36881
1.36843
1.37066
1.3755
1.38199
1.3888
1.39518
1.40076
1.40551
1.40962
1.41303
1.416
1.41822
1.42
1.42128
1.4221
1.42246
1.42225
1.42156
1.42068
1.41931
1.41786
1.41608
1.41426
1.41242
1.41057
1.40874
1.4069
1.40473
1.40215
1.39904
1.39499
1.39
1.38385
1.37674
1.36933
1.36298
1.35915
1.35925
1.36355
1.37146
1.38132
1.39135
1.4005
1.40797
1.41377
1.41792
1.42064
1.42205
1.42244
1.42158
1.41976
1.41694
1.41366
1.40998
1.40665
1.40425
1.40326
1.40338
1.40457
1.40654
1.40851
1.41015
1.41116
1.4115
1.41114
1.4099
1.40759
1.40449
1.40061
1.39606
1.39095
1.38615
1.38258
1.38121
1.38296
1.38741
1.39328
1.39895
1.40322
1.40585
1.40667
1.40599
1.40436
1.40232
1.40038
1.39904
1.39865
1.39915
1.4005
1.40226
1.40407
1.40569
1.40712
1.40795
1.40824
1.40796
1.40731
1.40612
1.40449
1.40248
1.40006
1.39742
1.39474
1.39254
1.39127
1.39083
1.39123
1.39218
1.39319
1.39396
1.39463
1.3949
1.39488
1.39472
1.39422
1.39346
1.39266
1.3918
1.39053
1.38906
1.38719
1.38517
1.38314
1.38108
1.37929
1.37754
1.37628
1.37544
1.37502
1.37509
1.37557
1.37663
1.37808
1.37966
1.38123
1.38278
1.3842
1.38545
1.38649
1.38728
1.38784
1.38806
1.38777
1.38726
1.38639
1.38515
1.3834
1.38121
1.3786
1.37609
1.37402
1.37282
1.37283
1.37403
1.37613
1.37879
1.38141
1.38363
1.38535
1.38637
1.38661
1.38602
1.38483
1.38276
1.38025
1.37739
1.37422
1.37097
1.36793
1.36514
1.36257
1.36037
1.35865
1.35748
1.35697
1.35698
1.35779
1.35913
1.3608
1.36274
1.36447
1.36588
1.36702
1.36781
1.36845
1.36894
1.36965
1.37059
1.37192
1.3734
1.3752
1.37702
1.37867
1.38004
1.38089
1.38116
1.38093
1.38007
1.37848
1.37641
1.37417
1.372
1.37047
1.3701
1.37109
1.37326
1.37627
1.37972
1.38315
1.38643
1.38906
1.39088
1.39186
1.39196
1.39111
1.38919
1.38645
1.38281
1.37823
1.37314
1.36773
1.36236
1.35771
1.3541
1.35182
1.35078
1.35053
1.35072
1.35113
1.35131
1.35141
1.35176
1.35231
1.35331
1.35481
1.35682
1.35911
1.36167
1.36448
1.36738
1.37021
1.37262
1.37463
1.37588
1.37642
1.37634
1.37545
1.37401
1.37215
1.37017
1.36815
1.36613
1.3645
1.36318
1.36231
1.36187
1.362
1.36261
1.36399
1.36568
1.36754
1.36933
1.37101
1.3725
1.37358
1.37458
1.37533
1.37579
1.37606
1.37618
1.37625
1.37616
1.376
1.37578
1.37563
1.37545
1.37537
1.37525
1.37504
1.37491
1.3747
1.37441
1.37392
1.3734
1.37273
1.37195
1.37136
1.37076
1.36994
1.36832
1.36591
1.36231
1.35687
1.34922
1.33938
1.32803
1.31765
1.31145
1.31176
1.3181
1.328
1.33821
1.34673
1.35303
1.35763
1.36084
1.36323
1.36477
1.36599
1.36686
1.36748
1.3679
1.36825
1.36875
1.36925
1.36988
1.37061
1.37145
1.37239
1.37325
1.37386
1.37428
1.37432
1.3742
1.37395
1.3735
1.37279
1.37211
1.37122
1.37024
1.36912
1.36773
1.3664
1.36509
1.36383
1.3626
1.3617
1.36095
1.36055
1.36033
1.36026
1.36038
1.36044
1.3603
1.36012
1.35974
1.35949
1.35922
1.35907
1.35909
1.35936
1.35985
1.36099
1.36233
1.36379
1.36514
1.36638
1.36757
1.36871
1.36981
1.37094
1.37183
1.37256
1.373
1.37319
1.37315
1.37294
1.37257
1.37188
1.37092
1.36957
1.36784
1.36573
1.36309
1.36004
1.35697
1.35427
1.35229
1.35151
1.35213
1.35402
1.35687
1.36003
1.36301
1.36585
1.36849
1.3707
1.37234
1.37354
1.37454
1.37526
1.37551
1.37556
1.37561
1.37562
1.37566
1.37577
1.37561
1.37542
1.37501
1.37412
1.37301
1.37146
1.36951
1.36752
1.36526
1.36287
1.36027
1.35755
1.35478
1.35232
1.34995
1.34807
1.34689
1.34647
1.34698
1.34867
1.35086
1.35278
1.35373
1.35352
1.35169
1.34938
1.34792
1.34892
1.35271
1.35888
1.36603
1.37289
1.37868
1.38299
1.38563
1.38672
1.38642
1.38517
1.38277
1.37959
1.37546
1.37043
1.36445
1.35807
1.35169
1.34567
1.34065
1.33699
1.33486
1.33432
1.33525
1.33719
1.34004
1.34372
1.34767
1.35164
1.35522
1.35796
1.35988
1.36108
1.36157
1.36136
1.36041
1.3588
1.35678
1.35446
1.35196
1.34942
1.34712
1.34528
1.34404
1.34344
1.34327
1.34342
1.34356
1.34388
1.34408
1.34407
1.34396
1.34385
1.34359
1.34343
1.34329
1.34323
1.34325
1.3431
1.34294
1.3429
1.34283
1.34264
1.34222
1.34151
1.34041
1.33905
1.33743
1.3355
1.33339
1.33128
1.32943
1.32817
1.32773
1.32822
1.32991
1.33267
1.33615
1.3398
1.34328
1.34637
1.34891
1.35082
1.35223
1.353
1.35321
1.35312
1.35277
1.35227
1.35164
1.35094
1.35041
1.34992
1.34958
1.34946
1.34943
1.34951
1.34963
1.34976
1.34986
1.34983
1.3497
1.34954
1.34931
1.34887
1.34845
1.34817
1.34784
1.3474
1.34697
1.34647
1.34559
1.34426
1.3421
1.33923
1.33549
1.3312
1.32687
1.32309
1.32047
1.31971
1.32076
1.32343
1.32741
1.33214
1.33694
1.34163
1.34617
1.3503
1.354
1.35713
1.35972
1.3619
1.36367
1.36508
1.36619
1.36706
1.36773
1.36836
1.3689
1.36934
1.36975
1.37016
1.37067
1.37109
1.3714
1.3717
1.37187
1.37181
1.37151
1.37063
1.3692
1.36712
1.36453
1.36136
1.35781
1.35396
1.35003
1.34638
1.34369
1.34251
1.34339
1.34656
1.35218
1.35979
1.36797
1.37566
1.38222
1.38703
1.38996
1.39092
1.38999
1.38695
1.38196
1.37533
1.36725
1.35809
1.34878
1.34039
1.33404
1.33088
1.33171
1.33636
1.34331
1.35078
1.35724
1.36182
1.36478
1.36675
1.3685
1.37031
1.37229
1.37478
1.37764
1.38079
1.384
1.38721
1.39026
1.3929
1.39514
1.39691
1.3983
1.39938
1.40041
1.40125
1.40188
1.40218
1.40226
1.40199
1.40151
1.40054
1.39923
1.39767
1.39608
1.39468
1.39355
1.3926
1.3921
1.39217
1.39291
1.39425
1.39622
1.39835
1.40045
1.40239
1.40402
1.40529
1.40621
1.40651
1.40629
1.40556
1.40419
1.4022
1.39969
1.39664
1.39336
1.39027
1.38751
1.38569
1.38514
1.38594
1.38787
1.39082
1.39446
1.39841
1.40249
1.40681
1.41103
1.41487
1.41811
1.4208
1.4225
1.42342
1.4235
1.42239
1.41998
1.41577
1.40923
1.3998
1.38757
1.37328
1.35944
1.35001
1.34893
1.35638
1.36918
1.38341
1.39624
1.40716
1.41608
1.4232
1.42886
1.43269
1.43492
1.43538
1.43409
1.43131
1.42695
1.42143
1.41491
1.40767
1.40018
1.39233
1.38423
1.37611
1.36869
1.36254
1.3588
1.35859
1.36227
1.36933
1.3788
1.38934
1.40013
1.4102
1.41876
1.4257
1.43082
1.43438
1.43662
1.43744
1.43703
1.43496
1.43125
1.42573
1.41798
1.40819
1.39689
1.38517
1.37512
1.36798
1.3643
1.36342
1.36469
1.3673
1.37096
1.37462
1.37713
1.378
1.37667
1.37354
1.36918
1.36426
1.35962
1.35572
1.35362
1.35339
1.35511
1.35862
1.36363
1.36927
1.37481
1.37968
1.38357
1.38638
1.38782
1.38824
1.38805
1.38723
1.38582
1.38401
1.38173
1.37914
1.37615
1.37303
1.36996
1.36693
1.36417
1.36159
1.35934
1.35773
1.35657
1.35609
1.35584
1.35554
1.35497
1.35415
1.35301
1.35138
1.3497
1.34857
1.34828
1.34922
1.35113
1.35377
1.35637
1.35866
1.35981
1.35974
1.35848
1.35651
1.35467
1.35326
1.3528
1.35328
1.35458
1.35674
1.35962
1.36262
1.36545
1.36785
1.36969
1.37084
1.37131
1.37106
1.37019
1.36884
1.36738
1.36607
1.36454
1.36314
1.36179
1.36043
1.35894
1.35742
1.35596
1.35457
1.35354
1.35312
1.35347
1.35501
1.35767
1.36139
1.36592
1.37103
1.37619
1.38087
1.38492
1.38816
1.39048
1.39196
1.3927
1.39265
1.39219
1.39153
1.39082
1.39037
1.39005
1.38993
1.38983
1.3896
1.38917
1.38839
1.38724
1.3858
1.38431
1.38301
1.38225
1.38242
1.38368
1.38636
1.39017
1.39485
1.40003
1.40511
1.40984
1.4138
1.41708
1.4195
1.42099
1.42174
1.42164
1.42089
1.41971
1.41826
1.4169
1.41569
1.41468
1.41349
1.41274
1.41205
1.41115
1.41
1.40872
1.40722
1.40545
1.40355
1.40158
1.39983
1.39848
1.39796
1.39817
1.39941
1.40138
1.40395
1.40702
1.41035
1.41367
1.41692
1.41989
1.42237
1.42441
1.42597
1.42687
1.42705
1.4266
1.42544
1.42328
1.42041
1.4169
1.41289
1.40851
1.40401
1.4001
1.39714
1.39547
1.39537
1.39672
1.39958
1.40322
1.40719
1.41125
1.41494
1.41806
1.42053
1.42238
1.42353
1.42402
1.42382
1.4229
1.42153
1.41986
1.41801
1.41614
1.41436
1.41285
1.41137
1.40994
1.40853
1.40692
1.40507
1.40278
1.4001
1.39682
1.39336
1.39007
1.38725
1.38558
1.38502
1.38603
1.38834
1.39178
1.39576
1.39998
1.40426
1.40853
1.41268
1.41659
1.42028
1.42364
1.42682
1.42945
1.43155
1.43271
1.43327
1.43314
1.43237
1.43088
1.42884
1.42632
1.42345
1.42038
1.41733
1.41445
1.41138
1.40806
1.40466
1.40097
1.39727
1.39417
1.392
1.39129
1.39235
1.39511
1.39892
1.40339
1.40762
1.41089
1.41263
1.41247
1.41022
1.40629
1.40108
1.39561
1.39111
1.38856
1.38886
1.39161
1.3959
1.40076
1.40522
1.40864
1.4111
1.4127
1.41374
1.41441
1.41463
1.41494
1.41524
1.41558
1.41623
1.41688
1.41765
1.41875
1.41981
1.42098
1.42192
1.42272
1.42336
1.42383
1.42397
1.42392
1.42349
1.42269
1.42183
1.42087
1.41993
1.41918
1.41869
1.41863
1.41908
1.42003
1.42143
1.42304
1.42492
1.42688
1.42904
1.43089
1.43258
1.43387
1.43501
1.43605
1.43658
1.43661
1.4363
1.43525
1.43337
1.43054
1.42662
1.42145
1.41513
1.40807
1.40095
1.39489
1.39083
1.38984
1.39214
1.39714
1.40386
1.41083
1.41705
1.42143
1.42378
1.4241
1.42309
1.42148
1.42
1.41885
1.41808
1.41703
1.41503
1.41163
1.40677
1.4007
1.39498
1.39164
1.39241
1.39783
1.40678
1.41712
1.42667
1.43426
1.43991
1.44375
1.44597
1.44709
1.44733
1.44715
1.44642
1.44533
1.4436
1.44138
1.43847
1.43468
1.42971
1.42369
1.41686
1.4099
1.40371
1.39943
1.39747
1.39823
1.40147
1.40621
1.41177
1.41744
1.4228
1.4277
1.43225
1.43619
1.43963
1.44268
1.44505
1.44659
1.44732
1.4474
1.44694
1.4457
1.44372
1.44097
1.43723
1.43255
1.42689
1.42068
1.41459
1.40943
1.40619
1.40502
1.40561
1.40749
1.40979
1.41206
1.41382
1.41495
1.41534
1.41545
1.4155
1.41539
1.41534
1.41515
1.41505
1.41498
1.41496
1.415
1.41505
1.41474
1.41398
1.4128
1.41116
1.40911
1.40655
1.40348
1.4004
1.39774
1.39542
1.394
1.39329
1.39319
1.39347
1.39394
1.39433
1.39452
1.39453
1.39454
1.39476
1.39529
1.39592
1.39704
1.39855
1.39999
1.40114
1.40174
1.40164
1.40062
1.39883
1.39608
1.393
1.39024
1.38855
1.38852
1.38984
1.3924
1.39558
1.39859
1.40116
1.40329
1.40464
1.40548
1.40586
1.40613
1.40634
1.4063
1.40614
1.40593
1.40547
1.40487
1.40407
1.40334
1.40241
1.40144
1.40024
1.39912
1.3978
1.39669
1.3958
1.39502
1.39425
1.39331
1.39264
1.39209
1.39163
1.39137
1.39124
1.39123
1.39123
1.39104
1.39066
1.39029
1.3894
1.38792
1.38558
1.38193
1.37727
1.37212
1.36738
1.3638
1.36224
1.36299
1.36541
1.36854
1.37135
1.37307
1.37376
1.37344
1.37253
1.37171
1.37189
1.37337
1.37623
1.38038
1.38519
1.39012
1.3943
1.3978
1.40046
1.40236
1.40309
1.40326
1.40308
1.4026
1.40187
1.40112
1.40027
1.3993
1.39833
1.39738
1.39657
1.39608
1.39583
1.3959
1.39608
1.3964
1.39673
1.39717
1.39754
1.3978
1.39798
1.39787
1.39742
1.3967
1.39581
1.39473
1.39359
1.39232
1.3914
1.3907
1.39031
1.39031
1.39054
1.39096
1.39147
1.39196
1.39247
1.39273
1.39278
1.39274
1.39275
1.39294
1.39351
1.39434
1.39543
1.39706
1.3991
1.40127
1.40364
1.40584
1.4077
1.40895
1.40904
1.40773
1.40489
1.40045
1.39432
1.38712
1.37994
1.37423
1.37171
1.37318
1.37836
1.38603
1.39458
1.40283
1.40985
1.41519
1.4189
1.4212
1.42239
1.42262
1.42209
1.421
1.41928
1.41732
1.41508
1.4125
1.40943
1.40615
1.40258
1.3988
1.39481
1.39058
1.38638
1.38236
1.37877
1.37596
1.3742
1.37353
1.3742
1.376
1.37865
1.38183
1.38555
1.38957
1.39357
1.3973
1.40042
1.40277
1.40436
1.4052
1.40529
1.40475
1.40342
1.40147
1.39931
1.39708
1.39505
1.39364
1.39291
1.39283
1.39332
1.39425
1.39525
1.39602
1.3965
1.39678
1.39681
1.39669
1.39641
1.39599
1.39538
1.39455
1.39346
1.39197
1.39011
1.38804
1.38576
1.38344
1.38122
1.3795
1.37854
1.37866
1.37989
1.38192
1.38434
1.38704
1.38972
1.39208
1.39404
1.39561
1.3967
1.39736
1.39741
1.39672
1.39507
1.39238
1.38841
1.38319
1.37705
1.37048
1.36463
1.36074
1.35963
1.36156
1.36594
1.37167
1.37736
1.38211
1.38549
1.38745
1.38785
1.38698
1.385
1.38217
1.3789
1.37566
1.37271
1.37039
1.36877
1.36791
1.36766
1.36799
1.36879
1.36975
1.37062
1.37143
1.37221
1.37288
1.37365
1.37451
1.37532
1.37615
1.37686
1.37737
1.37764
1.37737
1.37642
1.37486
1.37274
1.37034
1.36823
1.3671
1.36755
1.3697
1.37336
1.37783
1.3823
1.3861
1.38885
1.3903
1.39041
1.38912
1.38645
1.38278
1.37854
1.3745
1.37147
1.37003
1.37074
1.37299
1.37605
1.37908
1.38137
1.38257
1.38251
1.38118
1.37907
1.3766
1.37408
1.37176
1.36974
1.36799
1.36653
1.36497
1.36343
1.36171
1.35985
1.35827
1.35699
1.35621
1.35586
1.35589
1.35609
1.35626
1.35639
1.35623
1.35606
1.35591
1.35596
1.35654
1.35787
1.35974
1.36236
1.36524
1.36829
1.37103
1.3734
1.3754
1.37688
1.37789
1.37847
1.37862
1.37849
1.37837
1.37817
1.37806
1.37831
1.3789
1.37963
1.38063
1.38183
1.38297
1.38404
1.38487
1.38545
1.386
1.38652
1.38714
1.38782
1.38837
1.38876
1.38914
1.38942
1.38961
1.38974
1.38966
1.38945
1.38928
1.38885
1.38829
1.38759
1.38667
1.38576
1.38483
1.38391
1.38319
1.38267
1.38247
1.38257
1.38299
1.38378
1.38483
1.38609
1.38742
1.38887
1.39037
1.39182
1.3932
1.39457
1.39597
1.3975
1.39907
1.40047
1.40173
1.40288
1.40369
1.40402
1.40375
1.40287
1.40128
1.399
1.39623
1.39326
1.39077
1.38946
1.38998
1.39223
1.39584
1.39999
1.40386
1.40675
1.40815
1.40794
1.40619
1.40308
1.39879
1.39381
1.38858
1.38358
1.37928
1.37603
1.3744
1.37478
1.37699
1.38057
1.38453
1.38853
1.39227
1.39578
1.39946
1.40345
1.40787
1.41239
1.4167
1.42052
1.42386
1.42659
1.42849
1.42965
1.43016
1.43007
1.42924
1.42745
1.42486
1.42113
1.41632
1.41002
1.4022
1.39309
1.38309
1.37344
1.36571
1.36171
1.3621
1.36637
1.37301
1.38027
1.38733
1.39352
1.39897
1.40388
1.40802
1.41181
1.4148
1.41699
1.41831
1.41892
1.41901
1.41848
1.41744
1.41567
1.41346
1.41106
1.40845
1.40574
1.4028
1.39957
1.39578
1.3916
1.38731
1.38385
1.3825
1.38359
1.38714
1.39203
1.39742
1.40242
1.40659
1.40977
1.41211
1.41369
1.41478
1.41547
1.4156
1.41523
1.41423
1.41255
1.41043
1.40786
1.40542
1.4037
1.40295
1.40336
1.40511
1.40804
1.4116
1.41531
1.41881
1.4219
1.42448
1.42646
1.42802
1.42895
1.42944
1.42943
1.42895
1.42801
1.42683
1.42553
1.42414
1.42248
1.42107
1.41968
1.41842
1.41742
1.41658
1.41592
1.41531
1.4148
1.41436
1.41411
1.4139
1.41356
1.41296
1.41216
1.41128
1.41041
1.40984
1.40982
1.41019
1.41072
1.4109
1.4106
1.40962
1.40797
1.40584
1.40353
1.40162
1.4
1.39907
1.39849
1.39849
1.39889
1.39973
1.4008
1.40236
1.40416
1.4061
1.40813
1.41008
1.41185
1.41356
1.41515
1.41632
1.41703
1.41723
1.41694
1.41591
1.41423
1.41204
1.40956
1.40754
1.40628
1.40635
1.40786
1.41054
1.41384
1.4173
1.42046
1.42313
1.42517
1.4266
1.4276
1.42789
1.42774
1.4272
1.4263
1.42519
1.42403
1.42266
1.42124
1.4199
1.41889
1.41823
1.41789
1.41802
1.4188
1.41988
1.4213
1.42246
1.42327
1.42357
1.4233
1.42211
1.42007
1.4171
1.41358
1.40993
1.40657
1.40415
1.40313
1.40378
1.40604
1.40956
1.41395
1.41842
1.42248
1.42585
1.42846
1.4302
1.43122
1.43176
1.43206
1.43199
1.43164
1.43113
1.43037
1.42924
1.42815
1.42693
1.42543
1.42365
1.42163
1.41959
1.41766
1.41588
1.41435
1.41345
1.41292
1.41297
1.41365
1.41493
1.41664
1.41866
1.42091
1.42328
1.42535
1.4272
1.4289
1.4304
1.43178
1.43301
1.43386
1.4343
1.43413
1.43306
1.43089
1.4276
1.42323
1.41805
1.41276
1.40867
1.40652
1.40681
1.40884
1.41217
1.41566
1.41824
1.41962
1.41982
1.41903
1.41739
1.41531
1.41324
1.41171
1.4112
1.41205
1.41412
1.41741
1.42142
1.42598
1.4306
1.43486
1.43858
1.4417
1.44418
1.44617
1.44788
1.44886
1.44924
1.44938
1.44901
1.4481
1.4466
1.44464
1.4423
1.43956
1.43656
1.43353
1.43087
1.42858
1.42711
1.4262
1.42555
1.42506
1.42408
1.42216
1.41895
1.41424
1.40876
1.40387
1.4011
1.40135
1.4043
1.40902
1.41405
1.41846
1.42198
1.42439
1.42566
1.4263
1.42628
1.42615
1.42594
1.42632
1.42741
1.42922
1.43137
1.43383
1.4364
1.43866
1.44064
1.4421
1.44282
1.44283
1.44218
1.44096
1.43921
1.43708
1.43454
1.43156
1.42842
1.42526
1.42256
1.42061
1.41967
1.41978
1.42071
1.42227
1.42389
1.42534
1.42641
1.4273
1.42814
1.42905
1.43016
1.43128
1.43231
1.43319
1.43387
1.43406
1.4336
1.43231
1.43052
1.4284
1.42608
1.42397
1.42245
1.42189
1.42241
1.424
1.42625
1.42871
1.4309
1.43269
1.43376
1.43397
1.43328
1.43168
1.42931
1.42625
1.42288
1.41963
1.41705
1.41554
1.41533
1.41638
1.41846
1.42117
1.42423
1.42734
1.43028
1.43291
1.43513
1.43703
1.43861
1.43983
1.44078
1.44139
1.44184
1.44201
1.44191
1.44171
1.44136
1.44073
1.43999
1.43898
1.43779
1.43664
1.4355
1.43436
1.43308
1.43169
1.43004
1.42815
1.42594
1.42358
1.42136
1.41965
1.41857
1.41819
1.41864
1.41962
1.42083
1.42183
1.42251
1.42291
1.42302
1.42295
1.42276
1.42314
1.4244
1.42663
1.42937
1.43259
1.43587
1.43898
1.44164
1.44359
1.44479
1.44498
1.44486
1.44469
1.44443
1.44447
1.44458
1.44505
1.4458
1.44621
1.44638
1.44611
1.44532
1.44394
1.44187
1.43916
1.43622
1.43342
1.43107
1.42934
1.42857
1.42847
1.42914
1.43003
1.43108
1.43191
1.4322
1.43204
1.4313
1.43013
1.42869
1.42709
1.4255
1.42395
1.42233
1.42099
1.41981
1.41884
1.41768
1.41601
1.41376
1.4109
1.40779
1.4046
1.40231
1.40145
1.40258
1.40518
1.40846
1.41168
1.41428
1.41635
1.41779
1.41869
1.41907
1.4191
1.41897
1.41888
1.41863
1.41864
1.41879
1.41896
1.41917
1.4193
1.41934
1.41906
1.41857
1.41792
1.41714
1.41626
1.4153
1.41445
1.41375
1.41339
1.41348
1.41393
1.41478
1.41577
1.41696
1.41811
1.41914
1.42008
1.42068
1.42106
1.42113
1.42092
1.42051
1.42004
1.41944
1.41868
1.41787
1.4171
1.41636
1.41581
1.41556
1.41537
1.41521
1.41497
1.41463
1.41427
1.41382
1.41313
1.41225
1.41107
1.40955
1.4075
1.40481
1.40147
1.39767
1.39379
1.39046
1.38814
1.38751
1.38878
1.39153
1.39499
1.39837
1.40098
1.40236
1.40211
1.40006
1.39647
1.39194
1.3875
1.38399
1.3821
1.38213
1.38377
1.38619
1.38874
1.39118
1.3932
1.39487
1.39621
1.39776
1.39943
1.40123
1.40285
1.40409
1.40512
1.40584
1.40616
1.40608
1.40571
1.405
1.40388
1.4025
1.40075
1.39863
1.39612
1.39317
1.38978
1.38631
1.3824
1.3784
1.3747
1.37134
1.36865
1.36699
1.36634
1.36677
1.36835
1.37087
1.37392
1.37732
1.38063
1.38358
1.38604
1.38782
1.38893
1.38911
1.38844
1.38708
1.3853
1.38316
1.38107
1.37953
1.37856
1.37869
1.37983
1.38189
1.3847
1.38785
1.39111
1.3942
1.39675
1.39876
1.40013
1.40097
1.40123
1.40083
1.39943
1.39724
1.39417
1.39021
1.38534
1.37976
1.37339
1.36637
1.35907
1.35209
1.3463
1.34237
1.34071
1.34116
1.34322
1.3461
1.34959
1.35355
1.35827
1.36379
1.36988
1.37618
1.38206
1.3872
1.39148
1.39481
1.39733
1.39904
1.40008
1.40053
1.40077
1.40083
1.40041
1.39974
1.39909
1.39844
1.39782
1.39731
1.39679
1.39621
1.39564
1.39515
1.39468
1.39427
1.39403
1.39389
1.39377
1.39359
1.39342
1.39333
1.39336
1.39351
1.39371
1.39406
1.39442
1.39484
1.39541
1.39611
1.39702
1.39802
1.39911
1.4
1.40059
1.40082
1.40053
1.39954
1.39776
1.39528
1.39221
1.38882
1.38513
1.38141
1.37814
1.37591
1.37543
1.37693
1.38
1.38421
1.38871
1.39273
1.39594
1.39833
1.40017
1.40167
1.40284
1.40371
1.40393
1.40326
1.40186
1.39993
1.39801
1.39701
1.39728
1.39889
1.40127
1.40388
1.40598
1.40675
1.40634
1.40505
1.40355
1.40211
1.40114
1.40099
1.40145
1.40243
1.40355
1.405
1.40633
1.40732
1.40798
1.40858
1.40893
1.40912
1.40899
1.40873
1.40816
1.40739
1.40641
1.40548
1.40444
1.40358
1.40301
1.40262
1.40247
1.40261
1.40294
1.40356
1.4044
1.40541
1.40628
1.40685
1.40707
1.40723
1.40722
1.40706
1.40664
1.40612
1.40549
1.40464
1.40372
1.4027
1.40142
1.39971
1.39779
1.39582
1.39401
1.39211
1.39019
1.38828
1.3864
1.38466
1.38319
1.38197
1.38126
1.38091
1.38096
1.38132
1.38191
1.38267
1.38367
1.38486
1.38612
1.38741
1.38861
1.38984
1.39103
1.39234
1.39356
1.39458
1.39539
1.39602
1.39641
1.39689
1.39741
1.39817
1.39914
1.40041
1.40193
1.40385
1.40565
1.40766
1.40955
1.41107
1.4125
1.41352
1.41415
1.41467
1.41499
1.41529
1.41547
1.41546
1.41492
1.41422
1.41335
1.41222
1.41099
1.40975
1.40857
1.40777
1.40773
1.40838
1.40961
1.41112
1.41296
1.41489
1.41618
1.41655
1.41569
1.41283
1.40752
1.40051
1.3937
1.38922
1.38969
1.39572
1.40557
1.41559
1.42334
1.42759
1.42788
1.42448
1.41776
1.4087
1.39897
1.39065
1.38517
1.38348
1.38509
1.38912
1.39449
1.40078
1.40737
1.41397
1.42003
1.42526
1.42971
1.43338
1.43672
1.43994
1.44298
1.44569
1.4481
1.45021
1.45191
1.45295
1.45339
1.45295
1.45185
1.45007
1.44746
1.44404
1.43958
1.43437
1.4286
1.42252
1.41685
1.41231
1.40954
1.40885
1.41005
1.41246
1.41502
1.41694
1.4176
1.41696
1.41535
1.41345
1.41225
1.4128
1.41588
1.42122
1.42809
1.43549
1.44242
1.44844
1.45261
1.4547
1.45443
1.45171
1.44719
1.44209
1.43816
1.43757
1.44085
1.44748
1.45541
1.4631
1.46974
1.47482
1.47853
1.48087
1.4823
1.48285
1.48277
1.48236
1.48133
1.47972
1.47754
1.47458
1.47094
1.46678
1.46235
1.45867
1.45649
1.45609
1.45773
1.46087
1.46507
1.46951
1.47359
1.47718
1.4799
1.48175
1.48287
1.48321
1.4823
1.48069
1.47813
1.47449
1.46994
1.46498
1.46014
1.45583
1.45223
1.44977
1.44832
1.44757
1.44797
1.44894
1.45017
1.4516
1.45269
1.45339
1.45396
1.45428
1.45451
1.45531
1.4565
1.45802
1.45955
1.46132
1.46318
1.46525
1.46746
1.46976
1.47193
1.47382
1.47503
1.4758
1.47576
1.47494
1.4729
1.46949
1.46498
1.45929
1.45282
1.44595
1.43953
1.43405
1.43006
1.42749
1.42635
1.42635
1.4272
1.42865
1.43058
1.43276
1.43506
1.43737
1.43946
1.44138
1.44294
1.44413
1.44488
1.44514
1.44489
1.44431
1.44355
1.44252
1.44117
1.43956
1.43756
1.43528
1.43257
1.4294
1.42587
1.42209
1.4184
1.41512
1.41255
1.41084
1.41007
1.40999
1.41038
1.41098
1.41169
1.41214
1.4124
1.41239
1.4124
1.41243
1.41257
1.41279
1.4132
1.41374
1.41448
1.41534
1.41626
1.41715
1.41801
1.41889
1.41957
1.42004
1.42051
1.42113
1.42177
1.42245
1.42341
1.42437
1.42544
1.42647
1.42723
1.42751
1.42721
1.42628
1.42471
1.42248
1.41961
1.41638
1.41322
1.41052
1.40872
1.40798
1.4085
1.41003
1.41196
1.41371
1.41516
1.416
1.41635
1.4162
1.41567
1.41492
1.41421
1.41377
1.41362
1.41375
1.41388
1.4138
1.41315
1.41186
1.41003
1.40784
1.40597
1.40502
1.40514
1.4063
1.40839
1.41102
1.41401
1.4172
1.42045
1.4235
1.42624
1.42855
1.43045
1.43177
1.43249
1.43284
1.43267
1.43198
1.43099
1.42959
1.42792
1.42615
1.42427
1.42239
1.42048
1.41866
1.4175
1.41688
1.41639
1.41644
1.41679
1.41754
1.41833
1.41897
1.41962
1.42023
1.42066
1.42075
1.42046
1.41995
1.4192
1.41846
1.41799
1.41827
1.41889
1.42016
1.42172
1.42338
1.42503
1.42597
1.42608
1.42513
1.42341
1.4208
1.41756
1.41407
1.41055
1.40764
1.40581
1.40519
1.40581
1.4075
1.41025
1.41355
1.41696
1.41986
1.42177
1.42224
1.42138
1.41895
1.41536
1.41144
1.4076
1.40486
1.40366
1.40426
1.40661
1.40993
1.41346
1.41682
1.41963
1.42183
1.42335
1.42423
1.42471
1.42497
1.42509
1.42515
1.4251
1.42467
1.424
1.42321
1.42225
1.42122
1.41992
1.41844
1.41667
1.4146
1.41205
1.40897
1.40536
1.40123
1.39682
1.39251
1.389
1.38704
1.38691
1.3885
1.3915
1.39489
1.39822
1.40077
1.4026
1.40382
1.40469
1.40534
1.40598
1.40653
1.40719
1.40816
1.40939
1.41115
1.41312
1.4153
1.41746
1.41941
1.4212
1.42285
1.42418
1.42534
1.42633
1.42717
1.42789
1.42829
1.42846
1.4284
1.42797
1.42727
1.42615
1.42459
1.42262
1.42013
1.41717
1.41392
1.41064
1.40748
1.40477
1.40256
1.40129
1.40095
1.40135
1.40249
1.4039
1.40546
1.40682
1.40792
1.40887
1.40978
1.41055
1.41137
1.41206
1.41268
1.4135
1.41459
1.41577
1.41678
1.41729
1.41742
1.4171
1.41627
1.4148
1.4124
1.40902
1.40444
1.39873
1.39206
1.38464
1.37698
1.37025
1.36555
1.36353
1.36438
1.36787
1.3733
1.37959
1.38585
1.39163
1.39684
1.40148
1.40535
1.40854
1.41106
1.4132
1.41483
1.41597
1.41678
1.41728
1.41762
1.41766
1.4177
1.41726
1.41651
1.41505
1.41302
1.41024
1.40661
1.40217
1.39675
1.39054
1.38382
1.3772
1.37108
1.36601
1.36275
1.36142
1.36189
1.36395
1.36733
1.37185
1.37682
1.38181
1.38641
1.39038
1.39373
1.39626
1.39816
1.39957
1.40062
1.40145
1.4023
1.40334
1.40456
1.40566
1.40659
1.40719
1.40762
1.40794
1.40773
1.40704
1.40603
1.40483
1.40339
1.40188
1.40045
1.39948
1.39927
1.39973
1.40093
1.40271
1.40481
1.40706
1.40939
1.41136
1.41278
1.41349
1.41331
1.41194
1.40921
1.40488
1.39911
1.39234
1.38529
1.37873
1.37345
1.37028
1.37011
1.37392
1.3818
1.39239
1.40358
1.41361
1.42132
1.42629
1.42871
1.42919
1.4282
1.42567
1.42175
1.41707
1.41194
1.4069
1.40285
1.40035
1.39955
1.40039
1.40237
1.40518
1.40836
1.41153
1.41444
1.41673
1.4183
1.41926
1.41946
1.41915
1.41847
1.4174
1.41624
1.4152
1.41437
1.41388
1.41358
1.41371
1.41437
1.41543
1.417
1.4189
1.42095
1.42307
1.42518
1.42702
1.42852
1.42969
1.43027
1.4304
1.43003
1.42921
1.42807
1.42648
1.42481
1.42314
1.42183
1.42115
1.4213
1.42222
1.42365
1.42559
1.42778
1.42998
1.43216
1.43423
1.43608
1.43749
1.43832
1.43888
1.43935
1.43955
1.43969
1.43953
1.43925
1.43891
1.43837
1.43757
1.43634
1.43467
1.43278
1.43112
1.4301
1.43053
1.43305
1.43762
1.4436
1.45016
1.45649
1.46191
1.46619
1.46922
1.47092
1.47146
1.471
1.46961
1.46745
1.46476
1.46143
1.45724
1.45231
1.44712
1.44243
1.439
1.43759
1.43832
1.44098
1.44493
1.44929
1.4536
1.45733
1.46039
1.46305
1.46534
1.46722
1.46875
1.47012
1.47114
1.47195
1.47243
1.47276
1.4729
1.47277
1.47251
1.47212
1.47163
1.47106
1.47026
1.46912
1.46759
1.46573
1.46338
1.46059
1.45745
1.45428
1.45162
1.44989
1.4494
1.45018
1.45191
1.45395
1.45566
1.45644
1.4553
1.45186
1.44581
1.43738
1.42766
1.41854
1.41235
1.41124
1.41647
1.42656
1.43858
1.44965
1.45794
1.46338
1.46646
1.46801
1.46876
1.46909
1.46915
1.46893
1.46857
1.46808
1.46721
1.46548
1.46304
1.45964
1.45526
1.45011
1.44465
1.43921
1.43464
1.43178
1.43094
1.43212
1.43479
1.43824
1.44171
1.44489
1.44767
1.45001
1.45186
1.45319
1.45402
1.45443
1.45453
1.45451
1.45418
1.45366
1.45307
1.45266
1.4523
1.45219
1.45244
1.45279
1.45326
1.45383
1.4543
1.45505
1.45571
1.45608
1.45595
1.45516
1.45348
1.45028
1.44552
1.43919
1.4317
1.42403
1.4178
1.41484
1.41589
1.42008
1.42573
1.43129
1.43576
1.43887
1.44057
1.44089
1.44006
1.4381
1.4351
1.43094
1.42589
1.42015
1.41431
1.40905
1.40511
1.40328
1.40334
1.40481
1.40665
1.40795
1.40807
1.40718
1.4058
1.40478
1.40476
1.40582
1.40782
1.40974
1.41141
1.41233
1.41267
1.41282
1.41371
1.41591
1.41961
1.42427
1.42902
1.43355
1.43731
1.44015
1.44225
1.4436
1.44435
1.44481
1.44506
1.44492
1.44424
1.44349
1.44239
1.44103
1.4394
1.43733
1.43467
1.43143
1.42762
1.42365
1.42026
1.41805
1.41795
1.42027
1.42471
1.43028
1.43617
1.44148
1.44575
1.44883
1.45089
1.45196
1.45224
1.45191
1.45113
1.44996
1.44875
1.4477
1.44709
1.44712
1.44775
1.44897
1.45076
1.45281
1.45495
1.4571
1.45919
1.46119
1.46299
1.46446
1.46583
1.46692
1.46772
1.46831
1.46875
1.46903
1.46898
1.46865
1.46836
1.46791
1.46739
1.46656
1.46551
1.46433
1.46313
1.46194
1.46093
1.46055
1.46114
1.46281
1.46544
1.46878
1.47222
1.4756
1.47852
1.48098
1.48275
1.48383
1.4842
1.4838
1.48279
1.48126
1.47923
1.47682
1.47417
1.47163
1.46956
1.46818
1.46743
1.46749
1.46794
1.46834
1.46835
1.46798
1.46696
1.46507
1.46257
1.45929
1.45573
1.45255
1.44988
1.44837
1.4483
1.44975
1.45265
1.45615
1.46004
1.46387
1.46701
1.4695
1.47105
1.47151
1.47045
1.46798
1.46404
1.45843
1.45143
1.44336
1.4349
1.42701
1.42037
1.41548
1.41243
1.41087
1.41023
1.4104
1.41153
1.41389
1.4175
1.42186
1.42645
1.43059
1.43417
1.43738
1.44022
1.44297
1.44552
1.4477
1.44961
1.45089
1.45129
1.45109
1.45025
1.44904
1.44733
1.44535
1.44304
1.44047
1.43726
1.43372
1.42996
1.4266
1.42445
1.42403
1.42576
1.42938
1.43422
1.43938
1.44418
1.44826
1.45128
1.45317
1.45434
1.45494
1.45505
1.45479
1.45431
1.45343
1.45247
1.45126
1.44975
1.44836
1.44695
1.44564
1.44431
1.44333
1.44283
1.44293
1.44371
1.44494
1.44669
1.44857
1.45042
1.45201
1.45325
1.45426
1.45475
1.45495
1.45487
1.45427
1.45362
1.45293
1.45219
1.45149
1.45083
1.4502
1.44976
1.4494
1.44909
1.44903
1.44903
1.4494
1.45017
1.45127
1.45297
1.45498
1.45716
1.45963
1.46202
1.46422
1.46597
1.46711
1.4679
1.46793
1.46719
1.46555
1.4632
1.46013
1.45686
1.45382
1.45159
1.4506
1.4506
1.45175
1.45369
1.45588
1.45775
1.45877
1.45885
1.45761
1.45524
1.45194
1.44797
1.44365
1.43956
1.43649
1.43518
1.43591
1.43835
1.44219
1.44658
1.45079
1.45377
1.45513
1.45508
1.45408
1.4524
1.45057
1.44926
1.44916
1.45064
1.45337
1.45727
1.46192
1.46681
1.47132
1.47509
1.47814
1.48039
1.48162
1.48189
1.48127
1.47995
1.47767
1.47462
1.47047
1.46542
1.45938
1.45276
1.44614
1.44018
1.43595
1.43434
1.43543
1.43909
1.44469
1.4513
1.45793
1.46397
1.4692
1.4735
1.47685
1.47953
1.48135
1.4826
1.48324
1.48363
1.48352
1.48303
1.48212
1.48126
1.4805
1.47988
1.47956
1.47928
1.47921
1.47908
1.47881
1.47809
1.47682
1.4746
1.47119
1.46643
1.46051
1.4538
1.44725
1.44194
1.43906
1.43921
1.44239
1.44751
1.45308
1.45814
1.46178
1.46362
1.46389
1.46272
1.46052
1.4575
1.45389
1.45005
1.44638
1.44321
1.44123
1.44079
1.44194
1.44434
1.44744
1.45068
1.45372
1.45632
1.45824
1.45951
1.4604
1.46067
1.46079
1.46056
1.4599
1.45898
1.45813
1.45733
1.45705
1.45738
1.45821
1.45954
1.46083
1.46202
1.46293
1.4633
1.46312
1.46222
1.46072
1.45893
1.45707
1.45522
1.45351
1.45212
1.45112
1.45055
1.45044
1.45074
1.45149
1.45248
1.45378
1.45514
1.4567
1.45829
1.4598
1.46118
1.46237
1.46332
1.46413
1.46495
1.46569
1.46638
1.46736
1.46867
1.47016
1.47179
1.47361
1.47541
1.47701
1.4786
1.47966
1.48033
1.48083
1.4809
1.48031
1.47938
1.47784
1.47576
1.47332
1.4705
1.46744
1.46415
1.46068
1.45737
1.45446
1.45256
1.45232
1.45406
1.45803
1.46387
1.47122
1.47931
1.48723
1.49459
1.50086
1.50584
1.50945
1.51159
1.51268
1.51274
1.51146
1.50882
1.50504
1.50038
1.4954
1.49064
1.48697
1.485
1.48452
1.48439
1.48293
1.47827
1.46998
1.45855
1.4473
1.44128
1.44387
1.45441
1.46786
1.47962
1.4877
1.49202
1.4936
1.49321
1.49201
1.49032
1.48856
1.4869
1.48571
1.48488
1.48445
1.48419
1.48398
1.48351
1.48315
1.48284
1.48231
1.48181
1.4816
1.48162
1.482
1.4824
1.48296
1.4835
1.48394
1.48421
1.48411
1.48329
1.48196
1.48013
1.4777
1.47536
1.47318
1.47117
1.46918
1.46687
1.46363
1.45916
1.45368
1.44868
1.44596
1.44648
1.45034
1.45604
1.46195
1.46657
1.46944
1.47038
1.4696
1.46755
1.4648
1.46176
1.45916
1.45722
1.45621
1.45623
1.45717
1.45873
1.46049
1.46214
1.46349
1.46447
1.46518
1.46554
1.46568
1.46586
1.4661
1.4663
1.46641
1.46647
1.46613
1.4656
1.46481
1.46396
1.46324
1.46257
1.46235
1.46273
1.46364
1.4653
1.4677
1.47061
1.47378
1.47714
1.48031
1.48296
1.48503
1.48676
1.48791
1.4881
1.48733
1.48554
1.48267
1.47882
1.47402
1.4685
1.46282
1.45731
1.4528
1.44989
1.44897
1.45017
1.45324
1.45792
1.46367
1.47007
1.47669
1.4829
1.48847
1.49311
1.49667
1.49901
1.50006
1.5
1.49931
1.498
1.49624
1.49456
1.49276
1.49145
1.49055
1.49005
1.48982
1.4893
1.48869
1.48786
1.48666
1.48529
1.48393
1.48288
1.48223
1.48205
1.48246
1.48355
1.48514
1.48709
1.48927
1.4913
1.49304
1.49422
1.49498
1.49526
1.49504
1.49436
1.49352
1.49235
1.49099
1.48946
1.48793
1.4868
1.48608
1.48567
1.48571
1.48579
1.48573
1.48555
1.48519
1.4848
1.48431
1.48396
1.48399
1.48438
1.48483
1.48536
1.48559
1.48544
1.48505
1.4842
1.48283
1.48124
1.47951
1.47763
1.47564
1.47385
1.47237
1.47095
1.46995
1.4693
1.46874
1.46826
1.46776
1.46706
1.46615
1.46499
1.46379
1.46233
1.46052
1.459
1.45776
1.45711
1.45708
1.45775
1.45898
1.46067
1.46229
1.46387
1.46513
1.46617
1.46682
1.46717
1.4671
1.46668
1.46596
1.46508
1.46389
1.46247
1.46084
1.45893
1.45655
1.45354
1.44962
1.44491
1.43941
1.43356
1.42832
1.42486
1.42414
1.42636
1.43093
1.4366
1.44246
1.44764
1.45184
1.45493
1.4571
1.45866
1.45967
1.4603
1.4605
1.46057
1.46052
1.46034
1.46004
1.45948
1.45844
1.45687
1.45466
1.45193
1.449
1.44653
1.44499
1.44506
1.44683
1.45011
1.4541
1.4581
1.46138
1.46363
1.46521
1.46654
1.46815
1.47059
1.47414
1.47866
1.48359
1.48856
1.49319
1.49716
1.50006
1.5018
1.50216
1.50097
1.49813
1.49383
1.48867
1.48347
1.47957
1.47811
1.47962
1.4835
1.48869
1.4938
1.49819
1.50156
1.50408
1.50584
1.50707
1.50832
1.50928
1.51051
1.51178
1.51304
1.51422
1.51538
1.51636
1.51683
1.5166
1.51568
1.51423
1.51212
1.50946
1.50654
1.50363
1.50104
1.49905
1.49787
1.49762
1.4985
1.50036
1.50339
1.50701
1.51133
1.51575
1.52
1.52382
1.52699
1.52944
1.53132
1.53242
1.53298
1.53331
1.5335
1.53375
1.53424
1.53476
1.53552
1.53642
1.53707
1.53745
1.53751
1.53727
1.53659
1.53543
1.53396
1.53219
1.53034
1.52852
1.52678
1.52518
1.52367
1.5222
1.52041
1.51838
1.51627
1.51411
1.51205
1.51029
1.50915
1.50859
1.50847
1.50894
1.5099
1.51121
1.51272
1.51438
1.51625
1.5183
1.52027
1.52221
1.5242
1.52603
1.52775
1.52925
1.53066
1.5319
1.533
1.53374
1.53457
1.53524
1.53556
1.53551
1.53543
1.53486
1.5338
1.53222
1.52993
1.52713
1.52375
1.51972
1.51533
1.51073
1.50609
1.50164
1.49777
1.49467
1.49225
1.49057
1.48947
1.48891
1.48912
1.48999
1.49174
1.49412
1.49708
1.50018
1.5031
1.5058
1.50793
1.50926
1.50993
1.50979
1.50894
1.50754
1.50627
1.50547
1.50532
1.50599
1.50754
1.50986
1.51246
1.5149
1.51714
1.51895
1.52032
1.52116
1.52132
1.52075
1.51968
1.51799
1.51575
1.51304
1.5098
1.50621
1.50226
1.49824
1.4941
1.48978
1.48555
1.48161
1.47801
1.47492
1.47276
1.47182
1.47212
1.47394
1.47715
1.48106
1.48533
1.48957
1.49344
1.49665
1.49929
1.50113
1.50215
1.50254
1.50249
1.50205
1.50113
1.49991
1.49852
1.49705
1.49557
1.49412
1.49286
1.49168
1.49051
1.48936
1.48827
1.48753
1.48724
1.48753
1.48822
1.48953
1.49119
1.49317
1.49519
1.49684
1.49788
1.49839
1.49828
1.49755
1.49652
1.49523
1.49426
1.49381
1.49408
1.49502
1.4964
1.49783
1.49923
1.49998
1.49983
1.49858
1.49607
1.49207
1.48703
1.48127
1.47573
1.47161
1.46969
1.47031
1.47253
1.47471
1.47528
1.4737
1.47
1.46513
1.46067
1.45852
1.45993
1.46478
1.47146
1.47869
1.48542
1.49125
1.49608
1.49981
1.50229
1.50393
1.50472
1.50458
1.50316
1.50063
1.49678
1.49238
1.48799
1.48403
1.48129
1.47943
1.47831
1.47723
1.47595
1.47427
1.47242
1.47062
1.46948
1.4704
1.47414
1.4807
1.48913
1.4978
1.50528
1.51132
1.51552
1.51789
1.51886
1.51887
1.51804
1.51676
1.51551
1.51444
1.51401
1.51425
1.51533
1.51731
1.51954
1.52194
1.52414
1.52575
1.52659
1.52655
1.52547
1.52311
1.5194
1.51423
1.50763
1.50012
1.49193
1.48367
1.47621
1.47003
1.4659
1.46403
1.46442
1.46693
1.47103
1.47631
1.4822
1.48816
1.49383
1.49893
1.50359
1.50758
1.5112
1.51447
1.5167
1.51803
1.51838
1.51757
1.51507
1.51098
1.50535
1.49826
1.49035
1.48312
1.47811
1.47649
1.4783
1.48274
1.48842
1.49401
1.49861
1.50203
1.50429
1.50564
1.50637
1.5065
1.50625
1.50582
1.50552
1.50521
1.50518
1.50552
1.50597
1.50653
1.50706
1.50765
1.50847
1.50918
1.50969
1.50995
1.50973
1.50887
1.50734
1.50495
1.50181
1.49785
1.49313
1.48828
1.48371
1.47975
1.4767
1.47493
1.47462
1.47586
1.47848
1.48203
1.48595
1.48945
1.49189
1.49309
1.49339
1.49326
1.49336
1.49428
1.49619
1.49855
1.50111
1.50342
1.50516
1.50667
1.50764
1.50812
1.50806
1.50765
1.50693
1.50609
1.50508
1.50386
1.50234
1.50092
1.49977
1.49873
1.49783
1.49722
1.49692
1.49666
1.49669
1.49681
1.49711
1.49736
1.49782
1.49829
1.49878
1.49911
1.49955
1.50016
1.50054
1.5009
1.50119
1.50133
1.50103
1.50058
1.50018
1.49996
1.5
1.50039
1.50106
1.50199
1.50312
1.50438
1.50572
1.50705
1.50805
1.50891
1.50963
1.50994
1.50961
1.50872
1.50724
1.50535
1.50304
1.50018
1.4971
1.49435
1.4923
1.49129
1.49162
1.4933
1.49593
1.49904
1.50213
1.50467
1.50624
1.50668
1.50618
1.50489
1.50356
1.5026
1.50234
1.50315
1.50524
1.50772
1.51012
1.51184
1.51267
1.51228
1.51072
1.50855
1.50628
1.50447
1.50374
1.50427
1.50592
1.50861
1.51157
1.51462
1.51759
1.52005
1.52211
1.52382
1.52517
1.52644
1.52748
1.52833
1.52927
1.53038
1.53113
1.53174
1.53212
1.53228
1.53238
1.53224
1.53194
1.53165
1.53136
1.53111
1.53076
1.53029
1.52977
1.52935
1.52889
1.52846
1.52834
1.52833
1.52878
1.52947
1.53038
1.53152
1.53309
1.53493
1.53691
1.53912
1.54136
1.54347
1.54517
1.54639
1.54711
1.54738
1.5472
1.54673
1.54604
1.54546
1.54454
1.54365
1.54293
1.54207
1.54113
1.54003
1.53885
1.53754
1.53663
1.53625
1.53651
1.53759
1.53939
1.5418
1.54496
1.54808
1.55112
1.55373
1.55578
1.55733
1.55814
1.55841
1.55834
1.55814
1.55799
1.55832
1.55915
1.56057
1.56234
1.56435
1.56626
1.56767
1.56857
1.56909
1.56928
1.56897
1.56854
1.56821
1.56814
1.56855
1.56925
1.5701
1.57087
1.57131
1.57137
1.57038
1.56833
1.56537
1.56187
1.55819
1.55455
1.5513
1.54819
1.54524
1.54218
1.53889
1.53538
1.53192
1.52889
1.52671
1.52562
1.52602
1.52813
1.53183
1.53674
1.54253
1.54876
1.55478
1.56039
1.5654
1.56957
1.57282
1.57538
1.57727
1.57841
1.57912
1.57936
1.57928
1.57874
1.57798
1.57729
1.57637
1.57538
1.57436
1.57318
1.57191
1.5707
1.56938
1.56805
1.56696
1.566
1.56513
1.56434
1.56353
1.56287
1.56229
1.56182
1.56137
1.56083
1.56021
1.55953
1.55889
1.5581
1.5571
1.55585
1.55442
1.55296
1.55163
1.55046
1.54943
1.54846
1.54783
1.54712
1.54616
1.54488
1.54313
1.54123
1.5392
1.53731
1.53567
1.53435
1.53349
1.53349
1.53456
1.53706
1.54093
1.54542
1.55006
1.55432
1.55804
1.56087
1.56286
1.56442
1.5657
1.56678
1.56759
1.56796
1.56816
1.56821
1.56818
1.56797
1.56742
1.56614
1.56402
1.56061
1.5554
1.54821
1.53933
1.52974
1.52133
1.51588
1.51457
1.51729
1.52232
1.52787
1.5326
1.53611
1.53863
1.5404
1.54204
1.54383
1.54628
1.54905
1.55199
1.55466
1.55684
1.55845
1.55933
1.55957
1.55942
1.55902
1.55853
1.5583
1.5587
1.55931
1.56023
1.56149
1.56297
1.56453
1.56598
1.56729
1.5685
1.56963
1.57066
1.57152
1.57217
1.57273
1.57327
1.57369
1.57395
1.57433
1.5746
1.57486
1.57521
1.57546
1.5757
1.57595
1.57628
1.57651
1.57683
1.5766
1.57595
1.57477
1.57309
1.57109
1.56935
1.56811
1.56756
1.56794
1.56881
1.56979
1.57075
1.57079
1.57004
1.56873
1.5671
1.56562
1.56466
1.5645
1.56549
1.56733
1.56988
1.5727
1.57536
1.57756
1.57929
1.58051
1.58121
1.58135
1.58134
1.58123
1.5812
1.58143
1.5818
1.58189
1.58173
1.58132
1.58051
1.57907
1.57698
1.5743
1.57111
1.56785
1.5649
1.56267
1.56131
1.56043
1.55976
1.55901
1.55805
1.5565
1.55435
1.55205
1.55038
1.54985
1.55035
1.55165
1.55345
1.55536
1.55758
1.55982
1.56225
1.56473
1.56729
1.56969
1.57205
1.57377
1.57494
1.57555
1.57584
1.57567
1.57482
1.57351
1.57174
1.56919
1.56579
1.56135
1.55578
1.54906
1.54135
1.53361
1.52684
1.52271
1.5221
1.52467
1.52942
1.53509
1.54063
1.54553
1.54958
1.55269
1.5551
1.55669
1.5577
1.55839
1.5583
1.55778
1.55704
1.55598
1.55449
1.55289
1.55121
1.54945
1.54762
1.54547
1.54319
1.54075
1.53815
1.53574
1.53412
1.53337
1.53353
1.53451
1.53598
1.53771
1.53937
1.54108
1.54229
1.54299
1.54312
1.54236
1.54057
1.5375
1.53356
1.529
1.52519
1.52345
1.52463
1.52861
1.53461
1.54114
1.54744
1.55252
1.55603
1.55835
1.55948
1.55955
1.55883
1.55713
1.5548
1.5518
1.54811
1.54392
1.5393
1.53456
1.53031
1.52694
1.52487
1.52444
1.52568
1.52803
1.53075
1.53303
1.53418
1.53381
1.53181
1.52824
1.52367
1.51882
1.51458
1.51151
1.51021
1.51088
1.51348
1.51739
1.52198
1.5266
1.53087
1.53434
1.53677
1.53832
1.53916
1.53954
1.53945
1.53928
1.53889
1.53847
1.5384
1.53874
1.53947
1.54061
1.54191
1.54322
1.54466
1.54619
1.54763
1.54901
1.55019
1.55088
1.551
1.55045
1.54935
1.54777
1.54579
1.54311
1.54024
1.53738
1.53485
1.53272
1.53121
1.53014
1.5296
1.5293
1.52912
1.52857
1.52773
1.52673
1.52548
1.5245
1.52378
1.52333
1.52344
1.52422
1.5257
1.52799
1.53043
1.53299
1.53549
1.53769
1.5396
1.54126
1.54268
1.54398
1.54498
1.54591
1.54659
1.54732
1.54812
1.54889
1.54959
1.5503
1.55085
1.5512
1.55122
1.55105
1.55052
1.54981
1.54893
1.54781
1.54609
1.54397
1.54164
1.53941
1.53728
1.53542
1.534
1.5331
1.53281
1.53334
1.53469
1.53674
1.53928
1.54206
1.5449
1.54767
1.55019
1.55222
1.55386
1.55482
1.55522
1.55558
1.55589
1.55612
1.5567
1.55734
1.55813
1.55899
1.55989
1.56069
1.56137
1.56184
1.56187
1.5616
1.56103
1.56022
1.55934
1.55863
1.55838
1.55901
1.56043
1.56239
1.56457
1.56699
1.56927
1.57148
1.57309
1.57455
1.57569
1.57667
1.57776
1.57882
1.57981
1.58074
1.58162
1.58264
1.58352
1.58447
1.58547
1.58637
1.58726
1.58808
1.58862
1.58921
1.5895
1.58954
1.58926
1.58864
1.58795
1.58687
1.58533
1.58306
1.58067
1.57763
1.57417
1.57025
1.56586
1.56116
1.55641
1.55166
1.54732
1.54371
1.541
1.53955
1.53937
1.54037
1.54262
1.54595
1.54977
1.55393
1.55822
1.56231
1.56604
1.56903
1.57114
1.57236
1.5726
1.57163
1.56986
1.56743
1.56468
1.56157
1.55892
1.55706
1.55592
1.55576
1.55626
1.55688
1.5571
1.55674
1.55585
1.55446
1.55289
1.55148
1.55053
1.54988
1.54938
1.54918
1.54905
1.54874
1.54807
1.54695
1.5458
1.54471
1.54387
1.54356
1.54394
