108
-0.0529962   -0.0399733   -0.0100991
0.112666   0.130204   -0.0415623
-0.0430664   0.116729   0.14654
0.128906   -0.0558455   0.153843
-0.0465943   0.291318   -0.0157316
0.0956005   0.481679   -0.0351623
-0.0505768   0.463604   0.15133
0.11186   0.296442   0.144899
-0.0655108   -0.358804   -1.31017e-05
0.100346   -0.205451   -0.00112135
-0.0749969   -0.189762   0.149875
0.0991658   -0.344427   0.167807
0.263938   -0.0343031   -0.0254093
0.440365   0.150669   -0.032159
0.271734   0.146819   0.115622
0.438316   -0.0209216   0.125307
0.278813   0.310439   -0.0374125
0.445751   0.449594   -0.021251
0.278748   0.472411   0.149422
0.452666   0.302129   0.138761
0.253918   -0.368988   -0.00519137
0.418722   -0.207515   -0.0147088
0.280795   -0.211865   0.159228
0.445075   -0.371618   0.130151
-0.397862   -0.0268689   -0.0287416
-0.224765   0.118568   -0.00403916
-0.382056   0.125069   0.135711
-0.228027   -0.0459189   0.152805
-0.368902   0.299895   -0.0136896
-0.205488   0.475803   -0.017496
-0.395336   0.462442   0.147857
-0.214095   0.290975   0.145154
-0.381752   -0.400933   -0.0287264
-0.233731   -0.201698   -0.0138457
-0.397344   -0.203444   0.130128
-0.236253   -0.359947   0.131011
-0.0594816   -0.0357557   0.325582
0.109514   0.116257   0.311152
-0.079266   0.136013   0.476726
0.122237   -0.016375   0.472361
-0.0676597   0.299438   0.312915
0.117232   0.459879   0.315892
-0.0515691   0.465322   0.468619
0.0885437   0.300649   0.479521
-0.0642577   -0.353114   0.317606
0.121683   -0.193332   0.327302
-0.0604128   -0.189716   0.489903
0.0952778   -0.365349   0.468795
0.276131   -0.0410942   0.296699
0.456408   0.15596   0.299056
0.26797   0.146981   0.459021
0.442215   -0.0196626   0.460224
0.267488   0.302094   0.284005
0.436578   0.478795   0.295855
0.277438   0.459673   0.485684
0.422908   0.309996   0.45523
0.278033   -0.379374   0.330405
0.4542   -0.19992   0.31175
0.302854   -0.188697   0.483073
0.451023   -0.362793   0.472187
-0.399718   -0.0346156   0.295884
-0.222864   0.125808   0.304784
-0.398718   0.152796   0.464215
-0.233029   -0.021774   0.47861
-0.404989   0.304851   0.296605
-0.222339   0.470098   0.30768
-0.407314   0.458174   0.465613
-0.228478   0.301241   0.477114
-0.386492   -0.366337   0.289477
-0.249061   -0.207697   0.316827
-0.398311   -0.184983   0.465797
-0.230817   -0.396902   0.473598
-0.0609781   -0.0546903   -0.345708
0.0729407   0.133907   -0.358649
-0.069812   0.136279   -0.16443
0.115257   -0.0378291   -0.184985
-0.0531559   0.29435   -0.341375
0.117168   0.493609   -0.352355
-0.0682567   0.469209   -0.193515
0.121942   0.295631   -0.200908
-0.0605596   -0.35646   -0.361941
0.116112   -0.191919   -0.36719
-0.0620251   -0.199691   -0.174061
0.0876375   -0.342573   -0.178658
0.25478   -0.0128759   -0.356925
0.447194   0.116836   -0.354129
0.279391   0.136132   -0.197568
0.44223   -0.0404131   -0.176067
0.270082   0.273348   -0.373058
0.446731   0.454641   -0.36151
0.27782   0.481358   -0.17216
0.448193   0.295224   -0.21117
0.29836   -0.362258   -0.342953
0.459296   -0.194076   -0.356839
0.27583   -0.214504   -0.195597
0.435475   -0.369043   -0.159818
-0.391754   -0.0434263   -0.365771
-0.219417   0.138177   -0.341806
-0.375293   0.141784   -0.179892
-0.219086   -0.0302919   -0.184143
-0.394643   0.290086   -0.360699
-0.212853   0.445032   -0.355747
-0.401959   0.45139   -0.193123
-0.210365   0.310528   -0.174203
-0.392245   -0.365638   -0.372685
-0.236667   -0.196412   -0.363456
-0.391497   -0.218466   -0.181782
-0.234073   -0.354055   -0.189257
