2916
0.00117837   0.00589513   0.00125776
0.057585   0.0627633   -0.00182687
-4.67036e-06   0.0578827   0.0637809
0.0575631   0.00288275   0.058115
0.00258629   0.113992   -0.00166846
0.0547572   0.16816   0.00488991
0.00175458   0.169153   0.0564242
0.0554514   0.112728   0.0625135
0.00298234   0.216871   -0.00011105
0.0537671   0.279475   0.00540804
-0.000896848   0.281   0.0575508
0.0575117   0.225193   0.0553187
0.00607681   0.332457   -0.00545534
0.0606716   0.385183   -0.00284923
0.00655379   0.388588   0.0560525
0.0610138   0.334492   0.0576756
0.0106683   0.442535   -0.00344711
0.0574908   0.498264   -0.000383573
0.00153436   0.497117   0.0511109
0.0587405   0.44381   0.054704
-3.01162e-05   -0.444092   0.00183874
0.0561897   -0.39065   0.000749205
0.00335423   -0.390137   0.0582998
0.0578589   -0.440861   0.056369
0.00112726   -0.333727   0.000169299
0.0549911   -0.269208   -0.00141652
0.00332143   -0.274744   0.0625302
0.0520476   -0.331015   0.0579203
0.00144304   -0.220747   -0.00339786
0.0585454   -0.166073   -0.000544372
0.00322826   -0.164081   0.0505017
0.0507357   -0.221504   0.0535033
0.00546963   -0.106939   0.000823984
0.0599281   -0.0507745   0.00052849
0.00648685   -0.055429   0.054555
0.0567841   -0.117394   0.0544318
0.115957   0.00184167   0.000979075
0.1629   0.059922   0.0019265
0.114446   0.0561072   0.0567192
0.16681   0.00431348   0.0576982
0.109363   0.116227   0.00859248
0.159198   0.168269   0.00132189
0.111604   0.17294   0.0568082
0.16345   0.11631   0.0595457
0.108112   0.222278   -0.00173836
0.167616   0.277277   -0.000518129
0.114432   0.279589   0.0563206
0.165496   0.224944   0.0581115
0.111529   0.331316   -0.0019463
0.169086   0.387214   -0.00101833
0.109604   0.389739   0.057116
0.167525   0.335605   0.0525172
0.111712   0.44232   -0.00199971
0.166073   -0.496363   0.000710963
0.113876   0.496349   0.0570975
0.169741   0.444069   0.0527116
0.110638   -0.44284   -0.000279463
0.167072   -0.3905   -0.00279803
0.110865   -0.388413   0.0567533
0.167023   -0.444891   0.0545962
0.107023   -0.333019   0.00320981
0.166713   -0.277303   -0.00723603
0.109216   -0.279148   0.0517092
0.165306   -0.333085   0.051657
0.11381   -0.215911   -0.00141049
0.16636   -0.167209   -0.0036413
0.109618   -0.170868   0.0575427
0.163184   -0.219698   0.0567523
0.113183   -0.115614   0.00374549
0.168008   -0.0560762   0.00176913
0.113861   -0.0542029   0.0569548
0.168593   -0.109563   0.0558362
0.222976   8.97693e-05   0.00109814
0.279747   0.0532799   0.00411744
0.220529   0.0570103   0.0506246
0.278362   0.00091929   0.0567055
0.216188   0.111871   -0.00138523
0.278861   0.164097   0.000179642
0.221875   0.169029   0.0489636
0.277095   0.111684   0.0555675
0.22197   0.224401   -0.000374252
0.278378   0.276751   0.00529842
0.221687   0.279471   0.058036
0.278241   0.221171   0.0584289
0.227436   0.333183   -0.000305964
0.282137   0.391149   -0.00309387
0.225403   0.39367   0.052589
0.276611   0.336198   0.0560223
0.222029   0.443874   -0.00243401
0.275346   -0.496823   0.000950669
0.221056   -0.496568   0.050712
0.276732   0.444332   0.0534917
0.220585   -0.439645   -0.00599815
0.277795   -0.386891   0.00219424
0.218681   -0.391398   0.0546712
0.274873   -0.445424   0.055855
0.220931   -0.334721   -0.000393088
0.272939   -0.276055   -0.00173973
0.224794   -0.277825   0.0543948
0.274468   -0.334747   0.0553034
0.216431   -0.222181   0.0014733
0.280722   -0.166857   -0.00403599
0.220081   -0.167911   0.0534153
0.279404   -0.219178   0.0561314
0.223403   -0.107838   -0.00249696
0.274988   -0.0523015   0.000156293
0.221072   -0.0560275   0.0601299
0.274872   -0.114308   0.0507521
0.331981   0.000590767   -0.00224209
0.385374   0.0547771   -0.00412631
0.338443   0.0565504   0.052657
0.385192   -0.000385133   0.0566425
0.335084   0.110381   0.0014203
0.392679   0.168273   0.000474704
0.334363   0.167712   0.0546244
0.389938   0.111977   0.0577272
0.33597   0.221761   0.00704715
0.390401   0.276753   -0.00135638
0.336888   0.280753   0.0536344
0.392668   0.223878   0.0578403
0.330934   0.336263   -0.000465509
0.385912   0.390413   0.00461313
0.331656   0.392947   0.0563982
0.390039   0.334417   0.0552972
0.337249   0.444071   -2.53336e-05
0.39093   0.498156   -0.00438162
0.329812   0.499103   0.0538942
0.388739   0.448753   0.0537392
0.335051   -0.443668   0.00217919
0.3887   -0.387176   -4.69758e-05
0.33188   -0.39009   0.0556602
0.389156   -0.444555   0.0563612
0.326218   -0.328897   -0.000259625
0.390742   -0.279759   2.80305e-05
0.329265   -0.276738   0.0556623
0.385179   -0.333938   0.0564728
0.333248   -0.220466   0.00180183
0.387406   -0.168162   0.00260925
0.330039   -0.162896   0.0615309
0.381207   -0.224516   0.0584265
0.330745   -0.109285   0.00250894
0.388989   -0.0536356   -0.00387141
0.330123   -0.053322   0.0556154
0.387468   -0.111805   0.0590164
0.443248   -0.00415953   -0.000786948
0.498363   0.0529083   0.00127365
0.446235   0.0593868   0.0576428
0.494523   -0.00039434   0.0548908
0.449961   0.109092   0.00389432
0.498717   0.163258   -0.00218606
0.44954   0.169066   0.0554856
0.498666   0.109958   0.0587398
0.448091   0.223331   0.00364799
0.498363   0.278897   -0.000143791
0.446093   0.278954   0.0622316
-0.499335   0.220735   0.0575109
0.441749   0.332962   0.00206129
0.499801   0.388994   0.00416144
0.442613   0.391474   0.0602831
-0.499652   0.335792   0.0568534
0.448125   0.445215   0.00309517
0.499644   0.498646   0.00193237
0.44284   -0.498183   0.0547585
0.498963   0.440914   0.0576536
0.447702   -0.443856   -0.000545993
-0.499009   -0.386229   -0.000258242
0.443041   -0.388025   0.05494
0.499636   -0.442301   0.0546602
0.440038   -0.332495   0.00294387
0.495123   -0.279834   0.000301215
0.443528   -0.277665   0.0589685
0.499065   -0.335647   0.0523118
0.446747   -0.230785   0.00276067
0.497469   -0.170906   0.00337274
0.439408   -0.167006   0.0593678
0.497672   -0.219805   0.0596074
0.442235   -0.111577   0.000657554
-0.497718   -0.0615002   -0.00390756
0.440337   -0.0560727   0.0550784
0.493957   -0.116128   0.0564839
-0.444482   -0.00436779   0.00566501
-0.388323   0.0494675   0.00196889
-0.442847   0.0509548   0.0587234
-0.389999   -0.00442183   0.0585281
-0.441866   0.105794   0.00284173
-0.393211   0.163183   -0.00198851
-0.44458   0.169523   0.0505596
-0.392047   0.108367   0.0600931
-0.448943   0.224254   -0.00072437
-0.393795   0.27566   -0.00437282
-0.444868   0.276654   0.0577898
-0.389933   0.231265   0.054482
-0.44117   0.331114   -2.34641e-05
-0.395115   0.388514   -0.00126557
-0.4462   0.390945   0.0611502
-0.389845   0.332839   0.053161
-0.44236   0.44652   0.000366572
-0.391436   -0.49982   0.00442028
-0.443677   -0.49541   0.0548672
-0.385823   0.438237   0.0561208
-0.442346   -0.440617   -0.00152601
-0.386794   -0.388478   -0.00444752
-0.443072   -0.387673   0.0542699
-0.388422   -0.443653   0.0560085
-0.443563   -0.332555   0.00086938
-0.392308   -0.273382   0.00261917
-0.448716   -0.277157   0.0567763
-0.389978   -0.3377   0.0492739
-0.447545   -0.220123   0.00315759
-0.392813   -0.168398   0.0030416
-0.447475   -0.165008   0.059013
-0.38971   -0.219858   0.0592515
-0.446458   -0.11347   0.00218511
-0.390454   -0.0568596   0.00568581
-0.446061   -0.0594523   0.0563817
-0.389865   -0.112348   0.0609088
-0.334082   -0.00361812   0.00520194
-0.277499   0.0566747   0.00256061
-0.328795   0.0518702   0.0597379
-0.273896   -0.00273996   0.0576975
-0.334607   0.109135   -0.000913324
-0.279681   0.167462   0.00260469
-0.337551   0.168601   0.0532703
-0.280975   0.110781   0.055509
-0.332604   0.228064   -0.00082269
-0.27955   0.27712   -0.001544
-0.333934   0.28164   0.0540336
-0.277625   0.225553   0.0522571
-0.337642   0.331194   -0.000809215
-0.27177   0.390864   -0.000330376
-0.331233   0.381594   0.0541949
-0.274387   0.330785   0.0531277
-0.330917   0.435763   -0.000443769
-0.279774   0.498978   0.00242384
-0.336751   0.497372   0.0564175
-0.280644   0.440272   0.0568199
-0.331137   -0.44394   0.00399088
-0.274227   -0.389148   -0.00683178
-0.333505   -0.388243   0.0522743
-0.276462   -0.44228   0.0574792
-0.335145   -0.330648   -0.00579145
-0.277366   -0.276197   -0.00124625
-0.337484   -0.278051   0.0513518
-0.27728   -0.334722   0.0450472
-0.335587   -0.21868   0.00314567
-0.278143   -0.170965   -0.00390604
-0.338475   -0.1645   0.0587546
-0.279951   -0.218469   0.0523323
-0.331947   -0.112318   0.0025815
-0.277949   -0.054414   0.00247338
-0.331441   -0.0562697   0.0595833
-0.273175   -0.111249   0.0588874
-0.221264   -0.00233212   0.00154043
-0.170277   0.0562332   0.00141543
-0.221881   0.0539855   0.0549074
-0.166848   -0.00204289   0.0514396
-0.225328   0.10604   0.00450155
-0.166551   0.169081   0.00150182
-0.223319   0.162156   0.0541852
-0.164306   0.109456   0.0553688
-0.221498   0.222027   0.0023649
-0.167045   0.276091   -0.00293925
-0.218808   0.276802   0.0532262
-0.167756   0.219566   0.0533783
-0.22183   0.335993   -0.002501
-0.166785   0.390125   -0.00506161
-0.215797   0.391272   0.0539487
-0.160764   0.33222   0.0517611
-0.218609   0.44326   -0.000477873
-0.164503   -0.499848   0.00171142
-0.223061   -0.497395   0.0540827
-0.163737   0.444019   0.0554327
-0.217305   -0.442697   0.00142901
-0.161305   -0.388091   -0.00268264
-0.216865   -0.38551   0.0483023
-0.160988   -0.44775   0.05607
-0.217807   -0.328112   0.000993707
-0.160998   -0.270887   8.364e-05
-0.21715   -0.277461   0.0544568
-0.163553   -0.333526   0.0497671
-0.221824   -0.223144   -0.00289973
-0.163511   -0.169317   -0.0076143
-0.222496   -0.16859   0.0519015
-0.160681   -0.222445   0.0537854
-0.219873   -0.116487   -0.000844565
-0.167231   -0.0558565   0.000674066
-0.219631   -0.0562527   0.0547195
-0.165583   -0.109601   0.0514734
-0.112691   0.00109595   0.00170427
-0.0597406   0.0553056   -0.00259749
-0.110035   0.0550727   0.0549457
-0.0521295   0.00650968   0.0584646
-0.112731   0.117269   0.00161579
-0.0552941   0.169949   0.000926802
-0.111654   0.168455   0.0537226
-0.0535398   0.113501   0.0535595
-0.107383   0.223594   0.000132278
-0.0483077   0.276337   -0.00190087
-0.108253   0.272983   0.0518266
-0.0508033   0.221274   0.0543745
-0.108589   0.332669   -0.00218161
-0.0534972   0.386918   -0.00401074
-0.106562   0.386302   0.0540188
-0.0479741   0.333068   0.0525419
-0.103508   0.44205   0.00188297
-0.0507322   0.492708   -0.00405122
-0.108962   -0.495836   0.050176
-0.0503667   0.444536   0.0545676
-0.103214   -0.444363   -0.000648844
-0.0532897   -0.387384   -0.00153268
-0.106738   -0.391222   0.0515369
-0.0541853   -0.44458   0.0529096
-0.107748   -0.33106   -0.00508809
-0.0512175   -0.272933   -0.00602482
-0.110546   -0.281997   0.0556234
-0.0539148   -0.327898   0.0547407
-0.10827   -0.217925   -0.00491957
-0.0567047   -0.169691   0.00103626
-0.113507   -0.163825   0.052212
-0.0551996   -0.223768   0.0570061
-0.11066   -0.110388   -0.00752194
-0.0550457   -0.0518788   0.00368763
-0.110253   -0.0540137   0.0548707
-0.0515676   -0.111099   0.056737
0.00208414   0.00450487   0.113807
0.0574347   0.053258   0.113837
0.000872917   0.0578194   0.170341
0.0586267   0.00298549   0.173559
0.000188256   0.117836   0.114697
0.0575024   0.173579   0.11459
0.00138405   0.170479   0.166776
0.056666   0.110608   0.165004
-0.00266652   0.224598   0.111382
0.0553364   0.281   0.108767
-0.00503823   0.274929   0.166452
0.0559434   0.227436   0.167093
-0.00351261   0.330134   0.116474
0.0566977   0.388924   0.115096
-0.00533337   0.387061   0.165898
0.0544449   0.333997   0.166349
0.00411907   0.441342   0.112739
0.0546241   -0.498868   0.108999
0.0015661   0.497467   0.163522
0.0585159   0.441376   0.166553
-0.000720029   -0.445302   0.113391
0.059276   -0.389325   0.111208
0.0058453   -0.391074   0.165463
0.0545143   -0.448474   0.167582
0.00260986   -0.330143   0.112504
0.0575812   -0.275494   0.113608
-0.00111655   -0.275898   0.169764
0.056839   -0.328662   0.163755
-0.00116103   -0.226597   0.113537
0.0547284   -0.170106   0.115079
0.00120718   -0.167579   0.168188
0.0535482   -0.223096   0.172993
0.00842803   -0.113446   0.110633
0.0570549   -0.0563397   0.109116
0.00277086   -0.055852   0.168603
0.0615961   -0.109678   0.167989
0.109609   -4.62913e-05   0.11048
0.163158   0.0567168   0.115189
0.110198   0.0594913   0.172141
0.162144   0.0031523   0.166469
0.110447   0.115504   0.113812
0.164387   0.171228   0.114132
0.109564   0.172602   0.163478
0.166969   0.110153   0.167356
0.108701   0.225069   0.10853
0.166017   0.278679   0.110951
0.111235   0.279771   0.164555
0.164762   0.228817   0.165388
0.113695   0.334139   0.110847
0.171128   0.390171   0.104905
0.119312   0.387814   0.163476
0.170862   0.332392   0.169214
0.116229   0.445977   0.113531
0.169272   0.499106   0.110591
0.114782   0.499875   0.166503
0.169711   0.445651   0.171222
0.113151   -0.445539   0.106113
0.162805   -0.392545   0.117494
0.109128   -0.389757   0.168901
0.167708   -0.444553   0.164773
0.109289   -0.332286   0.10631
0.168353   -0.278865   0.111225
0.113857   -0.279089   0.167509
0.16493   -0.33686   0.165714
0.110794   -0.223606   0.112861
0.158754   -0.166018   0.116475
0.10774   -0.168078   0.171519
0.165628   -0.222061   0.168808
0.105705   -0.114247   0.108118
0.165415   -0.056879   0.110769
0.110206   -0.0549879   0.172293
0.15996   -0.109151   0.167244
0.221654   -0.000364073   0.116694
0.278462   0.0544312   0.108422
0.225905   0.0552057   0.167204
0.275915   -0.0028665   0.165108
0.219815   0.112787   0.107694
0.278342   0.168235   0.108128
0.220644   0.164199   0.166836
0.277583   0.112803   0.168188
0.224544   0.220533   0.112856
0.279636   0.277608   0.10735
0.224945   0.277516   0.159313
0.278256   0.228673   0.16737
0.226622   0.332909   0.113117
0.279113   0.387952   0.108031
0.223781   0.383091   0.164994
0.282365   0.331666   0.164903
0.221979   0.443897   0.110632
0.273894   -0.49998   0.107557
0.21768   -0.499615   0.168863
0.270923   0.442497   0.163783
0.221268   -0.445207   0.109288
0.276787   -0.388782   0.111591
0.222224   -0.392149   0.172418
0.271754   -0.446905   0.165969
0.220525   -0.335691   0.115343
0.277832   -0.274792   0.112218
0.218327   -0.279599   0.162454
0.274851   -0.333448   0.165198
0.211504   -0.220692   0.108418
0.276939   -0.167926   0.114189
0.212179   -0.171644   0.164709
0.274903   -0.224262   0.165344
0.219377   -0.113365   0.111815
0.27525   -0.0510411   0.10832
0.218327   -0.0573807   0.172577
0.274109   -0.105503   0.165142
0.337201   -0.000305129   0.110561
0.386698   0.0559349   0.112136
0.332046   0.0493004   0.168109
0.39087   -0.00135535   0.168137
0.332396   0.108251   0.11533
0.387048   0.16933   0.111657
0.326117   0.168421   0.16935
0.386344   0.109235   0.164549
0.337571   0.223781   0.109211
0.388238   0.283924   0.108352
0.335618   0.279005   0.164409
0.387901   0.222976   0.167117
0.331834   0.339198   0.106223
0.385002   0.390179   0.110288
0.32945   0.391527   0.170901
0.388424   0.333642   0.166447
0.329345   0.445968   0.109146
0.384107   -0.499788   0.112558
0.326159   0.497933   0.167111
0.384681   0.441843   0.169499
0.328143   -0.449742   0.109242
0.381991   -0.384586   0.112644
0.329447   -0.386515   0.168404
0.37935   -0.447239   0.16626
0.335639   -0.327777   0.111664
0.387526   -0.277091   0.113844
0.331716   -0.273002   0.169076
0.386775   -0.330769   0.165926
0.326034   -0.221378   0.110873
0.380287   -0.170899   0.113704
0.329942   -0.163633   0.165325
0.388772   -0.222214   0.167074
0.325717   -0.103424   0.110141
0.388887   -0.0560883   0.118131
0.332721   -0.0579849   0.168159
0.388207   -0.110145   0.16485
0.440291   -0.000939218   0.108492
0.499311   0.0502162   0.111375
0.444812   0.052486   0.162498
0.499648   6.14098e-05   0.168577
0.444692   0.110654   0.108454
-0.497907   0.163126   0.112188
0.446466   0.166266   0.161094
-0.498449   0.108593   0.168826
0.44225   0.223521   0.111142
0.497032   0.280736   0.114816
0.443795   0.27634   0.168907
0.499477   0.219421   0.167626
0.444123   0.335465   0.114944
0.499846   0.388832   0.11419
0.442434   0.393769   0.167061
0.4996   0.333969   0.170274
0.44155   0.443893   0.107754
-0.499416   -0.493431   0.10801
0.445927   0.497124   0.163111
0.499854   0.447712   0.169754
0.43884   -0.445015   0.110572
0.499732   -0.392387   0.111508
0.434279   -0.38971   0.168697
0.496936   -0.445193   0.171293
0.441658   -0.334421   0.112889
0.494962   -0.280263   0.108397
0.442478   -0.279428   0.174263
0.496135   -0.334569   0.162684
0.441506   -0.224945   0.111483
-0.498589   -0.168149   0.118047
0.442006   -0.169071   0.164798
0.495182   -0.220455   0.16804
0.443602   -0.109745   0.11237
0.495749   -0.055404   0.105236
0.4441   -0.0537703   0.167974
0.492152   -0.109291   0.164478
-0.447303   -0.00201227   0.113316
-0.392973   0.049329   0.115495
-0.44446   0.0536202   0.165566
-0.391131   -0.00372304   0.167099
-0.444089   0.106017   0.113149
-0.388875   0.165995   0.111582
-0.444103   0.169006   0.164699
-0.389259   0.10993   0.169798
-0.448961   0.222195   0.10862
-0.385308   0.276083   0.113058
-0.441055   0.273912   0.164195
-0.386178   0.217306   0.168523
-0.445737   0.331323   0.111288
-0.394053   0.388688   0.112543
-0.445224   0.389291   0.169212
-0.388948   0.331733   0.167136
-0.448172   0.450246   0.114039
-0.389762   -0.499443   0.111823
-0.445443   -0.495765   0.168375
-0.390059   0.444733   0.167256
-0.441891   -0.440046   0.108232
-0.385368   -0.389009   0.106737
-0.441066   -0.386302   0.165224
-0.385228   -0.444768   0.168117
-0.446975   -0.332554   0.108627
-0.388709   -0.276273   0.110178
-0.44712   -0.279474   0.163982
-0.386058   -0.331435   0.164925
-0.443419   -0.222885   0.114331
-0.388406   -0.166976   0.114526
-0.444317   -0.169916   0.169525
-0.389326   -0.221035   0.168401
-0.447632   -0.109957   0.116011
-0.394121   -0.0568362   0.110998
-0.448568   -0.0538764   0.168614
-0.393169   -0.111915   0.168527
-0.333035   0.00469047   0.115044
-0.272721   0.0551836   0.110226
-0.335796   0.0530846   0.169422
-0.278206   -0.000403975   0.168509
-0.337066   0.110036   0.112736
-0.2778   0.162249   0.113757
-0.332356   0.162188   0.167733
-0.273895   0.102691   0.169308
-0.331356   0.22208   0.106235
-0.278128   0.278578   0.107841
-0.33254   0.28094   0.164078
-0.27887   0.21624   0.165028
-0.336473   0.334173   0.108656
-0.28285   0.393624   0.11615
-0.33587   0.388797   0.166498
-0.275619   0.338352   0.162465
-0.331798   0.446047   0.112086
-0.273244   0.499894   0.104269
-0.335106   0.499661   0.163015
-0.278971   0.446082   0.164316
-0.33481   -0.443578   0.111245
-0.279703   -0.386856   0.108539
-0.330527   -0.39043   0.164636
-0.275058   -0.446402   0.162828
-0.336295   -0.330248   0.105483
-0.276933   -0.279531   0.107035
-0.330608   -0.275132   0.164963
-0.279331   -0.333916   0.162333
-0.331301   -0.225802   0.11058
-0.275396   -0.169457   0.113217
-0.332028   -0.170311   0.165899
-0.276298   -0.220168   0.171848
-0.327335   -0.10982   0.11338
-0.274821   -0.0571909   0.117436
-0.331704   -0.0545167   0.165266
-0.275691   -0.112111   0.168536
-0.218949   4.0369e-05   0.117826
-0.165492   0.0569894   0.108723
-0.219562   0.0535567   0.165514
-0.161293   -0.00356795   0.166409
-0.221303   0.112391   0.113004
-0.167328   0.166245   0.108721
-0.220293   0.163441   0.164652
-0.164138   0.112679   0.16952
-0.215469   0.221456   0.108022
-0.165304   0.277863   0.108754
-0.221386   0.279226   0.162262
-0.168078   0.21854   0.164045
-0.22265   0.33537   0.109445
-0.161749   0.38908   0.113275
-0.224497   0.39347   0.167825
-0.165468   0.334143   0.16133
-0.216589   0.446534   0.106184
-0.16082   -0.498602   0.111214
-0.219959   0.49645   0.165605
-0.16578   0.442201   0.165388
-0.22137   -0.440305   0.10522
-0.164321   -0.388765   0.108956
-0.225203   -0.387778   0.165295
-0.166049   -0.444882   0.167191
-0.21712   -0.338314   0.111076
-0.165898   -0.28057   0.112469
-0.221407   -0.28307   0.168
-0.16269   -0.332104   0.168597
-0.220182   -0.223249   0.113282
-0.16567   -0.167499   0.105236
-0.216588   -0.171513   0.16469
-0.162579   -0.226088   0.165145
-0.22303   -0.115416   0.115422
-0.163053   -0.0532385   0.109867
-0.218173   -0.0591935   0.168103
-0.16242   -0.107891   0.16448
-0.11257   0.00371651   0.112546
-0.0584369   0.0583158   0.11645
-0.117155   0.0555032   0.172321
-0.0537922   0.00283502   0.162299
-0.111465   0.111477   0.113665
-0.0606878   0.16758   0.110969
-0.110709   0.171383   0.16391
-0.0549174   0.113307   0.163153
-0.109619   0.222074   0.112329
-0.0533005   0.274446   0.10896
-0.116771   0.277828   0.168281
-0.0558281   0.222668   0.165393
-0.110864   0.331322   0.105877
-0.051839   0.390482   0.103183
-0.106765   0.391765   0.165846
-0.0596626   0.33129   0.166911
-0.110186   0.445747   0.110198
-0.0525751   0.496998   0.106311
-0.117724   -0.497106   0.168681
-0.0528567   0.444739   0.166534
-0.108517   -0.44553   0.108213
-0.0528042   -0.387405   0.108088
-0.112158   -0.389909   0.162108
-0.0513921   -0.444182   0.167797
-0.110365   -0.333866   0.109567
-0.0578443   -0.278217   0.112976
-0.107267   -0.278272   0.167368
-0.0524329   -0.335125   0.165306
-0.109774   -0.223778   0.108892
-0.0498096   -0.168888   0.109114
-0.113219   -0.170709   0.170478
-0.0545673   -0.219789   0.168881
-0.104764   -0.11819   0.111246
-0.0514794   -0.0587575   0.110362
-0.10906   -0.0547996   0.158532
-0.0509892   -0.114945   0.162069
0.00124568   0.00104358   0.219975
0.0518766   0.0611139   0.22694
-0.000424652   0.0552034   0.27803
0.0538   -0.0031847   0.277979
3.03201e-05   0.114131   0.223504
0.0546315   0.169734   0.229663
-0.00704153   0.169289   0.283878
0.0490766   0.112858   0.283329
-0.00262065   0.224011   0.226302
0.0476514   0.278826   0.223227
-0.00364801   0.284144   0.278499
0.0491633   0.22627   0.281259
-0.00617038   0.334595   0.217276
0.0549994   0.390518   0.217734
-0.00226652   0.387548   0.275718
0.0492419   0.337836   0.273573
-0.00132734   0.441518   0.218868
0.0544809   0.498951   0.221313
0.00332091   -0.498583   0.272135
0.0523273   0.440261   0.276739
0.00155037   -0.444108   0.219683
0.0572658   -0.38833   0.221421
-0.00298501   -0.392976   0.276957
0.0533384   -0.442016   0.278382
-0.000373239   -0.333531   0.222269
0.0538365   -0.279092   0.221833
0.00293257   -0.281602   0.27673
0.0544306   -0.339323   0.280121
-0.00372093   -0.221832   0.226272
0.0516481   -0.166101   0.22585
0.00280482   -0.163165   0.281061
0.0511239   -0.224089   0.283458
-2.35575e-05   -0.110584   0.220917
0.0563356   -0.0555504   0.221174
-0.000694125   -0.0572056   0.280003
0.0533827   -0.110154   0.276038
0.11106   0.00208049   0.225362
0.171104   0.059747   0.223228
0.106218   0.0576151   0.276499
0.16718   -0.00104271   0.275044
0.110937   0.11351   0.221648
0.159962   0.17161   0.222514
0.108839   0.168067   0.279007
0.1622   0.113738   0.275951
0.105964   0.225604   0.223799
0.164751   0.2809   0.222602
0.102452   0.280558   0.273997
0.158977   0.230376   0.274384
0.111132   0.332831   0.223337
0.171589   0.385635   0.222446
0.113165   0.385621   0.276165
0.164439   0.333838   0.284436
0.110445   0.444052   0.220765
0.165543   0.498352   0.227335
0.103363   0.493669   0.276761
0.16286   0.440379   0.279043
0.110294   -0.446005   0.224718
0.167273   -0.390983   0.224047
0.112075   -0.38935   0.277774
0.16692   -0.445478   0.279572
0.111015   -0.332509   0.223378
0.170449   -0.27848   0.22278
0.109648   -0.276699   0.277996
0.162741   -0.332083   0.279959
0.110686   -0.224507   0.227622
0.163577   -0.163599   0.224337
0.112236   -0.167151   0.283148
0.165477   -0.217133   0.277245
0.109547   -0.113359   0.228618
0.16703   -0.0611093   0.228305
0.107671   -0.0559973   0.278669
0.164417   -0.111975   0.280033
0.219754   -0.00221487   0.224371
0.276022   0.0522675   0.224509
0.223472   0.0553815   0.276651
0.277445   -0.00196664   0.281351
0.220244   0.117664   0.224763
0.270305   0.172119   0.220615
0.214629   0.170497   0.276669
0.278067   0.113035   0.272807
0.216681   0.22649   0.222737
0.276981   0.277563   0.219103
0.221278   0.277224   0.280493
0.275774   0.225761   0.277508
0.224998   0.331476   0.223494
0.273802   0.384215   0.222539
0.22067   0.3869   0.279637
0.278623   0.332912   0.277211
0.222523   0.439686   0.222942
0.276872   0.4985   0.224012
0.222063   0.496638   0.277638
0.280162   0.444213   0.280652
0.217671   -0.447114   0.226263
0.274342   -0.392109   0.224934
0.219304   -0.388048   0.27822
0.274973   -0.446627   0.281663
0.222657   -0.33369   0.223944
0.278571   -0.279782   0.219666
0.220149   -0.276871   0.279889
0.273689   -0.336066   0.277919
0.221313   -0.220183   0.222297
0.278142   -0.164863   0.222911
0.221601   -0.163915   0.27829
0.2717   -0.222132   0.275748
0.222569   -0.115853   0.221123
0.274343   -0.0601422   0.224173
0.223673   -0.058041   0.278778
0.27842   -0.110839   0.280655
0.327942   0.000810314   0.225014
0.390956   0.054727   0.220361
0.330064   0.0582477   0.274557
0.388207   0.00102249   0.276139
0.334276   0.113442   0.222529
0.384043   0.167179   0.217615
0.335105   0.167086   0.278657
0.390721   0.114163   0.276256
0.332021   0.224155   0.219333
0.39088   0.276698   0.222699
0.336125   0.278679   0.278704
0.392351   0.222366   0.275144
0.331297   0.335014   0.222526
0.391913   0.382335   0.224838
0.336102   0.386622   0.277644
0.393407   0.327446   0.277774
0.331177   0.44432   0.224837
0.382798   0.494669   0.223789
0.334332   0.497597   0.285396
0.39226   0.440762   0.279812
0.330828   -0.448893   0.219818
0.383268   -0.394705   0.223148
0.32871   -0.394191   0.279091
0.385708   -0.446589   0.279209
0.330947   -0.332458   0.223707
0.383392   -0.270918   0.22218
0.330622   -0.277452   0.276548
0.379881   -0.338045   0.284389
0.331268   -0.21867   0.223217
0.383648   -0.167349   0.223573
0.329146   -0.166362   0.280774
0.390788   -0.219985   0.277318
0.336491   -0.111911   0.223848
0.389889   -0.0542991   0.224155
0.335977   -0.0533465   0.272675
0.389109   -0.110692   0.278117
0.447828   -0.00163748   0.225015
0.497663   0.0559557   0.22215
0.441158   0.0608328   0.275197
0.498875   0.00307428   0.282261
0.44281   0.113073   0.215719
-0.496997   0.165733   0.219584
0.448787   0.167348   0.278239
-0.498463   0.108879   0.279122
0.448151   0.21401   0.219275
0.499451   0.273947   0.223594
0.450595   0.271239   0.279149
-0.494186   0.221491   0.275981
0.451699   0.333297   0.225721
-0.496758   0.389811   0.221207
0.449198   0.386158   0.279146
-0.496313   0.331157   0.288872
0.44119   0.445637   0.226485
0.494685   -0.498691   0.223399
0.443408   0.495719   0.278591
-0.497092   0.442381   0.281526
0.440436   -0.449631   0.222229
0.493009   -0.386605   0.220677
0.436726   -0.393909   0.277456
-0.497898   -0.442516   0.275879
0.430851   -0.332319   0.230099
-0.494216   -0.278604   0.221226
0.443661   -0.273253   0.273063
0.494854   -0.330984   0.276442
0.441407   -0.220316   0.221443
-0.499922   -0.159517   0.225688
0.442417   -0.166707   0.279386
-0.494945   -0.228988   0.276432
0.441805   -0.107499   0.219789
0.496808   -0.058795   0.222481
0.443998   -0.0555714   0.280736
0.496003   -0.10832   0.275828
-0.447026   -0.00233993   0.224296
-0.392405   0.0530696   0.221137
-0.443597   0.0535364   0.278638
-0.394353   -0.00302102   0.275108
-0.446294   0.109925   0.220612
-0.391273   0.160007   0.223017
-0.435319   0.168429   0.279601
-0.388774   0.106071   0.277021
-0.434478   0.221016   0.223641
-0.381919   0.278899   0.22135
-0.443827   0.279791   0.27373
-0.384745   0.225792   0.281827
-0.447101   0.332076   0.221031
-0.393037   0.387522   0.221228
-0.447356   0.384577   0.276627
-0.385401   0.327587   0.276911
-0.43891   0.44659   0.221837
-0.387082   0.499499   0.217649
-0.448792   0.495226   0.274835
-0.389005   0.444082   0.282558
-0.440929   -0.441854   0.222119
-0.38705   -0.387592   0.223304
-0.442206   -0.390484   0.279522
-0.39093   -0.448221   0.279085
-0.445255   -0.336595   0.224898
-0.390135   -0.288323   0.223559
-0.442468   -0.284711   0.281835
-0.38442   -0.337228   0.283921
-0.44372   -0.224425   0.221188
-0.384384   -0.170302   0.224933
-0.437338   -0.171777   0.276657
-0.385467   -0.228737   0.276803
-0.443035   -0.111908   0.222022
-0.381649   -0.0518383   0.222831
-0.446675   -0.0566007   0.277162
-0.393111   -0.114039   0.275028
-0.329935   -0.00383449   0.226537
-0.27326   0.0510616   0.228819
-0.334396   0.0541535   0.278049
-0.277308   -0.00413743   0.279623
-0.331992   0.106146   0.219363
-0.280439   0.16365   0.221505
-0.337627   0.161406   0.279572
-0.273551   0.105864   0.279313
-0.332061   0.220455   0.215957
-0.277283   0.280471   0.215978
-0.329835   0.273964   0.275436
-0.278807   0.218519   0.273414
-0.328282   0.334197   0.225727
-0.277184   0.392912   0.2215
-0.331492   0.395486   0.277811
-0.273165   0.330796   0.276556
-0.334108   0.443791   0.224031
-0.284931   0.498063   0.220211
-0.333648   0.498897   0.281032
-0.27714   0.448568   0.28106
-0.333294   -0.443017   0.227065
-0.277377   -0.390063   0.220982
-0.331749   -0.388536   0.27984
-0.277157   -0.446036   0.277844
-0.327188   -0.333354   0.221634
-0.276979   -0.278717   0.220533
-0.333149   -0.280334   0.28083
-0.271528   -0.332341   0.276789
-0.328666   -0.225503   0.221879
-0.271743   -0.166697   0.2257
-0.332441   -0.163776   0.276491
-0.276417   -0.223717   0.277715
-0.333661   -0.117123   0.216971
-0.271934   -0.0597506   0.221365
-0.323714   -0.0609369   0.275051
-0.271538   -0.115225   0.278495
-0.22091   -0.00128528   0.224774
-0.168657   0.0564914   0.224208
-0.219142   0.0518215   0.284047
-0.162857   0.00026759   0.278448
-0.216454   0.111382   0.227133
-0.165315   0.167184   0.228004
-0.216823   0.166562   0.279718
-0.160437   0.111329   0.280578
-0.219564   0.221747   0.224741
-0.168765   0.281995   0.220603
-0.222967   0.273798   0.281177
-0.165842   0.219048   0.279362
-0.222589   0.3366   0.220165
-0.163637   0.388599   0.226039
-0.227442   0.393134   0.273711
-0.169167   0.33142   0.278419
-0.217458   0.446107   0.222439
-0.16558   -0.494882   0.222607
-0.223856   -0.498656   0.277269
-0.165499   0.448209   0.276145
-0.230705   -0.44747   0.224951
-0.171097   -0.389641   0.218138
-0.223271   -0.388769   0.278019
-0.169873   -0.442947   0.279075
-0.223504   -0.334807   0.221581
-0.162308   -0.279828   0.224918
-0.219501   -0.275968   0.277303
-0.164475   -0.335635   0.277587
-0.219891   -0.224078   0.225652
-0.160232   -0.164931   0.225388
-0.216632   -0.167604   0.284362
-0.163372   -0.22201   0.280814
-0.212899   -0.113416   0.223095
-0.167839   -0.0520097   0.224048
-0.220198   -0.0541782   0.278982
-0.162673   -0.10658   0.275671
-0.107683   0.000193703   0.220819
-0.0527199   0.0586528   0.225218
-0.106781   0.0539978   0.278589
-0.052992   -0.00250004   0.276721
-0.108473   0.114863   0.218032
-0.0567857   0.169234   0.221547
-0.110158   0.165984   0.282238
-0.0584507   0.114911   0.280744
-0.112341   0.220482   0.225427
-0.0574828   0.27661   0.223311
-0.118236   0.279003   0.279063
-0.0584653   0.227938   0.278177
-0.111027   0.332628   0.223627
-0.0576076   0.39174   0.226509
-0.111593   0.387725   0.279831
-0.0608896   0.334534   0.278875
-0.111626   0.447947   0.219
-0.0571709   0.499377   0.219238
-0.108607   -0.497474   0.277281
-0.0534626   0.44499   0.277511
-0.106816   -0.443603   0.225466
-0.0537137   -0.384317   0.219058
-0.111455   -0.389509   0.276677
-0.0540013   -0.442471   0.280692
-0.108791   -0.340214   0.218677
-0.0542498   -0.280662   0.2235
-0.107874   -0.283003   0.281073
-0.0540784   -0.333595   0.277478
-0.109382   -0.22077   0.225361
-0.0614134   -0.169863   0.225877
-0.11056   -0.168952   0.283531
-0.0497769   -0.224505   0.283765
-0.110293   -0.108319   0.219806
-0.056785   -0.0550864   0.217215
-0.111275   -0.0560159   0.275706
-0.0587122   -0.116369   0.278088
0.00265881   -0.00428878   0.330557
0.0549083   0.0543438   0.337045
0.000642635   0.0534   0.393069
0.056836   -0.00152352   0.388989
-0.000206457   0.112312   0.33839
0.0541478   0.174753   0.335778
0.00031196   0.172791   0.393003
0.050866   0.112732   0.390111
-0.0032072   0.226101   0.340794
0.0492402   0.278148   0.332696
-0.00661594   0.280263   0.393886
0.0530479   0.223501   0.392892
-0.00360859   0.336008   0.334039
0.0550032   0.391232   0.330466
-0.00124929   0.391445   0.394228
0.0503088   0.331433   0.392518
-0.000325452   0.442045   0.330791
0.0521132   0.499271   0.331403
0.00210309   0.497293   0.39256
0.0546522   0.439417   0.390372
0.00119567   -0.441443   0.336231
0.0573806   -0.386404   0.339473
-0.00328095   -0.386333   0.390364
0.054438   -0.443847   0.387763
-1.92014e-06   -0.32942   0.336467
0.0581699   -0.277293   0.333162
0.0036175   -0.279054   0.390475
0.0538441   -0.333264   0.399159
0.00100942   -0.220286   0.337884
0.0541697   -0.163447   0.33311
0.000781593   -0.164963   0.391576
0.0516539   -0.220446   0.389766
0.00387454   -0.108214   0.335224
0.0566584   -0.0538408   0.334968
0.00464515   -0.0601887   0.387379
0.053536   -0.116483   0.392824
0.110992   0.00609073   0.329045
0.164867   0.0579884   0.332209
0.109269   0.0608841   0.388814
0.164   0.00654628   0.388584
0.111901   0.110448   0.329136
0.162566   0.168506   0.329531
0.111313   0.166513   0.389422
0.165592   0.1155   0.388995
0.106368   0.226508   0.329072
0.16267   0.276969   0.333959
0.110513   0.279994   0.393163
0.16292   0.220829   0.384695
0.107714   0.330921   0.330754
0.170266   0.386085   0.33779
0.10862   0.3928   0.388238
0.165133   0.332295   0.389267
0.110396   0.444888   0.332276
0.1636   0.498875   0.336564
0.107256   0.497933   0.391489
0.164884   0.444661   0.39092
0.108198   -0.448464   0.335858
0.165564   -0.389528   0.331607
0.111587   -0.388727   0.393007
0.163574   -0.442242   0.389081
0.110361   -0.33453   0.336115
0.166235   -0.280398   0.337999
0.111559   -0.274199   0.39029
0.165971   -0.332031   0.392459
0.107567   -0.223578   0.335691
0.164117   -0.163232   0.339201
0.110608   -0.165609   0.39176
0.167295   -0.21836   0.39098
0.10754   -0.107235   0.340434
0.161317   -0.0563969   0.333821
0.112185   -0.0519534   0.391
0.165542   -0.106239   0.389211
0.219403   -0.000734361   0.334862
0.280461   0.0562441   0.334118
0.223357   0.0590722   0.383269
0.280689   0.00218723   0.391952
0.218197   0.10938   0.329934
0.274134   0.165524   0.33023
0.222243   0.165461   0.385337
0.279389   0.111119   0.386377
0.213707   0.221333   0.3288
0.276387   0.279537   0.33315
0.215298   0.27521   0.387535
0.277311   0.22301   0.385904
0.22121   0.332271   0.33421
0.277744   0.384438   0.333902
0.223772   0.38654   0.387687
0.273731   0.332374   0.38522
0.220632   0.443701   0.332986
0.275716   0.496574   0.333902
0.222342   0.499919   0.392216
0.278913   0.439206   0.390521
0.222555   -0.445154   0.332634
0.274803   -0.38754   0.335606
0.227386   -0.388344   0.391003
0.27273   -0.445442   0.391853
0.221437   -0.333403   0.333764
0.274506   -0.278406   0.331847
0.218908   -0.27465   0.389048
0.275078   -0.331351   0.391844
0.217874   -0.218486   0.334369
0.280393   -0.165191   0.335171
0.224841   -0.163755   0.389541
0.277287   -0.21808   0.387767
0.221322   -0.110942   0.336558
0.275962   -0.0532807   0.330713
0.219959   -0.0529959   0.388734
0.280244   -0.110949   0.390209
0.333061   -0.00108359   0.333315
0.386438   0.0546104   0.334259
0.335228   0.05652   0.390528
0.387372   0.00272459   0.392641
0.334579   0.107914   0.331233
0.388067   0.169891   0.332568
0.327599   0.168834   0.383779
0.388582   0.11392   0.388842
0.330153   0.218728   0.330196
0.390975   0.272766   0.33131
0.335394   0.27638   0.39095
0.389767   0.222733   0.387415
0.333415   0.329267   0.33475
0.388671   0.383766   0.331792
0.336224   0.389707   0.393868
0.387791   0.332481   0.392943
0.337039   0.442279   0.330421
0.391476   0.498183   0.329477
0.329665   0.498011   0.388456
0.390758   0.446088   0.392642
0.329714   -0.445526   0.339843
0.38456   -0.392595   0.335225
0.333248   -0.391379   0.39477
0.381091   -0.452368   0.391126
0.329457   -0.334   0.334998
0.388091   -0.276868   0.331279
0.331444   -0.274965   0.383372
0.383308   -0.33719   0.391037
0.33396   -0.220385   0.329214
0.3878   -0.169084   0.333484
0.335524   -0.164859   0.391053
0.38466   -0.221964   0.38856
0.333022   -0.109349   0.332437
0.386881   -0.0564436   0.330346
0.334003   -0.0539954   0.388055
0.387849   -0.115   0.39042
0.442131   0.000991875   0.337863
0.499379   0.0562317   0.335234
0.443146   0.0579757   0.387979
0.499661   0.00267704   0.385913
0.444014   0.107509   0.333508
-0.496014   0.167666   0.331929
0.448413   0.165211   0.384135
-0.494641   0.110562   0.389301
0.445925   0.222693   0.333188
0.49946   0.274308   0.334192
0.447176   0.274287   0.389704
-0.49349   0.222935   0.39016
0.447553   0.329498   0.333884
-0.496301   0.388137   0.338121
0.44271   0.383136   0.385148
-0.499523   0.330761   0.389676
0.44442   0.44236   0.33603
-0.498041   -0.497683   0.327693
0.445028   -0.496861   0.388693
0.497582   0.445174   0.385844
0.442841   -0.444092   0.335143
0.495347   -0.388996   0.329294
0.435557   -0.390539   0.388243
0.498504   -0.438504   0.387764
0.44114   -0.332019   0.33457
-0.497548   -0.280539   0.333168
0.44584   -0.276088   0.383319
0.494123   -0.33876   0.393149
0.443873   -0.22377   0.331959
-0.49428   -0.166512   0.328829
0.441831   -0.165156   0.391238
-0.497925   -0.222095   0.386328
0.4467   -0.10892   0.33469
-0.498033   -0.0589177   0.331606
0.444379   -0.0547598   0.383921
-0.495859   -0.112082   0.390788
-0.442005   0.000974884   0.330226
-0.387574   0.0551647   0.327457
-0.445158   0.0533079   0.388702
-0.391349   -0.00462998   0.3889
-0.439931   0.109351   0.33173
-0.388338   0.167742   0.341562
-0.443283   0.157841   0.387737
-0.388303   0.107931   0.389468
-0.443471   0.224704   0.333654
-0.38106   0.277821   0.335201
-0.438963   0.275429   0.391271
-0.387366   0.223578   0.388569
-0.437275   0.328906   0.334496
-0.384983   0.384665   0.330666
-0.437785   0.38487   0.386368
-0.385686   0.332066   0.396052
-0.444778   0.445834   0.334254
-0.390115   0.498733   0.335568
-0.448315   -0.498273   0.389053
-0.388191   0.443042   0.383228
-0.447713   -0.446604   0.336284
-0.389188   -0.394341   0.33424
-0.441019   -0.389733   0.3843
-0.386556   -0.446742   0.38716
-0.44499   -0.335411   0.333783
-0.383545   -0.283637   0.334381
-0.445346   -0.276409   0.386925
-0.3843   -0.337993   0.386603
-0.436748   -0.22842   0.332892
-0.386457   -0.168654   0.332911
-0.445848   -0.172004   0.389086
-0.38896   -0.225768   0.385633
-0.442376   -0.115539   0.33543
-0.392728   -0.0571399   0.333607
-0.450592   -0.0545631   0.390954
-0.385639   -0.111125   0.385835
-0.335656   -0.000450732   0.328837
-0.278215   0.0506235   0.338053
-0.336194   0.0500282   0.390108
-0.273835   -0.00438492   0.386788
-0.333922   0.108162   0.336026
-0.277702   0.163162   0.337748
-0.334551   0.164493   0.391672
-0.275746   0.109075   0.389296
-0.330018   0.217915   0.333125
-0.280078   0.276992   0.337141
-0.327187   0.281611   0.394259
-0.280088   0.218714   0.389262
-0.328444   0.332734   0.333114
-0.275542   0.386548   0.330873
-0.332152   0.393934   0.394772
-0.27249   0.331448   0.391283
-0.331898   0.443717   0.335786
-0.274777   0.498417   0.335782
-0.329711   -0.496658   0.38883
-0.279404   0.446207   0.390386
-0.330179   -0.446503   0.334308
-0.277121   -0.385624   0.330249
-0.332998   -0.388596   0.387751
-0.277599   -0.44596   0.388433
-0.32919   -0.332626   0.3357
-0.272989   -0.275932   0.33573
-0.330054   -0.276847   0.391563
-0.275685   -0.339293   0.391764
-0.331594   -0.220939   0.33271
-0.272171   -0.16604   0.335931
-0.328517   -0.166961   0.389449
-0.275392   -0.222975   0.391855
-0.330911   -0.111932   0.334691
-0.270994   -0.0602668   0.334408
-0.334991   -0.0537363   0.386821
-0.278329   -0.112303   0.389416
-0.220895   -0.00118704   0.336567
-0.165117   0.056461   0.329804
-0.219812   0.056697   0.386842
-0.164142   0.000762662   0.389107
-0.220035   0.11009   0.336663
-0.164385   0.165854   0.336658
-0.22256   0.165373   0.385704
-0.164288   0.111993   0.392213
-0.220512   0.222369   0.332351
-0.170875   0.27787   0.338833
-0.221187   0.275274   0.392428
-0.168945   0.219984   0.390878
-0.223314   0.334941   0.330927
-0.16664   0.390408   0.328109
-0.2254   0.390554   0.386321
-0.170804   0.332913   0.386635
-0.220524   0.445702   0.333492
-0.166748   -0.496078   0.332922
-0.221987   0.498359   0.391214
-0.165614   0.448948   0.384654
-0.224966   -0.440319   0.335303
-0.168434   -0.390236   0.330329
-0.224955   -0.390909   0.394016
-0.168279   -0.444521   0.390887
-0.218195   -0.335529   0.332447
-0.165099   -0.276552   0.33207
-0.223539   -0.279855   0.387361
-0.163295   -0.342148   0.384451
-0.218936   -0.221951   0.337199
-0.164367   -0.168434   0.337614
-0.216937   -0.164841   0.387285
-0.165497   -0.22394   0.392493
-0.215209   -0.112542   0.333391
-0.16978   -0.0556784   0.330157
-0.216835   -0.0579373   0.388169
-0.162123   -0.116076   0.387302
-0.110451   -0.00365731   0.333994
-0.0559293   0.0532569   0.336539
-0.10919   0.0528648   0.392162
-0.0555476   -0.000430558   0.391244
-0.107305   0.113635   0.336125
-0.051984   0.168335   0.33987
-0.111497   0.170396   0.39075
-0.057312   0.108537   0.391557
-0.107664   0.225481   0.33278
-0.0601465   0.281053   0.33488
-0.109753   0.281119   0.393113
-0.0571602   0.226031   0.392587
-0.112185   0.330367   0.335421
-0.0583757   0.387239   0.33342
-0.114006   0.387211   0.388913
-0.0581893   0.338725   0.391011
-0.108406   0.450356   0.33238
-0.0495651   0.496568   0.333723
-0.107998   0.498618   0.392452
-0.0527778   0.442744   0.387256
-0.108975   -0.442221   0.332287
-0.0540989   -0.389282   0.334374
-0.108877   -0.393888   0.389057
-0.0534794   -0.444789   0.386263
-0.110122   -0.337165   0.333285
-0.0545021   -0.275429   0.333346
-0.110927   -0.276129   0.387143
-0.0594146   -0.332502   0.387776
-0.107066   -0.225206   0.332983
-0.0524206   -0.166347   0.333716
-0.108768   -0.16896   0.392878
-0.051932   -0.219662   0.389532
-0.111211   -0.112682   0.331099
-0.0524264   -0.0569969   0.332422
-0.1146   -0.0590198   0.387232
-0.0604003   -0.110181   0.38894
0.0024909   -0.00761424   0.443399
0.0557101   0.0519588   0.44362
0.0070798   0.055639   0.499454
0.0541824   -0.00279871   -0.499286
0.000249774   0.105678   0.445109
0.0520416   0.164084   0.447311
-0.00378802   0.16592   -0.499085
0.0571856   0.111901   -0.499221
-0.00396956   0.222787   0.450316
0.0502714   0.276191   0.442586
-0.000236494   0.277497   -0.498479
0.0535057   0.220122   0.496946
0.000239063   0.333123   0.447892
0.0573093   0.390327   0.446923
0.00440799   0.387954   -0.49788
0.0568426   0.330178   -0.498021
-0.000646881   0.445805   0.44888
0.0542118   0.498599   0.445578
-0.00248474   -0.497533   -0.499674
0.0589065   0.439336   -0.498866
-0.00137772   -0.445136   0.440015
0.0514896   -0.393915   0.447147
-0.00247985   -0.392036   0.498759
0.0506667   -0.448004   0.49666
-0.00649838   -0.333191   0.442869
0.0561718   -0.27857   0.446786
0.000185777   -0.283348   -0.49818
0.0536636   -0.334433   0.495677
-0.000943096   -0.223438   0.4497
0.0560941   -0.16807   0.447415
0.00575339   -0.169542   -0.495439
0.0546494   -0.223505   -0.499259
-0.000505562   -0.109283   0.445467
0.0608363   -0.0552784   0.442073
0.00399319   -0.0559921   -0.492262
0.0546494   -0.10939   0.499524
0.115258   0.00722883   0.445625
0.17291   0.0609813   0.44247
0.111466   0.0558191   0.497581
0.168668   0.00352456   0.499875
0.107179   0.112885   0.445644
0.168942   0.16454   0.444758
0.108524   0.168188   0.499838
0.16038   0.112681   0.497821
0.10904   0.221849   0.442611
0.163224   0.283278   0.447824
0.107378   0.275233   -0.497984
0.16232   0.217786   0.493169
0.106103   0.332527   0.449135
0.162501   0.390201   0.445038
0.111937   0.390679   -0.497403
0.168362   0.328743   -0.494114
0.110116   0.443475   0.444825
0.165876   -0.499242   0.444736
0.109356   0.499369   -0.496498
0.166045   0.443003   -0.498666
0.106823   -0.445376   0.449986
0.165792   -0.385452   0.448877
0.111492   -0.392176   -0.496298
0.164774   -0.44623   -0.497935
0.109455   -0.329412   0.448954
0.164994   -0.274701   0.442286
0.113802   -0.275839   0.499532
0.164929   -0.336012   0.499878
0.109912   -0.220938   0.447271
0.165549   -0.169197   0.449223
0.108593   -0.166834   0.498711
0.168658   -0.222039   0.496606
0.11188   -0.10876   0.445639
0.167891   -0.0515494   0.445301
0.108529   -0.0561851   0.498084
0.170917   -0.109905   0.498432
0.221541   0.00808732   0.442615
0.27874   0.0624041   0.443863
0.22421   0.0605985   -0.499663
0.276501   0.00207195   -0.499429
0.225588   0.114647   0.444225
0.274813   0.168428   0.443408
0.226127   0.164844   -0.498295
0.279186   0.115105   -0.496736
0.218225   0.219316   0.440963
0.276783   0.275728   0.440422
0.221069   0.275693   0.499791
0.278707   0.225176   -0.499505
0.220697   0.333386   0.442592
0.277122   0.385761   0.446437
0.221034   0.381792   -0.499592
0.278586   0.329791   -0.49737
0.218794   0.448143   0.44061
0.277766   -0.499148   0.4468
0.220787   -0.498983   -0.498822
0.270308   0.440115   0.497091
0.219988   -0.442353   0.446309
0.282005   -0.386306   0.448291
0.219137   -0.38709   -0.49514
0.279217   -0.441917   -0.496654
0.219761   -0.328827   0.449028
0.281004   -0.27373   0.443854
0.222115   -0.2788   -0.497536
0.278966   -0.332171   -0.499662
0.223964   -0.219212   0.440843
0.278681   -0.162758   0.446461
0.223817   -0.161767   0.496318
0.276404   -0.219458   0.49766
0.228303   -0.104925   0.443605
0.274552   -0.0523646   0.44677
0.22116   -0.0460978   -0.493206
0.280022   -0.109421   -0.496168
0.331965   0.0025984   0.449645
0.386104   0.061495   0.442991
0.335641   0.0612768   0.498756
0.388753   -0.00113526   0.499901
0.330551   0.117171   0.447151
0.388277   0.167495   0.440592
0.33143   0.168877   -0.496292
0.390008   0.113482   -0.499675
0.330216   0.217561   0.44039
0.389961   0.276883   0.448331
0.33351   0.276724   -0.497008
0.387084   0.220807   0.498325
0.336073   0.333571   0.448626
0.393897   0.385896   0.44759
0.334608   0.392132   0.498407
0.390922   0.33379   -0.496953
0.330553   0.445537   0.443317
0.391647   0.499598   0.444921
0.337124   0.498552   0.499842
0.392063   0.445252   0.492151
0.331763   -0.447582   0.446982
0.386538   -0.388858   0.450942
0.33132   -0.388841   -0.498788
0.390508   -0.446177   0.499565
0.332912   -0.336019   0.445757
0.392188   -0.277874   0.442841
0.334717   -0.275634   -0.499012
0.387689   -0.330702   0.498435
0.339694   -0.219971   0.445536
0.386929   -0.163146   0.451332
0.332322   -0.165238   -0.498241
0.391257   -0.220368   0.499824
0.33042   -0.105124   0.44614
0.386653   -0.0537924   0.442071
0.332966   -0.0522272   -0.497788
0.39259   -0.109459   -0.498498
0.443721   -0.000172316   0.447098
0.496409   0.0548821   0.44491
0.445717   0.0530849   -0.499603
0.499341   0.00118539   -0.496604
0.44249   0.111825   0.444779
0.497411   0.165135   0.448279
0.445989   0.165449   -0.496744
0.496561   0.105972   -0.497484
0.444551   0.21873   0.443127
0.499044   0.275049   0.442783
0.446487   0.277727   0.498462
-0.499154   0.221551   0.499643
0.444089   0.329288   0.443562
-0.499123   0.383904   0.439087
0.446385   0.388488   -0.496049
0.496784   0.332044   0.499182
0.448395   0.444759   0.441433
-0.496245   -0.495523   0.445864
0.447515   0.499313   0.49831
-0.49484   0.448403   -0.499439
0.443914   -0.446253   0.442697
0.495593   -0.39339   0.447577
0.442576   -0.391562   -0.497878
0.499556   -0.447828   -0.497162
0.441146   -0.337694   0.442363
0.495812   -0.276438   0.445347
0.44249   -0.27918   -0.495337
0.497054   -0.33806   -0.498697
0.440927   -0.219527   0.447277
0.49937   -0.168315   0.444971
0.446094   -0.166009   -0.497761
0.497151   -0.222839   -0.498461
0.440178   -0.115319   0.44663
0.497644   -0.059987   0.441429
0.447981   -0.0528833   -0.496968
-0.499478   -0.11325   0.494888
-0.448371   0.000745554   0.443973
-0.38765   0.0527511   0.445799
-0.445396   0.0540932   -0.499924
-0.391482   0.0025292   -0.498542
-0.444567   0.106243   0.444201
-0.389725   0.163041   0.440249
-0.443841   0.169384   0.497026
-0.391531   0.109944   0.493371
-0.440855   0.220319   0.441247
-0.387209   0.272163   0.44717
-0.443529   0.275819   0.497788
-0.384705   0.220124   0.498457
-0.444604   0.335199   0.446362
-0.390245   0.399333   0.447806
-0.445561   0.389908   0.495665
-0.390224   0.328755   0.497087
-0.447685   0.448737   0.439819
-0.388962   -0.499876   0.441039
-0.439628   -0.499462   0.497337
-0.388451   0.448957   0.498064
-0.444054   -0.44613   0.444002
-0.390809   -0.388084   0.444456
-0.444062   -0.394592   0.498414
-0.386997   -0.442479   -0.4974
-0.446665   -0.335928   0.439472
-0.39426   -0.281078   0.442073
-0.442176   -0.279181   0.497712
-0.390915   -0.33824   -0.496696
-0.446846   -0.22523   0.448851
-0.389872   -0.170846   0.440813
-0.447379   -0.170542   -0.49924
-0.388099   -0.226121   0.495877
-0.439819   -0.112956   0.444986
-0.388689   -0.0551063   0.44204
-0.444668   -0.0534429   0.494907
-0.390906   -0.113382   0.499554
-0.334825   -0.000595931   0.448689
-0.27479   0.0527778   0.443949
-0.329582   0.054635   0.498398
-0.279874   -0.00294935   0.498982
-0.328707   0.106425   0.444889
-0.275093   0.161311   0.439546
-0.33063   0.16123   0.496892
-0.274679   0.105557   0.498313
-0.325327   0.22104   0.446275
-0.2754   0.278692   0.446934
-0.330829   0.277746   -0.495885
-0.277499   0.21882   -0.490599
-0.330454   0.337076   0.448989
-0.278201   0.392096   0.450495
-0.334526   0.391361   -0.498689
-0.272197   0.325594   -0.490585
-0.330809   0.450525   0.441291
-0.279325   -0.496985   0.446498
-0.332914   0.496739   0.498592
-0.274905   0.443491   -0.494509
-0.337552   -0.441907   0.440143
-0.277619   -0.39182   0.445615
-0.332947   -0.392123   -0.498934
-0.277713   -0.446242   -0.499286
-0.333864   -0.332421   0.443032
-0.273651   -0.282582   0.443444
-0.335411   -0.280949   0.493891
-0.27654   -0.338111   -0.499517
-0.329103   -0.219588   0.444519
-0.277529   -0.165792   0.446966
-0.330047   -0.168635   0.498085
-0.276729   -0.220541   -0.49887
-0.330679   -0.106876   0.44009
-0.27435   -0.055006   0.440031
-0.328961   -0.0611531   -0.498371
-0.276376   -0.111126   0.49844
-0.213327   -0.00645209   0.442868
-0.166565   0.0534286   0.443758
-0.224216   0.0475406   0.498283
-0.166537   8.8061e-05   -0.499164
-0.220319   0.111223   0.443145
-0.162412   0.166563   0.444005
-0.215914   0.159985   -0.498552
-0.166696   0.107027   0.49735
-0.225949   0.219481   0.44525
-0.168246   0.276469   0.4436
-0.217067   0.272082   -0.496944
-0.166692   0.216747   0.499313
-0.226755   0.333413   0.44217
-0.171827   0.39124   0.438761
-0.222758   0.390232   -0.499972
-0.171921   0.337193   0.497229
-0.226923   0.441199   0.444357
-0.169894   -0.494994   0.446814
-0.22449   0.498912   -0.492047
-0.170193   0.449877   -0.499633
-0.222041   -0.447271   0.44506
-0.165277   -0.39157   0.446147
-0.220745   -0.39231   -0.497464
-0.167079   -0.448559   -0.491131
-0.219108   -0.335922   0.445489
-0.169142   -0.281649   0.440188
-0.219894   -0.281745   0.499024
-0.167055   -0.33629   0.495799
-0.223804   -0.216959   0.446378
-0.164046   -0.167254   0.445486
-0.221118   -0.166181   0.497995
-0.166806   -0.223133   0.495134
-0.217472   -0.114231   0.443251
-0.160989   -0.0623192   0.449768
-0.219079   -0.0606913   -0.4993
-0.166059   -0.113835   -0.495456
-0.109801   -0.00450311   0.442056
-0.0543608   0.0503658   0.444584
-0.108409   0.0531831   0.49661
-0.0515837   -0.00324594   0.499366
-0.110443   0.112499   0.447693
-0.0581347   0.169531   0.442204
-0.109382   0.163936   -0.497825
-0.0501014   0.109408   -0.499371
-0.113426   0.224242   0.443727
-0.0573431   0.280204   0.446109
-0.118024   0.281666   0.498834
-0.0629417   0.223874   0.496724
-0.116234   0.337898   0.4453
-0.0590761   0.392671   0.448033
-0.114529   0.395435   0.497736
-0.0556955   0.335616   -0.498216
-0.112063   0.445599   0.442668
-0.0566941   0.497395   0.446404
-0.108354   -0.499471   -0.495584
-0.0516181   0.439635   -0.494027
-0.113361   -0.445805   0.449627
-0.0594976   -0.390297   0.448977
-0.112684   -0.388328   -0.497429
-0.052329   -0.44499   0.498833
-0.109003   -0.331567   0.449103
-0.0557477   -0.278927   0.446788
-0.108527   -0.275854   -0.499017
-0.0550491   -0.337282   -0.494149
-0.108495   -0.223394   0.446086
-0.0531426   -0.169462   0.447704
-0.110275   -0.168668   -0.496266
-0.0564284   -0.220485   -0.494116
-0.107609   -0.119559   0.446369
-0.0545386   -0.0581287   0.441076
-0.107286   -0.0555679   0.497811
-0.0461479   -0.112257   -0.498322
0.00308544   -0.000771044   -0.442106
0.0573751   0.0573624   -0.446308
0.0024833   0.0577951   -0.385781
0.0531072   -0.00132687   -0.38621
0.00286476   0.111502   -0.443408
0.0492524   0.168852   -0.446039
0.00512878   0.172402   -0.386794
0.0560646   0.113794   -0.393934
-0.00498945   0.222344   -0.445138
0.050855   0.277898   -0.446005
0.00112884   0.279471   -0.39203
0.0537957   0.224685   -0.383802
-0.00111639   0.334055   -0.447101
0.0588434   0.388579   -0.442685
-0.00045978   0.393863   -0.386227
0.0515761   0.333744   -0.391505
0.00215505   0.447377   -0.447037
0.0540669   0.499941   -0.441249
-0.0035252   0.498688   -0.386369
0.0566615   0.439153   -0.389313
0.00577967   -0.44358   -0.443756
0.059777   -0.38914   -0.447884
-0.00179311   -0.39044   -0.392639
0.054244   -0.452852   -0.383629
0.00256307   -0.334705   -0.443706
0.0584257   -0.275757   -0.444097
0.00177195   -0.279126   -0.390404
0.0590954   -0.331409   -0.389041
0.00215537   -0.226962   -0.448908
0.0566885   -0.165662   -0.441396
0.00329437   -0.169323   -0.385313
0.0578112   -0.221714   -0.388621
-0.00139195   -0.112492   -0.43376
0.0556206   -0.0566779   -0.441103
0.00410293   -0.0569595   -0.384094
0.0558556   -0.116785   -0.386077
0.108252   -0.00038005   -0.439845
0.166572   0.0592594   -0.445544
0.10697   0.0603145   -0.391263
0.167617   0.00717549   -0.392476
0.112255   0.111409   -0.445568
0.163687   0.168226   -0.447936
0.11087   0.169892   -0.386967
0.168574   0.11886   -0.390927
0.103107   0.222194   -0.442514
0.162696   0.273697   -0.44271
0.106657   0.280724   -0.387269
0.16008   0.225285   -0.389246
0.110962   0.33551   -0.443393
0.164016   0.387157   -0.444315
0.114366   0.383233   -0.38386
0.171861   0.332712   -0.391635
0.111079   0.444177   -0.441779
0.167124   0.499207   -0.444163
0.108783   0.499577   -0.389396
0.16838   0.442085   -0.38897
0.104066   -0.442941   -0.443968
0.163633   -0.387875   -0.4416
0.110045   -0.392967   -0.389071
0.16624   -0.450484   -0.387064
0.109837   -0.333383   -0.450499
0.163768   -0.277073   -0.444301
0.116966   -0.274836   -0.387097
0.161388   -0.330607   -0.388958
0.114037   -0.220668   -0.444015
0.171578   -0.169379   -0.446688
0.112636   -0.165109   -0.390493
0.172981   -0.217297   -0.38644
0.111656   -0.110448   -0.439281
0.165589   -0.0553931   -0.44425
0.111562   -0.055944   -0.384559
0.168095   -0.112561   -0.394245
0.220816   0.0061596   -0.443664
0.27779   0.0573917   -0.445954
0.223671   0.0609476   -0.389079
0.275583   0.00419504   -0.390662
0.219831   0.114906   -0.442268
0.276464   0.168527   -0.441835
0.221752   0.168137   -0.388728
0.277317   0.114   -0.389266
0.222421   0.219768   -0.442155
0.279686   0.276786   -0.439581
0.222843   0.275999   -0.390861
0.278947   0.223497   -0.389936
0.22615   0.328647   -0.438648
0.278022   0.387117   -0.441815
0.225517   0.388517   -0.385766
0.281828   0.335528   -0.38348
0.22093   0.44365   -0.443437
0.275891   0.499919   -0.445993
0.221337   0.499485   -0.390561
0.276136   0.440728   -0.39074
0.22346   -0.444748   -0.443876
0.275328   -0.386999   -0.439249
0.220399   -0.38825   -0.3904
0.277353   -0.446824   -0.390137
0.221926   -0.329395   -0.43933
0.277737   -0.2743   -0.448992
0.220883   -0.273224   -0.38944
0.277678   -0.329033   -0.390811
0.220653   -0.222634   -0.446117
0.275212   -0.168384   -0.448459
0.224017   -0.164267   -0.390301
0.278849   -0.21731   -0.392372
0.220974   -0.104055   -0.444849
0.278274   -0.0517125   -0.448317
0.219438   -0.0514767   -0.391727
0.277559   -0.103979   -0.394259
0.333249   0.00698861   -0.447604
0.390506   0.0522639   -0.446465
0.331858   0.0531272   -0.386455
0.394184   0.00162926   -0.392239
0.332659   0.113618   -0.441023
0.386038   0.166222   -0.444171
0.330747   0.167253   -0.387004
0.384387   0.106336   -0.390447
0.335051   0.223976   -0.440954
0.39428   0.274157   -0.442712
0.336257   0.27825   -0.385257
0.385381   0.22202   -0.386787
0.334792   0.33671   -0.443536
0.391209   0.391321   -0.445785
0.331204   0.395244   -0.391988
0.387716   0.336653   -0.391331
0.330952   0.45096   -0.447232
0.392802   0.49658   -0.446749
0.33544   -0.496375   -0.389454
0.387349   0.447189   -0.386195
0.333318   -0.448852   -0.448636
0.390938   -0.389739   -0.444692
0.331273   -0.392569   -0.394739
0.390319   -0.445437   -0.391176
0.331921   -0.331699   -0.445479
0.387026   -0.279463   -0.445482
0.330596   -0.274296   -0.392767
0.384708   -0.330015   -0.395067
0.334149   -0.218322   -0.446114
0.392295   -0.166862   -0.444966
0.330281   -0.164108   -0.392105
0.383561   -0.221336   -0.391968
0.331854   -0.106644   -0.44556
0.385456   -0.0555906   -0.442277
0.331118   -0.0476062   -0.392758
0.390623   -0.108263   -0.390674
0.443879   0.00476177   -0.4453
-0.499337   0.0561841   -0.443235
0.445648   0.0589178   -0.392094
-0.499552   -0.00179277   -0.391001
0.444052   0.114353   -0.445011
-0.498037   0.167771   -0.448501
0.446026   0.170798   -0.387313
-0.495829   0.109485   -0.389207
0.441573   0.220293   -0.446481
0.496316   0.272653   -0.443698
0.444573   0.276116   -0.387685
-0.499408   0.223325   -0.382836
0.445092   0.332801   -0.443305
-0.495433   0.391519   -0.448616
0.449538   0.391745   -0.393342
0.498354   0.330725   -0.395925
0.448715   0.449615   -0.44356
-0.496082   -0.498438   -0.441282
0.447577   -0.498451   -0.391595
-0.491459   0.444673   -0.389284
0.44143   -0.44797   -0.445015
0.496109   -0.390658   -0.442771
0.442444   -0.389097   -0.392138
-0.496394   -0.444458   -0.391102
0.445962   -0.336226   -0.443517
-0.498892   -0.276328   -0.441036
0.441104   -0.275499   -0.391615
0.499519   -0.328198   -0.385106
0.442027   -0.220412   -0.44589
0.497969   -0.164515   -0.443913
0.443428   -0.169122   -0.394004
0.497269   -0.22457   -0.385592
0.442012   -0.112299   -0.440743
0.499251   -0.0575114   -0.442694
0.445365   -0.0579026   -0.390745
-0.494122   -0.111486   -0.387025
-0.442533   -0.00458777   -0.444768
-0.389697   0.0522936   -0.44627
-0.443596   0.053517   -0.383908
-0.389632   -0.000159967   -0.38634
-0.445348   0.109182   -0.445908
-0.393041   0.16575   -0.441368
-0.448949   0.173739   -0.385973
-0.394316   0.11151   -0.388405
-0.442048   0.219929   -0.443909
-0.387374   0.279216   -0.44644
-0.445065   0.281943   -0.390905
-0.385361   0.227464   -0.385247
-0.443893   0.332123   -0.450311
-0.392528   0.390141   -0.446973
-0.444182   0.387562   -0.389576
-0.386141   0.334352   -0.388565
-0.440849   0.443831   -0.446471
-0.38369   0.497039   -0.4453
-0.43941   -0.497382   -0.392113
-0.392452   0.444059   -0.389825
-0.44501   -0.445842   -0.445081
-0.386874   -0.393762   -0.439703
-0.442288   -0.389674   -0.381722
-0.38145   -0.444618   -0.386442
-0.444233   -0.330815   -0.445473
-0.387934   -0.280212   -0.445862
-0.442878   -0.279346   -0.390114
-0.391777   -0.328819   -0.388392
-0.441929   -0.224401   -0.446981
-0.391297   -0.170349   -0.449741
-0.448554   -0.170137   -0.389252
-0.390616   -0.223625   -0.388614
-0.445002   -0.109725   -0.445201
-0.390081   -0.0577519   -0.448807
-0.44272   -0.0549707   -0.386706
-0.390734   -0.113778   -0.390008
-0.339724   -0.00082925   -0.4446
-0.280263   0.0556003   -0.445306
-0.336616   0.0544659   -0.390922
-0.278669   -0.00284074   -0.388711
-0.336192   0.107116   -0.450011
-0.2755   0.158876   -0.442385
-0.330569   0.16357   -0.392302
-0.276371   0.106841   -0.385058
-0.335411   0.221965   -0.440136
-0.277988   0.276481   -0.438944
-0.331161   0.275706   -0.387944
-0.273253   0.221703   -0.386923
-0.331857   0.331176   -0.440863
-0.276392   0.38691   -0.439849
-0.332398   0.389774   -0.386025
-0.277666   0.330683   -0.386382
-0.33643   0.443444   -0.441169
-0.283429   0.494865   -0.441643
-0.334014   0.4951   -0.386017
-0.281929   0.444684   -0.385347
-0.329886   -0.44563   -0.443206
-0.279612   -0.38868   -0.444109
-0.336344   -0.382846   -0.382737
-0.28122   -0.445801   -0.38917
-0.334337   -0.336827   -0.443089
-0.27626   -0.278032   -0.449257
-0.330287   -0.281234   -0.390914
-0.278049   -0.332152   -0.386647
-0.335265   -0.225665   -0.448571
-0.276029   -0.162827   -0.44347
-0.333963   -0.171632   -0.390602
-0.276863   -0.224997   -0.389119
-0.332167   -0.116458   -0.446302
-0.269992   -0.0575019   -0.439
-0.338365   -0.0609975   -0.392135
-0.277243   -0.111345   -0.390074
-0.219507   -0.00614073   -0.444641
-0.163595   0.055186   -0.44221
-0.222435   0.0505586   -0.392759
-0.164338   0.00430391   -0.384948
-0.218286   0.102462   -0.445055
-0.163452   0.164296   -0.44142
-0.224689   0.164422   -0.391721
-0.171815   0.113167   -0.387645
-0.22056   0.220722   -0.445277
-0.163828   0.276811   -0.437887
-0.220562   0.275579   -0.386856
-0.166843   0.219484   -0.388274
-0.221589   0.332342   -0.438159
-0.16791   0.39161   -0.446026
-0.223368   0.392017   -0.385025
-0.166021   0.335696   -0.386592
-0.225672   0.443553   -0.439658
-0.172847   0.497997   -0.438244
-0.229372   0.494895   -0.387554
-0.166218   0.44736   -0.38559
-0.223039   -0.446304   -0.439708
-0.172389   -0.393698   -0.442161
-0.229237   -0.387592   -0.388972
-0.166537   -0.444712   -0.386403
-0.223515   -0.338084   -0.444535
-0.168436   -0.274044   -0.445403
-0.223007   -0.281856   -0.393134
-0.172039   -0.336071   -0.3862
-0.220615   -0.222761   -0.447569
-0.172648   -0.170201   -0.445034
-0.220601   -0.170437   -0.385984
-0.169054   -0.225886   -0.387345
-0.219055   -0.112066   -0.445351
-0.159659   -0.0555559   -0.448377
-0.217462   -0.0561133   -0.386072
-0.163821   -0.11203   -0.394475
-0.109586   0.00314563   -0.442521
-0.0546711   0.0572724   -0.443165
-0.111798   0.0575896   -0.385506
-0.0565316   0.00275704   -0.389962
-0.114602   0.110456   -0.441551
-0.0559852   0.158965   -0.445225
-0.109677   0.169942   -0.386907
-0.0514369   0.116294   -0.385596
-0.110066   0.224604   -0.448128
-0.0542773   0.279931   -0.44826
-0.108876   0.273812   -0.388834
-0.0537355   0.220273   -0.381974
-0.110092   0.335955   -0.440513
-0.0580318   0.388486   -0.438777
-0.115393   0.389231   -0.386946
-0.0530875   0.329384   -0.383889
-0.113699   0.445718   -0.441719
-0.0504752   -0.499617   -0.443997
-0.111957   -0.497869   -0.388863
-0.0577126   0.447479   -0.390777
-0.108647   -0.445253   -0.444844
-0.0611392   -0.383795   -0.436953
-0.11642   -0.390785   -0.38842
-0.0532926   -0.446186   -0.391332
-0.113517   -0.333069   -0.443834
-0.0548216   -0.282455   -0.444782
-0.108395   -0.27855   -0.388076
-0.0494928   -0.331679   -0.390376
-0.111042   -0.221945   -0.442642
-0.0560449   -0.165187   -0.443766
-0.11164   -0.164935   -0.39259
-0.0511486   -0.220245   -0.387631
-0.10755   -0.109685   -0.446213
-0.052573   -0.0500603   -0.441627
-0.113288   -0.0510697   -0.384897
-0.0621082   -0.107013   -0.387434
-0.00255054   0.00272382   -0.334141
0.0551627   0.058416   -0.331712
-0.000765041   0.0579218   -0.280279
0.057671   0.0034025   -0.276546
0.00255828   0.113571   -0.333049
0.0599173   0.163233   -0.33236
0.00286953   0.167019   -0.276655
0.0561626   0.107232   -0.275658
0.0043069   0.223573   -0.326498
0.0583218   0.275471   -0.329937
-0.00101995   0.27523   -0.274568
0.0559297   0.221658   -0.275009
-0.00356473   0.329794   -0.331146
0.0528641   0.381588   -0.333541
0.00101172   0.38817   -0.273688
0.0523907   0.32931   -0.272796
0.00185126   0.444837   -0.332093
0.053402   0.497146   -0.329985
-0.00225957   -0.498705   -0.277483
0.0586922   0.446609   -0.277639
-0.00140974   -0.442015   -0.338286
0.0548554   -0.393205   -0.339199
-0.00332058   -0.385832   -0.279265
0.0536412   -0.442679   -0.283494
0.00462161   -0.333791   -0.333255
0.0551914   -0.276055   -0.337275
0.00361745   -0.278116   -0.281565
0.0571158   -0.330107   -0.281123
0.00515677   -0.221809   -0.331836
0.0560066   -0.167695   -0.332025
0.00404181   -0.166779   -0.27843
0.0585518   -0.222215   -0.276929
0.00273184   -0.110827   -0.331527
0.0609944   -0.0606318   -0.328774
-0.000382078   -0.0481188   -0.277545
0.0592036   -0.111286   -0.277556
0.110395   0.00231971   -0.33268
0.165125   0.0623119   -0.33725
0.114203   0.0569316   -0.27919
0.168429   0.0044412   -0.28311
0.114777   0.11425   -0.334301
0.167652   0.172644   -0.333972
0.114638   0.167878   -0.279025
0.169995   0.114119   -0.27441
0.112842   0.222838   -0.33172
0.163742   0.27676   -0.332475
0.107735   0.274276   -0.276634
0.165592   0.222078   -0.27718
0.115018   0.334834   -0.326017
0.166447   0.387346   -0.330993
0.106174   0.387599   -0.273209
0.169281   0.331847   -0.272039
0.111997   0.440864   -0.333938
0.168889   0.495276   -0.333412
0.116107   0.499148   -0.278619
0.165102   0.442816   -0.275716
0.113079   -0.450891   -0.335728
0.165049   -0.388194   -0.338661
0.108552   -0.385378   -0.282024
0.165689   -0.441606   -0.285714
0.110255   -0.333367   -0.333574
0.168597   -0.274845   -0.332253
0.112159   -0.27618   -0.276038
0.170672   -0.332421   -0.281586
0.110501   -0.219179   -0.334454
0.170479   -0.165821   -0.3357
0.118239   -0.166061   -0.27679
0.165541   -0.221906   -0.277097
0.118242   -0.110181   -0.335082
0.169341   -0.0554526   -0.337398
0.116995   -0.0513671   -0.278664
0.166944   -0.113278   -0.278942
0.220207   0.00658066   -0.336807
0.275766   0.0628445   -0.332604
0.2227   0.0607252   -0.279326
0.280351   0.00760181   -0.280137
0.220389   0.118821   -0.333654
0.277516   0.167827   -0.330523
0.222478   0.174416   -0.274125
0.275852   0.116236   -0.275239
0.220901   0.227538   -0.334446
0.279186   0.279939   -0.331233
0.221305   0.279576   -0.275151
0.278042   0.224685   -0.279879
0.218705   0.333237   -0.336006
0.279973   0.387414   -0.330008
0.226846   0.389719   -0.282655
0.283372   0.33555   -0.274195
0.22434   0.445281   -0.334435
0.274974   -0.497662   -0.33301
0.225196   0.49794   -0.277245
0.280128   0.448666   -0.278812
0.22358   -0.445544   -0.331014
0.276392   -0.388662   -0.335508
0.219013   -0.389023   -0.285681
0.277873   -0.440493   -0.27956
0.223732   -0.333627   -0.338496
0.27369   -0.276747   -0.33367
0.22056   -0.270411   -0.280106
0.273987   -0.332618   -0.283085
0.224041   -0.220531   -0.331423
0.275858   -0.16299   -0.337327
0.221866   -0.165689   -0.274901
0.278962   -0.22238   -0.279561
0.223568   -0.106712   -0.335145
0.27497   -0.0460959   -0.338219
0.225291   -0.0535113   -0.280491
0.28207   -0.109164   -0.282032
0.333214   0.00280215   -0.332816
0.388681   0.054092   -0.331885
0.334737   0.0550295   -0.280603
0.390753   -0.00322234   -0.283672
0.335345   0.113625   -0.33125
0.387771   0.164862   -0.337113
0.335284   0.167771   -0.278788
0.390496   0.111309   -0.273421
0.333067   0.222955   -0.330936
0.390553   0.280598   -0.332489
0.333404   0.280217   -0.273571
0.385468   0.222968   -0.27857
0.33719   0.336335   -0.333696
0.392409   0.391893   -0.334867
0.337051   0.390091   -0.273437
0.390527   0.332045   -0.274355
0.332948   0.442319   -0.333325
0.389355   -0.497748   -0.331122
0.336505   -0.499784   -0.279018
0.389575   0.446776   -0.282873
0.329762   -0.445608   -0.332382
0.385614   -0.3904   -0.336983
0.332031   -0.38537   -0.279202
0.385496   -0.446714   -0.275543
0.336863   -0.333324   -0.335424
0.384767   -0.271777   -0.335799
0.336036   -0.277984   -0.27941
0.388402   -0.333212   -0.27539
0.327991   -0.219821   -0.334944
0.390003   -0.16492   -0.337169
0.333716   -0.16238   -0.286885
0.38424   -0.2221   -0.279723
0.330552   -0.103514   -0.337036
0.38524   -0.055247   -0.339054
0.332385   -0.0510019   -0.277243
0.382723   -0.111064   -0.282947
0.446392   0.00116166   -0.334427
0.498156   0.0543941   -0.336725
0.445725   0.0589157   -0.279427
0.498184   -0.00201647   -0.280758
0.441911   0.109247   -0.335107
-0.499836   0.158387   -0.332358
0.447332   0.166201   -0.274375
-0.498542   0.110266   -0.273438
0.441687   0.223129   -0.332761
-0.499624   0.272555   -0.32804
0.445563   0.277557   -0.274136
-0.495709   0.22115   -0.273566
0.444869   0.332232   -0.334062
-0.499592   0.390048   -0.338664
0.450631   0.39025   -0.283963
-0.496694   0.328654   -0.276096
0.445877   0.448304   -0.335964
0.498929   -0.495499   -0.337485
0.444822   -0.495989   -0.280954
0.499983   0.447499   -0.28097
0.440368   -0.443857   -0.331439
0.499046   -0.387282   -0.335514
0.441097   -0.38551   -0.285106
-0.499411   -0.447741   -0.278461
0.434363   -0.3356   -0.340138
0.49453   -0.276839   -0.327386
0.442419   -0.281295   -0.276258
0.498597   -0.333293   -0.276349
0.438086   -0.220436   -0.3356
-0.498429   -0.167778   -0.332406
0.444362   -0.167125   -0.279519
0.492352   -0.218948   -0.276757
0.44497   -0.112804   -0.334987
-0.495917   -0.0586999   -0.334176
0.446487   -0.0607899   -0.280502
-0.499213   -0.11113   -0.274237
-0.443435   0.00433711   -0.332134
-0.386658   0.0514531   -0.333633
-0.450851   0.0509827   -0.27281
-0.384603   -0.000580802   -0.283644
-0.446174   0.106474   -0.328814
-0.391177   0.163361   -0.335555
-0.442078   0.157829   -0.271839
-0.389733   0.107548   -0.276383
-0.445619   0.215092   -0.326838
-0.380103   0.27977   -0.333612
-0.439201   0.275622   -0.283114
-0.388128   0.220034   -0.276906
-0.443822   0.334184   -0.336617
-0.388686   0.388436   -0.331611
-0.446984   0.386692   -0.281267
-0.387566   0.329558   -0.275371
-0.441729   0.448008   -0.333233
-0.388797   -0.499888   -0.334836
-0.445993   -0.499352   -0.28077
-0.386243   0.44965   -0.2762
-0.447688   -0.444679   -0.330678
-0.389916   -0.385408   -0.328688
-0.44387   -0.394012   -0.277581
-0.389806   -0.449225   -0.272931
-0.441414   -0.329693   -0.329043
-0.389596   -0.274567   -0.330148
-0.44584   -0.276652   -0.273928
-0.391569   -0.331069   -0.274506
-0.446565   -0.2258   -0.329691
-0.389352   -0.167094   -0.333255
-0.449435   -0.169827   -0.273481
-0.391476   -0.220616   -0.279788
-0.441541   -0.113952   -0.329917
-0.389431   -0.0579046   -0.331646
-0.442777   -0.0531087   -0.27839
-0.391726   -0.110985   -0.274307
-0.336364   -0.00352182   -0.336116
-0.276836   0.0540664   -0.332421
-0.333266   0.0535402   -0.28046
-0.271654   0.000341853   -0.279392
-0.338081   0.108079   -0.33789
-0.279094   0.161564   -0.334272
-0.336746   0.161994   -0.28227
-0.2823   0.106727   -0.275604
-0.331933   0.216952   -0.334917
-0.276967   0.273333   -0.329302
-0.330585   0.277529   -0.277911
-0.276535   0.219421   -0.27924
-0.330308   0.335986   -0.333191
-0.276172   0.390015   -0.328
-0.334749   0.388439   -0.278787
-0.277728   0.329749   -0.274349
-0.332342   0.444667   -0.326835
-0.274677   0.499005   -0.331823
-0.331749   -0.499397   -0.27265
-0.274064   0.443605   -0.275124
-0.333557   -0.447419   -0.328718
-0.280749   -0.388316   -0.326777
-0.331584   -0.391891   -0.278471
-0.274483   -0.445703   -0.278828
-0.333239   -0.331678   -0.323425
-0.277865   -0.278649   -0.33312
-0.336905   -0.274392   -0.274021
-0.282692   -0.332868   -0.271964
-0.333572   -0.220222   -0.336117
-0.27792   -0.165863   -0.330843
-0.332081   -0.159748   -0.276104
-0.27973   -0.220862   -0.278398
-0.333965   -0.112926   -0.332661
-0.273668   -0.053146   -0.33413
-0.3284   -0.0557037   -0.279281
-0.274365   -0.107992   -0.277084
-0.218485   0.00186972   -0.33313
-0.166098   0.060062   -0.331623
-0.216085   0.0583691   -0.271498
-0.163843   -0.000568559   -0.279559
-0.223807   0.109815   -0.32884
-0.166182   0.166411   -0.335013
-0.223087   0.164714   -0.276442
-0.16181   0.113104   -0.280495
-0.219987   0.218398   -0.331316
-0.16389   0.278413   -0.333202
-0.220207   0.275524   -0.276753
-0.166093   0.223365   -0.276809
-0.222374   0.330474   -0.331626
-0.165301   0.387809   -0.326454
-0.221393   0.390926   -0.274502
-0.16704   0.327863   -0.279944
-0.220008   0.44612   -0.329222
-0.164376   -0.499898   -0.332399
-0.219392   -0.496721   -0.277059
-0.165279   0.443962   -0.272455
-0.220119   -0.447753   -0.332626
-0.168415   -0.385697   -0.330145
-0.223374   -0.386192   -0.275406
-0.161945   -0.44024   -0.278213
-0.225749   -0.337852   -0.330561
-0.164406   -0.272307   -0.33173
-0.224083   -0.279292   -0.279562
-0.166348   -0.328911   -0.273718
-0.223753   -0.226194   -0.335998
-0.164349   -0.169352   -0.328314
-0.220704   -0.169452   -0.280637
-0.166244   -0.224015   -0.274668
-0.219684   -0.114651   -0.333776
-0.163545   -0.0580269   -0.330513
-0.218763   -0.060164   -0.278125
-0.164749   -0.115396   -0.276023
-0.107465   0.000372673   -0.334098
-0.0545234   0.0599624   -0.335602
-0.111221   0.0537384   -0.281293
-0.0552846   0.00329648   -0.278851
-0.107686   0.114922   -0.339444
-0.0522163   0.171362   -0.327313
-0.111257   0.166694   -0.282855
-0.0554108   0.112591   -0.27716
-0.113973   0.222393   -0.333585
-0.061878   0.279661   -0.326533
-0.110563   0.275156   -0.270495
-0.0557539   0.224559   -0.274615
-0.111695   0.334466   -0.330302
-0.0543674   0.388486   -0.332763
-0.105517   0.390987   -0.274364
-0.0546135   0.33274   -0.272469
-0.108788   0.444321   -0.331061
-0.0523192   -0.499182   -0.330482
-0.110806   0.499356   -0.27997
-0.0514006   0.446274   -0.273809
-0.110484   -0.441436   -0.331255
-0.0593872   -0.383092   -0.33451
-0.107461   -0.384522   -0.277385
-0.0554941   -0.446675   -0.278892
-0.111298   -0.329348   -0.33312
-0.0520909   -0.273735   -0.33812
-0.111565   -0.277026   -0.27838
-0.0538539   -0.329937   -0.278666
-0.110666   -0.22154   -0.333923
-0.0547528   -0.16349   -0.33487
-0.108023   -0.167657   -0.278362
-0.0560012   -0.224216   -0.278603
-0.109773   -0.107496   -0.330237
-0.0560373   -0.0555713   -0.331112
-0.110301   -0.0551631   -0.274959
-0.0535542   -0.111082   -0.27571
0.00128385   0.00334526   -0.219121
0.0596261   0.0552543   -0.221737
-0.00375331   0.0576322   -0.167529
0.0588953   0.00144842   -0.165073
0.000776922   0.112581   -0.222313
0.0605951   0.161596   -0.221695
0.00393798   0.164658   -0.16751
0.052353   0.110691   -0.165022
0.00579397   0.218862   -0.218223
0.0587816   0.273147   -0.216305
0.00111432   0.274561   -0.158145
0.0617683   0.219683   -0.161668
0.0031087   0.328306   -0.216433
0.0538435   0.388323   -0.217885
0.00341615   0.389814   -0.163955
0.0605147   0.330811   -0.164933
0.007845   0.448737   -0.223535
0.0601835   -0.497293   -0.222283
0.00471365   -0.499462   -0.166034
0.0570249   0.44418   -0.167496
0.00680123   -0.43773   -0.220899
0.0603018   -0.387708   -0.222654
0.000681659   -0.388037   -0.168459
0.0635621   -0.443331   -0.170564
0.00231889   -0.336867   -0.223166
0.0558658   -0.278402   -0.220789
8.49257e-05   -0.2767   -0.168699
0.0632977   -0.337547   -0.166688
0.00613484   -0.22204   -0.221871
0.0653331   -0.168436   -0.220907
0.00209285   -0.165323   -0.168111
0.0642651   -0.220355   -0.165824
0.00159521   -0.104579   -0.227388
0.0641079   -0.0559453   -0.225832
0.000297545   -0.0477508   -0.167626
0.0602074   -0.109079   -0.171094
0.116705   0.00523489   -0.220622
0.167995   0.0595664   -0.220853
0.113224   0.0559935   -0.165498
0.169059   0.00450272   -0.162046
0.11164   0.108624   -0.222816
0.164209   0.169375   -0.2219
0.112041   0.165739   -0.165051
0.167335   0.111948   -0.161308
0.112883   0.22332   -0.219812
0.167192   0.274421   -0.223096
0.119746   0.277665   -0.165937
0.170015   0.21877   -0.165044
0.11146   0.329109   -0.223974
0.170953   0.386008   -0.226042
0.115206   0.392752   -0.170355
0.169803   0.340475   -0.167982
0.111898   0.446772   -0.218598
0.169064   -0.495233   -0.225465
0.119047   -0.498326   -0.168678
0.167601   0.444629   -0.168656
0.11126   -0.441702   -0.22436
0.171232   -0.38544   -0.225997
0.114763   -0.390472   -0.171718
0.16908   -0.442824   -0.165871
0.114923   -0.331679   -0.225687
0.175017   -0.27972   -0.222637
0.11909   -0.282882   -0.172724
0.173099   -0.333947   -0.168635
0.113836   -0.224452   -0.223655
0.165942   -0.168377   -0.222176
0.113924   -0.166506   -0.167492
0.166774   -0.226425   -0.172315
0.116664   -0.110027   -0.221336
0.171166   -0.0577929   -0.228511
0.111155   -0.051214   -0.166771
0.167814   -0.108107   -0.164524
0.221252   0.00484335   -0.226422
0.27822   0.0576843   -0.224586
0.220702   0.0614128   -0.165732
0.274684   -0.00513426   -0.168432
0.222972   0.114411   -0.224375
0.277015   0.171432   -0.220398
0.221489   0.164641   -0.167404
0.278196   0.105882   -0.166046
0.225433   0.224199   -0.21925
0.280218   0.274952   -0.218612
0.221678   0.279105   -0.16661
0.280197   0.222541   -0.162993
0.223966   0.332657   -0.219267
0.280336   0.390432   -0.219672
0.224035   0.390288   -0.166389
0.282418   0.332506   -0.167588
0.223624   0.441778   -0.22466
0.279461   -0.496033   -0.222147
0.22239   -0.496215   -0.167491
0.275875   0.445002   -0.172255
0.22284   -0.44285   -0.224994
0.278677   -0.387451   -0.226062
0.225578   -0.387421   -0.170415
0.280488   -0.441101   -0.168831
0.226227   -0.333585   -0.223289
0.276257   -0.273785   -0.219493
0.225825   -0.273881   -0.165095
0.276584   -0.329391   -0.171235
0.225971   -0.219992   -0.221805
0.279878   -0.165047   -0.224274
0.221746   -0.163387   -0.164704
0.279849   -0.220798   -0.166817
0.225783   -0.109543   -0.225097
0.274645   -0.054208   -0.226164
0.219422   -0.0533763   -0.169403
0.278527   -0.11066   -0.169786
0.329541   0.00489769   -0.221227
0.392549   0.0549519   -0.228065
0.333299   0.059612   -0.165208
0.389899   4.14922e-05   -0.170662
0.330612   0.113263   -0.221038
0.384874   0.165521   -0.222317
0.335286   0.169089   -0.161547
0.39022   0.117083   -0.166696
0.338894   0.218722   -0.21802
0.389391   0.278007   -0.220125
0.33489   0.277184   -0.163237
0.390611   0.223852   -0.162951
0.336196   0.335196   -0.222081
0.393794   0.392421   -0.222897
0.336585   0.390838   -0.16969
0.390137   0.334686   -0.167937
0.336113   0.448729   -0.228545
0.392065   0.499745   -0.221675
0.334555   0.499928   -0.169998
0.391755   0.44783   -0.172678
0.330605   -0.440948   -0.225057
0.389181   -0.385418   -0.223513
0.332943   -0.388586   -0.167605
0.394101   -0.442201   -0.172148
0.326288   -0.332903   -0.224032
0.388355   -0.276932   -0.223653
0.335447   -0.273088   -0.170123
0.383913   -0.327704   -0.171302
0.334886   -0.221186   -0.224306
0.38438   -0.16116   -0.228338
0.33288   -0.167911   -0.169294
0.387453   -0.222374   -0.166921
0.331712   -0.106965   -0.226526
0.382614   -0.0555675   -0.223528
0.333067   -0.0563693   -0.169395
0.38607   -0.110036   -0.169076
0.443206   -0.00354899   -0.231095
0.497679   0.0532297   -0.218549
0.444112   0.0558735   -0.168251
0.496428   -0.00412528   -0.16525
0.44067   0.11621   -0.221048
-0.498825   0.166993   -0.217974
0.448851   0.164659   -0.166386
-0.498366   0.109975   -0.169119
0.445258   0.220598   -0.217068
-0.497693   0.272813   -0.22333
0.43944   0.279026   -0.167135
0.497669   0.223446   -0.166731
0.446096   0.335841   -0.224068
-0.495828   0.389135   -0.222478
0.445146   0.38604   -0.168803
-0.498917   0.328718   -0.168611
0.44545   0.444519   -0.224656
-0.499495   0.499135   -0.223975
0.4464   -0.496391   -0.168329
-0.498796   0.442425   -0.167623
0.44346   -0.437858   -0.225282
0.498797   -0.393367   -0.22453
0.44653   -0.389224   -0.167205
0.496993   -0.44532   -0.167097
0.446624   -0.335365   -0.218378
0.497096   -0.274581   -0.224266
0.442013   -0.277061   -0.168277
0.49952   -0.332434   -0.167105
0.435276   -0.218555   -0.21993
0.494031   -0.168962   -0.224096
0.441515   -0.161976   -0.168237
0.497257   -0.217189   -0.165617
0.44241   -0.106657   -0.224329
-0.497167   -0.0571205   -0.225179
0.440702   -0.057376   -0.170121
0.497316   -0.111419   -0.17063
-0.445331   -0.000683403   -0.223367
-0.38618   0.0517212   -0.219987
-0.44453   0.0515605   -0.162655
-0.390939   -0.00216957   -0.165211
-0.44198   0.105344   -0.222505
-0.385871   0.165742   -0.220084
-0.440073   0.168423   -0.166436
-0.393126   0.108359   -0.161816
-0.441014   0.218595   -0.222321
-0.392223   0.275421   -0.223304
-0.442767   0.274701   -0.166107
-0.384754   0.220127   -0.166382
-0.440865   0.335042   -0.220896
-0.385795   0.387189   -0.22274
-0.44513   0.388462   -0.167464
-0.389817   0.334383   -0.164162
-0.446802   0.444535   -0.223084
-0.385992   0.499968   -0.219121
-0.444814   0.498459   -0.171049
-0.384679   0.4416   -0.166068
-0.44454   -0.447203   -0.222331
-0.3903   -0.391772   -0.217634
-0.445838   -0.388154   -0.166134
-0.388824   -0.445441   -0.1644
-0.444575   -0.335225   -0.220358
-0.387991   -0.273283   -0.220671
-0.441121   -0.275894   -0.165601
-0.388336   -0.336056   -0.166597
-0.444396   -0.222731   -0.219923
-0.387571   -0.163725   -0.222498
-0.448801   -0.160411   -0.162015
-0.391974   -0.218473   -0.167933
-0.444017   -0.111882   -0.221014
-0.38812   -0.0539582   -0.224733
-0.442793   -0.0555216   -0.167797
-0.391843   -0.107631   -0.164192
-0.331099   0.00341053   -0.221115
-0.276314   0.0563893   -0.220229
-0.334419   0.0515132   -0.161253
-0.277997   0.0015553   -0.165527
-0.33632   0.109163   -0.216261
-0.27956   0.16201   -0.226144
-0.333324   0.165513   -0.162221
-0.280682   0.109468   -0.168746
-0.32966   0.225038   -0.221027
-0.271699   0.274478   -0.215639
-0.331359   0.274918   -0.164181
-0.279903   0.219742   -0.164576
-0.33463   0.325439   -0.218404
-0.280023   0.385246   -0.225559
-0.329405   0.392375   -0.163868
-0.27235   0.329693   -0.164591
-0.329865   0.442748   -0.222696
-0.27601   -0.497737   -0.220358
-0.33443   -0.499674   -0.163353
-0.28029   0.445771   -0.169189
-0.330894   -0.448149   -0.221501
-0.281312   -0.387448   -0.22186
-0.335675   -0.392658   -0.165951
-0.280268   -0.442326   -0.165289
-0.337977   -0.333244   -0.222844
-0.281544   -0.276616   -0.222733
-0.335116   -0.279134   -0.166067
-0.280794   -0.332178   -0.166185
-0.336589   -0.218495   -0.225324
-0.271338   -0.167471   -0.220583
-0.331538   -0.166024   -0.169825
-0.277235   -0.21695   -0.164808
-0.33684   -0.103973   -0.222484
-0.277841   -0.0549205   -0.222713
-0.334772   -0.0575045   -0.157787
-0.277465   -0.109857   -0.166626
-0.2225   0.000608991   -0.221472
-0.160683   0.0532155   -0.222546
-0.224687   0.0559704   -0.161546
-0.165035   0.00346837   -0.164685
-0.220822   0.113571   -0.218964
-0.164804   0.164703   -0.225621
-0.2277   0.164474   -0.166116
-0.16934   0.109426   -0.166001
-0.220096   0.220924   -0.21975
-0.161485   0.272825   -0.219176
-0.214752   0.27529   -0.167514
-0.170886   0.213073   -0.164494
-0.219647   0.331406   -0.221371
-0.16284   0.384084   -0.226859
-0.2218   0.388085   -0.168827
-0.164718   0.334531   -0.167547
-0.22473   0.443454   -0.221822
-0.164027   -0.498522   -0.221483
-0.222162   0.49945   -0.164848
-0.169463   0.447206   -0.164953
-0.221053   -0.444393   -0.223259
-0.167532   -0.38629   -0.221042
-0.222609   -0.38831   -0.166173
-0.164311   -0.448142   -0.166681
-0.225125   -0.331816   -0.217829
-0.16403   -0.272196   -0.218118
-0.220475   -0.274976   -0.163412
-0.165618   -0.335915   -0.16977
-0.221597   -0.223251   -0.222511
-0.167421   -0.166684   -0.221682
-0.224141   -0.16243   -0.166232
-0.169754   -0.220389   -0.16906
-0.220148   -0.111243   -0.223804
-0.171004   -0.0537283   -0.223852
-0.225774   -0.0510911   -0.165348
-0.168315   -0.106445   -0.161958
-0.109589   0.000887577   -0.222237
-0.0556029   0.0568266   -0.221452
-0.109594   0.0621229   -0.165294
-0.0592045   -0.000650854   -0.167643
-0.112661   0.11157   -0.225683
-0.0504817   0.168532   -0.227822
-0.105554   0.162609   -0.168846
-0.0560853   0.113324   -0.163505
-0.107574   0.219346   -0.220604
-0.0503878   0.277401   -0.213116
-0.109855   0.274783   -0.16899
-0.0520365   0.221159   -0.164486
-0.109453   0.334153   -0.220933
-0.0481757   0.393263   -0.221758
-0.109569   0.390479   -0.171707
-0.0596401   0.331169   -0.164765
-0.111652   0.446732   -0.218657
-0.0544248   -0.497364   -0.220784
-0.106532   -0.497864   -0.158073
-0.0503338   0.4464   -0.164176
-0.112153   -0.441947   -0.218391
-0.053763   -0.388491   -0.222113
-0.113474   -0.389939   -0.167959
-0.0519551   -0.448954   -0.168724
-0.110423   -0.335457   -0.223888
-0.0551415   -0.279315   -0.222165
-0.107841   -0.280838   -0.164063
-0.0536593   -0.334192   -0.162098
-0.108809   -0.222059   -0.222226
-0.052001   -0.166037   -0.225245
-0.113139   -0.160707   -0.168175
-0.0533032   -0.219309   -0.167798
-0.108329   -0.111191   -0.222538
-0.0538033   -0.0504318   -0.22645
-0.109368   -0.0543178   -0.167544
-0.0491766   -0.108823   -0.172808
-0.00288491   0.00233435   -0.113377
0.0523737   0.0569944   -0.113349
0.000898531   0.0564065   -0.0533505
0.0551895   -0.00122788   -0.0537355
-0.000740949   0.110703   -0.114322
0.0582467   0.167931   -0.109272
0.0019821   0.1641   -0.0551335
0.0570139   0.1156   -0.0573591
0.0030267   0.216116   -0.110927
0.0589695   0.27668   -0.113008
0.00263626   0.272127   -0.0554236
0.0536693   0.222103   -0.0559912
0.00183821   0.328478   -0.106619
0.0596671   0.386478   -0.109929
0.00423442   0.38688   -0.0579556
0.0609607   0.330253   -0.0603491
0.00384452   0.44395   -0.109245
0.063514   -0.497746   -0.110372
0.00277389   0.494882   -0.055039
0.0604677   0.442574   -0.0547888
0.00415678   -0.442605   -0.114448
0.0550891   -0.389446   -0.115192
0.00349189   -0.391128   -0.0564119
0.0584533   -0.44559   -0.0552586
0.00533744   -0.330507   -0.113199
0.0596682   -0.274682   -0.115185
0.00292738   -0.27015   -0.0612936
0.0552124   -0.331052   -0.057225
0.00224766   -0.215521   -0.11332
0.0573229   -0.158752   -0.115456
0.0056722   -0.158772   -0.058597
0.0578489   -0.21896   -0.0604878
0.00300364   -0.102645   -0.114844
0.0611024   -0.0512189   -0.108093
-0.00200051   -0.0535878   -0.0596319
0.0597675   -0.106804   -0.0515726
0.115171   -0.00151147   -0.106695
0.166394   0.0611933   -0.107246
0.112956   0.0572338   -0.0531415
0.165811   0.00145668   -0.0568757
0.106314   0.104474   -0.113367
0.162914   0.162813   -0.105198
0.106478   0.169203   -0.051426
0.157675   0.113724   -0.0523512
0.115403   0.226503   -0.110148
0.170825   0.273438   -0.108946
0.113683   0.276246   -0.054127
0.170685   0.222961   -0.0546675
0.117687   0.336249   -0.111582
0.17252   0.391376   -0.11156
0.114944   0.390726   -0.052674
0.166775   0.331138   -0.0574608
0.116908   0.451106   -0.109588
0.16699   -0.494583   -0.107157
0.111796   -0.498743   -0.0541288
0.169284   0.444281   -0.0564974
0.112421   -0.44055   -0.109907
0.170309   -0.392018   -0.11414
0.109224   -0.388489   -0.0527346
0.166019   -0.441232   -0.0567795
0.114315   -0.337144   -0.113391
0.165245   -0.278805   -0.110428
0.108889   -0.274131   -0.0527108
0.160531   -0.331056   -0.0587242
0.121515   -0.223024   -0.115568
0.170097   -0.160366   -0.112599
0.108436   -0.169819   -0.0634499
0.167619   -0.220239   -0.0565042
0.110336   -0.106597   -0.113167
0.166547   -0.0546226   -0.111101
0.114612   -0.0570436   -0.0504399
0.166206   -0.109619   -0.0556555
0.220718   -0.00198514   -0.106848
0.274814   0.0590558   -0.108938
0.219404   0.0556123   -0.054593
0.277815   -0.00353653   -0.0575379
0.225028   0.113254   -0.109506
0.283609   0.162941   -0.107128
0.224202   0.168613   -0.0602394
0.279929   0.106385   -0.0513816
0.229124   0.220886   -0.110358
0.280922   0.278781   -0.110658
0.230515   0.278492   -0.0517839
0.280579   0.220411   -0.050164
0.22581   0.331894   -0.109829
0.279513   0.393343   -0.112936
0.224543   0.386208   -0.0561828
0.279297   0.338145   -0.0546521
0.227168   0.445387   -0.108285
0.278511   0.496373   -0.116441
0.221472   0.499678   -0.0563137
0.27435   0.445258   -0.0547408
0.22497   -0.442011   -0.109861
0.2778   -0.388652   -0.114363
0.223716   -0.386513   -0.0562998
0.278096   -0.444142   -0.0595049
0.225256   -0.333048   -0.110936
0.283221   -0.275933   -0.117079
0.223522   -0.272799   -0.0579947
0.272445   -0.326877   -0.0570992
0.221945   -0.220917   -0.111791
0.281474   -0.168191   -0.113643
0.220688   -0.16407   -0.0558012
0.27745   -0.220286   -0.0558834
0.224265   -0.106768   -0.11437
0.279229   -0.0565642   -0.112719
0.225303   -0.0593131   -0.0582634
0.27846   -0.110961   -0.0563204
0.332822   0.00102811   -0.115626
0.393824   0.0527938   -0.112478
0.33222   0.0541869   -0.0572232
0.386342   0.00322905   -0.0571937
0.336851   0.110339   -0.109095
0.392564   0.165073   -0.106552
0.339592   0.164546   -0.055324
0.399837   0.113395   -0.0510139
0.334402   0.220707   -0.105317
0.384523   0.276939   -0.111349
0.336188   0.28028   -0.0542739
0.388875   0.220564   -0.0546354
0.338578   0.335017   -0.109076
0.394245   0.390345   -0.110133
0.332777   0.392695   -0.058623
0.386887   0.338256   -0.0525161
0.334627   0.445226   -0.117668
0.390542   -0.499677   -0.111797
0.333343   0.498816   -0.0543593
0.389335   0.444771   -0.0603426
0.337036   -0.439136   -0.116454
0.387745   -0.384711   -0.113532
0.333967   -0.391878   -0.0582963
0.388865   -0.442913   -0.0557224
0.328855   -0.337067   -0.111902
0.388123   -0.279086   -0.109091
0.336345   -0.275802   -0.0517947
0.386822   -0.331657   -0.0578178
0.336717   -0.220847   -0.110762
0.394976   -0.170105   -0.112465
0.336003   -0.16756   -0.0586278
0.391907   -0.224987   -0.0545146
0.33325   -0.111433   -0.112847
0.387777   -0.0567498   -0.116177
0.332632   -0.0571917   -0.0585879
0.388242   -0.112931   -0.0555224
0.44616   -0.00812144   -0.115421
0.498247   0.0480219   -0.108111
0.445834   0.0531637   -0.0506601
0.499396   -0.000234805   -0.0501809
0.444425   0.109097   -0.112802
-0.498073   0.165816   -0.111978
0.450728   0.166002   -0.0588919
0.49703   0.110777   -0.0567359
0.441012   0.223452   -0.108991
0.497418   0.275976   -0.107789
0.444377   0.277307   -0.0516475
0.498512   0.224064   -0.054146
0.44417   0.328029   -0.110357
0.497788   0.388574   -0.107985
0.442177   0.387815   -0.0563634
0.493026   0.337875   -0.0523637
0.446168   0.448671   -0.11234
-0.497426   0.499285   -0.11639
0.450115   -0.495457   -0.0548848
-0.499239   0.449171   -0.0600164
0.444612   -0.44358   -0.111889
0.497277   -0.388744   -0.112242
0.440709   -0.388913   -0.0538037
-0.49767   -0.444542   -0.0543889
0.440947   -0.334737   -0.11252
0.497914   -0.281302   -0.115049
0.442777   -0.277822   -0.059457
-0.49777   -0.332184   -0.055072
0.445922   -0.222113   -0.108474
-0.49999   -0.160628   -0.113475
0.444866   -0.164761   -0.0545683
-0.49795   -0.225784   -0.0534721
0.445471   -0.111074   -0.110136
-0.499363   -0.0572505   -0.107639
0.440062   -0.0577977   -0.0568439
-0.499076   -0.114833   -0.0510629
-0.44778   -0.00432781   -0.10656
-0.38955   0.0541572   -0.102627
-0.444985   0.0513181   -0.0505927
-0.390966   -0.00390899   -0.0522981
-0.446063   0.110734   -0.105671
-0.38911   0.164801   -0.108923
-0.447438   0.166817   -0.0558828
-0.391283   0.112181   -0.053584
-0.4401   0.223806   -0.109521
-0.391351   0.281111   -0.113659
-0.452062   0.281214   -0.0574495
-0.388561   0.221235   -0.0581849
-0.450386   0.336633   -0.110847
-0.384738   0.387467   -0.112332
-0.448469   0.388713   -0.0547798
-0.391054   0.339738   -0.0599292
-0.439862   0.440089   -0.111198
-0.391649   0.497498   -0.112614
-0.442108   -0.496571   -0.0544566
-0.386395   0.444315   -0.0564124
-0.44807   -0.443303   -0.114316
-0.388717   -0.386069   -0.108884
-0.442385   -0.390426   -0.059407
-0.388585   -0.443942   -0.0599058
-0.446464   -0.332833   -0.111987
-0.39183   -0.276008   -0.113418
-0.445023   -0.278041   -0.054573
-0.393329   -0.330704   -0.0537052
-0.453882   -0.219556   -0.109631
-0.389699   -0.167698   -0.111842
-0.451258   -0.17037   -0.0542784
-0.384067   -0.217793   -0.0574646
-0.442981   -0.108707   -0.11033
-0.391414   -0.0552007   -0.109255
-0.441518   -0.057209   -0.0525713
-0.385868   -0.109249   -0.0494861
-0.335638   0.000659418   -0.104783
-0.277904   0.0568089   -0.10696
-0.33827   0.0527796   -0.0532659
-0.278012   -0.00386465   -0.0530179
-0.336718   0.111262   -0.106875
-0.278894   0.169041   -0.107194
-0.334565   0.166658   -0.0537612
-0.277728   0.11163   -0.0502608
-0.333812   0.221249   -0.109721
-0.274438   0.279876   -0.109105
-0.335427   0.279732   -0.0600512
-0.275044   0.224837   -0.0523783
-0.33396   0.333657   -0.113576
-0.278178   0.390058   -0.11224
-0.334582   0.386134   -0.0514403
-0.280101   0.334996   -0.0572696
-0.334116   0.450224   -0.106363
-0.276827   -0.497377   -0.11453
-0.336637   -0.495753   -0.0451601
-0.277672   0.453851   -0.0554987
-0.334692   -0.442048   -0.111702
-0.27917   -0.385361   -0.107932
-0.333993   -0.393452   -0.0541417
-0.27148   -0.44224   -0.0554757
-0.334126   -0.329593   -0.107366
-0.283329   -0.280054   -0.109412
-0.334217   -0.27458   -0.0557385
-0.276719   -0.331332   -0.0554964
-0.334871   -0.2209   -0.113917
-0.277703   -0.166407   -0.107763
-0.334875   -0.163971   -0.0540543
-0.279093   -0.220938   -0.0594263
-0.33181   -0.113039   -0.112433
-0.274392   -0.0546348   -0.106487
-0.333351   -0.0519721   -0.0548403
-0.279853   -0.109008   -0.0561602
-0.225804   0.0023006   -0.108572
-0.167104   0.0581968   -0.109463
-0.221791   0.0587851   -0.0605852
-0.165284   0.00290168   -0.055751
-0.225752   0.114377   -0.109972
-0.172229   0.164585   -0.104639
-0.222284   0.166342   -0.0472786
-0.172214   0.113018   -0.0470207
-0.224433   0.22046   -0.111668
-0.162502   0.277246   -0.11313
-0.217811   0.278426   -0.0550194
-0.170851   0.222872   -0.0573796
-0.220383   0.325869   -0.110265
-0.173101   0.38714   -0.111976
-0.223983   0.390822   -0.0605665
-0.166999   0.333124   -0.054729
-0.22178   0.445749   -0.110603
-0.163023   -0.49588   -0.106104
-0.218373   -0.498141   -0.0563134
-0.161758   0.444115   -0.0571039
-0.222795   -0.439362   -0.113861
-0.162285   -0.391913   -0.109343
-0.219169   -0.389495   -0.0569378
-0.157278   -0.445007   -0.0521851
-0.221162   -0.331459   -0.112397
-0.164463   -0.279527   -0.119072
-0.22073   -0.278417   -0.0533599
-0.164626   -0.33157   -0.0551374
-0.222668   -0.227817   -0.107983
-0.171287   -0.170041   -0.115913
-0.22237   -0.173101   -0.0597992
-0.163648   -0.22343   -0.0644434
-0.222892   -0.110177   -0.113086
-0.168267   -0.0546027   -0.104919
-0.223284   -0.0566235   -0.0550686
-0.168803   -0.114189   -0.0580281
-0.108819   2.32897e-05   -0.109874
-0.0554771   0.0596614   -0.110516
-0.113219   0.0552699   -0.0532509
-0.0549572   0.00549871   -0.0558963
-0.112859   0.112318   -0.109508
-0.0530031   0.166079   -0.111305
-0.106587   0.166362   -0.0553428
-0.0564745   0.111009   -0.0600613
-0.109427   0.221238   -0.109956
-0.0601181   0.27609   -0.113091
-0.106664   0.277246   -0.0538333
-0.054264   0.224494   -0.0582921
-0.11148   0.334859   -0.108609
-0.055908   0.387967   -0.116514
-0.110951   0.389472   -0.0549892
-0.0523805   0.329338   -0.0560004
-0.109454   0.440932   -0.112573
-0.0521933   0.49943   -0.107805
-0.110102   0.497909   -0.0537085
-0.0541572   0.440636   -0.0599009
-0.106421   -0.445691   -0.104993
-0.057198   -0.390559   -0.109212
-0.106819   -0.386228   -0.0528351
-0.0465735   -0.444576   -0.0534629
-0.104931   -0.334131   -0.1085
-0.0500233   -0.274609   -0.112365
-0.105112   -0.27315   -0.0619413
-0.0481966   -0.336618   -0.0569216
-0.108075   -0.218982   -0.119788
-0.0471387   -0.158888   -0.109155
-0.112733   -0.165704   -0.0619486
-0.0491835   -0.214588   -0.0590553
-0.103794   -0.109109   -0.108497
-0.054253   -0.0515892   -0.113997
-0.110215   -0.0499962   -0.0501024
-0.0501598   -0.10611   -0.0523635
