108
0.00715981   0.0109122   0.00915879
0.165047   0.168205   0.00849037
-0.0026496   0.156015   0.181004
0.177075   -0.00413119   0.191522
0.0149541   0.332218   0.00771714
0.169277   0.496421   0.00702544
-0.00439792   0.489338   0.169692
0.175021   0.335291   0.184878
0.0104071   -0.323058   0.00181664
0.17525   -0.163221   0.00585814
0.0111752   -0.15427   0.163327
0.161248   -0.331548   0.170685
0.330657   -0.00264074   -0.000997299
0.496641   0.177511   9.15502e-07
0.333794   0.176486   0.172974
0.490077   0.00528122   0.167485
0.338115   0.337529   0.00621565
-0.496662   -0.497074   -0.00441643
0.336767   -0.493865   0.161681
0.491031   0.343136   0.16237
0.330743   -0.333073   -0.00449068
-0.499998   -0.175849   -0.0211861
0.34595   -0.175098   0.1679
-0.494895   -0.331714   0.17151
-0.342226   0.00517466   -0.0101849
-0.161937   0.161273   0.00681754
-0.330595   0.161043   0.177495
-0.164764   0.00488027   0.171895
-0.335515   0.33707   -0.0027832
-0.151694   -0.498531   0.00782208
-0.327529   -0.496224   0.167851
-0.169251   0.319947   0.15776
-0.334352   -0.343769   0.0098005
-0.176519   -0.153594   0.0161535
-0.337015   -0.175409   0.160157
-0.157868   -0.327611   0.162811
0.00223545   -0.00542976   0.336987
0.166119   0.160744   0.351813
-0.00585297   0.155989   0.495589
0.164275   -0.00463984   -0.497449
0.00334698   0.334907   0.33779
0.159968   -0.49616   0.330941
-0.0121628   -0.496195   0.495418
0.164773   0.345231   0.499213
-0.00636422   -0.335737   0.332303
0.176003   -0.170338   0.334363
-0.0143359   -0.178093   0.494807
0.160921   -0.329369   0.488951
0.348526   0.00691806   0.342456
0.491108   0.169994   0.336015
0.321887   0.167406   -0.482791
-0.495474   0.000823436   0.498257
0.342594   0.343551   0.34871
-0.494512   -0.495665   0.326355
0.323291   -0.490902   0.488781
-0.493158   0.33745   0.493345
0.324399   -0.324518   0.326745
-0.494446   -0.159632   0.327645
0.341709   -0.169588   -0.498218
0.484331   -0.34331   -0.496092
-0.344347   -0.00184859   0.338217
-0.16324   0.153871   0.328109
-0.328688   0.174382   0.488661
-0.176717   -0.0108991   0.497
-0.333101   0.341248   0.331573
-0.177039   0.492506   0.335764
-0.325775   0.49916   -0.486737
-0.166785   0.331428   0.49139
-0.335699   -0.339172   0.320925
-0.17123   -0.170835   0.329693
-0.334495   -0.177244   -0.484018
-0.17899   -0.337209   0.48896
-0.00181237   -0.0130313   -0.328639
0.158576   0.169572   -0.334985
-0.000945194   0.161927   -0.163412
0.170319   0.00400121   -0.162422
-0.00334428   0.334015   -0.34746
0.151366   -0.492233   -0.334991
0.00728999   0.497227   -0.178248
0.160455   0.334036   -0.174629
-0.0141072   -0.335916   -0.345952
0.153759   -0.1748   -0.343877
-0.000290098   -0.165217   -0.15819
0.162336   -0.317978   -0.168036
0.325028   -0.00605508   -0.325634
-0.479178   0.164019   -0.325727
0.327276   0.167106   -0.175918
0.493814   0.00755138   -0.165679
0.333823   0.323373   -0.338395
0.488865   -0.495835   -0.340551
0.328913   -0.495359   -0.168321
0.496967   0.348589   -0.16885
0.324572   -0.331665   -0.3304
0.485862   -0.160226   -0.318184
0.3319   -0.161776   -0.154867
-0.489965   -0.341587   -0.171593
-0.32461   0.000427283   -0.325742
-0.164449   0.181205   -0.333787
-0.331766   0.1652   -0.159854
-0.161055   -0.00386754   -0.162322
-0.345886   0.346696   -0.327109
-0.18327   -0.498231   -0.322005
-0.32824   -0.494164   -0.162326
-0.163505   0.350275   -0.165307
-0.336034   -0.334313   -0.331834
-0.167392   -0.170775   -0.332312
-0.336543   -0.177772   -0.162174
-0.153107   -0.340725   -0.15782
