108
-0.0649964   0.401781   0.175943
0.0247425   0.42383   -0.492318
0.209643   -0.418848   0.313228
0.188953   0.0825843   -0.0822806
-0.495315   -0.155671   0.231415
-0.28787   -0.050871   -0.477493
-0.128335   0.158218   -0.475638
0.408836   0.130334   0.261811
0.0767366   0.00240156   -0.261077
0.267657   0.327721   -0.181898
-0.227127   -0.465224   0.160815
-0.0312695   -0.20322   0.0785688
0.336739   -0.459024   -0.153191
0.165517   -0.283278   -0.0492737
-0.137429   -0.0583347   -0.270697
-0.324823   -0.366197   -0.115868
-0.201141   0.382455   0.0070354
-0.143718   -0.426583   -0.0402836
0.130269   -0.171129   -0.397016
0.336914   -0.185386   -0.395036
0.381657   -0.343646   0.333458
-0.374838   0.498094   0.0416189
0.485884   0.180061   -0.28153
0.481426   -0.00921878   -0.362482
0.0509045   0.182895   -0.183783
-0.43928   0.26109   0.304264
-0.114576   0.358782   -0.330143
0.271208   0.313055   -0.475367
0.417474   -0.0811779   0.430424
0.352735   0.0507503   0.0583647
-0.438329   0.21296   0.0957515
-0.10394   0.229879   -0.0879462
0.356824   0.427608   -0.345722
-0.294811   0.461185   -0.411623
-0.279443   -0.226043   -0.279177
0.0628917   -0.323158   0.193522
-0.19912   -0.190832   -0.0301396
-0.135921   -0.299644   0.285753
-0.216177   0.172545   0.0669474
0.476829   0.398084   -0.0842864
-0.434783   -0.403088   0.480511
0.162914   0.392501   0.223767
-0.342035   -0.279634   0.117478
-0.0700243   0.0289704   0.163044
0.316156   -0.152404   -0.00481459
0.423278   -0.21934   -0.156252
-0.113811   -0.461593   -0.432937
0.206924   0.00220222   0.456622
-0.296346   0.432773   -0.174138
-0.223824   0.0410392   -0.085185
0.114694   -0.469382   -0.128523
0.310272   0.296006   0.294361
0.127224   0.185518   0.0838744
-0.26033   0.286748   0.414876
-0.0730591   0.441346   -0.156813
0.269907   0.149923   -0.259148
0.0782118   0.386056   -0.271598
-0.48623   -0.362219   -0.262769
-0.399662   0.0070805   0.158482
0.0123602   -0.411253   0.375557
-0.00357692   -0.204037   -0.162331
-0.413443   0.0275026   0.386761
0.283648   0.399558   -0.0112437
0.367072   0.479691   0.41453
0.499812   0.417112   0.200262
0.0479212   0.351398   0.00866191
-0.416288   0.0676787   -0.0465793
0.368449   0.13258   0.461109
0.429257   0.00834625   -0.165794
-0.184024   -0.387237   -0.252844
-0.211624   0.123462   0.316029
-0.0175207   -0.0183276   -0.460976
-0.242748   -0.471399   0.379081
0.0966507   0.24128   0.395133
0.0678085   -0.125043   0.311479
-0.00618564   0.0507787   0.344544
-0.423764   -0.427715   0.279964
-0.268792   0.340296   0.211156
-0.391049   -0.136319   -0.0981664
-0.497871   -0.350527   -0.0234837
-0.355476   6.04936e-06   -0.234763
-0.44598   0.370059   -0.302465
-0.0821142   -0.23006   -0.373464
0.106655   0.152599   -0.387761
0.0430062   -0.464357   0.0564725
0.179577   -0.410089   -0.484889
0.284649   -0.22885   0.191841
0.416119   0.203365   -0.0470821
-0.434265   -0.19317   -0.424029
-0.354614   0.251755   -0.12755
-0.0839828   0.281986   0.323542
-0.267308   -0.308925   -0.454365
-0.223364   -0.126033   0.182191
0.193056   0.0818683   0.285014
-0.157676   -0.0638581   0.363739
0.374387   -0.378009   -0.423468
-0.00276019   -0.00911997   -0.0642378
0.182871   -0.0742155   0.136294
0.209249   -0.124347   -0.195671
0.215104   -0.220534   0.405211
-0.358602   0.118843   -0.420252
-0.184656   0.159359   -0.284715
0.2568   -0.413986   0.105099
-0.320761   -0.198714   0.359132
-0.477283   0.289802   -0.476353
-0.035551   -0.212852   0.444834
0.256053   -0.325877   -0.267667
0.0298683   -0.371173   -0.275567
