-3.81126
-3.81162
-3.81118
-3.81111
-3.81132
-3.81066
-3.81003
-3.81006
-3.81049
-3.80946
-3.80972
-3.8086
-3.80742
-3.80658
-3.80788
-3.80761
-3.80689
-3.8058
-3.80472
-3.80403
-3.80446
-3.80403
-3.80419
-3.80439
-3.80596
-3.80757
-3.8085
-3.80958
-3.80888
-3.809
-3.80839
-3.80752
-3.80721
-3.80707
-3.80783
-3.80762
-3.80715
-3.80674
-3.80561
-3.80523
-3.80466
-3.80345
-3.803
-3.80317
-3.80429
-3.80668
-3.80848
-3.80941
-3.81006
-3.81061
-3.81068
-3.80906
-3.80866
-3.808
-3.8081
-3.80779
-3.80634
-3.80763
-3.80832
-3.80872
-3.80905
-3.80905
-3.80859
-3.80817
-3.80667
-3.80638
-3.80658
-3.80754
-3.80859
-3.8086
-3.80874
-3.80875
-3.80895
-3.80993
-3.80975
-3.80915
-3.80928
-3.80886
-3.80829
-3.80836
-3.80645
-3.80525
-3.80559
-3.8045
-3.80459
-3.80585
-3.80685
-3.8068
-3.80735
-3.80806
-3.80779
-3.80885
-3.80889
-3.80791
-3.80712
-3.80666
-3.80629
-3.80532
-3.80658
-3.80741
-3.8089
-3.8103
-3.81116
-3.81126
-3.811
-3.81093
-3.8108
-3.8115
-3.81222
-3.81142
-3.80974
-3.80918
-3.80816
-3.80935
-3.80927
-3.80871
-3.80888
-3.80958
-3.81045
-3.81074
-3.81052
-3.81084
-3.81134
-3.81233
-3.8123
-3.81172
-3.81224
-3.81262
-3.81248
-3.81282
-3.81198
-3.81229
-3.81308
-3.81471
-3.81505
-3.81612
-3.8161
-3.81447
-3.81432
-3.8136
-3.81275
-3.81175
-3.81096
-3.81163
-3.81049
-3.80968
-3.8092
-3.80867
-3.80793
-3.80886
-3.8091
-3.80952
-3.80982
-3.80933
-3.80912
-3.80811
-3.80758
-3.80821
-3.80847
-3.80983
-3.80889
-3.80872
-3.8093
-3.80994
-3.81009
-3.81002
-3.81072
-3.8109
-3.81184
-3.81084
-3.81073
-3.80893
-3.80837
-3.80718
-3.80689
-3.8059
-3.80447
-3.80457
-3.80455
-3.80563
-3.80595
-3.80819
-3.8091
-3.80945
-3.80952
-3.81099
-3.81128
-3.81059
-3.81009
-3.80907
-3.80817
-3.8078
-3.80683
-3.80548
-3.80734
-3.80771
-3.80761
-3.80831
-3.8083
-3.80819
-3.80823
-3.80891
-3.80867
-3.80883
-3.80893
-3.80958
-3.8103
-3.80971
-3.80895
-3.80919
-3.8088
-3.80841
-3.80863
-3.80767
-3.80681
-3.80691
-3.80654
-3.80566
-3.80564
-3.80649
-3.80673
-3.80741
-3.80852
-3.80986
-3.81042
-3.81083
-3.81023
-3.81011
-3.81091
-3.81152
-3.81201
-3.8126
-3.81258
-3.81294
-3.81283
-3.81223
-3.81131
-3.81001
-3.80979
-3.80985
-3.80955
-3.80971
-3.80905
-3.80962
-3.80954
-3.80984
-3.80956
-3.81087
-3.81225
-3.81376
-3.81471
-3.81462
-3.81545
-3.81469
-3.81377
-3.81322
-3.81153
-3.81051
-3.809
-3.80793
-3.8079
-3.80846
-3.80894
-3.81104
-3.813
-3.81347
-3.81401
-3.81527
-3.81562
-3.815
-3.81424
-3.81472
-3.81314
-3.81203
-3.81144
-3.81027
-3.80973
-3.8104
-3.8103
-3.81078
-3.81037
-3.81131
-3.81252
-3.81316
-3.81395
-3.81543
-3.81587
-3.81595
-3.81554
-3.81434
-3.813
-3.81221
-3.81342
-3.81329
-3.81317
-3.81229
-3.81211
-3.81162
-3.81137
-3.81171
-3.81041
-3.80913
-3.80861
-3.80774
-3.80914
-3.80909
-3.80885
-3.81014
-3.81081
-3.81217
-3.81417
-3.81606
-3.81583
-3.81473
-3.81432
-3.81372
-3.81317
-3.81156
-3.81188
-3.81127
-3.8114
-3.81086
-3.81055
-3.80911
-3.80939
-3.80806
-3.80781
-3.8079
-3.80883
-3.81072
-3.81255
-3.81339
-3.81395
-3.81513
-3.8164
-3.81577
-3.81512
-3.81403
-3.81463
-3.81436
-3.81547
-3.81567
-3.81617
-3.81662
-3.81647
-3.8159
-3.81465
-3.81413
-3.81499
-3.81457
-3.81397
-3.81373
-3.81334
-3.81397
-3.81398
-3.81493
-3.81518
-3.81589
-3.81624
-3.81595
-3.81534
-3.81571
-3.81542
-3.81531
-3.81497
-3.81429
-3.81382
-3.81324
-3.81226
-3.81171
-3.81189
-3.81182
-3.81272
-3.812
-3.81292
-3.81314
-3.81325
-3.8135
-3.81333
-3.81313
-3.81219
-3.81179
-3.81061
-3.81018
-3.80849
-3.80786
-3.80831
-3.80878
-3.80928
-3.81034
-3.81101
-3.81159
-3.81349
-3.81331
-3.81348
-3.81204
-3.81208
-3.81197
-3.8111
-3.8096
-3.80915
-3.80879
-3.80912
-3.80855
-3.80969
-3.81056
-3.8115
-3.81264
-3.81378
-3.81349
-3.81271
-3.81243
-3.81115
-3.80984
-3.80975
-3.81079
-3.81093
-3.81177
-3.81286
-3.81285
-3.81279
-3.81214
-3.81193
-3.812
-3.81157
-3.8116
-3.81077
-3.81021
-3.80804
-3.80969
-3.81078
-3.81068
-3.81147
-3.81316
-3.81268
-3.81307
-3.81275
-3.81276
-3.81365
-3.81334
-3.81466
-3.81532
-3.81421
-3.81355
-3.81243
-3.81202
-3.81063
-3.80857
-3.80819
-3.80755
-3.80807
-3.80858
-3.81
-3.81158
-3.81215
-3.81253
-3.81251
-3.81352
-3.8125
-3.81138
-3.81172
-3.81097
-3.81101
-3.81096
-3.81049
-3.81058
-3.81076
-3.81027
-3.81148
-3.81191
-3.81175
-3.81113
-3.81079
-3.81208
-3.81337
-3.81284
-3.81401
-3.81528
-3.81568
-3.81545
-3.8148
-3.81657
-3.81605
-3.81646
-3.81522
-3.81574
-3.81459
-3.81381
-3.81367
-3.81257
-3.81283
-3.81127
-3.81083
-3.81019
-3.81051
-3.81185
-3.8128
-3.81362
-3.81356
-3.81401
-3.81517
-3.81512
-3.81592
-3.81615
-3.81608
-3.81676
-3.81791
-3.81883
-3.81962
-3.8197
-3.82127
-3.82061
-3.82036
-3.82047
-3.81942
-3.81945
-3.81826
-3.81771
-3.81667
-3.81516
-3.81516
-3.81434
-3.8146
-3.81346
-3.81358
-3.813
-3.81261
-3.81304
-3.8124
-3.81271
-3.81408
-3.81463
-3.81517
-3.81596
-3.81608
-3.81532
-3.81547
-3.81361
-3.81428
-3.8145
-3.81474
-3.81569
-3.81685
-3.81633
-3.816
-3.81555
-3.81433
-3.81366
-3.81209
-3.81103
-3.81119
-3.81162
-3.8128
-3.81384
-3.81481
-3.81561
-3.81719
-3.81694
-3.81678
-3.81725
-3.81774
-3.81655
-3.81678
-3.81743
-3.81691
-3.81661
-3.8159
-3.81517
-3.81388
-3.81321
-3.81263
-3.8111
-3.81204
-3.81103
-3.81142
-3.81202
-3.81268
-3.81387
-3.81474
-3.81571
-3.81586
-3.81641
-3.81606
-3.81537
-3.81471
-3.815
-3.81597
-3.81582
-3.81455
-3.8142
-3.81377
-3.81275
-3.81376
-3.81434
-3.81428
-3.8161
-3.816
-3.81708
-3.81578
-3.8164
-3.81649
-3.81561
-3.8163
-3.81716
-3.816
-3.81565
-3.81416
-3.81433
-3.81401
-3.81354
-3.8136
-3.81378
-3.81453
-3.81558
-3.81625
-3.81718
-3.81683
-3.81663
-3.81683
-3.81656
-3.81765
-3.81802
-3.81794
-3.8174
-3.81589
-3.81504
-3.81379
-3.81258
-3.81112
-3.81131
-3.8118
-3.81211
-3.81275
-3.81287
-3.81325
-3.81308
-3.81368
-3.81457
-3.8148
-3.81466
-3.81409
-3.81401
-3.81318
-3.81297
-3.81152
-3.81161
-3.81121
-3.81202
-3.81252
-3.81379
-3.81472
-3.81504
-3.81607
-3.8179
-3.81874
-3.81895
-3.81899
-3.81779
-3.81615
-3.81544
-3.81454
-3.81419
-3.81456
-3.81458
-3.81539
-3.81539
-3.81652
-3.81818
-3.81788
-3.81705
-3.81565
-3.81588
-3.81599
-3.81702
-3.81686
-3.81654
-3.81571
-3.81494
-3.81439
-3.81482
-3.81446
-3.8148
-3.81446
-3.81542
-3.81551
-3.81608
-3.81571
-3.81661
-3.81724
-3.81697
-3.81701
-3.81712
-3.81716
-3.81661
-3.8157
-3.81608
-3.8151
-3.81446
-3.81421
-3.81486
-3.81488
-3.81592
-3.81699
-3.81656
-3.81691
-3.81626
-3.81564
-3.81571
-3.81533
-3.81442
-3.81426
-3.81456
-3.81328
-3.81376
-3.81469
-3.81526
-3.81541
-3.81516
-3.81346
-3.81298
-3.81312
-3.81421
-3.81478
-3.81396
-3.81446
-3.81496
-3.81547
-3.81568
-3.81541
-3.81556
-3.81533
-3.81578
-3.81515
-3.81552
-3.81603
-3.81541
-3.81472
-3.81567
-3.81526
-3.81534
-3.81486
-3.81502
-3.81464
-3.8136
-3.81353
-3.8128
-3.8133
-3.81419
-3.8135
-3.81247
-3.81274
-3.81369
-3.81218
-3.81249
-3.81268
-3.81247
-3.8107
-3.8111
-3.81045
-3.80964
-3.80977
-3.81082
-3.81246
-3.81403
-3.81558
-3.81637
-3.81504
-3.81576
-3.81542
-3.81452
-3.81411
-3.81422
-3.81223
-3.81208
-3.81206
-3.81206
-3.81298
-3.81312
-3.81343
-3.81526
-3.81602
-3.8161
-3.81609
-3.81413
-3.81427
-3.81176
-3.81054
-3.80985
-3.80995
-3.8102
-3.81097
-3.81269
-3.81261
-3.81335
-3.81384
-3.81445
-3.81334
-3.81244
-3.81198
-3.81133
-3.81198
-3.81365
-3.81257
-3.81354
-3.81292
-3.81177
-3.81205
-3.8123
-3.8122
-3.81233
-3.81138
-3.8117
-3.81311
-3.814
-3.81525
-3.81426
-3.81462
-3.81408
-3.81344
-3.81321
-3.81266
-3.81267
-3.81166
-3.8133
-3.81314
-3.81237
-3.81215
-3.8128
-3.8131
-3.81178
-3.8126
-3.81139
-3.81145
-3.81295
-3.81365
-3.81446
-3.81482
-3.81486
-3.81439
-3.81199
-3.80957
-3.80732
-3.8069
-3.80888
-3.81113
-3.81266
-3.81458
-3.81578
-3.81458
-3.81468
-3.81382
-3.81317
-3.81198
-3.81183
-3.81234
-3.81196
-3.81183
-3.81134
-3.81137
-3.81131
-3.8121
-3.81252
-3.81234
-3.81292
-3.81363
-3.81303
-3.81349
-3.8124
-3.81282
-3.81225
-3.81294
-3.81256
-3.81216
-3.81252
-3.81297
-3.81372
-3.81164
-3.81254
-3.81275
-3.81315
-3.8128
-3.81363
-3.81365
-3.8143
-3.81409
-3.81437
-3.81418
-3.81457
-3.81428
-3.81408
-3.81463
-3.81432
-3.81386
-3.81307
-3.81226
-3.81226
-3.81193
-3.81248
-3.81375
-3.8136
-3.81522
-3.81621
-3.81707
-3.81948
-3.82066
-3.82068
-3.81884
-3.81792
-3.81772
-3.81737
-3.81753
-3.81692
-3.81632
-3.81637
-3.81632
-3.81568
-3.81472
-3.8139
-3.81317
-3.81232
-3.81277
-3.8126
-3.81315
-3.81385
-3.81416
-3.81514
-3.81586
-3.81506
-3.81461
-3.81501
-3.81474
-3.81433
-3.8138
-3.81224
-3.8112
-3.81161
-3.81199
-3.81297
-3.81442
-3.81493
-3.81566
-3.81627
-3.81623
-3.81688
-3.8171
-3.81537
-3.81536
-3.81558
-3.815
-3.81479
-3.815
-3.81475
-3.81585
-3.81591
-3.81635
-3.81548
-3.81391
-3.81328
-3.81171
-3.81061
-3.80975
-3.81112
-3.81305
-3.81456
-3.81596
-3.81802
-3.81942
-3.81901
-3.81818
-3.81611
-3.81534
-3.81458
-3.81481
-3.81421
-3.81473
-3.81648
-3.81743
-3.81725
-3.81635
-3.81571
-3.81452
-3.81417
-3.81458
-3.8142
-3.81393
-3.81325
-3.81301
-3.81379
-3.81291
-3.81391
-3.81498
-3.81617
-3.8175
-3.81863
-3.81835
-3.81761
-3.81658
-3.816
-3.81517
-3.81523
-3.81552
-3.81628
-3.8164
-3.81642
-3.81674
-3.8162
-3.81539
-3.81423
-3.81392
-3.81287
-3.81291
-3.81297
-3.81329
-3.81396
-3.81438
-3.81473
-3.81512
-3.81486
-3.81448
-3.81529
-3.8159
-3.81574
-3.81538
-3.8157
-3.81571
-3.81597
-3.81601
-3.81416
-3.81313
-3.81218
-3.81255
-3.81217
-3.81141
-3.81135
-3.81148
-3.81183
-3.81248
-3.81324
-3.81326
-3.81421
-3.81419
-3.81339
-3.812
-3.81172
-3.81237
-3.81169
-3.81122
-3.81232
-3.81203
-3.81176
-3.81158
-3.81314
-3.8138
-3.81421
-3.81508
-3.81458
-3.81536
-3.81538
-3.81533
-3.81474
-3.81538
-3.81641
-3.81564
-3.8162
-3.81431
-3.8148
-3.81523
-3.81595
-3.81626
-3.8171
-3.81626
-3.81524
-3.81587
-3.81575
-3.81485
-3.81414
-3.81347
-3.81432
-3.81438
-3.81591
-3.8163
-3.81719
-3.81744
-3.81746
-3.81578
-3.81544
-3.81549
-3.81423
-3.81393
-3.81478
-3.8159
-3.81653
-3.81605
-3.81639
-3.81668
-3.81834
-3.8185
-3.81963
-3.8194
-3.81887
-3.81912
-3.8197
-3.81877
-3.81762
-3.81705
-3.81616
-3.81697
-3.81679
-3.81691
-3.81858
-3.81913
-3.81894
-3.81905
-3.81852
-3.81788
-3.81657
-3.81624
-3.81586
-3.81676
-3.81782
-3.81845
-3.81775
-3.81774
-3.81794
-3.81741
-3.81637
-3.81606
-3.81492
-3.81342
-3.81305
-3.8137
-3.81272
-3.81238
-3.81202
-3.81072
-3.81063
-3.81116
-3.81318
-3.81484
-3.81625
-3.81715
-3.81722
-3.81811
-3.81846
-3.8177
-3.81591
-3.81521
-3.81506
-3.81541
-3.81491
-3.81316
-3.81481
-3.81593
-3.81556
-3.81607
-3.81511
-3.81515
-3.81418
-3.81385
-3.81458
-3.81281
-3.81308
-3.81195
-3.81283
-3.81309
-3.81262
-3.81265
-3.81249
-3.81232
-3.81218
-3.81113
-3.81149
-3.811
-3.81104
-3.81084
-3.8115
-3.81443
-3.81576
-3.81847
-3.81893
-3.81766
-3.81569
-3.81428
-3.81313
-3.81125
-3.81022
-3.80934
-3.80995
-3.81112
-3.81303
-3.81408
-3.81393
-3.81358
-3.81369
-3.81259
-3.81186
-3.81145
-3.8117
-3.81055
-3.81132
-3.8105
-3.8106
-3.81214
-3.81409
-3.81509
-3.81681
-3.81676
-3.81671
-3.81654
-3.81596
-3.81486
-3.81533
-3.81479
-3.81607
-3.81599
-3.8168
-3.81837
-3.81949
-3.81839
-3.81692
-3.81677
-3.81604
-3.81515
-3.81376
-3.81154
-3.80984
-3.80955
-3.80969
-3.81045
-3.81088
-3.81217
-3.81313
-3.8131
-3.81123
-3.81139
-3.81194
-3.81245
-3.81263
-3.81321
-3.81224
-3.81233
-3.81196
-3.81142
-3.81033
-3.80963
-3.80912
-3.80989
-3.81123
-3.81284
-3.81572
-3.81723
-3.81762
-3.81772
-3.8158
-3.81476
-3.81427
-3.81255
-3.81068
-3.81049
-3.81048
-3.81059
-3.81133
-3.81183
-3.81065
-3.81155
-3.81166
-3.8123
-3.81198
-3.81298
-3.81286
-3.814
-3.81368
-3.81357
-3.81251
-3.81277
-3.81428
-3.81528
-3.81663
-3.818
-3.81743
-3.81707
-3.81673
-3.81595
-3.81564
-3.81375
-3.81266
-3.81128
-3.81055
-3.80984
-3.81011
-3.80969
-3.80932
-3.81014
-3.81096
-3.81207
-3.81324
-3.81438
-3.81425
-3.81415
-3.81413
-3.81312
-3.81224
-3.81266
-3.81155
-3.81119
-3.81003
-3.81004
-3.8108
-3.81069
-3.81109
-3.81226
-3.81217
-3.81188
-3.81198
-3.81245
-3.81335
-3.81319
-3.81346
-3.81319
-3.81435
-3.81268
-3.81167
-3.811
-3.81101
-3.81029
-3.81028
-3.81096
-3.81146
-3.81226
-3.81293
-3.81396
-3.81397
-3.81577
-3.8158
-3.81525
-3.815
-3.81464
-3.81506
-3.81417
-3.8147
-3.81422
-3.81504
-3.81439
-3.81364
-3.81256
-3.81353
-3.81272
-3.81088
-3.81045
-3.80936
-3.8103
-3.80903
-3.80857
-3.80845
-3.8088
-3.80746
-3.80699
-3.80648
-3.80709
-3.80709
-3.80761
-3.80784
-3.80852
-3.80797
-3.80801
-3.80752
-3.80762
-3.80778
-3.80796
-3.80846
-3.80845
-3.80889
-3.80902
-3.80826
-3.80759
-3.80796
-3.80857
-3.80925
-3.80963
-3.80964
-3.80941
-3.80819
-3.80805
-3.80841
-3.80775
-3.80803
-3.80795
-3.80928
-3.80983
-3.81105
-3.81138
-3.81222
-3.81122
-3.8109
-3.80983
-3.80824
-3.80657
-3.80667
-3.80585
-3.80596
-3.8073
-3.80889
-3.81051
-3.81199
-3.81243
-3.81352
-3.81364
-3.81298
-3.81413
-3.81411
-3.81432
-3.81559
-3.81657
-3.81663
-3.81601
-3.81295
-3.81195
-3.81094
-3.81036
-3.80821
-3.80883
-3.80846
-3.80905
-3.80913
-3.81004
-3.81029
-3.81012
-3.81058
-3.81097
-3.81054
-3.81072
-3.8105
-3.80991
-3.80958
-3.80861
-3.8088
-3.80911
-3.80899
-3.81002
-3.81149
-3.81264
-3.81494
-3.81518
-3.81553
-3.81548
-3.81463
-3.81533
-3.81416
-3.81308
-3.81332
-3.81283
-3.81198
-3.81244
-3.81313
-3.81278
-3.81292
-3.81336
-3.8122
-3.81185
-3.81149
-3.81098
-3.80986
-3.80891
-3.80899
-3.8087
-3.81017
-3.80943
-3.80959
-3.81111
-3.81122
-3.81156
-3.81235
-3.81182
-3.81094
-3.81085
-3.81257
-3.81309
-3.8133
-3.81396
-3.81311
-3.8127
-3.81311
-3.81198
-3.8118
-3.81158
-3.81164
-3.81171
-3.81267
-3.81255
-3.81228
-3.81275
-3.81146
-3.81122
-3.8105
-3.81101
-3.80985
-3.80977
-3.81041
-3.81136
-3.81237
-3.81272
-3.81369
-3.81385
-3.81363
-3.81366
-3.81355
-3.81307
-3.81275
-3.81232
-3.81227
-3.81293
-3.81305
-3.81385
-3.81402
-3.81547
-3.81522
-3.8158
-3.81608
-3.81732
-3.81801
-3.81758
-3.81826
-3.81698
-3.81648
-3.81529
-3.81414
-3.81364
-3.81379
-3.81408
-3.81363
-3.81407
-3.8142
-3.81334
-3.81477
-3.81668
-3.81824
-3.8203
-3.82054
-3.82077
-3.8197
-3.81861
-3.81772
-3.81635
-3.81686
-3.81791
-3.81637
-3.81723
-3.81781
-3.81712
-3.81724
-3.81726
-3.81681
-3.81563
-3.81455
-3.81325
-3.81297
-3.81239
-3.81372
-3.81365
-3.81362
-3.81362
-3.81329
-3.81328
-3.81393
-3.81478
-3.81607
-3.81794
-3.81969
-3.81991
-3.82002
-3.82043
-3.82019
-3.82141
-3.82098
-3.82143
-3.82153
-3.82169
-3.82204
-3.82169
-3.82199
-3.82082
-3.82082
-3.82185
-3.82035
-3.81968
-3.81814
-3.81705
-3.81647
-3.81578
-3.81542
-3.81584
-3.81501
-3.81372
-3.81288
-3.81213
-3.81239
-3.81247
-3.81353
-3.81486
-3.81614
-3.81796
-3.81788
-3.81732
-3.81687
-3.818
-3.81841
-3.81884
-3.8182
-3.81928
-3.81894
-3.8196
-3.82034
-3.81949
-3.81931
-3.81928
-3.8193
-3.81882
-3.81775
-3.81725
-3.81681
-3.81596
-3.81473
-3.81537
-3.81466
-3.81562
-3.81464
-3.81472
-3.81402
-3.81303
-3.81087
-3.81059
-3.81035
-3.81008
-3.80986
-3.81011
-3.80965
-3.81119
-3.812
-3.81218
-3.81262
-3.81408
-3.81441
-3.8159
-3.81553
-3.81575
-3.8144
-3.8131
-3.81293
-3.81379
-3.81252
-3.81242
-3.81276
-3.81223
-3.81259
-3.8122
-3.81134
-3.81112
-3.81158
-3.81298
-3.81342
-3.81415
-3.81569
-3.81603
-3.81661
-3.81733
-3.81517
-3.81475
-3.81285
-3.81216
-3.81055
-3.81093
-3.81073
-3.81165
-3.81345
-3.8152
-3.81494
-3.81454
-3.81451
-3.81413
-3.81346
-3.81295
-3.81196
-3.81076
-3.81026
-3.81041
-3.81047
-3.81036
-3.81244
-3.81321
-3.81439
-3.81416
-3.81412
-3.81323
-3.81342
-3.81166
-3.81038
-3.80995
-3.80924
-3.80851
-3.80891
-3.80936
-3.80938
-3.80889
-3.81041
-3.81084
-3.81122
-3.81162
-3.81115
-3.81183
-3.81267
-3.81153
-3.80979
-3.80925
-3.8084
-3.80962
-3.81036
-3.81145
-3.8119
-3.81163
-3.81233
-3.81151
-3.81063
-3.81168
-3.81004
-3.81083
-3.8117
-3.81182
-3.81167
-3.81082
-3.81085
-3.81123
-3.81064
-3.81013
-3.81068
-3.81028
-3.81231
-3.81313
-3.81407
-3.81396
-3.81461
-3.81503
-3.81584
-3.81623
-3.81685
-3.81689
-3.81754
-3.81806
-3.81822
-3.81778
-3.81643
-3.81519
-3.8152
-3.81481
-3.81495
-3.81365
-3.81354
-3.81278
-3.81163
-3.81168
-3.81116
-3.81024
-3.8106
-3.81066
-3.81146
-3.81178
-3.81221
-3.81334
-3.81426
-3.81509
-3.81628
-3.8169
-3.81531
-3.81456
-3.81518
-3.81406
-3.8135
-3.81403
-3.81327
-3.81324
-3.81268
-3.81233
-3.8118
-3.81143
-3.81133
-3.81198
-3.81275
-3.81191
-3.81322
-3.81302
-3.8138
-3.81293
-3.81296
-3.81257
-3.81227
-3.812
-3.81054
-3.81011
-3.80952
-3.80846
-3.80875
-3.80915
-3.81106
-3.81197
-3.81214
-3.81289
-3.81314
-3.81335
-3.813
-3.81279
-3.81321
-3.81322
-3.81325
-3.81268
-3.81274
-3.81211
-3.81085
-3.81061
-3.81202
-3.81187
-3.81197
-3.81255
-3.81278
-3.81189
-3.81373
-3.81436
-3.81457
-3.81581
-3.81563
-3.81508
-3.81482
-3.81359
-3.8128
-3.81158
-3.81002
-3.80974
-3.80999
-3.80919
-3.80973
-3.81111
-3.81144
-3.8114
-3.81085
-3.8111
-3.81078
-3.81083
-3.81257
-3.81413
-3.81485
-3.81634
-3.81656
-3.81707
-3.81736
-3.81768
-3.81735
-3.81669
-3.81565
-3.81509
-3.81406
-3.81146
-3.81105
-3.8116
-3.81242
-3.81331
-3.81434
-3.8141
-3.81437
-3.81382
-3.81337
-3.81335
-3.81296
-3.81284
-3.81278
-3.81359
-3.81403
-3.81452
-3.81483
-3.81537
-3.81458
-3.81449
-3.81484
-3.81433
-3.81267
-3.81274
-3.81176
-3.8108
-3.81216
-3.81258
-3.81245
-3.8119
-3.81088
-3.8113
-3.81277
-3.81358
-3.81497
-3.81451
-3.81484
-3.8143
-3.81331
-3.81183
-3.81162
-3.81133
-3.81269
-3.8143
-3.81478
-3.81598
-3.81627
-3.81603
-3.81587
-3.81559
-3.81509
-3.8158
-3.81601
-3.81529
-3.81422
-3.81438
-3.81415
-3.81353
-3.81384
-3.81479
-3.81544
-3.81668
-3.81651
-3.81629
-3.81536
-3.81496
-3.81422
-3.81376
-3.81195
-3.81205
-3.81098
-3.81105
-3.81167
-3.81239
-3.81102
-3.81076
-3.81109
-3.81013
-3.81015
-3.81057
-3.81195
-3.81157
-3.81115
-3.81019
-3.80989
-3.80959
-3.80925
-3.80903
-3.80984
-3.80847
-3.80824
-3.80954
-3.81098
-3.81108
-3.81177
-3.81188
-3.81106
-3.81124
-3.81205
-3.81172
-3.81076
-3.80971
-3.80882
-3.80963
-3.80935
-3.80891
-3.80938
-3.80895
-3.80933
-3.80833
-3.80812
-3.80854
-3.80917
-3.80986
-3.81071
-3.8124
-3.81325
-3.81311
-3.81316
-3.8125
-3.81163
-3.80968
-3.80987
-3.81009
-3.81036
-3.81164
-3.81249
-3.81314
-3.81321
-3.81223
-3.81062
-3.81033
-3.81089
-3.81256
-3.81176
-3.81203
-3.81259
-3.81271
-3.81337
-3.81388
-3.8131
-3.81159
-3.81061
-3.81081
-3.80937
-3.80826
-3.80856
-3.80818
-3.80763
-3.80851
-3.80833
-3.80826
-3.80995
-3.81102
-3.81118
-3.81139
-3.81276
-3.81293
-3.81277
-3.8118
-3.81185
-3.8113
-3.80984
-3.81049
-3.8107
-3.81163
-3.81197
-3.81257
-3.81348
-3.81443
-3.81424
-3.81341
-3.81354
-3.81358
-3.81358
-3.81321
-3.8137
-3.81343
-3.81397
-3.81417
-3.81425
-3.81439
-3.81416
-3.81359
-3.81396
-3.81441
-3.8139
-3.81413
-3.81464
-3.81428
-3.81503
-3.81477
-3.81454
-3.81472
-3.81386
-3.81398
-3.81385
-3.81341
-3.81262
-3.81221
-3.8125
-3.8134
-3.81355
-3.815
-3.81601
-3.81649
-3.81639
-3.81539
-3.81515
-3.81587
-3.81648
-3.81701
-3.81691
-3.81746
-3.81687
-3.81601
-3.81456
-3.81572
-3.81589
-3.81662
-3.81749
-3.81791
-3.81865
-3.81825
-3.81789
-3.81656
-3.81433
-3.81414
-3.81261
-3.812
-3.81281
-3.81415
-3.81347
-3.81408
-3.81396
-3.81448
-3.8159
-3.81731
-3.81789
-3.82099
-3.82151
-3.82215
-3.82128
-3.82006
-3.81792
-3.81484
-3.81304
-3.81091
-3.81019
-3.80902
-3.80875
-3.80891
-3.80982
-3.81202
-3.81297
-3.81341
-3.81359
-3.81406
-3.81448
-3.81402
-3.81428
-3.81544
-3.81586
-3.81552
-3.81519
-3.81349
-3.81292
-3.81263
-3.81285
-3.81351
-3.81245
-3.81325
-3.81447
-3.815
-3.81535
-3.81371
-3.81361
-3.81322
-3.81393
-3.81439
-3.81351
-3.8131
-3.81258
-3.81199
-3.81135
-3.81095
-3.81127
-3.81104
-3.81142
-3.81186
-3.81203
-3.81156
-3.81237
-3.81312
-3.81433
-3.81407
-3.81422
-3.81429
-3.81395
-3.81325
-3.81328
-3.81263
-3.81256
-3.81339
-3.81522
-3.81686
-3.81806
-3.81819
-3.81716
-3.81481
-3.81394
-3.8123
-3.81173
-3.81157
-3.81128
-3.81121
-3.81174
-3.81113
-3.81077
-3.81153
-3.81108
-3.81024
-3.81059
-3.81059
-3.81139
-3.81266
-3.8131
-3.81548
-3.81757
-3.81722
-3.81688
-3.81749
-3.8182
-3.81662
-3.81647
-3.81675
-3.81655
-3.81695
-3.81736
-3.81771
-3.81847
-3.81915
-3.81902
-3.81866
-3.81916
-3.81878
-3.81842
-3.81835
-3.81665
-3.81752
-3.81824
-3.81873
-3.8182
-3.81822
-3.81753
-3.81765
-3.81768
-3.81854
-3.81797
-3.81785
-3.81675
-3.81544
-3.8149
-3.81292
-3.8124
-3.81203
-3.81163
-3.81255
-3.8137
-3.81505
-3.81689
-3.818
-3.8184
-3.81903
-3.81782
-3.8163
-3.81628
-3.81601
-3.81592
-3.81637
-3.81619
-3.81599
-3.8152
-3.81525
-3.81546
-3.81593
-3.81554
-3.81421
-3.8142
-3.81323
-3.81287
-3.8113
-3.81089
-3.8109
-3.81136
-3.81102
-3.81081
-3.81171
-3.81265
-3.81239
-3.81423
-3.81393
-3.8123
-3.81063
-3.81115
-3.81036
-3.81054
-3.81136
-3.81182
-3.81177
-3.81315
-3.81367
-3.81345
-3.81349
-3.81287
-3.81182
-3.81149
-3.80952
-3.80827
-3.80769
-3.80761
-3.80811
-3.80922
-3.81049
-3.81148
-3.81125
-3.81091
-3.81035
-3.81078
-3.81091
-3.8108
-3.81054
-3.81164
-3.81135
-3.81057
-3.81104
-3.81102
-3.8118
-3.81133
-3.81223
-3.81185
-3.81117
-3.81037
-3.80966
-3.8098
-3.81003
-3.81138
-3.81242
-3.81383
-3.81579
-3.81643
-3.81679
-3.81568
-3.81451
-3.81206
-3.80978
-3.80899
-3.80758
-3.80774
-3.80794
-3.80837
-3.80784
-3.80747
-3.80833
-3.80957
-3.81016
-3.81151
-3.8123
-3.81352
-3.81489
-3.815
-3.81503
-3.81518
-3.81504
-3.81495
-3.81404
-3.81377
-3.81427
-3.81327
-3.81194
-3.81124
-3.81087
-3.81147
-3.81296
-3.81349
-3.81472
-3.81457
-3.81504
-3.81753
-3.81699
-3.81565
-3.81467
-3.81376
-3.8147
-3.81414
-3.81304
-3.81392
-3.81475
-3.81436
-3.81419
-3.8129
-3.81224
-3.81178
-3.81318
-3.81511
-3.81688
-3.8165
-3.81712
-3.81636
-3.8157
-3.81486
-3.81435
-3.814
-3.81186
-3.81011
-3.80785
-3.80755
-3.80803
-3.80669
-3.80771
-3.80757
-3.80958
-3.81141
-3.81323
-3.81418
-3.8153
-3.8159
-3.81607
-3.81606
-3.81572
-3.81507
-3.81509
-3.81487
-3.81454
-3.81536
-3.81505
-3.81404
-3.81214
-3.81281
-3.81156
-3.81131
-3.81181
-3.81159
-3.81184
-3.81347
-3.81531
-3.81727
-3.8187
-3.81891
-3.81857
-3.81786
-3.81702
-3.81671
-3.81515
-3.81465
-3.81475
-3.81449
-3.81403
-3.81467
-3.8139
-3.81366
-3.81261
-3.81259
-3.81223
-3.81344
-3.81293
-3.81321
-3.81237
-3.81168
-3.81076
-3.81008
-3.8108
-3.81172
-3.81338
-3.81447
-3.81553
-3.81605
-3.81661
-3.8169
-3.8171
-3.81777
-3.81713
-3.81755
-3.81741
-3.81667
-3.81641
-3.81625
-3.81682
-3.8177
-3.81892
-3.81827
-3.81778
-3.81814
-3.8179
-3.81812
-3.81858
-3.8172
-3.81617
-3.8156
-3.81478
-3.81452
-3.81405
-3.81353
-3.8139
-3.81327
-3.81295
-3.81319
-3.81121
-3.8103
-3.8092
-3.80819
-3.80947
-3.80914
-3.80969
-3.80986
-3.81053
-3.8118
-3.81404
-3.81611
-3.81763
-3.8179
-3.81724
-3.81702
-3.81662
-3.81563
-3.81615
-3.81572
-3.81544
-3.81436
-3.81354
-3.81217
-3.81217
-3.81251
-3.81214
-3.81165
-3.81097
-3.81036
-3.81107
-3.81083
-3.81101
-3.81114
-3.80984
-3.80988
-3.80921
-3.80964
-3.80917
-3.80958
-3.80905
-3.81005
-3.80977
-3.81094
-3.81198
-3.81121
-3.81067
-3.81013
-3.81075
-3.8115
-3.81161
-3.81122
-3.81117
-3.81056
-3.80985
-3.8109
-3.81137
-3.81099
-3.81071
-3.811
-3.81168
-3.81112
-3.81021
-3.80854
-3.8079
-3.8079
-3.80792
-3.80826
-3.80964
-3.81129
-3.81185
-3.81253
-3.81289
-3.8123
-3.81167
-3.81163
-3.81101
-3.81064
-3.81081
-3.81039
-3.81025
-3.80914
-3.80856
-3.80804
-3.80753
-3.80781
-3.80764
-3.80813
-3.80824
-3.80967
-3.81024
-3.81044
-3.81029
-3.81015
-3.80913
-3.80911
-3.80696
-3.80665
-3.80561
-3.80527
-3.80662
-3.8074
-3.80758
-3.80793
-3.80853
-3.80884
-3.8092
-3.81081
-3.81211
-3.81362
-3.81492
-3.81589
-3.81519
-3.81513
-3.81522
-3.81482
-3.81433
-3.81313
-3.81198
-3.81177
-3.81039
-3.81003
-3.81095
-3.81027
-3.81074
-3.81155
-3.81236
-3.81183
-3.81063
-3.8097
-3.80934
-3.80855
-3.80769
-3.80915
-3.81001
-3.81112
-3.81097
-3.81074
-3.81045
-3.81085
-3.81012
-3.80958
-3.80816
-3.8078
-3.80819
-3.80902
-3.81049
-3.81204
-3.81256
-3.81232
-3.81233
-3.81237
-3.81003
-3.8094
-3.80832
-3.8084
-3.80827
-3.80791
-3.80829
-3.80966
-3.80998
-3.81023
-3.81005
-3.81001
-3.8088
-3.8088
-3.80942
-3.81031
-3.80994
-3.81024
-3.80922
-3.80832
-3.80825
-3.80868
-3.80922
-3.80864
-3.81007
-3.81002
-3.81091
-3.81128
-3.81028
-3.81029
-3.81241
-3.81294
-3.81418
-3.81489
-3.81514
-3.81447
-3.81473
-3.81356
-3.81225
-3.81328
-3.81307
-3.81209
-3.81167
-3.81181
-3.81197
-3.81227
-3.8126
-3.81366
-3.81381
-3.81311
-3.81242
-3.8132
-3.8127
-3.81136
-3.81103
-3.81075
-3.81138
-3.81169
-3.81169
-3.81252
-3.81278
-3.81309
-3.81224
-3.81129
-3.811
-3.81235
-3.81395
-3.81443
-3.81486
-3.81292
-3.81089
-3.80971
-3.80816
-3.80722
-3.8066
-3.80661
-3.80912
-3.8119
-3.81395
-3.81714
-3.81806
-3.81837
-3.81851
-3.81846
-3.81843
-3.81752
-3.81651
-3.81514
-3.81389
-3.81224
-3.81146
-3.81031
-3.81058
-3.81099
-3.81169
-3.81167
-3.81115
-3.81249
-3.81113
-3.81141
-3.8122
-3.81335
-3.81398
-3.81482
-3.81553
-3.81534
-3.81629
-3.81601
-3.81578
-3.81519
-3.81461
-3.81377
-3.81273
-3.81361
-3.81353
-3.81296
-3.81282
-3.81279
-3.81176
-3.81189
-3.81262
-3.81197
-3.81196
-3.81314
-3.81254
-3.8134
-3.81349
-3.8128
-3.81379
-3.81255
-3.81024
-3.8086
-3.80685
-3.80778
-3.80762
-3.80896
-3.81004
-3.81167
-3.81371
-3.81526
-3.81598
-3.81581
-3.81625
-3.81615
-3.81456
-3.81365
-3.81348
-3.81375
-3.81285
-3.81189
-3.81222
-3.81219
-3.81235
-3.81273
-3.81503
-3.81577
-3.81632
-3.81643
-3.81616
-3.81548
-3.81468
-3.81519
-3.81495
-3.81583
-3.81612
-3.81532
-3.81515
-3.81524
-3.81592
-3.81562
-3.81544
-3.81561
-3.81557
-3.81612
-3.81633
-3.81692
-3.81707
-3.81635
-3.81641
-3.8159
-3.8157
-3.81536
-3.81568
-3.81544
-3.81635
-3.81519
-3.815
-3.81468
-3.81297
-3.8116
-3.81197
-3.81176
-3.81186
-3.81151
-3.81082
-3.81098
-3.81121
-3.81173
-3.81114
-3.81073
-3.80962
-3.80985
-3.80948
-3.80787
-3.80825
-3.80932
-3.80804
-3.80762
-3.80817
-3.80928
-3.80982
-3.80965
-3.80954
-3.81055
-3.81114
-3.81095
-3.81146
-3.81228
-3.81271
-3.81281
-3.81216
-3.81185
-3.81148
-3.8114
-3.81028
-3.81009
-3.80997
-3.80992
-3.8093
-3.81001
-3.80981
-3.81007
-3.81116
-3.81208
-3.81297
-3.81376
-3.81411
-3.8138
-3.81333
-3.81214
-3.81133
-3.81064
-3.81055
-3.81001
-3.80959
-3.80811
-3.80759
-3.80857
-3.80783
-3.80815
-3.80745
-3.8081
-3.80846
-3.80848
-3.80825
-3.80774
-3.80733
-3.80724
-3.80714
-3.80755
-3.80775
-3.80938
-3.81135
-3.81245
-3.81378
-3.81506
-3.81432
-3.81291
-3.81199
-3.81055
-3.80946
-3.80696
-3.80605
-3.80627
-3.80426
-3.8041
-3.80666
-3.80828
-3.80814
-3.80741
-3.80704
-3.80815
-3.80795
-3.80754
-3.80729
-3.80696
-3.80576
-3.8048
-3.80529
-3.80663
-3.80708
-3.8093
-3.81152
-3.81475
-3.81614
-3.81659
-3.8147
-3.81303
-3.8119
-3.81004
-3.80956
-3.81036
-3.81049
-3.81164
-3.81221
-3.81078
-3.81091
-3.80988
-3.80955
-3.80773
-3.80707
-3.80646
-3.80807
-3.80908
-3.8094
-3.81124
-3.81212
-3.81136
-3.81024
-3.80913
-3.80837
-3.80704
-3.80622
-3.80566
-3.8056
-3.80527
-3.8053
-3.80593
-3.8075
-3.80717
-3.80787
-3.80923
-3.81
-3.80895
-3.80875
-3.80795
-3.80758
-3.80677
-3.80552
-3.80509
-3.80559
-3.80582
-3.80568
-3.80515
-3.80472
-3.80507
-3.80545
-3.80557
-3.80573
-3.80349
-3.80362
-3.80399
-3.80396
-3.80492
-3.80609
-3.80727
-3.80779
-3.80835
-3.80815
-3.80769
-3.8078
-3.80869
-3.80848
-3.80786
-3.80748
-3.80713
-3.80624
-3.80718
-3.80675
-3.808
-3.80729
-3.80685
-3.80621
-3.80629
-3.80646
-3.80625
-3.80517
-3.80607
-3.80706
-3.80908
-3.81001
-3.81104
-3.81222
-3.8124
-3.81098
-3.81133
-3.81167
-3.81117
-3.81127
-3.81091
-3.81129
-3.81061
-3.81115
-3.81017
-3.80974
-3.81046
-3.81007
-3.81025
-3.80944
-3.80884
-3.8097
-3.80973
-3.80847
-3.80724
-3.80721
-3.80688
-3.80646
-3.80622
-3.80696
-3.8077
-3.80881
-3.81053
-3.8109
-3.81106
-3.80979
-3.80839
-3.80826
-3.80718
-3.80635
-3.80674
-3.80686
-3.80766
-3.80781
-3.80828
-3.80935
-3.81002
-3.80996
-3.81005
-3.81006
-3.80976
-3.81002
-3.80995
-3.8089
-3.80876
-3.80873
-3.80962
-3.81037
-3.81058
-3.81072
-3.81123
-3.8114
-3.8115
-3.81158
-3.81017
-3.8102
-3.81025
-3.81015
-3.8092
-3.80847
-3.8089
-3.80894
-3.80887
-3.80855
-3.80915
-3.8093
-3.80937
-3.8104
-3.8108
-3.81091
-3.80936
-3.80807
-3.80749
-3.80741
-3.80694
-3.80648
-3.8064
-3.80872
-3.80834
-3.80949
-3.80857
-3.80792
-3.80854
-3.80922
-3.80952
-3.80874
-3.80763
-3.80666
-3.8062
-3.80633
-3.80698
-3.80721
-3.80739
-3.80765
-3.80839
-3.80843
-3.80773
-3.8077
-3.80731
-3.8057
-3.80578
-3.80507
-3.80426
-3.80427
-3.80405
-3.80498
-3.80457
-3.80506
-3.80578
-3.80585
-3.80588
-3.8066
-3.80659
-3.80638
-3.80727
-3.80637
-3.80717
-3.80737
-3.80791
-3.80798
-3.80607
-3.80608
-3.8069
-3.80569
-3.80548
-3.80558
-3.80514
-3.80545
-3.80436
-3.80514
-3.80545
-3.80618
-3.80659
-3.80745
-3.80679
-3.80617
-3.80663
-3.80636
-3.80698
-3.80721
-3.80775
-3.8086
-3.80926
-3.80975
-3.81004
-3.80985
-3.81002
-3.81012
-3.81037
-3.81114
-3.81065
-3.81154
-3.8126
-3.81223
-3.81322
-3.81219
-3.8113
-3.81122
-3.81067
-3.8108
-3.80923
-3.80829
-3.8066
-3.80548
-3.80575
-3.80582
-3.80577
-3.80572
-3.8058
-3.80659
-3.80634
-3.80735
-3.80964
-3.80915
-3.80981
-3.80876
-3.80827
-3.80779
-3.80644
-3.80479
-3.80501
-3.80558
-3.80515
-3.80486
-3.80484
-3.80461
-3.80281
-3.80337
-3.80569
-3.80804
-3.81054
-3.81155
-3.81201
-3.81069
-3.81024
-3.80883
-3.80825
-3.80733
-3.80735
-3.80728
-3.80793
-3.80707
-3.80648
-3.80475
-3.80548
-3.80498
-3.8037
-3.80367
-3.80435
-3.80471
-3.80495
-3.80537
-3.80597
-3.80749
-3.80791
-3.80701
-3.80743
-3.80769
-3.80787
-3.80809
-3.80881
-3.80894
-3.80958
-3.81009
-3.81097
-3.8106
-3.81052
-3.81049
-3.80999
-3.80929
-3.80892
-3.80827
-3.80784
-3.80847
-3.80744
-3.8069
-3.80684
-3.80727
-3.8088
-3.8107
-3.81127
-3.81251
-3.8133
-3.81444
-3.81391
-3.81413
-3.81288
-3.81038
-3.80899
-3.8078
-3.80732
-3.80668
-3.80657
-3.80632
-3.80674
-3.80682
-3.80676
-3.80854
-3.80882
-3.80889
-3.80834
-3.80796
-3.80742
-3.80584
-3.80564
-3.80541
-3.80541
-3.80575
-3.80558
-3.80644
-3.8074
-3.80853
-3.81008
-3.8121
-3.81287
-3.81352
-3.81428
-3.81394
-3.81275
-3.81218
-3.81105
-3.81015
-3.81001
-3.80861
-3.80641
-3.80498
-3.80433
-3.80398
-3.80423
-3.8056
-3.80601
-3.80729
-3.8083
-3.80892
-3.80858
-3.80858
-3.80752
-3.80753
-3.80614
-3.80543
-3.80481
-3.80499
-3.80589
-3.80534
-3.80575
-3.80589
-3.80605
-3.80679
-3.80651
-3.8074
-3.80668
-3.80575
-3.80683
-3.80653
-3.80598
-3.80676
-3.80695
-3.8057
-3.80661
-3.80795
-3.80863
-3.80933
-3.81099
-3.81222
-3.81339
-3.81389
-3.81464
-3.8141
-3.81287
-3.81168
-3.81079
-3.80984
-3.80849
-3.80822
-3.8075
-3.80681
-3.80552
-3.80561
-3.8066
-3.80747
-3.80926
-3.80955
-3.80962
-3.80967
-3.81021
-3.80956
-3.80943
-3.80879
-3.80884
-3.80794
-3.80781
-3.80683
-3.80613
-3.80511
-3.80602
-3.80675
-3.8079
-3.80851
-3.80944
-3.80893
-3.80921
-3.80955
-3.81073
-3.81072
-3.81022
-3.80914
-3.80828
-3.80741
-3.8076
-3.80914
-3.8109
-3.81264
-3.81244
-3.81239
-3.81244
-3.81173
-3.81037
-3.80947
-3.80912
-3.80912
-3.81033
-3.8116
-3.81265
-3.81139
-3.81076
-3.81022
-3.81121
-3.81154
-3.81148
-3.81196
-3.81269
-3.8129
-3.81292
-3.81329
-3.81281
-3.81273
-3.81274
-3.81312
-3.81188
-3.81072
-3.811
-3.81069
-3.80924
-3.81005
-3.81036
-3.81109
-3.8105
-3.8102
-3.80996
-3.81022
-3.81017
-3.80918
-3.8089
-3.80864
-3.80848
-3.80765
-3.80722
-3.80722
-3.80721
-3.80834
-3.80909
-3.80797
-3.80789
-3.80732
-3.80581
-3.8043
-3.8038
-3.80475
-3.80617
-3.80727
-3.80861
-3.80931
-3.8095
-3.80865
-3.80865
-3.80831
-3.80677
-3.80707
-3.80659
-3.80658
-3.80583
-3.80592
-3.80656
-3.80745
-3.80862
-3.81007
-3.81097
-3.81111
-3.81064
-3.8113
-3.80949
-3.80869
-3.80942
-3.80845
-3.8078
-3.80775
-3.809
-3.80838
-3.80954
-3.81004
-3.81075
-3.8106
-3.80986
-3.81112
-3.81245
-3.81207
-3.8114
-3.81047
-3.80843
-3.809
-3.80965
-3.80855
-3.80927
-3.80933
-3.81056
-3.81133
-3.81173
-3.8121
-3.81338
-3.8141
-3.81537
-3.81573
-3.81549
-3.81552
-3.81463
-3.81227
-3.81141
-3.80982
-3.81042
-3.81064
-3.81136
-3.81193
-3.81256
-3.81385
-3.81439
-3.81468
-3.81562
-3.81596
-3.81562
-3.81589
-3.81524
-3.81453
-3.81394
-3.81296
-3.81287
-3.81298
-3.81258
-3.81241
-3.81536
-3.81537
-3.81613
-3.81631
-3.81533
-3.8138
-3.81223
-3.81101
-3.80975
-3.80896
-3.80779
-3.80755
-3.808
-3.80753
-3.80746
-3.80668
-3.807
-3.80772
-3.80783
-3.80741
-3.80673
-3.80656
-3.80526
-3.8048
-3.80428
-3.80457
-3.80471
-3.80503
-3.8059
-3.80621
-3.80824
-3.80891
-3.80877
-3.80805
-3.80938
-3.80975
-3.81051
-3.81086
-3.81123
-3.81169
-3.81176
-3.81204
-3.81072
-3.80982
-3.80955
-3.81012
-3.80852
-3.80867
-3.80685
-3.80787
-3.80824
-3.80964
-3.81024
-3.81067
-3.81178
-3.81253
-3.81356
-3.81414
-3.8144
-3.81458
-3.81475
-3.81417
-3.81366
-3.81369
-3.81279
-3.81357
-3.81351
-3.81443
-3.81447
-3.81326
-3.81368
-3.8136
-3.814
-3.81288
-3.81336
-3.81318
-3.81278
-3.81219
-3.812
-3.81219
-3.8114
-3.8118
-3.81174
-3.81236
-3.81235
-3.81244
-3.81246
-3.8123
-3.8132
-3.81364
-3.81502
-3.81606
-3.81595
-3.81588
-3.81476
-3.81442
-3.81374
-3.81292
-3.81273
-3.81287
-3.81319
-3.81291
-3.81352
-3.81352
-3.81356
-3.81348
-3.81415
-3.81438
-3.81315
-3.81274
-3.81238
-3.81049
-3.80903
-3.80865
-3.80692
-3.80768
-3.80882
-3.80972
-3.81047
-3.81069
-3.81079
-3.81172
-3.81248
-3.81165
-3.811
-3.81075
-3.81082
-3.81038
-3.81086
-3.81146
-3.81194
-3.81235
-3.81253
-3.81243
-3.81126
-3.81078
-3.80979
-3.8091
-3.80843
-3.80917
-3.80937
-3.80912
-3.8099
-3.81008
-3.81026
-3.80972
-3.8098
-3.81034
-3.80968
-3.8084
-3.80928
-3.80783
-3.80814
-3.80756
-3.80716
-3.80732
-3.80751
-3.80657
-3.80611
-3.8068
-3.8075
-3.80718
-3.80816
-3.80826
-3.80956
-3.80874
-3.80884
-3.80796
-3.80574
-3.80568
-3.80537
-3.80609
-3.80803
-3.80883
-3.81011
-3.8114
-3.81205
-3.81217
-3.81275
-3.813
-3.81281
-3.81297
-3.81383
-3.81383
-3.81316
-3.81289
-3.8126
-3.81222
-3.81246
-3.81359
-3.8143
-3.81503
-3.81585
-3.81632
-3.81701
-3.81746
-3.81651
-3.81572
-3.81532
-3.81448
-3.81367
-3.8144
-3.81359
-3.81304
-3.8131
-3.81283
-3.81187
-3.81263
-3.81189
-3.81225
-3.81231
-3.81333
-3.8145
-3.81437
-3.81468
-3.81478
-3.8146
-3.81461
-3.81392
-3.81312
-3.81239
-3.81258
-3.81332
-3.81163
-3.81227
-3.81228
-3.81268
-3.81412
-3.81522
-3.81658
-3.81763
-3.8177
-3.81747
-3.81738
-3.81692
-3.81694
-3.81728
-3.81814
-3.81875
-3.81867
-3.81737
-3.81835
-3.81913
-3.81866
-3.81822
-3.81801
-3.81782
-3.81799
-3.81693
-3.81593
-3.81598
-3.81708
-3.81664
-3.81707
-3.81811
-3.81885
-3.81844
-3.81779
-3.81669
-3.81613
-3.81596
-3.81516
-3.81504
-3.81544
-3.8162
-3.81488
-3.81437
-3.81482
-3.815
-3.81502
-3.81377
-3.81356
-3.81336
-3.81296
-3.81319
-3.814
-3.81292
-3.81318
-3.81218
-3.81213
-3.8123
-3.8116
-3.81232
-3.81142
-3.81153
-3.81119
-3.81074
-3.81
-3.81055
-3.81047
-3.81021
-3.81103
-3.8104
-3.81112
-3.81048
-3.80994
-3.8106
-3.81105
-3.81115
-3.81149
-3.81152
-3.81142
-3.81093
-3.81176
-3.81205
-3.8121
-3.81206
-3.81146
-3.81137
-3.81203
-3.81128
-3.8119
-3.8123
-3.8111
-3.81107
-3.81238
-3.81176
-3.81266
-3.81364
-3.81538
-3.81563
-3.81752
-3.81689
-3.81678
-3.81561
-3.81567
-3.81477
-3.81408
-3.81279
-3.81293
-3.81282
-3.81371
-3.81349
-3.81465
-3.8152
-3.8162
-3.81608
-3.81631
-3.81687
-3.81624
-3.81617
-3.8163
-3.81509
-3.81466
-3.81402
-3.81354
-3.8134
-3.8132
-3.81286
-3.8131
-3.81267
-3.814
-3.81467
-3.81581
-3.81572
-3.8159
-3.81561
-3.81627
-3.81593
-3.8147
-3.81382
-3.81321
-3.81401
-3.81342
-3.81363
-3.81399
-3.81474
-3.81419
-3.81495
-3.81651
-3.81604
-3.8161
-3.81516
-3.815
-3.81322
-3.8112
-3.81005
-3.80905
-3.80953
-3.80984
-3.81009
-3.81147
-3.81282
-3.81366
-3.81401
-3.81406
-3.81326
-3.81382
-3.8142
-3.81382
-3.81356
-3.81254
-3.81339
-3.81255
-3.81252
-3.8122
-3.81103
-3.81294
-3.81488
-3.81492
-3.81557
-3.81483
-3.81342
-3.81401
-3.81388
-3.81302
-3.81347
-3.81442
-3.8146
-3.81535
-3.81374
-3.81289
-3.81283
-3.81244
-3.81278
-3.81358
-3.81303
-3.81141
-3.8104
-3.8092
-3.80773
-3.80719
-3.80755
-3.80906
-3.8085
-3.80869
-3.8085
-3.80831
-3.80719
-3.80648
-3.80656
-3.80678
-3.80676
-3.8075
-3.80845
-3.80886
-3.80978
-3.80903
-3.80933
-3.8103
-3.80976
-3.80987
-3.8097
-3.80951
-3.80958
-3.80973
-3.80979
-3.81022
-3.81017
-3.81086
-3.81128
-3.8116
-3.81305
-3.81208
-3.81043
-3.80962
-3.80831
-3.80744
-3.80601
-3.80559
-3.8072
-3.80912
-3.81096
-3.81278
-3.81381
-3.81408
-3.8144
-3.81349
-3.81327
-3.81176
-3.81106
-3.80985
-3.80815
-3.80716
-3.80733
-3.80695
-3.80545
-3.80644
-3.80696
-3.80701
-3.80761
-3.80733
-3.80697
-3.80653
-3.8061
-3.80472
-3.80572
-3.80654
-3.80839
-3.80966
-3.81058
-3.81037
-3.81061
-3.8109
-3.81109
-3.81132
-3.81215
-3.81219
-3.81198
-3.81256
-3.81279
-3.81261
-3.81315
-3.81231
-3.81057
-3.81041
-3.81089
-3.81262
-3.81257
-3.81317
-3.81358
-3.81462
-3.81423
-3.81446
-3.81392
-3.81427
-3.81553
-3.81533
-3.81548
-3.81536
-3.81506
-3.81517
-3.81415
-3.81332
-3.81391
-3.81356
-3.81277
-3.81273
-3.8125
-3.812
-3.8115
-3.81315
-3.81338
-3.81376
-3.81418
-3.8159
-3.81731
-3.81739
-3.81705
-3.81675
-3.81617
-3.81646
-3.81756
-3.817
-3.81705
-3.81566
-3.81466
-3.81478
-3.81346
-3.81474
-3.81524
-3.81685
-3.81761
-3.81746
-3.81848
-3.81848
-3.81803
-3.81767
-3.81745
-3.81688
-3.81664
-3.81614
-3.81651
-3.81735
-3.81741
-3.81738
-3.81667
-3.81629
-3.8161
-3.81569
-3.81468
-3.81342
-3.8124
-3.81199
-3.81126
-3.81236
-3.81398
-3.81506
-3.81662
-3.81775
-3.81864
-3.81971
-3.81898
-3.82021
-3.82109
-3.82018
-3.82062
-3.82049
-3.82056
-3.8194
-3.81815
-3.81685
-3.81506
-3.81306
-3.81241
-3.81178
-3.81154
-3.80963
-3.80895
-3.80905
-3.81029
-3.8115
-3.81218
-3.81296
-3.81344
-3.81327
-3.8138
-3.81319
-3.81266
-3.81131
-3.81101
-3.81137
-3.81194
-3.81246
-3.81246
-3.81336
-3.81516
-3.8168
-3.81814
-3.81895
-3.81798
-3.8187
-3.81824
-3.81845
-3.81781
-3.81671
-3.81567
-3.81431
-3.81419
-3.81463
-3.81481
-3.81504
-3.81563
-3.81516
-3.81366
-3.8149
-3.81615
-3.81665
-3.81773
-3.81749
-3.81777
-3.81759
-3.81794
-3.81937
-3.81876
-3.81822
-3.81812
-3.81767
-3.81646
-3.81553
-3.81398
-3.81403
-3.81347
-3.81388
-3.81472
-3.81525
-3.81609
-3.81686
-3.81697
-3.81776
-3.81809
-3.81797
-3.81754
-3.81609
-3.81595
-3.81585
-3.81612
-3.81571
-3.81576
-3.81627
-3.81606
-3.81572
-3.81391
-3.81447
-3.81361
-3.81385
-3.81377
-3.81331
-3.81286
-3.81268
-3.81422
-3.81514
-3.81585
-3.81513
-3.81434
-3.8133
-3.8129
-3.81343
-3.81318
-3.81378
-3.81463
-3.81367
-3.81377
-3.8141
-3.81509
-3.81549
-3.81452
-3.81261
-3.81222
-3.81245
-3.81198
-3.8114
-3.81086
-3.81059
-3.81091
-3.80875
-3.80892
-3.80768
-3.806
-3.80546
-3.80551
-3.80532
-3.80727
-3.80763
-3.80868
-3.80879
-3.81
-3.81033
-3.81003
-3.81016
-3.8102
-3.80903
-3.80873
-3.80741
-3.80657
-3.80597
-3.80513
-3.80443
-3.80424
-3.80403
-3.80463
-3.80656
-3.80684
-3.80731
-3.80724
-3.80906
-3.80886
-3.80806
-3.80821
-3.80863
-3.8088
-3.80845
-3.80773
-3.80606
-3.80585
-3.80641
-3.80637
-3.80609
-3.80708
-3.80855
-3.80893
-3.81053
-3.81166
-3.8109
-3.80973
-3.8093
-3.80805
-3.80728
-3.80677
-3.80656
-3.80782
-3.80835
-3.80946
-3.81069
-3.8105
-3.81037
-3.81005
-3.80984
-3.81093
-3.81126
-3.8111
-3.80942
-3.80872
-3.80733
-3.8071
-3.80695
-3.80582
-3.80582
-3.80538
-3.80721
-3.80782
-3.80738
-3.80649
-3.80537
-3.80501
-3.8044
-3.80314
-3.80344
-3.80409
-3.80425
-3.80434
-3.80449
-3.80412
-3.80396
-3.80454
-3.80383
-3.8032
-3.80372
-3.80263
-3.80279
-3.80283
-3.80441
-3.80416
-3.80433
-3.80478
-3.8061
-3.80735
-3.80809
-3.80898
-3.81022
-3.81119
-3.81174
-3.81
-3.80926
-3.80834
-3.80853
-3.80916
-3.80846
-3.80777
-3.80854
-3.80892
-3.8097
-3.80962
-3.81057
-3.81024
-3.81119
-3.81122
-3.81073
-3.81024
-3.81012
-3.80917
-3.80931
-3.80986
-3.81002
-3.81122
-3.8114
-3.81141
-3.81226
-3.81222
-3.81124
-3.81036
-3.8103
-3.80802
-3.80672
-3.80728
-3.80896
-3.81005
-3.81128
-3.81372
-3.8136
-3.81405
-3.81412
-3.81362
-3.81233
-3.8112
-3.80956
-3.80881
-3.80798
-3.80795
-3.80826
-3.8089
-3.80872
-3.80917
-3.81097
-3.81042
-3.81195
-3.81304
-3.81455
-3.81446
-3.81494
-3.81413
-3.81422
-3.81256
-3.81148
-3.81182
-3.81196
-3.81196
-3.81163
-3.8111
-3.81017
-3.80885
-3.80794
-3.80796
-3.80858
-3.80975
-3.81016
-3.81127
-3.81106
-3.81196
-3.81222
-3.8117
-3.81158
-3.81022
-3.80885
-3.80818
-3.80673
-3.80721
-3.80658
-3.80751
-3.80742
-3.80711
-3.8072
-3.80674
-3.80739
-3.80597
-3.80553
-3.80542
-3.80536
-3.80586
-3.80703
-3.80727
-3.80783
-3.80953
-3.81029
-3.81321
-3.81422
-3.8153
-3.81574
-3.81682
-3.81649
-3.81661
-3.81595
-3.81455
-3.81299
-3.81181
-3.81091
-3.81142
-3.8102
-3.81087
-3.81216
-3.81391
-3.81472
-3.81603
-3.81676
-3.81886
-3.8192
-3.81894
-3.81817
-3.81719
-3.81659
-3.81616
-3.81476
-3.81449
-3.8132
-3.81376
-3.81547
-3.81612
-3.81672
-3.81684
-3.81659
-3.81574
-3.81483
-3.81399
-3.81384
-3.81369
-3.81456
-3.81502
-3.81553
-3.81505
-3.81473
-3.81432
-3.81312
-3.81225
-3.81199
-3.81162
-3.81201
-3.81213
-3.81249
-3.81307
-3.81373
-3.81479
-3.81452
-3.81439
-3.81208
-3.81119
-3.80904
-3.80758
-3.80689
-3.80621
-3.806
-3.80709
-3.80702
-3.80716
-3.80804
-3.80751
-3.80803
-3.80846
-3.80853
-3.80853
-3.80926
-3.81031
-3.81016
-3.81038
-3.81024
-3.81007
-3.81043
-3.81045
-3.81087
-3.81059
-3.8107
-3.81171
-3.81249
-3.81105
-3.81183
-3.81069
-3.81014
-3.80923
-3.80867
-3.80832
-3.80803
-3.80902
-3.80791
-3.80774
-3.80813
-3.80827
-3.80755
-3.80834
-3.8091
-3.81104
-3.81027
-3.81061
-3.81205
-3.81383
-3.81472
-3.8163
-3.81634
-3.81677
-3.81673
-3.81567
-3.81537
-3.81547
-3.81571
-3.8145
-3.81355
-3.81281
-3.812
-3.81147
-3.81048
-3.81027
-3.81152
-3.81209
-3.81304
-3.81259
-3.81223
-3.81355
-3.81349
-3.81445
-3.81586
-3.81643
-3.81694
-3.81701
-3.81674
-3.81629
-3.81557
-3.81554
-3.81479
-3.81492
-3.81474
-3.81551
-3.81526
-3.81579
-3.81595
-3.81715
-3.81708
-3.8164
-3.81661
-3.81706
-3.81657
-3.81674
-3.81604
-3.8144
-3.81373
-3.81353
-3.81463
-3.81515
-3.81455
-3.81445
-3.81312
-3.81193
-3.81291
-3.81297
-3.81308
-3.8134
-3.81338
-3.81387
-3.81447
-3.81465
-3.81485
-3.81398
-3.81345
-3.8136
-3.81433
-3.81387
-3.81396
-3.81416
-3.81476
-3.81371
-3.81281
-3.81316
-3.81265
-3.81319
-3.81443
-3.81473
-3.81288
-3.81285
-3.81245
-3.81182
-3.81156
-3.81004
-3.80981
-3.81015
-3.81001
-3.81156
-3.81259
-3.81323
-3.81426
-3.81413
-3.81376
-3.81381
-3.81422
-3.81368
-3.81366
-3.81241
-3.81144
-3.81051
-3.81058
-3.80919
-3.80898
-3.80817
-3.80884
-3.81007
-3.81115
-3.81101
-3.8118
-3.81299
-3.81343
-3.81398
-3.81447
-3.81569
-3.81494
-3.81527
-3.81606
-3.81509
-3.81361
-3.81232
-3.81228
-3.81179
-3.812
-3.81151
-3.81084
-3.8106
-3.80935
-3.80918
-3.80954
-3.80937
-3.80965
-3.81184
-3.81197
-3.81275
-3.81306
-3.8136
-3.81327
-3.81187
-3.81102
-3.81074
-3.81048
-3.81061
-3.80963
-3.8102
-3.81038
-3.81074
-3.81029
-3.81044
-3.81011
-3.81088
-3.80986
-3.80914
-3.80998
-3.80962
-3.80935
-3.8101
-3.81014
-3.81068
-3.81075
-3.81078
-3.81179
-3.81135
-3.81095
-3.81157
-3.81198
-3.81226
-3.81255
-3.81465
-3.81521
-3.81578
-3.81584
-3.81564
-3.81609
-3.81521
-3.81571
-3.81574
-3.81587
-3.81648
-3.81603
-3.81657
-3.81577
-3.8164
-3.81599
-3.81567
-3.81591
-3.81686
-3.81732
-3.81721
-3.81663
-3.81677
-3.81755
-3.8184
-3.81904
-3.81882
-3.81831
-3.81638
-3.81427
-3.81228
-3.8137
-3.8122
-3.81154
-3.81106
-3.81174
-3.81145
-3.8109
-3.81087
-3.81011
-3.81059
-3.81189
-3.8118
-3.81152
-3.81219
-3.81282
-3.81227
-3.81126
-3.81173
-3.8123
-3.81081
-3.81002
-3.80989
-3.80889
-3.80913
-3.80889
-3.80834
-3.80875
-3.80861
-3.80799
-3.80661
-3.80641
-3.80742
-3.80754
-3.80873
-3.8094
-3.81081
-3.81089
-3.8103
-3.81013
-3.80974
-3.81017
-3.81067
-3.80996
-3.80948
-3.80978
-3.80937
-3.80823
-3.80884
-3.80943
-3.80914
-3.80989
-3.80954
-3.80904
-3.80928
-3.80949
-3.80946
-3.80873
-3.80832
-3.80805
-3.80792
-3.80751
-3.80645
-3.80522
-3.80515
-3.80441
-3.80386
-3.804
-3.80391
-3.80321
-3.80256
-3.80214
-3.8019
-3.80135
-3.80014
-3.80026
-3.80004
-3.79942
-3.79975
-3.79877
-3.79866
-3.79946
-3.80078
-3.80297
-3.80424
-3.80552
-3.80621
-3.80554
-3.8057
-3.80533
-3.80488
-3.80417
-3.80343
-3.8037
-3.80434
-3.80469
-3.80605
-3.80663
-3.80688
-3.80676
-3.80611
-3.80721
-3.80734
-3.80656
-3.80581
-3.80706
-3.80803
-3.80879
-3.80884
-3.80912
-3.81068
-3.81033
-3.81079
-3.81071
-3.81126
-3.81134
-3.81131
-3.81065
-3.80998
-3.81022
-3.80949
-3.80945
-3.80983
-3.81124
-3.81197
-3.81228
-3.81225
-3.81325
-3.81344
-3.81365
-3.81248
-3.81256
-3.81191
-3.81341
-3.8138
-3.81373
-3.81408
-3.81379
-3.8132
-3.81432
-3.81484
-3.81529
-3.8167
-3.81663
-3.81747
-3.81756
-3.8172
-3.81647
-3.8164
-3.81452
-3.81282
-3.81229
-3.81082
-3.80993
-3.81032
-3.81051
-3.81262
-3.8137
-3.81502
-3.81613
-3.81544
-3.81488
-3.81308
-3.81258
-3.81176
-3.81206
-3.81275
-3.81306
-3.81195
-3.81114
-3.81054
-3.80937
-3.80917
-3.80862
-3.80831
-3.80763
-3.80749
-3.80907
-3.81027
-3.81073
-3.81144
-3.81116
-3.81106
-3.81286
-3.81412
-3.81438
-3.81591
-3.81699
-3.81818
-3.81854
-3.818
-3.81685
-3.81466
-3.81299
-3.81151
-3.81037
-3.81043
-3.81041
-3.8097
-3.81008
-3.8103
-3.81021
-3.81022
-3.81032
-3.81071
-3.81099
-3.81006
-3.81148
-3.8123
-3.81288
-3.81345
-3.81304
-3.81249
-3.81309
-3.81176
-3.80877
-3.80762
-3.80652
-3.80609
-3.80492
-3.80531
-3.80654
-3.80813
-3.80915
-3.81028
-3.81134
-3.81142
-3.81112
-3.81225
-3.81391
-3.81384
-3.81289
-3.81223
-3.81256
-3.81171
-3.81262
-3.81223
-3.81066
-3.80986
-3.80827
-3.80767
-3.80622
-3.80665
-3.80617
-3.80707
-3.80813
-3.80819
-3.80881
-3.80932
-3.81042
-3.81018
-3.80979
-3.81119
-3.81042
-3.80921
-3.80945
-3.80815
-3.80768
-3.80873
-3.80847
-3.80776
-3.80675
-3.80714
-3.80709
-3.80725
-3.8074
-3.80769
-3.80805
-3.80747
-3.80769
-3.80729
-3.80666
-3.80568
-3.80534
-3.80462
-3.80449
-3.80481
-3.80521
-3.80631
-3.80637
-3.80727
-3.80794
-3.80855
-3.80791
-3.80706
-3.80679
-3.80656
-3.80602
-3.80625
-3.8058
-3.80566
-3.8053
-3.80511
-3.80467
-3.80467
-3.80632
-3.80723
-3.80875
-3.80905
-3.80926
-3.80774
-3.80697
-3.80561
-3.80456
-3.80363
-3.80409
-3.80476
-3.80549
-3.80603
-3.80763
-3.80752
-3.80796
-3.8081
-3.8087
-3.80886
-3.80861
-3.80785
-3.80594
-3.80427
-3.80397
-3.80364
-3.80378
-3.80238
-3.8022
-3.80216
-3.80233
-3.80228
-3.80438
-3.80398
-3.80418
-3.8041
-3.80589
-3.80696
-3.80943
-3.81006
-3.80974
-3.81071
-3.81127
-3.81032
-3.81016
-3.80984
-3.80988
-3.809
-3.80819
-3.80648
-3.80579
-3.80548
-3.80555
-3.80542
-3.80542
-3.80555
-3.8075
-3.80727
-3.80822
-3.80839
-3.81029
-3.81082
-3.81123
-3.80992
-3.80961
-3.80929
-3.80902
-3.80827
-3.80875
-3.80953
-3.80944
-3.80951
-3.80914
-3.80972
-3.80942
-3.80975
-3.80961
-3.80912
-3.80795
-3.80744
-3.80736
-3.80729
-3.80696
-3.8073
-3.80753
-3.80693
-3.80721
-3.80619
-3.80655
-3.80651
-3.80662
-3.80555
-3.80556
-3.80614
-3.80712
-3.8073
-3.80784
-3.80762
-3.80853
-3.80883
-3.80945
-3.80866
-3.80866
-3.80892
-3.80813
-3.80739
-3.80749
-3.80791
-3.80717
-3.80735
-3.80786
-3.80782
-3.80696
-3.80696
-3.80725
-3.80675
-3.80687
-3.80645
-3.8067
-3.80543
-3.80581
-3.80712
-3.80793
-3.80964
-3.80969
-3.80997
-3.81009
-3.8096
-3.81026
-3.80913
-3.80941
-3.80897
-3.81044
-3.81104
-3.81211
-3.8123
-3.81257
-3.81226
-3.81147
-3.81148
-3.81017
-3.81059
-3.81081
-3.81034
-3.80998
-3.80966
-3.81008
-3.80982
-3.81099
-3.81037
-3.81127
-3.81086
-3.80916
-3.80922
-3.80873
-3.80896
-3.80847
-3.80788
-3.80809
-3.80702
-3.80741
-3.80806
-3.80927
-3.80987
-3.80941
-3.80832
-3.80812
-3.80843
-3.80831
-3.80788
-3.80714
-3.80695
-3.80616
-3.80584
-3.80496
-3.80446
-3.80439
-3.8044
-3.80421
-3.80492
-3.80665
-3.80788
-3.80773
-3.80693
-3.80725
-3.80643
-3.8056
-3.80421
-3.8024
-3.80211
-3.8013
-3.80063
-3.80099
-3.80122
-3.80332
-3.80431
-3.80603
-3.80756
-3.80826
-3.80926
-3.80796
-3.80947
-3.80896
-3.80824
-3.80755
-3.80679
-3.80606
-3.80589
-3.80641
-3.80702
-3.80733
-3.80742
-3.80706
-3.8072
-3.80674
-3.80771
-3.80807
-3.80868
-3.80973
-3.8091
-3.80932
-3.80923
-3.80985
-3.81052
-3.81059
-3.80928
-3.80852
-3.80813
-3.80718
-3.80589
-3.80551
-3.80558
-3.80533
-3.80474
-3.80448
-3.80463
-3.80412
-3.80481
-3.80561
-3.80718
-3.80703
-3.80786
-3.80701
-3.80685
-3.80643
-3.80601
-3.80553
-3.80542
-3.80469
-3.80474
-3.80459
-3.8056
-3.80628
-3.80622
-3.80676
-3.8072
-3.80672
-3.80831
-3.80903
-3.80867
-3.80914
-3.80944
-3.81008
-3.81055
-3.81048
-3.81058
-3.81018
-3.81049
-3.81168
-3.81176
-3.81185
-3.81151
-3.81042
-3.80951
-3.80898
-3.80855
-3.80729
-3.80873
-3.8088
-3.80962
-3.81018
-3.81018
-3.81128
-3.81248
-3.8114
-3.8101
-3.80919
-3.8097
-3.80964
-3.80988
-3.80917
-3.80915
-3.81069
-3.81061
-3.81008
-3.80889
-3.80821
-3.80719
-3.8067
-3.80671
-3.80768
-3.8076
-3.80756
-3.80789
-3.80847
-3.80871
-3.80927
-3.80995
-3.8098
-3.81068
-3.80979
-3.80985
-3.80897
-3.80776
-3.80688
-3.80782
-3.80815
-3.80831
-3.80968
-3.81007
-3.80946
-3.80957
-3.80911
-3.8085
-3.80971
-3.80927
-3.80926
-3.80925
-3.81002
-3.80947
-3.80881
-3.80829
-3.80723
-3.80631
-3.80692
-3.80653
-3.8089
-3.80832
-3.80893
-3.80821
-3.80782
-3.80746
-3.80663
-3.80642
-3.80579
-3.80646
-3.80869
-3.80951
-3.80966
-3.80991
-3.80807
-3.80755
-3.80614
-3.80574
-3.80679
-3.80725
-3.80863
-3.81075
-3.81145
-3.81084
-3.81111
-3.81084
-3.80979
-3.80937
-3.80975
-3.81005
-3.80959
-3.80961
-3.80825
-3.80787
-3.80724
-3.807
-3.80714
-3.80705
-3.8057
-3.80559
-3.80368
-3.80361
-3.8036
-3.80385
-3.80365
-3.80368
-3.80539
-3.80545
-3.80662
-3.80569
-3.80608
-3.80589
-3.80546
-3.80461
-3.80531
-3.80513
-3.80494
-3.80487
-3.80397
-3.80318
-3.80315
-3.8034
-3.80201
-3.80193
-3.80186
-3.80268
-3.80382
-3.80434
-3.80548
-3.80488
-3.80535
-3.80501
-3.8044
-3.80368
-3.80311
-3.80355
-3.80304
-3.80372
-3.80465
-3.80649
-3.80663
-3.80603
-3.80477
-3.80456
-3.80404
-3.80497
-3.80446
-3.80429
-3.80444
-3.80397
-3.8038
-3.80242
-3.80222
-3.80172
-3.80337
-3.80554
-3.80694
-3.80707
-3.80789
-3.80855
-3.80835
-3.80916
-3.80862
-3.80746
-3.80886
-3.80853
-3.80848
-3.80752
-3.80672
-3.80606
-3.80645
-3.80563
-3.8057
-3.80487
-3.80588
-3.80503
-3.80745
-3.80744
-3.80809
-3.80915
-3.80954
-3.80927
-3.81
-3.8096
-3.80883
-3.80882
-3.80813
-3.80856
-3.80799
-3.80649
-3.80653
-3.80601
-3.80641
-3.80625
-3.80661
-3.80622
-3.80612
-3.80486
-3.80455
-3.80479
-3.80471
-3.80402
-3.80449
-3.80511
-3.80665
-3.80851
-3.80986
-3.8099
-3.81011
-3.81032
-3.8103
-3.80996
-3.81005
-3.80927
-3.80953
-3.80887
-3.80654
-3.80639
-3.80691
-3.80711
-3.80738
-3.80823
-3.80848
-3.80956
-3.81008
-3.8107
-3.81114
-3.81066
-3.81162
-3.811
-3.8107
-3.81013
-3.80951
-3.80858
-3.80883
-3.80849
-3.80891
-3.80937
-3.80898
-3.80874
-3.80976
-3.80961
-3.81025
-3.80929
-3.80988
-3.80913
-3.80948
-3.81
-3.81058
-3.81195
-3.81293
-3.8135
-3.81329
-3.8149
-3.81407
-3.81297
-3.81246
-3.811
-3.81073
-3.80995
-3.80965
-3.80923
-3.80891
-3.80939
-3.81103
-3.81066
-3.81026
-3.81007
-3.80929
-3.80816
-3.80751
-3.80718
-3.80851
-3.81001
-3.81014
-3.80999
-3.81023
-3.80977
-3.81096
-3.81192
-3.81286
-3.81363
-3.81327
-3.81298
-3.81245
-3.81183
-3.81105
-3.80998
-3.81137
-3.81229
-3.81352
-3.81338
-3.81297
-3.8116
-3.81244
-3.81187
-3.81123
-3.81234
-3.81205
-3.81202
-3.81226
-3.8122
-3.8126
-3.81385
-3.81349
-3.81325
-3.81223
-3.81102
-3.8108
-3.81011
-3.80979
-3.80897
-3.80951
-3.80966
-3.8104
-3.81059
-3.81161
-3.81296
-3.81354
-3.81323
-3.81278
-3.81251
-3.81107
-3.80979
-3.80867
-3.8085
-3.80776
-3.80772
-3.80861
-3.80959
-3.81077
-3.81085
-3.8114
-3.81119
-3.81108
-3.81124
-3.81097
-3.81015
-3.8093
-3.80842
-3.80808
-3.80783
-3.80806
-3.80826
-3.80832
-3.80852
-3.80862
-3.80782
-3.80771
-3.80707
-3.80611
-3.8065
-3.80616
-3.80666
-3.80787
-3.80951
-3.80934
-3.80832
-3.80887
-3.80934
-3.80896
-3.81001
-3.80866
-3.80738
-3.80751
-3.80797
-3.80727
-3.80753
-3.80742
-3.80765
-3.80863
-3.80872
-3.80823
-3.8084
-3.80823
-3.80794
-3.80897
-3.80892
-3.80973
-3.80914
-3.80896
-3.80879
-3.80884
-3.80825
-3.80816
-3.80851
-3.80859
-3.80792
-3.80771
-3.80739
-3.80744
-3.80635
-3.80609
-3.80531
-3.80467
-3.80443
-3.80603
-3.80679
-3.80824
-3.80879
-3.80879
-3.80925
-3.81022
-3.81044
-3.81072
-3.81024
-3.81059
-3.81067
-3.80982
-3.80926
-3.81023
-3.81105
-3.81089
-3.81145
-3.81285
-3.81329
-3.81244
-3.81239
-3.81221
-3.81233
-3.81223
-3.81247
-3.8131
-3.81399
-3.81424
-3.81383
-3.81409
-3.81486
-3.81477
-3.81549
-3.81552
-3.81494
-3.81505
-3.8139
-3.81246
-3.81223
-3.81231
-3.81226
-3.81273
-3.81313
-3.81245
-3.81153
-3.8101
-3.80939
-3.80975
-3.80959
-3.8103
-3.8113
-3.8122
-3.81321
-3.81427
-3.81576
-3.8158
-3.81548
-3.81429
-3.8135
-3.81317
-3.8131
-3.81288
-3.81351
-3.81399
-3.81418
-3.81455
-3.81553
-3.81478
-3.81542
-3.81608
-3.81406
-3.81374
-3.81298
-3.812
-3.81041
-3.81031
-3.80956
-3.80897
-3.81011
-3.81149
-3.81181
-3.81295
-3.81241
-3.81111
-3.81037
-3.8111
-3.81136
-3.81186
-3.81199
-3.81152
-3.81118
-3.80975
-3.80987
-3.81069
-3.81162
-3.8109
-3.81033
-3.8109
-3.8113
-3.81207
-3.81202
-3.81299
-3.81288
-3.81253
-3.81256
-3.81167
-3.81223
-3.81227
-3.81188
-3.81252
-3.81328
-3.81333
-3.81361
-3.81344
-3.81281
-3.8131
-3.8132
-3.81275
-3.81326
-3.8136
-3.81432
-3.81396
-3.81342
-3.81205
-3.81078
-3.81013
-3.80873
-3.8083
-3.80767
-3.8082
-3.80817
-3.81031
-3.81221
-3.81383
-3.81412
-3.81553
-3.81528
-3.81592
-3.8151
-3.81453
-3.81271
-3.81265
-3.81063
-3.80926
-3.80861
-3.80863
-3.80881
-3.80925
-3.81081
-3.81213
-3.81467
-3.81476
-3.8157
-3.81672
-3.81692
-3.81656
-3.81593
-3.81398
-3.81329
-3.8118
-3.81137
-3.81033
-3.81077
-3.81257
-3.81484
-3.81601
-3.81673
-3.81675
-3.81632
-3.81678
-3.8161
-3.81607
-3.81634
-3.81758
-3.81721
-3.81724
-3.81695
-3.81579
-3.81454
-3.81361
-3.8139
-3.81436
-3.81424
-3.81368
-3.81449
-3.81471
-3.81455
-3.81465
-3.81456
-3.81619
-3.81652
-3.81681
-3.81671
-3.81671
-3.81739
-3.81895
-3.81879
-3.81685
-3.81776
-3.81685
-3.81613
-3.81509
-3.81474
-3.81446
-3.81386
-3.81389
-3.81325
-3.81217
-3.81039
-3.80869
-3.80815
-3.80834
-3.80863
-3.80998
-3.80907
-3.80793
-3.8078
-3.80726
-3.80676
-3.80691
-3.8076
-3.80828
-3.80906
-3.80953
-3.81104
-3.81252
-3.81347
-3.81191
-3.81065
-3.8096
-3.80849
-3.80738
-3.80709
-3.80697
-3.80605
-3.80555
-3.80517
-3.80532
-3.80717
-3.80824
-3.80969
-3.81042
-3.81021
-3.81012
-3.80984
-3.80962
-3.80966
-3.8107
-3.81076
-3.81059
-3.81025
-3.80972
-3.80912
-3.8083
-3.80884
-3.80874
-3.80854
-3.80767
-3.80673
-3.80686
-3.80572
-3.80284
-3.80256
-3.8028
-3.80323
-3.80279
-3.80429
-3.80497
-3.8052
-3.80488
-3.80498
-3.80618
-3.80576
-3.80582
-3.80741
-3.80883
-3.80901
-3.80979
-3.81169
-3.81268
-3.81396
-3.81425
-3.81344
-3.81403
-3.8134
-3.81255
-3.81241
-3.81203
-3.81205
-3.81268
-3.81317
-3.81352
-3.81414
-3.8142
-3.81434
-3.813
-3.81211
-3.81212
-3.81215
-3.81132
-3.81104
-3.81163
-3.81212
-3.81205
-3.81144
-3.81106
-3.81235
-3.81101
-3.81146
-3.8111
-3.81282
-3.81308
-3.81376
-3.81269
-3.81326
-3.81273
-3.81156
-3.81124
-3.81143
-3.81207
-3.81273
-3.81271
-3.81162
-3.8119
-3.81119
-3.80981
-3.80802
-3.8074
-3.80676
-3.80609
-3.80621
-3.80677
-3.80641
-3.8076
-3.80812
-3.80779
-3.80807
-3.80835
-3.80807
-3.80822
-3.80784
-3.80783
-3.80816
-3.80831
-3.80792
-3.80767
-3.8075
-3.80756
-3.80727
-3.80604
-3.80768
-3.80815
-3.80863
-3.80915
-3.80912
-3.80799
-3.80724
-3.80711
-3.8064
-3.80654
-3.80721
-3.80762
-3.80673
-3.80639
-3.8066
-3.80588
-3.80498
-3.80561
-3.80667
-3.80674
-3.80765
-3.80882
-3.80985
-3.80975
-3.80929
-3.80865
-3.80885
-3.80777
-3.80653
-3.80612
-3.80745
-3.80728
-3.80739
-3.80861
-3.80991
-3.81034
-3.80924
-3.80899
-3.8085
-3.80722
-3.8067
-3.80703
-3.80707
-3.80618
-3.80675
-3.80708
-3.80674
-3.80786
-3.80849
-3.80823
-3.80796
-3.80823
-3.80813
-3.80837
-3.80833
-3.8091
-3.81014
-3.81067
-3.8107
-3.81074
-3.81075
-3.8098
-3.80818
-3.80777
-3.80654
-3.80723
-3.80658
-3.80584
-3.80625
-3.80648
-3.80766
-3.80737
-3.80729
-3.80668
-3.8056
-3.80585
-3.80553
-3.80559
-3.80688
-3.8062
-3.80625
-3.80658
-3.80651
-3.80489
-3.80466
-3.80379
-3.80332
-3.80366
-3.80379
-3.80359
-3.80247
-3.80289
-3.80396
-3.80477
-3.80551
-3.80666
-3.80809
-3.80996
-3.81141
-3.81116
-3.81177
-3.81301
-3.81156
-3.81155
-3.81061
-3.80866
-3.80732
-3.80754
-3.80718
-3.80706
-3.80702
-3.80734
-3.80652
-3.80633
-3.80467
-3.80562
-3.80884
-3.81176
-3.81195
-3.8118
-3.81023
-3.81095
-3.81108
-3.80974
-3.80909
-3.8085
-3.80761
-3.80765
-3.8074
-3.80853
-3.80921
-3.80854
-3.80775
-3.80762
-3.80799
-3.80716
-3.80752
-3.80773
-3.80818
-3.807
-3.80726
-3.80772
-3.80708
-3.80738
-3.80774
-3.8088
-3.8099
-3.80928
-3.80996
-3.80915
-3.80823
-3.80704
-3.80669
-3.8071
-3.80722
-3.80756
-3.80769
-3.80921
-3.8093
-3.8093
-3.80966
-3.80949
-3.80908
-3.80991
-3.8099
-3.81041
-3.80973
-3.81028
-3.81096
-3.8111
-3.81069
-3.81059
-3.81063
-3.81175
-3.81213
-3.81379
-3.81389
-3.81425
-3.8149
-3.81459
-3.81521
-3.81481
-3.81461
-3.81531
-3.81476
-3.81404
-3.81465
-3.81623
-3.81581
-3.81428
-3.81382
-3.81216
-3.81095
-3.81042
-3.80996
-3.80924
-3.80878
-3.80848
-3.81
-3.81062
-3.81206
-3.81342
-3.8143
-3.81473
-3.81519
-3.81387
-3.81349
-3.81326
-3.81355
-3.81232
-3.81248
-3.81224
-3.81244
-3.81315
-3.81395
-3.81397
-3.81403
-3.81368
-3.81427
-3.81393
-3.81278
-3.81209
-3.81151
-3.81158
-3.81139
-3.81178
-3.81331
-3.81362
-3.81475
-3.81548
-3.81591
-3.81682
-3.81662
-3.81635
-3.8166
-3.81532
-3.81341
-3.81303
-3.81176
-3.81114
-3.80941
-3.80932
-3.80955
-3.80851
-3.80914
-3.80915
-3.81036
-3.81069
-3.81058
-3.81055
-3.81145
-3.8126
-3.81327
-3.81355
-3.8136
-3.81384
-3.81267
-3.81197
-3.81147
-3.81197
-3.81178
-3.81079
-3.80998
-3.80868
-3.80901
-3.80914
-3.80897
-3.80987
-3.80989
-3.81072
-3.81134
-3.81087
-3.81094
-3.80982
-3.80964
-3.80944
-3.80994
-3.81077
-3.81232
-3.81385
-3.81554
-3.81631
-3.81701
-3.81721
-3.81626
-3.81545
-3.81512
-3.81386
-3.81264
-3.81155
-3.8106
-3.8107
-3.81142
-3.81189
-3.81128
-3.81044
-3.80959
-3.80923
-3.80887
-3.80764
-3.8074
-3.80719
-3.80818
-3.80757
-3.80918
-3.81006
-3.81139
-3.81274
-3.81309
-3.81344
-3.81299
-3.81399
-3.81472
-3.81569
-3.81512
-3.81357
-3.81275
-3.81216
-3.81078
-3.80882
-3.80873
-3.80853
-3.80725
-3.80603
-3.80436
-3.80455
-3.80369
-3.80378
-3.80479
-3.80527
-3.80576
-3.80651
-3.80767
-3.80714
-3.80722
-3.80875
-3.80886
-3.80901
-3.80881
-3.80899
-3.8087
-3.80883
-3.80964
-3.80839
-3.80816
-3.80898
-3.80818
-3.80759
-3.8073
-3.80868
-3.809
-3.80997
-3.8101
-3.81039
-3.81041
-3.8101
-3.81082
-3.81161
-3.81176
-3.81161
-3.81349
-3.81424
-3.81413
-3.81302
-3.81256
-3.81159
-3.81152
-3.81116
-3.80939
-3.80938
-3.80904
-3.80867
-3.80803
-3.80767
-3.80782
-3.80762
-3.80685
-3.80768
-3.80908
-3.80936
-3.80911
-3.81068
-3.81127
-3.81157
-3.81213
-3.81138
-3.8126
-3.81294
-3.81247
-3.81225
-3.81178
-3.81264
-3.81228
-3.812
-3.81138
-3.81083
-3.8101
-3.80959
-3.8094
-3.809
-3.80911
-3.80828
-3.80815
-3.80764
-3.80722
-3.80651
-3.80767
-3.808
-3.80936
-3.80991
-3.80955
-3.81039
-3.80933
-3.81005
-3.80999
-3.80926
-3.80982
-3.8096
-3.81021
-3.81147
-3.81222
-3.81292
-3.81397
-3.8136
-3.81278
-3.81266
-3.81227
-3.81078
-3.81089
-3.81086
-3.81148
-3.8114
-3.81101
-3.81088
-3.80917
-3.80901
-3.80879
-3.8092
-3.80829
-3.8089
-3.80888
-3.80871
-3.80832
-3.80731
-3.80644
-3.80587
-3.80542
-3.80473
-3.80571
-3.80562
-3.80635
-3.80644
-3.80843
-3.80971
-3.80982
-3.8098
-3.80909
-3.80738
-3.80659
-3.80567
-3.80665
-3.80583
-3.80593
-3.80637
-3.80756
-3.80852
-3.80871
-3.80936
-3.80893
-3.8091
-3.80905
-3.80929
-3.80975
-3.8096
-3.81085
-3.81254
-3.81311
-3.81319
-3.81455
-3.81579
-3.81477
-3.81405
-3.81417
-3.81448
-3.81406
-3.81316
-3.81303
-3.813
-3.81351
-3.81394
-3.81411
-3.81552
-3.81486
-3.81535
-3.81522
-3.8154
-3.81472
-3.81407
-3.81392
-3.81273
-3.81177
-3.8124
-3.81267
-3.81226
-3.8134
-3.81408
-3.81482
-3.81615
-3.81602
-3.81594
-3.81579
-3.81522
-3.81666
-3.81664
-3.8179
-3.8188
-3.81814
-3.81863
-3.81966
-3.81981
-3.81865
-3.81818
-3.81746
-3.81666
-3.81545
-3.81513
-3.81519
-3.81505
-3.8161
-3.81496
-3.81431
-3.81397
-3.81521
-3.81583
-3.81625
-3.81609
-3.8166
-3.81749
-3.81628
-3.81563
-3.81501
-3.81413
-3.81304
-3.81283
-3.81329
-3.81366
-3.81443
-3.81437
-3.81519
-3.81554
-3.81643
-3.81581
-3.81592
-3.81569
-3.81367
-3.8125
-3.81212
-3.81125
-3.80862
-3.80767
-3.80753
-3.80689
-3.80758
-3.80768
-3.80847
-3.80927
-3.80885
-3.81104
-3.81229
-3.81398
-3.81392
-3.81383
-3.81267
-3.81193
-3.8107
-3.80954
-3.81002
-3.8101
-3.8106
-3.81243
-3.81282
-3.81369
-3.81444
-3.81556
-3.81454
-3.81427
-3.8142
-3.81441
-3.81405
-3.81433
-3.81387
-3.81196
-3.81151
-3.81044
-3.81
-3.80907
-3.80827
-3.80776
-3.8081
-3.80863
-3.80918
-3.80893
-3.80867
-3.8088
-3.80889
-3.80808
-3.8088
-3.80989
-3.81107
-3.81297
-3.81528
-3.81509
-3.81499
-3.81427
-3.81511
-3.81507
-3.81433
-3.81377
-3.81372
-3.81291
-3.8122
-3.81214
-3.81206
-3.81174
-3.81126
-3.81184
-3.81191
-3.81244
-3.81362
-3.81611
-3.81655
-3.81733
-3.81827
-3.81931
-3.81974
-3.81909
-3.81775
-3.81717
-3.81672
-3.81619
-3.81497
-3.8146
-3.8135
-3.81128
-3.80982
-3.80848
-3.80934
-3.80916
-3.81076
-3.81286
-3.81459
-3.81652
-3.81618
-3.81617
-3.81481
-3.81347
-3.81257
-3.8113
-3.80999
-3.80859
-3.80802
-3.80799
-3.80998
-3.81085
-3.81149
-3.81124
-3.81075
-3.80984
-3.81096
-3.81124
-3.81182
-3.81292
-3.81372
-3.81393
-3.81288
-3.81458
-3.81429
-3.81355
-3.81295
-3.81228
-3.81213
-3.81115
-3.81122
-3.8112
-3.81046
-3.80995
-3.80936
-3.80969
-3.81049
-3.81014
-3.81041
-3.8096
-3.80955
-3.80926
-3.8105
-3.8101
-3.8102
-3.81029
-3.80991
-3.80856
-3.80832
-3.80802
-3.80739
-3.80713
-3.80872
-3.80897
-3.80878
-3.80878
-3.8076
-3.80772
-3.80693
-3.80536
-3.80645
-3.80694
-3.80693
-3.80849
-3.80897
-3.80826
-3.8077
-3.80757
-3.80853
-3.80809
-3.80816
-3.80711
-3.80702
-3.80795
-3.80792
-3.8078
-3.80755
-3.80816
-3.80786
-3.80802
-3.80897
-3.81008
-3.81017
-3.81115
-3.81123
-3.8113
-3.81205
-3.81247
-3.81158
-3.81251
-3.81147
-3.81165
-3.81113
-3.81188
-3.81213
-3.81295
-3.81219
-3.81168
-3.81065
-3.80994
-3.80936
-3.8071
-3.80518
-3.80553
-3.80588
-3.80802
-3.80921
-3.80996
-3.8107
-3.81034
-3.81103
-3.8123
-3.81247
-3.81309
-3.81388
-3.81517
-3.81703
-3.81636
-3.81577
-3.81523
-3.81376
-3.81337
-3.81261
-3.81189
-3.8118
-3.81068
-3.81107
-3.8106
-3.81196
-3.81327
-3.81375
-3.8125
-3.81305
-3.81266
-3.81281
-3.81307
-3.8126
-3.81202
-3.81148
-3.81063
-3.80949
-3.80929
-3.81016
-3.81096
-3.81086
-3.81112
-3.81237
-3.81461
-3.81461
-3.81478
-3.81457
-3.81463
-3.81458
-3.81448
-3.81342
-3.81253
-3.81152
-3.81061
-3.81073
-3.80959
-3.80907
-3.80798
-3.80665
-3.80623
-3.80604
-3.80638
-3.80718
-3.80851
-3.80879
-3.80929
-3.80855
-3.80896
-3.80881
-3.80819
-3.80781
-3.80658
-3.80588
-3.8058
-3.80621
-3.80738
-3.80776
-3.80791
-3.80872
-3.80956
-3.80996
-3.81052
-3.81164
-3.81214
-3.81227
-3.81203
-3.81241
-3.81193
-3.81222
-3.81245
-3.81309
-3.8125
-3.81169
-3.80994
-3.81087
-3.81109
-3.8113
-3.81295
-3.81366
-3.81398
-3.81523
-3.81517
-3.8141
-3.81372
-3.81363
-3.81284
-3.81238
-3.81241
-3.81275
-3.81289
-3.81344
-3.81307
-3.81158
-3.81077
-3.80883
-3.80931
-3.80962
-3.80903
-3.80935
-3.8092
-3.81107
-3.81232
-3.81223
-3.81294
-3.81353
-3.8144
-3.81373
-3.81371
-3.81287
-3.81377
-3.81402
-3.81367
-3.81234
-3.81291
-3.81307
-3.81264
-3.8115
-3.81046
-3.80932
-3.80848
-3.80828
-3.8083
-3.8087
-3.80959
-3.81051
-3.81075
-3.81116
-3.81104
-3.81091
-3.81189
-3.81208
-3.81127
-3.8116
-3.81169
-3.81034
-3.80989
-3.81021
-3.8086
-3.80838
-3.80803
-3.80804
-3.80726
-3.80856
-3.81063
-3.81092
-3.81053
-3.80971
-3.80991
-3.81018
-3.81075
-3.81074
-3.81069
-3.81119
-3.81262
-3.81317
-3.81284
-3.81171
-3.81202
-3.81135
-3.81076
-3.81163
-3.81162
-3.81122
-3.81102
-3.81144
-3.81236
-3.81245
-3.81314
-3.81444
-3.81461
-3.81553
-3.81601
-3.81594
-3.81613
-3.81545
-3.81578
-3.81495
-3.81438
-3.81356
-3.81288
-3.81099
-3.81056
-3.80962
-3.80991
-3.80902
-3.8091
-3.80804
-3.8079
-3.80943
-3.81094
-3.81094
-3.81177
-3.81142
-3.81089
-3.81174
-3.81228
-3.8116
-3.80994
-3.8097
-3.80985
-3.81155
-3.81245
-3.81302
-3.81433
-3.81569
-3.81459
-3.81375
-3.81321
-3.81311
-3.81288
-3.81283
-3.81288
-3.81305
-3.8126
-3.81323
-3.81306
-3.81312
-3.81261
-3.81251
-3.81261
-3.81202
-3.81248
-3.81207
-3.81247
-3.81233
-3.81218
-3.81092
-3.80996
-3.80978
-3.81004
-3.81063
-3.81095
-3.81085
-3.81188
-3.81099
-3.81014
-3.80918
-3.80831
-3.80687
-3.80678
-3.80667
-3.80714
-3.80759
-3.80874
-3.80908
-3.8101
-3.81059
-3.81116
-3.81023
-3.81211
-3.81173
-3.81155
-3.8106
-3.81185
-3.81198
-3.81186
-3.81219
-3.81223
-3.8118
-3.81179
-3.81063
-3.81094
-3.81136
-3.81109
-3.81082
-3.81059
-3.81166
-3.81172
-3.81238
-3.81306
-3.81373
-3.81391
-3.81404
-3.81411
-3.81424
-3.81327
-3.81265
-3.81177
-3.81082
-3.81031
-3.80965
-3.81006
-3.81094
-3.81062
-3.81
-3.81027
-3.80936
-3.80954
-3.80991
-3.81072
-3.81109
-3.81086
-3.80952
-3.80897
-3.8072
-3.80657
-3.80532
-3.8052
-3.80415
-3.80443
-3.80622
-3.80696
-3.80788
-3.80773
-3.80756
-3.80838
-3.80866
-3.80921
-3.80993
-3.81177
-3.81363
-3.81498
-3.81422
-3.81392
-3.81304
-3.81164
-3.81055
-3.80994
-3.81004
-3.80899
-3.809
-3.80996
-3.8108
-3.81222
-3.8128
-3.81378
-3.81461
-3.81487
-3.81555
-3.8167
-3.81657
-3.81662
-3.81565
-3.81543
-3.81445
-3.81442
-3.81379
-3.81241
-3.81089
-3.8095
-3.80966
-3.81066
-3.81137
-3.8121
-3.81398
-3.81516
-3.81588
-3.81723
-3.81842
-3.81876
-3.81885
-3.8169
-3.81651
-3.81433
-3.81269
-3.81118
-3.81086
-3.81069
-3.81128
-3.81067
-3.81098
-3.811
-3.81023
-3.81198
-3.8118
-3.81259
-3.81267
-3.81184
-3.81261
-3.81208
-3.81178
-3.81151
-3.81199
-3.8122
-3.81109
-3.81035
-3.81066
-3.81064
-3.81173
-3.8123
-3.81243
-3.81211
-3.81225
-3.81222
-3.81167
-3.81197
-3.81143
-3.81046
-3.81089
-3.8103
-3.80926
-3.80969
-3.81035
-3.81234
-3.81285
-3.81302
-3.81444
-3.81513
-3.81483
-3.81303
-3.81383
-3.81407
-3.81413
-3.81392
-3.81417
-3.81312
-3.81262
-3.81226
-3.81254
-3.81255
-3.81298
-3.81352
-3.81327
-3.81314
-3.81179
-3.81192
-3.81155
-3.81102
-3.81116
-3.81095
-3.81134
-3.81161
-3.81209
-3.81264
-3.81189
-3.81223
-3.81228
-3.81257
-3.81107
-3.81073
-3.81065
-3.81127
-3.81106
-3.81241
-3.81222
-3.81209
-3.81127
-3.81166
-3.81236
-3.8119
-3.81175
-3.80982
-3.81012
-3.81136
-3.81126
-3.81233
-3.81337
-3.81421
-3.81342
-3.81428
-3.81343
-3.81309
-3.8136
-3.81484
-3.81394
-3.81307
-3.81277
-3.81125
-3.80992
-3.80856
-3.80848
-3.80714
-3.80705
-3.80738
-3.80821
-3.80854
-3.81035
-3.81087
-3.81157
-3.81146
-3.81199
-3.8123
-3.81206
-3.81039
-3.8094
-3.80805
-3.80772
-3.80702
-3.8057
-3.80501
-3.80515
-3.80642
-3.80795
-3.80736
-3.80778
-3.808
-3.80844
-3.80887
-3.80803
-3.80764
-3.80753
-3.8078
-3.8084
-3.80987
-3.81093
-3.81251
-3.81306
-3.81337
-3.81366
-3.81305
-3.81234
-3.8107
-3.81091
-3.81154
-3.81217
-3.81275
-3.81337
-3.81317
-3.81358
-3.81339
-3.81284
-3.81257
-3.81272
-3.81222
-3.81171
-3.81111
-3.81088
-3.81096
-3.81066
-3.80891
-3.80898
-3.8098
-3.81036
-3.81062
-3.81069
-3.81115
-3.81221
-3.8118
-3.81168
-3.8117
-3.81308
-3.81409
-3.81346
-3.81295
-3.81205
-3.81137
-3.81083
-3.81099
-3.81048
-3.81051
-3.80916
-3.80935
-3.81036
-3.81126
-3.81128
-3.81187
-3.812
-3.81191
-3.8121
-3.81209
-3.8124
-3.81213
-3.81223
-3.81347
-3.8126
-3.81217
-3.81253
-3.81272
-3.8127
-3.81264
-3.81138
-3.81119
-3.8102
-3.80887
-3.80873
-3.80909
-3.80986
-3.81131
-3.8126
-3.81199
-3.81192
-3.81172
-3.8121
-3.81076
-3.81127
-3.81037
-3.80928
-3.8091
-3.80971
-3.8097
-3.80982
-3.81113
-3.81213
-3.81306
-3.81311
-3.81204
-3.81284
-3.81231
-3.81117
-3.81071
-3.81141
-3.81049
-3.81132
-3.81237
-3.81232
-3.81278
-3.81318
-3.81266
-3.81286
-3.81203
-3.81169
-3.8124
-3.81277
-3.81109
-3.81005
-3.80897
-3.80921
-3.80905
-3.80982
-3.81076
-3.81162
-3.81267
-3.81208
-3.81259
-3.81231
-3.81175
-3.81153
-3.81201
-3.81198
-3.81227
-3.81283
-3.81291
-3.8144
-3.81355
-3.81339
-3.81435
-3.81398
-3.81366
-3.81299
-3.81302
-3.81282
-3.81189
-3.81182
-3.81206
-3.81149
-3.81042
-3.81155
-3.81275
-3.8142
-3.81454
-3.81562
-3.81655
-3.81573
-3.81592
-3.81568
-3.81552
-3.81459
-3.81392
-3.81331
-3.8126
-3.81234
-3.81239
-3.81245
-3.81314
-3.81334
-3.81383
-3.81461
-3.81534
-3.81634
-3.81619
-3.81714
-3.81653
-3.81664
-3.81542
-3.81506
-3.81332
-3.81287
-3.81121
-3.81138
-3.8107
-3.81158
-3.81257
-3.81235
-3.8135
-3.81489
-3.81513
-3.81578
-3.81583
-3.81628
-3.81577
-3.8149
-3.81448
-3.81486
-3.81493
-3.81495
-3.81642
-3.81552
-3.8155
-3.81635
-3.81574
-3.81473
-3.81434
-3.814
-3.81546
-3.81627
-3.81636
-3.81704
-3.81723
-3.8179
-3.81728
-3.81605
-3.81527
-3.81529
-3.8153
-3.81461
-3.81289
-3.81228
-3.81168
-3.81162
-3.81171
-3.81194
-3.811
-3.81132
-3.81258
-3.81348
-3.8149
-3.81653
-3.81584
-3.81557
-3.81377
-3.81498
-3.8136
-3.81402
-3.81451
-3.81415
-3.81415
-3.81439
-3.81401
-3.81408
-3.81433
-3.81529
-3.81746
-3.81781
-3.81936
-3.81921
-3.81869
-3.81891
-3.81902
-3.81942
-3.81901
-3.8185
-3.81791
-3.8173
-3.81657
-3.81635
-3.8148
-3.81302
-3.81082
-3.81006
-3.8098
-3.811
-3.81021
-3.81162
-3.81278
-3.81505
-3.81668
-3.81844
-3.81796
-3.81694
-3.8166
-3.81526
-3.81483
-3.81363
-3.81167
-3.81104
-3.81121
-3.81161
-3.81243
-3.81301
-3.81448
-3.81577
-3.81627
-3.81793
-3.81902
-3.82022
-3.82064
-3.82049
-3.82078
-3.8203
-3.81933
-3.81769
-3.81621
-3.81518
-3.81515
-3.81413
-3.81438
-3.81387
-3.8145
-3.81513
-3.81559
-3.81664
-3.81742
-3.81803
-3.81813
-3.81713
-3.81636
-3.81587
-3.81558
-3.8152
-3.81563
-3.81596
-3.81708
-3.81745
-3.8184
-3.8203
-3.81985
-3.82007
-3.81959
-3.81812
-3.81755
-3.81654
-3.81631
-3.81616
-3.81526
-3.81422
-3.81416
-3.81354
-3.81274
-3.81249
-3.81236
-3.81142
-3.81278
-3.81358
-3.81447
-3.81508
-3.81475
-3.81391
-3.81372
-3.81329
-3.81293
-3.81239
-3.8116
-3.81193
-3.81156
-3.81031
-3.80941
-3.80951
-3.80972
-3.81129
-3.81089
-3.81171
-3.81184
-3.81103
-3.81215
-3.81099
-3.81041
-3.81052
-3.81094
-3.81068
-3.8101
-3.80923
-3.80909
-3.81009
-3.81001
-3.8091
-3.80927
-3.81103
-3.81171
-3.81149
-3.81204
-3.81197
-3.81228
-3.81236
-3.81312
-3.8126
-3.81336
-3.8141
-3.81483
-3.8155
-3.81516
-3.81408
-3.81382
-3.81344
-3.81346
-3.81312
-3.81272
-3.8118
-3.81185
-3.81017
-3.81044
-3.81063
-3.81077
-3.8135
-3.81424
-3.81573
-3.81478
-3.81536
-3.81607
-3.81528
-3.81364
-3.81296
-3.81126
-3.81123
-3.81091
-3.81137
-3.81182
-3.8111
-3.81112
-3.81149
-3.81241
-3.81327
-3.81465
-3.815
-3.81613
-3.81555
-3.81552
-3.81709
-3.81689
-3.81646
-3.81496
-3.81359
-3.81282
-3.81254
-3.81146
-3.81102
-3.81072
-3.81173
-3.81288
-3.81413
-3.81598
-3.8157
-3.81636
-3.81669
-3.81713
-3.8179
-3.81767
-3.81627
-3.81567
-3.81531
-3.8161
-3.81611
-3.81619
-3.81566
-3.81527
-3.81609
-3.81615
-3.81454
-3.81377
-3.81388
-3.81382
-3.81404
-3.8149
-3.8165
-3.81597
-3.81554
-3.81559
-3.81564
-3.8151
-3.81403
-3.81396
-3.81351
-3.81437
-3.81498
-3.81551
-3.81502
-3.81519
-3.81601
-3.81587
-3.81546
-3.81551
-3.81496
-3.81485
-3.81429
-3.8144
-3.81322
-3.81344
-3.81239
-3.81347
-3.81281
-3.81235
-3.81257
-3.81343
-3.81377
-3.81423
-3.8147
-3.81462
-3.8135
-3.81383
-3.81347
-3.81343
-3.81232
-3.81288
-3.81272
-3.81353
-3.81284
-3.81349
-3.81351
-3.81344
-3.81361
-3.81377
-3.8158
-3.81739
-3.81865
-3.8196
-3.81878
-3.81927
-3.81882
-3.81846
-3.81933
-3.81902
-3.81921
-3.8185
-3.81737
-3.81641
-3.8157
-3.81451
-3.81502
-3.81572
-3.81691
-3.81768
-3.81819
-3.81834
-3.81849
-3.81838
-3.81894
-3.81965
-3.81962
-3.81977
-3.82067
-3.82072
-3.82016
-3.81946
-3.81777
-3.81605
-3.81508
-3.81387
-3.8116
-3.80937
-3.80907
-3.80879
-3.80976
-3.80985
-3.81025
-3.8111
-3.81221
-3.81336
-3.81416
-3.81366
-3.81359
-3.8127
-3.81274
-3.81163
-3.8121
-3.81217
-3.81179
-3.81257
-3.81382
-3.81458
-3.8158
-3.81514
-3.81591
-3.81516
-3.81431
-3.81241
-3.81247
-3.81213
-3.81119
-3.8107
-3.81121
-3.81254
-3.8128
-3.81398
-3.81533
-3.81543
-3.8148
-3.81411
-3.81377
-3.81318
-3.81351
-3.81308
-3.81255
-3.81318
-3.81312
-3.81324
-3.81388
-3.81278
-3.81314
-3.81432
-3.81544
-3.81675
-3.81766
-3.81883
-3.81774
-3.81797
-3.81734
-3.81703
-3.81571
-3.81367
-3.81341
-3.81104
-3.81054
-3.80992
-3.81069
-3.81109
-3.81127
-3.81184
-3.81145
-3.81104
-3.81079
-3.81101
-3.81163
-3.81215
-3.81249
-3.81385
-3.81476
-3.81418
-3.81441
-3.81332
-3.81175
-3.81106
-3.8104
-3.80985
-3.80819
-3.80842
-3.809
-3.81011
-3.81118
-3.8126
-3.81244
-3.81227
-3.81135
-3.81125
-3.81072
-3.81132
-3.81159
-3.81183
-3.81274
-3.81362
-3.8143
-3.81443
-3.81502
-3.8145
-3.81484
-3.81523
-3.81485
-3.81504
-3.8159
-3.81659
-3.8165
-3.81595
-3.81769
-3.81848
-3.81911
-3.81896
-3.8182
-3.81884
-3.81975
-3.82038
-3.8206
-3.81906
-3.8184
-3.81758
-3.81556
-3.81505
-3.81475
-3.81335
-3.81274
-3.81193
-3.8129
-3.81197
-3.81335
-3.81426
-3.81489
-3.81419
-3.81408
-3.81383
-3.81374
-3.81449
-3.8143
-3.81363
-3.8124
-3.81253
-3.81416
-3.8146
-3.81432
-3.81406
-3.81466
-3.81428
-3.81405
-3.8148
-3.81304
-3.81311
-3.81348
-3.81341
-3.81353
-3.81314
-3.81455
-3.81554
-3.81529
-3.81471
-3.81436
-3.81362
-3.81378
-3.81324
-3.81296
-3.81326
-3.81389
-3.81424
-3.8146
-3.81429
-3.81586
-3.81597
-3.81534
-3.81571
-3.81506
-3.81412
-3.8139
-3.81318
-3.81389
-3.81413
-3.81397
-3.81484
-3.81477
-3.81525
-3.81525
-3.81473
-3.81617
-3.81817
-3.81807
-3.81849
-3.81669
-3.81514
-3.81321
-3.81135
-3.80947
-3.80967
-3.80863
-3.80921
-3.81084
-3.81245
-3.81245
-3.81318
-3.81444
-3.81413
-3.81359
-3.81332
-3.81349
-3.81297
-3.81164
-3.8106
-3.80979
-3.81063
-3.81143
-3.81268
-3.81464
-3.81669
-3.81887
-3.81995
-3.82063
-3.82012
-3.81937
-3.81858
-3.81664
-3.81629
-3.81417
-3.81363
-3.81302
-3.81323
-3.81391
-3.81475
-3.81599
-3.81737
-3.81773
-3.8183
-3.81854
-3.81791
-3.81728
-3.81544
-3.81315
-3.81272
-3.8131
-3.81308
-3.81286
-3.81504
-3.81533
-3.81683
-3.81789
-3.81806
-3.81802
-3.8168
-3.81592
-3.81531
-3.8137
-3.81262
-3.81142
-3.80966
-3.80815
-3.80771
-3.80722
-3.80754
-3.8087
-3.81067
-3.81164
-3.81196
-3.81328
-3.81346
-3.81487
-3.81615
-3.81565
-3.81521
-3.81368
-3.81307
-3.81322
-3.81066
-3.80999
-3.80859
-3.80965
-3.80967
-3.8112
-3.81273
-3.81183
-3.81227
-3.81221
-3.81221
-3.81219
-3.81154
-3.81255
-3.81281
-3.81311
-3.81389
-3.81385
-3.81335
-3.81415
-3.81327
-3.8114
-3.81131
-3.81171
-3.81096
-3.81121
-3.8123
-3.81317
-3.81524
-3.81627
-3.81534
-3.81478
-3.81452
-3.81498
-3.81446
-3.81439
-3.81432
-3.81341
-3.8136
-3.81361
-3.81373
-3.8135
-3.81437
-3.81455
-3.81488
-3.81485
-3.814
-3.81493
-3.81633
-3.81641
-3.81631
-3.81547
-3.81358
-3.8116
-3.8116
-3.81211
-3.81129
-3.81218
-3.81221
-3.81234
-3.81187
-3.81241
-3.81192
-3.8133
-3.81437
-3.81482
-3.81442
-3.81436
-3.8132
-3.81267
-3.81326
-3.81223
-3.81144
-3.81084
-3.80985
-3.80961
-3.80941
-3.80872
-3.80855
-3.80776
-3.8074
-3.80823
-3.80866
-3.80819
-3.80825
-3.80717
-3.80604
-3.80558
-3.80638
-3.80815
-3.80832
-3.80913
-3.81045
-3.81117
-3.81218
-3.81193
-3.81098
-3.81075
-3.81117
-3.81127
-3.81145
-3.81308
-3.81321
-3.81319
-3.81375
-3.81444
-3.81406
-3.814
-3.81294
-3.8134
-3.8142
-3.81422
-3.8142
-3.81447
-3.81336
-3.81311
-3.81315
-3.81341
-3.81304
-3.81303
-3.81371
-3.81415
-3.8142
-3.81508
-3.81588
-3.8149
-3.81446
-3.81363
-3.81304
-3.81203
-3.81223
-3.81101
-3.81097
-3.81058
-3.81039
-3.80871
-3.80882
-3.80835
-3.80809
-3.80799
-3.8084
-3.81077
-3.81109
-3.81229
-3.81219
-3.81238
-3.81225
-3.81166
-3.81111
-3.81053
-3.8114
-3.8127
-3.81261
-3.81371
-3.8138
-3.81347
-3.81398
-3.8149
-3.8147
-3.81444
-3.81341
-3.81308
-3.81184
-3.81172
-3.81083
-3.81111
-3.81049
-3.81077
-3.81016
-3.81056
-3.8121
-3.81175
-3.81111
-3.81015
-3.81043
-3.81035
-3.80968
-3.80971
-3.80941
-3.80956
-3.81067
-3.81043
-3.81067
-3.81154
-3.81207
-3.81192
-3.81116
-3.80957
-3.80969
-3.80877
-3.8095
-3.80886
-3.80741
-3.80676
-3.80666
-3.80763
-3.80779
-3.8087
-3.80972
-3.8112
-3.81213
-3.81273
-3.81344
-3.81282
-3.81216
-3.81136
-3.81187
-3.81177
-3.81303
-3.81355
-3.8126
-3.81221
-3.81125
-3.81031
-3.81052
-3.80907
-3.80973
-3.81132
-3.81292
-3.81303
-3.81355
-3.81418
-3.81274
-3.81267
-3.81204
-3.81266
-3.81178
-3.81126
-3.81058
-3.80999
-3.80852
-3.80831
-3.80783
-3.80883
-3.81042
-3.81141
-3.81255
-3.81302
-3.81215
-3.81182
-3.81191
-3.81152
-3.81143
-3.81088
-3.81009
-3.80904
-3.80918
-3.81011
-3.81077
-3.81118
-3.81108
-3.81031
-3.80978
-3.80985
-3.8092
-3.8092
-3.81065
-3.81264
-3.81342
-3.81366
-3.81321
-3.81143
-3.80847
-3.80694
-3.80604
-3.80614
-3.80634
-3.80865
-3.81032
-3.81161
-3.81371
-3.81416
-3.81404
-3.81345
-3.81133
-3.81075
-3.81005
-3.80897
-3.80906
-3.80899
-3.80965
-3.8093
-3.81039
-3.80988
-3.81057
-3.81007
-3.80987
-3.80928
-3.80914
-3.81037
-3.81042
-3.81111
-3.81212
-3.81207
-3.81157
-3.8114
-3.81097
-3.81079
-3.81138
-3.81253
-3.813
-3.81263
-3.81262
-3.81307
-3.81333
-3.8124
-3.81122
-3.81136
-3.81111
-3.81077
-3.81015
-3.8092
-3.80966
-3.80969
-3.80984
-3.81093
-3.81204
-3.81346
-3.81388
-3.81459
-3.81502
-3.8149
-3.8144
-3.81337
-3.81317
-3.81332
-3.81419
-3.81366
-3.81363
-3.81415
-3.81528
-3.81554
-3.81588
-3.8159
-3.81548
-3.81565
-3.81586
-3.81547
-3.8151
-3.81512
-3.81628
-3.81574
-3.81537
-3.81563
-3.81579
-3.81534
-3.81416
-3.81314
-3.8129
-3.81223
-3.81295
-3.81321
-3.81468
-3.81486
-3.81455
-3.81461
-3.81387
-3.81309
-3.81365
-3.81364
-3.81361
-3.81476
-3.81418
-3.81485
-3.81455
-3.81501
-3.81494
-3.81487
-3.81566
-3.81635
-3.81628
-3.81584
-3.81579
-3.8163
-3.81552
-3.81488
-3.81383
-3.8133
-3.81355
-3.81183
-3.81157
-3.81097
-3.80999
-3.80966
-3.80936
-3.80948
-3.81084
-3.81122
-3.81024
-3.81008
-3.81107
-3.813
-3.81478
-3.81562
-3.81586
-3.81494
-3.81651
-3.81616
-3.81538
-3.81489
-3.8142
-3.81353
-3.81311
-3.81441
-3.81349
-3.81399
-3.81512
-3.81588
-3.81712
-3.81847
-3.81949
-3.82062
-3.82199
-3.82294
-3.82246
-3.82281
-3.82105
-3.81954
-3.81928
-3.81837
-3.81802
-3.81771
-3.81753
-3.81738
-3.81701
-3.81696
-3.81734
-3.8175
-3.81697
-3.81774
-3.81762
-3.81683
-3.81729
-3.81799
-3.81819
-3.81839
-3.81739
-3.81911
-3.81842
-3.81647
-3.81398
-3.81279
-3.81197
-3.81174
-3.81248
-3.81306
-3.81506
-3.81664
-3.81744
-3.81711
-3.81696
-3.81613
-3.81575
-3.81617
-3.81581
-3.81537
-3.81485
-3.81438
-3.81344
-3.81123
-3.81189
-3.81126
-3.81008
-3.81066
-3.8117
-3.81448
-3.81587
-3.8172
-3.81787
-3.81758
-3.81685
-3.81639
-3.81585
-3.81487
-3.81438
-3.81327
-3.81333
-3.81346
-3.81377
-3.81468
-3.81451
-3.81493
-3.81539
-3.81495
-3.81525
-3.81557
-3.81668
-3.81608
-3.81561
-3.81657
-3.81546
-3.81471
-3.8142
-3.8135
-3.81385
-3.8138
-3.81353
-3.81366
-3.81521
-3.8153
-3.81657
-3.81778
-3.81803
-3.81717
-3.81732
-3.81568
-3.81478
-3.81393
-3.81266
-3.81151
-3.81105
-3.81008
-3.81073
-3.8117
-3.81237
-3.81317
-3.81418
-3.81519
-3.81514
-3.8145
-3.81343
-3.81389
-3.81267
-3.81312
-3.81356
-3.81343
-3.81438
-3.81518
-3.81636
-3.81608
-3.81542
-3.81585
-3.81584
-3.81649
-3.81555
-3.81569
-3.8163
-3.81754
-3.81769
-3.81712
-3.81711
-3.81522
-3.81478
-3.81605
-3.81495
-3.81465
-3.81598
-3.81778
-3.8188
-3.81961
-3.82066
-3.82086
-3.82017
-3.82079
-3.82008
-3.81854
-3.818
-3.81781
-3.81582
-3.81573
-3.81517
-3.81477
-3.8143
-3.81421
-3.81422
-3.81556
-3.81585
-3.81518
-3.81574
-3.81624
-3.81642
-3.81668
-3.81606
-3.81571
-3.81522
-3.8147
-3.81573
-3.8162
-3.81585
-3.81511
-3.81536
-3.81545
-3.81625
-3.81701
-3.81796
-3.81867
-3.81928
-3.81934
-3.81962
-3.81862
-3.81628
-3.81573
-3.81571
-3.81534
-3.81433
-3.81379
-3.81337
-3.8149
-3.81658
-3.81787
-3.81989
-3.8201
-3.81953
-3.81908
-3.8181
-3.81762
-3.81506
-3.8136
-3.81167
-3.80988
-3.80813
-3.80689
-3.80617
-3.80555
-3.80511
-3.80572
-3.80639
-3.80892
-3.81022
-3.81018
-3.80961
-3.81009
-3.81057
-3.81061
-3.81112
-3.81065
-3.81031
-3.81071
-3.81029
-3.81003
-3.81068
-3.81023
-3.80971
-3.81096
-3.81024
-3.81009
-3.81217
-3.81325
-3.81535
-3.81628
-3.81653
-3.81578
-3.81587
-3.81446
-3.81258
-3.81094
-3.81141
-3.81097
-3.81184
-3.81226
-3.81196
-3.81229
-3.81338
-3.81355
-3.81191
-3.81072
-3.81011
-3.80956
-3.80975
-3.80912
-3.80902
-3.80907
-3.80994
-3.81052
-3.81104
-3.81173
-3.81297
-3.81363
-3.81442
-3.81297
-3.81297
-3.81231
-3.81147
-3.81079
-3.80848
-3.8081
-3.80822
-3.80807
-3.80859
-3.80936
-3.81082
-3.81209
-3.81355
-3.81356
-3.81408
-3.81481
-3.81606
-3.81615
-3.81545
-3.81502
-3.81508
-3.81514
-3.81597
-3.81496
-3.81293
-3.81092
-3.80988
-3.80982
-3.80887
-3.80865
-3.80809
-3.80806
-3.80781
-3.80852
-3.80967
-3.8106
-3.81105
-3.81146
-3.81153
-3.81162
-3.81156
-3.81232
-3.8131
-3.81526
-3.81663
-3.81762
-3.81791
-3.81636
-3.81672
-3.815
-3.81503
-3.81504
-3.81486
-3.81477
-3.81597
-3.81534
-3.81432
-3.81345
-3.81389
-3.81486
-3.81568
-3.81567
-3.81558
-3.81575
-3.81535
-3.81452
-3.81444
-3.81355
-3.81255
-3.81264
-3.81227
-3.81281
-3.81283
-3.81299
-3.81261
-3.81382
-3.81492
-3.81581
-3.81604
-3.81645
-3.81634
-3.81505
-3.81436
-3.81375
-3.81267
-3.81203
-3.81156
-3.81227
-3.81362
-3.8138
-3.8137
-3.8133
-3.81271
-3.81289
-3.81208
-3.81029
-3.81025
-3.80917
-3.80848
-3.80818
-3.80815
-3.80867
-3.80848
-3.80905
-3.81001
-3.81118
-3.81148
-3.81114
-3.81133
-3.81069
-3.81077
-3.81122
-3.81027
-3.80934
-3.80869
-3.80884
-3.80869
-3.80815
-3.80852
-3.8087
-3.81117
-3.81298
-3.81401
-3.81494
-3.81529
-3.81416
-3.81402
-3.81305
-3.81207
-3.81164
-3.81214
-3.8127
-3.81279
-3.81177
-3.81174
-3.81239
-3.81224
-3.81239
-3.81284
-3.81308
-3.81302
-3.81295
-3.81366
-3.81362
-3.81403
-3.8145
-3.81377
-3.81518
-3.81501
-3.81326
-3.81235
-3.81119
-3.80976
-3.80984
-3.80995
-3.80929
-3.80888
-3.80825
-3.80855
-3.80828
-3.80825
-3.80841
-3.80952
-3.81
-3.81065
-3.81045
-3.80988
-3.81031
-3.81018
-3.81052
-3.8109
-3.81062
-3.81046
-3.80988
-3.81066
-3.81125
-3.81047
-3.81113
-3.8116
-3.81109
-3.81069
-3.80937
-3.80807
-3.80838
-3.80769
-3.80729
-3.80751
-3.80824
-3.8089
-3.80906
-3.80898
-3.811
-3.8114
-3.81124
-3.81117
-3.81066
-3.80923
-3.80811
-3.80663
-3.80587
-3.80639
-3.80734
-3.80919
-3.80997
-3.81101
-3.81171
-3.81213
-3.81134
-3.81141
-3.81064
-3.81017
-3.80877
-3.80836
-3.80846
-3.80855
-3.80976
-3.8111
-3.81194
-3.81016
-3.80995
-3.81033
-3.81234
-3.81453
-3.81564
-3.81535
-3.81418
-3.81453
-3.81291
-3.81185
-3.81133
-3.81069
-3.81117
-3.81227
-3.81246
-3.81362
-3.8138
-3.81332
-3.81385
-3.81341
-3.81349
-3.81393
-3.81389
-3.81376
-3.81288
-3.81254
-3.8116
-3.81111
-3.81088
-3.8106
-3.81076
-3.81098
-3.81147
-3.81059
-3.81037
-3.81172
-3.81157
-3.81136
-3.81213
-3.81253
-3.81173
-3.81141
-3.81116
-3.81199
-3.81114
-3.81156
-3.81126
-3.80924
-3.80864
-3.80853
-3.80623
-3.80611
-3.80639
-3.80647
-3.80564
-3.80524
-3.80512
-3.80606
-3.80624
-3.80721
-3.80728
-3.80672
-3.80663
-3.80675
-3.80813
-3.80971
-3.8106
-3.81194
-3.81182
-3.81172
-3.81133
-3.81169
-3.81196
-3.81185
-3.81121
-3.81007
-3.80856
-3.80705
-3.80646
-3.80631
-3.80741
-3.80713
-3.80855
-3.80967
-3.80885
-3.80927
-3.80934
-3.80939
-3.81006
-3.81081
-3.81033
-3.81109
-3.81144
-3.81171
-3.81051
-3.80917
-3.80872
-3.80821
-3.80777
-3.80851
-3.80853
-3.80993
-3.81028
-3.80988
-3.81067
-3.80949
-3.81025
-3.80961
-3.8092
-3.80916
-3.80987
-3.81074
-3.81101
-3.81103
-3.81095
-3.81158
-3.8121
-3.81246
-3.81305
-3.81395
-3.81466
-3.81393
-3.81296
-3.81162
-3.81015
-3.80849
-3.80721
-3.80722
-3.80741
-3.80792
-3.80906
-3.8092
-3.80826
-3.80741
-3.80718
-3.80586
-3.80574
-3.80608
-3.80572
-3.80662
-3.80731
-3.80826
-3.80875
-3.80955
-3.80933
-3.80856
-3.80852
-3.80871
-3.80736
-3.80731
-3.80638
-3.806
-3.80727
-3.8081
-3.80876
-3.80971
-3.8102
-3.81139
-3.81136
-3.81152
-3.81081
-3.81084
-3.81043
-3.81144
-3.81127
-3.81244
-3.8122
-3.81228
-3.81116
-3.81111
-3.81115
-3.81126
-3.81025
-3.81005
-3.80952
-3.8097
-3.81055
-3.81071
-3.81191
-3.81176
-3.81126
-3.81147
-3.81167
-3.81216
-3.81173
-3.81056
-3.81074
-3.81171
-3.81209
-3.81265
-3.81169
-3.81104
-3.81143
-3.81183
-3.81109
-3.81106
-3.81075
-3.81084
-3.81048
-3.81139
-3.81058
-3.81041
-3.81066
-3.80952
-3.80836
-3.80827
-3.80562
-3.80547
-3.80405
-3.80554
-3.80714
-3.80877
-3.80971
-3.81074
-3.81074
-3.80993
-3.80929
-3.80976
-3.8106
-3.8105
-3.8097
-3.81121
-3.81085
-3.81081
-3.8111
-3.81019
-3.81161
-3.81233
-3.81216
-3.81195
-3.81186
-3.81106
-3.81151
-3.80983
-3.80918
-3.80963
-3.81109
-3.81239
-3.81275
-3.81261
-3.81248
-3.81205
-3.81155
-3.81188
-3.81204
-3.81183
-3.81233
-3.81189
-3.81261
-3.81346
-3.81355
-3.81359
-3.81305
-3.81429
-3.81514
-3.81501
-3.81507
-3.81587
-3.81582
-3.81613
-3.81649
-3.81656
-3.81779
-3.81898
-3.81908
-3.8189
-3.81918
-3.81927
-3.81871
-3.81772
-3.81723
-3.81757
-3.81825
-3.81813
-3.81748
-3.81756
-3.81721
-3.8167
-3.81734
-3.81651
-3.81535
-3.81513
-3.8155
-3.81416
-3.81468
-3.81536
-3.81472
-3.81567
-3.815
-3.81447
-3.81368
-3.81347
-3.81338
-3.81419
-3.81456
-3.81549
-3.81564
-3.81541
-3.8151
-3.8148
-3.81552
-3.81504
-3.81478
-3.81477
-3.81453
-3.81432
-3.815
-3.81569
-3.81551
-3.81536
-3.81561
-3.81532
-3.81515
-3.81443
-3.81401
-3.81345
-3.81248
-3.81083
-3.81017
-3.81084
-3.81183
-3.81303
-3.81584
-3.81589
-3.81559
-3.81446
-3.81342
-3.81276
-3.8103
-3.81042
-3.81056
-3.8107
-3.81144
-3.81109
-3.8111
-3.8109
-3.81174
-3.81203
-3.81308
-3.81227
-3.81181
-3.81293
-3.81342
-3.81334
-3.81498
-3.81439
-3.81391
-3.81307
-3.81156
-3.8111
-3.81111
-3.81127
-3.81145
-3.81158
-3.81241
-3.8128
-3.81238
-3.81176
-3.8108
-3.81006
-3.81138
-3.81235
-3.81325
-3.81377
-3.81476
-3.81566
-3.81648
-3.8172
-3.81586
-3.81469
-3.81399
-3.81326
-3.81243
-3.81226
-3.811
-3.81104
-3.81243
-3.81287
-3.8136
-3.81501
-3.81635
-3.8158
-3.81578
-3.81626
-3.81664
-3.81769
-3.81802
-3.81776
-3.817
-3.81619
-3.8147
-3.81349
-3.81331
-3.81439
-3.81527
-3.81531
-3.81529
-3.81601
-3.81591
-3.81622
-3.81613
-3.8163
-3.81517
-3.81604
-3.81634
-3.81727
-3.81868
-3.81864
-3.81689
-3.8152
-3.81437
-3.81288
-3.81138
-3.81087
-3.81033
-3.81118
-3.81083
-3.81174
-3.81256
-3.81334
-3.8139
-3.81429
-3.81483
-3.8141
-3.81358
-3.81301
-3.81344
-3.8132
-3.81313
-3.81363
-3.8128
-3.81299
-3.81121
-3.81141
-3.81149
-3.81169
-3.81243
-3.81265
-3.81321
-3.81323
-3.81277
-3.81214
-3.81163
-3.81134
-3.81181
-3.81161
-3.8119
-3.8124
-3.81263
-3.81313
-3.8134
-3.81402
-3.81416
-3.81341
-3.81311
-3.81284
-3.81334
-3.81295
-3.81278
-3.81117
-3.81021
-3.80998
-3.80971
-3.8088
-3.80889
-3.80851
-3.80729
-3.80654
-3.80554
-3.80387
-3.80429
-3.80514
-3.80789
-3.81086
-3.81051
-3.81137
-3.81144
-3.81132
-3.81089
-3.81006
-3.80915
-3.80926
-3.80957
-3.80951
-3.8094
-3.81041
-3.81068
-3.81001
-3.80905
-3.81006
-3.81017
-3.81098
-3.81163
-3.81344
-3.81311
-3.81439
-3.81398
-3.814
-3.81439
-3.81395
-3.81292
-3.81281
-3.81237
-3.81102
-3.80962
-3.80988
-3.81031
-3.81083
-3.81175
-3.8121
-3.81196
-3.81215
-3.81146
-3.81199
-3.81187
-3.81252
-3.81204
-3.81035
-3.81038
-3.80961
-3.81009
-3.81046
-3.81051
-3.81128
-3.81058
-3.81072
-3.81129
-3.81263
-3.81339
-3.81421
-3.81485
-3.81507
-3.81603
-3.81537
-3.81598
-3.81525
-3.81614
-3.8157
-3.8152
-3.81517
-3.8144
-3.81365
-3.81402
-3.81362
-3.8131
-3.81444
-3.81377
-3.81526
-3.81586
-3.8162
-3.81693
-3.8173
-3.81631
-3.81552
-3.81477
-3.81542
-3.81698
-3.81794
-3.81799
-3.81783
-3.81687
-3.81675
-3.81665
-3.81724
-3.8169
-3.81626
-3.81616
-3.81587
-3.81574
-3.81601
-3.81581
-3.81533
-3.81423
-3.81422
-3.8139
-3.813
-3.81336
-3.81301
-3.81299
-3.81259
-3.8131
-3.81283
-3.81345
-3.81293
-3.81291
-3.81384
-3.81264
-3.81198
-3.81221
-3.81291
-3.81316
-3.81219
-3.81299
-3.81299
-3.81326
-3.81262
-3.8126
-3.81294
-3.81263
-3.81237
-3.81288
-3.81213
-3.812
-3.81191
-3.81205
-3.81101
-3.81076
-3.80985
-3.80921
-3.80929
-3.80951
-3.80962
-3.80908
-3.81009
-3.81084
-3.81184
-3.81282
-3.8122
-3.8129
-3.81294
-3.81205
-3.81235
-3.81165
-3.81065
-3.81065
-3.81036
-3.8107
-3.8113
-3.81221
-3.8133
-3.81353
-3.81413
-3.81417
-3.81412
-3.81352
-3.8136
-3.81326
-3.81263
-3.81258
-3.81235
-3.81209
-3.81126
-3.81084
-3.80964
-3.80961
-3.80947
-3.8096
-3.81067
-3.81028
-3.81041
-3.8104
-3.81073
-3.81078
-3.81085
-3.81049
-3.81067
-3.81112
-3.81125
-3.81068
-3.8107
-3.81059
-3.81048
-3.81038
-3.80988
-3.81001
-3.81145
-3.81262
-3.8137
-3.81439
-3.81529
-3.81582
-3.81592
-3.81569
-3.81456
-3.81386
-3.81234
-3.81125
-3.80855
-3.80777
-3.80717
-3.80836
-3.80929
-3.81122
-3.81119
-3.81091
-3.81161
-3.81121
-3.8123
-3.81224
-3.8115
-3.81084
-3.81075
-3.81019
-3.81132
-3.81083
-3.81018
-3.81138
-3.81143
-3.81163
-3.81102
-3.81038
-3.8091
-3.81041
-3.81065
-3.81008
-3.81009
-3.81064
-3.81019
-3.81066
-3.81097
-3.81044
-3.80998
-3.80877
-3.80705
-3.80605
-3.80623
-3.8067
-3.80858
-3.81115
-3.81219
-3.81423
-3.81466
-3.81557
-3.81498
-3.81385
-3.81366
-3.81376
-3.81422
-3.81444
-3.81431
-3.81457
-3.81444
-3.81364
-3.81392
-3.8141
-3.81427
-3.81369
-3.81385
-3.81377
-3.81356
-3.81495
-3.81543
-3.81563
-3.8149
-3.81569
-3.81491
-3.81511
-3.81423
-3.81266
-3.81299
-3.8127
-3.81288
-3.81395
-3.81437
-3.81478
-3.81463
-3.81498
-3.81423
-3.81348
-3.81279
-3.81247
-3.81194
-3.81196
-3.81122
-3.8113
-3.81157
-3.81271
-3.81327
-3.81282
-3.8131
-3.81188
-3.81129
-3.81198
-3.81188
-3.81143
-3.81167
-3.81213
-3.81398
-3.81442
-3.81539
-3.81432
-3.81345
-3.81298
-3.81423
-3.815
-3.81499
-3.81614
-3.81647
-3.81616
-3.81632
-3.81597
-3.81617
-3.81592
-3.81618
-3.8171
-3.81651
-3.8149
-3.81392
-3.81315
-3.81438
-3.81369
-3.81384
-3.81417
-3.81601
-3.81604
-3.81701
-3.81621
-3.81714
-3.81637
-3.81487
-3.81377
-3.81298
-3.81315
-3.81434
-3.81507
-3.81676
-3.81802
-3.81974
-3.82089
-3.82037
-3.81986
-3.81907
-3.81755
-3.81696
-3.81659
-3.81649
-3.8164
-3.81511
-3.81427
-3.81454
-3.81473
-3.81461
-3.81491
-3.81521
-3.8147
-3.81592
-3.81497
-3.8142
-3.81536
-3.81508
-3.8151
-3.81453
-3.81475
-3.81449
-3.8147
-3.81399
-3.81445
-3.81494
-3.81503
-3.81381
-3.81415
-3.81305
-3.81234
-3.8106
-3.81073
-3.81155
-3.81144
-3.81171
-3.81349
-3.81495
-3.81552
-3.81416
-3.81308
-3.81291
-3.81189
-3.81182
-3.81109
-3.81053
-3.8121
-3.81403
-3.81648
-3.81813
-3.81751
-3.81836
-3.81831
-3.81873
-3.81748
-3.8182
-3.81682
-3.81601
-3.81536
-3.81588
-3.81523
-3.81514
-3.81528
-3.81514
-3.81439
-3.81509
-3.81514
-3.81564
-3.81743
-3.81923
-3.8208
-3.82055
-3.82081
-3.82046
-3.82039
-3.82074
-3.81959
-3.81832
-3.8175
-3.8161
-3.81551
-3.81476
-3.81543
-3.81388
-3.81422
-3.81451
-3.81575
-3.81614
-3.81735
-3.81737
-3.81681
-3.81551
-3.81542
-3.81459
-3.81336
-3.81284
-3.81234
-3.81239
-3.81125
-3.81076
-3.81153
-3.81093
-3.81211
-3.81192
-3.81151
-3.81269
-3.81281
-3.81377
-3.81405
-3.81392
-3.8132
-3.81126
-3.81037
-3.80955
-3.80964
-3.80971
-3.81028
-3.81177
-3.8133
-3.81415
-3.81602
-3.81497
-3.81516
-3.81534
-3.81484
-3.8137
-3.81317
-3.81296
-3.81266
-3.81213
-3.81077
-3.8106
-3.81048
-3.81046
-3.81074
-3.81143
-3.81162
-3.81227
-3.81213
-3.81315
-3.81332
-3.8134
-3.81324
-3.81243
-3.81212
-3.81233
-3.81102
-3.81192
-3.81128
-3.81104
-3.81062
-3.81024
-3.81054
-3.8107
-3.81012
-3.80956
