1.65
1.65237
1.65995
1.67162
1.68424
1.69514
1.70353
1.71008
1.71561
1.72049
1.72398
1.72531
1.72442
1.72248
1.72088
1.72043
1.72043
1.71865
1.71221
1.69922
1.67992
1.65665
1.63214
1.60885
1.58979
1.57861
1.57781
1.58579
1.59706
1.6061
1.61136
1.61453
1.61811
1.6236
1.63039
1.63634
1.63872
1.63525
1.62468
1.60738
1.58461
1.55868
1.53232
1.50874
1.49135
1.48338
1.48656
1.50052
1.52197
1.54571
1.56629
1.57908
1.58165
1.57385
1.55811
1.53935
1.52356
1.51622
1.51937
1.53127
1.54795
1.56496
1.57848
1.58628
1.58753
1.58297
1.57518
1.56742
1.563
1.56356
1.5689
1.57819
1.59053
1.60562
1.62278
1.6408
1.65821
1.67332
1.68424
1.68929
1.68737
1.67809
1.6624
1.64299
1.62339
1.60768
1.5994
1.60029
1.60973
1.62496
1.64142
1.65498
1.66358
1.66757
1.66823
1.66571
1.65954
1.6513
1.64509
1.64566
1.65448
1.66893
1.68469
1.6989
1.71106
1.72223
1.73371
1.74548
1.75625
1.76376
1.76578
1.76059
1.74801
1.72944
1.70776
1.68663
1.66904
1.65672
1.64962
1.64706
1.64783
1.65181
1.65874
1.66764
1.67753
1.68689
1.69455
1.69936
1.7002
1.69644
1.68864
1.67935
1.67266
1.67323
1.68355
1.7027
1.72577
1.74732
1.76317
1.77189
1.77376
1.76986
1.76226
1.75342
1.74582
1.74095
1.73858
1.73732
1.73579
1.73416
1.73295
1.73226
1.73118
1.72773
1.72025
1.70859
1.69385
1.67829
1.66429
1.65344
1.64677
1.64468
1.64776
1.65634
1.67099
1.69087
1.71486
1.74085
1.76608
1.78751
1.80225
1.80892
1.80728
1.79812
1.78258
1.76132
1.73533
1.70602
1.67544
1.6458
1.61966
1.59892
1.58541
1.58019
1.58378
1.59582
1.61492
1.63803
1.66029
1.67694
1.68401
1.68038
1.66823
1.65204
1.63671
1.62538
1.61867
1.61514
1.61312
1.61093
1.60798
1.60407
1.60039
1.6
1.60663
1.62175
1.64332
1.66795
1.69323
1.7184
1.74325
1.76705
1.78802
1.80452
1.81439
1.81664
1.81139
1.7996
1.78388
1.76672
1.75052
1.73661
1.72527
1.71621
1.70822
1.70057
1.69272
1.68507
1.67851
1.67389
1.67242
1.67462
1.68068
1.69011
1.70179
1.71389
1.72442
1.73185
1.73521
1.73469
1.73081
1.72423
1.71517
1.70389
1.69109
1.6786
1.66943
1.66714
1.6747
1.69317
1.72113
1.75509
1.79054
1.82311
1.8492
1.86605
1.87166
1.86471
1.84493
1.81382
1.77536
1.73582
1.70267
1.68132
1.673
1.67526
1.6843
1.69732
1.71203
1.72651
1.73858
1.74609
1.74763
1.74245
1.73108
1.71471
1.69472
1.67242
1.64827
1.62295
1.59756
1.57532
1.56056
1.55716
1.5662
1.58485
1.6083
1.63126
1.65007
1.66278
1.66972
1.67231
1.67268
1.67257
1.67325
1.67511
1.67793
1.68122
1.68357
1.68294
1.67747
1.66642
1.65088
1.63346
1.61745
1.60556
1.59941
1.59985
1.60661
1.61972
1.63883
1.66344
1.69214
1.72225
1.75066
1.7749
1.79364
1.8067
1.81446
1.81746
1.81567
1.80864
1.79554
1.77571
1.74886
1.71577
1.67812
1.63937
1.60395
1.57736
1.56366
1.56421
1.57667
1.59634
1.61753
1.63579
1.64875
1.65618
1.66
1.66335
1.66928
1.67951
1.69376
1.71055
1.72749
1.74204
1.75188
1.75576
1.75314
1.74461
1.73159
1.71571
1.69894
1.68258
1.66763
1.65462
1.64405
1.63615
1.6307
1.62755
1.62611
1.62601
1.62753
1.63081
1.63592
1.64198
1.64774
1.65152
1.65229
1.65044
1.64711
1.64376
1.64156
1.64088
1.64194
1.6458
1.65329
1.66514
1.68072
1.69813
1.71487
1.72844
1.73693
1.73978
1.73714
1.72984
1.71971
1.70865
1.69858
1.69132
1.68808
1.68918
1.69406
1.70142
1.7092
1.71577
1.71993
1.72139
1.72008
1.71561
1.70687
1.69336
1.67553
1.65581
1.63772
1.62484
1.61966
1.62235
1.6306
1.64097
1.64947
1.65296
1.65037
1.64283
1.63281
1.624
1.61973
1.62143
1.62868
1.63922
1.6501
1.65852
1.66255
1.66131
1.65411
1.64093
1.62252
1.60048
1.57761
1.55752
1.54358
1.53827
1.54245
1.55542
1.57536
1.60004
1.62737
1.65561
1.68391
1.71224
1.74075
1.76882
1.79491
1.81635
1.82997
1.83342
1.82498
1.80466
1.77429
1.73757
1.70009
1.66789
1.64569
1.63608
1.63828
1.64903
1.66367
1.678
1.68921
1.69629
1.70007
1.70208
1.70337
1.70368
1.70202
1.69735
1.689
1.67763
1.66466
1.652
1.64114
1.63289
1.62719
1.62385
1.62315
1.62576
1.63244
1.64299
1.65624
1.67013
1.6827
1.69273
1.69968
1.70395
1.70685
1.70988
1.7137
1.71754
1.71891
1.71471
1.70276
1.68267
1.6561
1.62683
1.5994
1.57788
1.56418
1.55767
1.55554
1.55459
1.55278
1.5495
1.54598
1.54384
1.5445
1.54912
1.55847
1.57383
1.59614
1.6253
1.65955
1.696
1.73156
1.76359
1.79042
1.81135
1.82634
1.83544
1.83855
1.83538
1.82594
1.81108
1.79231
1.77123
1.74824
1.72332
1.69616
1.66754
1.63919
1.6138
1.59398
1.5821
1.57891
1.58315
1.5916
1.60028
1.60583
1.6066
1.60316
1.59765
1.59297
1.59196
1.59646
1.60665
1.62087
1.63572
1.64707
1.65166
1.64747
1.63476
1.61593
1.59538
1.57769
1.56664
1.56361
1.56921
1.58275
1.60307
1.62818
1.65535
1.68251
1.70783
1.72975
1.74702
1.75832
1.76292
1.76117
1.754
1.74219
1.72508
1.70195
1.67318
1.64085
1.60802
1.5768
1.54882
1.52626
1.51187
1.50842
1.51715
1.53682
1.56338
1.59096
1.61464
1.63303
1.6486
1.66455
1.68085
1.69403
1.70023
1.69729
1.68622
1.67032
1.65303
1.63748
1.62477
1.61464
1.60697
1.6017
1.59882
1.59722
1.59534
1.59184
1.58623
1.57864
1.56882
1.55652
1.54127
1.52321
1.50376
1.48543
1.47113
1.46372
1.46453
1.47294
1.48701
1.50448
1.52349
1.54309
1.56295
1.58289
1.60261
1.62114
1.63729
1.64963
1.65695
1.6589
1.65625
1.65072
1.64388
1.63668
1.62963
1.62282
1.61695
1.61328
1.61346
1.61806
1.62644
1.63681
1.64698
1.65487
1.65858
1.65706
1.65032
1.63982
1.62771
1.61627
1.60759
1.60303
1.60341
1.60882
1.61887
1.63311
1.65093
1.67103
1.69154
1.7096
1.7224
1.72742
1.72337
1.71047
1.69066
1.66772
1.64695
1.63381
1.63178
1.64062
1.65583
1.67122
1.68137
1.68383
1.67948
1.67197
1.66594
1.66405
1.66607
1.66942
1.67095
1.66872
1.66255
1.65375
1.64423
1.63611
1.63126
1.63064
1.6348
1.64388
1.65783
1.67621
1.69827
1.72221
1.7452
1.76392
1.77586
1.77912
1.773
1.75744
1.73338
1.7034
1.6725
1.64599
1.62785
1.61809
1.61397
1.61177
1.60852
1.6029
1.59431
1.58304
1.56966
1.55528
1.54151
1.53008
1.52262
1.5199
1.52165
1.52678
1.53341
1.53988
1.54528
1.54925
1.55249
1.55581
1.5593
1.56304
1.56669
1.57095
1.57707
1.58555
1.59566
1.60573
1.61472
1.62269
1.63081
1.64009
1.65088
1.6624
1.67335
1.68238
1.68854
1.69159
1.69221
1.69134
1.69025
1.68958
1.68922
1.68851
1.68666
1.68315
1.6783
1.67207
1.66459
1.65572
1.64495
1.63188
1.61614
1.59738
1.57581
1.55228
1.52838
1.50732
1.49292
1.48847
1.49465
1.51
1.53166
1.5567
1.58232
1.60577
1.6244
1.63624
1.63998
1.63576
1.62477
1.60972
1.59516
1.58608
1.58602
1.59576
1.61254
1.63235
1.65081
1.66477
1.67171
1.67041
1.66094
1.64437
1.62323
1.60106
1.58138
1.56692
1.55925
1.55911
1.56628
1.57869
1.59288
1.60521
1.61319
1.61673
1.61736
1.61738
1.61891
1.62298
1.62942
1.63826
1.64873
1.65913
1.66685
1.66929
1.6658
1.65766
1.64806
1.6404
1.63676
1.63725
1.64036
1.64423
1.64672
1.64709
1.64504
1.64148
1.63753
1.63374
1.62987
1.62516
1.61987
1.61507
1.6116
1.60918
1.6063
1.60254
1.59968
1.60183
1.61377
1.63775
1.67111
1.70684
1.73754
1.75792
1.76515
1.75846
1.73869
1.7087
1.67526
1.64963
1.64281
1.6568
1.68387
1.71449
1.74258
1.76496
1.78029
1.78889
1.79183
1.79062
1.78629
1.77896
1.76851
1.75462
1.73776
1.71919
1.70065
1.68422
1.67133
1.66259
1.65749
1.65473
1.65277
1.65021
1.64651
1.64142
1.63531
1.62856
1.62193
1.61592
1.61107
1.60693
1.60284
1.59783
1.59155
1.58471
1.5796
1.5787
1.58258
1.5893
1.59532
1.59825
1.59758
1.59398
1.58881
1.58206
1.57281
1.55964
1.54154
1.51879
1.49309
1.46702
1.44374
1.42632
1.41775
1.42007
1.43396
1.45859
1.49175
1.53035
1.5709
1.61005
1.64501
1.67431
1.69743
1.7153
1.72988
1.74224
1.75305
1.76111
1.76407
1.75954
1.74651
1.72588
1.69993
1.67201
1.64548
1.6227
1.60489
1.59187
1.58267
1.5764
1.5725
1.57104
1.57224
1.57547
1.57835
1.57734
1.56947
1.5537
1.53243
1.51091
1.49602
1.49331
1.50489
1.52934
1.56191
1.59617
1.626
1.64739
1.65924
1.66293
1.66173
1.65943
1.65905
1.66234
1.67008
1.68159
1.69505
1.70755
1.7156
1.71583
1.70605
1.68543
1.65515
1.61832
1.5804
1.54887
1.53086
1.53041
1.54668
1.57423
1.60564
1.63345
1.6523
1.65922
1.65429
1.64075
1.62498
1.61426
1.61396
1.62423
1.64065
1.65778
1.67201
1.68229
1.68882
1.69205
1.69165
1.68657
1.67534
1.65725
1.6332
1.60656
1.58307
1.56902
1.56916
1.58366
1.60826
1.63648
1.66291
1.68427
1.69948
1.70903
1.71413
1.71621
1.71674
1.71687
1.71769
1.71997
1.72378
1.72775
1.72978
1.72737
1.71963
1.70714
1.69243
1.67901
1.67021
1.66779
1.67109
1.6779
1.68648
1.69688
1.71014
1.72697
1.74629
1.76585
1.78373
1.79879
1.81052
1.81781
1.81855
1.81063
1.79321
1.76687
1.73373
1.69719
1.66123
1.62984
1.606
1.5917
1.58693
1.59022
1.59921
1.61109
1.62306
1.63236
1.6371
1.63572
1.62817
1.61562
1.60056
1.58578
1.57345
1.56432
1.55834
1.55468
1.55326
1.55468
1.55937
1.56735
1.57709
1.58706
1.59568
1.60201
1.60536
1.60534
1.60155
1.59463
1.5865
1.58053
1.58063
1.5892
1.6062
1.62876
1.65288
1.67429
1.68986
1.69759
1.69739
1.69088
1.68083
1.67089
1.66397
1.66194
1.66485
1.67054
1.67604
1.67875
1.6772
1.67086
1.66077
1.64865
1.637
1.62728
1.62005
1.61515
1.61317
1.61544
1.62301
1.6362
1.65366
1.67335
1.69262
1.7087
1.71936
1.72372
1.72227
1.71702
1.71018
1.70337
1.69762
1.69328
1.69021
1.68809
1.68615
1.68314
1.67741
1.66745
1.65256
1.6341
1.61535
1.60053
1.59263
1.59182
1.59581
1.60152
1.60649
1.6093
1.60964
1.6074
1.60281
1.59649
1.58955
1.58236
1.5736
1.5593
1.53583
1.50284
1.46374
1.42439
1.39167
1.37076
1.36397
1.3702
1.38617
1.40728
1.42957
1.45001
1.46697
1.48033
1.4915
1.50338
1.51927
1.54156
1.57033
1.60369
1.63858
1.6725
1.70405
1.73243
1.75705
1.77704
1.79208
1.80172
1.80628
1.80628
1.80252
1.79572
1.78635
1.77465
1.76119
1.74631
1.73025
1.71273
1.69296
1.67003
1.64341
1.61557
1.59253
1.58361
1.59616
1.62908
1.67207
1.71268
1.74173
1.75425
1.74837
1.72475
1.68712
1.64254
1.60059
1.57064
1.55712
1.55817
1.56741
1.57753
1.5835
1.58308
1.57652
1.56542
1.55098
1.53448
1.51688
1.49986
1.48672
1.48126
1.48751
1.50731
1.53999
1.58192
1.62743
1.66969
1.70314
1.72429
1.73322
1.7332
1.72928
1.72697
1.73027
1.74094
1.75803
1.77867
1.79866
1.81411
1.82221
1.82135
1.81145
1.79302
1.76729
1.73642
1.70399
1.67492
1.65377
1.64282
1.64018
1.64229
1.64588
1.64889
1.65071
1.65128
1.65123
1.65063
1.64917
1.64527
1.63694
1.62285
1.6027
1.57834
1.55318
1.53202
1.52059
1.52389
1.5436
1.57613
1.614
1.64947
1.67768
1.69698
1.70833
1.71322
1.71293
1.70749
1.69774
1.68529
1.67291
1.66298
1.65626
1.65231
1.65027
1.64947
1.64875
1.64668
1.64196
1.63442
1.6251
1.61519
1.60675
1.6013
1.60092
1.60741
1.62195
1.64377
1.6708
1.69998
1.72836
1.75347
1.77333
1.78681
1.79352
1.79317
1.78606
1.77196
1.75165
1.72733
1.70271
1.68237
1.66974
1.666
1.6703
1.67979
1.69074
1.70056
1.70838
1.71448
1.71868
1.72018
1.71799
1.71127
1.70047
1.68712
1.67372
1.66219
1.65324
1.64656
1.64029
1.63263
1.6231
1.6131
1.60542
1.60286
1.60618
1.61376
1.62176
1.62626
1.62475
1.61637
1.60252
1.58613
1.57059
1.55862
1.55154
1.54908
1.55011
1.55431
1.56174
1.57269
1.58731
1.60483
1.62403
1.64338
1.66149
1.67725
1.68988
1.69875
1.70375
1.70492
1.70275
1.69812
1.69211
1.6863
1.68185
1.67925
1.67823
1.67761
1.67569
1.6707
1.66139
1.64821
1.633
1.61866
1.60822
1.60342
1.60428
1.61003
1.61946
1.63141
1.64474
1.6577
1.6686
1.67631
1.6816
1.68597
1.691
1.69704
1.70371
1.70982
1.71478
1.7183
1.72103
1.72362
1.72648
1.72918
1.72998
1.7265
1.71677
1.70075
1.68036
1.6593
1.6412
1.62829
1.62072
1.618
1.61993
1.62725
1.64032
1.65636
1.67065
1.67822
1.67576
1.66214
1.63861
1.60828
1.57694
1.55123
1.53646
1.53455
1.54343
1.55915
1.57782
1.59669
1.61488
1.63247
1.6498
1.66724
1.68532
1.70396
1.72147
1.7351
1.74196
1.74077
1.73177
1.71628
1.69581
1.67229
1.64828
1.62668
1.60982
1.59803
1.59061
1.58801
1.59104
1.59916
1.60957
1.61855
1.62322
1.6223
1.61549
1.60319
1.58639
1.56693
1.54721
1.53106
1.52311
1.52712
1.54378
1.57008
1.60108
1.63172
1.65872
1.68057
1.69696
1.70808
1.71495
1.71932
1.72314
1.72805
1.73433
1.7408
1.74574
1.74759
1.74545
1.7394
1.73006
1.71786
1.70347
1.68718
1.6693
1.65053
1.63194
1.61491
1.60138
1.59296
1.59012
1.59059
1.5907
1.5869
1.57826
1.56677
1.55613
1.54929
1.54767
1.55089
1.55766
1.56703
1.57764
1.58736
1.59435
1.59842
1.60168
1.60695
1.61591
1.62775
1.64042
1.6514
1.65881
1.66148
1.65858
1.65
1.6366
1.62071
1.60613
1.59726
1.59758
1.60772
1.62529
1.64576
1.66445
1.67802
1.68497
1.68517
1.67966
1.67009
1.65822
1.64579
1.63402
1.62339
1.61411
1.6057
1.59843
1.59351
1.59304
1.5988
1.61105
1.62803
1.64637
1.66205
1.67129
1.67199
1.66416
1.64993
1.63228
1.61392
1.59614
1.57884
1.56167
1.5452
1.53152
1.52512
1.53105
1.55131
1.58291
1.61932
1.65373
1.68161
1.70069
1.71074
1.71293
1.7101
1.70639
1.70602
1.71213
1.72552
1.74443
1.76505
1.78301
1.79483
1.79851
1.79355
1.781
1.76271
1.74109
1.71832
1.69561
1.67298
1.65003
1.62712
1.60639
1.59091
1.58307
1.58297
1.58852
1.59695
1.60627
1.61568
1.62574
1.63751
1.65248
1.67102
1.69233
1.71495
1.73701
1.75707
1.7744
1.78888
1.80122
1.81194
1.82177
1.83008
1.83566
1.83734
1.8344
1.82706
1.81526
1.79872
1.77694
1.74978
1.71797
1.68345
1.64952
1.6194
1.59617
1.58167
1.57576
1.57687
1.58249
1.5896
1.5962
1.60144
1.6056
1.61011
1.61671
1.62696
1.64166
1.66069
1.68268
1.70519
1.72587
1.74334
1.75736
1.76893
1.77877
1.78659
1.7915
1.79228
1.78916
1.78376
1.77849
1.77471
1.77188
1.76772
1.75903
1.74409
1.72266
1.69564
1.66469
1.63187
1.59937
1.57038
1.54827
1.53623
1.53613
1.54841
1.57188
1.60417
1.642
1.68169
1.71968
1.75275
1.77876
1.79644
1.80543
1.80595
1.79914
1.78691
1.77196
1.75694
1.74314
1.7305
1.71797
1.70507
1.69346
1.68624
1.68668
1.69635
1.71367
1.73455
1.7536
1.76629
1.77006
1.76425
1.74997
1.72943
1.70512
1.67977
1.65612
1.63666
1.62339
1.6179
1.62
1.62791
1.63892
1.64984
1.65805
1.66222
1.66184
1.65783
1.65179
1.64619
1.64341
1.64537
1.65301
1.66605
1.68258
1.69955
1.71342
1.72122
1.72144
1.7144
1.70117
1.68323
1.6621
1.63866
1.61375
1.58826
1.5635
1.5415
1.52484
1.51614
1.51676
1.52679
1.54464
1.56723
1.59029
1.60905
1.61957
1.621
1.61593
1.60979
1.60783
1.61227
1.62148
1.63175
1.63984
1.64437
1.64646
1.64847
1.65339
1.66362
1.67959
1.69944
1.71971
1.73648
1.74644
1.74769
1.7393
1.72208
1.69815
1.67126
1.64567
1.6249
1.60996
1.59969
1.59212
1.58552
1.57906
1.57283
1.5679
1.56576
1.56785
1.57499
1.58702
1.60307
1.62195
1.64237
1.66319
1.68322
1.70076
1.71445
1.72276
1.72489
1.72067
1.71086
1.69642
1.67867
1.65887
1.63815
1.61777
1.59954
1.58589
1.57922
1.58121
1.59198
1.60966
1.63105
1.6524
1.67076
1.68456
1.69401
1.70021
1.70435
1.70735
1.70898
1.70843
1.70469
1.69719
1.68631
1.67319
1.65931
1.64641
1.63571
1.62784
1.62283
1.62031
1.61943
1.61959
1.61978
1.61862
1.61461
1.6058
1.59093
1.57029
1.54582
1.52171
1.50296
1.49372
1.49641
1.51003
1.53161
1.55662
1.58091
1.60149
1.61678
1.62715
1.63389
1.63902
1.64318
1.6456
1.64488
1.64044
1.63302
1.62441
1.61714
1.61327
1.61316
1.61601
1.62045
1.62703
1.63757
1.65333
1.67364
1.69623
1.71877
1.7396
1.75751
1.77151
1.78043
1.78326
1.77971
1.7705
1.75721
1.74167
1.72526
1.70792
1.68827
1.66479
1.63735
1.60763
1.5791
1.55546
1.53915
1.53052
1.52848
1.53206
1.54116
1.55572
1.57495
1.59609
1.61556
1.63011
1.63785
1.63829
1.63219
1.62152
1.60914
1.59888
1.59307
1.59226
1.59466
1.59741
1.59786
1.59488
1.58965
1.58438
1.58181
1.58403
1.59203
1.60579
1.62466
1.64651
1.66859
1.68823
1.70325
1.71225
1.71439
1.71018
1.70127
1.69033
1.67982
1.67063
1.6622
1.65281
1.64141
1.62837
1.61674
1.61073
1.61312
1.62465
1.6432
1.66425
1.68192
1.69179
1.69156
1.68216
1.668
1.65553
1.65068
1.65529
1.66685
1.68048
1.69186
1.69796
1.69796
1.69235
1.68232
1.66944
1.65516
1.6407
1.62724
1.61655
1.61099
1.61248
1.62145
1.63655
1.65496
1.67373
1.69023
1.70245
1.70911
1.70961
1.70423
1.69369
1.67937
1.66261
1.64488
1.62744
1.61124
1.5972
1.58484
1.57348
1.56223
1.55087
1.54026
1.53235
1.52857
1.52987
1.53563
1.54447
1.55453
1.56445
1.57382
1.5829
1.59281
1.60503
1.62092
1.64136
1.66593
1.69329
1.72097
1.74696
1.76952
1.78779
1.80129
1.80937
1.81122
1.80722
1.79929
1.79012
1.78209
1.77602
1.77107
1.76539
1.7571
1.74522
1.7302
1.71394
1.69896
1.68805
1.68313
1.68449
1.69036
1.69736
1.70154
1.69962
1.69006
1.67327
1.6522
1.63212
1.61959
1.61866
1.6275
1.63953
1.64848
1.65214
1.65225
1.65301
1.65822
1.66978
1.68679
1.70713
1.72868
1.74998
1.76973
1.78658
1.79932
1.8068
1.80821
1.80319
1.79127
1.77236
1.74677
1.71506
1.67875
1.63993
1.60161
1.56738
1.54076
1.5241
1.51793
1.52043
1.52828
1.53737
1.54385
1.54549
1.54142
1.53267
1.52188
1.51309
1.50961
1.51274
1.5217
1.53474
1.55004
1.56554
1.57886
1.58801
1.59275
1.5943
1.59465
1.59493
1.59544
1.59635
1.5986
1.60311
1.60924
1.61519
1.61976
1.62318
1.62702
1.63272
1.6407
1.65052
1.6608
1.67012
1.67713
1.68085
1.68068
1.67637
1.66782
1.65478
1.63776
1.61872
1.60089
1.58769
1.58098
1.58099
1.58665
1.59651
1.60932
1.62347
1.63666
1.64813
1.65928
1.67333
1.69286
1.71785
1.74477
1.76857
1.78481
1.7911
1.7882
1.78015
1.77257
1.77121
1.7789
1.79397
1.81191
1.82686
1.83438
1.83191
1.81887
1.79671
1.7677
1.73532
1.70286
1.67215
1.64363
1.61736
1.59507
1.58055
1.57792
1.58914
1.61319
1.64646
1.68356
1.71822
1.74465
1.75873
1.75859
1.74479
1.71996
1.6879
1.65335
1.62095
1.59453
1.57636
1.56652
1.56387
1.56574
1.56955
1.57345
1.57736
1.58286
1.59224
1.6073
1.62754
1.6503
1.67183
1.6888
1.69965
1.7053
1.70824
1.71175
1.71843
1.72879
1.74161
1.7541
1.76429
1.77142
1.77594
1.77856
1.77945
1.7777
1.77236
1.76233
1.74703
1.72708
1.70421
1.68072
1.65765
1.63343
1.60531
1.5721
1.53602
1.50223
1.47647
1.4629
1.4627
1.47343
1.48993
1.50635
1.51793
1.5221
1.51944
1.51329
1.50959
1.51478
1.53325
1.56516
1.60685
1.65201
1.69396
1.72682
1.74745
1.7556
1.75348
1.74439
1.73156
1.71742
1.70296
1.68819
1.6724
1.65482
1.6353
1.61431
1.59316
1.57374
1.55831
1.54899
1.54797
1.55588
1.57131
1.59077
1.60984
1.62504
1.63421
1.63633
1.63139
1.6203
1.60466
1.58767
1.57392
1.56767
1.57016
1.57898
1.59024
1.6004
1.60723
1.60992
1.6085
1.60372
1.59724
1.59129
1.5878
1.58751
1.58979
1.59286
1.59481
1.59495
1.59389
1.59378
1.59612
1.60107
1.60629
1.6079
1.60223
1.58728
1.56344
1.53315
1.50081
1.47165
1.45148
1.44515
1.45539
1.4813
1.51881
1.56179
1.60367
1.63919
1.66566
1.68304
1.69406
1.70303
1.71378
1.72732
1.74129
1.75182
1.75712
1.75777
1.75515
1.75071
1.74516
1.73901
1.73325
1.72817
1.72369
1.71973
1.71639
1.71443
1.7145
1.71762
1.72447
1.73477
1.74685
1.75731
1.76222
1.7585
1.74554
1.72499
1.70011
1.67493
1.65337
1.63799
1.63012
1.63012
1.63709
1.64872
1.6614
1.67052
1.67235
1.66526
1.6498
1.62901
1.60681
1.58683
1.57166
1.56245
1.55896
1.56031
1.56498
1.5716
1.57903
1.58764
1.59871
1.61408
1.63424
1.65697
1.67813
1.69395
1.70247
1.70401
1.70029
1.69319
1.6838
1.67188
1.65594
1.63473
1.60866
1.58133
1.55874
1.54827
1.55537
1.58028
1.61804
1.65973
1.69642
1.72124
1.73075
1.72514
1.7067
1.67953
1.64806
1.61658
1.58824
1.56481
1.54688
1.5349
1.52987
1.53327
1.54504
1.56389
1.58791
1.61535
1.64498
1.67537
1.70494
1.73173
1.75399
1.77018
1.77912
1.7803
1.77385
1.76058
1.74233
1.72158
1.70133
1.68458
1.67389
1.6706
1.6747
1.68426
1.69615
1.70729
1.71508
1.71781
1.71471
1.70579
1.69201
1.67506
1.6567
1.63803
1.61856
1.59706
1.57227
1.5445
1.51744
1.49767
1.49218
1.50487
1.53334
1.57025
1.60822
1.64226
1.66997
1.69025
1.70211
1.70479
1.69705
1.67857
1.64941
1.61029
1.56311
1.51133
1.45994
1.41488
1.38186
1.36504
1.36519
1.37979
1.40354
1.43055
1.45618
1.47849
1.49824
1.51759
1.53858
1.56215
1.58658
1.60798
1.62134
1.62341
1.61426
1.59679
1.57505
1.55235
1.53064
1.51092
1.49607
1.49059
1.49833
1.51866
1.54702
1.57775
1.60721
1.63326
1.65495
1.67199
1.68457
1.69378
1.70039
1.70491
1.70768
1.70862
1.70828
1.70746
1.70691
1.70654
1.70552
1.7025
1.69578
1.68415
1.66718
1.64551
1.62091
1.59697
1.57792
1.56782
1.56876
1.57999
1.59845
1.62012
1.64141
1.66016
1.67509
1.68572
1.69131
1.69122
1.68503
1.67372
1.66033
1.64934
1.64515
1.64966
1.66194
1.67962
1.70064
1.72352
1.74714
1.7692
1.7873
1.79922
1.80406
1.80213
1.79464
1.78303
1.76907
1.75404
1.73909
1.72492
1.71153
1.69865
1.68587
1.67265
1.65838
1.64292
1.6259
1.6063
1.58326
1.55757
1.53415
1.5232
1.53316
1.56271
1.60159
1.63897
1.66922
1.69141
1.70701
1.71848
1.72788
1.73611
1.74243
1.74561
1.7448
1.74002
1.73291
1.72579
1.72065
1.71842
1.71856
1.71968
1.72033
1.71918
1.71529
1.70849
1.69949
1.68972
1.68051
1.67304
1.66832
1.66681
1.66901
1.67475
1.6829
1.6922
1.7012
1.70887
1.71506
1.71924
1.72119
1.72007
1.7158
1.70867
1.69943
1.68873
1.67691
1.66397
1.65097
1.63961
1.63187
1.62799
1.62536
1.62059
1.61023
1.59305
1.5703
1.54624
1.52697
1.51814
1.52186
1.53622
1.55681
1.57914
1.60085
1.62062
1.63815
1.65331
1.66644
1.67805
1.68825
1.69638
1.70091
1.70001
1.69276
1.67963
1.6629
1.64675
1.63531
1.6318
1.63723
1.65047
1.6685
1.68747
1.70415
1.71673
1.72374
1.72413
1.71706
1.70218
1.68092
1.65709
1.63549
1.61912
1.60682
1.59539
1.58346
1.57324
1.56904
1.57477
1.59189
1.61914
1.65276
1.68789
1.72019
1.7462
1.76402
1.77276
1.7725
1.76424
1.74966
1.73111
1.71016
1.6887
1.66834
1.65105
1.63809
1.62928
1.62306
1.61692
1.60879
1.59807
1.58543
1.57254
1.56174
1.5557
1.55597
1.56242
1.57244
1.58235
1.58808
1.5867
1.57733
1.56119
1.54078
1.52029
1.50428
1.49685
1.50039
1.51453
1.53619
1.56044
1.58255
1.59947
1.60998
1.61472
1.61533
1.61418
1.61336
1.61524
1.62132
1.63218
1.64727
1.66508
1.68324
1.6999
1.71355
1.72371
1.73025
1.73307
1.73212
1.72746
1.71947
1.70903
1.69698
1.6841
1.67101
1.65903
1.64973
1.64407
1.64159
1.6403
1.63836
1.63632
1.63841
1.64932
1.67073
1.69845
1.7253
1.74493
1.75442
1.75453
1.74753
1.73678
1.72528
1.71463
1.70576
1.69849
1.69261
1.68806
1.68487
1.68278
1.6812
1.67851
1.67257
1.66097
1.64167
1.6142
1.58139
1.55039
1.53003
1.52499
1.53367
1.551
1.57176
1.59119
1.60601
1.61677
1.63006
1.65317
1.68582
1.71979
1.7453
1.75589
1.74847
1.72386
1.68601
1.64159
1.59949
1.56869
1.55535
1.56164
1.58439
1.61827
1.65764
1.6982
1.73669
1.77016
1.79599
1.8121
1.81766
1.81298
1.79971
1.7804
1.75804
1.73507
1.71324
1.69314
1.67454
1.65691
1.64002
1.6241
1.60977
1.59775
1.58962
1.58744
1.59337
1.60832
1.63114
1.65879
1.68677
1.71155
1.73093
1.74472
1.75373
1.75923
1.76224
1.7634
1.76257
1.75915
1.7526
1.74272
1.72982
1.71481
1.69882
1.68298
1.66811
1.65547
1.64693
1.6445
1.6488
1.6581
1.6685
1.67492
1.67328
1.66133
1.63998
1.61322
1.58673
1.5664
1.55582
1.55545
1.5638
1.57837
1.5966
1.61587
1.63333
1.6456
1.6501
1.64573
1.63376
1.61594
1.59491
1.5735
1.55553
1.5454
1.54702
1.56141
1.5861
1.61577
1.64512
1.67051
1.68996
1.7032
1.7111
1.71577
1.7193
1.72308
1.72668
1.72846
1.7261
1.7186
1.7061
1.69046
1.67392
1.65838
1.64515
1.63447
1.62609
1.6201
1.6163
1.6146
1.61479
1.61632
1.6188
1.62227
1.62706
1.63344
1.64105
1.64868
1.65462
1.65742
1.65602
1.65148
1.64576
1.64071
1.63694
1.6338
1.62992
1.62538
1.62094
1.61786
1.61699
1.6183
1.62125
1.62461
1.62705
1.6272
1.6247
1.62006
1.61466
1.61022
1.60781
1.60725
1.60762
1.60855
1.6102
1.61331
1.6191
1.62791
1.63971
1.65336
1.66737
1.68004
1.69009
1.6969
1.70045
1.70135
1.6999
1.69598
1.68906
1.67878
1.66538
1.65087
1.63875
1.63242
1.63495
1.6468
1.66586
1.68809
1.70935
1.72665
1.73834
1.74384
1.74306
1.73605
1.7235
1.70615
1.68524
1.66253
1.64015
1.6205
1.60507
1.59373
1.58536
1.57823
1.57096
1.56279
1.55334
1.54207
1.52832
1.51164
1.49303
1.47521
1.46317
1.46245
1.47666
1.50568
1.54588
1.59155
1.63619
1.67388
1.69938
1.70962
1.7046
1.68739
1.66409
1.64215
1.62827
1.62568
1.63367
1.64862
1.66663
1.68446
1.69992
1.71124
1.71667
1.71477
1.70469
1.68642
1.66127
1.63235
1.60359
1.58064
1.5689
1.57172
1.58823
1.6135
1.63949
1.6592
1.66841
1.6666
1.65618
1.64211
1.63018
1.62489
1.62821
1.63882
1.65323
1.66691
1.67589
1.67746
1.67027
1.65457
1.63324
1.61135
1.59479
1.58809
1.59196
1.60369
1.61858
1.63213
1.64096
1.64275
1.63675
1.62327
1.60407
1.58114
1.55695
1.53379
1.51467
1.50225
1.4987
1.50427
1.51746
1.53559
1.55571
1.57502
1.5913
1.60315
1.61023
1.61283
1.6117
1.60823
1.60411
1.60114
1.60099
1.60412
1.60892
1.61278
1.61321
1.6087
1.59985
1.58866
1.57817
1.57176
1.57195
1.57906
1.59158
1.60656
1.62118
1.63376
1.64407
1.65254
1.65902
1.66296
1.66308
1.65856
1.65002
1.63913
1.62818
1.6193
1.61294
1.60819
1.60336
1.59713
1.58922
1.58023
1.57068
1.5606
1.55059
1.54255
1.53937
1.54384
1.55729
1.57934
1.60786
1.63981
1.67163
1.70065
1.72506
1.74448
1.75954
1.77134
1.781
1.78903
1.79543
1.79991
1.80184
1.80107
1.79766
1.79198
1.78477
1.77637
1.76599
1.75207
1.7325
1.7061
1.67289
1.63509
1.59705
1.56433
1.54285
1.53649
1.54555
1.56609
1.59118
1.61357
1.6279
1.6321
1.62673
1.61412
1.59771
1.58059
1.56547
1.55507
1.55254
1.56047
1.57836
1.60218
1.62642
1.64716
1.66277
1.67296
1.67857
1.68042
1.67965
1.67721
1.67368
1.66928
1.6637
1.65713
1.64997
1.64357
1.63857
1.63471
1.63064
1.62455
1.61526
1.60272
1.58888
1.57578
1.56517
1.5576
1.55298
1.55116
1.55321
1.56131
1.57754
1.60183
1.63094
1.66002
1.68379
1.69887
1.70383
1.69947
1.68825
1.6734
1.65792
1.64393
1.63247
1.6232
1.61523
1.60684
1.59707
1.58564
1.57255
1.5583
1.54302
1.5273
1.5117
1.49766
1.48674
1.48129
1.48293
1.49141
1.50499
1.52132
1.53755
1.55152
1.56123
1.56493
1.5613
1.54986
1.53189
1.51042
1.48977
1.47449
1.46764
1.46989
1.4792
1.49226
1.50582
1.51794
1.52888
1.54059
1.55428
1.56944
1.58395
1.59539
1.60278
1.60638
1.60645
1.60293
1.5958
1.5857
1.57369
1.56148
1.55092
1.54343
1.54044
1.54202
1.54754
1.55535
1.5635
1.56957
1.5716
1.56811
1.55914
1.5461
1.53175
1.51924
1.51112
1.50818
1.50974
1.51416
1.52038
1.52779
1.53657
1.54743
1.56118
1.57808
1.59789
1.61971
1.64212
1.6637
1.68301
1.69956
1.71363
1.72534
1.73492
1.74131
1.7429
1.73824
1.72699
1.70997
1.68873
1.66512
1.64134
1.61981
1.60293
1.59241
1.58809
1.58915
1.59439
1.60282
1.61301
1.62274
1.62937
1.63092
1.62688
1.61773
1.6054
1.59298
1.58294
1.57579
1.56885
1.55826
1.54159
1.52152
1.50657
1.50757
1.53021
1.5705
1.61728
1.66053
1.69477
1.7193
1.73543
1.7454
1.75154
1.75567
1.75847
1.75986
1.7585
1.75299
1.74188
1.72444
1.70092
1.67276
1.64214
1.61171
1.58437
1.56269
1.5492
1.54508
1.54903
1.5575
1.56567
1.56993
1.56849
1.56199
1.55334
1.54679
1.54653
1.55495
1.57137
1.59313
1.61668
1.63919
1.65864
1.67339
1.68135
1.68088
1.67105
1.65242
1.62769
1.60046
1.57443
1.55265
1.5375
1.53048
1.53278
1.54442
1.56439
1.59109
1.62197
1.65402
1.68409
1.70929
1.72764
1.73799
1.74036
1.73602
1.72678
1.71525
1.70388
1.69494
1.69028
1.69062
1.6954
1.7025
1.70973
1.71492
1.71704
1.71553
1.71076
1.70392
1.69577
1.6866
1.67638
1.66512
1.65409
1.64592
1.64382
1.65037
1.66597
1.689
1.71619
1.74432
1.77054
1.79232
1.80793
1.81605
1.81537
1.80539
1.78649
1.76035
1.73019
1.70005
1.67424
1.65647
1.6486
1.65035
1.65898
1.67031
1.6795
1.6826
1.67833
1.66709
1.65091
1.63125
1.60878
1.58434
1.55956
1.53747
1.5215
1.5143
1.5161
1.52587
1.5405
1.55705
1.57301
1.58718
1.59933
1.60973
1.6183
1.62469
1.62804
1.62793
1.6251
1.6225
1.62445
1.63463
1.65524
1.68531
1.72186
1.76104
1.79921
1.83326
1.86095
1.8812
1.89323
1.89693
1.89266
1.88035
1.86049
1.83365
1.80147
1.76676
1.73373
1.7066
1.68864
1.68072
1.68065
1.68437
1.68816
1.68942
1.68739
1.6826
1.67507
1.66427
1.64883
1.62809
1.60326
1.57741
1.55386
1.53521
1.52199
1.51333
1.50756
1.50415
1.50329
1.50575
1.51178
1.5207
1.53017
1.53764
1.54112
1.54068
1.53843
1.53865
1.54547
1.56064
1.58223
1.60567
1.62636
1.64083
1.64795
1.64837
1.64431
1.63873
1.63442
1.63322
1.63531
1.63955
1.64415
1.64765
1.6497
1.65117
1.65377
1.6595
1.66931
1.68294
1.6989
1.71501
1.72896
1.73941
1.7456
1.74755
1.74595
1.74195
1.73664
1.73042
1.72433
1.71899
1.71494
1.7121
1.70978
1.7072
1.7042
1.70133
1.69882
1.69736
1.6972
1.69855
1.70078
1.70305
1.70455
1.70581
1.70848
1.71515
1.72703
1.7421
1.75567
1.76272
1.75992
1.7466
1.7256
1.70286
1.68499
1.67634
1.67777
1.6872
1.70132
1.7163
1.72875
1.73585
1.73606
1.72921
1.71618
1.6985
1.67822
1.65761
1.63927
1.62554
1.6182
1.61761
1.62282
1.63161
1.6419
1.65159
1.65943
1.66422
1.66505
1.6616
1.65419
1.64393
1.63273
1.6228
1.61633
1.61467
1.61821
1.6267
1.63949
1.65548
1.6733
1.69042
1.70354
1.70988
1.70803
1.69848
1.68355
1.6661
1.64888
1.63341
1.62021
1.60967
1.60267
1.60094
1.6069
1.62166
1.64392
1.66964
1.69376
1.71173
1.72046
1.71818
1.70479
1.68148
1.65138
1.61914
1.59049
1.57107
1.56367
1.56774
1.57977
1.59584
1.61372
1.63297
1.65379
1.67545
1.69587
1.71194
1.72112
1.7219
1.715
1.70286
1.68921
1.67814
1.67298
1.67499
1.68284
1.69354
1.70363
1.70982
1.70996
1.70309
1.68987
1.67205
1.65175
1.63122
1.61274
1.59876
1.59153
1.59252
1.60172
1.61757
1.63745
1.65817
1.67657
1.69036
1.69807
1.69916
1.6941
1.68385
1.66996
1.65376
1.63683
1.62101
1.6074
1.59618
1.58679
1.57891
1.57322
1.57114
1.57384
1.58152
1.59325
1.60722
1.62085
1.63168
1.63803
1.63844
1.63244
1.61976
1.60093
1.5769
1.54902
1.51912
1.48945
1.46244
1.44004
1.42424
1.41677
1.41919
1.43191
1.45356
1.48088
1.50965
1.53654
1.55954
1.5786
1.59465
1.60881
1.62191
1.63446
1.64596
1.65547
1.66185
1.66463
1.66421
1.66202
1.65968
1.65835
1.65783
1.6575
1.65665
1.65472
1.65229
1.65036
1.64976
1.65021
1.65087
1.65058
1.64911
1.64727
1.64639
1.6478
1.6524
1.66034
1.67026
1.67963
1.68585
1.68746
1.68463
1.6792
1.67354
1.66915
1.66602
1.66318
1.65961
1.65504
1.65056
1.64802
1.6488
1.65384
1.66251
1.67313
1.68285
1.68828
1.68635
1.67568
1.6572
1.63422
1.61129
1.59209
1.57773
1.5671
1.55889
1.5527
1.54908
1.54841
1.54974
1.55057
1.54832
1.54213
1.53385
1.5279
1.52871
1.53748
1.55202
1.56864
1.58456
1.59901
1.61217
1.62436
1.63541
1.6454
1.65491
1.66464
1.67476
1.684
1.69095
1.69469
1.69588
1.69614
1.69723
1.70075
1.70692
1.71488
1.72291
1.72883
1.73084
1.728
1.71994
1.70715
1.69045
1.67122
1.65168
1.63478
1.62348
1.61936
1.62193
1.62869
1.63595
1.64041
1.63924
1.63136
1.61729
1.59896
1.57918
1.56131
1.54741
1.53845
1.53363
1.53182
1.53218
1.5345
1.53864
1.54481
1.55235
1.56033
1.56704
1.57109
1.5713
1.56716
1.55923
1.55
1.54273
1.5404
1.54468
1.55592
1.57317
1.59462
1.61789
1.64104
1.66192
1.67884
1.69067
1.69647
1.69555
1.68808
1.67477
1.65714
1.63693
1.61578
1.59496
1.57475
1.55553
1.53786
1.52305
1.51276
1.50842
1.51041
1.51799
1.5292
1.54186
1.55357
1.56202
1.56572
1.56374
1.55629
1.54438
1.52962
1.51442
1.50142
1.49368
1.49313
1.49967
1.51135
1.52562
1.54062
1.55529
1.56944
1.5837
1.59904
1.61643
1.63598
1.65668
1.67751
1.69754
1.71617
1.73251
1.74517
1.75305
1.75575
1.7537
1.74792
1.73983
1.73137
1.72463
1.72168
1.72418
1.73217
1.744
1.75648
1.7661
1.76982
1.76619
1.75493
1.73739
1.71591
1.69353
1.6723
1.65362
1.63813
1.6258
1.61603
1.60786
1.6007
1.59433
1.58908
1.58554
1.58434
1.58529
1.58745
1.58901
1.58836
1.58439
1.57799
1.57038
1.56358
1.55845
1.55475
1.5516
1.54848
1.54629
1.5468
1.55142
1.55951
1.56871
1.57632
1.58042
1.58046
1.57684
1.57008
1.56115
1.55112
1.54136
1.53404
1.53074
1.53302
1.5413
1.55501
1.57288
1.59342
1.6154
1.6379
1.66015
1.68099
1.69915
1.7132
1.72178
1.72399
1.72068
1.71416
1.70807
1.70597
1.71051
1.72212
1.73859
1.75626
1.77126
1.78091
1.78437
1.78247
1.77673
1.76897
1.76056
1.75235
1.74502
1.73941
1.73654
1.73683
1.73978
1.74442
1.74942
1.75366
1.75581
1.75441
1.7493
1.7427
1.73881
1.74089
1.74786
1.75531
1.75919
1.75846
1.7549
1.75135
1.75073
1.7545
1.76178
1.77028
1.77724
1.78089
1.78053
1.77646
1.7694
1.75998
1.74856
1.73557
1.72089
1.70479
1.68791
1.67106
1.6561
1.64477
1.63881
1.63919
1.64507
1.65433
1.66357
1.66993
1.67182
1.66904
1.66256
1.65384
1.64437
1.63549
1.62813
1.62279
1.61921
1.61719
1.61601
1.61551
1.61554
1.61642
1.61804
1.62011
1.62233
1.62477
1.62746
1.63069
1.63445
1.63825
1.64133
1.64326
1.64374
1.64245
1.63862
1.63118
1.62
1.60654
1.59353
1.58433
1.58159
1.58683
1.59931
1.61653
1.63567
1.65486
1.67412
1.6946
1.71657
1.73751
1.75308
1.75867
1.75243
1.73612
1.71451
1.69359
1.67796
1.66872
1.66331
1.65692
1.6452
1.6259
1.59948
1.56917
1.53996
1.51665
1.50228
1.49797
1.5025
1.51338
1.52782
1.54327
1.55803
1.57113
1.58237
1.59156
1.59883
1.60437
1.60891
1.61348
1.61911
1.62642
1.63599
1.64845
1.66482
1.68562
1.70859
1.7283
1.73838
1.73432
1.71472
1.68132
1.63879
1.59472
1.55833
1.53767
1.53674
1.55464
1.58638
1.62497
1.66353
1.6968
1.72194
1.73815
1.74616
1.74724
1.74247
1.73259
1.71825
1.70038
1.68056
1.66113
1.64441
1.63157
1.62231
1.61428
1.6045
1.59053
1.57117
1.54822
1.52715
1.51494
1.51565
1.52649
1.54148
1.55672
1.57238
1.58957
1.60896
1.63124
1.65701
1.68616
1.71659
1.7447
1.76626
1.77759
1.77671
1.76349
1.7403
1.71176
1.68377
1.66095
1.64538
1.63666
1.633
1.63266
1.63391
1.63557
1.63741
1.63994
1.64445
1.65173
1.66187
1.67365
1.68566
1.69652
1.70563
1.71264
1.71748
1.71968
1.71807
1.71129
1.69898
1.68227
1.66379
1.64693
1.63484
1.62993
1.6329
1.64272
1.65582
1.66776
1.67543
1.67877
1.67945
1.67963
1.67949
1.67784
1.67207
1.66066
1.6431
1.62114
1.59795
1.5774
1.56334
1.55845
1.56374
1.5778
1.5979
1.62098
1.64443
1.66593
1.68446
1.70014
1.71432
1.72916
1.74657
1.76644
1.78684
1.80419
1.81538
1.81841
1.81231
1.7977
1.77559
1.74785
1.71675
1.68498
1.65472
1.62742
1.60413
1.5857
1.57306
1.56715
1.56803
1.57449
1.58525
1.59948
1.6168
1.63669
1.65827
1.67965
1.69906
1.7149
1.72577
1.73099
1.73021
1.72307
1.70932
1.68914
1.6633
1.63391
1.6047
1.58072
1.56723
1.56783
1.58298
1.6092
1.64028
1.66931
1.69069
1.70107
1.7004
1.69089
1.6761
1.65961
1.64442
1.63286
1.62719
1.63005
1.64338
1.66751
1.70051
1.73837
1.77665
1.81154
1.84055
1.8622
1.87575
1.88109
1.87821
1.86778
1.8508
1.82884
1.80401
1.77853
1.75481
1.73455
1.71893
1.70829
1.70255
1.70142
1.70444
1.71074
1.7194
1.7294
1.74058
1.7525
1.76477
1.77584
1.78356
1.78569
1.78084
1.76865
1.75061
1.72954
1.70894
1.69211
1.68108
1.67561
1.67369
1.67313
1.67223
1.67012
1.6669
1.66266
1.65759
1.65121
1.64338
1.63484
1.6274
1.62265
1.62145
1.62322
1.62617
1.62765
1.62521
1.61736
1.60418
1.58725
1.5695
1.55423
1.54423
1.54084
1.54416
1.55326
1.5668
1.58299
1.59989
1.61595
1.63008
1.64169
1.65087
1.65835
1.6653
1.67247
1.68037
1.68838
1.69509
1.69902
1.69907
1.69508
1.68756
1.67734
1.66571
1.65368
1.64195
1.62987
1.61558
1.59709
1.57337
1.54535
1.51542
1.48679
1.46313
1.44778
1.44344
1.45114
1.47031
1.49839
1.53193
1.56724
1.60128
1.63169
1.65681
1.67606
1.68927
1.69661
1.69825
1.6941
1.68445
1.67009
1.65319
1.63626
1.62184
1.61174
1.60617
1.6045
1.60501
1.60593
1.60624
1.60562
1.6035
1.59906
1.59129
1.57969
1.56442
1.54656
1.52762
1.50971
1.49606
1.49095
1.49796
1.51792
1.547
1.57885
1.6069
1.62705
1.63809
1.64102
1.63854
1.63366
1.62954
1.62872
1.63233
1.64081
1.65297
1.667
1.6806
1.69201
1.70061
1.70736
1.71351
1.71989
1.7261
1.73076
1.73218
1.72895
1.72007
1.70622
1.6911
1.68146
1.68384
1.69927
1.72182
1.7435
1.7587
1.76522
1.76398
1.75631
1.74406
1.72876
1.71146
1.69341
1.67579
1.66001
1.64609
1.633
1.61868
1.60103
1.57937
1.55459
1.52928
1.50658
1.48856
1.47588
1.46807
1.46496
1.46728
1.47665
1.4948
1.52209
1.55693
1.59575
1.63367
1.66643
1.6912
1.70675
1.7133
1.71205
1.7047
1.69376
1.68143
1.66963
1.65991
1.65287
1.64942
1.64984
1.65383
1.65924
1.66323
1.66273
1.65551
1.64156
1.6222
1.60029
1.5799
1.56503
1.55888
1.56251
1.57437
1.59098
1.60775
1.62003
1.62448
1.61952
1.60684
1.5913
1.57973
1.57731
1.58553
1.60159
1.62135
1.6409
1.65736
1.66864
1.67375
1.67239
1.6653
1.65419
1.64076
1.62622
1.61107
1.59602
1.58187
1.57042
1.56394
1.56418
1.57215
1.58731
1.60786
1.6311
1.65349
1.67174
1.68393
1.68985
1.69148
1.69111
1.68992
1.68726
1.68114
1.6697
1.6524
1.63081
1.60754
1.58535
1.56675
1.5532
1.54533
1.54318
1.54642
1.55494
1.56787
1.58367
1.59949
1.61264
1.62085
1.62314
1.6202
1.61505
1.61215
1.6152
1.62581
1.64216
1.66046
1.67599
1.68514
1.68631
1.67965
1.66661
1.64925
1.62967
1.60985
1.59154
1.57609
1.56493
1.55949
1.5613
1.5717
1.59081
1.61694
1.64702
1.67735
1.7047
1.72696
1.74214
1.74866
1.7454
1.73226
1.7111
1.68602
1.66225
1.64468
1.63624
1.63714
1.64541
1.65848
1.67398
1.69012
1.7055
1.71813
1.72633
1.72845
1.72315
1.71045
1.69169
1.66907
1.64572
1.6247
1.60817
1.59697
1.59099
1.58904
1.58979
1.59171
1.59317
1.59355
1.5943
1.59824
1.60793
1.62356
1.64245
1.66018
1.67215
1.67595
1.67155
1.6615
1.65021
1.64187
1.63972
1.64515
1.65837
1.67858
1.70406
1.7315
1.7566
1.77507
1.78367
1.7812
1.76816
1.74627
1.71833
1.68746
1.65629
1.62703
1.60131
1.58035
1.56507
1.55584
1.55227
1.55312
1.55663
1.56128
1.56614
1.57187
1.57966
1.59077
1.60567
1.62405
1.6449
1.66722
1.69021
1.71421
1.73917
1.76451
1.78881
1.81044
1.82744
1.83883
1.84421
1.84413
1.83951
1.83116
1.82009
1.80701
1.79216
1.77561
1.75711
1.7368
1.71477
1.69138
1.66743
1.64501
1.62637
1.61468
1.61256
1.62058
1.63639
1.65563
1.67389
1.68848
1.69948
1.70871
1.71885
1.73169
1.74665
1.76135
1.77247
1.77723
1.77435
1.76463
1.75001
1.73288
1.71544
1.69935
1.68529
1.67387
1.6654
1.66115
1.66302
1.67248
1.68935
1.71098
1.73235
1.7488
1.75742
1.75788
1.75196
1.74203
1.72985
1.71673
1.70314
1.68908
1.67477
1.66111
1.64942
1.64136
1.63823
1.64084
1.64888
1.66101
1.67496
1.68835
1.69935
1.70778
1.71464
1.72127
1.72819
1.73477
1.73943
1.7411
1.73949
1.73558
1.73103
1.72722
1.72433
1.72199
1.71969
1.7175
1.71566
1.71426
1.71304
1.71162
1.70969
1.70768
1.70582
1.70405
1.70155
1.69723
1.68992
1.6798
1.669
1.66067
1.65727
1.65854
1.6618
1.66402
1.66309
1.65851
1.65039
1.63923
1.62583
1.61134
1.59698
1.5847
1.57632
1.57364
1.5776
1.58783
1.60267
1.61934
1.63529
1.64854
1.65846
1.66538
1.66924
1.66877
1.66224
1.64751
1.62398
1.59273
1.55764
1.52358
1.49467
1.47308
1.45958
1.45445
1.45706
1.46641
1.48111
1.49956
1.52044
1.54227
1.56345
1.58239
1.59799
1.61003
1.61972
1.62861
1.63816
1.64877
1.65892
1.6662
1.6685
1.66545
1.65871
1.65092
1.64494
1.64334
1.64714
1.65642
1.6698
1.68502
1.69971
1.71145
1.71904
1.72202
1.72108
1.71749
1.71225
1.7058
1.69806
1.6883
1.67608
1.66177
1.64662
1.63226
1.61991
1.61038
1.60383
1.59992
1.59863
1.60012
1.60473
1.61293
1.62465
1.63952
1.65621
1.67323
1.68876
1.70129
1.7102
1.71568
1.71871
1.72073
1.72308
1.72664
1.7312
1.73598
1.73932
1.73969
1.73602
1.72788
1.71588
1.70103
1.68508
1.66978
1.65638
1.64552
1.63699
1.63012
1.62461
1.62054
1.61866
1.61906
1.62184
1.62672
1.63406
1.64507
1.66115
1.68253
1.70753
1.73297
1.75523
1.77197
1.78208
1.78549
1.78307
1.77568
1.76447
1.75072
1.73536
1.71896
1.70174
1.68408
1.66666
1.65129
1.64071
1.63774
1.64317
1.65554
1.67121
1.68617
1.69756
1.70343
1.70306
1.69686
1.68565
1.67109
1.6551
1.63926
1.62416
1.60914
1.59273
1.57348
1.55163
1.52966
1.51223
1.50434
1.50931
1.52694
1.55353
1.58298
1.60964
1.62968
1.64206
1.64744
1.64745
1.64389
1.63837
1.63261
1.62857
1.62823
1.63287
1.64264
1.65648
1.67237
1.6881
1.70143
1.71125
1.71776
1.72244
1.72728
1.73336
1.74025
1.74666
1.75076
1.75137
1.74807
1.74189
1.73456
1.72813
1.72364
1.72149
1.7207
1.71972
1.71688
1.71152
1.70428
1.69668
1.68978
1.68354
1.67619
1.66568
1.6504
1.6302
1.60669
1.58299
1.56305
1.55012
1.54574
1.54867
1.55534
1.56221
1.56719
1.5704
1.57317
1.57718
1.58384
1.59399
1.60865
1.62766
1.65064
1.67613
1.70203
1.72573
1.74453
1.75623
1.75957
1.75442
1.74232
1.72575
1.70781
1.69108
1.67716
1.66644
1.65856
1.65273
1.64813
1.64387
1.63935
1.6337
1.62624
1.6168
1.60571
1.59373
1.5824
1.57334
1.56802
1.56793
1.57395
1.5859
1.60246
1.62124
1.63928
1.65399
1.66378
1.66798
1.66702
1.66181
1.65369
1.64429
1.63581
1.63029
1.62919
1.63332
1.64252
1.65612
1.67364
1.69411
1.71606
1.73728
1.75554
1.76892
1.77551
1.7734
1.7616
1.74045
1.71198
1.67976
1.64825
1.62214
1.6048
1.59762
1.59877
1.60476
1.61148
1.61609
1.6176
1.61648
1.61405
1.61118
1.60807
1.60466
1.60075
1.59657
1.59254
1.58873
1.58481
1.57958
1.57206
1.56211
1.55108
1.54056
1.53161
1.52411
1.51794
1.51419
1.51494
1.52184
1.5348
1.55252
1.57374
1.59878
1.62792
1.65889
1.68629
1.70412
1.70881
1.70086
1.68338
1.66006
1.63477
1.61031
1.58858
1.57071
1.55677
1.54652
1.53968
1.53657
1.53745
1.5424
1.55086
1.56303
1.57978
1.60242
1.63069
1.66195
1.69083
1.71103
1.71775
1.70944
1.68802
1.65823
1.62612
1.59711
1.57449
1.55895
1.54935
1.54419
1.54333
1.54764
1.55759
1.57267
1.5928
1.61782
1.64705
1.67794
1.70784
1.73428
1.75563
1.77092
1.7791
1.77944
1.77203
1.75804
1.73993
1.72085
1.7043
1.69304
1.68834
1.68974
1.69567
1.70418
1.71318
1.72139
1.72782
1.73176
1.73301
1.7317
1.72824
1.72325
1.71746
1.71151
1.70578
1.70061
1.69631
1.6938
1.6941
1.69832
1.70658
1.71797
1.73008
1.74005
1.74477
1.74159
1.72882
1.70568
1.67326
1.63439
1.59356
1.55597
1.52602
1.50605
1.49688
1.49856
1.51075
1.53101
1.55474
1.57699
1.59427
1.60566
1.61229
1.6162
1.61903
1.62105
1.62101
1.61722
1.60836
1.59504
1.58084
1.5708
1.56849
1.57311
1.58
1.58384
1.58161
1.57294
1.55902
1.54235
1.52595
1.5126
1.50453
1.50316
1.50975
1.52508
1.54935
1.58199
1.6205
1.66102
1.69922
1.73159
1.75582
1.77115
1.77761
1.77566
1.76619
1.75014
1.72863
1.70273
1.67294
1.63956
1.603
1.56439
1.52546
1.48954
1.46131
1.44606
1.4476
1.4659
1.4971
1.53558
1.57594
1.61452
1.64867
1.67671
1.6979
1.71186
1.71876
1.71879
1.71265
1.7014
1.68627
1.66883
1.65083
1.63353
1.61847
1.60753
1.60248
1.60386
1.61028
1.61912
1.62774
1.63451
1.63908
1.64187
1.64389
1.64654
1.65089
1.65798
1.66824
1.68174
1.69827
1.71705
1.73699
1.7566
1.77415
1.78786
1.79616
1.79836
1.79464
1.78643
1.77565
1.76386
1.75183
1.73878
1.72344
1.7046
1.68174
1.65579
1.62833
1.60127
1.57664
1.55658
1.5438
1.54074
1.54844
1.56575
1.59073
1.62135
1.65527
1.68928
1.71991
1.74449
1.76129
1.76954
1.76951
1.76291
1.75289
1.74179
1.73038
1.71727
1.70081
1.68085
1.65897
1.63744
1.61744
1.59864
1.58013
1.56183
1.54575
1.5351
1.53221
1.53651
1.54491
1.55376
1.56088
1.56646
1.57191
1.57822
1.58532
1.59237
1.59909
1.60552
1.61188
1.61799
1.6229
1.6256
1.62524
1.62167
1.61552
1.60755
1.59813
1.58743
1.57524
1.5616
1.5476
1.53446
1.524
1.51732
1.51469
1.51536
1.51766
1.52034
1.5228
1.52483
1.52652
1.52807
1.52994
1.5328
1.53764
1.54558
1.55746
1.57324
1.59174
1.61071
1.62825
1.64296
1.65408
1.66136
1.66537
1.6673
1.66812
1.66806
1.66731
1.66544
1.66235
1.65832
1.65477
1.65403
1.65887
1.67078
1.68916
1.71096
1.73239
1.74984
1.76068
1.76339
1.75749
1.74366
1.72322
1.69816
1.6702
1.64096
1.61245
1.58824
1.57322
1.57123
1.58312
1.60533
1.63158
1.65543
1.67181
1.67749
1.67114
1.65394
1.62899
1.60056
1.57374
1.5527
1.53984
1.53511
1.53602
1.53927
1.54179
1.54217
1.54038
1.53781
1.53616
1.53712
1.54186
1.55076
1.56324
1.57819
1.5946
1.61168
1.62884
1.64526
1.65934
1.6696
1.67458
1.67369
1.66699
1.65516
1.63955
1.62241
1.60671
1.59598
1.59315
1.5998
1.61523
1.63672
1.66108
1.68482
1.70544
1.72096
1.72997
1.73183
1.72681
1.71681
1.70472
1.6941
1.68753
1.68568
1.68809
1.69331
1.69985
1.70641
1.71259
1.71785
1.72202
1.72501
1.72699
1.72847
1.72989
1.73212
1.73585
1.74175
1.74962
1.75902
1.7679
1.77382
1.77462
1.76838
1.75446
1.73337
1.70738
1.67975
1.65466
1.63563
1.62494
1.62291
1.62769
1.63596
1.64384
1.64814
1.64666
1.63933
1.62801
1.61614
1.60748
1.60413
1.60595
1.61115
1.61741
1.6233
1.62795
1.63115
1.63218
1.62986
1.62256
1.60937
1.59084
1.56933
1.54835
1.53182
1.5229
1.52259
1.52974
1.54162
1.55505
1.56755
1.57753
1.58489
1.59051
1.596
1.60328
1.61305
1.62524
1.63844
1.65102
1.66129
1.66876
1.67379
1.67793
1.68285
1.69019
1.70026
1.71245
1.72524
1.73689
1.74559
1.75002
1.74976
1.74561
1.73972
1.73486
1.73263
1.73242
1.73254
1.73052
1.72414
1.71266
1.69741
1.68216
1.67185
1.67006
1.67697
1.68959
1.70274
1.7118
1.71372
1.7083
1.69739
1.68441
1.67321
1.66714
1.66772
1.6749
1.6867
1.7001
1.71182
1.71904
1.72098
1.71789
1.71049
1.6997
1.68621
1.67138
1.65794
1.64848
1.64452
1.64504
1.64727
1.64877
1.64836
1.64656
1.64424
1.64247
1.64158
1.6418
1.64298
1.64451
1.64596
1.6471
1.64755
1.64674
1.64411
1.6394
1.63307
1.62559
1.61772
1.6101
1.60231
1.59372
1.58365
1.57132
1.55619
1.53852
1.51925
1.50098
1.48696
1.48039
1.48273
1.49274
1.50714
1.52111
1.53038
1.53217
1.52598
1.51309
1.49789
1.48655
1.48528
1.4964
1.51629
1.53861
1.55862
1.57392
1.58437
1.59065
1.59378
1.59442
1.59275
1.58831
1.58068
1.56972
1.5558
1.54031
1.52536
1.51402
1.50926
1.51251
1.52258
1.5367
1.55255
1.56943
1.58819
1.60946
1.63236
1.65516
1.67509
1.68932
1.69563
1.69341
1.68328
1.66645
1.64513
1.62162
1.59844
1.57814
1.56288
1.55477
1.55527
1.565
1.58339
1.60828
1.63619
1.66373
1.6878
1.70648
1.71878
1.72464
1.72458
1.71876
1.70759
1.69152
1.67175
1.65025
1.62919
1.61048
1.59527
1.58398
1.57596
1.5701
1.56501
1.55951
1.55299
1.54662
1.54377
1.54904
1.56437
1.58781
1.61454
1.63966
1.66068
1.67843
1.69535
1.71248
1.72866
1.74081
1.74582
1.74259
1.73187
1.71563
1.69623
1.67598
1.65746
1.64391
1.6382
1.64192
1.65458
1.67367
1.69551
1.71657
1.73403
1.74636
1.75358
1.75653
1.75654
1.75483
1.75203
1.74814
1.74271
1.73598
1.72871
1.72174
1.71524
1.70857
1.70076
1.69071
1.67728
1.65975
1.63912
1.61916
1.60483
1.60054
1.60702
1.62077
1.63633
1.64903
1.65589
1.65634
1.65112
1.64189
1.63025
1.61761
1.6057
1.59634
1.59124
1.59079
1.59372
1.59729
1.59833
1.59423
1.58418
1.56987
1.55559
1.54702
1.54896
1.56216
1.58287
1.60514
1.62448
1.63928
1.65056
1.6601
1.66834
1.67391
1.67459
1.66878
1.65584
1.63707
1.61496
1.59389
1.57852
1.57227
1.57547
1.58439
1.59357
1.5991
1.59904
1.59344
1.58313
1.5692
1.55318
1.53728
1.52505
1.51927
1.52028
1.52541
1.53126
1.53487
1.53455
1.52921
1.51843
1.50244
1.48243
1.4603
1.43919
1.42319
1.41688
1.42338
1.4428
1.47164
1.50492
1.53834
1.56843
1.59306
1.61026
1.61873
1.61851
1.61146
1.60096
1.5916
1.58685
1.58836
1.596
1.60855
1.62417
1.6405
1.65493
1.665
1.66905
1.66662
1.65872
1.64738
1.63547
1.62583
1.62072
1.62045
1.62364
1.6274
1.62892
1.62605
1.6183
1.60638
1.59222
1.57884
1.56994
1.56877
1.57709
1.59323
1.61303
1.63178
1.64679
1.65695
1.66183
1.66128
1.65478
1.6428
1.62723
1.61179
1.60049
1.59569
1.59675
1.60096
1.60512
1.60729
1.60678
1.605
1.60392
1.6052
1.60927
1.61511
1.62081
1.62452
1.62573
1.62472
1.62292
1.62173
1.62163
1.62264
1.62379
1.62367
1.62075
1.61381
1.60229
1.58652
1.56797
1.54917
1.5328
1.52079
1.51388
1.51146
1.51276
1.5178
1.52755
1.54259
1.56241
1.58494
1.60765
1.62817
1.64533
1.65876
1.66879
1.6759
1.68065
1.68353
1.68455
1.68379
1.68183
1.67922
1.67723
1.67742
1.68093
1.68835
1.69882
1.71035
1.72066
1.72769
1.73102
1.73141
1.73098
1.73198
1.73614
1.74326
1.75103
1.75677
1.75828
1.75505
1.74813
1.73959
1.73091
1.72257
1.71308
1.70057
1.68352
1.66127
1.63573
1.61043
1.58915
1.57468
1.56803
1.56909
1.57758
1.59238
1.61098
1.63029
1.64785
1.66191
1.67144
1.67604
1.67632
1.67385
1.67137
1.67207
1.67984
1.69701
1.72331
1.75496
1.78681
1.81463
1.8356
1.84832
1.85178
1.84606
1.83196
1.81133
1.78751
1.76422
1.74544
1.73391
1.7294
1.72872
1.72738
1.72229
1.71311
1.70344
1.69729
1.69626
1.69786
1.69823
1.6937
1.6836
1.66882
1.6513
1.63332
1.61668
1.60271
1.59217
1.58534
1.58198
1.58112
1.58153
1.58159
1.58016
1.57714
1.5734
1.57018
1.56835
1.56836
1.57039
1.57457
1.58064
1.58802
1.59565
1.6029
1.61051
1.62067
1.6357
1.65657
1.68179
1.70849
1.73308
1.75224
1.76336
1.76474
1.75607
1.73814
1.71287
1.68386
1.65577
1.63415
1.62407
1.62815
1.64604
1.67482
1.7106
1.74896
1.78549
1.81592
1.83683
1.84565
1.84142
1.82429
1.79548
1.75694
1.71221
1.66605
1.62449
1.59324
1.576
1.57386
1.58498
1.60583
1.63204
1.65834
1.67937
1.69076
1.68961
1.67482
1.64706
1.60949
1.56774
1.52951
1.50244
1.49004
1.49098
1.50013
1.51258
1.52519
1.53626
1.54525
1.55222
1.55839
1.5663
1.57818
1.59403
1.61157
1.62675
1.63654
1.63975
1.63676
1.62898
1.61837
1.60624
1.59374
1.58188
1.57137
1.563
1.55751
1.55559
1.55766
1.56386
1.57386
1.58701
1.60273
1.62047
1.63953
1.65885
1.67653
1.69048
1.69928
1.70241
1.70021
1.69345
1.68275
1.66883
1.65232
1.63435
1.61683
1.60203
1.59216
1.58827
1.59017
1.59598
1.60331
1.60962
1.61274
1.61086
1.60312
1.59015
1.57483
1.56197
1.55616
1.56019
1.57429
1.59631
1.62255
1.64887
1.67145
1.68702
1.69349
1.69016
1.67773
1.65773
1.63262
1.60493
1.57713
1.55147
1.5305
1.51725
1.51393
1.5201
1.53248
1.5463
1.55808
1.56724
1.57579
1.58738
1.60479
1.62878
1.65744
1.68726
1.71485
1.73842
1.75801
1.7745
1.78854
1.79987
1.80698
1.80845
1.80306
1.79014
1.76965
1.74267
1.71181
1.68069
1.65255
1.62899
1.60922
1.59163
1.57448
1.55692
1.53947
1.52308
1.50877
1.49704
1.48882
1.48587
1.49055
1.5046
1.52796
1.55791
1.59007
1.62013
1.64512
1.66394
1.67726
1.68668
1.69445
1.70232
1.71166
1.72243
1.73333
1.74241
1.74753
1.74679
1.73895
1.72432
1.70527
1.68575
1.66893
1.65548
1.64414
1.63387
1.62419
1.61417
1.6027
1.58991
1.57872
1.5732
1.57569
1.58597
1.60187
1.62013
1.63795
1.65329
1.66578
1.67588
1.68465
1.69315
1.70264
1.71419
1.72717
1.73893
1.74555
1.74333
1.72991
1.70532
1.67195
1.63442
1.59784
1.56667
1.54297
1.52673
1.51662
1.51105
1.50857
1.50878
1.51212
1.51938
1.53138
1.54783
1.56746
1.58837
1.6088
1.6268
1.64077
1.64967
1.6536
1.65402
1.65325
1.65266
1.65216
1.6506
1.64713
1.64217
1.63715
1.63375
1.63349
1.63733
1.64516
1.65548
1.66547
1.67165
1.6717
1.66489
1.6523
1.63621
1.61939
1.60479
1.59483
1.59166
1.59596
1.60626
1.6186
1.62919
1.63594
1.63895
1.63952
1.63916
1.63927
1.64087
1.64511
1.65271
1.66383
1.67801
1.69308
1.70631
1.71474
1.71617
1.70956
1.69526
1.67453
1.64918
1.62185
1.59606
1.5758
1.56378
1.55955
1.55982
1.56019
1.55747
1.55058
1.54072
1.53103
1.52563
1.52775
1.53883
1.55784
1.58207
1.60823
1.63322
1.65492
1.67195
1.68411
1.69175
1.69595
1.69829
1.70055
1.70404
1.70889
1.71425
1.71839
1.71926
1.71537
1.7062
1.69271
1.67676
1.6604
1.64493
1.63019
1.61517
1.59852
1.57971
1.55921
1.53849
1.51893
1.5012
1.48513
1.47022
1.45636
1.44398
1.4337
1.42668
1.42406
1.42763
1.43919
1.45983
1.48943
1.52605
1.56616
1.60592
1.64169
1.67098
1.69279
1.70693
1.71416
1.71587
1.71381
1.70916
1.70228
1.69175
1.67476
1.64798
1.61149
1.57479
1.55568
1.56539
1.59568
1.62972
1.6576
1.67713
1.68912
1.69501
1.6961
1.69422
1.69138
1.68904
1.68752
1.68623
1.68407
1.68076
1.67704
1.67408
1.67328
1.67525
1.67989
1.68658
1.69386
1.70012
1.70375
1.70348
1.6992
1.69282
1.68837
1.6905
1.70067
1.71648
1.7321
1.74193
1.74201
1.73087
1.70993
1.68285
1.65498
1.63116
1.61487
1.60768
1.60886
1.61518
1.62214
1.62551
1.62377
1.618
1.61096
1.60436
1.59773
1.58954
1.57943
1.56897
1.56107
1.55737
1.55752
1.56041
1.56523
1.57143
1.57901
1.58825
1.59939
1.61263
1.62831
1.64583
1.66465
1.68451
1.70638
1.73149
1.76037
1.79057
1.81884
1.84211
1.8584
1.86618
1.86402
1.85072
1.82598
1.79126
1.7498
1.7064
1.66665
1.63518
1.61513
1.60766
1.61174
1.62486
1.64357
1.66404
1.68254
1.6963
1.70442
1.70801
1.70989
1.71269
1.71767
1.72467
1.73267
1.74051
1.74673
1.74993
1.74892
1.74198
1.7281
1.7075
1.68166
1.65345
1.62522
1.5986
1.57509
1.55648
1.54541
1.54464
1.55567
1.5778
1.60829
1.64255
1.67546
1.70283
1.72124
1.72903
1.72572
1.71199
1.68982
1.66168
1.63103
1.60134
1.57585
1.55708
1.54557
1.54035
1.53959
1.54216
1.54867
1.56207
1.58495
1.61796
1.65834
1.70189
1.74462
1.78337
1.81572
1.83976
1.85388
1.85758
1.85102
1.83525
1.81191
1.7835
1.75288
1.72277
1.69628
1.67536
1.66012
1.64854
1.63756
1.62412
1.60671
1.58631
1.56583
1.54941
1.54112
1.54401
1.55902
1.58466
1.6178
1.65426
1.68984
1.72124
1.74663
1.76585
1.77905
1.78687
1.79014
1.78981
1.78658
1.78112
1.77352
1.76344
1.7497
1.73127
1.70731
1.67722
1.64129
1.60068
1.55772
1.51577
1.47855
1.44919
1.4296
1.41992
1.41916
1.42622
1.44089
1.4633
1.49366
1.53063
1.57138
1.61214
1.64957
1.68159
1.70781
1.72951
1.74805
1.7642
1.77731
1.78559
1.78721
1.78125
1.76833
1.75003
1.72939
1.71011
1.69589
1.68917
1.69001
1.69645
1.70519
1.71304
1.7179
1.71876
1.7155
1.7087
1.69903
1.68672
1.67227
1.65603
1.63869
1.62116
1.60464
1.59037
1.58015
1.57539
1.57608
1.57965
1.58201
1.58026
1.57441
1.56701
1.56109
1.559
1.56235
1.57198
1.58769
1.608
1.63046
1.65268
1.6729
1.69036
1.70527
1.7179
1.72822
1.7357
1.7395
1.73858
1.73219
1.71994
1.70271
1.68234
1.66181
1.64417
1.63191
1.62589
1.62559
1.62994
1.63766
1.64773
1.65959
1.67237
1.68519
1.69691
1.70711
1.71583
1.72332
1.72958
1.73397
1.7358
1.73476
1.73162
1.72712
1.7221
1.71698
1.7117
1.70565
1.69758
1.68627
1.6707
1.65106
1.62892
1.60701
1.58809
1.57356
1.56351
1.55681
1.55173
1.54664
1.54018
1.53214
1.52389
1.51764
1.51625
1.52103
1.53134
1.54489
1.55932
1.57269
1.58445
1.59485
1.60476
1.61494
1.62543
1.6361
1.64595
1.65388
1.65873
1.65996
1.65722
1.65076
1.64159
1.6313
1.62194
1.61477
1.61055
1.60876
1.60779
1.60571
1.6009
1.59236
1.57995
1.56404
1.54593
1.52794
1.5132
1.5047
1.50439
1.51273
1.52902
1.55078
1.57457
1.59627
1.6121
1.61958
1.61756
1.60703
1.59108
1.57406
1.56059
1.55356
1.55374
1.55949
1.56826
1.57679
1.58284
1.58552
1.58501
1.58241
1.5793
1.57683
1.5759
1.57741
1.5819
1.58922
1.59891
1.60997
1.62104
1.63101
1.63842
1.64207
1.64109
1.63544
1.62589
1.61412
1.60256
1.59366
1.58904
1.58921
1.59331
1.59941
1.60513
1.60819
1.60701
1.6005
1.58802
1.56969
1.54653
1.52005
1.49249
1.46645
1.44445
1.42881
1.42084
1.41991
1.42402
1.43044
1.4373
1.44454
1.45403
1.46885
1.49072
1.51834
1.54832
1.57695
1.60145
1.62066
1.63414
1.64191
1.6445
1.64292
1.6388
1.63375
1.62879
1.62434
1.62014
1.61627
1.61282
1.61067
1.61064
1.61359
1.61946
1.62747
1.63594
1.6424
1.64432
1.64014
1.62981
1.61492
1.59815
1.58227
1.56932
1.56092
1.55832
1.56299
1.57579
1.59624
1.62176
1.64853
1.6722
1.68949
1.69849
1.69908
1.69222
1.67984
1.66334
1.64395
1.62307
1.60221
1.58342
1.56812
1.55726
1.55178
1.5522
1.55962
1.57377
1.59272
1.61269
1.62995
1.64155
1.64685
1.64708
1.64412
1.63993
1.63653
1.63629
1.6414
1.65295
1.66981
1.68991
1.71125
1.73262
1.75377
1.7743
1.7936
1.8105
1.82366
1.83185
1.83417
1.83016
1.82009
1.80501
1.78678
1.76808
1.75168
1.73972
1.73297
1.73054
1.72951
1.72619
1.71784
1.70405
1.68739
1.67254
1.66325
1.66024
1.66128
1.66319
1.66388
1.66226
1.65864
1.65308
1.6457
1.63686
1.62747
1.61871
1.61181
1.60737
1.60484
1.60303
1.60031
1.59567
1.58947
1.58338
1.57992
1.58231
1.59365
1.61511
1.64492
1.678
1.70799
1.7301
1.74271
1.74742
1.74645
1.74137
1.73229
1.71879
1.69962
1.67356
1.63968
1.59923
1.55558
1.51461
1.48362
1.469
1.47396
1.49679
1.5324
1.57342
1.61191
1.64152
1.65772
1.6584
1.64392
1.61699
1.58338
1.55103
1.52797
1.51875
1.52249
1.53369
1.54567
1.55412
1.55751
1.55712
1.55555
1.556
1.56045
1.56927
1.58089
1.59324
1.60521
1.61706
1.62944
1.64208
1.65336
1.66053
1.661
1.65294
1.63624
1.61306
1.58709
1.563
1.54475
1.53414
1.53053
1.53181
1.53671
1.54516
1.5582
1.57592
1.59672
1.61773
1.63577
1.64858
1.65496
1.65507
1.65056
1.64447
1.64043
1.64107
1.64678
1.6552
1.66274
1.66597
1.66342
1.65619
1.64714
1.63979
1.63661
1.63808
1.64296
1.64932
1.65562
1.66123
1.66616
1.67029
1.6738
1.67639
1.67762
1.67721
1.67469
1.66928
1.66012
1.64691
1.63067
1.61379
1.59924
1.58821
1.58004
1.57378
1.57011
1.57094
1.57788
1.59069
1.60666
1.62266
1.63623
1.64674
1.6553
1.664
1.67513
1.68976
1.7075
1.72626
1.7431
1.75438
1.75693
1.74853
1.72881
1.70004
1.6678
1.63947
1.62013
1.60933
1.60235
1.59509
1.58691
1.57972
1.57707
1.58179
1.59485
1.61483
1.63813
1.66025
1.6777
1.68882
1.6939
1.69356
1.68825
1.67799
1.6621
1.64072
1.61572
1.5923
1.57665
1.57207
1.57582
1.5821
1.58673
1.58904
1.59124
1.59626
1.60566
1.61811
1.6298
1.63563
1.63171
1.61705
1.59378
1.56664
1.5415
1.52376
1.51711
1.52292
1.54011
1.5661
1.59736
1.63031
1.66182
1.68981
1.7133
1.7319
1.74527
1.75344
1.757
1.75645
1.75243
1.7452
1.73481
1.72174
1.70711
1.69323
1.68339
1.68047
1.68545
1.69692
1.71141
1.725
1.73424
1.73709
1.733
1.72218
1.70581
1.68557
1.66388
1.64285
1.62387
1.60782
1.59611
1.59036
1.59231
1.6025
1.61976
1.64112
1.66337
1.68433
1.70284
1.71898
1.73237
1.74186
1.74522
1.74059
1.72787
1.70948
1.69008
1.67484
1.66742
1.66821
1.67506
1.68517
1.69604
1.70651
1.71612
1.72499
1.73313
1.7405
1.74662
1.75114
1.75386
1.75475
1.7537
1.75017
1.74352
1.73238
1.7157
1.693
1.66501
1.63402
1.60382
1.57907
1.56362
1.55918
1.56448
1.5761
1.5905
1.60571
1.62188
1.63979
1.66042
1.68348
1.70784
1.73208
1.75409
1.77259
1.78583
1.7925
1.79155
1.78232
1.76482
1.73997
1.71033
1.67915
1.65076
1.62915
1.61722
1.61606
1.62507
1.64186
1.66313
1.6863
1.70925
1.73117
1.75189
1.77092
1.7873
1.79998
1.80785
1.80981
1.80524
1.79372
1.77598
1.75419
1.733
1.71631
1.70578
1.69999
1.69556
1.69008
1.68336
1.67643
1.6705
1.66624
1.66445
1.66597
1.67064
1.67626
1.67972
1.67883
1.67378
1.66609
1.65748
1.64854
1.63917
1.62896
1.6183
1.60867
1.60147
1.59777
1.59728
1.59935
1.60322
1.60897
1.61693
1.62734
1.63959
1.6524
1.66386
1.67206
1.67536
1.67251
1.66334
1.64867
1.62967
1.60707
1.58162
1.55408
1.5259
1.49971
1.47928
1.46791
1.46752
1.4782
1.49741
1.52119
1.54463
1.56355
1.57496
1.57801
1.57356
1.56516
1.55844
1.55884
1.56932
1.58882
1.61463
1.64323
1.67095
1.69495
1.71365
1.72637
1.73447
1.74062
1.74745
1.75602
1.76566
1.7748
1.78202
1.78669
1.78899
1.78931
1.78829
1.78656
1.78478
1.78325
1.78229
1.7819
1.78202
1.78286
1.78471
1.78776
1.7924
1.79816
1.80323
1.80482
1.80071
1.79043
1.77528
1.75697
1.73701
1.71638
1.69554
1.67542
1.65736
1.64268
1.63216
1.62598
1.6233
1.62287
1.62301
1.62256
1.62132
1.62018
1.62085
1.62436
1.63062
1.63896
1.64913
1.66159
1.67616
1.69144
1.705
1.71462
1.71883
1.71726
1.71003
1.69788
1.68267
1.66723
1.65517
1.64982
1.65332
1.66569
1.68471
1.70684
1.72862
1.74676
1.75876
1.7624
1.75689
1.74335
1.72571
1.70977
1.69947
1.69517
1.69386
1.69304
1.6927
1.69499
1.70162
1.71284
1.72694
1.74153
1.75442
1.76268
1.763
1.75225
1.72887
1.69393
1.65134
1.60731
1.56846
1.5388
1.51862
1.50505
1.49412
1.48354
1.47369
1.46725
1.46765
1.47747
1.49724
1.52489
1.55632
1.58657
1.61083
1.62486
1.6261
1.61438
1.59255
1.56609
1.54197
1.52645
1.52253
1.53011
1.54693
1.57126
1.60164
1.63645
1.67379
1.71118
1.74674
1.77887
1.80621
1.82752
1.8418
1.84832
1.84698
1.83782
1.82092
1.79645
1.76479
1.72786
1.68951
1.65546
1.63159
1.62176
1.62677
1.64511
1.67362
1.70765
1.74204
1.77175
1.79288
1.80363
1.80405
1.79544
1.78
1.76001
1.73727
1.71309
1.68861
1.66475
1.64297
1.6251
1.61325
1.60876
1.61146
1.61942
1.62953
1.63877
1.6452
1.64777
1.64622
1.64026
1.62975
1.61477
1.59655
1.57775
1.56145
1.55024
1.54555
1.54705
1.55394
1.56475
1.57725
1.58854
1.59524
1.5951
1.58715
1.57236
1.55286
1.53149
1.51157
1.49714
1.49227
1.49906
1.51622
1.53985
1.5652
1.58901
1.60968
1.62723
1.64224
1.65505
1.66568
1.67417
1.68066
1.68597
1.69136
1.69831
1.70808
1.7205
1.73425
1.74714
1.75659
1.76062
1.75841
1.7502
1.73724
1.72137
1.70545
1.69189
1.68296
1.67944
1.68041
1.6841
1.68894
1.69344
1.69704
1.69892
1.69846
1.69557
1.69122
1.68678
1.68342
1.6809
1.67776
1.67234
1.66296
1.64935
1.63195
1.61245
1.59329
1.57733
1.56747
1.56526
1.57054
1.58163
1.59587
1.61159
1.62837
1.64673
1.66692
1.68804
1.70768
1.7231
1.73251
1.73523
1.73221
1.72464
1.71371
1.70072
1.68683
1.67363
1.66267
1.65506
1.65127
1.6514
1.65519
1.66199
1.67128
1.6822
1.69347
1.70364
1.71136
1.71495
1.71333
1.70626
1.69426
1.67882
1.66212
1.64668
1.6348
1.62822
1.62709
1.63035
1.63548
1.63914
1.63866
1.63286
1.62259
1.61058
1.6008
1.5974
1.60374
1.62048
1.64455
1.66975
1.6896
1.70008
1.70006
1.69084
1.67541
1.65696
1.6386
1.6226
1.61044
1.60243
1.59783
1.59502
1.59223
1.58825
1.58268
1.5761
1.56904
1.56115
1.5514
1.53917
1.52499
1.51022
1.4968
1.48633
1.47979
1.47748
1.47931
1.48514
1.49478
1.50862
1.52671
1.54957
1.57737
1.60958
1.64458
1.6796
1.71179
1.73844
1.75791
1.76995
1.77552
1.77601
1.77264
1.76642
1.75794
1.74768
1.73613
1.72365
1.71056
1.69684
1.68238
1.66769
1.65412
1.64346
1.63702
1.63541
1.63814
1.64423
1.65243
1.66232
1.67298
1.68389
1.69436
1.70289
1.70724
1.70563
1.69815
1.6876
1.67879
1.67665
1.68399
1.69994
1.72068
1.74176
1.75915
1.77011
1.77409
1.77164
1.76454
1.75439
1.74262
1.73033
1.71892
1.71027
1.70522
1.70366
1.70405
1.704
1.70149
1.69572
1.68665
1.67526
1.6626
1.64958
1.63736
1.62642
1.61715
1.60922
1.60197
1.5949
1.58906
1.58809
1.59524
1.60902
1.62264
1.62926
1.62607
1.61455
1.59811
1.58072
1.56619
1.5577
1.55737
1.56489
1.57787
1.59272
1.60713
1.62031
1.6322
1.64208
1.649
1.6524
1.65256
1.65013
1.64611
1.64199
1.6389
1.63806
1.63954
1.64305
1.64745
1.65132
1.65279
1.65001
1.6419
1.62833
1.60947
1.58714
1.56493
1.54884
1.54526
1.55759
1.58393
1.61784
1.65183
1.68008
1.69913
1.70815
1.70815
1.70107
1.6888
1.67298
1.655
1.63624
1.61839
1.60333
1.5926
1.58683
1.58559
1.58775
1.59253
1.59952
1.60813
1.61769
1.62683
1.63437
1.63856
1.6379
1.63102
1.6167
1.59504
1.56733
1.53688
1.50817
1.48561
1.4722
1.46851
1.47333
1.4848
1.5018
1.5232
1.54688
1.56995
1.58954
1.6044
1.61455
1.62097
1.62474
1.62686
1.62784
1.62795
1.62637
1.62196
1.61448
1.6053
1.59756
1.59531
1.60159
1.61652
1.63817
1.66309
1.6874
1.70812
1.72296
1.7309
1.7319
1.72663
1.71677
1.70406
1.68996
1.67474
1.65815
1.63975
1.62021
1.60239
1.58968
1.5853
1.58981
1.60144
1.61634
1.63005
1.63924
1.6421
1.6392
1.6328
1.62561
1.61886
1.61198
1.60315
1.59177
1.57898
1.56714
1.55908
1.55682
1.56106
1.57122
1.58574
1.60291
1.62127
1.64013
1.65893
1.6772
1.69417
1.70869
1.71939
1.72472
1.72335
1.71384
1.69568
1.66902
1.63486
1.59562
1.55446
1.51605
1.48543
1.46751
1.46545
1.47984
1.50841
1.54611
1.58658
1.62328
1.65093
1.66614
1.66764
1.6559
1.63366
1.60524
1.57572
1.54964
1.53063
1.52158
1.52488
1.54164
1.5716
1.61241
1.66034
1.71061
1.75847
1.79978
1.83157
1.85192
1.85999
1.85665
1.84426
1.82604
1.80489
1.78156
1.75595
1.72857
1.70128
1.67696
1.658
1.64573
1.63931
1.63637
1.63397
1.62943
1.62131
1.60988
1.59698
1.58527
1.57758
1.57609
1.58193
1.59522
1.6146
1.63818
1.66353
1.6881
1.70945
1.72495
1.73271
1.73241
1.72479
1.7122
1.69677
1.68026
1.66328
1.64625
1.6297
1.61502
1.60396
1.59843
1.59952
1.6069
1.61883
1.63253
1.64575
1.65724
1.66678
1.67475
1.68079
1.68399
1.68309
1.67711
1.66595
1.65094
1.63479
1.62113
1.61329
1.61276
1.61944
1.63149
1.64637
1.66158
1.67558
1.68763
1.6976
1.70565
1.71153
1.71444
1.71358
1.70819
1.69824
1.68462
1.66887
1.65246
1.63679
1.6228
1.61131
1.60266
1.59685
1.59399
1.59398
1.59654
1.60186
1.61001
1.62123
1.63538
1.65166
1.66861
1.68405
1.69638
1.70465
1.70919
1.71095
1.71079
1.7091
1.70547
1.69904
1.68906
1.67587
1.66208
1.65358
1.65773
1.6768
1.7056
1.73545
1.75991
1.77584
1.78241
1.77964
1.76822
1.74969
1.72596
1.69945
1.67219
1.64545
1.62031
1.59774
1.58024
1.5715
1.57542
1.5927
1.61982
1.65069
1.67981
1.70436
1.72322
1.73591
1.74166
1.73961
1.72937
1.71191
1.68922
1.66386
1.63883
1.6165
1.59888
1.58719
1.58199
1.58317
1.59027
1.60226
1.61807
1.63619
1.65514
1.6739
1.69211
1.7098
1.72753
1.74595
1.76501
1.7841
1.80142
1.81457
1.8208
1.81833
1.80639
1.78632
1.76138
1.73537
1.71139
1.69055
1.67216
1.6551
1.63868
1.62247
1.60621
1.58935
1.57167
1.55394
1.53807
1.52571
1.51804
1.51536
1.51723
1.52277
1.53078
1.53916
1.54564
1.54893
1.54885
1.5465
1.54331
1.54023
1.53782
1.53635
1.53646
1.5389
1.54445
1.55382
1.56656
1.58106
1.59521
1.60662
1.61359
1.61584
1.61428
1.61079
1.60706
1.60423
1.60222
1.60048
1.59746
1.59174
1.58219
1.56867
1.55273
1.5376
1.52766
1.52692
1.53757
1.55929
1.58973
1.62552
1.66318
1.69974
1.73297
1.76186
1.78617
1.80556
1.81927
1.82681
1.82799
1.82369
1.81555
1.80547
1.79468
1.78321
1.77094
1.75772
1.74377
1.7288
1.71254
1.69588
1.68174
1.6741
1.67648
1.69007
1.71262
1.7397
1.76643
1.78925
1.80512
1.81207
1.8088
1.79494
1.77148
1.74099
1.70746
1.67495
1.64677
1.62562
1.61311
1.60959
1.61391
1.62376
1.63586
1.64677
1.65353
1.65395
1.64705
1.63359
1.6162
1.5995
1.58865
1.58758
1.59737
1.61596
1.63958
1.66371
1.68448
1.69946
1.70767
1.70981
1.7076
1.70331
1.69901
1.69691
1.69908
1.70635
1.71781
1.72996
1.73841
1.73977
1.7336
1.72188
1.70797
1.69413
1.68096
1.66758
1.65291
1.63618
1.6177
1.5987
1.58072
1.56636
1.55874
1.56075
1.57367
1.59587
1.62395
1.65424
1.68367
1.7103
1.73271
1.74927
1.75797
1.75744
1.74796
1.73169
1.71256
1.69463
1.68026
1.66962
1.66176
1.65597
1.65217
1.65053
1.65099
1.65317
1.6565
1.6607
1.66612
1.67351
1.68374
1.69677
1.71122
1.725
1.73548
1.74036
1.7383
1.72931
1.71447
1.69698
1.68106
1.67104
1.66869
1.67211
1.67687
1.67859
1.67509
1.6668
1.65619
1.64664
1.64083
1.64025
1.64518
1.65474
1.6675
1.68168
1.69466
1.70387
1.70755
1.70514
1.69744
1.68652
1.67413
1.66201
1.6518
1.64461
1.64088
1.64035
1.64271
1.64803
1.65663
1.66856
1.68288
1.69773
1.71081
1.72021
1.72481
1.72456
1.71958
1.7101
1.69599
1.67746
1.65605
1.63401
1.61416
1.59923
1.59086
1.58883
1.59221
1.59936
1.60944
1.62153
1.63469
1.64721
1.65735
1.66401
1.66695
1.66717
1.66608
1.66537
1.6662
1.66933
1.67425
1.67944
1.68286
1.68282
1.67908
1.67287
1.66693
1.66464
1.6692
1.68212
1.70184
1.72396
1.743
1.75492
1.75806
1.75243
1.73947
1.72157
1.70163
1.68242
1.66586
1.65311
1.64438
1.6397
1.63833
1.63893
1.63989
1.63982
1.63832
1.63583
1.63392
1.63325
1.63428
1.6363
1.63828
1.63962
1.64192
1.64771
1.66096
1.68419
1.71677
1.75446
1.78988
1.81574
1.82628
1.81901
1.79482
1.75759
1.71351
1.66967
1.63202
1.60491
1.59046
1.58863
1.59711
1.61206
1.62896
1.64385
1.65408
1.65782
1.65365
1.64061
1.6185
1.58835
1.55316
1.51828
1.49054
1.47679
1.48107
1.50311
1.53845
1.58037
1.62211
1.65828
1.68493
1.70026
1.70402
1.69746
1.68278
1.66262
1.63969
1.61709
1.59806
1.58563
1.58175
1.58655
1.59792
1.61219
1.62439
1.63009
1.62662
1.61328
1.59225
1.56757
1.54469
1.52834
1.52205
1.52766
1.54498
1.5718
1.60448
1.63878
1.671
1.69852
1.71955
1.73271
1.73685
1.73099
1.7148
1.68938
1.65774
1.62423
1.59397
1.57135
1.55885
1.55687
1.56437
1.58014
1.6034
1.63369
1.66918
1.70609
1.73918
1.76348
1.776
1.7763
1.76605
1.74869
1.72837
1.70908
1.69357
1.68288
1.67642
1.67247
1.66892
1.66371
1.6553
1.64333
1.62868
1.61352
1.60065
1.59258
1.58966
1.59036
1.59171
1.59018
1.58348
1.57074
1.553
1.53261
1.51306
1.49805
1.49015
1.49032
1.49787
1.51035
1.52549
1.54139
1.55712
1.57198
1.58531
1.59647
1.60531
1.61247
1.61922
1.62728
1.63781
1.65096
1.6655
1.67875
1.68789
1.69145
1.69133
1.69247
1.69904
1.70946
1.71759
1.71844
1.71116
1.69772
1.68133
1.66483
1.65008
1.63799
1.62826
1.61941
1.60901
1.59515
1.57917
1.56646
1.56341
1.57188
1.58927
1.61247
1.63877
1.66458
1.68657
1.70295
1.71355
1.71893
1.71994
1.71789
1.71434
1.71086
1.70842
1.70713
1.70609
1.70345
1.69712
1.68499
1.66597
1.63984
1.60829
1.57413
1.5411
1.51267
1.49234
1.4836
1.48811
1.50499
1.5302
1.55794
1.58236
1.59938
1.60787
1.60929
1.60672
1.60366
1.60262
1.60457
1.60877
1.61324
1.61605
1.61615
1.61357
1.60925
1.60454
1.60077
1.5988
1.59842
1.59853
1.59731
1.59308
1.58546
1.57531
1.56466
1.5565
1.5536
1.55807
1.57102
1.59197
1.619
1.64875
1.67765
1.70306
1.72344
1.7383
1.74763
1.75096
1.74755
1.73683
1.7194
1.69679
1.67152
1.64655
1.62436
1.60675
1.59433
1.58713
1.5841
1.58397
1.58496
1.58559
1.5848
1.58247
1.57941
1.57706
1.57658
1.57859
1.58291
1.58921
1.59776
1.60931
1.62471
1.64371
1.66541
1.6874
1.70739
1.72348
1.73455
1.74024
1.7408
1.73714
1.73081
1.72367
1.71713
1.71118
1.70411
1.69332
1.6767
1.65369
1.62552
1.59501
1.56576
1.5417
1.52644
1.5223
1.52988
1.54691
1.56964
1.59375
1.61573
1.6335
1.64608
1.65311
1.65476
1.6513
1.64299
1.63005
1.61312
1.59327
1.57207
1.55217
1.53651
1.52795
1.52838
1.53729
1.5519
1.56778
1.58165
1.59251
1.60158
1.61165
1.62508
1.64219
1.66101
1.67714
1.68623
1.6851
1.67308
1.65156
1.62367
1.59399
1.56759
1.54972
1.54343
1.54897
1.56367
1.58325
1.60309
1.6195
1.63008
1.63361
1.62936
1.61692
1.5964
1.56892
1.53722
1.50609
1.48129
1.46749
1.46657
1.47745
1.49754
1.5242
1.55445
1.58473
1.6116
1.63249
1.64648
1.65401
1.65677
1.65628
1.65453
1.6533
1.65393
1.65659
1.66006
1.6622
1.66103
1.65573
1.64762
1.64017
1.63767
1.64258
1.65348
1.66484
1.66977
1.66269
1.64128
1.60729
1.56576
1.52423
1.49114
1.47353
1.47508
1.49468
1.52692
1.56465
1.60113
1.63142
1.65288
1.66475
1.66734
1.66204
1.6516
1.6393
1.62859
1.62142
1.61849
1.61907
1.62176
1.62571
1.63039
1.63577
1.64215
1.65008
1.65963
1.67006
1.68046
1.68985
1.69749
1.70336
1.70752
1.71064
1.7139
1.71831
1.72482
1.73331
1.74285
1.75227
1.76014
1.76473
1.76496
1.76051
1.75193
1.73976
1.72474
1.70712
1.68712
1.66518
1.64254
1.62145
1.6047
1.59445
1.59078
1.59161
1.5937
1.59368
1.5896
1.5815
1.57127
1.56246
1.55831
1.56097
1.57
1.58291
1.59648
1.60833
1.61727
1.62329
1.62668
1.62769
1.62697
1.62623
1.62786
1.63403
1.64587
1.6626
1.68227
1.70232
1.72022
1.73402
1.74208
1.7443
1.74213
1.73818
1.73524
1.73491
1.73664
1.7388
1.73908
1.73632
1.73037
1.72269
1.71595
1.71201
1.71106
1.71232
1.71469
1.71729
1.71999
1.72335
1.72827
1.73555
1.74565
1.75821
1.77271
1.78839
1.80394
1.81802
1.82927
1.83627
1.8378
1.83311
1.82203
1.80516
1.78395
1.76
1.73497
1.7102
1.68652
1.66467
1.64572
1.63093
1.62132
1.61807
1.62165
1.63142
1.64537
1.66021
1.67261
1.67966
1.67958
1.67171
1.65633
1.63465
1.60845
1.58005
1.552
1.52641
1.50477
1.48822
1.47761
1.47401
1.47875
1.49264
1.51574
1.54622
1.58092
1.61563
1.6459
1.66827
1.68118
1.68522
1.68245
1.67577
1.66837
1.66261
1.65992
1.66004
1.66132
1.6612
1.65797
1.65148
1.64294
1.6338
1.62521
1.61788
1.61223
1.60923
1.61072
1.61814
1.62935
1.63783
1.63668
1.62313
1.5987
1.56746
1.5343
1.504
1.48162
1.47172
1.47687
1.49573
1.52395
1.55554
1.58587
1.61263
1.63572
1.65593
1.67345
1.68767
1.69712
1.69969
1.69422
1.68039
1.65942
1.63478
1.61119
1.59433
1.58921
1.59838
1.62038
1.64897
1.67609
1.69534
1.70357
1.70162
1.69296
1.68241
1.67462
1.67252
1.67704
1.68655
1.69767
1.70714
1.71304
1.71529
1.71583
1.71684
1.72047
1.72721
1.73607
1.7449
1.75203
1.75587
1.75508
1.74851
1.73548
1.71664
1.69442
1.67235
1.65377
1.64169
1.63785
1.6424
1.65405
1.6709
1.6904
1.70972
1.72638
1.73775
1.74171
1.73671
1.72246
1.70021
1.67257
1.64302
1.61591
1.59596
1.58702
1.59022
1.60284
1.61943
1.63458
1.64448
1.64813
1.64624
1.64037
1.63227
1.62364
1.61613
1.61076
1.60766
1.60532
1.60217
1.5971
1.59062
1.58404
1.5791
1.57731
1.57889
1.5831
1.58818
1.59213
1.59313
1.59064
1.58502
1.578
1.57135
1.56682
1.56581
1.56941
1.57831
1.59305
1.61358
1.63875
1.66614
1.6927
1.71533
1.73167
1.74041
1.7414
1.7357
1.72449
1.7087
1.68937
1.66748
1.64499
1.62444
1.60834
1.59834
1.59434
1.59521
1.59871
1.60266
1.60513
1.60442
1.60013
1.59325
1.58544
1.57782
1.57088
1.56415
1.55753
1.55245
1.55178
1.55868
1.57474
1.59909
1.62827
1.65791
1.68358
1.70215
1.71157
1.71078
1.69943
1.67878
1.65087
1.6187
1.58691
1.56106
1.54661
1.54737
1.56409
1.59463
1.63471
1.67948
1.72406
1.76376
1.79484
1.81449
1.82141
1.81532
1.79672
1.76692
1.72721
1.6793
1.62577
1.57142
1.52312
1.4871
1.46624
1.4599
1.46553
1.48095
1.50467
1.53476
1.56823
1.60178
1.63249
1.65802
1.67698
1.68876
1.693
1.68932
1.67828
1.66108
1.63925
1.61444
1.5892
1.56853
1.55949
1.56713
1.59058
1.62266
1.65376
1.6764
1.68719
1.68647
1.67751
1.66481
1.65257
1.64315
1.63731
1.63497
1.63557
1.63836
1.64142
1.64186
1.63745
1.62823
1.61734
1.6085
1.60308
1.59901
1.59357
1.58611
1.57956
1.57783
1.58359
1.59679
1.61525
1.63639
1.65709
1.67486
1.6871
1.69156
1.68647
1.67086
1.64475
1.60963
1.56904
1.52845
1.49548
1.47736
1.47654
1.4891
1.5088
1.53072
1.55271
1.57423
1.59588
1.61881
1.64401
1.67174
1.70061
1.72759
1.74893
1.76098
1.76081
1.74678
1.71931
1.68098
1.63577
1.58859
1.54417
1.50545
1.47398
1.44953
1.43146
1.41819
1.4082
1.40007
1.39376
1.39102
1.39532
1.41017
1.43708
1.47376
1.51539
1.55587
1.59071
1.61747
1.63578
1.64712
1.65434
1.66033
1.66682
1.67368
1.67986
1.68493
1.68895
1.69228
1.69535
1.69851
1.70166
1.70439
1.70613
1.70559
1.70167
1.6934
1.68112
1.66604
1.65006
1.63459
1.62034
1.60727
1.59556
1.58554
1.57767
1.57217
1.56817
1.56452
1.55993
1.55361
1.54523
1.53483
1.52255
1.5089
1.49513
1.48307
1.47505
1.47344
1.47992
1.49457
1.51599
1.54109
1.56611
1.58723
1.60186
1.60858
1.60728
1.59933
1.58646
1.57069
1.55378
1.53725
1.52339
1.51458
1.51295
1.51936
1.53294
1.55116
1.57059
1.58783
1.59969
1.60456
1.60178
1.59164
1.57516
1.55346
1.52817
1.50171
1.47752
1.46022
1.45456
1.46344
1.48612
1.51796
1.55183
1.58109
1.60226
1.6152
1.62242
1.62707
1.63138
1.63593
1.63937
1.63958
1.63471
1.62431
1.60967
1.59401
1.58132
1.57416
1.57341
1.57848
1.58838
1.60236
1.6199
1.63989
1.66044
1.67935
1.69395
1.702
1.70197
1.69324
1.67595
1.65146
1.62183
1.58962
1.55764
1.52876
1.50603
1.49217
1.48833
1.49455
1.50957
1.53159
1.55891
1.58962
1.62155
1.65245
1.68005
1.70282
1.72018
1.73246
1.74089
1.74708
1.75252
1.75746
1.76178
1.76469
1.76525
1.76282
1.75773
1.75065
1.74242
1.73387
1.72549
1.71768
1.71062
1.70462
1.70025
1.69845
1.69977
1.70456
1.71239
1.72118
1.72777
1.72848
1.7196
1.69976
1.67082
1.63874
1.61123
1.59355
1.5864
1.58675
1.59139
1.59725
1.60168
1.60264
1.59888
1.59048
1.579
1.56755
1.55968
1.5579
1.56219
1.56975
1.57715
1.5824
1.58687
1.59405
1.60744
1.62778
1.65198
1.67462
1.69034
1.69603
1.6911
1.67774
1.66018
1.64308
1.63039
1.62384
1.62365
1.62846
1.63634
1.64547
1.65385
1.66094
1.66757
1.67527
1.6856
1.69859
1.71209
1.72376
1.73229
1.738
1.74243
1.74641
1.7495
1.74976
1.74509
1.73431
1.71801
1.69835
1.67908
1.66442
1.65761
1.65993
1.67048
1.68713
1.70736
1.72902
1.75007
1.76865
1.7831
1.79194
1.79376
1.78747
1.77283
1.74942
1.71832
1.68172
1.6431
1.60621
1.57412
1.54828
1.52826
1.51257
1.50002
1.4904
1.48507
1.48581
1.49378
1.50859
1.52864
1.55204
1.57695
1.60222
1.62736
1.65181
1.6749
1.69516
1.70975
1.71552
1.71013
1.69365
1.66978
1.64442
1.62342
1.61027
1.60559
1.60721
1.61236
1.6185
1.62383
1.62794
1.63136
1.63565
1.64227
1.65181
1.66339
1.67419
1.68111
1.68128
1.67378
1.65968
1.64201
1.62475
1.61163
1.60496
1.60455
1.60825
1.61274
1.61475
1.61175
1.60254
1.58749
1.5685
1.54916
1.53279
1.52194
1.5173
1.5193
1.52867
1.54642
1.5732
1.60854
1.65026
1.69428
1.73589
1.77099
1.79707
1.81288
1.81808
1.8131
1.80024
1.78334
1.76674
1.7534
1.74406
1.73714
1.73001
1.72069
1.70922
1.69717
1.68703
1.68005
1.67671
1.67751
1.6828
1.69185
1.70273
1.713
1.72049
1.72373
1.72138
1.71255
1.69669
1.67465
1.64868
1.62198
1.59772
1.5784
1.56523
1.55844
1.55727
1.56047
1.56618
1.57317
1.58162
1.59255
1.60725
1.62576
1.64631
1.6664
1.68365
1.69681
1.70492
1.70735
1.70359
1.69364
1.67881
1.66166
1.64508
1.63128
1.62082
1.61334
1.6082
1.60517
1.60422
1.60531
1.60834
1.61326
1.62006
1.62883
1.63941
1.65162
1.66483
1.67849
1.69229
1.70575
1.71856
1.73051
1.74126
1.75078
1.76015
1.77063
1.78327
1.79766
1.81227
1.82447
1.83172
1.83148
1.82227
1.80357
1.77615
1.74265
1.70779
1.6778
1.6584
1.6513
1.65309
1.65797
1.66169
1.66308
1.66305
1.66301
1.66433
1.66767
1.67291
1.67965
1.68744
1.69595
1.7056
1.71712
1.73106
1.74695
1.76269
1.77467
1.77903
1.77317
1.75666
1.7331
1.70996
1.69585
1.69462
1.70418
1.71925
1.73477
1.7476
1.75548
1.75716
1.75231
1.74216
1.72904
1.71608
1.70585
1.69934
1.69573
1.69291
1.68962
1.68528
1.6799
1.67392
1.66798
1.66276
1.6592
1.65814
1.66007
1.66517
1.67296
1.68286
1.69445
1.70717
1.72046
1.73317
1.74379
1.7511
1.75414
1.75269
1.74787
1.74177
1.73679
1.73461
1.73567
1.73902
1.74292
1.74593
1.74675
1.74483
1.74035
1.73383
1.72647
1.71937
1.71325
1.70769
1.7012
1.69193
1.67879
1.6621
1.64314
1.62355
1.6051
1.58951
1.57804
1.57131
1.56932
1.57145
1.57645
1.58325
1.59069
1.59808
1.6054
1.61317
1.62258
1.63434
1.64806
1.66235
1.67566
1.68671
1.69463
1.69857
1.69672
1.68683
1.66735
1.63887
1.60582
1.57672
1.56153
1.56612
1.58878
1.62176
1.65594
1.68473
1.70497
1.71609
1.71982
1.71878
1.7162
1.71495
1.71681
1.7219
1.72936
1.7381
1.74719
1.75611
1.76378
1.76938
1.77233
1.77237
1.77015
1.7671
1.7643
1.76244
1.76065
1.75755
1.7518
1.74318
1.73303
1.72352
1.7178
1.71877
1.72807
1.74417
1.76245
1.77733
1.78547
1.78724
1.78584
1.78502
1.78836
1.79742
1.8128
1.83396
1.85847
1.88246
1.90084
1.90917
1.90538
1.88964
1.86431
1.83241
1.79676
1.76039
1.72627
1.69734
1.67644
1.66432
1.66001
1.66079
1.66384
1.6674
1.67153
1.67777
1.68782
1.70197
1.71823
1.73332
1.74422
1.7491
1.74716
1.73919
1.72745
1.71545
1.70705
1.7048
1.70794
1.71411
1.72075
1.72664
1.73267
1.74056
1.75239
1.76906
1.78867
1.80684
1.81818
1.81835
1.80556
1.78053
1.74611
1.70591
1.66382
1.62366
1.58843
1.55967
1.53836
1.52506
1.51933
1.51933
1.52182
1.52364
1.52295
1.51973
1.51583
1.51423
1.51729
1.52552
1.53733
1.54997
1.561
1.5693
1.57555
1.58135
1.58902
1.60031
1.61553
1.63316
1.65127
1.6677
1.68154
1.69293
1.70299
1.7131
1.72432
1.73726
1.75171
1.7668
1.782
1.79716
1.81272
1.8288
1.84531
1.86102
1.87432
1.8832
1.88623
1.88293
1.87385
1.86043
1.84451
1.82703
1.80685
1.78138
1.74796
1.70549
1.65582
1.60494
1.56116
1.53216
1.52074
1.52475
1.53919
1.55857
1.57869
1.59679
1.61145
1.62255
1.63092
1.63768
1.64374
1.64939
1.65413
1.65734
1.65858
1.65797
1.65611
1.65352
1.65028
1.64632
1.64167
1.63686
1.63349
1.63332
1.63753
1.64659
1.65952
1.67461
1.68968
1.702
1.70896
1.70911
1.70241
1.69039
1.67578
1.66105
1.64819
1.63871
1.63323
1.63194
1.63385
1.63717
1.64002
1.6408
1.63874
1.63353
1.62589
1.6163
1.60538
1.59358
1.58135
1.56961
1.55966
1.55258
1.54932
1.55067
1.55679
1.56716
1.58134
1.5985
1.61829
1.63983
1.66183
1.68247
1.70006
1.71361
1.72238
1.72581
1.72285
1.71296
1.69592
1.673
1.64745
1.62366
1.60648
1.59934
1.60295
1.6148
1.63057
1.64532
1.65497
1.65731
1.65307
1.64505
1.63743
1.63432
1.63692
1.6434
1.6503
1.65407
1.65345
1.6491
1.6437
1.63981
1.63871
1.63982
1.64177
1.6428
1.64216
1.6402
1.63833
1.63793
1.63947
1.64229
1.64498
1.64638
1.64606
1.64465
1.64332
1.64317
1.64458
1.64686
1.64872
1.64859
1.64561
1.63987
1.63244
1.62487
1.6187
1.61485
1.61301
1.61232
1.61173
1.61089
1.60988
1.60897
1.60874
1.6096
1.61179
1.61531
1.61891
1.62107
1.6204
1.61601
1.60711
1.59353
1.57516
1.55246
1.52679
1.50058
1.47743
1.46139
1.45573
1.46212
1.47932
1.5042
1.53273
1.56079
1.58542
1.60436
1.61655
1.62213
1.62239
1.61984
1.61755
1.61846
1.62467
1.63694
1.65469
1.67635
1.69981
1.7229
1.74412
1.76203
1.77574
1.78459
1.78794
1.78533
1.77682
1.76273
1.74405
1.72242
1.70033
1.68066
1.66566
1.65652
1.65251
1.65114
1.64966
1.64592
1.63933
1.62986
1.6183
1.60506
1.59043
1.57427
1.55618
1.53603
1.51357
1.48927
1.46477
1.44236
1.42512
1.41622
1.41853
1.43413
1.46382
1.50626
1.55723
1.61105
1.66199
1.70557
1.73868
1.75982
1.76873
1.76605
1.75356
1.7344
1.71264
1.69377
1.68283
1.6811
1.68625
1.69437
1.70246
1.70917
1.7143
1.71799
1.72081
1.72342
1.72667
1.73096
1.73646
1.74294
1.7497
1.75553
1.75923
1.7599
1.75678
1.75014
1.74047
1.72916
1.71828
1.71042
1.7078
1.71124
1.71874
1.72664
1.73095
1.72843
1.71749
1.69799
1.67142
1.64078
1.61061
1.58628
1.57353
1.57592
1.59343
1.62112
1.6517
1.67829
1.69698
1.70776
1.71305
1.71569
1.71711
1.71723
1.71564
1.71231
1.70759
1.70183
1.69463
1.68575
1.67543
1.66481
1.6567
1.65414
1.65883
1.66972
1.68361
1.69701
1.70776
1.71457
1.71687
1.71397
1.70593
1.6938
1.67954
1.66596
1.65576
1.65067
1.65063
1.65362
1.6568
1.65772
1.65537
1.65018
1.64295
1.63412
1.62343
1.61136
1.59917
1.58911
1.58292
1.58129
1.58287
1.58516
1.58599
1.58374
1.57821
1.56974
1.55948
1.54901
1.54053
1.536
1.53633
1.54042
1.54638
1.55273
1.55955
1.56817
1.57967
1.59452
1.61248
1.63326
1.65639
1.68187
1.70896
1.73658
1.76282
1.78573
1.80317
1.8136
1.81601
1.81028
1.7975
1.7802
1.76191
1.74596
1.73458
1.72749
1.72241
1.71641
1.70728
1.69426
1.67786
1.65852
1.63594
1.6101
1.58193
1.55467
1.5337
1.52484
1.5319
1.55338
1.5835
1.61434
1.63937
1.65561
1.66271
1.66215
1.6567
1.6491
1.6416
1.63526
1.63046
1.62666
1.62387
1.62217
1.62172
1.6229
1.62577
1.63024
1.63587
1.6417
1.64728
1.65223
1.65612
1.65873
1.66003
1.66021
1.65937
1.65787
1.65637
1.65602
1.65815
1.66318
1.67002
1.67643
1.67958
1.67652
1.66598
1.6493
1.63191
1.62129
1.62174
1.63079
1.64222
1.65072
1.65322
1.64807
1.63443
1.61254
1.5853
1.55816
1.53789
1.5301
1.53664
1.5549
1.58032
1.60842
1.63609
1.6614
1.68319
1.70033
1.71194
1.71747
1.71774
1.71419
1.70846
1.70041
1.68874
1.67242
1.65289
1.63379
1.61923
1.61211
1.61306
1.62081
1.63338
1.64862
1.66503
1.68127
1.69662
1.70997
1.72025
1.72609
1.72617
1.71941
1.70572
1.68618
1.6629
1.63914
1.61726
1.59958
1.58835
1.58611
1.59462
1.61229
1.6334
1.65179
1.66389
1.66984
1.67205
1.67321
1.67532
1.67932
1.68512
1.69215
1.69953
1.70637
1.71211
1.716
1.71771
1.71732
1.71575
1.71436
1.71419
1.71445
1.71278
1.70706
1.69575
1.6787
1.6571
1.63334
1.61081
1.59349
1.58408
1.58281
1.58796
1.59711
1.6079
1.61761
1.62376
1.62463
1.6209
1.61496
1.6089
1.60209
1.59165
1.57534
1.55339
1.52898
1.50672
1.49081
1.48416
1.48775
1.5008
1.52151
1.547
1.57455
1.60217
1.62837
1.65285
1.67525
1.69498
1.71167
1.72516
1.73562
1.74356
1.74909
1.75189
1.75113
1.74567
1.73451
