1.32465
1.32462
1.32457
1.32451
1.32446
1.32443
1.32442
1.32444
1.32448
1.32453
1.3246
1.32468
1.32477
1.32486
1.32495
1.32504
1.32513
1.32522
1.32529
1.32536
1.3254
1.32539
1.32535
1.32526
1.3251
1.32489
1.32465
1.32443
1.32427
1.3242
1.32424
1.32438
1.32457
1.32477
1.32492
1.32497
1.32486
1.32459
1.32426
1.32397
1.32381
1.32378
1.32387
1.324
1.32416
1.3243
1.32444
1.32454
1.32462
1.32469
1.32475
1.32479
1.32481
1.32481
1.32478
1.32473
1.32467
1.32459
1.32453
1.3245
1.32449
1.32452
1.32457
1.32463
1.32467
1.32468
1.32464
1.32457
1.32448
1.32438
1.32431
1.32427
1.32428
1.32433
1.32441
1.32451
1.32462
1.32472
1.32476
1.32475
1.32468
1.32454
1.32438
1.32424
1.32415
1.32413
1.32417
1.32425
1.32435
1.32444
1.32454
1.32462
1.32468
1.32473
1.32477
1.32479
1.32479
1.32478
1.32477
1.32476
1.32473
1.32471
1.32467
1.32463
1.32461
1.3246
1.32458
1.32457
1.32455
1.32455
1.32454
1.32454
1.32454
1.32455
1.32455
1.32456
1.32458
1.32461
1.32464
1.32468
1.32473
1.32478
1.32485
1.32492
1.32496
1.32497
1.32494
1.32485
1.32471
1.32454
1.32437
1.32422
1.32411
1.32404
1.32401
1.32402
1.32405
1.3241
1.32414
1.3242
1.32426
1.32431
1.32437
1.32442
1.32448
1.32455
1.32461
1.32468
1.32474
1.32482
1.3249
1.32496
1.325
1.32502
1.32502
1.32498
1.32493
1.32487
1.3248
1.32472
1.32462
1.32449
1.32435
1.3242
1.32405
1.32393
1.32385
1.32383
1.32385
1.32391
1.32399
1.32409
1.32418
1.32426
1.32434
1.32439
1.32445
1.32449
1.32452
1.32455
1.32457
1.32459
1.3246
1.32462
1.32462
1.32462
1.32462
1.32461
1.32461
1.32462
1.32465
1.32468
1.32472
1.32475
1.32475
1.32476
1.32476
1.32476
1.32478
1.32482
1.32488
1.32498
1.32507
1.32514
1.32513
1.32501
1.32479
1.32451
1.32423
1.32401
1.32381
1.32361
1.32341
1.3233
1.32329
1.32339
1.32357
1.32377
1.32396
1.32413
1.32426
1.32436
1.32444
1.32449
1.32453
1.32456
1.32458
1.32461
1.32464
1.32467
1.32472
1.32477
1.32483
1.32489
1.32493
1.32497
1.32498
1.32499
1.32497
1.32492
1.32486
1.32474
1.32459
1.32442
1.32426
1.32415
1.32411
1.32413
1.32419
1.32428
1.32437
1.32445
1.32453
1.32459
1.32464
1.32469
1.32472
1.32474
1.32476
1.32476
1.32475
1.32471
1.32465
1.32457
1.32447
1.32438
1.3243
1.32425
1.32423
1.32422
1.32422
1.32424
1.32426
1.3243
1.32434
1.32437
1.32441
1.32444
1.32446
1.32449
1.32451
1.32454
1.32456
1.32457
1.32458
1.32458
1.32459
1.32458
1.32459
1.32459
1.32459
1.32459
1.3246
1.32461
1.32465
1.32467
1.3247
1.32474
1.32475
1.32476
1.32476
1.32474
1.3247
1.32466
1.32463
1.32461
1.32459
1.32458
1.32456
1.32453
1.32447
1.3244
1.32435
1.32432
1.32434
1.32441
1.32453
1.32467
1.32481
1.32495
1.32505
1.32507
1.32499
1.32479
1.32453
1.3243
1.32417
1.32416
1.3243
1.32452
1.32477
1.32501
1.32521
1.32531
1.32531
1.32518
1.32496
1.32466
1.32435
1.32406
1.32386
1.32375
1.32376
1.32383
1.32394
1.32406
1.32418
1.32427
1.32434
1.3244
1.32443
1.32445
1.32448
1.32448
1.32448
1.3245
1.3245
1.32451
1.32453
1.32454
1.32456
1.32459
1.32462
1.32465
1.32467
1.32471
1.32474
1.32479
1.32484
1.32491
1.32496
1.32502
1.32506
1.32509
1.32509
1.32506
1.32501
1.3249
1.32477
1.32463
1.3245
1.32439
1.3243
1.32426
1.32427
1.3243
1.32435
1.32441
1.32446
1.3245
1.32453
1.32455
1.32457
1.32458
1.32457
1.32458
1.32461
1.32463
1.32465
1.32468
1.32471
1.32473
1.32473
1.32473
1.32471
1.32469
1.32465
1.32462
1.32459
1.32456
1.32454
1.32452
1.32451
1.32452
1.32451
1.32451
1.3245
1.32448
1.32445
1.32442
1.32439
1.32438
1.32437
1.32435
1.32435
1.32435
1.32435
1.32437
1.32439
1.32439
1.3244
1.32441
1.32442
1.32444
1.32445
1.32446
1.32446
1.32446
1.32447
1.32447
1.32446
1.32446
1.32448
1.32449
1.32451
1.32453
1.32454
1.32456
1.32459
1.32462
1.32467
1.32472
1.32479
1.32488
1.32499
1.3251
1.3252
1.32527
1.32528
1.3252
1.325
1.3247
1.32434
1.324
1.32376
1.32365
1.32366
1.32374
1.32386
1.32396
1.32404
1.32409
1.32411
1.32413
1.32414
1.32418
1.32423
1.32434
1.32447
1.32468
1.32496
1.3253
1.32569
1.32604
1.32621
1.326
1.32533
1.32436
1.3235
1.32305
1.32299
1.32319
1.32347
1.32372
1.32392
1.32406
1.32418
1.32427
1.32433
1.3244
1.32445
1.3245
1.32455
1.32461
1.32467
1.32473
1.32481
1.32489
1.32496
1.32503
1.32508
1.3251
1.3251
1.32507
1.32499
1.32487
1.32472
1.32456
1.32441
1.32428
1.32418
1.32414
1.32414
1.32419
1.32427
1.32438
1.32449
1.32461
1.32473
1.32484
1.32494
1.32501
1.32505
1.32505
1.32496
1.3248
1.32461
1.32439
1.32423
1.32415
1.32414
1.32421
1.32431
1.32441
1.32451
1.3246
1.32467
1.32472
1.32475
1.32476
1.32475
1.32471
1.32466
1.32459
1.32451
1.32443
1.32436
1.32431
1.3243
1.32432
1.32438
1.32445
1.32456
1.32467
1.32481
1.32496
1.32511
1.32525
1.32534
1.32538
1.32534
1.32519
1.32493
1.32459
1.32424
1.32394
1.32377
1.32373
1.32381
1.32395
1.32411
1.32428
1.32442
1.32452
1.32458
1.32461
1.32462
1.32461
1.32459
1.32457
1.32454
1.32451
1.32449
1.32448
1.32448
1.32448
1.32449
1.3245
1.32451
1.32454
1.32455
1.32455
1.32456
1.32456
1.32457
1.32456
1.32455
1.32454
1.32453
1.32452
1.3245
1.32449
1.32448
1.32448
1.32448
1.32449
1.3245
1.32451
1.32452
1.32452
1.32453
1.32453
1.32452
1.3245
1.32446
1.32444
1.32441
1.32438
1.32434
1.32433
1.3243
1.32428
1.3243
1.32431
1.32436
1.32443
1.32454
1.32466
1.32482
1.32499
1.3252
1.32542
1.3256
1.32569
1.32566
1.32546
1.32509
1.32462
1.32415
1.3238
1.3236
1.32355
1.32359
1.32366
1.32375
1.32383
1.32392
1.32401
1.32409
1.32416
1.32424
1.32431
1.32438
1.32441
1.32444
1.32445
1.32446
1.32446
1.32448
1.32451
1.32453
1.32458
1.32462
1.32467
1.32472
1.32477
1.3248
1.32482
1.32481
1.32475
1.32465
1.32452
1.32439
1.32427
1.32418
1.32411
1.3241
1.32411
1.32414
1.32419
1.32423
1.32428
1.32435
1.32444
1.32455
1.32469
1.32485
1.325
1.3251
1.32509
1.32495
1.32467
1.32434
1.32409
1.32398
1.32402
1.32419
1.32441
1.32462
1.32481
1.32492
1.32497
1.32494
1.32485
1.32473
1.32459
1.32446
1.32436
1.32429
1.32426
1.32426
1.32429
1.32434
1.32444
1.32457
1.32475
1.32498
1.32527
1.32555
1.32574
1.32568
1.32526
1.32455
1.32377
1.32321
1.32297
1.32299
1.32314
1.32334
1.32353
1.32371
1.32387
1.32404
1.3242
1.32436
1.32453
1.32471
1.32488
1.32506
1.32522
1.32535
1.32541
1.32539
1.32527
1.32509
1.3249
1.32473
1.32458
1.32447
1.32437
1.32428
1.32421
1.32415
1.32413
1.32417
1.32424
1.32433
1.32445
1.32459
1.32472
1.32485
1.32493
1.32496
1.32491
1.3248
1.32464
1.32448
1.32437
1.32435
1.32443
1.32457
1.32476
1.32497
1.32516
1.32532
1.32538
1.32532
1.3251
1.32477
1.32444
1.32418
1.32404
1.32401
1.32405
1.3241
1.32418
1.32424
1.3243
1.32435
1.32439
1.32443
1.32444
1.32446
1.32448
1.32451
1.32455
1.32458
1.3246
1.32463
1.32466
1.32469
1.32472
1.32474
1.32477
1.3248
1.32481
1.3248
1.32478
1.32474
1.32468
1.32462
1.32456
1.32451
1.32449
1.32449
1.3245
1.32453
1.32458
1.32463
1.3247
1.32476
1.32481
1.32485
1.32486
1.32483
1.32476
1.32467
1.32457
1.32448
1.32441
1.32437
1.32437
1.32439
1.3244
1.32443
1.32445
1.32447
1.32448
1.32449
1.3245
1.32451
1.32454
1.32458
1.32463
1.32468
1.32474
1.32481
1.32485
1.32486
1.32484
1.32478
1.3247
1.32463
1.32457
1.32455
1.32456
1.32458
1.32461
1.32463
1.32464
1.32464
1.32466
1.32468
1.32473
1.32478
1.3248
1.32481
1.32476
1.32469
1.32459
1.32449
1.32439
1.32433
1.32428
1.32426
1.32425
1.32426
1.32429
1.32434
1.3244
1.32446
1.32454
1.32461
1.32468
1.32473
1.32477
1.32478
1.32476
1.32469
1.3246
1.32449
1.32438
1.32429
1.32426
1.32429
1.32438
1.32455
1.32477
1.32501
1.32521
1.32527
1.32514
1.3248
1.32436
1.32399
1.32379
1.32378
1.3239
1.32405
1.3242
1.32432
1.32442
1.32451
1.32459
1.32471
1.32482
1.32495
1.32504
1.32505
1.32495
1.32474
1.32447
1.32422
1.32406
1.324
1.32403
1.32411
1.32423
1.32434
1.32442
1.32449
1.32453
1.32456
1.32457
1.32457
1.32457
1.32459
1.32462
1.32466
1.32471
1.32479
1.32491
1.32501
1.32511
1.32516
1.32516
1.32507
1.32491
1.32472
1.32459
1.32453
1.32454
1.3246
1.32469
1.32476
1.3248
1.32479
1.32471
1.32461
1.32448
1.32436
1.32427
1.32422
1.32421
1.32426
1.32436
1.3245
1.32465
1.32481
1.32494
1.32502
1.32501
1.32493
1.32479
1.32462
1.32447
1.32437
1.32431
1.32428
1.32428
1.32429
1.32433
1.32438
1.32442
1.32448
1.32453
1.32459
1.32465
1.3247
1.32476
1.32482
1.32487
1.32491
1.32494
1.32495
1.32496
1.32495
1.32491
1.32485
1.32478
1.3247
1.32462
1.32454
1.32448
1.32442
1.32437
1.32434
1.32431
1.32428
1.32427
1.32426
1.32428
1.32431
1.32436
1.32442
1.32449
1.32458
1.32466
1.32473
1.32479
1.3248
1.32479
1.32474
1.32465
1.32455
1.32445
1.32439
1.32436
1.32438
1.32442
1.32449
1.32456
1.32462
1.32467
1.32472
1.32474
1.32475
1.32473
1.3247
1.32463
1.32455
1.32445
1.32435
1.32428
1.32423
1.32423
1.32428
1.32438
1.32453
1.32472
1.32494
1.32518
1.3254
1.32556
1.32561
1.32552
1.32526
1.32486
1.3244
1.32396
1.32363
1.32347
1.32347
1.3236
1.3238
1.32401
1.32422
1.32439
1.32451
1.32461
1.32465
1.32465
1.32465
1.32463
1.3246
1.32457
1.32454
1.32451
1.3245
1.32449
1.32447
1.32446
1.32446
1.32446
1.32446
1.32445
1.32445
1.32446
1.32446
1.32446
1.3245
1.32454
1.3246
1.32467
1.32476
1.32486
1.32495
1.32502
1.32506
1.32505
1.32502
1.32495
1.32484
1.32475
1.32465
1.32455
1.32446
1.32439
1.32434
1.3243
1.32431
1.32433
1.32438
1.32443
1.32451
1.32457
1.32465
1.32472
1.32478
1.32482
1.32483
1.32481
1.32473
1.32461
1.32445
1.3243
1.32418
1.3241
1.3241
1.32414
1.32422
1.32432
1.32445
1.32457
1.32469
1.32477
1.32484
1.32488
1.32487
1.32483
1.32476
1.32468
1.32459
1.3245
1.32442
1.32436
1.32432
1.32428
1.32428
1.32429
1.32432
1.32437
1.32442
1.32449
1.32456
1.32464
1.32472
1.3248
1.32487
1.32493
1.32497
1.32497
1.32495
1.32493
1.3249
1.32487
1.32487
1.32489
1.32492
1.32496
1.325
1.32501
1.32499
1.32493
1.32483
1.3247
1.32455
1.32443
1.32435
1.32429
1.32425
1.32423
1.32421
1.32421
1.32421
1.32422
1.32424
1.32427
1.32431
1.32435
1.32438
1.32444
1.32449
1.32456
1.32464
1.32471
1.32478
1.32486
1.32494
1.32501
1.32507
1.32512
1.32516
1.3252
1.32522
1.32521
1.32517
1.32511
1.32504
1.32494
1.32483
1.32472
1.32461
1.32454
1.32447
1.32443
1.32443
1.32444
1.32448
1.32452
1.32456
1.32461
1.32466
1.32468
1.32469
1.32469
1.32467
1.32464
1.32463
1.32462
1.32463
1.32465
1.32467
1.32468
1.3247
1.32469
1.32467
1.32464
1.3246
1.32457
1.32456
1.32456
1.32458
1.32461
1.32464
1.32467
1.3247
1.32471
1.3247
1.32468
1.32465
1.32463
1.3246
1.32457
1.32457
1.32457
1.32457
1.32458
1.32459
1.32459
1.32459
1.32455
1.3245
1.32446
1.32445
1.32448
1.32456
1.32468
1.32481
1.32496
1.32511
1.32524
1.32534
1.32541
1.32543
1.32539
1.32533
1.32523
1.32507
1.32486
1.32457
1.32422
1.32384
1.32351
1.32332
1.3233
1.32343
1.32364
1.32388
1.32411
1.32433
1.32452
1.32468
1.32482
1.32493
1.325
1.32504
1.32503
1.32498
1.32487
1.32474
1.32462
1.32453
1.32446
1.32442
1.32443
1.32444
1.32448
1.32453
1.32455
1.32457
1.32459
1.3246
1.3246
1.32462
1.32465
1.32467
1.32472
1.32476
1.32481
1.32486
1.3249
1.32495
1.32498
1.32499
1.32499
1.32497
1.32491
1.32482
1.3247
1.32455
1.32439
1.32425
1.32413
1.32406
1.32405
1.32407
1.32411
1.32419
1.32427
1.32438
1.32448
1.32457
1.32467
1.32477
1.32487
1.32498
1.32507
1.32514
1.32518
1.32518
1.32514
1.32506
1.32494
1.32481
1.32468
1.32458
1.3245
1.32447
1.32444
1.32444
1.32446
1.32448
1.32451
1.32454
1.32456
1.32458
1.32461
1.32462
1.32465
1.32467
1.3247
1.32473
1.32477
1.3248
1.32482
1.32486
1.32487
1.32489
1.32489
1.32489
1.32487
1.32484
1.3248
1.32475
1.3247
1.32464
1.32459
1.32455
1.32451
1.32448
1.32447
1.32446
1.32447
1.32448
1.32449
1.3245
1.32452
1.32452
1.32453
1.32454
1.32455
1.32455
1.32455
1.32455
1.32455
1.32454
1.32454
1.32456
1.32457
1.3246
1.32466
1.32469
1.32475
1.32482
1.32492
1.32502
1.32513
1.32522
1.32528
1.32529
1.32521
1.32505
1.32482
1.32455
1.32427
1.32407
1.32394
1.3239
1.32395
1.32407
1.32424
1.32446
1.32472
1.32501
1.32527
1.3254
1.32531
1.32495
1.3244
1.3239
1.32362
1.3236
1.32377
1.324
1.32422
1.32439
1.3245
1.32454
1.32455
1.32453
1.32448
1.32443
1.32437
1.32431
1.32425
1.32422
1.3242
1.3242
1.32422
1.32423
1.32425
1.32427
1.32428
1.32431
1.32433
1.32435
1.32436
1.32437
1.32438
1.3244
1.32443
1.32448
1.32455
1.32463
1.32474
1.32484
1.32495
1.32504
1.32508
1.32507
1.325
1.32485
1.32465
1.32444
1.32425
1.32413
1.32408
1.32409
1.32416
1.32424
1.32433
1.32439
1.32444
1.32447
1.32448
1.32448
1.32446
1.32444
1.3244
1.32436
1.32434
1.32434
1.32434
1.32435
1.32435
1.32433
1.3243
1.32423
1.32415
1.32406
1.32399
1.32395
1.32395
1.32399
1.32407
1.32417
1.32425
1.32435
1.32443
1.3245
1.32453
1.32455
1.32454
1.32453
1.32451
1.32449
1.32449
1.32449
1.32449
1.32451
1.32453
1.32456
1.32458
1.32459
1.32459
1.32457
1.32454
1.3245
1.32446
1.32442
1.3244
1.3244
1.32439
1.32439
1.3244
1.3244
1.32439
1.32439
1.32437
1.32436
1.32436
1.32436
1.32437
1.3244
1.32446
1.32454
1.32462
1.32472
1.3248
1.32486
1.32488
1.32486
1.32478
1.32466
1.32454
1.32439
1.32427
1.3242
1.32419
1.32426
1.32439
1.3246
1.32487
1.32518
1.32548
1.32567
1.32571
1.32553
1.32515
1.32469
1.32425
1.32392
1.32375
1.32372
1.32378
1.32386
1.32392
1.32398
1.32401
1.32406
1.32414
1.32424
1.32435
1.32446
1.32454
1.32462
1.32468
1.32473
1.32476
1.32476
1.32474
1.32471
1.32468
1.32461
1.32454
1.32445
1.32436
1.32428
1.32421
1.32416
1.32413
1.32413
1.32415
1.32418
1.32422
1.32426
1.32431
1.32436
1.32442
1.32448
1.32455
1.3246
1.32466
1.32472
1.32478
1.32483
1.32489
1.32494
1.325
1.32505
1.32509
1.32512
1.32512
1.32507
1.32495
1.32476
1.32454
1.3243
1.3241
1.32394
1.32383
1.32379
1.32379
1.32382
1.32388
1.32396
1.32405
1.32414
1.32423
1.32431
1.32438
1.32443
1.32446
1.32447
1.32445
1.32443
1.3244
1.32438
1.32435
1.32434
1.32434
1.32436
1.32438
1.32441
1.32445
1.32448
1.32452
1.32454
1.32456
1.32456
1.32454
1.32452
1.32449
1.32446
1.32446
1.32448
1.3245
1.32455
1.32458
1.32459
1.32457
1.32449
1.32438
1.32426
1.32417
1.32409
1.32404
1.32398
1.3239
1.32381
1.32373
1.3237
1.32372
1.32381
1.32393
1.32408
1.32422
1.32436
1.32447
1.32458
1.32466
1.32472
1.32475
1.32472
1.32463
1.32448
1.32429
1.32409
1.32393
1.32381
1.32377
1.32381
1.3239
1.32402
1.32413
1.32425
1.32435
1.32444
1.3245
1.32455
1.32458
1.32456
1.32447
1.32432
1.32414
1.32401
1.32398
1.32403
1.32416
1.32431
1.32443
1.3245
1.32449
1.32441
1.32429
1.32415
1.32404
1.32398
1.32397
1.32402
1.32411
1.3242
1.32429
1.32436
1.3244
1.32441
1.32439
1.32436
1.32433
1.3243
1.32428
1.32428
1.32431
1.32433
1.32433
1.3243
1.32426
1.32419
1.32413
1.32406
1.32401
1.32399
1.32398
1.32401
1.32405
1.32409
1.32414
1.32419
1.32425
1.32429
1.32433
1.32436
1.32439
1.32441
1.32441
1.32443
1.32443
1.32443
1.32441
1.3244
1.32439
1.32437
1.32436
1.32436
1.32436
1.32436
1.32435
1.32434
1.32435
1.32435
1.32436
1.32436
1.32439
1.32441
1.32444
1.32445
1.32447
1.32449
1.32449
1.32451
1.32454
1.32456
1.3246
1.32464
1.32467
1.32468
1.32464
1.32456
1.32444
1.3243
1.32415
1.32404
1.32394
1.32388
1.32385
1.32384
1.32389
1.32398
1.32413
1.32429
1.32445
1.32459
1.32465
1.32463
1.32453
1.32438
1.32423
1.3241
1.32408
1.32413
1.3243
1.32456
1.32484
1.32508
1.32517
1.32504
1.32468
1.32425
1.32394
1.32385
1.32393
1.32413
1.32433
1.32448
1.32457
1.32457
1.32452
1.32443
1.32431
1.32419
1.32409
1.324
1.32395
1.32392
1.32393
1.32397
1.324
1.32406
1.32411
1.32416
1.32418
1.32418
1.32418
1.32416
1.32415
1.32413
1.32413
1.32413
1.32417
1.32422
1.32428
1.32436
1.32444
1.32452
1.32458
1.32463
1.32466
1.32468
1.3247
1.32471
1.32468
1.3246
1.32448
1.3243
1.32411
1.32396
1.32387
1.32385
1.32389
1.32399
1.32412
1.32425
1.32439
1.32452
1.32465
1.32477
1.32486
1.32493
1.32496
1.32493
1.32486
1.32474
1.32458
1.32438
1.32414
1.32389
1.32367
1.32349
1.32338
1.32334
1.32337
1.32346
1.32358
1.32372
1.32386
1.324
1.32413
1.32424
1.32435
1.32444
1.32454
1.32463
1.32474
1.32484
1.32494
1.32503
1.32508
1.32507
1.32499
1.32483
1.32462
1.32439
1.32417
1.32401
1.32388
1.32382
1.32379
1.32378
1.32379
1.32382
1.32383
1.32386
1.32391
1.32396
1.324
1.32405
1.3241
1.32415
1.32419
1.32422
1.32427
1.32431
1.32434
1.32439
1.32443
1.32445
1.32447
1.32446
1.32443
1.32436
1.32427
1.32419
1.32411
1.32406
1.32406
1.32411
1.32422
1.32434
1.3245
1.32466
1.32482
1.32494
1.32498
1.32494
1.32477
1.32454
1.32427
1.32405
1.32391
1.32388
1.32396
1.32412
1.32434
1.32458
1.32481
1.32497
1.32504
1.32495
1.32471
1.32435
1.32394
1.32359
1.32337
1.32332
1.32343
1.32363
1.32391
1.3242
1.3245
1.32477
1.32498
1.32511
1.32511
1.32494
1.32464
1.32426
1.32394
1.32372
1.32364
1.32368
1.32378
1.32391
1.32403
1.32412
1.32418
1.32422
1.32425
1.32429
1.32435
1.32443
1.32452
1.32463
1.32472
1.32478
1.3248
1.32475
1.32465
1.32451
1.32438
1.32427
1.3242
1.32419
1.32423
1.3243
1.3244
1.32453
1.32468
1.32483
1.32498
1.32511
1.32521
1.32525
1.32521
1.32508
1.32488
1.32464
1.32439
1.32418
1.32402
1.32392
1.32387
1.3239
1.32398
1.32408
1.32419
1.3243
1.3244
1.3245
1.32458
1.32466
1.32476
1.32489
1.32503
1.32513
1.32515
1.325
1.32467
1.32422
1.32381
1.32357
1.32355
1.32371
1.32395
1.3242
1.32441
1.32455
1.3246
1.32458
1.32449
1.32439
1.3243
1.32421
1.32416
1.32414
1.32415
1.32418
1.32422
1.32424
1.32427
1.32427
1.32426
1.32424
1.3242
1.32416
1.32413
1.32411
1.3241
1.32411
1.32414
1.32419
1.32426
1.32434
1.32443
1.32454
1.32465
1.32476
1.32487
1.32497
1.32504
1.32508
1.32509
1.32504
1.32495
1.32481
1.32464
1.32446
1.32429
1.32416
1.32409
1.32408
1.32409
1.32413
1.32416
1.32419
1.3242
1.32421
1.32424
1.32426
1.32431
1.32437
1.32443
1.32449
1.32455
1.32459
1.3246
1.32459
1.32453
1.32446
1.32436
1.32424
1.32413
1.32404
1.32397
1.32395
1.32395
1.32398
1.32403
1.32407
1.32415
1.32422
1.3243
1.3244
1.32449
1.3246
1.3247
1.32482
1.32493
1.32501
1.32507
1.32508
1.32507
1.32501
1.32493
1.32486
1.32479
1.32472
1.32462
1.32448
1.32432
1.32413
1.32394
1.32379
1.3237
1.32368
1.32372
1.32382
1.32394
1.32406
1.32416
1.32424
1.32429
1.3243
1.3243
1.32429
1.3243
1.32432
1.32436
1.32443
1.32449
1.32455
1.32461
1.32466
1.32469
1.3247
1.32468
1.32464
1.32455
1.32444
1.32434
1.32424
1.32417
1.32413
1.32413
1.32413
1.32416
1.3242
1.32424
1.32427
1.3243
1.32433
1.32435
1.32437
1.32439
1.3244
1.3244
1.3244
1.32441
1.32442
1.32442
1.32443
1.32444
1.32446
1.32449
1.32453
1.3246
1.32467
1.32477
1.32489
1.32501
1.32511
1.32516
1.32512
1.32497
1.32473
1.32444
1.32418
1.324
1.32394
1.32397
1.32407
1.32421
1.32436
1.32451
1.32462
1.32469
1.32472
1.32469
1.3246
1.32446
1.3243
1.32412
1.32399
1.3239
1.32385
1.32386
1.3239
1.32397
1.32404
1.32411
1.32417
1.32423
1.32428
1.32433
1.32438
1.32442
1.32447
1.32452
1.32459
1.32465
1.32472
1.32481
1.32489
1.32495
1.32499
1.325
1.32498
1.32491
1.3248
1.32464
1.32447
1.32429
1.32413
1.32399
1.32388
1.32381
1.32378
1.32378
1.32381
1.32385
1.3239
1.32396
1.32401
1.32405
1.3241
1.32416
1.32421
1.32426
1.32431
1.32436
1.32442
1.32447
1.32452
1.32458
1.32464
1.32471
1.32477
1.32483
1.32489
1.32491
1.3249
1.32483
1.32469
1.32452
1.32436
1.32423
1.32418
1.32423
1.32432
1.32446
1.32459
1.3247
1.32474
1.32468
1.32449
1.32419
1.32386
1.3236
1.32348
1.32351
1.32364
1.32381
1.32397
1.3241
1.32421
1.3243
1.32436
1.32443
1.32449
1.32456
1.32462
1.32468
1.32473
1.32478
1.32482
1.32485
1.32485
1.32482
1.32478
1.3247
1.32461
1.32452
1.32445
1.32439
1.32437
1.32441
1.3245
1.32464
1.32482
1.32502
1.32517
1.32522
1.32507
1.32473
1.3243
1.32392
1.32371
1.32368
1.32381
1.324
1.32421
1.32439
1.32453
1.32463
1.32469
1.32473
1.32474
1.32474
1.32474
1.32472
1.3247
1.32469
1.32467
1.32464
1.3246
1.32457
1.32452
1.32447
1.32442
1.32436
1.32431
1.32427
1.32426
1.32426
1.32428
1.32432
1.32438
1.32445
1.32454
1.32463
1.32471
1.32478
1.32483
1.32483
1.32479
1.32468
1.32453
1.32438
1.32426
1.32421
1.32425
1.32436
1.32453
1.32473
1.32494
1.32513
1.32525
1.32524
1.32507
1.32476
1.32441
1.32409
1.32389
1.32378
1.32378
1.32384
1.32391
1.32399
1.32406
1.32415
1.32425
1.32435
1.32446
1.32457
1.3247
1.3248
1.32486
1.3249
1.3249
1.32482
1.3247
1.32455
1.3244
1.32428
1.32419
1.32416
1.32416
1.32419
1.32425
1.3243
1.32436
1.32439
1.3244
1.32439
1.32435
1.32426
1.32415
1.32403
1.32389
1.32378
1.32371
1.32369
1.32374
1.32381
1.32391
1.32403
1.32415
1.32426
1.32438
1.32451
1.32464
1.32477
1.32491
1.325
1.32502
1.32496
1.32481
1.32462
1.32442
1.32426
1.32416
1.32408
1.32401
1.32395
1.32391
1.32389
1.32391
1.32398
1.32407
1.32419
1.32434
1.32449
1.32463
1.32477
1.32489
1.32499
1.32506
1.32509
1.32509
1.3251
1.3251
1.32513
1.32514
1.32506
1.32487
1.32463
1.32442
1.32428
1.32419
1.32407
1.32388
1.32365
1.32343
1.3233
1.3233
1.32341
1.32359
1.32381
1.32403
1.32422
1.3244
1.32455
1.32469
1.32479
1.32489
1.32499
1.32507
1.32514
1.32517
1.32515
1.32506
1.32489
1.32466
1.32439
1.32415
1.32397
1.32386
1.32383
1.32387
1.32393
1.32399
1.32405
1.3241
1.32414
1.32417
1.3242
1.32424
1.32429
1.32436
1.32442
1.32449
1.32457
1.32466
1.32473
1.32481
1.32489
1.32494
1.32495
1.3249
1.32477
1.32457
1.32435
1.32416
1.32405
1.32402
1.3241
1.32424
1.32439
1.32457
1.32475
1.32491
1.32504
1.32513
1.32519
1.32519
1.32512
1.32499
1.3248
1.32455
1.32431
1.32411
1.32397
1.32393
1.32392
1.32396
1.32403
1.32413
1.32422
1.3243
1.32437
1.32443
1.32448
1.32454
1.32457
1.32461
1.32463
1.32466
1.32467
1.3247
1.32473
1.32476
1.32479
1.32484
1.3249
1.32498
1.32508
1.32521
1.32535
1.3255
1.3256
1.32558
1.32539
1.32497
1.32443
1.32391
1.32359
1.32348
1.32356
1.32373
1.32391
1.32408
1.32422
1.32433
1.3244
1.32445
1.32448
1.3245
1.32451
1.32451
1.32451
1.32451
1.32451
1.3245
1.32449
1.32448
1.32448
1.32448
1.32448
1.32449
1.32449
1.32449
1.32449
1.32449
1.32448
1.32447
1.32446
1.32445
1.32442
1.3244
1.3244
1.32439
1.32438
1.32439
1.32441
1.32445
1.32452
1.3246
1.32472
1.32485
1.325
1.32515
1.3253
1.32537
1.32533
1.32515
1.32485
1.32447
1.32413
1.32388
1.32374
1.32368
1.32367
1.3237
1.32373
1.32379
1.32384
1.32391
1.324
1.3241
1.32423
1.32435
1.32447
1.32458
1.32467
1.32475
1.3248
1.32484
1.32486
1.32487
1.32488
1.32488
1.32487
1.32483
1.32476
1.32464
1.32448
1.32428
1.32404
1.32383
1.32367
1.3236
1.32362
1.32369
1.3238
1.32393
1.32409
1.32426
1.32444
1.32463
1.32481
1.32496
1.32507
1.32511
1.32507
1.32495
1.3248
1.32465
1.32455
1.32451
1.32452
1.32459
1.32468
1.3248
1.32492
1.32505
1.32517
1.32526
1.32528
1.32526
1.32515
1.32496
1.32472
1.32444
1.32419
1.32399
1.32384
1.32377
1.32376
1.32376
1.32381
1.32387
1.32396
1.32406
1.32416
1.32426
1.32433
1.32439
1.32446
1.3245
1.32454
1.32457
1.3246
1.32463
1.32465
1.32468
1.3247
1.32472
1.32473
1.32476
1.32478
1.3248
1.32483
1.32485
1.32487
1.32488
1.32489
1.32488
1.32488
1.32485
1.32484
1.32482
1.32479
1.32477
1.32476
1.32476
1.32475
1.32475
1.32474
1.32472
1.32467
1.3246
1.32452
1.32441
1.32431
1.32422
1.32415
1.32411
1.32411
1.32413
1.32415
1.3242
1.32425
1.3243
1.32436
1.32439
1.32443
1.32447
1.3245
1.32453
1.32456
1.32457
1.32458
1.32457
1.32458
1.32458
1.32457
1.32457
1.32456
1.32454
1.32453
1.32452
1.32451
1.32448
1.32446
1.32445
1.32443
1.32441
1.32441
1.3244
1.32441
1.32442
1.32444
1.32445
1.32447
1.32449
1.32451
1.32453
1.32454
1.32454
1.32454
1.32453
1.32453
1.32452
1.3245
1.32447
1.32445
1.32441
1.32436
1.32431
1.32428
1.32424
1.32424
1.32425
1.32428
1.32432
1.32436
1.32443
1.3245
1.3246
1.32474
1.32487
1.32496
1.32498
1.32484
1.32455
1.32419
1.32387
1.32368
1.32365
1.32375
1.32391
1.32406
1.32421
1.32433
1.3244
1.32445
1.32447
1.32449
1.32449
1.32449
1.32447
1.32446
1.32445
1.32443
1.3244
1.32437
1.32435
1.32434
1.32432
1.3243
1.3243
1.32429
1.32428
1.32428
1.32429
1.32431
1.32434
1.32438
1.32443
1.32449
1.32455
1.3246
1.32463
1.32467
1.32468
1.32469
1.32468
1.32466
1.32463
1.3246
1.32458
1.32456
1.32455
1.32456
1.32458
1.32461
1.32466
1.32468
1.32471
1.32469
1.32465
1.32456
1.32442
1.32426
1.32411
1.324
1.32392
1.32392
1.32395
1.32401
1.32409
1.32418
1.32425
1.32433
1.32439
1.32443
1.32447
1.3245
1.32452
1.32454
1.32456
1.32456
1.32456
1.32457
1.32457
1.32457
1.32458
1.32458
1.32458
1.32459
1.3246
1.32461
1.32463
1.32465
1.32467
1.32469
1.3247
1.32472
1.32472
1.32473
1.32472
1.32469
1.32464
1.3246
1.32455
1.3245
1.32447
1.32446
1.32445
1.32445
1.32445
1.32445
1.32443
1.32442
1.32441
1.3244
1.3244
1.32439
1.32439
1.32438
1.32436
1.32434
1.32431
1.3243
1.3243
1.32434
1.32445
1.32465
1.32491
1.32522
1.32553
1.32566
1.32543
1.32476
1.32387
1.32315
1.32284
1.32291
1.3232
1.32353
1.32381
1.32403
1.32418
1.32429
1.32437
1.32443
1.32447
1.32452
1.32455
1.3246
1.32464
1.32468
1.3247
1.32473
1.32473
1.32471
1.32468
1.32465
1.32462
1.32461
1.32463
1.32463
1.32465
1.32462
1.32455
1.32444
1.32428
1.32412
1.32396
1.32384
1.32378
1.32377
1.32381
1.32389
1.32398
1.32408
1.32416
1.32423
1.32428
1.3243
1.3243
1.32428
1.32425
1.32422
1.3242
1.3242
1.32422
1.32426
1.32432
1.3244
1.3245
1.3246
1.3247
1.32477
1.32482
1.32481
1.32475
1.32465
1.3245
1.32433
1.32415
1.324
1.32389
1.32383
1.32381
1.32381
1.32383
1.32387
1.32391
1.32396
1.32402
1.32407
1.32412
1.32415
1.32417
1.32419
1.32422
1.32426
1.32433
1.32441
1.3245
1.32462
1.32475
1.32486
1.32493
1.32493
1.32485
1.32467
1.32443
1.3242
1.32403
1.32394
1.32394
1.324
1.32409
1.32421
1.32431
1.3244
1.32446
1.32449
1.32449
1.32446
1.32441
1.32437
1.32434
1.32434
1.32438
1.32443
1.32449
1.32454
1.32458
1.32459
1.32455
1.32447
1.32435
1.32421
1.32408
1.32396
1.3239
1.32389
1.32393
1.324
1.32407
1.32416
1.32423
1.32429
1.32436
1.32441
1.32447
1.32451
1.32453
1.32449
1.3244
1.32427
1.32411
1.324
1.32396
1.32397
1.32404
1.32416
1.32428
1.32441
1.32454
1.32467
1.32477
1.32484
1.32489
1.32489
1.32486
1.32479
1.32469
1.32457
1.32442
1.32428
1.32415
1.32403
1.32392
1.32386
1.32382
1.32381
1.32383
1.32388
1.32395
1.32402
1.3241
1.32417
1.32422
1.32426
1.32428
1.32429
1.32429
1.32429
1.32429
1.32428
1.32429
1.32429
1.3243
1.3243
1.32432
1.32435
1.32438
1.32441
1.32445
1.3245
1.32455
1.3246
1.32465
1.3247
1.32474
1.32478
1.32478
1.32477
1.32473
1.32467
1.32457
1.32446
1.32435
1.32424
1.32416
1.3241
1.32409
1.32409
1.32412
1.32417
1.32423
1.32429
1.32433
1.32437
1.32438
1.32438
1.32437
1.32438
1.3244
1.32444
1.3245
1.3246
1.32471
1.32479
1.32477
1.32463
1.32436
1.32405
1.3238
1.32369
1.32374
1.32388
1.32406
1.3242
1.3243
1.32435
1.32441
1.32451
1.32464
1.32479
1.32492
1.325
1.32504
1.32505
1.32503
1.32491
1.3246
1.32403
1.32333
1.32273
1.32249
1.3226
1.32293
1.32333
1.32369
1.32398
1.32419
1.32436
1.32447
1.32456
1.32461
1.32463
1.32463
1.32461
1.32457
1.32453
1.32446
1.32441
1.32436
1.32433
1.32432
1.32434
1.32438
1.32445
1.32456
1.32471
1.32488
1.32504
1.32512
1.32502
1.32471
1.32428
1.32385
1.32358
1.3235
1.32358
1.32372
1.32387
1.32399
1.32408
1.32414
1.32417
1.32422
1.32427
1.32433
1.3244
1.32446
1.32452
1.32455
1.32456
1.32454
1.32449
1.32442
1.32435
1.32428
1.32422
1.32417
1.32414
1.32412
1.32409
1.32405
1.324
1.32395
1.32391
1.32388
1.32388
1.32392
1.32396
1.32403
1.32409
1.32416
1.32425
1.32432
1.32439
1.32445
1.3245
1.32454
1.32458
1.3246
1.32462
1.32461
1.32461
1.3246
1.3246
1.32458
1.32458
1.32457
1.32458
1.32462
1.32468
1.32478
1.3249
1.32503
1.3251
1.3251
1.325
1.32479
1.32453
1.32424
1.32401
1.32383
1.32374
1.32374
1.32383
1.32396
1.32412
1.32423
1.32426
1.32416
1.32402
1.32386
1.32375
1.32373
1.32379
1.3239
1.32403
1.32415
1.32426
1.32435
1.32441
1.32446
1.32449
1.32453
1.32456
1.32458
1.32461
1.32463
1.32466
1.32468
1.32469
1.32468
1.32467
1.32464
1.32459
1.32453
1.32447
1.32441
1.32436
1.32433
1.32431
1.3243
1.32434
1.32437
1.32442
1.32448
1.32454
1.32459
1.32463
1.32465
1.32462
1.32456
1.32448
1.32438
1.32429
1.32421
1.32417
1.32416
1.32418
1.32422
1.32425
1.3243
1.32433
1.32435
1.32435
1.32435
1.32434
1.32431
1.32429
1.32426
1.32424
1.32424
1.32423
1.32422
1.32423
1.32425
1.32428
1.3243
1.32432
1.32434
1.32438
1.32443
1.32449
1.32456
1.32466
1.32473
1.32479
1.32485
1.32486
1.32485
1.3248
1.32471
1.3246
1.32445
1.32429
1.32415
1.32403
1.32396
1.32391
1.32388
1.32389
1.32393
1.32399
1.32407
1.32417
1.3243
1.32444
1.3246
1.32477
1.32496
1.32514
1.3253
1.3254
1.32538
1.32521
1.32492
1.3246
1.32436
1.32426
1.32425
1.32427
1.32424
1.32415
1.32403
1.32389
1.3238
1.32378
1.32385
1.32398
1.32418
1.32438
1.32459
1.32477
1.32488
1.32492
1.32487
1.32474
1.32456
1.32436
1.3242
1.3241
1.32407
1.32409
1.32416
1.32426
1.32437
1.32447
1.32456
1.32465
1.32471
1.32477
1.32481
1.32485
1.32487
1.32488
1.3249
1.32491
1.32494
1.32495
1.32497
1.32501
1.32505
1.3251
1.32518
1.32526
1.32533
1.32538
1.32539
1.32531
1.32513
1.32482
1.32443
1.32404
1.32372
1.32353
1.32351
1.32359
1.32374
1.32393
1.3241
1.32424
1.32435
1.32445
1.32451
1.32456
1.32459
1.32461
1.3246
1.32461
1.32459
1.32458
1.32458
1.32459
1.32458
1.3246
1.32463
1.32467
1.32471
1.32476
1.3248
1.32483
1.32485
1.32486
1.32483
1.32478
1.32471
1.32464
1.32458
1.32454
1.3245
1.32448
1.32446
1.32444
1.32444
1.32443
1.32442
1.3244
1.3244
1.32439
1.32438
1.32438
1.3244
1.32442
1.32446
1.32452
1.32458
1.32466
1.32476
1.32485
1.32493
1.32502
1.32508
1.32512
1.32513
1.32508
1.32497
1.32481
1.32463
1.32443
1.32426
1.32412
1.32403
1.32399
1.32399
1.32402
1.32407
1.32416
1.32425
1.32435
1.32444
1.32454
1.32462
1.32472
1.3248
1.32488
1.32494
1.32499
1.32502
1.32503
1.32502
1.32497
1.3249
1.32481
1.32472
1.32462
1.32454
1.32447
1.32441
1.32438
1.32436
1.32435
1.32435
1.32435
1.32436
1.32437
1.32439
1.32442
1.32443
1.32445
1.32448
1.32453
1.32458
1.32464
1.3247
1.32478
1.32489
1.325
1.32513
1.32525
1.32535
1.32541
1.32539
1.32526
1.32504
1.32475
1.32446
1.32423
1.32408
1.32402
1.32403
1.32409
1.32415
1.32422
1.32428
1.32432
1.32435
1.32437
1.32439
1.32441
1.32443
1.32444
1.32445
1.32447
1.32448
1.32451
1.32454
1.32455
1.32458
1.32462
1.32463
1.32464
1.32467
1.32469
1.32471
1.32474
1.32478
1.32482
1.32487
1.32492
1.32497
1.32499
1.32499
1.32496
1.32489
1.3248
1.32471
1.32465
1.3246
1.32456
1.32452
1.32443
1.32431
1.32417
1.32404
1.32394
1.32388
1.32388
1.3239
1.32394
1.324
1.32407
1.32414
1.32419
1.32426
1.32431
1.32436
1.32441
1.32445
1.32449
1.32453
1.32455
1.32457
1.32459
1.3246
1.32461
1.32464
1.32465
1.32468
1.32471
1.32474
1.32479
1.32484
1.32491
1.325
1.32508
1.32515
1.3252
1.32521
1.32515
1.32504
1.32489
1.32472
1.32458
1.32448
1.32445
1.32446
1.32451
1.32458
1.32465
1.32472
1.32477
1.32475
1.32464
1.32443
1.32413
1.32384
1.32362
1.32353
1.32356
1.3237
1.3239
1.32412
1.32434
1.32453
1.32469
1.32481
1.32489
1.32493
1.32495
1.32493
1.32491
1.32488
1.32487
1.32486
1.32486
1.32487
1.32487
1.32486
1.32484
1.32481
1.32476
1.3247
1.32464
1.32459
1.32454
1.32452
1.3245
1.3245
1.32451
1.32453
1.32456
1.3246
1.32464
1.32469
1.32473
1.32477
1.3248
1.32483
1.32484
1.32484
1.32482
1.32479
1.32474
1.3247
1.32467
1.32465
1.32464
1.32464
1.32466
1.32466
1.32467
1.32466
1.32465
1.32462
1.32458
1.32454
1.3245
1.32446
1.32445
1.32444
1.32444
1.32446
1.3245
1.32453
1.32456
1.32458
1.32458
1.32458
1.32455
1.32451
1.32447
1.32443
1.32438
1.32435
1.32432
1.32431
1.3243
1.3243
1.3243
1.32432
1.32434
1.32437
1.3244
1.32444
1.32447
1.32452
1.32456
1.32461
1.32466
1.32471
1.32476
1.32482
1.32488
1.32494
1.32499
1.32503
1.32507
1.32509
1.32511
1.32511
1.3251
1.32509
1.32506
1.32501
1.32493
1.32482
1.32469
1.32457
1.32448
1.32443
1.32443
1.32445
1.3245
1.32456
1.32462
1.32466
1.32468
1.32467
1.32463
1.32455
1.32446
1.32433
1.32421
1.3241
1.32401
1.32395
1.32394
1.32396
1.32402
1.32412
1.32422
1.32435
1.32449
1.32464
1.3248
1.32497
1.32516
1.32534
1.32549
1.32554
1.32545
1.3252
1.32482
1.32442
1.32414
1.32401
1.32402
1.32411
1.32422
1.32434
1.32443
1.32449
1.32453
1.32455
1.32456
1.32455
1.32454
1.32453
1.32451
1.3245
1.32449
1.32448
1.32448
1.32448
1.32449
1.32453
1.32457
1.32464
1.3247
1.32476
1.3248
1.32484
1.32484
1.32481
1.32476
1.3247
1.32464
1.32463
1.32464
1.3247
1.32478
1.32489
1.32498
1.32507
1.32512
1.32511
1.32506
1.32496
1.32482
1.32468
1.32455
1.32443
1.32435
1.32429
1.32426
1.32425
1.32427
1.32431
1.32435
1.32439
1.32442
1.32445
1.32448
1.32449
1.32452
1.32454
1.32456
1.32459
1.32461
1.32462
1.32462
1.32462
1.3246
1.32459
1.32458
1.32459
1.32462
1.32465
1.32471
1.32478
1.32483
1.32487
1.3249
1.3249
1.32489
1.32486
1.32483
1.32478
1.32475
1.32471
1.3247
1.3247
1.32472
1.32476
1.32481
1.32487
1.32491
1.32494
1.32493
1.3249
1.32486
1.3248
1.32473
1.32467
1.32461
1.32457
1.32452
1.3245
1.32447
1.32444
1.32441
1.32439
1.32438
1.32439
1.32443
1.32449
1.32459
1.32472
1.32488
1.32506
1.32525
1.32542
1.32554
1.32558
1.32552
1.32532
1.32505
1.32472
1.32444
1.32426
1.32422
1.32433
1.32452
1.32474
1.32491
1.32498
1.32496
1.32489
1.32482
1.32479
1.32479
1.3248
1.32478
1.32474
1.32469
1.32466
1.32466
1.32469
1.32477
1.32488
1.32497
1.32503
1.32507
1.32506
1.32503
1.32497
1.32495
1.32492
1.32494
1.32496
1.325
1.32505
1.32511
1.32518
1.32523
1.32523
1.32516
1.32497
1.32467
1.32432
1.32402
1.32384
1.32381
1.32391
1.32408
1.32427
1.32446
1.32463
1.32477
1.3249
1.32501
1.32508
1.32514
1.32516
1.32515
1.3251
1.325
1.32489
1.32477
1.32466
1.32459
1.32457
1.32457
1.32459
1.32463
1.32466
1.3247
1.32472
1.32476
1.32479
1.32482
1.32485
1.32486
1.32487
1.32488
1.32487
1.32485
1.32483
1.32481
1.32481
1.32483
1.32486
1.32489
1.32491
1.32489
1.3248
1.32465
1.32445
1.32425
1.32409
1.32401
1.32403
1.32412
1.32427
1.32446
1.32467
1.32487
1.32508
1.32525
1.3254
1.32552
1.32562
1.32572
1.32577
1.32567
1.32535
1.32487
1.32441
1.32409
1.32394
1.32389
1.32393
1.32406
1.32427
1.32456
1.32486
1.3251
1.32524
1.32523
1.32506
1.32476
1.3244
1.32408
1.32386
1.32377
1.3238
1.32389
1.32401
1.32415
1.32428
1.32439
1.32448
1.32455
1.32461
1.32466
1.3247
1.32473
1.32474
1.32475
1.32474
1.32476
1.32476
1.32476
1.32476
1.32476
1.32475
1.32474
1.32474
1.32475
1.32476
1.32477
1.32478
1.32479
1.32481
1.32483
1.32484
1.32486
1.32486
1.32485
1.32484
1.32481
1.32477
1.3247
1.32463
1.32457
1.3245
1.32443
1.32439
1.32438
1.32438
1.32443
1.32448
1.32454
1.3246
1.32466
1.32471
1.32474
1.32474
1.32471
1.32466
1.3246
1.32454
1.32448
1.32441
1.32437
1.32434
1.32434
1.32435
1.32439
1.32442
1.32448
1.32454
1.32459
1.32464
1.3247
1.32476
1.32481
1.32488
1.32492
1.32493
1.32493
1.3249
1.32485
1.32478
1.3247
1.32464
1.32458
1.32454
1.32452
1.32452
1.32454
1.32456
1.32457
1.32458
1.32459
1.3246
1.3246
1.32461
1.32461
1.32461
1.32461
1.3246
1.3246
1.32459
1.3246
1.32462
1.32463
1.32465
1.32468
1.32472
1.32477
1.32482
1.32487
1.32491
1.32495
1.32499
1.32505
1.32512
1.32521
1.32534
1.32551
1.32571
1.32593
1.32609
1.32607
1.32573
1.32508
1.32427
1.32362
1.3233
1.32331
1.32353
1.32382
1.3241
1.32433
1.32451
1.32463
1.32472
1.32477
1.3248
1.32482
1.32483
1.32485
1.32486
1.32487
1.32489
1.32492
1.32495
1.32499
1.32503
1.32506
1.32507
1.32507
1.32502
1.32493
1.32482
1.32469
1.32458
1.32449
1.32444
1.32444
1.32448
1.32454
1.32462
1.32471
1.32481
1.3249
1.32498
1.32505
1.32511
1.32514
1.32515
1.32512
1.32506
1.32498
1.32489
1.32481
1.32474
1.3247
1.32468
1.32467
1.32467
1.32465
1.32463
1.32458
1.32451
1.32445
1.32441
1.3244
1.32441
1.32446
1.32454
1.32462
1.32471
1.3248
1.32488
1.32496
1.32501
1.32503
1.32501
1.32494
1.32485
1.32473
1.32462
1.32452
1.32446
1.32443
1.32445
1.32448
1.32454
1.3246
1.32468
1.32474
1.3248
1.32485
1.32489
1.32494
1.32496
1.32497
1.32498
1.32497
1.32496
1.32495
1.32495
1.32494
1.32492
1.32492
1.32492
1.32491
1.3249
1.32489
1.32489
1.3249
1.32495
1.32502
1.32511
1.3252
1.32528
1.32528
1.32517
1.32493
1.32459
1.32424
1.32395
1.32379
1.32377
1.32385
1.32399
1.32414
1.3243
1.32444
1.32456
1.32466
1.32475
1.32484
1.32492
1.32501
1.32509
1.32517
1.32525
1.32531
1.32535
1.3254
1.32542
1.3254
1.3253
1.32513
1.32488
1.32459
1.3243
1.32408
1.32397
1.32395
1.324
1.32408
1.32418
1.32427
1.32434
1.3244
1.32444
1.32449
1.32453
1.32459
1.32466
1.32473
1.32481
1.32491
1.32499
1.32508
1.32512
1.32513
1.3251
1.325
1.32488
1.32475
1.32463
1.32454
1.32447
1.32443
1.32441
1.32441
1.32443
1.32448
1.32455
1.32461
1.32467
1.32472
1.32473
1.32469
1.32461
1.32454
1.32446
1.32442
1.32442
1.32445
1.32449
1.32457
1.32463
1.32469
1.3247
1.32468
1.32461
1.32453
1.32442
1.32433
1.32427
1.32425
1.32426
1.32428
1.32431
1.32433
1.32434
1.32433
1.32432
1.32432
1.32431
1.32431
1.32432
1.32433
1.32433
1.32435
1.32437
1.32438
1.32438
1.32439
1.32439
1.32439
1.32439
1.3244
1.32442
1.32445
1.32451
1.32461
1.32475
1.32495
1.32519
1.32548
1.32574
1.32589
1.32583
1.32552
1.32502
1.3245
1.32411
1.32388
1.32378
1.32374
1.32371
1.32369
1.32369
1.32372
1.32379
1.32388
1.32399
1.32411
1.32423
1.32434
1.32446
1.32458
1.32469
1.32479
1.32488
1.32496
1.32501
1.32504
1.32502
1.32499
1.32492
1.32481
1.32468
1.32457
1.32446
1.32437
1.32431
1.32429
1.32431
1.32435
1.32439
1.32443
1.32446
1.32447
1.32446
1.32443
1.32438
1.32432
1.32427
1.32423
1.32422
1.32424
1.32427
1.32432
1.32438
1.32443
1.32447
1.32451
1.32455
1.32461
1.32466
1.32472
1.32478
1.32484
1.32489
1.32489
1.3248
1.32461
1.32432
1.32401
1.32375
1.32359
1.32356
1.32364
1.32377
1.32392
1.32408
1.32422
1.32435
1.32446
1.32455
1.32463
1.32467
1.3247
1.3247
1.32467
1.32459
1.32447
1.32433
1.32418
1.32406
1.32398
1.32395
1.32398
1.32406
1.32415
1.32426
1.32438
1.32449
1.32458
1.32463
1.32464
1.32462
1.32457
1.32448
1.32439
1.3243
1.32422
1.32416
1.32412
1.3241
1.3241
1.32414
1.3242
1.32428
1.32438
1.32449
1.32462
1.32476
1.32491
1.32503
1.3251
1.32512
1.32506
1.32489
1.32462
1.32427
1.32389
1.32355
1.3233
1.32318
1.32318
1.32328
1.32345
1.32365
1.32384
1.32403
1.3242
1.32435
1.32446
1.32459
1.32469
1.32481
1.32491
1.32499
1.32497
1.32481
1.32453
1.3242
1.32393
1.3238
1.3238
1.32389
1.32403
1.32416
1.32428
1.32437
1.32443
1.32447
1.32451
1.32453
1.32454
1.32455
1.32455
1.32455
1.32454
1.32453
1.32451
1.32448
1.32444
1.3244
1.32435
1.32432
1.3243
1.32427
1.32425
1.32422
1.32421
1.3242
1.32419
1.32418
1.32418
1.32418
1.3242
1.32422
1.32424
1.32427
1.32431
1.32433
1.32435
1.32438
1.3244
1.32442
1.32445
1.32447
1.32449
1.3245
1.32452
1.32453
1.32454
1.32454
1.32453
1.32452
1.32449
1.32445
1.32441
1.32438
1.32436
1.32433
1.32431
1.3243
1.32426
1.32424
1.32422
1.32419
1.32417
1.32414
1.32413
1.32413
1.32414
1.32414
1.32415
1.32415
1.32416
1.32417
1.32418
1.32418
1.32418
1.32418
1.32419
1.32422
1.32427
1.32434
1.32444
1.32454
1.32464
1.32472
1.32477
1.32477
1.32469
1.32456
1.32437
1.3242
1.32405
1.32394
1.32389
1.3239
1.32395
1.32401
1.32409
1.32417
1.32424
1.32431
1.32436
1.32441
1.32444
1.32445
1.32446
1.32445
1.32444
1.32442
1.32442
1.3244
1.3244
1.3244
1.32441
1.32441
1.32441
1.32441
1.32441
1.3244
1.3244
1.32438
1.32438
1.32439
1.32439
1.32439
1.32439
1.32438
1.32436
1.32431
1.32424
1.32416
1.32408
1.32399
1.32392
1.32388
1.32387
1.3239
1.32394
1.32399
1.32404
1.32411
1.32415
1.32419
1.3242
1.32421
1.32422
1.32421
1.3242
1.3242
1.32421
1.32422
1.32425
1.32429
1.32432
1.32436
1.32438
1.32443
1.32447
1.32453
1.3246
1.32466
1.32474
1.3248
1.32487
1.32491
1.32491
1.32487
1.32478
1.32464
1.32444
1.32423
1.32401
1.32381
1.32364
1.32353
1.32346
1.32347
1.32354
1.32366
1.32384
1.32407
1.32437
1.32472
1.32512
1.3255
1.3258
1.32593
1.32582
1.32548
1.325
1.32448
1.324
1.3236
1.32332
1.32316
1.32316
1.32329
1.32356
1.32394
1.32441
1.32491
1.32537
1.32565
1.32558
1.32511
1.32434
1.32354
1.32294
1.32265
1.32264
1.32284
1.32318
1.32357
1.32397
1.32432
1.32464
1.32489
1.32507
1.32518
1.32518
1.32508
1.32491
1.32467
1.32441
1.32416
1.32397
1.32386
1.32384
1.32389
1.32398
1.32408
1.32417
1.32422
1.32424
1.32423
1.32423
1.32425
1.32432
1.32444
1.32461
1.32479
1.32494
1.32502
1.32497
1.32476
1.32442
1.32403
1.3237
1.3235
1.32343
1.32348
1.32359
1.3237
1.32379
1.32386
1.32388
1.3239
1.3239
1.32391
1.32394
1.32398
1.32405
1.32412
1.3242
1.32428
1.32436
1.32444
1.32452
1.32458
1.32463
1.32467
1.3247
1.32475
1.32477
1.32479
1.32481
1.32482
1.32484
1.32484
1.32481
1.32472
1.32455
1.32434
1.32408
1.32386
1.3237
1.32363
1.32366
1.32375
1.32387
1.32401
1.32414
1.32423
1.32429
1.3243
1.32429
1.32425
1.32421
1.32418
1.32418
1.32419
1.32423
1.32428
1.32433
1.32438
1.32444
1.32449
1.32453
1.3246
1.32468
1.32479
1.32494
1.32511
1.32525
1.32533
1.32528
1.32507
1.32473
1.32433
1.32397
1.32367
1.32347
1.32334
1.3233
1.32334
1.32343
1.32356
1.32371
1.32385
1.32399
1.3241
1.32419
1.32427
1.32433
1.32437
1.32441
1.32444
1.32446
1.32447
1.32449
1.3245
1.3245
1.3245
1.32449
1.32448
1.32448
1.32448
1.32448
1.32449
1.32451
1.32456
1.3246
1.32464
1.3247
1.32474
1.32476
1.32475
1.32469
1.32456
1.32439
1.3242
1.32401
1.32387
1.32377
1.32375
1.32378
1.32385
1.32395
1.32407
1.32418
1.32426
1.3243
1.32431
1.3243
1.32425
1.32421
1.32418
1.32418
1.32419
1.32422
1.32426
1.32429
1.32434
1.32436
1.32439
1.3244
1.3244
1.32439
1.3244
1.32438
1.32437
1.32436
1.32435
1.32433
1.32433
1.32432
1.32432
1.32432
1.32432
1.32431
1.32431
1.32432
1.32434
1.32437
1.32441
1.32446
1.32453
1.32459
1.32465
1.32469
1.32472
1.3247
1.32464
1.32454
1.32442
1.3243
1.3242
1.32416
1.32416
1.32419
1.32424
1.32429
1.32435
1.32441
1.32447
1.32452
1.32456
1.32458
1.32458
1.32454
1.32448
1.32442
1.32432
1.32423
1.32414
1.32405
1.32399
1.32394
1.3239
1.32391
1.32394
1.32398
1.32405
1.32414
1.32422
1.32432
1.32441
1.3245
1.32459
1.32467
1.32474
1.3248
1.32485
1.32489
1.32491
1.3249
1.32487
1.32481
1.32473
1.32464
1.32455
1.32447
1.32441
1.32438
1.32435
1.32432
1.32429
1.32425
1.32419
1.32412
1.32404
1.32399
1.32397
1.32398
1.32405
1.32414
1.32426
1.32441
1.32458
1.32474
1.3249
1.32503
1.32514
1.32522
1.32527
1.32526
1.32522
1.32514
1.32502
1.32486
1.32466
1.32443
1.3242
1.32398
1.32381
1.32369
1.32364
1.32364
1.3237
1.3238
1.32393
1.32406
1.3242
1.32434
1.32446
1.32458
1.32469
1.32477
1.32487
1.32496
1.32506
1.32517
1.32526
1.32534
1.32537
1.32533
1.32522
1.32506
1.32489
1.32471
1.32456
1.32446
1.32439
1.32433
1.32429
1.32426
1.32424
1.32423
1.32424
1.32425
1.32426
1.32428
1.32431
1.32434
1.32437
1.3244
1.32444
1.3245
1.32456
1.32465
1.32476
1.32489
1.325
1.3251
1.32513
1.32509
1.32496
1.32477
1.32459
1.3245
1.32452
1.32464
1.32483
1.32501
1.32514
1.32519
1.32515
1.32502
1.32481
1.32459
1.32438
1.32423
1.32411
1.32404
1.32401
1.324
1.324
1.32402
1.32404
1.32407
1.32412
1.32417
1.32422
1.32429
1.32435
1.3244
1.32446
1.3245
1.32454
1.32457
1.32462
1.32465
1.32466
1.32467
1.32467
1.32466
1.32462
1.32459
1.32455
1.32451
1.32446
1.32442
1.3244
1.32437
1.32435
1.32434
1.32433
1.32432
1.32433
1.32433
1.32435
1.32436
1.32437
1.32438
1.32439
1.32441
1.32442
1.32445
1.32448
1.32451
1.32454
1.32459
1.32464
1.32468
1.32472
1.32477
1.3248
1.3248
1.32477
1.32471
1.32463
1.32455
1.32447
1.32443
1.32445
1.3245
1.32459
1.32468
1.32478
1.32487
1.32493
1.32494
1.32491
1.3248
1.32465
1.32447
1.3243
1.32416
1.32407
1.32407
1.32412
1.32422
1.32434
1.32448
1.32459
1.32468
1.32473
1.32474
1.32471
1.32465
1.32457
1.32449
1.32442
1.32436
1.32433
1.32432
1.32433
1.32436
1.32439
1.32442
1.32445
1.32448
1.32451
1.32454
1.32456
1.32459
1.32462
1.32465
1.32467
1.32471
1.32474
1.32476
1.32479
1.32483
1.32486
1.32487
1.32487
1.32485
1.32484
1.32481
1.32478
1.32474
1.3247
1.32467
1.32464
1.32462
1.3246
1.32458
1.32457
1.32456
1.32457
1.32457
1.32459
1.32461
1.32463
1.32465
1.32465
1.32465
1.32464
1.32461
1.32456
1.32451
1.32447
1.32444
1.32442
1.32441
1.32441
1.32442
1.32443
1.32446
1.32451
1.32457
1.32465
1.32477
1.32492
1.3251
1.3253
1.32549
1.32558
1.3255
1.32521
1.32476
1.32428
1.32397
1.32385
1.3239
1.32405
1.32422
1.32437
1.32448
1.32456
1.32461
1.32464
1.32465
1.32467
1.32467
1.32468
1.32468
1.32468
1.32467
1.32467
1.32467
1.32467
1.32469
1.32471
1.32474
1.3248
1.32486
1.32492
1.32498
1.32501
1.325
1.32495
1.32489
1.32481
1.32472
1.32464
1.32459
1.32457
1.32455
1.32455
1.32454
1.32452
1.32449
1.32445
1.3244
1.32437
1.32436
1.3244
1.32448
1.32459
1.3247
1.32481
1.32489
1.32494
1.32496
1.32496
1.32492
1.32488
1.32482
1.32476
1.32469
1.32462
1.32455
1.32449
1.32445
1.32441
1.32438
1.32436
1.32434
1.32434
1.32433
1.32433
1.32435
1.32435
1.32437
1.32439
1.32442
1.32444
1.32445
1.32447
1.32448
1.32451
1.32453
1.32455
1.32459
1.32464
1.3247
1.32478
1.32487
1.32498
1.32512
1.32527
1.32539
1.32547
1.32547
1.32536
1.32513
1.32486
1.32459
1.32437
1.32423
1.32415
1.32411
1.32411
1.32414
1.32421
1.32428
1.32436
1.32443
1.32446
1.32444
1.32438
1.32427
1.32414
1.32402
1.32393
1.32389
1.32391
1.32398
1.32408
1.32422
1.32439
1.32458
1.32478
1.32498
1.32515
1.32529
1.32538
1.32539
1.32532
1.3252
1.32504
1.32488
1.32471
1.32456
1.32445
1.32441
1.32441
1.32445
1.32453
1.32459
1.32462
1.32462
1.32459
1.32454
1.32448
1.32442
1.32439
1.32437
1.32436
1.32438
1.32441
1.32445
1.32452
1.32458
1.32465
1.32471
1.32477
1.32483
1.32488
1.3249
1.32489
1.32485
1.32477
1.32467
1.32457
1.32447
1.3244
1.32436
1.32437
1.3244
1.32445
1.3245
1.32454
1.32457
1.32457
1.32457
1.32456
1.32456
1.32457
1.32461
1.32467
1.32474
1.32481
1.32489
1.32496
1.325
1.32503
1.32503
1.32501
1.32499
1.32493
1.32487
1.3248
1.32474
1.32468
1.32464
1.3246
1.32457
1.32454
1.32451
1.32448
1.32446
1.32445
1.32444
1.32445
1.32446
1.32448
1.3245
1.32452
1.32454
1.32456
1.32456
1.32457
1.32458
1.32458
1.32457
1.32457
1.32456
1.32456
1.32455
1.32455
1.32455
1.32455
1.32456
1.32456
1.32456
1.32458
1.32459
1.3246
1.32462
1.32463
1.32465
1.32465
1.32465
1.32465
1.32465
1.32462
1.3246
1.32456
1.32453
1.32448
1.32444
1.32441
1.32439
1.32437
1.32436
1.32435
1.32437
1.3244
1.32443
1.32447
1.32452
1.32457
1.32462
1.32467
1.32473
1.3248
1.32491
1.32507
1.32529
1.32558
1.32583
1.32589
1.32554
1.32472
1.32372
1.32301
1.32281
1.32304
1.32351
1.32403
1.3245
1.32492
1.32524
1.32544
1.32548
1.32533
1.32505
1.32468
1.32434
1.32409
1.32391
1.32378
1.32367
1.3236
1.32359
1.32367
1.32381
1.32399
1.32417
1.32433
1.32447
1.32458
1.32464
1.32467
1.32468
1.32467
1.32465
1.32461
1.32458
1.32455
1.32451
1.32448
1.32445
1.32443
1.32442
1.3244
1.3244
1.32441
1.32444
1.32448
1.32453
1.32458
1.32463
1.32468
1.32474
1.32478
1.32482
1.32484
1.32484
1.32484
1.32482
1.3248
1.32479
1.32477
1.32476
1.32473
1.32469
1.32462
1.32452
1.32442
1.32432
1.32423
1.32415
1.32407
1.32402
1.324
1.324
1.32402
1.32407
1.32412
1.3242
1.32429
1.32437
1.32446
1.32455
1.32465
1.32474
1.32481
1.32487
1.32494
1.32496
1.32494
1.32487
1.32477
1.32466
1.32454
1.32443
1.32434
1.3243
1.32429
1.3243
1.32433
1.32436
1.32439
1.32442
1.32444
1.32446
1.32448
1.32449
1.3245
1.3245
1.3245
1.3245
1.32451
1.32451
1.32452
1.32452
1.32453
1.32453
1.32453
1.32455
1.32455
1.32458
1.3246
1.32462
1.32464
1.32466
1.32467
1.32465
1.3246
1.32452
1.32441
1.32427
1.32413
1.32399
1.32387
1.3238
1.32376
1.32376
1.32381
1.32389
1.32399
1.32411
1.32424
1.32436
1.32447
1.32458
1.32468
1.32475
1.32482
1.32485
1.32482
1.32474
1.32461
1.32443
1.32422
1.32405
1.32393
1.3239
1.32395
1.32406
1.32419
1.32433
1.32447
1.3246
1.32471
1.32476
1.32479
1.32477
1.3247
1.32461
1.32451
1.32443
1.32439
1.32437
1.32435
1.32436
1.32437
1.32437
1.32437
1.32436
1.32435
1.32433
1.32431
1.3243
1.32429
1.32428
1.32429
1.32431
1.32433
1.32436
1.3244
1.32446
1.32451
1.32457
1.32461
1.32464
1.32464
1.32461
1.32454
1.32446
1.32438
1.3243
1.32424
1.32419
1.32417
1.32418
1.32421
1.32427
1.32433
1.32442
1.32452
1.32462
1.32468
1.32475
1.3248
1.32482
1.32483
1.32481
1.3248
1.32477
1.32472
1.32466
1.3246
1.32451
1.32442
1.32433
1.32424
1.32417
1.32411
1.32408
1.32408
1.3241
1.32415
1.3242
1.32426
1.32433
1.32439
1.32446
1.32451
1.32457
1.32461
1.32464
1.32466
1.32466
1.32467
1.32466
1.32466
1.32463
1.32461
1.32461
1.3246
1.32458
1.32457
1.32458
1.32459
1.32461
1.32464
1.32466
1.32467
1.32469
1.3247
1.3247
1.3247
1.3247
1.32469
1.32469
1.32468
1.32466
1.32464
1.32461
1.32455
1.3245
1.32445
1.3244
1.32436
1.32433
1.32433
1.32433
1.32434
1.32435
1.32435
1.32432
1.32429
1.32425
1.32421
1.32419
1.32417
1.32417
1.32417
1.3242
1.32423
1.32426
1.3243
1.32432
1.32435
1.32437
1.32437
1.32436
1.32434
1.32433
1.32433
1.32435
1.32439
1.32444
1.32453
1.32463
1.3247
1.32474
1.32471
1.32463
1.32451
1.32439
1.32429
1.32424
1.32422
1.32424
1.3243
1.32438
1.32448
1.32458
1.32464
1.32463
1.32452
1.32431
1.32407
1.32388
1.32379
1.32381
1.32393
1.32413
1.32436
1.32458
1.32477
1.32492
1.32501
1.32505
1.32501
1.3249
1.32473
1.32452
1.3243
1.32409
1.32394
1.32385
1.32384
1.32392
1.32405
1.32421
1.3244
1.32457
1.32469
1.32477
1.32477
1.32472
1.3246
1.32444
1.32425
1.32408
1.32395
1.32387
1.32384
1.32386
1.3239
1.32396
1.32401
1.32408
1.32413
1.32417
1.32422
1.32426
1.32429
1.32431
1.32433
1.32434
1.32435
1.32435
1.32436
1.32434
1.32435
1.32436
1.32436
1.32439
1.32441
1.32443
1.32446
1.32448
1.32451
1.32452
1.3245
1.32448
1.32443
1.32435
1.32427
1.3242
1.32415
1.32413
1.32413
1.32418
1.32424
1.32432
1.3244
1.32448
1.32453
1.32459
1.32463
1.32464
1.32466
1.32466
1.32465
1.32467
1.32471
1.32477
1.32486
1.32493
1.32495
1.32486
1.32464
1.32427
1.32385
1.32351
1.32334
1.32333
1.32344
1.32361
1.32379
1.32395
1.32408
1.32419
1.32426
1.32431
1.32435
1.32437
1.3244
1.32441
1.32444
1.32446
1.32448
1.3245
1.32451
1.32453
1.32454
1.32455
1.32456
1.32458
1.32459
1.32461
1.32464
1.32467
1.32472
1.32476
1.32479
1.3248
1.3248
1.32479
1.32474
1.32465
1.32453
1.32439
1.32425
1.32413
1.32405
1.324
1.324
1.32404
1.32411
1.32421
1.3243
1.32438
1.32443
1.32446
1.32445
1.32442
1.32437
1.32432
1.32426
1.32421
1.32417
1.32416
1.32416
1.3242
1.32425
1.32431
1.32438
1.32446
1.32454
1.32461
1.32467
1.32474
1.32479
1.32481
1.32482
1.32479
1.32474
1.32465
1.32455
1.32447
1.32444
1.32449
1.32463
1.32486
1.32512
1.32531
1.32528
1.32495
1.32438
1.32378
1.32338
1.32327
1.3234
1.3236
1.32379
1.32395
1.32405
1.32413
1.32417
1.32419
1.32421
1.32423
1.32425
1.32427
1.3243
1.32433
1.32438
1.32443
1.32448
1.32452
1.32457
1.3246
1.32461
1.32458
1.32454
1.32449
1.32446
1.32449
1.3246
1.32479
1.32502
1.32519
1.32522
1.32499
1.32453
1.32401
1.32365
1.32354
1.32368
1.32394
1.32421
1.32442
1.32454
1.32458
1.32456
1.32448
1.32438
1.32429
1.3242
1.32413
1.32409
1.32407
1.32407
1.32409
1.32413
1.32421
1.3243
1.32441
1.32452
1.32463
1.32473
1.32483
1.3249
1.32495
1.32496
1.32496
1.3249
1.32482
1.32471
1.32458
1.32445
1.32432
1.3242
1.32409
1.32402
1.32397
1.32394
1.32393
1.32394
1.32398
1.32402
1.32407
1.32412
1.32418
1.32424
1.3243
1.32436
1.32441
1.32446
1.3245
1.32452
1.32454
1.32456
1.32457
1.32457
1.32456
1.32455
1.32454
1.32452
1.3245
1.32449
1.32449
1.32451
1.32454
1.3246
1.32467
1.32479
1.32492
1.32504
1.32513
1.32515
1.32506
1.32487
1.32462
1.32438
1.32421
1.32413
1.32415
1.32423
1.32435
1.32448
1.32459
1.32468
1.32475
1.32481
1.32482
1.32478
1.32474
1.32467
1.32463
1.32461
1.32462
1.32465
1.3247
1.32474
1.32477
1.32478
1.32477
1.32474
1.32469
1.32463
1.32457
1.32452
1.32447
1.32443
1.3244
1.32436
1.32435
1.32434
1.32433
1.32434
1.32435
1.32437
1.32441
1.32445
1.32448
1.32455
1.3246
1.32464
1.3247
1.32476
1.32483
1.32491
1.32498
1.32506
1.32515
1.32524
1.32532
1.3254
1.32544
1.32542
1.32529
1.32503
1.32467
1.32428
1.32397
1.32379
1.32375
1.32381
1.32394
1.32408
1.32423
1.32434
1.32444
1.32451
1.32458
1.32462
1.32465
1.32467
1.32466
1.32465
1.32462
1.32461
1.32458
1.32457
1.32458
1.32461
1.32467
1.32476
1.32486
1.32499
1.32514
1.32528
1.3254
1.32547
1.32547
1.32537
1.32516
1.32488
1.32459
1.32433
1.32414
1.32402
1.32395
1.32393
1.32395
1.324
1.32405
1.32413
1.32423
1.32434
1.32446
1.32458
1.3247
1.32481
1.32489
1.32491
1.32487
1.32477
1.32462
1.32446
1.32431
1.32422
1.32417
1.32417
1.32421
1.32427
1.32434
1.32442
1.32446
1.3245
1.32454
1.32457
1.3246
1.32464
1.32468
1.32473
1.32479
1.32489
1.32499
1.32507
1.32514
1.32514
1.32507
1.32491
1.3247
1.32448
1.32431
1.3242
1.32417
1.3242
1.32425
1.32432
1.32437
1.3244
1.32442
1.32442
1.32441
1.32439
1.32438
1.32436
1.32435
1.32434
1.32435
1.32436
1.32437
1.32439
1.32441
1.32442
1.32444
1.32445
1.32446
1.32446
1.32446
1.32445
1.32444
1.32443
1.32442
1.3244
1.32438
1.32438
1.32437
1.32437
1.32437
1.32438
1.32439
1.32442
1.32445
1.32448
1.3245
1.32453
1.32454
1.32456
1.32457
1.32459
1.3246
1.32462
1.32463
1.32464
1.32464
1.32464
1.32464
1.32465
1.32465
1.32463
1.32462
1.3246
1.32458
1.32453
1.32451
1.32448
1.32446
1.32446
1.32447
1.32451
1.32458
1.32468
1.3248
1.32495
1.3251
1.32522
1.32527
1.32521
1.32504
1.32475
1.3244
1.32404
1.32378
1.32364
1.32361
1.32369
1.32383
1.32398
1.32413
1.32425
1.32437
1.32444
1.3245
1.32455
1.32457
1.32459
1.32462
1.32463
1.32465
1.32467
1.3247
1.32472
1.32476
1.3248
1.32484
1.32489
1.32493
1.32497
1.325
1.32499
1.32493
1.32485
1.32473
1.32461
1.32449
1.3244
1.32431
1.32423
1.32414
1.32407
1.32403
1.32402
1.32405
1.3241
1.32418
1.32426
1.32434
1.3244
1.32446
1.3245
1.32453
1.32456
1.32458
1.32459
1.32458
1.32458
1.32458
1.32459
1.32459
1.32458
1.32457
1.32456
1.32455
1.32455
1.32454
1.32453
1.32452
1.3245
1.32447
1.32447
1.32446
1.32444
1.32442
1.32441
1.3244
1.3244
1.32441
1.32442
1.32444
1.32446
1.32449
1.32453
1.32457
1.32461
1.32463
1.32465
1.32465
1.32464
1.32462
1.32459
1.32456
1.32453
1.32451
1.32448
1.32447
1.32447
1.32448
1.3245
1.32452
1.32455
1.32458
1.32462
1.32465
1.32468
1.3247
1.32472
1.32473
1.32472
1.32468
1.32458
1.32442
1.32421
1.32398
1.3238
1.3237
1.32368
1.32375
1.32385
1.32398
1.32411
1.32425
1.32438
1.32451
1.32462
1.32473
1.32482
1.3249
1.32496
1.32497
1.32493
1.32485
1.32473
1.32459
1.32447
1.32439
1.32435
1.32436
1.3244
1.32447
1.32456
1.32463
1.32468
1.32466
1.32462
1.32454
1.32447
1.32445
1.3245
1.32463
1.32482
1.32503
1.32526
1.32546
1.32562
1.32568
1.3256
1.32536
1.32498
1.32453
1.32407
1.32371
1.32351
1.32346
1.32349
1.32357
1.32367
1.32375
1.32382
1.3239
1.32397
1.32406
1.32415
1.32424
1.32432
1.3244
1.32445
1.32448
1.32451
1.32451
1.32451
1.3245
1.3245
1.3245
1.3245
1.3245
1.32451
1.32453
1.32456
1.32459
1.32463
1.32466
1.32469
1.3247
1.32469
1.32466
1.32463
1.32459
1.32457
1.32458
1.32464
1.32474
1.32488
1.32504
1.32519
1.32526
1.32522
1.32507
1.32486
1.32468
1.32459
1.32453
1.32439
1.32411
1.32373
1.32346
1.32338
1.32352
1.32379
1.32408
1.32431
1.32445
1.32449
1.32446
1.32439
1.32432
1.32433
1.32442
1.32458
1.32479
1.32501
1.32518
1.32519
1.32501
1.32466
1.32427
1.32397
1.32384
1.32385
1.32396
1.32408
1.32418
1.32425
1.32429
1.32431
1.32433
1.32436
1.32439
1.32441
1.32444
1.32447
1.3245
1.32452
1.32455
1.32456
1.32455
1.32455
1.32452
1.32449
1.32445
1.3244
1.32434
1.32428
1.32422
1.32418
1.32414
1.32414
1.32416
1.3242
1.32424
1.32427
1.32429
1.3243
1.32431
1.32431
1.32432
1.32434
1.32438
1.32444
1.32451
1.32459
1.32466
1.32472
1.32476
1.32479
1.32482
1.32484
1.32487
1.32492
1.32496
1.325
1.32502
1.325
1.32494
1.32483
1.32468
1.3245
1.32428
1.32408
1.3239
1.32377
1.3237
1.3237
1.32373
1.3238
1.32388
1.32396
1.32404
1.32411
1.32418
1.32425
1.32433
1.32444
1.32457
1.3247
1.32485
1.325
1.32516
1.32528
1.32536
1.32537
1.32531
1.32513
1.32489
1.32462
1.32438
1.32419
1.32408
1.32403
1.32403
1.32407
1.32412
1.32418
1.32425
1.32432
1.32439
1.32446
1.32455
1.32465
1.32476
1.32487
1.32499
1.32508
1.32513
1.32508
1.32491
1.32465
1.32435
1.3241
1.32394
1.32388
1.32392
1.32401
1.32412
1.32422
1.3243
1.32437
1.32442
1.32446
1.32449
1.32449
1.3245
1.3245
1.3245
1.32451
1.32451
1.32452
1.32455
1.32458
1.32461
1.32465
1.32471
1.32477
1.32482
1.32486
1.32488
1.32487
1.32483
1.32474
1.32463
1.32448
1.32433
1.32419
1.32406
1.32398
1.32394
1.32394
1.32398
1.32407
1.32419
1.32435
1.32455
1.32478
1.325
1.32517
1.3252
1.32501
1.32459
1.32407
1.32361
1.32336
1.32331
1.32343
1.32363
1.32385
1.32403
1.3242
1.32434
1.32444
1.32453
1.32459
1.32462
1.32465
1.32463
1.3246
1.32457
1.32453
1.32448
1.32445
1.3244
1.32436
1.32429
1.32423
1.32415
1.32409
1.32404
1.32399
1.32398
1.32398
1.324
1.32404
1.3241
1.32417
1.32425
1.32435
1.32443
1.32452
1.3246
1.32467
1.32472
1.32476
1.32478
1.32479
1.32479
1.32477
1.32475
1.32473
1.3247
1.32467
1.32461
1.32453
1.32442
1.3243
1.32417
1.32406
1.32398
1.32392
1.32388
1.32387
1.32388
1.32392
1.32398
1.32406
1.32415
1.32424
1.32434
1.32442
1.3245
1.32454
1.32457
1.3246
1.32462
1.32464
1.32466
1.32468
1.3247
1.32473
1.32476
1.32477
1.32478
1.32477
1.32476
1.32473
1.3247
1.32467
1.32464
1.32461
1.32458
1.32454
1.32449
1.32443
1.32437
1.32434
1.32432
1.32431
1.32433
1.32435
1.32437
1.3244
1.32441
1.32443
1.32445
1.32446
1.32448
1.3245
1.32452
1.32455
1.32458
1.32463
1.32468
1.32473
1.32478
1.3248
1.3248
1.32479
1.32475
1.3247
1.32462
1.32456
1.32449
1.32445
1.32442
1.3244
1.3244
1.32441
1.32442
1.32443
1.32444
1.32445
1.32444
1.32442
1.32442
1.32439
1.32436
1.32434
1.32431
1.32428
1.32427
1.32424
1.32423
1.32423
1.32422
1.32423
1.32426
1.32429
1.32435
1.32441
1.3245
1.32459
1.32471
1.32484
1.32498
1.32512
1.32526
1.3254
1.3255
1.32553
1.32545
1.32526
1.32493
1.32456
1.32418
1.32386
1.32362
1.3235
1.32344
1.32346
1.32352
1.32361
1.32372
1.32385
1.32397
1.32409
1.3242
1.3243
1.32439
1.32447
1.32455
1.32464
1.32473
1.32482
1.32491
1.325
1.32505
1.32504
1.32494
1.32478
1.32456
1.32433
1.32414
1.32402
1.32397
1.32398
1.32404
1.32411
1.32419
1.32427
1.32437
1.32447
1.32457
1.3247
1.32483
1.32496
1.32508
1.32516
1.32517
1.32511
1.32496
1.32476
1.32458
1.32443
1.32433
1.32424
1.32417
1.32409
1.32403
1.32399
1.32399
1.32403
1.3241
1.32418
1.32427
1.32435
1.32443
1.3245
1.32457
1.32462
1.32465
1.32469
1.3247
1.3247
1.32466
1.3246
1.32452
1.32443
1.32435
1.32428
1.32422
1.32417
1.32414
1.32414
1.32414
1.32416
1.32419
1.32423
1.32426
1.32432
1.32437
1.32441
1.32446
1.3245
1.32453
1.32454
1.32455
1.32453
1.32449
1.32444
1.32437
1.32431
1.32424
1.3242
1.32417
1.32416
1.32417
1.32419
1.32423
1.32428
1.32433
1.32439
1.32444
1.32448
1.32451
1.32453
1.32454
1.32454
1.32453
1.32451
1.32449
1.32446
1.32442
1.3244
1.3244
1.32441
1.32442
1.32444
1.32444
1.32442
1.32439
1.32437
1.32438
1.32446
1.32462
1.32485
1.3251
1.32527
1.32523
1.32494
1.32444
1.32392
1.32355
1.32341
1.32343
1.32356
1.32369
1.32383
1.32395
1.32406
1.32418
1.3243
1.32442
1.32453
1.32465
1.32478
1.32489
1.32501
1.32512
1.32521
1.32527
1.32524
1.32511
1.32486
1.32453
1.32418
1.32393
1.3238
1.32381
1.32389
1.32402
1.32414
1.32423
1.3243
1.32432
1.32433
1.32435
1.32437
1.3244
1.32443
1.32447
1.32452
1.32455
1.3246
1.32463
1.32466
1.3247
1.32471
1.32473
1.32474
1.32474
1.32472
1.32468
1.32463
1.32457
1.32452
1.32447
1.32445
1.32445
1.32445
1.32447
1.32447
1.32446
1.32444
1.32439
1.32435
1.32433
1.32433
1.32434
1.32437
1.32441
1.32447
1.32453
1.32458
1.32461
1.32466
1.32469
1.32472
1.32474
1.32474
1.32475
1.32472
1.3247
1.32467
1.32461
1.32457
1.32451
1.32446
1.32441
1.32436
1.32432
1.32428
1.32423
1.3242
1.32417
1.32415
1.32415
1.32416
1.32418
1.32422
1.32426
1.3243
1.32434
1.3244
1.32446
1.32451
1.32456
1.32462
1.32468
1.32474
1.32482
1.32489
1.32496
1.32501
1.32504
1.32504
1.32499
1.3249
1.32477
1.32465
1.32454
1.32446
1.32438
1.32434
1.32432
1.3243
1.32429
1.32429
1.3243
1.32433
1.32437
1.3244
1.32444
1.32445
1.32445
1.32443
1.32437
1.32432
1.32428
1.32427
1.32428
1.32434
1.32442
1.3245
1.32458
1.32464
1.32464
1.32459
1.32448
1.32438
1.3243
1.32426
1.3243
1.3244
1.32454
1.32471
1.32487
1.32498
1.32502
1.32498
1.32485
1.32464
1.32441
1.32417
1.32397
1.32384
1.32377
1.32377
1.32383
1.3239
1.32402
1.32413
1.32425
1.32439
1.32452
1.32465
1.32479
1.32494
1.32508
1.32522
1.32532
1.32539
1.32539
1.32531
1.32514
1.3249
1.32463
1.32437
1.32415
1.32402
1.32395
1.32393
1.32397
1.32401
1.32407
1.32413
1.32417
1.32421
1.32426
1.32431
1.32436
1.32441
1.32446
1.32451
1.32455
1.32458
1.32459
1.32458
1.32454
1.32449
1.32443
1.32437
1.32433
1.3243
1.32427
1.32426
1.32427
1.32429
1.32431
1.32434
1.32437
1.3244
1.32442
1.32444
1.32445
1.32446
1.32447
1.32449
1.32451
1.32454
1.32457
1.32461
1.32467
1.32474
1.32484
1.32495
1.32507
1.32522
1.32535
1.32546
1.32553
1.32553
1.32544
1.32525
1.32495
1.32459
1.32419
1.32383
1.32355
1.32339
1.32335
1.3234
1.32353
1.32368
1.32387
1.32405
1.32422
1.3244
1.32455
1.32469
1.32482
1.32494
1.32504
1.32508
1.32508
1.32499
1.32484
1.32464
1.32444
1.32424
1.32409
1.324
1.32397
1.324
1.32409
1.32421
1.32436
1.32455
1.32474
1.32493
1.3251
1.32524
1.32533
1.32535
1.3253
1.32519
1.32503
1.32484
1.32467
1.32452
1.32443
1.32435
1.32432
1.32428
1.32426
1.32425
1.32425
1.32426
1.32431
1.32437
1.32445
1.32454
1.32464
1.32472
1.32481
1.3249
1.32497
1.32504
1.3251
1.32514
1.32518
1.3252
1.32518
1.32513
1.32505
1.32493
1.32477
1.32456
1.3243
1.32404
1.32382
1.32371
1.32372
1.32385
1.32402
1.32422
1.3244
1.32456
1.32469
1.32479
1.32486
1.3249
1.32491
1.32488
1.32483
1.32474
1.32461
1.32448
1.32436
1.32426
1.32422
1.3242
1.32422
1.32427
1.32433
1.32442
1.3245
1.32461
1.32473
1.32486
1.32501
1.32515
1.32525
1.32527
1.32515
1.3249
1.32455
1.3242
1.32394
1.32381
1.32381
1.32387
1.32395
1.32403
1.3241
1.32417
1.32423
1.3243
1.32437
1.32444
1.32452
1.3246
1.32468
1.32473
1.32477
1.32479
1.32479
1.32478
1.32481
1.32487
1.32497
1.32511
1.32528
1.3254
1.3254
1.32523
1.32488
1.32443
1.32397
1.3236
1.32338
1.32331
1.32339
1.32356
1.32377
1.32398
1.32418
1.32433
1.32446
1.32458
1.32467
1.32476
1.32484
1.32493
1.32502
1.3251
1.32516
1.32521
1.32523
1.32522
1.32516
1.32507
1.32492
1.32473
1.32452
1.32433
1.32416
1.32403
1.32395
1.32391
1.32391
1.32396
1.32403
1.32411
1.32418
1.32427
1.32436
1.32445
1.32452
1.32459
1.32466
1.32472
1.32477
1.32482
1.32486
1.32487
1.32487
1.32485
1.32483
1.32481
1.3248
1.32482
1.32487
1.32494
1.32503
1.3251
1.32514
1.3251
1.32499
1.32481
1.32459
1.32439
1.32424
1.32415
1.32412
1.32413
1.32414
1.32418
1.3242
1.32423
1.32426
1.32431
1.32437
1.32443
1.32449
1.32456
1.32463
1.3247
1.32476
1.32481
1.32485
1.32488
1.32487
1.32485
1.32481
1.32476
1.32468
1.3246
1.32455
1.32451
1.32448
1.32446
1.32446
1.32446
1.32447
1.32445
1.32444
1.32443
1.32442
1.32441
1.3244
1.32439
1.32438
1.32435
1.32432
1.32431
1.32431
1.32433
1.32438
1.32444
1.32453
1.32463
1.32474
1.32485
1.32492
1.32496
1.32495
1.32489
1.32479
1.32469
1.32463
1.3246
1.32461
1.32462
1.32459
1.32453
1.32441
1.32429
1.32418
1.32414
1.32416
1.32424
1.32437
1.3245
1.32462
1.3247
1.32473
1.32473
1.3247
1.32464
1.32456
1.3245
1.32447
1.32444
1.32443
1.32443
1.32443
1.32443
1.32443
1.32443
1.32443
1.32443
1.32441
1.32441
1.32441
1.32441
1.3244
1.3244
1.32441
1.32442
1.32445
1.3245
1.32456
1.32465
1.32476
1.32492
1.32509
1.32527
1.32539
1.32541
1.32529
1.32505
1.32475
1.32449
1.32436
1.32435
1.32444
1.32454
1.3246
1.32456
1.32447
1.32434
1.32426
1.32421
1.32422
1.32425
1.32431
1.32434
1.32435
1.32435
1.3243
1.32426
1.32422
1.32419
1.3242
1.32423
1.32428
1.32435
1.32442
1.32452
1.32461
1.32471
1.3248
1.32485
1.3249
1.32491
1.32491
1.3249
1.32488
1.32487
1.3249
1.32495
1.32504
1.32514
1.32523
1.32527
1.32521
1.32503
1.32476
1.32446
1.3242
1.32403
1.32396
1.32394
1.32394
1.32396
1.32398
1.32403
1.32413
1.32426
1.32444
1.32466
1.32492
1.32515
1.3253
1.32527
1.32502
1.32459
1.32411
1.32374
1.3236
1.32365
1.32382
1.32401
1.32419
1.32434
1.32446
1.32454
1.32459
1.32463
1.32464
1.32464
1.32462
1.32459
1.32454
1.3245
1.32445
1.3244
1.32435
1.32432
1.3243
1.32429
1.32427
1.32426
1.32426
1.32428
1.3243
1.3243
1.32431
1.32434
1.32437
1.32441
1.32445
1.32451
1.32459
1.32469
1.3248
1.32493
1.32505
1.32517
1.32525
1.32526
1.32519
1.32503
1.32479
1.3245
1.32423
1.32401
1.32388
1.32382
1.32385
1.32391
1.32399
1.32407
1.32413
1.32419
1.32423
1.32427
1.32433
1.3244
1.32449
1.3246
1.32473
1.32485
1.32495
1.32497
1.32489
1.3247
1.32442
1.32412
1.32388
1.32375
1.32373
1.32378
1.32389
1.32401
1.32414
1.32427
1.32437
1.32448
1.32458
1.32468
1.32478
1.32489
1.32501
1.32514
1.32526
1.32535
1.3254
1.32539
1.32529
1.3251
1.32483
1.32453
1.32424
1.32402
1.32388
1.32383
1.32386
1.32394
1.32405
1.32416
1.32428
1.32438
1.32447
1.32454
1.3246
1.32464
1.32466
1.32466
1.32464
1.32461
1.32455
1.3245
1.32447
1.32445
1.32447
1.32452
1.32459
1.32469
1.3248
1.32492
1.32503
1.32513
1.32515
1.32511
1.32497
1.32478
1.32456
1.32437
1.32425
1.3242
1.32421
1.32424
1.32428
1.32429
1.32431
1.32434
1.32438
1.32444
1.32455
1.32468
1.32478
1.32483
1.32477
1.3246
1.32434
1.32409
1.32391
1.32387
1.32397
1.32412
1.32434
1.32455
1.32474
1.32488
1.32496
1.32497
1.32489
1.32473
1.32454
1.32436
1.32422
1.32414
1.32413
1.32416
1.32423
1.32431
1.3244
1.32448
1.32455
1.32462
1.32467
1.32469
1.32471
1.32473
1.32474
1.32474
1.32473
1.32471
1.32467
1.32464
1.32459
1.32455
1.32453
1.32452
1.32453
1.32458
1.32466
1.32477
1.32489
1.32501
1.3251
1.32512
1.32507
1.32494
1.32476
1.32457
1.3244
1.32431
1.32426
1.32425
1.32426
1.32427
1.32428
1.32428
1.32428
1.32427
1.32428
1.32429
1.32432
1.32436
1.32442
1.32448
1.32455
1.32461
1.32468
1.32473
1.32477
1.3248
1.3248
1.3248
1.32478
1.32474
1.32469
1.32465
1.3246
1.32457
1.32454
1.32453
1.32455
1.32459
1.32467
1.32475
1.32486
1.32496
1.32503
1.32507
1.32505
1.32496
1.32481
1.32463
1.32447
1.32435
1.3243
1.32431
1.32438
1.32448
1.32461
1.32476
1.32491
1.32503
1.32516
1.32526
1.32532
1.32535
1.3253
1.32517
1.32495
1.32466
1.32436
1.3241
1.32393
1.32385
1.32387
1.32395
1.32405
1.32415
1.32428
1.32442
1.32457
1.32473
1.32494
1.32519
1.32545
1.32569
1.32586
1.3259
1.32574
1.3254
1.32491
1.32441
1.324
1.32374
1.32367
1.32372
1.32389
1.32413
1.32439
1.32465
1.32488
1.32503
1.32507
1.325
1.32484
1.32466
1.32456
1.32456
1.32465
1.32478
1.32489
1.32494
1.32488
1.32475
1.32458
1.3244
1.32428
1.32423
1.32424
1.32429
1.32435
1.32442
1.32448
1.32452
1.32457
1.32461
1.32464
1.32468
1.3247
1.32473
1.32477
1.32482
1.32487
1.32493
1.32501
1.32509
1.32518
1.32527
1.32535
1.3254
1.32539
1.32535
1.32525
1.3251
1.32493
1.32476
1.32461
1.3245
1.32441
1.32436
1.32434
1.32432
1.32432
1.32432
1.32434
1.32435
1.32439
1.32442
1.32446
1.3245
1.32455
1.32461
1.32465
1.32469
1.32471
1.32473
1.32475
1.32476
1.32477
1.32478
1.32479
1.32481
1.32482
1.32485
1.32485
1.32487
1.32488
1.32488
1.32488
1.32486
1.32484
1.32482
1.32477
1.32472
1.32467
1.32463
1.32459
1.32459
1.32459
1.3246
1.32464
1.32468
1.32473
1.32478
1.32483
1.32487
1.3249
1.32491
1.32489
1.32484
1.32478
1.32471
1.32464
1.32458
1.32454
1.32451
1.32451
1.32454
1.32458
1.32463
1.3247
1.32476
1.32483
1.32487
1.32491
1.32495
1.32497
1.32497
1.32494
1.32489
1.32482
1.32471
1.32459
1.32449
1.3244
1.32433
1.32428
1.32427
1.32426
1.32429
1.32433
1.32436
1.32441
1.32445
1.32449
1.32453
1.32458
1.32462
1.32468
1.32476
1.32486
1.325
1.32517
1.32539
1.32563
1.32584
1.32593
1.32583
1.3255
1.32501
1.32456
1.32432
1.32431
1.32445
1.32464
1.32478
1.32483
1.32478
1.32465
1.32449
1.32433
1.32419
1.32411
1.32407
1.32408
1.32412
1.32418
1.32426
1.32433
1.32442
1.3245
1.32457
1.32465
1.32472
1.32478
1.32483
1.3249
1.32499
1.32507
1.32515
1.32522
1.32525
1.32525
1.3252
1.3251
1.32499
1.32489
1.32483
1.32479
1.32475
1.32468
1.32458
1.32446
1.32435
1.32431
1.32434
1.3244
1.32449
1.32456
1.32457
1.32453
1.32446
1.32441
1.3244
1.32444
1.32453
1.32464
1.32474
1.32482
1.32489
1.32495
1.32501
1.3251
1.32518
1.32525
1.32529
1.32526
1.32517
1.32501
1.32483
1.32466
1.32451
1.32441
1.32438
1.32441
1.32447
1.32453
1.32461
1.32468
1.32474
1.32476
1.32476
1.32472
1.32467
1.3246
1.32455
1.32453
1.32452
1.32455
1.32457
1.32462
1.32467
1.32473
1.32478
1.32483
1.32488
1.32491
1.32494
1.32498
1.32499
1.32501
1.32502
1.32502
1.32502
1.325
1.32497
1.32494
1.32488
1.32482
1.32474
1.32467
1.3246
1.32455
1.32451
1.32448
1.32447
1.32447
1.32447
1.32449
1.32453
1.32455
1.32457
1.3246
1.32464
1.32466
1.32468
1.3247
1.32471
1.32471
1.3247
1.32468
1.32466
1.32463
1.32461
1.32458
1.32457
1.32456
1.32458
1.32461
1.32466
1.32473
1.32481
1.32491
1.325
1.32511
1.3252
1.32529
1.32538
1.32545
1.32547
1.32544
1.32533
1.32515
1.32493
1.32472
1.32455
1.32444
1.32435
1.32427
1.32418
1.32412
1.32408
1.32409
1.32414
1.32422
1.32431
1.3244
1.32448
1.32455
1.3246
1.32462
1.32462
1.32461
1.32459
1.32457
1.32455
1.32455
1.32455
1.32458
1.3246
1.32464
1.32467
1.3247
1.32473
1.32474
1.32476
1.32476
1.32475
1.32473
1.32473
1.3247
1.32468
1.32465
1.32463
1.3246
1.3246
1.32459
1.32459
1.3246
1.32461
1.32462
1.32464
1.32465
1.32469
1.32471
1.32474
1.32478
1.3248
1.32483
1.32486
1.32487
1.32485
1.32479
1.32468
1.32453
1.32438
1.32423
1.32412
1.32408
1.32407
1.32413
1.32421
1.32429
1.32438
1.32447
1.32456
1.32465
1.32474
1.32482
1.32492
1.32503
1.32512
1.32521
1.32527
1.3253
1.3253
1.32523
1.32513
1.325
1.32483
1.32467
1.3245
1.32435
1.32421
1.32411
1.32402
1.32398
1.32395
1.32395
1.32397
1.32402
1.32409
1.32416
1.32426
1.32437
1.32449
1.32461
1.32474
1.32489
1.32506
1.32526
1.32547
1.32569
1.32586
1.32586
1.32562
1.32514
1.32453
1.32399
1.3237
1.32365
1.32377
1.32395
1.32414
1.3243
1.3244
1.32448
1.32452
1.32456
1.32457
1.32458
1.32459
1.32461
1.32463
1.32467
1.32472
1.32479
1.32487
1.32497
1.32506
1.32516
1.32523
1.32527
1.32525
1.32516
1.32503
1.32487
1.32473
1.32462
1.32456
1.32457
1.32461
1.32466
1.32471
1.32475
1.32476
1.32474
1.32468
1.3246
1.32451
1.32444
1.32438
1.32433
1.3243
1.3243
1.32431
1.32435
1.32439
1.32446
1.32454
1.32461
1.32469
1.32477
1.32484
1.3249
1.32495
1.32501
1.32504
1.32505
1.32505
1.32504
1.32503
1.32502
1.325
1.32498
1.32495
1.32491
1.32487
1.32481
1.32475
1.32469
1.32463
1.32459
1.32455
1.32453
1.32453
1.32454
1.3246
1.32468
1.32478
1.3249
1.32502
1.32513
1.32521
1.32525
1.32525
1.3252
1.32512
1.32498
1.32482
1.32463
1.32446
1.32434
1.32428
1.3243
1.32436
1.32443
1.32448
1.32449
1.32446
1.3244
1.32435
1.32431
1.32431
1.32435
1.32441
1.32448
1.32455
1.32462
1.32469
1.32474
1.32476
1.32479
1.32481
1.32482
1.32483
1.32483
1.32483
1.32483
1.32482
1.32481
1.3248
1.32479
1.32478
1.32477
1.32474
1.3247
1.32464
1.32459
1.32455
1.32452
1.32453
1.32456
1.32461
1.3247
1.32478
1.32485
1.32489
1.32491
1.32489
1.32488
1.32487
1.32487
1.32486
1.32479
1.32463
1.32443
1.32423
1.32409
1.32408
1.32417
1.32434
1.32452
1.32467
1.32478
1.32483
1.32483
1.32476
1.32465
1.32453
1.32443
1.32437
1.32436
1.32439
1.32445
1.3245
1.32455
1.32457
1.32455
1.32452
1.32447
1.32442
1.32439
1.32437
1.32439
1.32442
1.32448
1.32454
1.32459
1.32465
1.3247
1.32475
1.3248
1.32485
1.3249
1.32493
1.32496
1.32499
1.32499
1.32499
1.32497
1.32496
1.32495
1.32494
1.32496
1.32499
1.32503
1.32506
1.32507
1.32504
1.32495
1.32479
1.32458
1.32438
1.32418
1.32401
1.32389
1.32381
1.32378
1.32379
1.32385
1.32393
1.32404
1.32416
1.32426
1.32438
1.32446
1.32454
1.32459
1.32463
1.32466
1.32467
1.32467
1.32467
1.32467
1.32466
1.32465
1.32464
1.32462
1.3246
1.32458
1.32457
1.32455
1.32454
1.32453
1.32453
1.32454
1.32455
1.32457
1.3246
1.32462
1.32466
1.32469
1.32474
1.32476
1.32478
1.32478
1.32477
1.32474
1.3247
1.32465
1.3246
1.32456
1.32454
1.32454
1.32454
1.32455
1.32455
1.32454
1.32452
1.32449
1.32445
1.32441
1.32437
1.32437
1.32439
1.32443
1.32448
1.32453
1.32457
1.3246
1.32459
1.32455
1.32449
1.32442
1.32434
1.32428
1.32423
1.32419
1.32419
1.32419
1.32422
1.32425
1.32429
1.32433
1.32438
1.32441
1.32442
1.32445
1.32446
1.32448
1.32451
1.32452
1.32455
1.32457
1.3246
1.32464
1.32468
1.32474
1.32481
1.3249
1.32498
1.32505
1.32508
1.32504
1.32492
1.3247
1.32442
1.32416
1.32394
1.32383
1.32381
1.32385
1.32394
1.32404
1.32414
1.32423
1.32432
1.32442
1.32451
1.32459
1.32468
1.32475
1.32482
1.32487
1.3249
1.32491
1.32489
1.32484
1.32477
1.32467
1.32455
1.32444
1.32436
1.32432
1.32433
1.32439
1.32446
1.32458
1.32471
1.32485
1.32496
1.32503
1.32503
1.32497
1.32484
1.32464
1.32444
1.32427
1.32419
1.32421
1.32433
1.32451
1.32469
1.32482
1.32482
1.32466
1.32437
1.32408
1.32387
1.32382
1.32393
1.32416
1.32446
1.32479
1.32513
1.32546
1.32571
1.32582
1.32573
1.32539
1.32485
1.32425
1.32376
1.32348
1.32342
1.32353
1.32373
1.32395
1.32417
1.32436
1.32452
1.32464
1.32472
1.32474
1.32473
1.32468
1.32462
1.32457
1.32453
1.32454
1.32458
1.32462
1.32465
1.32465
1.32462
1.32457
1.32451
1.32444
1.32438
1.32433
1.32431
1.32431
1.32432
1.32437
1.32442
1.32449
1.32457
1.32465
1.32474
1.32479
1.32482
1.32481
1.32476
1.32468
1.32456
1.32444
1.32432
1.32423
1.32418
1.32418
1.32424
1.32434
1.32447
1.32464
1.32479
1.32488
1.32485
1.32473
1.32452
1.32431
1.32417
1.32411
1.32414
1.32423
1.32431
1.32438
1.32441
1.32441
1.32437
1.32435
1.32434
1.32437
1.32445
1.32454
1.32466
1.32477
1.32485
1.32486
1.32481
1.32471
1.3246
1.32451
1.3245
1.32454
1.32463
1.32475
1.32486
1.32494
1.32496
1.32495
1.32488
1.32478
1.32467
1.32455
1.32445
1.32436
1.3243
1.32425
1.32419
1.32414
1.32409
1.32404
1.324
1.32398
1.32401
1.32406
1.32414
1.32423
1.32435
1.32446
1.32458
1.32472
1.32488
1.32504
1.32522
1.32539
1.32553
1.32558
1.32551
1.32529
1.32496
1.32461
1.32435
1.32421
1.3242
1.32428
1.32438
1.32445
1.32445
1.32437
1.3242
1.32402
1.32389
1.32384
1.32388
1.32401
1.32418
1.32436
1.32456
1.32475
1.32492
1.32508
1.32521
1.3253
1.32534
1.32533
1.32527
1.32516
1.32503
1.32491
1.32479
1.32465
1.32452
1.32436
1.32422
1.32411
1.32405
1.32405
1.3241
1.32417
1.32425
1.32432
1.32435
1.32437
1.32437
1.32435
1.32433
1.32431
1.32431
1.3243
1.32432
1.32434
1.32437
1.32441
1.32446
1.32454
1.32463
1.32474
1.32486
1.32501
1.32516
1.3253
1.32543
1.3255
1.32548
1.32537
1.32516
1.32489
1.32462
1.3244
1.32427
1.32423
1.32425
1.32431
1.32437
1.32442
1.32445
1.32447
1.32447
1.32446
1.32445
1.32445
1.32446
1.3245
1.32457
1.32464
1.32472
1.32479
1.32485
1.32487
1.32485
1.3248
1.32471
1.32461
1.3245
1.32442
1.32436
1.32433
1.32435
1.32439
1.32444
1.32449
1.32455
1.32459
1.32464
1.32467
1.3247
1.3247
1.32468
1.32463
1.32456
1.32449
1.32443
1.32437
1.32435
1.32434
1.32437
1.32441
1.32447
1.32453
1.3246
1.32466
1.32473
1.32481
1.32487
1.32494
1.32499
1.32504
1.32507
1.32507
1.32505
1.325
1.32491
1.32481
1.32471
1.32459
1.3245
1.32444
1.32441
1.32441
1.32443
1.32446
1.3245
1.32453
1.32455
1.32456
1.32456
1.32455
1.32453
1.32449
1.32446
1.32444
1.3244
1.32438
1.32437
1.32435
1.32435
1.32436
1.32438
1.32439
1.3244
1.32442
1.32444
1.32448
1.32451
1.32455
1.32459
1.32463
1.32467
1.32471
1.32475
1.32477
1.32479
1.32477
1.32473
1.32468
1.32463
1.32457
1.32451
1.32449
1.32449
1.32449
1.32452
1.32455
1.32459
1.32464
1.32468
1.3247
1.32472
1.32473
1.32471
1.32469
1.32468
1.32466
1.32464
1.32463
1.32463
1.32464
1.32465
1.32463
1.32461
1.32456
1.32451
1.32444
1.32436
1.32428
1.32421
1.32416
1.32414
1.32413
1.32414
1.32417
1.3242
1.32424
1.3243
1.32435
1.32438
1.32441
1.32444
1.32447
1.32449
1.32451
1.32452
1.32454
1.32456
1.32458
1.3246
1.32462
1.32464
1.32466
1.32467
1.32468
1.32469
1.32469
1.32468
1.32467
1.32464
1.32461
1.32458
1.32453
1.3245
1.32447
1.32446
1.32446
1.32448
1.32451
1.32455
1.3246
1.32464
1.32468
1.3247
1.32474
1.32475
1.32476
1.32476
1.32475
1.32474
1.32471
1.32468
1.32464
1.3246
1.32456
1.32453
1.3245
1.32447
1.32446
1.32447
1.32448
1.32449
1.32451
1.32452
1.32455
1.32459
1.32462
1.32466
1.3247
1.32473
1.32475
1.32477
1.32479
1.32479
1.32479
1.32478
1.32476
1.32472
1.32469
1.32465
1.3246
1.32456
1.32452
1.32449
1.32448
1.32448
1.32451
1.32454
1.3246
1.32467
1.32475
1.32483
1.32491
1.32498
1.32504
1.32508
1.3251
1.32508
1.32504
1.32495
1.32484
1.32473
1.32462
1.32454
1.32448
1.32445
1.32443
1.32442
1.32444
1.32445
1.32448
1.32452
1.32455
1.3246
1.32464
1.3247
1.32477
1.32482
1.32489
1.32495
1.325
1.32506
1.32509
1.32512
1.32514
1.32512
1.32508
1.325
1.32491
1.32482
1.32473
1.32464
1.32457
1.32453
1.3245
1.32449
1.3245
1.32451
1.32452
1.32454
1.32455
1.32457
1.32458
1.32459
1.3246
1.3246
1.32461
1.32461
1.32462
1.32462
1.32463
1.32464
1.32466
1.32466
1.32467
1.32467
1.32467
1.32467
1.32466
1.32467
1.32467
1.32468
1.32468
1.32468
1.32469
1.32468
1.32469
1.32468
1.32469
1.32469
1.3247
1.3247
1.3247
1.32471
1.32469
1.32467
1.32465
1.32463
1.32459
1.32455
1.32451
1.32448
1.32446
1.32444
1.32444
1.32443
1.32443
1.32443
1.32443
1.32442
1.32442
1.32442
1.32442
1.32441
1.32442
1.32443
1.32443
1.32445
1.32446
1.32447
1.32449
1.32451
1.32452
1.32452
1.32453
1.32453
1.32452
1.3245
1.32446
1.32443
1.3244
1.32438
1.32438
1.32438
1.32441
1.32444
1.32448
1.32453
1.32456
1.32459
1.3246
1.32462
1.32463
1.32464
1.32465
1.32463
1.32458
1.32451
1.3244
1.32427
1.32415
1.32402
1.3239
1.32381
1.32374
1.32369
1.32367
1.32368
1.32373
1.3238
1.3239
1.32401
1.32415
1.32433
1.32453
1.32478
1.32507
1.3254
1.32572
1.32595
1.32596
1.32566
1.32511
1.32447
1.32393
1.3236
1.32349
1.32354
1.32367
1.32385
1.32402
1.32416
1.32426
1.32431
1.32432
1.32432
1.3243
1.32428
1.32428
1.32429
1.32431
1.32434
1.32436
1.32438
1.32441
1.32443
1.32446
1.32447
1.32448
1.3245
1.3245
1.32451
1.3245
1.3245
1.32449
1.32448
1.32446
1.32445
1.32444
1.32442
1.32442
1.32441
1.32441
1.3244
1.32438
1.32437
1.32436
1.32437
1.32437
1.32439
1.3244
1.32442
1.32444
1.32443
1.32442
1.32441
1.32438
1.32436
1.32435
1.32435
1.32435
1.32437
1.32441
1.32445
1.3245
1.32454
1.32459
1.32464
1.32469
1.32472
1.32475
1.32477
1.32477
1.32475
1.32471
1.32463
1.32453
1.32442
1.32431
1.32424
1.3242
1.3242
1.32421
1.32424
1.32427
1.32432
1.32435
1.32437
1.3244
1.32442
1.32443
1.32445
1.32447
1.32448
1.32449
1.3245
1.32451
1.32451
1.32452
1.32451
1.32451
1.32449
1.32445
1.32442
1.32439
1.32437
1.32437
1.32439
1.32442
1.32447
1.32454
1.32461
1.32467
1.32473
1.32477
1.32478
1.32475
1.3247
1.32462
1.32452
1.32443
1.32436
1.32431
1.3243
1.32431
1.32435
1.32443
1.3245
1.32457
1.3246
1.32458
1.32451
1.32441
1.32431
1.32424
1.32417
1.32413
1.32411
1.32408
1.32408
1.32408
1.32409
1.32412
1.32416
1.32422
1.32427
1.32434
1.3244
1.32445
1.32449
1.32452
1.32454
1.32455
1.32454
1.32452
1.32448
1.32443
1.32439
1.32435
1.32432
1.32428
1.32425
1.32422
1.32421
1.32422
1.32423
1.32423
1.32423
1.32422
1.3242
1.32418
1.32416
1.32418
1.3242
1.32425
1.32432
1.32443
1.32457
1.32472
1.32488
1.325
1.32501
1.32489
1.32464
1.3243
1.32396
1.32369
1.32354
1.32352
1.32359
1.32371
1.32387
1.32402
1.32416
1.32428
1.32437
1.32444
1.32448
1.32449
1.32446
1.32437
1.3243
1.32423
1.32419
1.3242
1.32426
1.32437
1.32452
1.32472
1.32493
1.32513
1.32531
1.32534
1.32521
1.32485
1.32433
1.32379
1.3234
1.32321
1.32322
1.32335
1.32353
1.3237
1.32386
1.324
1.32411
1.32422
1.32431
1.32437
1.32442
1.32446
1.32448
1.32447
1.32443
1.32437
1.3243
1.32424
1.32418
1.32414
1.32412
1.32414
1.32419
1.32426
1.32434
1.32444
1.32454
1.32461
1.32468
1.32474
1.32477
1.3248
1.32479
1.32477
1.32474
1.3247
1.32466
1.32465
1.32465
1.32466
1.32467
1.32466
1.32463
1.32455
1.32443
1.3243
1.32417
1.32407
1.32403
1.32403
1.32406
1.32411
1.32417
1.32422
1.32426
1.32429
1.32431
1.32432
1.32432
1.32433
1.32433
1.32432
1.32432
1.32432
1.32435
1.32439
1.32444
1.32453
1.32462
1.32475
1.32487
1.32498
1.32505
1.32505
1.32497
1.32483
1.32463
1.32443
1.32427
1.32418
1.32413
1.32412
1.32414
1.32417
1.32418
1.32418
1.32418
1.32417
1.32416
1.32416
1.32415
1.32414
1.32414
1.32414
1.32414
1.32414
1.32417
1.32418
1.32418
1.3242
1.32421
1.32423
1.32425
1.32427
1.32428
1.32429
1.32431
1.32433
1.32435
1.32437
1.32439
1.3244
1.32441
1.3244
1.32439
1.32437
1.32435
1.32432
1.32429
1.32426
1.32426
1.32427
1.3243
1.32433
1.32437
1.32443
1.32448
1.32454
1.32461
1.32467
1.32473
1.32476
1.32476
1.32469
1.32455
1.32433
1.32409
1.32386
1.32369
1.32361
1.3236
1.32368
1.3238
1.32396
1.32414
1.32431
1.32449
1.32461
1.3247
1.32473
1.32469
1.32458
1.32442
1.32424
1.32409
1.324
1.32396
1.32398
1.32405
1.32413
1.32422
1.32432
1.3244
1.32448
1.32453
1.32457
1.32458
1.3246
1.3246
1.32459
1.32459
1.32459
1.3246
1.32463
1.32468
1.32475
1.32481
1.32487
1.32488
1.32483
1.32471
1.32453
1.32436
1.32426
1.32426
1.32438
1.32459
1.3248
1.32489
1.32477
1.32441
1.32392
1.32347
1.32322
1.32318
1.3233
1.3235
1.32371
1.32391
1.32407
1.32419
1.32427
1.32434
1.3244
1.32444
1.32448
1.32452
1.32456
1.32459
1.32462
1.32465
1.32468
1.32469
1.32469
1.32469
1.32468
1.32465
1.32461
1.32457
1.32452
1.32446
1.32441
1.32436
1.32433
1.3243
1.32429
1.32428
1.32427
1.32426
1.32425
1.32423
1.32422
1.32421
1.32421
1.32421
1.32423
1.32426
1.32431
1.32436
1.32442
1.32448
1.32453
1.32459
1.32463
1.32463
1.32461
1.32457
1.3245
1.32444
1.32439
1.32435
1.32432
1.32431
1.3243
1.32431
1.32433
1.32435
1.32439
1.32445
1.32452
1.32458
1.32466
1.3247
1.32471
1.32469
1.32463
1.32451
1.32435
1.32417
1.324
1.32391
1.32391
1.324
1.32414
1.32432
1.32447
1.32458
1.32465
1.32469
1.32468
1.32463
1.32457
1.32448
1.3244
1.32433
1.32428
1.32425
1.32424
1.32428
1.32432
1.32437
1.32441
1.32445
1.32447
1.3245
1.32452
1.32453
1.32453
1.32454
1.32456
1.32457
1.32456
1.32455
1.32454
1.32453
1.32451
1.32448
1.32445
1.32444
1.32443
1.32443
1.32444
1.32445
1.32448
1.32451
1.32456
1.32458
1.32461
1.32464
1.32467
1.32466
1.32464
1.3246
1.32458
1.32454
1.32451
1.32449
1.32445
1.32441
1.32436
1.32429
