1.75608
1.75608
1.75608
1.75608
1.75608
1.75607
1.75608
1.75607
1.75607
1.75607
1.75607
1.75605
1.75605
1.75606
1.75606
1.75606
1.75606
1.75606
1.75606
1.75605
1.75605
1.75605
1.75605
1.75604
1.75604
1.75603
1.75603
1.75602
1.75602
1.75603
1.75601
1.75601
1.756
1.75599
1.75599
1.75597
1.75597
1.75598
1.75597
1.75596
1.75595
1.75596
1.75595
1.75595
1.75594
1.75594
1.75594
1.75592
1.75591
1.75591
1.75591
1.7559
1.75589
1.75588
1.75589
1.75587
1.75587
1.75585
1.75585
1.75585
1.75583
1.75582
1.7558
1.7558
1.75579
1.75577
1.75576
1.75575
1.75574
1.75573
1.75572
1.7557
1.7557
1.75569
1.75571
1.75571
1.75571
1.75572
1.75573
1.75576
1.7558
1.75586
1.75592
1.75599
1.75607
1.75615
1.75621
1.75625
1.75623
1.75614
1.75599
1.75581
1.75562
1.75546
1.75532
1.75525
1.75522
1.75524
1.75529
1.75537
1.75548
1.75557
1.75567
1.75576
1.75585
1.75592
1.75598
1.75601
1.75602
1.756
1.75595
1.75588
1.75582
1.75575
1.7557
1.75566
1.75565
1.75566
1.75567
1.75571
1.75573
1.75577
1.7558
1.75584
1.75587
1.7559
1.75593
1.75595
1.75597
1.75598
1.75598
1.75596
1.75593
1.75589
1.75584
1.75579
1.75573
1.75568
1.75564
1.75562
1.75561
1.7556
1.75563
1.75566
1.75571
1.75578
1.75588
1.75599
1.75611
1.75623
1.75635
1.75645
1.7565
1.75648
1.75638
1.75617
1.7559
1.75562
1.75537
1.7552
1.75513
1.75513
1.75519
1.75529
1.75539
1.7555
1.75561
1.75569
1.75577
1.75583
1.75587
1.75591
1.75594
1.75596
1.75598
1.75598
1.756
1.75599
1.75599
1.75598
1.75597
1.75595
1.75592
1.75588
1.75585
1.75583
1.7558
1.75579
1.75578
1.7558
1.75582
1.75586
1.75591
1.75594
1.75597
1.75598
1.75598
1.75596
1.75593
1.7559
1.7559
1.75593
1.756
1.7561
1.75619
1.75624
1.75624
1.75616
1.75601
1.7558
1.75559
1.75543
1.75536
1.75535
1.75541
1.7555
1.7556
1.7557
1.7558
1.7559
1.75597
1.75602
1.75602
1.75598
1.75588
1.75577
1.75565
1.75557
1.75553
1.75554
1.75559
1.75565
1.75571
1.75577
1.75581
1.75586
1.7559
1.75595
1.756
1.75604
1.75608
1.75611
1.75614
1.75614
1.75614
1.7561
1.75606
1.75602
1.756
1.75601
1.75607
1.75617
1.75628
1.75638
1.75642
1.75637
1.75624
1.75608
1.75597
1.75596
1.75605
1.7562
1.75632
1.75634
1.75621
1.75592
1.75553
1.75517
1.75492
1.75483
1.75488
1.75502
1.75518
1.75533
1.75549
1.75562
1.75575
1.75589
1.75605
1.75626
1.75651
1.75683
1.75716
1.75743
1.75752
1.75731
1.75685
1.75631
1.75588
1.75562
1.75545
1.7553
1.7552
1.75519
1.75532
1.75554
1.75582
1.75611
1.75638
1.75657
1.75666
1.75664
1.7565
1.75628
1.75604
1.7558
1.75563
1.75553
1.75549
1.7555
1.75554
1.7556
1.75567
1.75575
1.75585
1.75594
1.756
1.75604
1.75604
1.75602
1.75597
1.75591
1.75585
1.75581
1.75581
1.75584
1.7559
1.75598
1.75609
1.75619
1.75633
1.75646
1.75659
1.75673
1.75687
1.75698
1.75705
1.75706
1.75699
1.7568
1.75654
1.75622
1.75591
1.75565
1.75548
1.75541
1.75541
1.75547
1.75553
1.75561
1.75565
1.7557
1.75573
1.75577
1.75578
1.75581
1.75584
1.75586
1.75589
1.7559
1.75591
1.75591
1.75592
1.75594
1.75597
1.75599
1.75601
1.75603
1.75605
1.75607
1.7561
1.75612
1.75613
1.75615
1.75615
1.75614
1.75612
1.75608
1.75603
1.756
1.75596
1.75593
1.75592
1.75593
1.75595
1.756
1.75606
1.75613
1.75617
1.75622
1.75624
1.75623
1.75621
1.75614
1.75607
1.75598
1.75591
1.75585
1.75585
1.75591
1.75604
1.75622
1.75639
1.7565
1.75644
1.7562
1.75582
1.75541
1.75513
1.75505
1.75513
1.75532
1.75555
1.75576
1.75594
1.75606
1.75611
1.75606
1.75593
1.75574
1.75554
1.75538
1.75529
1.75528
1.75532
1.75539
1.75548
1.75558
1.75568
1.75576
1.75584
1.75593
1.75602
1.75613
1.75622
1.75631
1.75641
1.7565
1.75656
1.7566
1.75659
1.75653
1.75643
1.75629
1.75614
1.75596
1.7558
1.75566
1.75554
1.75543
1.75534
1.75526
1.75521
1.75519
1.75521
1.75528
1.75538
1.75553
1.7557
1.75589
1.75608
1.75625
1.75638
1.75646
1.75642
1.75627
1.75605
1.75579
1.75553
1.75536
1.75528
1.7553
1.75539
1.7555
1.75563
1.75575
1.75585
1.75593
1.75599
1.75602
1.75604
1.75604
1.75604
1.75604
1.75602
1.756
1.75598
1.75594
1.75589
1.75584
1.75579
1.75573
1.75568
1.75565
1.75564
1.75563
1.75564
1.75566
1.7557
1.75574
1.75579
1.75583
1.75587
1.75592
1.75597
1.756
1.75604
1.75605
1.75606
1.75605
1.75603
1.75602
1.75601
1.75602
1.75604
1.75609
1.75615
1.75619
1.7562
1.75619
1.75613
1.75605
1.75597
1.75592
1.75593
1.75598
1.75604
1.7561
1.75608
1.75597
1.7558
1.75561
1.75547
1.7554
1.7554
1.75546
1.75552
1.75557
1.75562
1.75565
1.75568
1.75572
1.75577
1.75583
1.75589
1.75596
1.75604
1.7561
1.75616
1.75621
1.75628
1.75635
1.75643
1.75651
1.75658
1.75663
1.75664
1.7566
1.75646
1.75626
1.75602
1.75576
1.7555
1.7553
1.75517
1.75513
1.75517
1.75527
1.7554
1.75555
1.75569
1.75581
1.75591
1.756
1.75607
1.75613
1.75618
1.7562
1.75622
1.75622
1.7562
1.75617
1.75612
1.75606
1.75602
1.75595
1.75589
1.75583
1.75579
1.75575
1.75572
1.7557
1.75568
1.75569
1.75569
1.75571
1.75574
1.75578
1.75582
1.75589
1.75595
1.75601
1.75607
1.75613
1.75617
1.75618
1.75618
1.75615
1.7561
1.75602
1.75594
1.75587
1.75578
1.75572
1.75567
1.75565
1.75565
1.75567
1.7557
1.75573
1.75575
1.75575
1.75573
1.75571
1.75568
1.75565
1.75563
1.75562
1.75563
1.75566
1.7557
1.75574
1.75578
1.75582
1.75584
1.75584
1.75585
1.75584
1.75583
1.75581
1.75579
1.75577
1.75575
1.75577
1.7558
1.75586
1.75594
1.75605
1.75618
1.75632
1.75648
1.75661
1.75669
1.75671
1.75662
1.75642
1.75614
1.75582
1.75555
1.75536
1.75527
1.75525
1.75532
1.75541
1.75552
1.75559
1.75564
1.75566
1.75562
1.75558
1.75558
1.75566
1.75583
1.75611
1.75647
1.75682
1.75704
1.75699
1.75654
1.7558
1.75505
1.75459
1.75449
1.75465
1.75491
1.75518
1.7554
1.75555
1.75566
1.75572
1.75578
1.75581
1.75584
1.75588
1.75593
1.756
1.75607
1.75615
1.75624
1.75631
1.75636
1.7564
1.7564
1.75634
1.75624
1.75612
1.75595
1.75577
1.75558
1.75543
1.75533
1.75524
1.7552
1.75519
1.75522
1.75528
1.75536
1.75546
1.75558
1.75568
1.75579
1.75588
1.75595
1.75599
1.756
1.756
1.75597
1.75592
1.75587
1.75581
1.75575
1.75569
1.75566
1.75565
1.75565
1.75569
1.75577
1.75588
1.75605
1.75627
1.75655
1.75686
1.75718
1.75746
1.75763
1.75758
1.75727
1.75666
1.7559
1.75517
1.75464
1.75438
1.75438
1.75457
1.75487
1.75518
1.75549
1.75575
1.75596
1.7561
1.75617
1.75615
1.75609
1.75602
1.75593
1.75589
1.75593
1.75604
1.75618
1.75628
1.7562
1.75593
1.75551
1.75511
1.75487
1.75485
1.75497
1.75517
1.75535
1.75552
1.75563
1.75572
1.75579
1.75584
1.75588
1.75592
1.75597
1.75602
1.75608
1.75615
1.75622
1.7563
1.75638
1.75646
1.75652
1.75656
1.75657
1.75653
1.75644
1.7563
1.75614
1.75595
1.75576
1.75561
1.75551
1.75544
1.75543
1.75545
1.75548
1.75549
1.75547
1.75544
1.7554
1.75538
1.75537
1.75539
1.75543
1.75548
1.75554
1.7556
1.75566
1.75571
1.75575
1.75581
1.75584
1.75587
1.7559
1.75593
1.75597
1.75601
1.75606
1.75613
1.75621
1.7563
1.75638
1.75643
1.75641
1.75632
1.75613
1.75588
1.75564
1.75549
1.75543
1.75548
1.75556
1.75563
1.75565
1.7556
1.7555
1.75541
1.75533
1.75531
1.75534
1.75541
1.75548
1.75556
1.75563
1.75569
1.75573
1.75576
1.75579
1.7558
1.75581
1.75582
1.75582
1.75582
1.75583
1.75583
1.75583
1.75584
1.75586
1.7559
1.75596
1.75606
1.75618
1.75631
1.75644
1.75649
1.75643
1.75624
1.75595
1.75566
1.75544
1.75535
1.7554
1.75553
1.75571
1.75593
1.75616
1.75641
1.75663
1.75677
1.75677
1.75659
1.75624
1.75584
1.75553
1.75536
1.75533
1.75539
1.75546
1.75554
1.75559
1.75562
1.75563
1.75565
1.75568
1.75568
1.75568
1.75567
1.75563
1.75556
1.75547
1.75538
1.75531
1.75527
1.75528
1.75532
1.7554
1.7555
1.7556
1.75571
1.75581
1.75592
1.75602
1.7561
1.75619
1.75628
1.75637
1.75645
1.75651
1.75652
1.75647
1.75634
1.75615
1.75593
1.75572
1.75555
1.75543
1.75536
1.75533
1.7553
1.75532
1.75532
1.75534
1.75536
1.75539
1.7554
1.75543
1.75546
1.75548
1.75551
1.75555
1.75559
1.75565
1.75569
1.75574
1.7558
1.75584
1.75588
1.7559
1.75592
1.75593
1.75592
1.75594
1.75596
1.75601
1.75607
1.75614
1.75621
1.75631
1.7564
1.75648
1.75654
1.75653
1.75642
1.75621
1.75591
1.75556
1.75524
1.75501
1.75489
1.75488
1.75493
1.75502
1.75512
1.75522
1.75532
1.75539
1.75547
1.75552
1.75558
1.75562
1.75566
1.75567
1.75566
1.75565
1.75565
1.75564
1.75564
1.75566
1.34191
1.34187
1.34188
1.34191
1.34193
1.34197
1.342
1.34204
1.34208
1.34212
1.34217
1.34221
1.34226
1.34233
1.34238
1.34243
1.34246
1.34247
1.34246
1.34242
1.34235
1.34227
1.34215
1.34204
1.34194
1.34185
1.34179
1.34176
1.34177
1.34179
1.34184
1.34188
1.34193
1.34195
1.34195
1.34193
1.34189
1.34182
1.34175
1.34168
1.34162
1.34157
1.34153
1.34152
1.34152
1.34154
1.34156
1.34159
1.34163
1.34167
1.34172
1.34177
1.34182
1.34187
1.34192
1.34198
1.34202
1.34206
1.34208
1.3421
1.3421
1.34211
1.3421
1.34212
1.34216
1.34224
1.34235
1.34248
1.34262
1.34271
1.34276
1.34274
1.34265
1.3425
1.34234
1.34218
1.34205
1.34192
1.34182
1.3417
1.34161
1.34152
1.34143
1.34139
1.34136
1.34138
1.34143
1.34152
1.3416
1.34171
1.34181
1.34189
1.34197
1.34205
1.3421
1.34215
1.34218
1.3422
1.34223
1.34224
1.34224
1.34225
1.34224
1.34222
1.34221
1.34219
1.34216
1.34214
1.34213
1.34212
1.3421
1.34207
1.34202
1.34194
1.34185
1.34175
1.34166
1.3416
1.34158
1.3416
1.34164
1.3417
1.34178
1.34183
1.34188
1.34194
1.34198
1.34204
1.34209
1.34216
1.34225
1.34236
1.34248
1.34258
1.34264
1.34261
1.34244
1.34215
1.3418
1.34149
1.34131
1.34128
1.34139
1.34157
1.34179
1.34201
1.34222
1.34239
1.34245
1.34238
1.34217
1.34189
1.34162
1.34142
1.34135
1.34141
1.34154
1.3417
1.34187
1.34205
1.34223
1.34239
1.34257
1.34271
1.34276
1.34272
1.34257
1.34236
1.34216
1.34204
1.34202
1.34205
1.34209
1.34208
1.34198
1.34181
1.34161
1.34141
1.34127
1.34123
1.34126
1.34134
1.34146
1.34159
1.34172
1.34183
1.34193
1.34201
1.34205
1.34207
1.34209
1.34209
1.34206
1.34205
1.34201
1.34197
1.34195
1.34194
1.34194
1.34197
1.342
1.34205
1.34211
1.3422
1.34229
1.34239
1.34246
1.34248
1.34244
1.34232
1.3421
1.34181
1.3415
1.34125
1.3411
1.34106
1.34112
1.34126
1.34145
1.34167
1.34191
1.34216
1.34239
1.34258
1.34271
1.34277
1.34273
1.34261
1.34244
1.34228
1.34212
1.34197
1.34181
1.34163
1.34143
1.34128
1.34121
1.34125
1.3414
1.34164
1.34196
1.34232
1.3427
1.34307
1.34335
1.34349
1.34341
1.34309
1.34261
1.34209
1.34168
1.34144
1.34138
1.34141
1.34149
1.34155
1.34157
1.34158
1.34156
1.34154
1.3415
1.34146
1.3414
1.34137
1.34134
1.34135
1.34138
1.34144
1.34153
1.34163
1.34173
1.34183
1.34192
1.34201
1.34209
1.34216
1.34221
1.34225
1.34226
1.34228
1.34228
1.34226
1.34223
1.34221
1.34218
1.34215
1.34214
1.34212
1.34211
1.34209
1.34207
1.34206
1.34204
1.34203
1.342
1.34199
1.34196
1.34194
1.34192
1.34189
1.34186
1.34184
1.34182
1.3418
1.3418
1.34179
1.34179
1.3418
1.3418
1.34179
1.34178
1.34178
1.34177
1.34176
1.34176
1.34176
1.34176
1.34177
1.34179
1.34181
1.34183
1.34186
1.3419
1.34195
1.342
1.34207
1.34213
1.3422
1.34227
1.34234
1.34241
1.34247
1.34251
1.34252
1.34249
1.34242
1.3423
1.34217
1.34198
1.34179
1.34162
1.34147
1.34137
1.34134
1.34137
1.34144
1.34152
1.34161
1.3417
1.34177
1.34184
1.34189
1.34191
1.34194
1.34197
1.34198
1.342
1.34202
1.34204
1.34206
1.34208
1.34212
1.34213
1.34214
1.34213
1.34211
1.34208
1.34204
1.34201
1.34199
1.34199
1.34199
1.342
1.34203
1.34205
1.34207
1.34209
1.3421
1.34209
1.34207
1.34202
1.34196
1.34187
1.34179
1.34173
1.34171
1.34174
1.3418
1.34189
1.34201
1.34212
1.34222
1.34233
1.3424
1.34243
1.34241
1.34236
1.34228
1.34217
1.34208
1.342
1.34195
1.34192
1.3419
1.34188
1.34186
1.34183
1.3418
1.34175
1.34169
1.34166
1.34162
1.3416
1.3416
1.34162
1.34167
1.34173
1.34182
1.34192
1.34205
1.34219
1.34235
1.34253
1.34267
1.34277
1.34275
1.34261
1.34236
1.34207
1.34181
1.34162
1.34154
1.34153
1.34158
1.34165
1.34173
1.3418
1.34188
1.34195
1.34201
1.34206
1.34209
1.34212
1.34214
1.34214
1.34215
1.34215
1.34214
1.34213
1.34213
1.34211
1.34211
1.3421
1.3421
1.34209
1.34209
1.34208
1.34207
1.34207
1.34206
1.34204
1.34203
1.34201
1.34199
1.34197
1.34195
1.34194
1.34194
1.34195
1.34198
1.34201
1.34205
1.34209
1.34212
1.34214
1.34213
1.34214
1.34213
1.3421
1.34208
1.34207
1.34208
1.3421
1.34213
1.34216
1.3422
1.34222
1.34225
1.34227
1.34227
1.34228
1.34229
1.34229
1.34229
1.34229
1.34226
1.34221
1.34213
1.34203
1.34193
1.34182
1.34174
1.34168
1.34166
1.34168
1.34171
1.34174
1.34176
1.34176
1.34176
1.34173
1.34171
1.34169
1.34169
1.3417
1.34173
1.34178
1.34185
1.34192
1.34202
1.34212
1.34223
1.34233
1.34241
1.34245
1.34244
1.34235
1.34218
1.34198
1.34179
1.34165
1.34159
1.34159
1.34166
1.34174
1.34182
1.34189
1.34196
1.342
1.34203
1.34203
1.34202
1.34201
1.34199
1.34198
1.34198
1.34198
1.34199
1.342
1.34203
1.34205
1.34208
1.34209
1.34212
1.34213
1.34213
1.34212
1.34212
1.3421
1.34208
1.34204
1.34199
1.34196
1.34193
1.34189
1.34185
1.34183
1.34181
1.34181
1.34181
1.34181
1.3418
1.34181
1.34182
1.34183
1.34184
1.34185
1.34186
1.34189
1.34191
1.34193
1.34195
1.34196
1.34199
1.34201
1.34204
1.34206
1.34208
1.34209
1.34211
1.34214
1.34216
1.34218
1.34221
1.34224
1.34228
1.3423
1.34232
1.34234
1.34232
1.34226
1.34216
1.34203
1.34189
1.34176
1.34165
1.34159
1.34157
1.34158
1.34161
1.34166
1.34171
1.34174
1.34179
1.34183
1.34187
1.34191
1.34195
1.34199
1.34206
1.34214
1.34222
1.34228
1.3423
1.34226
1.34217
1.34201
1.34183
1.34166
1.34156
1.34151
1.34151
1.34157
1.34165
1.34173
1.34182
1.3419
1.34197
1.34204
1.34208
1.34213
1.34217
1.3422
1.3422
1.34218
1.34214
1.34207
1.34198
1.3419
1.3418
1.34173
1.34167
1.34165
1.34166
1.3417
1.34173
1.34178
1.34184
1.3419
1.34195
1.34199
1.34202
1.34205
1.34208
1.34209
1.34209
1.34207
1.34204
1.34201
1.34197
1.34192
1.34187
1.34183
1.34181
1.34179
1.34179
1.3418
1.3418
1.34182
1.34183
1.34185
1.34188
1.34191
1.34194
1.34195
1.34197
1.34198
1.34198
1.34198
1.34197
1.34195
1.34194
1.34192
1.3419
1.34188
1.34187
1.34184
1.34183
1.34184
1.34185
1.34187
1.34188
1.3419
1.34192
1.34192
1.34191
1.34187
1.34181
1.34176
1.34172
1.3417
1.3417
1.34173
1.3418
1.34189
1.34199
1.34209
1.34216
1.34221
1.34223
1.3422
1.34213
1.342
1.34185
1.34169
1.34156
1.34149
1.34151
1.34157
1.34168
1.34182
1.34196
1.3421
1.3422
1.34227
1.34229
1.34225
1.34217
1.34206
1.34194
1.34184
1.3418
1.34178
1.3418
1.34182
1.34185
1.34187
1.34189
1.34189
1.34188
1.34186
1.34184
1.34183
1.34182
1.34181
1.34181
1.34182
1.34183
1.34185
1.34185
1.34187
1.34188
1.3419
1.34191
1.34191
1.34191
1.34191
1.34193
1.34195
1.34198
1.34202
1.34209
1.34218
1.3423
1.34243
1.3426
1.34275
1.3429
1.34298
1.34295
1.34279
1.34252
1.34224
1.34202
1.34192
1.34193
1.34197
1.34201
1.34201
1.34195
1.34182
1.3417
1.34162
1.3416
1.34164
1.34173
1.34184
1.34196
1.34206
1.34215
1.34222
1.34224
1.34221
1.34217
1.3421
1.34201
1.34192
1.34186
1.34183
1.34181
1.34182
1.34185
1.3419
1.34196
1.342
1.34205
1.34209
1.34213
1.34216
1.34219
1.34223
1.34226
1.34228
1.3423
1.34231
1.34232
1.34233
1.34234
1.34235
1.34234
1.34234
1.34231
1.34229
1.34226
1.34223
1.34219
1.34216
1.34212
1.34209
1.34205
1.34201
1.34199
1.34196
1.34194
1.34192
1.3419
1.34188
1.34187
1.34186
1.34187
1.3419
1.34192
1.34196
1.34202
1.3421
1.34219
1.34231
1.34246
1.34262
1.34277
1.34289
1.34291
1.34278
1.34251
1.34215
1.34178
1.34151
1.3414
1.34142
1.34152
1.34165
1.34179
1.34191
1.342
1.34203
1.34205
1.34203
1.34201
1.34197
1.34193
1.3419
1.34189
1.34189
1.34193
1.34196
1.342
1.34205
1.3421
1.34213
1.34214
1.34211
1.34206
1.34197
1.34186
1.34174
1.34164
1.34158
1.34157
1.34159
1.34164
1.3417
1.34176
1.34183
1.34188
1.34194
1.34199
1.34203
1.34206
1.34209
1.34211
1.34213
1.34216
1.34219
1.34222
1.34225
1.34226
1.34227
1.34226
1.34224
1.34218
1.34211
1.34201
1.34191
1.34184
1.34179
1.34177
1.34179
1.34184
1.34192
1.34202
1.34213
1.34225
1.34237
1.34247
1.34253
1.34253
1.34247
1.34234
1.34219
1.34203
1.34191
1.34183
1.3418
1.34179
1.34182
1.34187
1.34191
1.34198
1.34205
1.34212
1.34215
1.34216
1.34214
1.34207
1.34199
1.34193
1.34191
1.34193
1.342
1.34209
1.34219
1.34227
1.34234
1.34237
1.34236
1.34233
1.34228
1.34221
1.34214
1.34207
1.342
1.34194
1.34189
1.34185
1.34182
1.3418
1.34179
1.34177
1.34176
1.34176
1.34178
1.34181
1.34185
1.34189
1.34193
1.34198
1.34202
1.34207
1.34212
1.34215
1.34219
1.34222
1.34225
1.34227
1.34227
1.34225
1.34222
1.34219
1.34216
1.34212
1.34208
1.41739
1.4174
1.41739
1.41738
1.41738
1.41739
1.4174
1.4174
1.41737
1.41733
1.41729
1.41723
1.41718
1.41713
1.41709
1.41708
1.41707
1.41707
1.41708
1.41709
1.4171
1.41711
1.41713
1.41714
1.41716
1.41718
1.41721
1.41724
1.41728
1.41732
1.41735
1.41737
1.41739
1.41739
1.41739
1.41739
1.41738
1.41739
1.41739
1.4174
1.41741
1.41741
1.4174
1.41737
1.41732
1.41726
1.41718
1.4171
1.41705
1.41702
1.41702
1.41705
1.41711
1.41716
1.41721
1.41722
1.41721
1.41714
1.41706
1.41696
1.41689
1.41685
1.41683
1.41683
1.41686
1.41689
1.41694
1.41699
1.41706
1.41714
1.4172
1.41728
1.41735
1.4174
1.41744
1.41746
1.41745
1.41742
1.41738
1.41733
1.41728
1.41722
1.41717
1.41712
1.41708
1.41705
1.41704
1.41705
1.41706
1.4171
1.41715
1.41721
1.41728
1.41735
1.41743
1.41752
1.41761
1.41768
1.41775
1.4178
1.41781
1.41778
1.41772
1.41763
1.41752
1.4174
1.41727
1.41716
1.41708
1.41703
1.417
1.41701
1.41705
1.41713
1.4172
1.41729
1.41738
1.41743
1.41742
1.41737
1.41725
1.41712
1.41702
1.41697
1.41697
1.41702
1.41711
1.41719
1.41727
1.41733
1.41738
1.41741
1.41743
1.41745
1.41746
1.41746
1.41747
1.41747
1.41747
1.41747
1.41748
1.41749
1.41751
1.41753
1.41753
1.41755
1.41754
1.41754
1.41752
1.4175
1.41746
1.41743
1.41738
1.41733
1.41728
1.41724
1.4172
1.41717
1.41714
1.41713
1.41712
1.41711
1.41711
1.41711
1.41712
1.41715
1.41719
1.41723
1.41728
1.41735
1.41745
1.41756
1.41768
1.41781
1.41795
1.41807
1.41817
1.41821
1.41818
1.41804
1.41777
1.41742
1.41703
1.41671
1.41651
1.41645
1.41648
1.41656
1.41666
1.41675
1.41682
1.4169
1.41696
1.41702
1.41707
1.41712
1.41718
1.41723
1.41729
1.41734
1.41739
1.41745
1.41751
1.41759
1.41767
1.41776
1.41783
1.41788
1.41788
1.41782
1.41769
1.41751
1.41733
1.41718
1.41709
1.41704
1.41704
1.41705
1.41707
1.4171
1.4171
1.4171
1.4171
1.41709
1.41709
1.41709
1.4171
1.41711
1.41712
1.41714
1.41717
1.4172
1.41724
1.41727
1.41729
1.4173
1.4173
1.41729
1.41726
1.41724
1.41721
1.41718
1.41717
1.41718
1.41719
1.4172
1.41722
1.41724
1.41726
1.41727
1.41728
1.41728
1.41727
1.41725
1.41724
1.41723
1.41721
1.41719
1.41718
1.41716
1.41714
1.41713
1.41711
1.41709
1.41709
1.41709
1.41709
1.4171
1.41712
1.41715
1.41719
1.41724
1.41729
1.41734
1.4174
1.41743
1.41743
1.4174
1.41732
1.41723
1.41715
1.41709
1.41706
1.41708
1.41714
1.41723
1.41734
1.41745
1.41755
1.41763
1.41767
1.41772
1.41774
1.41774
1.41771
1.4176
1.41742
1.41717
1.41687
1.41657
1.41633
1.4162
1.41617
1.41624
1.41639
1.41661
1.41686
1.41714
1.41743
1.41769
1.41788
1.41793
1.41778
1.41747
1.41709
1.41676
1.41657
1.41655
1.41665
1.41682
1.417
1.41717
1.4173
1.41741
1.41752
1.4176
1.41768
1.41775
1.41779
1.41783
1.41787
1.4179
1.4179
1.41784
1.41773
1.41757
1.4174
1.41724
1.41715
1.41714
1.41722
1.41734
1.4175
1.41769
1.41786
1.41801
1.41811
1.41809
1.41793
1.41768
1.41734
1.41702
1.41676
1.41662
1.41656
1.41656
1.4166
1.41665
1.41671
1.41677
1.41684
1.41694
1.41705
1.41716
1.41727
1.41737
1.41745
1.41752
1.41758
1.41765
1.41774
1.41786
1.41799
1.41806
1.41803
1.41784
1.4175
1.41711
1.4168
1.41666
1.41668
1.41683
1.41704
1.41727
1.41749
1.4177
1.41789
1.41807
1.41819
1.41827
1.41826
1.41816
1.41797
1.4177
1.41742
1.41718
1.41702
1.41693
1.41693
1.41697
1.41704
1.41716
1.4173
1.41745
1.4176
1.41773
1.41782
1.41786
1.41783
1.41775
1.41762
1.41752
1.41747
1.41744
1.41745
1.41748
1.4175
1.41751
1.41752
1.41756
1.41761
1.41769
1.4178
1.4179
1.41799
1.41797
1.41783
1.41758
1.41733
1.41717
1.41717
1.41727
1.41741
1.41742
1.41729
1.41705
1.41681
1.41669
1.4167
1.41682
1.417
1.41717
1.41731
1.41743
1.41751
1.41755
1.41758
1.4176
1.41761
1.4176
1.41759
1.41755
1.4175
1.41743
1.41736
1.41731
1.4173
1.41733
1.41745
1.41764
1.41792
1.41822
1.41844
1.41843
1.41804
1.41733
1.41656
1.41605
1.41592
1.41607
1.41635
1.41663
1.41686
1.41704
1.41716
1.41726
1.41733
1.41738
1.41743
1.41748
1.41752
1.41756
1.41759
1.4176
1.41758
1.41754
1.41749
1.41742
1.41734
1.41727
1.41724
1.41723
1.41725
1.41729
1.41732
1.41735
1.41737
1.41738
1.41738
1.41737
1.41736
1.41736
1.41737
1.41737
1.41738
1.41739
1.4174
1.4174
1.41738
1.41735
1.4173
1.41722
1.41716
1.4171
1.41704
1.41701
1.41699
1.41699
1.41699
1.41699
1.41701
1.41704
1.41706
1.4171
1.41714
1.41719
1.41726
1.41735
1.41744
1.41754
1.41764
1.41772
1.41777
1.41781
1.41777
1.4177
1.41761
1.41753
1.41749
1.41748
1.41751
1.41758
1.41765
1.41771
1.41773
1.41771
1.41763
1.41751
1.41736
1.41719
1.41702
1.41689
1.41678
1.41674
1.41674
1.41681
1.41691
1.41703
1.41716
1.41727
1.41738
1.41747
1.41755
1.41761
1.41767
1.41773
1.41777
1.41782
1.41785
1.41787
1.41789
1.41789
1.41788
1.41784
1.41777
1.41769
1.41758
1.41747
1.41736
1.41728
1.41722
1.4172
1.41721
1.41723
1.41728
1.41733
1.41737
1.41738
1.4174
1.41741
1.41742
1.41743
1.41745
1.41747
1.41752
1.41757
1.41763
1.4177
1.41775
1.41779
1.41779
1.41775
1.41765
1.41752
1.41738
1.41726
1.41718
1.41714
1.41714
1.41718
1.41722
1.41727
1.41733
1.41737
1.4174
1.41745
1.41752
1.41759
1.41767
1.41776
1.41786
1.41794
1.41799
1.41801
1.41798
1.4179
1.41779
1.41766
1.41752
1.41742
1.41734
1.41728
1.41723
1.4172
1.41716
1.4171
1.41704
1.41697
1.41691
1.41688
1.41687
1.41689
1.41696
1.41707
1.41721
1.41737
1.41755
1.41774
1.4179
1.41804
1.4181
1.41808
1.41798
1.41782
1.41763
1.41746
1.41731
1.4172
1.41713
1.41712
1.41715
1.4172
1.41726
1.41732
1.41737
1.4174
1.4174
1.41738
1.41737
1.41734
1.41732
1.41732
1.41731
1.41732
1.41733
1.41736
1.4174
1.41744
1.41749
1.41752
1.41756
1.41758
1.4176
1.41762
1.41765
1.41769
1.41773
1.41779
1.41785
1.4179
1.41792
1.4179
1.4178
1.41762
1.41742
1.4172
1.41703
1.41692
1.41688
1.41691
1.41698
1.41707
1.41718
1.41732
1.41747
1.41762
1.41776
1.41788
1.41798
1.41803
1.41801
1.41793
1.41777
1.41757
1.41737
1.41721
1.41711
1.41706
1.41706
1.4171
1.41716
1.41723
1.4173
1.41737
1.41744
1.4175
1.41755
1.41759
1.41759
1.41758
1.41754
1.41749
1.41744
1.41741
1.41738
1.41736
1.41736
1.41738
1.4174
1.41744
1.41748
1.41752
1.41755
1.41758
1.41762
1.41766
1.41769
1.41773
1.41777
1.4178
1.4178
1.41777
1.41774
1.41767
1.41758
1.41749
1.41739
1.41731
1.41722
1.41717
1.41714
1.41713
1.41713
1.41716
1.41718
1.41723
1.41727
1.41731
1.41735
1.41739
1.41744
1.4175
1.41755
1.4176
1.41764
1.41768
1.41772
1.41774
1.41775
1.41775
1.41773
1.41769
1.41764
1.41759
1.41752
1.41745
1.41739
1.41732
1.41725
1.41719
1.41713
1.4171
1.41709
1.41709
1.41711
1.41714
1.41717
1.41719
1.41722
1.41724
1.41726
1.41728
1.4173
1.41733
1.41735
1.41736
1.41737
1.41736
1.41737
1.41736
1.41736
1.41737
1.41739
1.41742
1.41747
1.41751
1.41756
1.41759
1.41761
1.41763
1.41763
1.41766
1.4177
1.41777
1.41786
1.41795
1.41804
1.4181
1.41811
1.41807
1.41795
1.41775
1.4175
1.41722
1.41698
1.4168
1.41673
1.41676
1.41689
1.41707
1.41729
1.41751
1.41773
1.41794
1.41813
1.4183
1.4184
1.4184
1.41828
1.41802
1.41765
1.41729
1.417
1.41687
1.41687
1.41699
1.41714
1.4173
1.41744
1.41755
1.41763
1.41768
1.4177
1.41772
1.41773
1.41773
1.41773
1.41774
1.41775
1.41777
1.41778
1.41778
1.41777
1.41777
1.41776
1.41775
1.41772
1.41768
1.41764
1.41759
1.41755
1.41751
1.41747
1.41744
1.41741
1.4174
1.4174
1.41741
1.41742
1.41743
1.41744
1.41745
1.41747
1.41748
1.41749
1.4175
1.41751
1.41751
1.41752
1.41753
1.41754
1.41755
1.41754
1.41753
1.41753
1.41753
1.41752
1.41752
1.41754
1.41757
1.41762
1.4177
1.41783
1.41804
1.4183
1.41863
1.41888
1.41888
1.41843
1.41757
1.41664
1.41605
1.41595
1.41621
1.41659
1.41697
1.41726
1.41743
1.4175
1.41747
1.41739
1.4173
1.41722
1.41719
1.41721
1.41728
1.41739
1.41749
1.41761
1.41771
1.41776
1.41776
1.4177
1.41758
1.4174
1.41721
1.41705
1.41691
1.41683
1.4168
1.41683
1.41688
1.41696
1.41704
1.41712
1.41721
1.4173
1.41739
1.41749
1.4176
1.41775
1.4179
1.41803
1.41813
1.41816
1.41812
1.41798
1.4178
1.41764
1.4175
1.41737
1.41721
1.41701
1.41679
1.41662
1.41656
1.41662
1.41677
1.41695
1.41714
1.4173
1.41745
1.41755
1.41762
1.41766
1.41769
1.4177
1.4177
1.4177
1.41768
1.41765
1.41763
1.4176
1.41758
1.41757
1.41757
1.41756
1.41753
1.41746
1.41736
1.41722
1.43487
1.43462
1.4345
1.43442
1.4344
1.43441
1.43444
1.43448
1.43452
1.43458
1.43465
1.43472
1.43482
1.43492
1.435
1.43506
1.43507
1.43502
1.43493
1.43483
1.43474
1.4347
1.43471
1.43475
1.43484
1.43494
1.43504
1.43515
1.43523
1.43532
1.43536
1.43537
1.43535
1.4353
1.43522
1.43511
1.43499
1.43487
1.43476
1.43466
1.43459
1.43453
1.43452
1.43454
1.43459
1.43466
1.43471
1.43478
1.43482
1.43486
1.43487
1.43488
1.43488
1.43488
1.43491
1.43493
1.43495
1.43496
1.43497
1.43498
1.43495
1.43493
1.43489
1.43485
1.4348
1.43475
1.43472
1.4347
1.4347
1.43471
1.43474
1.43479
1.43485
1.43492
1.43499
1.43506
1.43517
1.43525
1.43533
1.4354
1.43543
1.43541
1.43533
1.4352
1.43502
1.43483
1.43466
1.43453
1.43447
1.43447
1.43449
1.43455
1.43461
1.43468
1.43474
1.43479
1.43485
1.4349
1.43495
1.43498
1.435
1.435
1.43499
1.43496
1.43492
1.43488
1.43486
1.43482
1.43481
1.43481
1.43482
1.43485
1.43488
1.4349
1.43495
1.43499
1.43505
1.43508
1.43513
1.43516
1.43517
1.43519
1.43518
1.43515
1.43511
1.43506
1.43501
1.43498
1.43494
1.43491
1.43488
1.43487
1.43488
1.43489
1.43489
1.4349
1.43491
1.43493
1.43493
1.43495
1.43496
1.43497
1.43497
1.43495
1.43494
1.43492
1.43488
1.43484
1.43481
1.43477
1.43475
1.43473
1.43472
1.43473
1.43473
1.43474
1.43476
1.43477
1.43478
1.4348
1.4348
1.4348
1.43481
1.43482
1.43483
1.43483
1.43485
1.43487
1.4349
1.43493
1.43498
1.43503
1.4351
1.43517
1.43525
1.43535
1.43542
1.43548
1.4355
1.43547
1.4354
1.4353
1.43518
1.43508
1.435
1.43493
1.4349
1.43485
1.43479
1.43469
1.43459
1.43449
1.43437
1.43428
1.43422
1.43421
1.43422
1.43428
1.43435
1.43443
1.4345
1.43456
1.43462
1.43469
1.43475
1.4348
1.43485
1.43488
1.43491
1.43496
1.43501
1.43505
1.43509
1.43515
1.43521
1.4353
1.4354
1.43555
1.43571
1.43589
1.43602
1.43608
1.436
1.43575
1.43532
1.4348
1.43433
1.43401
1.43385
1.43386
1.43398
1.43415
1.43434
1.43454
1.43473
1.4349
1.43504
1.43515
1.43521
1.43525
1.43523
1.43519
1.43511
1.43501
1.43492
1.43487
1.43485
1.43486
1.43489
1.43496
1.43503
1.43511
1.43516
1.4352
1.43522
1.43523
1.43522
1.43519
1.43514
1.43508
1.43501
1.43495
1.4349
1.43487
1.43486
1.43485
1.43487
1.43488
1.4349
1.43493
1.43495
1.43498
1.435
1.43502
1.43504
1.43506
1.43508
1.43511
1.43513
1.43515
1.43517
1.43521
1.43525
1.43528
1.43533
1.4354
1.43548
1.43557
1.43566
1.43575
1.43579
1.43573
1.43555
1.43525
1.4349
1.4346
1.43441
1.43436
1.4344
1.43449
1.43457
1.43463
1.43467
1.43469
1.43471
1.43473
1.43476
1.43481
1.43485
1.43491
1.43496
1.43501
1.43507
1.43511
1.43514
1.43516
1.43517
1.43517
1.43517
1.43514
1.43509
1.43502
1.43495
1.43488
1.43481
1.43479
1.43478
1.4348
1.43486
1.43493
1.43503
1.43516
1.43529
1.43541
1.43554
1.43561
1.43564
1.43561
1.43553
1.43543
1.43532
1.43523
1.43516
1.43509
1.43501
1.43492
1.43483
1.43477
1.43475
1.43478
1.43485
1.43495
1.43506
1.43514
1.43517
1.43514
1.43505
1.43492
1.43478
1.43468
1.43465
1.43468
1.43475
1.43484
1.43494
1.43503
1.4351
1.43515
1.43517
1.43517
1.43513
1.43509
1.43503
1.43499
1.43497
1.43496
1.43497
1.43497
1.43496
1.43496
1.43493
1.43492
1.43491
1.43493
1.43496
1.43499
1.43503
1.43505
1.43507
1.43507
1.43505
1.43502
1.43499
1.43495
1.43493
1.43493
1.43493
1.43493
1.43493
1.43493
1.43494
1.43492
1.43489
1.43488
1.43485
1.43483
1.43482
1.43482
1.43481
1.43481
1.43481
1.43482
1.43483
1.43484
1.43485
1.43487
1.43488
1.4349
1.43492
1.43495
1.43498
1.43502
1.43506
1.4351
1.43514
1.43518
1.43522
1.43526
1.43531
1.43534
1.43536
1.43536
1.43534
1.43529
1.4352
1.43507
1.43491
1.43475
1.43458
1.43448
1.43444
1.43446
1.43452
1.43464
1.43477
1.43492
1.43507
1.43523
1.43536
1.43547
1.43551
1.43546
1.43529
1.43505
1.4348
1.43463
1.43454
1.43454
1.43459
1.43463
1.43465
1.43465
1.43464
1.43462
1.43463
1.43468
1.43476
1.43485
1.43497
1.43508
1.43518
1.43529
1.43539
1.43548
1.43555
1.43562
1.43568
1.43571
1.43572
1.4357
1.43564
1.43555
1.43543
1.43525
1.43505
1.43484
1.43467
1.43455
1.4345
1.43452
1.4346
1.4347
1.43481
1.43491
1.43497
1.435
1.43502
1.43505
1.43509
1.43516
1.43526
1.43539
1.43552
1.43566
1.43583
1.43603
1.43626
1.43648
1.43651
1.43613
1.43525
1.43417
1.43337
1.43312
1.43335
1.43379
1.43425
1.43462
1.43489
1.43508
1.4352
1.43525
1.43527
1.43525
1.43523
1.4352
1.43517
1.43514
1.43512
1.43511
1.4351
1.43508
1.43504
1.435
1.43494
1.43486
1.4348
1.43475
1.43473
1.43471
1.43472
1.43476
1.43481
1.43485
1.43489
1.43495
1.435
1.43505
1.43509
1.43514
1.43519
1.43522
1.43526
1.43531
1.43534
1.43538
1.43541
1.43542
1.43541
1.43537
1.43528
1.43513
1.43492
1.4347
1.43449
1.43437
1.43436
1.43443
1.43454
1.43469
1.43487
1.43505
1.43523
1.43542
1.43559
1.43573
1.43582
1.43577
1.43558
1.43529
1.43497
1.43469
1.4345
1.43442
1.43443
1.43449
1.43459
1.4347
1.43479
1.43486
1.43489
1.43489
1.43486
1.43482
1.4348
1.4348
1.43484
1.43489
1.43496
1.43503
1.4351
1.43515
1.43517
1.43516
1.43513
1.43509
1.43506
1.43501
1.43495
1.43488
1.43482
1.43476
1.43471
1.43469
1.43469
1.43472
1.43475
1.4348
1.43486
1.43491
1.43496
1.435
1.43503
1.43505
1.43506
1.43507
1.43507
1.43507
1.43506
1.43505
1.43504
1.43503
1.43501
1.43501
1.43501
1.435
1.435
1.43501
1.43503
1.43505
1.43508
1.43512
1.43518
1.43526
1.43536
1.43549
1.43563
1.43576
1.43584
1.43582
1.43564
1.43533
1.43497
1.43467
1.43449
1.43445
1.43453
1.43465
1.43476
1.43484
1.43489
1.43491
1.43491
1.4349
1.43489
1.43488
1.43487
1.43487
1.43487
1.43488
1.43487
1.43487
1.43486
1.43485
1.43484
1.43484
1.43485
1.43487
1.4349
1.43497
1.43507
1.43519
1.43532
1.43546
1.4356
1.43569
1.43571
1.43564
1.43548
1.43526
1.43502
1.43482
1.43468
1.4346
1.43457
1.43459
1.43463
1.4347
1.43477
1.43486
1.43495
1.43503
1.43511
1.43515
1.43516
1.43512
1.43502
1.43488
1.43473
1.4346
1.4345
1.43443
1.43442
1.43443
1.4345
1.4346
1.4347
1.4348
1.43489
1.43495
1.43498
1.43496
1.43491
1.43484
1.43478
1.43472
1.43469
1.43469
1.43474
1.43481
1.43489
1.43499
1.43508
1.43516
1.43523
1.43526
1.43526
1.43524
1.43521
1.43518
1.43516
1.43517
1.4352
1.43521
1.43521
1.43517
1.43511
1.43503
1.43494
1.43488
1.43483
1.43483
1.43486
1.43494
1.43506
1.43516
1.43525
1.43529
1.43527
1.4352
1.43511
1.435
1.43489
1.43479
1.43471
1.43467
1.43467
1.43471
1.43479
1.43487
1.43496
1.43505
1.43513
1.43518
1.43521
1.43522
1.43522
1.43521
1.43519
1.43517
1.43514
1.43512
1.4351
1.43508
1.43508
1.43508
1.43507
1.43506
1.43506
1.43505
1.43504
1.43505
1.43508
1.43511
1.43518
1.43526
1.43534
1.43541
1.43548
1.43553
1.43552
1.43547
1.43538
1.43522
1.43505
1.43488
1.43474
1.43465
1.43462
1.43462
1.43467
1.43474
1.43482
1.43491
1.43499
1.43506
1.43511
1.43515
1.43517
1.43518
1.43519
1.4352
1.43518
1.43518
1.43517
1.43514
1.43512
1.43508
1.43506
1.43504
1.43503
1.43503
1.43504
1.43506
1.43508
1.4351
1.43512
1.43514
1.43515
1.43515
1.43515
1.43515
1.43515
1.43514
1.43512
1.4351
1.43509
1.43508
1.43508
1.43507
1.43507
1.43506
1.43504
1.43503
1.43501
1.43499
1.43497
1.43495
1.43492
1.43489
1.43486
1.43483
1.4348
1.43479
1.43477
1.43478
1.43478
1.4348
1.43484
1.43488
1.43495
1.43505
1.43517
1.4353
1.43544
1.43555
1.43558
1.43549
1.43524
1.4349
1.43457
1.43436
1.43429
1.43436
1.43454
1.43477
1.43502
1.43527
1.43549
1.43568
1.4358
1.43581
1.43567
1.43537
1.43496
1.43456
1.43425
1.43411
1.43414
1.4343
1.4345
1.4347
1.43486
1.43494
1.43495
1.43489
1.43477
1.43462
1.43447
1.43435
1.43428
1.43425
1.43428
1.43434
1.43444
1.43454
1.43464
1.43475
1.43485
1.43492
1.43496
1.43498
1.43497
1.43495
1.43493
1.4349
1.43488
1.43487
1.43489
1.43492
1.43497
1.435
1.43503
1.43506
1.43506
1.43503
1.43499
1.43492
1.43485
1.43476
1.43468
1.43462
1.43458
1.43458
1.43459
1.43462
1.43467
1.43475
1.43482
1.43489
1.43495
1.43499
1.43501
1.43502
1.435
1.43497
1.43493
1.43489
1.43485
1.43481
1.43478
1.43476
1.43476
1.43477
1.4348
1.43484
1.43489
1.43495
1.43502
1.4351
1.43517
1.43524
1.4353
1.43535
1.43539
1.43542
1.43545
1.43546
1.43547
1.43545
1.4354
1.4353
1.43516
1.43501
1.43484
1.4347
1.43459
1.43452
1.43449
1.43449
1.43449
1.4345
1.43454
1.43456
1.43461
1.43465
1.4347
1.43477
1.43483
1.43491
1.43498
1.32549
1.32556
1.32563
1.3257
1.32575
1.32578
1.3258
1.3258
1.32578
1.32576
1.32573
1.3257
1.32568
1.32567
1.32567
1.32567
1.32567
1.32567
1.32567
1.32567
1.32566
1.32566
1.32567
1.32566
1.32565
1.32562
1.32557
1.32551
1.32545
1.32541
1.32539
1.32542
1.32546
1.32553
1.32561
1.32568
1.32573
1.32574
1.32572
1.32569
1.32561
1.32555
1.32549
1.32546
1.32543
1.32542
1.32542
1.32544
1.32546
1.32548
1.32551
1.32555
1.3256
1.32566
1.32573
1.32581
1.32589
1.32597
1.32603
1.32606
1.32605
1.32597
1.3258
1.32558
1.32535
1.32515
1.32502
1.325
1.32504
1.32514
1.32524
1.32535
1.32544
1.32554
1.3256
1.32566
1.3257
1.32573
1.32575
1.32577
1.32577
1.32577
1.32576
1.32575
1.32574
1.32573
1.32573
1.32575
1.3258
1.32588
1.32601
1.32615
1.32629
1.32641
1.3265
1.32648
1.32634
1.32606
1.32565
1.32517
1.32473
1.32443
1.32431
1.32437
1.32455
1.32477
1.325
1.32522
1.3254
1.32557
1.32571
1.32583
1.32591
1.32594
1.32592
1.32582
1.32566
1.32546
1.32527
1.32512
1.32504
1.32503
1.32509
1.32516
1.32526
1.32535
1.32545
1.32554
1.32562
1.32568
1.32571
1.32571
1.32569
1.32564
1.32557
1.32548
1.3254
1.32534
1.32531
1.32529
1.32533
1.32538
1.32545
1.32552
1.3256
1.32568
1.32574
1.3258
1.32583
1.32584
1.32581
1.32577
1.32569
1.32559
1.32549
1.32539
1.3253
1.32523
1.32518
1.32515
1.32514
1.32516
1.32517
1.32518
1.32521
1.32521
1.32522
1.32522
1.32523
1.32524
1.32526
1.3253
1.32533
1.32539
1.32547
1.32556
1.32564
1.32573
1.32581
1.32588
1.32596
1.32602
1.32608
1.32613
1.32615
1.32615
1.32609
1.32598
1.32583
1.32565
1.32548
1.32533
1.32519
1.3251
1.32503
1.325
1.32501
1.32504
1.3251
1.32515
1.3252
1.32524
1.32528
1.32531
1.32534
1.32537
1.32541
1.32546
1.32551
1.32557
1.32564
1.32572
1.32582
1.32592
1.32603
1.32613
1.32623
1.32631
1.32634
1.32631
1.32621
1.32605
1.32583
1.32558
1.32534
1.32516
1.32505
1.32503
1.32506
1.32513
1.32523
1.32533
1.32543
1.3255
1.32556
1.3256
1.32562
1.32562
1.3256
1.32559
1.32557
1.32556
1.32556
1.32555
1.32556
1.32558
1.32561
1.32564
1.32567
1.32572
1.32576
1.32578
1.32579
1.32579
1.32579
1.32578
1.32576
1.32573
1.32572
1.32571
1.32574
1.3258
1.32591
1.32606
1.32619
1.32625
1.32616
1.32588
1.32546
1.32501
1.3247
1.32459
1.32464
1.3248
1.32497
1.32513
1.32528
1.32538
1.32545
1.3255
1.32553
1.32556
1.32557
1.32558
1.32559
1.3256
1.3256
1.32561
1.32563
1.32565
1.32567
1.32569
1.32571
1.32573
1.32574
1.32573
1.32572
1.32569
1.32566
1.32563
1.3256
1.32557
1.32554
1.32553
1.32552
1.3255
1.3255
1.3255
1.32549
1.32548
1.32547
1.32546
1.32546
1.32547
1.32548
1.32547
1.32548
1.32547
1.32548
1.32549
1.32552
1.32554
1.32556
1.32555
1.32552
1.32548
1.32543
1.32537
1.32533
1.32533
1.32535
1.32539
1.32542
1.32543
1.32541
1.32536
1.3253
1.32525
1.32521
1.32521
1.32524
1.32529
1.32538
1.32548
1.32559
1.3257
1.3258
1.3259
1.32597
1.32601
1.32602
1.326
1.32595
1.32588
1.32583
1.32577
1.32571
1.32564
1.32555
1.32541
1.32525
1.32509
1.32496
1.32489
1.32488
1.32494
1.32504
1.32517
1.3253
1.32544
1.32557
1.32569
1.32579
1.32587
1.32593
1.32594
1.3259
1.32582
1.32571
1.32557
1.32542
1.32529
1.32521
1.32515
1.32514
1.32516
1.32519
1.32522
1.32526
1.3253
1.32533
1.32535
1.32536
1.32538
1.32539
1.32539
1.32541
1.32542
1.32543
1.32546
1.32549
1.32552
1.32556
1.32561
1.32567
1.32575
1.32583
1.32593
1.32601
1.32609
1.32613
1.32611
1.326
1.32583
1.32559
1.32532
1.32507
1.32486
1.32474
1.32468
1.32467
1.32471
1.32477
1.32485
1.32495
1.32503
1.32512
1.32519
1.32526
1.32532
1.32537
1.32542
1.32545
1.3255
1.32553
1.32556
1.32558
1.3256
1.32561
1.32561
1.32562
1.32561
1.32561
1.3256
1.32559
1.32559
1.32558
1.32558
1.32557
1.32556
1.32556
1.32555
1.32553
1.32553
1.32551
1.3255
1.32548
1.32546
1.32545
1.32544
1.32544
1.32545
1.32545
1.32547
1.32548
1.3255
1.32554
1.32556
1.32558
1.32559
1.32558
1.32556
1.32548
1.32541
1.32533
1.32525
1.3252
1.32517
1.32517
1.32521
1.32526
1.32534
1.32541
1.32549
1.32557
1.32564
1.32569
1.32573
1.32574
1.32573
1.32571
1.32568
1.32564
1.32559
1.32554
1.3255
1.32548
1.32546
1.32547
1.3255
1.32552
1.32553
1.32552
1.3255
1.32546
1.32542
1.32537
1.32533
1.3253
1.32532
1.32535
1.3254
1.32548
1.32556
1.32566
1.32577
1.32586
1.32593
1.32594
1.32589
1.32577
1.32558
1.32536
1.32517
1.32506
1.32503
1.32505
1.32513
1.32522
1.32529
1.32535
1.32538
1.32542
1.32547
1.32553
1.3256
1.32566
1.32571
1.32572
1.3257
1.32562
1.32552
1.32542
1.32533
1.32528
1.32527
1.32528
1.3253
1.32533
1.32535
1.32536
1.32535
1.32535
1.32533
1.32531
1.32531
1.3253
1.3253
1.32532
1.32532
1.32532
1.32531
1.32529
1.32526
1.32525
1.32524
1.32524
1.32527
1.32532
1.32537
1.32545
1.32552
1.32559
1.32564
1.32569
1.32573
1.32577
1.32579
1.32581
1.32583
1.32586
1.32589
1.32593
1.326
1.32609
1.3262
1.32632
1.32643
1.32651
1.32652
1.32644
1.32625
1.32594
1.32555
1.3251
1.3247
1.32441
1.32425
1.32424
1.3243
1.32443
1.32459
1.32476
1.32492
1.32507
1.32519
1.3253
1.32538
1.32546
1.32551
1.32554
1.32558
1.32561
1.32562
1.32564
1.32564
1.32564
1.32564
1.32564
1.32563
1.32563
1.32562
1.32562
1.32562
1.32562
1.32563
1.32562
1.32562
1.32562
1.32561
1.32559
1.32557
1.32555
1.32552
1.32548
1.32544
1.3254
1.32536
1.32534
1.3253
1.32529
1.32528
1.32527
1.32526
1.32526
1.32525
1.32525
1.32526
1.32527
1.3253
1.32533
1.32538
1.32544
1.32551
1.32559
1.32568
1.32575
1.3258
1.32583
1.3258
1.32574
1.32563
1.32548
1.3253
1.3251
1.32492
1.32477
1.32468
1.32465
1.32468
1.32475
1.32484
1.32495
1.32507
1.32519
1.32531
1.32544
1.32558
1.32572
1.32586
1.32601
1.32618
1.32634
1.32647
1.32652
1.32645
1.32621
1.32584
1.32543
1.32512
1.32499
1.32501
1.32512
1.32526
1.32537
1.32543
1.32545
1.32547
1.32547
1.32548
1.3255
1.32551
1.32551
1.32553
1.32555
1.32556
1.32558
1.32562
1.32566
1.32571
1.32577
1.32585
1.32592
1.32596
1.32593
1.32584
1.32566
1.32543
1.32521
1.32503
1.32495
1.32495
1.32501
1.3251
1.3252
1.32531
1.32539
1.32546
1.32553
1.32559
1.32564
1.3257
1.32574
1.32578
1.32581
1.32584
1.32587
1.32588
1.32588
1.32587
1.32586
1.32585
1.32586
1.32588
1.3259
1.32591
1.32588
1.32581
1.32567
1.32549
1.32527
1.32508
1.32492
1.32485
1.32485
1.32491
1.32503
1.32515
1.32528
1.32539
1.32549
1.32559
1.32566
1.32573
1.32578
1.32582
1.32587
1.32589
1.32594
1.32599
1.32604
1.32612
1.32618
1.32623
1.32621
1.32612
1.32597
1.32576
1.32553
1.32534
1.32522
1.32519
1.32522
1.32528
1.3253
1.32527
1.32518
1.3251
1.32505
1.32507
1.32517
1.32529
1.32542
1.32551
1.32553
1.32548
1.32537
1.32522
1.3251
1.325
1.32497
1.32498
1.32503
1.32509
1.32518
1.32526
1.32534
1.3254
1.32546
1.32551
1.32557
1.32561
1.32565
1.32568
1.3257
1.3257
1.32569
1.32566
1.3256
1.32553
1.32545
1.32537
1.3253
1.32525
1.32523
1.32522
1.32524
1.32527
1.32533
1.32539
1.32545
1.32552
1.32559
1.32565
1.32569
1.3257
1.32567
1.32559
1.32549
1.32535
1.3252
1.32509
1.32503
1.32503
1.32507
1.32514
1.32523
1.32532
1.32542
1.3255
1.32556
1.32562
1.32567
1.32571
1.32575
1.3258
1.32587
1.32595
1.32605
1.32615
1.32621
1.32616
1.32599
1.32568
1.32531
1.325
1.32483
1.3248
1.32488
1.32504
1.32522
1.32537
1.32551
1.3256
1.32565
1.32566
1.32562
1.32554
1.32543
1.32532
1.32523
1.32517
1.32516
1.32518
1.32523
1.32529
1.32535
1.32541
1.32545
1.32548
1.3255
1.32552
1.32555
1.32557
1.3256
1.32562
1.32565
1.32569
1.32573
1.32577
1.32581
1.32586
1.32589
1.32591
1.32591
1.32591
1.32591
1.32589
1.32589
1.32592
1.32597
1.32604
1.32613
1.32621
1.32622
1.32614
1.32593
1.3256
1.32521
1.32485
1.32461
1.32451
1.32454
1.32465
1.32479
1.32495
1.32508
1.32521
1.32531
1.3254
1.32549
1.32555
1.32561
1.32564
1.32567
1.32569
1.3257
1.3257
1.3257
1.3257
1.3257
1.32571
1.32572
1.32573
1.32576
1.3258
1.32584
1.32588
1.32591
1.32593
1.32592
1.32588
1.32579
1.32568
1.32555
1.32544
1.32536
1.32529
1.32527
1.32527
1.32529
1.32532
1.32537
1.3254
1.32543
1.32548
1.32551
1.32553
1.32556
1.32558
1.3256
1.32561
1.3256
1.3256
1.32558
1.32555
1.32554
1.3255
1.32549
1.32547
1.32546
1.32545
1.32546
1.32548
1.32549
1.32551
1.32554
1.32555
1.32556
1.32557
1.32558
1.32559
1.32558
1.32557
1.32556
1.32553
1.32552
1.3255
1.32547
1.32543
1.3254
1.48791
1.48786
1.48784
1.48782
1.48781
1.48781
1.48781
1.48781
1.48783
1.48786
1.48788
1.4879
1.48792
1.48794
1.48797
1.48799
1.488
1.488
1.48801
1.48802
1.48803
1.48803
1.48802
1.48801
1.48801
1.48799
1.48798
1.48798
1.48797
1.48797
1.48799
1.48801
1.48806
1.48809
1.48813
1.48815
1.48813
1.48807
1.48798
1.48786
1.48775
1.48768
1.48766
1.48773
1.4879
1.48812
1.48839
1.48865
1.48881
1.48872
1.48832
1.48767
1.48706
1.48671
1.48669
1.4869
1.4872
1.48752
1.4878
1.48803
1.48821
1.48834
1.4884
1.48841
1.48834
1.48824
1.48812
1.488
1.48791
1.48786
1.48784
1.48783
1.48782
1.4878
1.48778
1.48778
1.48779
1.48785
1.4879
1.48792
1.48787
1.48778
1.48766
1.48756
1.48751
1.48753
1.4876
1.48769
1.48778
1.48784
1.48788
1.48789
1.48788
1.48784
1.48779
1.48774
1.4877
1.48768
1.48768
1.4877
1.48773
1.48778
1.48784
1.4879
1.48795
1.488
1.48802
1.48803
1.48801
1.48799
1.48797
1.48795
1.48793
1.48793
1.48795
1.48797
1.488
1.48803
1.48807
1.4881
1.48814
1.48819
1.48827
1.48834
1.4884
1.48843
1.48842
1.48835
1.48824
1.48813
1.48801
1.48791
1.48786
1.48782
1.48781
1.4878
1.48779
1.48776
1.48774
1.48771
1.48769
1.48766
1.48763
1.48762
1.48761
1.48762
1.48763
1.48767
1.48771
1.48777
1.48784
1.48791
1.48799
1.48806
1.48813
1.48819
1.48824
1.48828
1.48834
1.48842
1.48853
1.48866
1.48878
1.48878
1.48858
1.48818
1.48763
1.48712
1.48677
1.48667
1.48675
1.48694
1.48716
1.48739
1.48761
1.48781
1.48802
1.48821
1.48842
1.48865
1.48888
1.48916
1.48945
1.48972
1.48992
1.48999
1.48986
1.4895
1.48899
1.48839
1.48777
1.4872
1.48676
1.48654
1.48654
1.48669
1.48689
1.48706
1.48719
1.48728
1.48734
1.48738
1.48744
1.48752
1.48762
1.48772
1.48784
1.48795
1.48806
1.48817
1.48827
1.48838
1.4885
1.48864
1.48878
1.48888
1.48885
1.48865
1.48825
1.48775
1.4873
1.48701
1.48691
1.48695
1.48709
1.48727
1.48747
1.48765
1.48782
1.48797
1.48807
1.48813
1.48813
1.48808
1.48798
1.48784
1.48771
1.4876
1.48753
1.48751
1.48753
1.48759
1.48769
1.4878
1.48792
1.48805
1.48819
1.48832
1.48843
1.4885
1.48852
1.48847
1.48836
1.48821
1.48802
1.48784
1.48769
1.48758
1.48754
1.48755
1.48763
1.48775
1.48789
1.48803
1.48821
1.48835
1.48848
1.48856
1.4886
1.48856
1.48842
1.48821
1.48794
1.48767
1.48744
1.48729
1.48723
1.48727
1.48736
1.48751
1.48766
1.48781
1.48795
1.48807
1.48816
1.48821
1.48824
1.48824
1.48822
1.48818
1.48814
1.4881
1.48808
1.48807
1.48809
1.48813
1.48818
1.48823
1.48828
1.4883
1.48827
1.4882
1.4881
1.48799
1.48788
1.48781
1.48777
1.48777
1.48779
1.48783
1.48787
1.4879
1.48793
1.48796
1.48798
1.48798
1.48799
1.48799
1.48799
1.48799
1.48798
1.48797
1.48796
1.48794
1.48794
1.48794
1.48796
1.48799
1.48803
1.48806
1.48812
1.48817
1.4882
1.48819
1.48815
1.48806
1.48797
1.4879
1.48788
1.48793
1.48804
1.48819
1.48835
1.48846
1.48848
1.48837
1.48811
1.48779
1.4875
1.48734
1.48732
1.48745
1.48765
1.48788
1.48809
1.48828
1.48842
1.48849
1.48851
1.48848
1.48837
1.48822
1.48801
1.48777
1.48753
1.4873
1.48712
1.487
1.48696
1.48697
1.48703
1.48714
1.48726
1.48741
1.48757
1.48773
1.48791
1.48806
1.48819
1.48828
1.48829
1.48821
1.48804
1.48779
1.48753
1.4873
1.48713
1.48706
1.48705
1.48711
1.48719
1.4873
1.4874
1.48749
1.48759
1.48768
1.48776
1.48782
1.48789
1.48797
1.48807
1.48818
1.48828
1.48839
1.48851
1.4886
1.48867
1.48871
1.48869
1.48862
1.48847
1.48825
1.48794
1.48763
1.48737
1.48725
1.48731
1.48754
1.48793
1.48841
1.48894
1.48945
1.48979
1.48971
1.48906
1.48792
1.48674
1.48599
1.48578
1.48594
1.48626
1.48661
1.48693
1.48721
1.48745
1.48766
1.48782
1.48794
1.48801
1.48805
1.48805
1.48802
1.48798
1.48793
1.48789
1.48787
1.48787
1.48789
1.48794
1.488
1.48807
1.48811
1.48814
1.48814
1.48811
1.48805
1.48797
1.4879
1.48786
1.48786
1.48788
1.48793
1.48799
1.48805
1.48811
1.48817
1.48821
1.48826
1.4883
1.48833
1.48834
1.48831
1.48822
1.48809
1.48792
1.48772
1.48755
1.48741
1.48733
1.48729
1.48731
1.48736
1.48742
1.48749
1.48755
1.4876
1.48764
1.48767
1.48769
1.4877
1.48772
1.48774
1.48774
1.48776
1.48778
1.4878
1.48782
1.48783
1.48783
1.48783
1.48782
1.48778
1.48775
1.48771
1.48767
1.48766
1.48765
1.48768
1.48771
1.48777
1.48784
1.48793
1.48802
1.4881
1.48815
1.48816
1.48815
1.48811
1.48802
1.48794
1.48784
1.48774
1.48767
1.48761
1.48756
1.48752
1.4875
1.48748
1.48747
1.48748
1.48749
1.48753
1.48758
1.48765
1.48776
1.48789
1.48804
1.4882
1.48834
1.48843
1.48842
1.4883
1.48807
1.48778
1.48755
1.48741
1.48739
1.48746
1.48756
1.48764
1.48768
1.48769
1.48767
1.48764
1.48763
1.48766
1.48773
1.48782
1.48794
1.48808
1.4882
1.4883
1.48834
1.48833
1.48828
1.48822
1.48816
1.48809
1.48795
1.48774
1.48748
1.48726
1.48713
1.48711
1.48718
1.48731
1.48746
1.48761
1.48772
1.48783
1.48789
1.48796
1.488
1.48803
1.48805
1.48808
1.48809
1.4881
1.48812
1.4881
1.48809
1.48808
1.48805
1.48801
1.48798
1.48795
1.48792
1.4879
1.48788
1.48788
1.48787
1.48787
1.48788
1.48788
1.48789
1.4879
1.48789
1.4879
1.48792
1.48794
1.48798
1.48801
1.48803
1.48804
1.48803
1.488
1.48797
1.48795
1.48793
1.4879
1.48788
1.48784
1.48782
1.48778
1.48777
1.48776
1.48778
1.48783
1.48788
1.48794
1.48801
1.48806
1.48808
1.48806
1.488
1.48789
1.48778
1.48768
1.48763
1.48764
1.4877
1.4878
1.48793
1.48807
1.48823
1.48842
1.48863
1.48886
1.48906
1.48917
1.48908
1.48876
1.48824
1.4877
1.4873
1.48712
1.48711
1.4872
1.48729
1.48737
1.48743
1.48748
1.48753
1.48758
1.48764
1.4877
1.48776
1.48782
1.48788
1.48792
1.48797
1.48801
1.48805
1.48809
1.48812
1.48813
1.48811
1.48805
1.48796
1.48784
1.48772
1.48762
1.48756
1.48755
1.48758
1.48763
1.48771
1.48778
1.48786
1.48793
1.48799
1.48803
1.48806
1.48808
1.4881
1.48808
1.48805
1.488
1.48795
1.48789
1.48783
1.48778
1.48773
1.4877
1.48768
1.4877
1.48773
1.48777
1.48782
1.48789
1.48796
1.48804
1.48812
1.48821
1.48829
1.48836
1.4884
1.48841
1.48839
1.48833
1.48821
1.48808
1.48796
1.48787
1.48782
1.48782
1.48784
1.48783
1.48783
1.4878
1.48774
1.48768
1.48761
1.48755
1.48749
1.48745
1.48742
1.48741
1.48742
1.48743
1.48746
1.4875
1.48756
1.48762
1.48769
1.48779
1.48789
1.488
1.48813
1.48826
1.48837
1.48845
1.4885
1.48851
1.48851
1.48853
1.48858
1.48866
1.48873
1.48875
1.48863
1.48836
1.48799
1.48764
1.48737
1.48722
1.48716
1.48717
1.48721
1.48728
1.48736
1.48743
1.48752
1.4876
1.48768
1.48778
1.48788
1.48798
1.4881
1.48823
1.48835
1.48845
1.48852
1.48852
1.48843
1.48822
1.48796
1.4877
1.4875
1.4874
1.48741
1.48748
1.48759
1.48771
1.48783
1.48792
1.48798
1.48805
1.4881
1.48813
1.48816
1.48818
1.48818
1.48819
1.48821
1.48825
1.4883
1.48835
1.4884
1.48841
1.48838
1.4883
1.48816
1.48799
1.48784
1.48773
1.48769
1.48768
1.48772
1.48779
1.48782
1.48788
1.48793
1.48796
1.48798
1.48799
1.48798
1.48797
1.48795
1.48791
1.48789
1.48787
1.48787
1.48788
1.48788
1.48791
1.48793
1.48796
1.48799
1.48802
1.48804
1.48804
1.48804
1.48803
1.48802
1.48801
1.48802
1.48803
1.48804
1.48806
1.48808
1.48809
1.48808
1.48808
1.48807
1.48807
1.48805
1.48806
1.48806
1.48808
1.48811
1.48814
1.48817
1.48819
1.48819
1.48819
1.48815
1.48807
1.48796
1.48783
1.4877
1.48758
1.48752
1.4875
1.48753
1.48762
1.48773
1.48784
1.48791
1.48792
1.48788
1.48781
1.48772
1.48767
1.48768
1.48775
1.48788
1.48803
1.48819
1.48835
1.4885
1.48863
1.48872
1.48879
1.4888
1.48878
1.48872
1.48861
1.48843
1.48819
1.48788
1.48756
1.48729
1.48715
1.48712
1.48719
1.48732
1.48745
1.48759
1.48771
1.48782
1.4879
1.48797
1.48802
1.48805
1.48807
1.48809
1.48811
1.48812
1.48813
1.48814
1.48815
1.48817
1.48818
1.48819
1.48819
1.48817
1.48813
1.48808
1.48803
1.48798
1.48792
1.48787
1.48782
1.48781
1.4878
1.48781
1.48783
1.48785
1.48788
1.48791
1.48794
1.48797
1.48798
1.48799
1.48799
1.48798
1.48796
1.48794
1.4879
1.48788
1.48787
1.48786
1.4879
1.48796
1.48807
1.48823
1.48845
1.48872
1.48893
1.48902
1.48884
1.48835
1.4877
1.48712
1.48685
1.48689
1.48715
1.48751
1.48784
1.4881
1.48822
1.48822
1.48814
1.48805
1.48804
1.48815
1.48832
1.48848
1.48854
1.48843
1.48815
1.48779
1.48744
1.4872
1.48709
1.48709
1.48719
1.48734
1.48751
1.48769
1.48784
1.48798
1.48812
1.48823
1.48834
1.48843
1.48849
1.48856
1.48861
1.48864
1.41288
1.41319
1.41317
1.41311
1.41302
1.41288
1.41272
1.41256
1.41243
1.41236
1.41234
1.41235
1.41237
1.41239
1.41239
1.41238
1.41235
1.41234
1.41232
1.41232
1.41234
1.41239
1.41246
1.41253
1.41261
1.4127
1.41278
1.41284
1.41288
1.41288
1.41287
1.4128
1.4127
1.41258
1.41245
1.41234
1.41226
1.4122
1.41218
1.41218
1.41221
1.41227
1.41235
1.41245
1.41258
1.41271
1.41285
1.41299
1.41312
1.41322
1.41327
1.41323
1.41311
1.41292
1.41269
1.41249
1.41235
1.41231
1.41233
1.41239
1.41246
1.4125
1.41252
1.41253
1.41251
1.4125
1.41248
1.41248
1.41248
1.41249
1.41248
1.41248
1.41249
1.41248
1.4125
1.41251
1.41253
1.41255
1.41257
1.41259
1.4126
1.41261
1.41261
1.41261
1.41262
1.41261
1.41259
1.41258
1.41257
1.41256
1.41253
1.41252
1.41249
1.41245
1.41243
1.4124
1.41238
1.41238
1.41238
1.41241
1.41244
1.41247
1.41252
1.41255
1.41259
1.41262
1.41265
1.41266
1.41267
1.41266
1.41264
1.41261
1.41258
1.41254
1.41251
1.41249
1.41247
1.41247
1.41248
1.41249
1.41249
1.41251
1.41254
1.41255
1.41258
1.4126
1.41262
1.41265
1.41272
1.41281
1.41294
1.4131
1.41325
1.4134
1.4135
1.4135
1.41336
1.4131
1.41276
1.41242
1.41214
1.41194
1.41184
1.41181
1.41182
1.41188
1.41195
1.41205
1.41213
1.41219
1.41222
1.41224
1.41226
1.41227
1.41229
1.4123
1.41233
1.41237
1.41242
1.41247
1.41254
1.41261
1.41266
1.41273
1.41278
1.41281
1.41284
1.41284
1.41282
1.41279
1.41276
1.41273
1.41273
1.41275
1.41279
1.41283
1.41286
1.41288
1.41287
1.41283
1.41277
1.4127
1.41265
1.41262
1.41261
1.4126
1.4126
1.41259
1.41257
1.41257
1.41257
1.4126
1.41262
1.41263
1.41262
1.41254
1.41242
1.41227
1.41212
1.41202
1.412
1.41204
1.41213
1.41225
1.41239
1.41252
1.41262
1.41268
1.41271
1.4127
1.41266
1.4126
1.41253
1.41247
1.41244
1.41242
1.41243
1.41247
1.41252
1.41255
1.41258
1.41262
1.41263
1.41264
1.41265
1.41264
1.41264
1.41264
1.41264
1.41263
1.41263
1.41261
1.41258
1.41255
1.4125
1.41245
1.4124
1.41235
1.4123
1.41228
1.41226
1.41225
1.41224
1.41225
1.41225
1.41227
1.41228
1.4123
1.41232
1.41234
1.41236
1.41239
1.41242
1.41246
1.4125
1.41255
1.4126
1.41267
1.41273
1.41278
1.41283
1.41287
1.41292
1.41296
1.41301
1.41309
1.41318
1.41329
1.41341
1.41348
1.41346
1.41331
1.41302
1.41262
1.4122
1.41183
1.41157
1.41146
1.41149
1.41161
1.4118
1.41203
1.41226
1.41249
1.41271
1.41291
1.41306
1.41315
1.41315
1.41304
1.41284
1.41261
1.41241
1.41229
1.41226
1.41229
1.41234
1.41241
1.41245
1.41249
1.4125
1.41252
1.41253
1.41255
1.41257
1.4126
1.41263
1.41268
1.41275
1.4128
1.41288
1.41294
1.41301
1.41304
1.41304
1.41302
1.41295
1.41289
1.4128
1.41271
1.41266
1.41262
1.41259
1.41256
1.41253
1.41251
1.41248
1.41246
1.41244
1.41244
1.41244
1.41246
1.41247
1.41249
1.41251
1.41254
1.41255
1.41257
1.41261
1.41265
1.4127
1.41274
1.41279
1.41283
1.41284
1.41283
1.41278
1.41268
1.41255
1.41241
1.41229
1.41218
1.41211
1.41209
1.4121
1.41214
1.41218
1.41224
1.41231
1.41238
1.41245
1.41253
1.41261
1.41269
1.41277
1.41286
1.41297
1.41308
1.4132
1.4133
1.41338
1.41341
1.41336
1.4132
1.41295
1.41264
1.41233
1.41209
1.41194
1.41192
1.41199
1.41211
1.41224
1.41238
1.4125
1.41259
1.41264
1.41264
1.41258
1.41248
1.41236
1.41225
1.41215
1.41211
1.4121
1.41213
1.41222
1.41234
1.41249
1.41267
1.41289
1.41313
1.41336
1.41352
1.41353
1.41335
1.41301
1.4126
1.41225
1.41206
1.41201
1.41204
1.4121
1.41215
1.41218
1.4122
1.41221
1.41223
1.41225
1.41228
1.41231
1.41234
1.41238
1.41241
1.41243
1.41244
1.41247
1.41249
1.4125
1.41251
1.41252
1.41253
1.41254
1.41255
1.41255
1.41256
1.41258
1.41258
1.41259
1.41261
1.41261
1.41261
1.41261
1.41263
1.41264
1.41266
1.41269
1.41272
1.41275
1.41279
1.41283
1.41288
1.41293
1.41296
1.41298
1.41296
1.41289
1.41281
1.4127
1.41258
1.41249
1.41239
1.41231
1.41222
1.41213
1.41204
1.41197
1.41194
1.41195
1.412
1.41209
1.41218
1.41227
1.41235
1.41241
1.41247
1.41251
1.41255
1.41257
1.41258
1.41258
1.41259
1.4126
1.41259
1.41259
1.41258
1.41259
1.4126
1.4126
1.41263
1.41266
1.41269
1.41274
1.41279
1.41284
1.41286
1.41287
1.41285
1.41278
1.41265
1.41248
1.41231
1.41218
1.41209
1.41206
1.41207
1.41212
1.41219
1.41226
1.41234
1.4124
1.41248
1.41254
1.41259
1.41263
1.41267
1.41272
1.41275
1.41277
1.41278
1.41277
1.41276
1.41274
1.41272
1.41272
1.41273
1.41278
1.41284
1.41289
1.41292
1.41289
1.41279
1.41262
1.41243
1.41224
1.4121
1.41202
1.412
1.41201
1.41206
1.41211
1.41219
1.41226
1.41237
1.41249
1.41262
1.41274
1.41281
1.41281
1.41271
1.4125
1.41227
1.41206
1.41195
1.41194
1.41201
1.41214
1.41229
1.41243
1.41257
1.41267
1.41276
1.41283
1.41287
1.4129
1.41289
1.41287
1.41284
1.41282
1.41281
1.41283
1.41287
1.41293
1.41299
1.41301
1.41296
1.41283
1.41265
1.41243
1.41223
1.41207
1.41199
1.41195
1.41194
1.41196
1.41199
1.41204
1.4121
1.41216
1.41221
1.41224
1.41227
1.41228
1.4123
1.41233
1.41237
1.41244
1.41253
1.41265
1.41275
1.41284
1.4129
1.41287
1.41273
1.41249
1.41222
1.41197
1.41181
1.41175
1.4118
1.41189
1.41202
1.41213
1.41223
1.41231
1.41236
1.41238
1.41239
1.41239
1.41239
1.41237
1.41235
1.41233
1.41232
1.4123
1.4123
1.4123
1.41231
1.41232
1.41234
1.41236
1.41237
1.41239
1.41242
1.41245
1.41248
1.41251
1.41254
1.41257
1.4126
1.41264
1.41267
1.41268
1.41268
1.41267
1.41264
1.4126
1.41255
1.41249
1.41243
1.4124
1.4124
1.41241
1.41244
1.41249
1.41254
1.41257
1.41258
1.41254
1.41246
1.41234
1.41223
1.41216
1.41213
1.41213
1.41216
1.41219
1.4122
1.41221
1.4122
1.41219
1.41219
1.4122
1.41226
1.41235
1.41246
1.4126
1.41275
1.41288
1.41298
1.41304
1.41306
1.41303
1.41295
1.41284
1.41272
1.41261
1.41253
1.41247
1.41246
1.41248
1.41252
1.41254
1.41255
1.41254
1.4125
1.41244
1.41239
1.41237
1.41235
1.41237
1.41241
1.41246
1.41251
1.41254
1.41256
1.41256
1.41256
1.41256
1.41259
1.41262
1.41263
1.41262
1.41258
1.4125
1.41241
1.41233
1.41229
1.41226
1.41228
1.41231
1.41235
1.41238
1.41241
1.41242
1.41241
1.4124
1.41238
1.41236
1.41235
1.41234
1.41234
1.41234
1.41236
1.41238
1.41241
1.41245
1.41249
1.41254
1.4126
1.41268
1.41275
1.41285
1.41295
1.41303
1.4131
1.41314
1.41315
1.41313
1.41307
1.41295
1.41275
1.41244
1.41206
1.41169
1.41143
1.41133
1.41139
1.41154
1.41173
1.41192
1.41207
1.41219
1.41227
1.41232
1.41234
1.41235
1.41235
1.41234
1.41233
1.41233
1.41234
1.41235
1.41237
1.41241
1.41247
1.41254
1.41262
1.41269
1.41277
1.41283
1.41288
1.41289
1.41287
1.41282
1.41274
1.41264
1.41254
1.41244
1.41234
1.41224
1.41216
1.4121
1.41206
1.41202
1.41199
1.41199
1.41201
1.41207
1.41216
1.41226
1.41238
1.41249
1.41256
1.41257
1.41251
1.41242
1.41232
1.41223
1.41217
1.41216
1.41221
1.41228
1.41239
1.41249
1.41258
1.41265
1.41271
1.41277
1.41286
1.41295
1.41307
1.41318
1.41324
1.41319
1.413
1.41268
1.41229
1.41194
1.41172
1.41163
1.41165
1.41173
1.41183
1.41195
1.41207
1.41217
1.41228
1.41239
1.41249
1.41256
1.41262
1.41266
1.41267
1.41266
1.41261
1.41255
1.41248
1.41242
1.41234
1.41229
1.41227
1.41227
1.41227
1.4123
1.41232
1.41236
1.41241
1.41245
1.41249
1.41254
1.4126
1.41266
1.41272
1.4128
1.41288
1.41296
1.41305
1.41311
1.41315
1.41313
1.41303
1.41286
1.41264
1.41241
1.41221
1.41207
1.41198
1.41195
1.41197
1.41201
1.41208
1.41215
1.41225
1.41235
1.41242
1.41247
1.41246
1.4124
1.41232
1.41222
1.41211
1.41204
1.41203
1.41208
1.41218
1.41233
1.41253
1.41281
1.41311
1.41342
1.41367
1.41371
1.41348
1.41297
1.41236
1.4119
1.41173
1.41179
1.41196
1.41216
1.41232
1.41244
1.41251
1.41256
1.41257
1.41257
1.41254
1.41251
1.41246
1.41241
1.41237
1.41234
1.41231
1.4123
1.41229
1.41227
1.41226
1.41225
1.41225
1.41226
1.41229
1.41233
1.41237
1.41242
1.41245
1.41247
1.41248
1.41248
1.41247
1.41246
1.41243
1.4124
1.41238
1.41237
1.41237
1.41238
1.41241
1.41245
1.4125
1.41257
1.41265
1.41272
1.41277
1.4128
1.41279
1.41275
1.41267
1.41256
1.41245
1.41235
1.41226
1.41219
1.41211
1.41204
1.41199
1.41194
1.4119
1.41191
1.41195
1.41204
1.41216
1.4123
1.41243
1.41254
1.41262
1.41266
1.41267
1.41267
1.41269
1.41272
1.41275
1.41274
1.41262
1.41237
1.41205
1.41174
1.41151
1.41142
1.41147
1.41161
1.41181
1.41202
1.41223
1.41244
1.41262
1.41279
1.41293
1.41302
1.41304
1.41299
1.42289
1.42307
1.42288
1.42264
1.42243
1.42222
1.42206
1.42192
1.42182
1.42176
1.42176
1.42182
1.42195
1.42214
1.42241
1.42271
1.42301
1.42326
1.42338
1.42332
1.42301
1.42253
1.422
1.42163
1.42152
1.42165
1.42191
1.42221
1.42252
1.4228
1.42307
1.42329
1.42345
1.42347
1.4233
1.4229
1.42234
1.42177
1.42137
1.42123
1.42134
1.4216
1.42191
1.42221
1.42244
1.4226
1.42272
1.42278
1.42285
1.42291
1.42296
1.42304
1.42313
1.42323
1.42332
1.42341
1.42345
1.42344
1.42335
1.42317
1.42288
1.42249
1.42206
1.42168
1.42141
1.42131
1.42135
1.4215
1.4217
1.4219
1.42208
1.42225
1.42238
1.42249
1.42259
1.42266
1.42272
1.42278
1.42283
1.42288
1.42291
1.42293
1.42293
1.42292
1.42291
1.42287
1.42284
1.42281
1.42277
1.42274
1.42271
1.42269
1.42266
1.4226
1.42252
1.42242
1.42232
1.42222
1.42216
1.42214
1.42217
1.42223
1.4223
1.42237
1.42243
1.42249
1.42253
1.42258
1.42264
1.42272
1.42281
1.42292
1.42306
1.42319
1.42326
1.42325
1.42311
1.42292
1.42277
1.42275
1.42287
1.42302
1.42303
1.42275
1.4222
1.42164
1.42131
1.42129
1.42151
1.42181
1.42212
1.42238
1.42259
1.42274
1.42283
1.42288
1.42288
1.42284
1.42277
1.4227
1.42264
1.42258
1.42253
1.42249
1.42246
1.42243
1.42241
1.42239
1.42237
1.42236
1.42236
1.42235
1.42235
1.42235
1.42235
1.42236
1.42238
1.42238
1.4224
1.42241
1.42242
1.42242
1.42243
1.42244
1.42245
1.42244
1.42244
1.42244
1.42243
1.42242
1.42242
1.42241
1.42239
1.42237
1.42235
1.42233
1.42231
1.42229
1.42227
1.42226
1.42226
1.42227
1.42228
1.4223
1.42233
1.42236
1.4224
1.42243
1.42247
1.4225
1.42251
1.42251
1.4225
1.42248
1.42246
1.42244
1.42243
1.42242
1.4224
1.42237
1.4223
1.42224
1.42215
1.42209
1.42203
1.422
1.42201
1.42205
1.42208
1.42211
1.42214
1.42217
1.4222
1.42223
1.42226
1.42228
1.42232
1.42236
1.42242
1.42249
1.42257
1.42266
1.42277
1.42287
1.42295
1.42301
1.42303
1.42302
1.42298
1.42289
1.42276
1.42258
1.42238
1.42218
1.42201
1.42189
1.42184
1.42185
1.42192
1.42202
1.42216
1.42231
1.42246
1.4226
1.42272
1.42282
1.4229
1.42296
1.42299
1.423
1.42297
1.42289
1.4228
1.42269
1.42256
1.42242
1.4223
1.42221
1.42218
1.42226
1.42242
1.42267
1.42294
1.42318
1.42327
1.42317
1.42287
1.42247
1.42215
1.42201
1.42204
1.42221
1.4224
1.42259
1.42272
1.42278
1.42277
1.4227
1.42262
1.42254
1.42247
1.42244
1.42244
1.42247
1.42251
1.42256
1.42261
1.42266
1.4227
1.42273
1.42276
1.42278
1.4228
1.42283
1.42286
1.42289
1.42292
1.42292
1.42288
1.42281
1.42271
1.42262
1.42254
1.42251
1.42254
1.4226
1.42272
1.42286
1.42299
1.42311
1.4232
1.42325
1.42325
1.42319
1.42307
1.42291
1.42278
1.4227
1.42272
1.42284
1.423
1.42312
1.42307
1.42287
1.42253
1.42218
1.42191
1.42178
1.42177
1.42183
1.42192
1.42202
1.42211
1.4222
1.42229
1.42238
1.42246
1.42254
1.42263
1.42271
1.42279
1.42286
1.42295
1.42304
1.42313
1.42322
1.42329
1.42334
1.42336
1.42331
1.42319
1.42304
1.42286
1.42268
1.42254
1.42247
1.42245
1.42247
1.42251
1.42257
1.42264
1.42269
1.42271
1.4227
1.42267
1.42261
1.42254
1.42248
1.42243
1.4224
1.42238
1.42238
1.42239
1.42241
1.42243
1.42245
1.42247
1.42248
1.42251
1.42253
1.42257
1.42261
1.42267
1.42271
1.42275
1.42279
1.42284
1.42288
1.42292
1.42295
1.42297
1.42297
1.42294
1.42289
1.42282
1.42273
1.42266
1.42258
1.42253
1.4225
1.42249
1.4225
1.42251
1.42253
1.42255
1.42258
1.42263
1.42269
1.42277
1.42285
1.42295
1.42305
1.42313
1.42319
1.42322
1.42318
1.42311
1.42299
1.42283
1.42266
1.4225
1.42237
1.42229
1.42225
1.42225
1.4223
1.42237
1.42246
1.42257
1.42269
1.4228
1.42291
1.423
1.42306
1.42307
1.42305
1.423
1.42294
1.42288
1.42285
1.42285
1.42286
1.42287
1.42288
1.42288
1.42286
1.42282
1.42277
1.42271
1.42264
1.42259
1.42256
1.42256
1.42257
1.4226
1.42264
1.42269
1.42275
1.4228
1.42287
1.42293
1.42301
1.42308
1.42314
1.42319
1.42321
1.42321
1.42318
1.42313
1.42306
1.42298
1.42289
1.42282
1.42276
1.42273
1.42273
1.42274
1.42276
1.42279
1.4228
1.42282
1.42282
1.4228
1.42277
1.42273
1.42266
1.4226
1.42253
1.4225
1.42247
1.42245
1.42245
1.42247
1.4225
1.42252
1.42256
1.42258
1.4226
1.42262
1.42263
1.42263
1.42262
1.42261
1.42259
1.42258
1.42257
1.42255
1.42254
1.42255
1.42256
1.4226
1.42264
1.4227
1.42279
1.42289
1.42301
1.42314
1.42326
1.42336
1.4234
1.42332
1.42314
1.42285
1.42255
1.4223
1.42216
1.42212
1.42216
1.42224
1.42235
1.42247
1.42256
1.42265
1.4227
1.42275
1.42278
1.4228
1.42281
1.42281
1.4228
1.42278
1.42276
1.42273
1.42271
1.42269
1.42266
1.42265
1.42265
1.42265
1.42266
1.42268
1.4227
1.42272
1.42273
1.42272
1.42269
1.42265
1.42259
1.42252
1.42246
1.42242
1.42241
1.42243
1.42248
1.42255
1.42264
1.42275
1.42288
1.42302
1.42317
1.42331
1.42343
1.42349
1.42346
1.42336
1.42316
1.42295
1.42275
1.42262
1.42256
1.42255
1.42256
1.42257
1.42257
1.42256
1.42255
1.42253
1.42253
1.42255
1.42257
1.4226
1.42264
1.42266
1.42267
1.42265
1.42262
1.42258
1.42254
1.42253
1.42255
1.42261
1.42272
1.42287
1.42301
1.42314
1.42322
1.42325
1.42324
1.42318
1.4231
1.42302
1.42296
1.42293
1.42294
1.42298
1.42305
1.4231
1.42308
1.42296
1.42276
1.42248
1.42222
1.42204
1.42198
1.42202
1.42215
1.42231
1.42248
1.42263
1.42276
1.42284
1.42286
1.42283
1.42277
1.42269
1.42263
1.42259
1.42256
1.42257
1.42261
1.42265
1.4227
1.42274
1.42277
1.4228
1.42284
1.42287
1.42288
1.42288
1.42289
1.42289
1.42289
1.42288
1.42287
1.42287
1.42286
1.42287
1.42287
1.4229
1.42294
1.42299
1.42309
1.42322
1.42341
1.42363
1.42385
1.42396
1.42385
1.42344
1.42279
1.42213
1.42169
1.42154
1.42162
1.42182
1.42204
1.42222
1.42237
1.42247
1.42255
1.42259
1.42262
1.42265
1.42266
1.42266
1.42267
1.42267
1.42268
1.42268
1.42269
1.42269
1.4227
1.4227
1.42271
1.42272
1.42275
1.42279
1.42285
1.42292
1.423
1.42309
1.42321
1.42334
1.42347
1.42357
1.42361
1.42357
1.42343
1.42317
1.42284
1.42249
1.42217
1.42195
1.42185
1.42185
1.42193
1.42204
1.42217
1.42231
1.42243
1.42252
1.4226
1.42266
1.42271
1.42274
1.42276
1.42278
1.4228
1.42281
1.42283
1.42284
1.42285
1.42286
1.42287
1.42288
1.42289
1.4229
1.42289
1.42289
1.42288
1.42288
1.42288
1.42287
1.42286
1.42286
1.42284
1.42282
1.4228
1.42276
1.42272
1.42268
1.42265
1.42259
1.42254
1.42249
1.42245
1.42242
1.42238
1.42238
1.42235
1.42234
1.42232
1.4223
1.4223
1.42231
1.42233
1.42238
1.42244
1.42253
1.42265
1.42283
1.42306
1.42336
1.4237
1.42401
1.42413
1.42389
1.42321
1.42232
1.42163
1.42136
1.42146
1.42175
1.42209
1.42237
1.42259
1.42275
1.42285
1.42292
1.42294
1.42294
1.42292
1.42288
1.42283
1.42277
1.42274
1.42272
1.42274
1.42279
1.42286
1.42294
1.42302
1.42308
1.4231
1.4231
1.42306
1.423
1.42293
1.42285
1.42277
1.42268
1.42258
1.42248
1.42239
1.42232
1.4223
1.42232
1.4224
1.4225
1.4226
1.42269
1.42274
1.42273
1.42268
1.42259
1.42251
1.42245
1.42242
1.42242
1.42245
1.42249
1.42253
1.42257
1.4226
1.42264
1.42268
1.42273
1.42278
1.42283
1.42289
1.42294
1.42296
1.42297
1.42295
1.42291
1.42285
1.42278
1.4227
1.42263
1.42255
1.42248
1.42244
1.42243
1.42247
1.42256
1.4227
1.42288
1.42309
1.4233
1.42345
1.42349
1.42336
1.42305
1.42264
1.42227
1.42204
1.42199
1.42207
1.42223
1.4224
1.42255
1.42267
1.42276
1.42282
1.42288
1.42294
1.423
1.42307
1.42314
1.4232
1.42321
1.4232
1.42312
1.42297
1.42279
1.42262
1.42248
1.42238
1.42236
1.42236
1.42238
1.42241
1.42244
1.42243
1.42244
1.42244
1.42246
1.4225
1.42254
1.42259
1.42264
1.4227
1.42276
1.42283
1.4229
1.42295
1.423
1.42302
1.42303
1.42302
1.42298
1.42293
1.42286
1.42279
1.42272
1.42266
1.4226
1.42256
1.42253
1.4225
1.42248
1.42246
1.42243
1.4224
1.42237
1.42238
1.42239
1.42242
1.42247
1.42253
1.42261
1.42269
1.42279
1.42288
1.42295
1.42301
1.42306
1.42309
1.42309
1.42307
1.42302
1.42296
1.4229
1.42284
1.42279
1.42276
1.42275
1.42275
1.42276
1.42276
1.42275
1.42273
1.4227
1.42265
1.42259
1.42256
1.42254
1.42252
1.42252
1.42253
1.42255
1.42257
1.4226
1.42263
1.42265
1.42266
1.42268
1.4227
1.42272
1.42275
1.42277
1.42279
1.42284
1.42291
1.423
1.42311
1.42323
1.42333
1.42339
1.42337
1.42327
1.42311
1.42294
1.42279
1.42269
1.42264
1.42261
1.42256
1.42248
1.42237
1.42226
1.42218
1.42214
1.42214
1.42218
1.42225
1.42234
1.42242
1.4225
1.42257
1.42263
1.40564
1.40567
1.40573
1.40576
1.4058
1.40582
1.40584
1.40583
1.40583
1.4058
1.40578
1.40577
1.40576
1.40579
1.40583
1.40589
1.40597
1.40606
1.40613
1.40617
1.40615
1.40608
1.40595
1.4058
1.40564
1.4055
1.40542
1.4054
1.40541
1.40543
1.40546
1.40548
1.40548
1.40548
1.40547
1.40549
1.40551
1.40554
1.40554
1.40554
1.4055
1.40546
1.40542
1.40542
1.40544
1.40548
1.40553
1.4056
1.40567
1.40572
1.40575
1.40575
1.40572
1.40569
1.40563
1.40556
1.4055
1.40545
1.40539
1.40534
1.40531
1.40532
1.40536
1.40545
1.40557
1.40574
1.4059
1.40605
1.40612
1.40609
1.40592
1.40566
1.40542
1.40527
1.40526
1.40536
1.40553
1.40572
1.40588
1.406
1.40607
1.40606
1.40599
1.40588
1.40574
1.4056
1.40547
1.40536
1.40527
1.40521
1.40517
1.40514
1.40514
1.40516
1.40523
1.40533
1.40549
1.40569
1.40592
1.40617
1.40642
1.40665
1.40677
1.40674
1.40649
1.40604
1.40549
1.40497
1.40461
1.40445
1.40448
1.40464
1.40486
1.40508
1.40526
1.40541
1.40551
1.40559
1.40564
1.40567
1.40569
1.4057
1.4057
1.4057
1.40568
1.40568
1.40568
1.40568
1.40568
1.40568
1.40568
1.40569
1.4057
1.40572
1.40574
1.40575
1.40575
1.40577
1.40578
1.40579
1.40579
1.4058
1.4058
1.40582
1.40582
1.40582
1.40582
1.40581
1.40581
1.4058
1.40578
1.40577
1.40574
1.40571
1.40569
1.40564
1.40561
1.40559
1.40558
1.40557
1.40557
1.40558
1.4056
1.40562
1.40564
1.40567
1.40569
1.4057
1.40569
1.40565
1.40556
1.40547
1.40537
1.40529
1.40524
1.40521
1.40521
1.40522
1.40526
1.40529
1.40533
1.40536
1.40538
1.40539
1.40541
1.40543
1.40543
1.40545
1.40546
1.40547
1.40551
1.40556
1.40562
1.4057
1.40579
1.40591
1.40604
1.40617
1.4063
1.4064
1.40648
1.40652
1.40653
1.4065
1.40646
1.40642
1.40637
1.40631
1.40623
1.40613
1.40598
1.40578
1.40556
1.40534
1.40514
1.40502
1.40494
1.40492
1.40497
1.40505
1.40512
1.40521
1.4053
1.40536
1.4054
1.40542
1.40544
1.40546
1.40548
1.40551
1.40556
1.40563
1.40571
1.4058
1.40591
1.40602
1.40613
1.40624
1.40633
1.40637
1.40632
1.40619
1.40596
1.4057
1.40546
1.40531
1.40526
1.40528
1.40535
1.40545
1.40554
1.40562
1.40568
1.40572
1.40576
1.40578
1.4058
1.4058
1.40581
1.4058
1.4058
1.4058
1.4058
1.4058
1.40577
1.40577
1.40577
1.40576
1.40575
1.40574
1.40574
1.40574
1.40573
1.40573
1.40573
1.40574
1.40572
1.40571
1.40569
1.40567
1.40564
1.40561
1.40557
1.40553
1.40548
1.40544
1.40542
1.40539
1.40539
1.4054
1.40543
1.40548
1.40555
1.40563
1.40572
1.40581
1.40588
1.4059
1.40586
1.40578
1.40564
1.40551
1.40541
1.40537
1.40541
1.40553
1.40568
1.40587
1.40604
1.40616
1.40623
1.40623
1.40614
1.406
1.4058
1.4056
1.40543
1.4053
1.40523
1.40518
1.40514
1.40512
1.40509
1.40506
1.40503
1.40499
1.40498
1.40497
1.40498
1.405
1.40505
1.40511
1.40517
1.40525
1.40533
1.4054
1.40547
1.40555
1.40563
1.40571
1.4058
1.40588
1.40599
1.40609
1.40621
1.40632
1.40641
1.40643
1.40631
1.40603
1.40563
1.4052
1.40488
1.40474
1.40476
1.40491
1.40512
1.40533
1.40553
1.4057
1.40581
1.40586
1.40584
1.40577
1.40568
1.40559
1.40552
1.40549
1.40547
1.40545
1.40544
1.40545
1.40548
1.40552
1.40558
1.40563
1.40567
1.40569
1.40568
1.40563
1.40555
1.40544
1.40535
1.40525
1.40518
1.40515
1.40515
1.4052
1.40526
1.40534
1.40543
1.40553
1.40565
1.40576
1.40586
1.40593
1.40599
1.40603
1.40602
1.40597
1.40591
1.4058
1.40566
1.40553
1.40542
1.40534
1.40529
1.40528
1.4053
1.40534
1.40539
1.40545
1.40551
1.40558
1.40564
1.4057
1.40576
1.40582
1.40586
1.4059
1.40594
1.40594
1.40593
1.40591
1.40587
1.4058
1.40573
1.40565
1.40556
1.40549
1.40543
1.40539
1.40539
1.4054
1.40545
1.40552
1.40559
1.40566
1.40572
1.40574
1.40574
1.40571
1.40567
1.40561
1.40556
1.40553
1.4055
1.40549
1.40547
1.40547
1.40545
1.40543
1.40541
1.40539
1.40539
1.40542
1.40547
1.40555
1.40564
1.40574
1.40584
1.40594
1.40601
1.40606
1.4061
1.40612
1.40613
1.40613
1.40609
1.40601
1.40588
1.40569
1.40549
1.40528
1.40512
1.40502
1.40499
1.40502
1.40507
1.40515
1.40523
1.40532
1.40541
1.40548
1.40556
1.40562
1.40569
1.40574
1.40578
1.40583
1.40586
1.40588
1.40589
1.40588
1.40585
1.4058
1.40573
1.40566
1.40559
1.40552
1.40546
1.40543
1.40541
1.40542
1.40545
1.40549
1.40552
1.40556
1.40561
1.40566
1.4057
1.40573
1.40575
1.40577
1.40578
1.40579
1.40578
1.40578
1.40578
1.40577
1.40578
1.40581
1.40586
1.40595
1.40607
1.40623
1.40641
1.40655
1.40658
1.40643
1.40606
1.4056
1.40521
1.40503
1.40506
1.40523
1.40542
1.40558
1.40564
1.40565
1.40562
1.40559
1.4056
1.40566
1.40573
1.40583
1.40592
1.406
1.40606
1.40609
1.4061
1.4061
1.40607
1.406
1.40591
1.40578
1.40564
1.40549
1.40538
1.40532
1.40531
1.40535
1.40543
1.40554
1.40565
1.40576
1.40585
1.40593
1.40598
1.40601
1.40602
1.406
1.40592
1.40583
1.40572
1.40561
1.4055
1.40541
1.40536
1.40535
1.40536
1.4054
1.40545
1.4055
1.40556
1.40561
1.40566
1.40571
1.40575
1.4058
1.40584
1.40586
1.40587
1.40587
1.40585
1.40582
1.40577
1.40571
1.40565
1.40561
1.40561
1.40564
1.40572
1.40583
1.40595
1.40605
1.40609
1.40604
1.40589
1.40566
1.40541
1.4052
1.40507
1.40505
1.4051
1.40518
1.4053
1.40544
1.40556
1.40568
1.40578
1.40585
1.40589
1.40589
1.40584
1.40576
1.40567
1.40561
1.40558
1.40558
1.40562
1.40568
1.40574
1.4058
1.40585
1.40589
1.4059
1.40591
1.4059
1.40587
1.40584
1.40579
1.40574
1.40568
1.40563
1.40559
1.40554
1.40551
1.40549
1.40547
1.40547
1.40548
1.40549
1.4055
1.4055
1.40553
1.40555
1.40556
1.40558
1.40559
1.4056
1.40562
1.40564
1.40565
1.40565
1.40566
1.40568
1.40569
1.40571
1.40573
1.40577
1.4058
1.40582
1.40583
1.40584
1.40585
1.40583
1.40581
1.40578
1.40574
1.40572
1.40571
1.40573
1.40576
1.4058
1.40585
1.40592
1.40599
1.40606
1.40612
1.40615
1.40618
1.4062
1.40624
1.40627
1.40628
1.40623
1.40608
1.40586
1.40558
1.4053
1.40508
1.40496
1.40497
1.40504
1.40516
1.40529
1.40544
1.40558
1.40571
1.40584
1.40595
1.40605
1.40612
1.40616
1.40617
1.40613
1.40605
1.40591
1.40577
1.40561
1.40548
1.40537
1.4053
1.40526
1.40525
1.40524
1.40525
1.40527
1.40532
1.40539
1.40546
1.40555
1.40565
1.40575
1.40585
1.40597
1.4061
1.40624
1.40636
1.40645
1.40648
1.40646
1.40637
1.40622
1.40604
1.40586
1.40571
1.40563
1.4056
1.40561
1.40565
1.40568
1.40571
1.40574
1.40575
1.40573
1.40571
1.40568
1.40563
1.40559
1.40555
1.40552
1.4055
1.40549
1.4055
1.40551
1.40553
1.40555
1.40558
1.4056
1.40564
1.40568
1.40571
1.40575
1.40577
1.4058
1.40582
1.40585
1.40586
1.40587
1.40588
1.40588
1.40586
1.40583
1.40582
1.40579
1.40576
1.40574
1.40573
1.40571
1.40572
1.40571
1.40573
1.40574
1.40578
1.4058
1.40584
1.40587
1.40591
1.40594
1.40597
1.406
1.406
1.40597
1.40594
1.40588
1.40581
1.40575
1.4057
1.40567
1.40566
1.40564
1.40561
1.40558
1.40551
1.40542
1.40532
1.4052
1.40511
1.40505
1.40503
1.40504
1.4051
1.40519
1.40532
1.40545
1.4056
1.40577
1.40593
1.40609
1.40623
1.40634
1.40643
1.40649
1.4065
1.40647
1.40637
1.40621
1.40599
1.40572
1.40542
1.40514
1.40493
1.40483
1.40484
1.40494
1.40511
1.40529
1.40549
1.40568
1.40583
1.40594
1.40599
1.40597
1.40591
1.40585
1.40582
1.40584
1.4059
1.406
1.40607
1.40611
1.40609
1.40602
1.40593
1.40583
1.40576
1.40572
1.40572
1.40573
1.40573
1.40572
1.40571
1.40568
1.40562
1.40556
1.40548
1.40539
1.40532
1.40528
1.40528
1.40532
1.40539
1.40549
1.4056
1.40572
1.40582
1.40589
1.40593
1.40591
1.40584
1.40573
1.40562
1.40553
1.40547
1.40547
1.4055
1.40555
1.40562
1.40568
1.40573
1.40578
1.4058
1.40581
1.4058
1.4058
1.40577
1.40576
1.40573
1.40569
1.40566
1.40562
1.40557
1.40553
1.40548
1.40545
1.40543
1.40542
1.40543
1.40546
1.4055
1.40556
1.40563
1.40571
1.40579
1.40587
1.40594
1.406
1.40604
1.40604
1.40602
1.40594
1.40584
1.40574
1.40566
1.40563
1.40562
1.40566
1.40571
1.40577
1.40583
1.40588
1.40592
1.40595
1.40596
1.40597
1.40595
1.40591
1.40586
1.40579
1.4057
1.40559
1.40548
1.40538
1.40531
1.40527
1.40525
1.40526
1.4053
1.40536
1.40543
1.40552
1.40564
1.40576
1.40591
1.40608
1.40626
1.40644
1.40654
1.40651
1.4063
1.40591
1.40546
1.40509
1.4049
1.40489
1.40501
1.40518
1.40534
1.40547
1.40555
1.40561
1.40564
1.40565
1.40566
1.40568
1.40572
1.40577
1.40582
1.40589
1.40595
1.406
1.40602
1.40601
1.40598
1.40592
1.40584
1.40579
1.40577
1.40577
1.41941
1.41946
1.41951
1.41956
1.41959
1.4196
1.41958
1.41954
1.41951
1.41947
1.41945
1.41943
1.41939
1.41934
1.41925
1.41916
1.41907
1.41901
1.41899
1.41901
1.41905
1.41911
1.41919
1.41927
1.41934
1.4194
1.41943
1.41943
1.4194
1.41936
1.41932
1.4193
1.41931
1.41938
1.41946
1.41958
1.41966
1.41967
1.41958
1.41942
1.41924
1.4191
1.41905
1.4191
1.41922
1.41939
1.41959
1.41978
1.41992
1.41997
1.4199
1.4197
1.41938
1.41906
1.41883
1.41873
1.41875
1.41888
1.41905
1.41923
1.41939
1.41952
1.41962
1.41968
1.41969
1.41966
1.41958
1.41946
1.41933
1.4192
1.41909
1.41899
1.41894
1.41891
1.41892
1.41895
1.419
1.41906
1.41913
1.4192
1.41927
1.41935
1.41942
1.41949
1.41957
1.41963
1.41967
1.4197
1.41968
1.41962
1.41952
1.41942
1.41932
1.41925
1.41919
1.41917
1.41917
1.41919
1.4192
1.41923
1.41926
1.41932
1.41942
1.41954
1.41968
1.41982
1.41992
1.41994
1.41987
1.41974
1.41956
1.41939
1.41929
1.41928
1.41934
1.41943
1.41952
1.41958
1.41959
1.41957
1.41954
1.41952
1.41951
1.41947
1.41935
1.41916
1.41891
1.41867
1.41849
1.4184
1.41842
1.41851
1.41865
1.41879
1.41891
1.41901
1.41908
1.41912
1.41916
1.41919
1.41923
1.4193
1.41939
1.41952
1.41967
1.41984
1.42001
1.42018
1.42031
1.42038
1.42035
1.42022
1.41999
1.41972
1.41948
1.4193
1.41921
1.4192
1.41921
1.41923
1.41925
1.41923
1.41919
1.41914
1.41909
1.41906
1.41905
1.41908
1.41914
1.41921
1.4193
1.41939
1.41947
1.41955
1.41962
1.41972
1.41984
1.42001
1.42021
1.42039
1.42046
1.4203
1.41986
1.41922
1.41862
1.41828
1.41823
1.4184
1.41864
1.41888
1.41909
1.41922
1.41931
1.41934
1.41935
1.41934
1.41931
1.41928
1.41927
1.41925
1.41925
1.41925
1.41926
1.41928
1.41931
1.41935
1.41941
1.41947
1.41953
1.41961
1.41971
1.41982
1.41994
1.42005
1.42015
1.42019
1.42018
1.42011
1.41996
1.41977
1.41955
1.41934
1.41914
1.41898
1.41886
1.41879
1.41876
1.41876
1.41879
1.41884
1.4189
1.41895
1.419
1.41903
1.41905
1.41906
1.41907
1.41908
1.41909
1.4191
1.41911
1.41913
1.41916
1.4192
1.41924
1.4193
1.41936
1.41942
1.41948
1.41955
1.41962
1.41967
1.41969
1.41967
1.4196
1.4195
1.41938
1.41925
1.41914
1.41906
1.41902
1.41902
1.41903
1.41907
1.41911
1.41914
1.41919
1.41923
1.41927
1.41932
1.41936
1.41939
1.41943
1.41945
1.41946
1.41947
1.41948
1.41946
1.41943
1.41939
1.41934
1.4193
1.41926
1.41927
1.4193
1.41935
1.41942
1.4195
1.41959
1.41966
1.41971
1.41976
1.41977
1.41979
1.41982
1.41986
1.4199
1.41992
1.41987
1.41975
1.41957
1.41935
1.41914
1.41897
1.41884
1.41876
1.41873
1.41872
1.41872
1.41873
1.41874
1.41877
1.41879
1.41884
1.4189
1.41897
1.41907
1.41917
1.41928
1.41938
1.41949
1.41958
1.41966
1.41972
1.41975
1.41974
1.41973
1.41971
1.41969
1.41969
1.4197
1.41972
1.41974
1.41972
1.41965
1.41955
1.41943
1.41933
1.41927
1.4193
1.41939
1.41951
1.41965
1.41978
1.41984
1.41984
1.41974
1.41955
1.41931
1.41909
1.41894
1.41886
1.41885
1.41889
1.41896
1.41903
1.4191
1.41915
1.41919
1.41922
1.41924
1.41925
1.41925
1.41926
1.41928
1.41929
1.41931
1.41934
1.41938
1.41942
1.41945
1.41949
1.41953
1.41958
1.41964
1.41967
1.41971
1.41974
1.41976
1.41976
1.41975
1.41971
1.41964
1.41957
1.41948
1.41939
1.41932
1.41925
1.4192
1.41918
1.41918
1.4192
1.41924
1.41929
1.41935
1.41942
1.41949
1.41957
1.41966
1.41977
1.41986
1.41995
1.42002
1.42007
1.42009
1.42007
1.42003
1.41996
1.41984
1.41967
1.41941
1.4191
1.41878
1.41852
1.41837
1.41833
1.41839
1.41852
1.41867
1.41884
1.419
1.41913
1.41925
1.41935
1.41944
1.41951
1.41957
1.4196
1.41962
1.4196
1.41955
1.41948
1.41941
1.41933
1.41928
1.41925
1.41925
1.4193
1.41936
1.41945
1.41954
1.41964
1.41974
1.41983
1.4199
1.41993
1.4199
1.41982
1.41968
1.41953
1.41937
1.41924
1.41917
1.41917
1.41921
1.41929
1.4194
1.4195
1.41961
1.41969
1.41975
1.41976
1.41971
1.41961
1.41948
1.4193
1.41911
1.41894
1.41882
1.41875
1.41873
1.41875
1.4188
1.41886
1.41893
1.419
1.41906
1.41913
1.41919
1.41925
1.41929
1.41933
1.41937
1.41939
1.41941
1.41942
1.41943
1.41945
1.41947
1.41949
1.41951
1.41955
1.41958
1.41962
1.41966
1.41967
1.41967
1.41966
1.41962
1.41959
1.41952
1.41947
1.41944
1.41944
1.41947
1.41951
1.41958
1.41966
1.41974
1.4198
1.41984
1.41983
1.41975
1.41963
1.41946
1.41932
1.41919
1.41916
1.41917
1.41924
1.41932
1.41941
1.41946
1.41946
1.41944
1.4194
1.41934
1.41927
1.41923
1.41921
1.41921
1.41922
1.41924
1.41926
1.41928
1.41929
1.4193
1.4193
1.4193
1.41929
1.4193
1.41931
1.41933
1.41934
1.41936
1.41938
1.4194
1.41943
1.41946
1.41949
1.41952
1.41954
1.41958
1.41961
1.41964
1.41967
1.41971
1.41975
1.41978
1.41983
1.41988
1.41994
1.41997
1.41997
1.41991
1.41978
1.4196
1.41938
1.41919
1.41906
1.419
1.419
1.41906
1.41912
1.41919
1.41924
1.4193
1.41932
1.41933
1.41935
1.41936
1.41937
1.41939
1.41942
1.41946
1.41951
1.41957
1.41963
1.4197
1.41977
1.41983
1.41986
1.41988
1.41986
1.4198
1.41972
1.41961
1.41951
1.41941
1.41931
1.41923
1.41919
1.41918
1.41918
1.41922
1.41928
1.41934
1.41942
1.41951
1.4196
1.41969
1.41978
1.41985
1.4199
1.41989
1.41984
1.41969
1.4195
1.4193
1.41911
1.41899
1.41893
1.41893
1.41896
1.41902
1.41908
1.41913
1.41916
1.41919
1.41922
1.41924
1.41926
1.41929
1.41931
1.41933
1.41937
1.4194
1.41944
1.41948
1.41953
1.41959
1.41966
1.41973
1.41979
1.41982
1.41982
1.41976
1.41967
1.41953
1.4194
1.41928
1.41922
1.4192
1.41923
1.41928
1.41934
1.41937
1.41938
1.41938
1.41935
1.41931
1.41925
1.41921
1.41917
1.41914
1.41913
1.41914
1.41917
1.41918
1.41922
1.41926
1.41931
1.41936
1.4194
1.41943
1.41945
1.41946
1.41945
1.41944
1.41943
1.4194
1.41939
1.41939
1.41939
1.4194
1.41943
1.41945
1.41949
1.41952
1.41951
1.4195
1.41946
1.4194
1.41931
1.41922
1.41915
1.4191
1.41908
1.41909
1.41912
1.41916
1.4192
1.41925
1.41928
1.41932
1.41935
1.41937
1.41939
1.4194
1.41941
1.4194
1.41941
1.41942
1.41943
1.41945
1.41949
1.41953
1.41956
1.41954
1.4195
1.41941
1.41929
1.41916
1.41907
1.41902
1.41905
1.41913
1.41923
1.41933
1.41942
1.41948
1.41951
1.41952
1.4195
1.41948
1.41945
1.41944
1.41944
1.41947
1.41953
1.4196
1.41968
1.41976
1.41983
1.41986
1.41987
1.41989
1.41988
1.41984
1.41973
1.41952
1.41924
1.41897
1.41877
1.41868
1.41871
1.41881
1.41895
1.41909
1.41918
1.41925
1.41927
1.41925
1.41922
1.41918
1.41915
1.41914
1.41915
1.41917
1.4192
1.41924
1.41927
1.41929
1.41933
1.41936
1.41938
1.4194
1.41941
1.41943
1.41945
1.41947
1.41949
1.41952
1.41955
1.41957
1.41961
1.41963
1.41966
1.41968
1.4197
1.41969
1.41969
1.41967
1.41965
1.41962
1.41959
1.41957
1.41956
1.41958
1.41959
1.4196
1.41961
1.41961
1.41958
1.41953
1.41948
1.41941
1.41936
1.4193
1.41927
1.41924
1.41922
1.4192
1.4192
1.41921
1.41922
1.41924
1.41926
1.41928
1.4193
1.41932
1.41935
1.41936
1.41938
1.4194
1.4194
1.4194
1.4194
1.41941
1.41941
1.4194
1.41939
1.41938
1.41938
1.41939
1.4194
1.41941
1.41945
1.41948
1.41955
1.41964
1.41977
1.41993
1.42012
1.42031
1.42046
1.4205
1.42036
1.42004
1.41964
1.41928
1.41906
1.41902
1.4191
1.41924
1.41938
1.41947
1.41948
1.41939
1.41925
1.41906
1.41891
1.4188
1.41877
1.41881
1.41889
1.419
1.41912
1.41924
1.41937
1.41949
1.41962
1.41973
1.41984
1.41994
1.42001
1.42007
1.42011
1.42011
1.42007
1.41999
1.41985
1.41966
1.41947
1.41931
1.4192
1.41917
1.41919
1.4192
1.4192
1.41918
1.41914
1.41908
1.41904
1.41902
1.41902
1.41904
1.41908
1.41914
1.4192
1.41926
1.4193
1.41934
1.41938
1.41941
1.41943
1.41945
1.41946
1.41946
1.41944
1.41943
1.41942
1.41942
1.41944
1.41949
1.41958
1.41974
1.41995
1.42022
1.42051
1.42069
1.42062
1.42018
1.41947
1.41875
1.4183
1.41818
1.41832
1.41855
1.41877
1.41892
1.41902
1.41908
1.41911
1.41911
1.41912
1.41912
1.41912
1.41913
1.41915
1.41918
1.41921
1.41924
1.41928
1.41933
1.41939
1.41945
1.41952
1.41958
1.41963
1.41967
1.41969
1.41968
1.41967
1.41964
1.4196
1.41957
1.41954
1.41951
1.41949
1.41951
1.41953
1.41957
1.4196
1.41959
1.41949
1.41932
1.41909
1.41886
1.4187
1.41863
1.41867
1.41876
1.41889
1.41902
1.41914
1.41924
1.41932
1.41938
1.41942
1.41945
1.41947
1.41948
1.41948
1.41948
1.41948
1.41948
1.41948
1.41948
1.41946
1.41945
1.41944
1.41941
1.41941
1.41942
1.41942
1.41944
1.41946
1.41949
1.41954
1.41958
1.46014
1.46029
1.46036
1.46042
1.46049
1.46055
1.46062
1.46068
1.46072
1.46073
1.4607
1.46062
1.46046
1.46024
1.45994
1.45958
1.45925
1.45899
1.45887
1.4589
1.45904
1.45922
1.45942
1.45962
1.45978
1.45991
1.46001
1.46008
1.46013
1.46016
1.46017
1.46018
1.46018
1.46018
1.46019
1.46019
1.46019
1.46018
1.46018
1.46017
1.46015
1.46012
1.46009
1.46005
1.46002
1.46001
1.46
1.46001
1.46004
1.46009
1.46014
1.46019
1.46025
1.46029
1.4603
1.4603
1.4603
1.46031
1.46034
1.46039
1.46044
1.46047
1.46043
1.46032
1.46012
1.45987
1.45962
1.45945
1.45937
1.4594
1.45948
1.45961
1.45974
1.45985
1.45996
1.46005
1.46013
1.4602
1.46026
1.46032
1.46035
1.46036
1.46036
1.46037
1.46037
1.46035
1.46035
1.46034
1.46031
1.46027
1.46023
1.46017
1.46009
1.46002
1.45995
1.4599
1.45987
1.45986
1.45988
1.45994
1.46001
1.4601
1.4602
1.4603
1.46037
1.46041
1.4604
1.46034
1.46023
1.46012
1.46002
1.45995
1.45993
1.45993
1.45998
1.46003
1.46011
1.46016
1.46021
1.46023
1.46024
1.46023
1.46022
1.46018
1.46015
1.4601
1.46007
1.46004
1.46002
1.46002
1.46003
1.46004
1.46005
1.46009
1.46014
1.46019
1.46023
1.46025
1.46026
1.46025
1.46023
1.46017
1.46009
1.46001
1.45994
1.45989
1.45987
1.45986
1.45986
1.45987
1.45991
1.45994
1.45997
1.46001
1.46006
1.46009
1.46014
1.4602
1.46024
1.46028
1.46031
1.46032
1.46031
1.46027
1.46022
1.46015
1.46009
1.46003
1.45998
1.45993
1.45991
1.45989
1.45989
1.4599
1.45991
1.45995
1.46
1.4601
1.46021
1.46036
1.46056
1.46079
1.46105
1.46126
1.46133
1.46116
1.4607
1.46008
1.45951
1.45916
1.45906
1.45914
1.4593
1.45948
1.45965
1.45981
1.45993
1.46004
1.46012
1.46019
1.46023
1.46026
1.46027
1.46026
1.46026
1.46024
1.46022
1.46019
1.46017
1.46016
1.46015
1.46014
1.46013
1.46013
1.46013
1.46015
1.46017
1.46019
1.46022
1.46026
1.46029
1.46032
1.46036
1.46037
1.46035
1.4603
1.46021
1.4601
1.45999
1.45989
1.45981
1.45975
1.45972
1.45972
1.45973
1.45975
1.45979
1.45983
1.4599
1.45997
1.46008
1.46019
1.46033
1.46049
1.46064
1.4608
1.46092
1.46098
1.46097
1.46088
1.46072
1.46053
1.46033
1.46015
1.46001
1.45988
1.45975
1.45963
1.45953
1.45948
1.45948
1.45953
1.45962
1.45973
1.45982
1.4599
1.45995
1.45998
1.45999
1.45996
1.45993
1.4599
1.45989
1.45989
1.45992
1.45998
1.46006
1.46014
1.46022
1.4603
1.46037
1.46043
1.46047
1.4605
1.4605
1.46049
1.46047
1.46045
1.46041
1.46038
1.46035
1.46032
1.46031
1.46032
1.46033
1.46034
1.46032
1.4603
1.46028
1.46024
1.46019
1.46015
1.46009
1.46003
1.46
1.45999
1.45998
1.46
1.46003
1.46008
1.46015
1.4602
1.46025
1.46029
1.46031
1.46032
1.46032
1.46032
1.46034
1.4604
1.46048
1.46058
1.46068
1.46075
1.46075
1.46066
1.4605
1.46029
1.46013
1.46005
1.46005
1.46012
1.46019
1.46024
1.46021
1.46011
1.45996
1.45981
1.45968
1.45963
1.45965
1.45973
1.45986
1.46002
1.4602
1.4604
1.46063
1.46083
1.46097
1.46101
1.46087
1.46056
1.46015
1.45974
1.45948
1.45936
1.45937
1.45944
1.45954
1.45963
1.45972
1.45979
1.45986
1.45992
1.45996
1.46001
1.46006
1.46008
1.46011
1.46014
1.46016
1.46019
1.46021
1.46022
1.46023
1.46023
1.46022
1.4602
1.46018
1.46016
1.46013
1.4601
1.46008
1.46005
1.46005
1.46005
1.46006
1.46005
1.46005
1.46005
1.46004
1.46002
1.46
1.45999
1.45997
1.45995
1.45996
1.45997
1.46
1.46003
1.46006
1.46011
1.46017
1.46022
1.46026
1.4603
1.46032
1.4603
1.46026
1.46019
1.4601
1.46
1.45992
1.45985
1.45979
1.45976
1.45974
1.45975
1.45976
1.45979
1.45982
1.45985
1.45987
1.4599
1.45993
1.45996
1.45999
1.46001
1.46003
1.46005
1.46005
1.46007
1.46009
1.4601
1.4601
1.46011
1.46011
1.46012
1.46012
1.46011
1.4601
1.46009
1.46007
1.46008
1.46008
1.46007
1.46007
1.46007
1.4601
1.46012
1.46015
1.46017
1.46019
1.46021
1.46023
1.46023
1.4602
1.46015
1.46008
1.46001
1.45994
1.45987
1.45982
1.45981
1.45983
1.45986
1.45991
1.45998
1.46003
1.46008
1.46012
1.46015
1.46017
1.4602
1.46023
1.46026
1.46026
1.46023
1.46017
1.46006
1.45995
1.4599
1.45994
1.46011
1.46042
1.46083
1.46131
1.4617
1.4618
1.46142
1.46054
1.45944
1.45856
1.45817
1.45822
1.45854
1.45893
1.4593
1.45962
1.45984
1.46
1.4601
1.46017
1.4602
1.46022
1.46024
1.46025
1.46027
1.46031
1.46032
1.46033
1.46032
1.46029
1.46022
1.46016
1.46009
1.46004
1.46003
1.46005
1.46011
1.46023
1.46039
1.46058
1.46079
1.46098
1.4611
1.46103
1.46074
1.46026
1.45974
1.45933
1.45911
1.45906
1.45912
1.45928
1.45947
1.45971
1.45998
1.46028
1.46062
1.46092
1.46112
1.46111
1.46081
1.46024
1.45959
1.4591
1.45889
1.45891
1.45908
1.4593
1.45948
1.45964
1.45977
1.45988
1.45998
1.46007
1.46017
1.46027
1.46037
1.46047
1.46056
1.46063
1.46067
1.46067
1.46063
1.46055
1.46043
1.46027
1.46009
1.45987
1.45965
1.45948
1.45938
1.45937
1.45944
1.45956
1.45973
1.45989
1.46003
1.46014
1.46019
1.4602
1.46015
1.46009
1.46003
1.45997
1.45995
1.45995
1.45996
1.45997
1.45997
1.45996
1.45995
1.45993
1.45992
1.45995
1.45999
1.46007
1.46015
1.46023
1.46032
1.46038
1.4604
1.46036
1.4603
1.46019
1.4601
1.46004
1.46005
1.46013
1.46028
1.46048
1.46067
1.4608
1.46077
1.46054
1.46014
1.45971
1.45943
1.45935
1.45945
1.45964
1.45984
1.46002
1.46016
1.46027
1.46032
1.46033
1.4603
1.46021
1.4601
1.45996
1.45984
1.45975
1.4597
1.45971
1.45978
1.45987
1.45998
1.4601
1.46021
1.4603
1.46038
1.46044
1.46047
1.46047
1.46046
1.46042
1.46036
1.46029
1.46021
1.46013
1.46005
1.45999
1.45994
1.45989
1.45986
1.45984
1.45984
1.45985
1.45987
1.45989
1.45993
1.45996
1.45999
1.46003
1.46005
1.46007
1.46008
1.46008
1.46009
1.46008
1.46008
1.46008
1.46007
1.46007
1.46008
1.46009
1.4601
1.46011
1.46014
1.46017
1.4602
1.46023
1.46025
1.46028
1.46028
1.46028
1.46026
1.46023
1.46019
1.46017
1.46015
1.46016
1.46019
1.46026
1.46032
1.46037
1.46036
1.46026
1.46009
1.45985
1.45964
1.45948
1.45941
1.4594
1.45946
1.45955
1.45964
1.45973
1.4598
1.45986
1.4599
1.45993
1.45995
1.45995
1.45997
1.45998
1.45997
1.45997
1.45996
1.45996
1.45998
1.45999
1.45999
1.46
1.46002
1.46002
1.46003
1.46005
1.46007
1.46009
1.46012
1.46014
1.46016
1.46017
1.4602
1.46022
1.46026
1.46032
1.4604
1.46049
1.46058
1.46058
1.46045
1.46013
1.45971
1.4593
1.45902
1.45895
1.45904
1.45924
1.45948
1.45969
1.45986
1.45998
1.46004
1.46004
1.45999
1.45991
1.45983
1.45976
1.4597
1.45966
1.45967
1.4597
1.45975
1.4598
1.45985
1.45992
1.45997
1.46002
1.46007
1.4601
1.46013
1.46014
1.46015
1.46017
1.46018
1.46019
1.46018
1.46016
1.46011
1.46003
1.45994
1.45983
1.45971
1.45963
1.45957
1.45955
1.45955
1.45957
1.4596
1.45963
1.45967
1.45971
1.45974
1.45978
1.45981
1.45986
1.45992
1.45997
1.46004
1.46012
1.46019
1.46025
1.46033
1.46039
1.46041
1.4604
1.46035
1.46027
1.46014
1.46
1.45986
1.45972
1.45961
1.45953
1.45946
1.45943
1.45941
1.45941
1.45943
1.45947
1.45953
1.45961
1.4597
1.4598
1.45991
1.46
1.46006
1.4601
1.4601
1.46008
1.46003
1.45999
1.45999
1.46002
1.46009
1.4602
1.46031
1.46043
1.46055
1.46063
1.46066
1.46063
1.46052
1.46035
1.46015
1.45998
1.45986
1.45983
1.45984
1.45989
1.45995
1.46
1.46003
1.46003
1.46
1.45993
1.45984
1.45974
1.45966
1.45963
1.45962
1.45964
1.45968
1.45975
1.45984
1.45993
1.45999
1.46005
1.4601
1.46014
1.46015
1.46014
1.46012
1.46009
1.46005
1.46003
1.45999
1.45997
1.45996
1.45996
1.45997
1.45996
1.45997
1.45998
1.45999
1.45999
1.45999
1.45999
1.45999
1.45998
1.45998
1.45998
1.45999
1.46001
1.46003
1.46005
1.46008
1.46009
1.4601
1.46009
1.46009
1.46007
1.46004
1.46002
1.46
1.45999
1.46
1.46002
1.46005
1.46008
1.46011
1.46011
1.46008
1.46003
1.45995
1.45985
1.45974
1.45965
1.45958
1.45953
1.45953
1.45955
1.45959
1.45965
1.45972
1.45979
1.45986
1.45993
1.45999
1.46006
1.46012
1.46018
1.46024
1.4603
1.46034
1.46037
1.46038
1.46036
1.46032
1.46026
1.46016
1.46006
1.45996
1.45987
1.45978
1.4597
1.45965
1.45958
1.45955
1.45954
1.45954
1.45955
1.45959
1.45965
1.45971
1.45978
1.45984
1.4599
1.45996
1.46002
1.46006
1.4601
1.46013
1.46017
1.4602
1.4602
1.46021
1.46021
1.4602
1.46019
1.46017
1.46015
1.46012
1.4601
1.46007
1.46003
1.46001
1.45998
1.45994
1.45991
1.45986
1.45982
1.45978
1.45974
1.45971
1.45969
1.45967
1.45967
1.45967
1.45968
1.45969
1.45969
1.45972
1.45974
1.45977
1.45982
