0.8
0.793253
0.785488
0.776441
0.765976
0.754653
0.74395
0.73593
0.732581
0.735113
0.743232
0.755415
0.769691
0.784224
0.797481
0.808262
0.815558
0.818538
0.816958
0.811413
0.803455
0.795656
0.791022
0.791861
0.799095
0.811838
0.827914
0.844567
0.859203
0.86997
0.87602
0.877375
0.874595
0.868114
0.857969
0.843895
0.82551
0.803631
0.780116
0.757713
0.739082
0.725841
0.718525
0.716719
0.719626
0.726222
0.735362
0.745802
0.756097
0.765059
0.771833
0.775999
0.777812
0.777853
0.777297
0.777543
0.77992
0.785358
0.7942
0.805909
0.819301
0.832717
0.844529
0.85378
0.860065
0.863663
0.864819
0.863812
0.86075
0.855664
0.848439
0.839112
0.827621
0.814142
0.799092
0.78336
0.768177
0.755195
0.745741
0.740686
0.739926
0.742603
0.747451
0.753407
0.759572
0.765265
0.769648
0.771901
0.771368
0.767883
0.762031
0.755135
0.748816
0.744497
0.743117
0.744625
0.748197
0.752623
0.756783
0.760238
0.763238
0.766817
0.77212
0.78
0.790574
0.803108
0.816227
0.828475
0.838402
0.845001
0.847705
0.846473
0.84175
0.834543
0.826228
0.818356
0.812204
0.808725
0.808339
0.811191
0.816783
0.824215
0.832044
0.838631
0.842359
0.842118
0.83729
0.827952
0.815052
0.800419
0.786485
0.776114
0.772095
0.776044
0.788007
0.805955
0.826122
0.844139
0.855835
0.858625
0.852257
0.838684
0.821085
0.802673
0.785622
0.770993
0.759033
0.750021
0.744337
0.74236
0.744027
0.748681
0.755552
0.764584
0.776322
0.791238
0.808779
0.82722
0.843941
0.856458
0.863058
0.863401
0.858588
0.850828
0.842629
0.835921
0.831595
0.829173
0.827026
0.823222
0.815941
0.804137
0.787841
0.768483
0.74862
0.731172
0.718668
0.712243
0.711653
0.715585
0.722809
0.732399
0.74418
0.758418
0.775162
0.793865
0.813047
0.830343
0.8431
0.849154
0.847299
0.837824
0.822408
0.804636
0.789114
0.780519
0.780766
0.788086
0.798861
0.810014
0.819931
0.828299
0.835031
0.839956
0.842761
0.843099
0.840614
0.835278
0.827514
0.818232
0.808719
0.800267
0.793453
0.788282
0.784282
0.781192
0.779285
0.779448
0.782677
0.789308
0.798466
0.808375
0.816961
0.822678
0.824967
0.824056
0.820886
0.816451
0.811592
0.807293
0.804454
0.80408
0.806931
0.813168
0.822197
0.83226
0.841017
0.845875
0.844689
0.836057
0.82012
0.798414
0.773869
0.750027
0.730525
0.718034
0.714125
0.719087
0.732098
0.751378
0.774217
0.797764
0.819247
0.836378
0.84776
0.85267
0.851062
0.843406
0.83079
0.814345
0.795757
0.776948
0.759964
0.747066
0.740328
0.740844
0.748726
0.76277
0.781003
0.80118
0.821224
0.839263
0.8536
0.862784
0.86585
0.862737
0.854243
0.842065
0.828198
0.814111
0.800682
0.788418
0.777703
0.769076
0.76298
0.759871
0.759727
0.762322
0.766891
0.772284
0.777179
0.78027
0.780577
0.777711
0.77236
0.765711
0.759384
0.755041
0.753924
0.756288
0.761732
0.769089
0.777035
0.784516
0.790925
0.796373
0.80157
0.807361
0.814358
0.822158
0.82932
0.833857
0.834016
0.829289
0.820368
0.809028
0.797196
0.786654
0.778268
0.772481
0.769151
0.767809
0.767752
0.768148
0.768347
0.768122
0.767529
0.76705
0.767267
0.769161
0.773611
0.781462
0.793034
0.807525
0.823738
0.840032
0.85485
0.867171
0.876601
0.883615
0.888911
0.892829
0.894894
0.893635
0.887303
0.874612
0.855535
0.831642
0.805832
0.781489
0.761676
0.747963
0.740462
0.73842
0.740751
0.746403
0.754246
0.762991
0.771389
0.778293
0.782833
0.784616
0.783759
0.781136
0.777726
0.774471
0.771849
0.769776
0.767717
0.765048
0.761157
0.755912
0.749963
0.744649
0.741866
0.743361
0.750146
0.762457
0.779542
0.79975
0.820513
0.838778
0.851691
0.85743
0.855426
0.846432
0.832276
0.815364
0.797687
0.781119
0.766943
0.756101
0.749545
0.747789
0.751048
0.75886
0.770491
0.784723
0.800396
0.816422
0.831976
0.846447
0.859349
0.869976
0.877507
0.881407
0.881593
0.878383
0.872612
0.865166
0.856675
0.847594
0.838128
0.828372
0.818276
0.807628
0.796237
0.784139
0.772075
0.761312
0.753339
0.749232
0.749323
0.752941
0.758689
0.765084
0.770839
0.775031
0.77705
0.776668
0.774229
0.770612
0.766922
0.764158
0.76275
0.762642
0.763727
0.765822
0.769182
0.774297
0.781784
0.791695
0.803374
0.815669
0.826954
0.835428
0.839589
0.838519
0.832144
0.821275
0.807337
0.792295
0.778486
0.768441
0.764168
0.766274
0.773591
0.783916
0.795164
0.80594
0.81553
0.823203
0.828272
0.82976
0.82682
0.819332
0.808318
0.795738
0.784333
0.776546
0.773988
0.777588
0.787766
0.803611
0.822267
0.839301
0.850896
0.854946
0.851289
0.841085
0.826405
0.809715
0.793509
0.779941
0.770627
0.766225
0.766768
0.771454
0.779415
0.789478
0.800481
0.811254
0.820741
0.82787
0.831913
0.832274
0.828892
0.822486
0.814594
0.807091
0.801088
0.79636
0.79145
0.784695
0.775209
0.763151
0.749899
0.737183
0.727031
0.721695
0.723532
0.7345
0.754785
0.782022
0.811777
0.839229
0.8605
0.873591
0.878253
0.875516
0.866951
0.854011
0.838006
0.820157
0.802047
0.785547
0.772827
0.76555
0.764802
0.770643
0.782385
0.798563
0.817502
0.837215
0.855769
0.871456
0.882974
0.889477
0.890659
0.886695
0.878083
0.865474
0.849518
0.830708
0.809635
0.787013
0.763976
0.742016
0.7228
0.708173
0.699404
0.697257
0.701734
0.712274
0.727888
0.747255
0.768876
0.791175
0.812405
0.830878
0.845009
0.853352
0.85503
0.849709
0.837901
0.820992
0.800712
0.778647
0.756094
0.734637
0.717255
0.707899
0.709219
0.719568
0.733992
0.74773
0.75856
0.766324
0.771852
0.776432
0.781099
0.786533
0.792957
0.800104
0.807139
0.812944
0.816313
0.816327
0.812728
0.806072
0.797895
0.790311
0.785608
0.785656
0.791103
0.801322
0.814221
0.826917
0.83651
0.840646
0.838141
0.829346
0.816298
0.802188
0.790126
0.782402
0.779796
0.781842
0.786933
0.792587
0.796166
0.795474
0.789316
0.777635
0.762028
0.746233
0.735748
0.735789
0.748156
0.770058
0.796209
0.821767
0.843428
0.859445
0.869174
0.872861
0.871496
0.867026
0.861594
0.857111
0.854552
0.853654
0.853187
0.851586
0.847777
0.841767
0.834291
0.826783
0.820562
0.816245
0.813775
0.812349
0.810886
0.808494
0.804725
0.799819
0.79428
0.788789
0.783632
0.778988
0.774696
0.770793
0.767397
0.764792
0.763053
0.762047
0.761403
0.760689
0.759717
0.758686
0.758346
0.759514
0.762912
0.768746
0.776467
0.784948
0.792742
0.798773
0.80259
0.804677
0.806137
0.808397
0.812234
0.817769
0.824196
0.830178
0.834549
0.836378
0.835376
0.831953
0.82695
0.821119
0.815221
0.809663
0.804411
0.799415
0.794509
0.789753
0.785204
0.781062
0.77761
0.775212
0.774144
0.7748
0.777386
0.781841
0.787905
0.795178
0.803129
0.81137
0.819771
0.828177
0.836174
0.84313
0.848073
0.850018
0.848221
0.842646
0.833726
0.822571
0.810827
0.800462
0.792966
0.788502
0.785958
0.783783
0.780836
0.776968
0.773097
0.770212
0.768845
0.768647
0.768781
0.768351
0.766862
0.764295
0.761013
0.757692
0.754792
0.75267
0.751646
0.751957
0.753934
0.757985
0.764532
0.773703
0.785154
0.798145
0.811584
0.824246
0.834894
0.842264
0.84533
0.843518
0.836937
0.826648
0.814042
0.800936
0.788977
0.779524
0.77366
0.771886
0.7741
0.779618
0.78718
0.795246
0.802299
0.807072
0.809069
0.808385
0.805927
0.802886
0.800372
0.799011
0.79875
0.798723
0.797806
0.795315
0.791254
0.786367
0.78178
0.778773
0.778029
0.779846
0.783567
0.788098
0.792169
0.794906
0.796258
0.796671
0.796922
0.79744
0.797979
0.79792
0.796583
0.793734
0.789961
0.786599
0.785489
0.788416
0.796251
0.808522
0.823853
0.84006
0.855192
0.867488
0.875729
0.878989
0.876855
0.869104
0.856376
0.840019
0.821995
0.804511
0.789791
0.779408
0.774035
0.77309
0.774765
0.776839
0.777431
0.77556
0.771432
0.766215
0.761298
0.758097
0.757456
0.759586
0.764167
0.770422
0.777189
0.783348
0.787757
0.789621
0.788407
0.784077
0.777121
0.76853
0.759435
0.750955
0.744015
0.739084
0.736704
0.73755
0.742529
0.752287
0.766775
0.78502
0.804788
0.823588
0.838893
0.848523
0.851166
0.846427
0.834935
0.818446
0.799272
0.780223
0.763712
0.7519
0.746187
0.747235
0.754719
0.76757
0.783888
0.801675
0.81903
0.834616
0.847705
0.858354
0.866839
0.873621
0.878695
0.88151
0.880923
0.875794
0.865679
0.851631
0.835728
0.820826
0.80925
0.80229
0.799809
0.80044
0.802392
0.803917
0.804144
0.802919
0.800705
0.798108
0.795635
0.79343
0.791465
0.789462
0.787022
0.783424
0.777933
0.770386
0.761184
0.751482
0.743034
0.737708
0.73663
0.739472
0.744673
0.750281
0.75511
0.759134
0.763463
0.769658
0.779218
0.792691
0.80934
0.827319
0.84427
0.857542
0.864955
0.865365
0.85934
0.849004
0.837087
0.82533
0.813946
0.802278
0.790165
0.778797
0.769663
0.764251
0.763312
0.766547
0.772852
0.780836
0.7891
0.796735
0.803445
0.809345
0.814591
0.819167
0.822596
0.824078
0.822822
0.8186
0.81167
0.802687
0.792311
0.781491
0.771759
0.764816
0.762377
0.765429
0.774075
0.787563
0.804236
0.821932
0.8384
0.851658
0.860491
0.864608
0.864496
0.860524
0.852876
0.841788
0.828169
0.813876
0.801321
0.79282
0.789842
0.79222
0.798443
0.805898
0.812189
0.815357
0.814488
0.809322
0.8005
0.789325
0.7778
0.767729
0.760594
0.757276
0.757701
0.761227
0.766845
0.773326
0.779591
0.784713
0.788023
0.789286
0.788851
0.787495
0.786364
0.786614
0.788972
0.79344
0.79931
0.805306
0.809924
0.811879
0.810384
0.805378
0.797311
0.787254
0.776584
0.766929
0.759843
0.756478
0.757216
0.761302
0.767019
0.772187
0.774722
0.773319
0.767546
0.757864
0.745658
0.733207
0.723338
0.718935
0.722024
0.732971
0.750341
0.771622
0.794041
0.81532
0.833852
0.84873
0.859329
0.8653
0.866439
0.862823
0.854907
0.843761
0.83098
0.818421
0.807742
0.800164
0.796255
0.796036
0.799127
0.80479
0.811922
0.819242
0.826074
0.832432
0.838892
0.845913
0.853204
0.859673
0.863889
0.864782
0.862152
0.856673
0.849057
0.840116
0.830496
0.820747
0.811349
0.80267
0.794571
0.786707
0.778447
0.769185
0.758633
0.747156
0.7357
0.725919
0.719555
0.718178
0.722655
0.733132
0.748951
0.768848
0.790757
0.812299
0.830777
0.843931
0.850194
0.849143
0.841666
0.829604
0.81545
0.801525
0.789486
0.779969
0.773035
0.768551
0.766593
0.767418
0.771084
0.776942
0.783631
0.789299
0.792463
0.792333
0.789289
0.784606
0.779928
0.776505
0.774831
0.774648
0.775216
0.775899
0.776401
0.777245
0.779279
0.78361
0.790886
0.80081
0.812583
0.825122
0.837593
0.849498
0.860453
0.870172
0.877947
0.882774
0.883351
0.878384
0.867101
0.849596
0.82684
0.800565
0.7725
0.744476
0.718567
0.697491
0.684229
0.681471
0.68979
0.70757
0.731597
0.75824
0.784404
0.807654
0.826069
0.838559
0.84492
0.845578
0.841766
0.835161
0.82767
0.821403
0.818157
0.818931
0.823345
0.829377
0.833986
0.834176
0.82819
0.816365
0.801197
0.787049
0.778267
0.777232
0.782845
0.791557
0.799509
0.803789
0.803038
0.797359
0.788191
0.777984
0.769233
0.764052
0.763491
0.767552
0.775491
0.786251
0.798516
0.810876
0.822327
0.832262
0.840445
0.846959
0.851574
0.854013
0.854098
0.852303
0.849438
0.845958
0.841622
0.835641
0.827315
0.817069
0.806426
0.797391
0.791802
0.790552
0.793349
0.798454
0.803471
0.806015
0.80435
0.797929
0.787276
0.77384
0.759752
0.747087
0.737628
0.732686
0.732722
0.737316
0.745561
0.75623
0.768496
0.78182
0.795467
0.808716
0.820347
0.828953
0.833446
0.833186
0.827982
0.8184
0.805528
0.790801
0.775969
0.762923
0.753494
0.749221
0.750977
0.758667
0.771148
0.786294
0.801407
0.813955
0.822228
0.825777
0.825389
0.823095
0.821061
0.820486
0.821235
0.822016
0.821057
0.816805
0.808364
0.796105
0.78152
0.766928
0.755078
0.748448
0.748633
0.75569
0.768059
0.783186
0.798608
0.812997
0.826273
0.839277
0.852778
0.866076
0.877155
0.883729
0.884454
0.879138
0.868792
0.855374
0.841026
0.827828
0.817294
0.810033
0.80571
0.802999
0.800286
0.795786
0.788279
0.777306
0.763367
0.747863
0.732578
0.719349
0.709644
0.704161
0.702593
0.703879
0.70673
0.710251
0.713925
0.71763
0.721294
0.724869
0.728526
0.732692
0.738197
0.746011
0.756939
0.771453
0.789541
0.810697
0.834039
0.857859
0.879566
0.896116
0.904933
0.904688
0.895732
0.879861
0.859718
0.837989
0.816747
0.79746
0.78174
0.771874
0.770068
0.777085
0.791187
0.808652
0.825421
0.83829
0.845332
0.846004
0.840881
0.831505
0.819891
0.808107
0.797567
0.788891
0.782025
0.776522
0.771659
0.766795
0.761506
0.755809
0.750473
0.746982
0.747047
0.751941
0.76203
0.776349
0.792907
0.809165
0.822389
0.830572
0.832746
0.829254
0.821402
0.810939
0.799426
0.787908
0.777063
0.767517
0.759961
0.755237
0.753987
0.756464
0.762174
0.77044
0.78049
0.791742
0.80386
0.816793
0.830267
0.843768
0.856555
0.867606
0.875791
0.880182
0.880075
0.875368
0.866872
0.855596
0.842667
0.8286
0.813485
0.797418
0.781093
0.765856
0.753186
0.744145
0.739034
0.737532
0.739039
0.743084
0.749283
0.757228
0.766319
0.775771
0.784642
0.792145
0.797655
0.801067
0.802608
0.802849
0.802296
0.801358
0.800312
0.799338
0.798472
0.797669
0.79702
0.796866
0.797853
0.800725
0.805666
0.812293
0.819343
0.825436
0.829401
0.830743
0.829715
0.827317
0.824814
0.823151
0.822609
0.822389
0.821125
0.817379
0.810424
0.800625
0.789332
0.778468
0.769965
0.765362
0.765229
0.768957
0.774904
0.780617
0.78368
0.782433
0.776714
0.768021
0.759105
0.752603
0.750077
0.751497
0.755748
0.761376
0.767366
0.772934
0.777887
0.782461
0.786979
0.791748
0.796667
0.800867
0.803233
0.802718
0.799028
0.792748
0.785075
0.777625
0.771775
0.768527
0.768521
0.772408
0.780982
0.794649
0.812845
0.833644
0.853854
0.870158
0.880057
0.882937
0.879715
0.872325
0.863268
0.854908
0.848459
0.843699
0.839406
0.834412
0.828405
0.821817
0.815084
0.808721
0.802965
0.798146
0.794623
0.79288
0.793191
0.795393
0.798783
0.802082
0.803907
0.803152
0.799588
0.793904
0.787669
0.782685
0.780316
0.78121
0.78503
0.790539
0.796254
0.801134
0.804674
0.807213
0.809313
0.811537
0.813837
0.815853
0.816852
0.81615
0.813318
0.808373
0.801768
0.794171
0.786279
0.778828
0.772363
0.767598
0.765397
0.766626
0.771789
0.780795
0.792741
0.806128
0.819238
0.830129
0.837368
0.840226
0.838859
0.834199
0.827286
0.818506
0.807507
0.793756
0.777466
0.760016
0.743734
0.731167
0.724389
0.724395
0.731073
0.743518
0.760327
0.77989
0.800437
0.820273
0.837901
0.852126
0.862139
0.867654
0.868767
0.865749
0.858943
0.848947
0.836553
0.823121
0.809988
0.79802
0.787232
0.777202
0.767644
0.758879
0.752062
0.748566
0.749336
0.754216
0.762073
0.770988
0.779507
0.787235
0.795003
0.803775
0.813181
0.821434
0.825975
0.825038
0.817942
0.805481
0.789623
0.773298
0.759704
0.75179
0.751154
0.757829
0.770062
0.784727
0.798458
0.808548
0.814296
0.816735
0.817826
0.819337
0.822078
0.825935
0.830232
0.834054
0.836566
0.836767
0.833828
0.827346
0.817312
0.804624
0.790819
0.777806
0.767306
0.760584
0.758488
0.761457
0.769344
0.781286
0.795499
0.809765
0.822239
0.831993
0.839444
0.845747
0.851725
0.856909
0.85998
0.859552
0.855548
0.848988
0.841417
0.833945
0.826686
0.818852
0.80936
0.797327
0.782687
0.766316
0.749743
0.734761
0.723062
0.716083
0.714658
0.719033
0.728707
0.742492
0.758608
0.775029
0.789742
0.801191
0.808592
0.812197
0.812918
0.811723
0.809155
0.805175
0.79946
0.791859
0.782597
0.772305
0.761834
0.752298
0.745306
0.74345
0.749267
0.762901
0.780772
0.797428
0.80884
0.813428
0.811642
0.804543
0.793804
0.781723
0.771029
0.76451
0.764018
0.769997
0.781281
0.795553
0.810205
0.822735
0.831678
0.836418
0.83743
0.836017
0.833675
0.831486
0.829872
0.828272
0.825774
0.821489
0.814971
0.806437
0.797003
0.788608
0.783632
0.784213
0.791457
0.804617
0.821563
0.839442
0.855649
0.868294
0.876165
0.878765
0.87623
0.86924
0.858754
0.846097
0.832391
0.818604
0.805175
0.792393
0.780524
0.770109
0.761863
0.756258
0.753439
0.753029
0.754148
0.755862
0.757637
0.759076
0.759797
0.759189
0.756715
0.752139
0.745928
0.739205
0.733201
0.729025
0.727418
0.728626
0.732674
0.739472
0.748713
0.759649
0.771109
0.781527
0.789459
0.794189
0.796065
0.796335
0.796649
0.798351
0.802022
0.807353
0.81365
0.820314
0.827107
0.834126
0.841381
0.848278
0.854042
0.857676
0.858568
0.856321
0.85104
0.842887
0.832176
0.819632
0.806457
0.794253
0.784971
0.780154
0.780464
0.785633
0.794434
0.805024
0.815583
0.824334
0.82974
0.830725
0.826639
0.818041
0.806495
0.794644
0.785078
0.779328
0.777603
0.778772
0.78145
0.784423
0.787061
0.789254
0.790978
0.792189
0.792609
0.79201
0.790513
0.788625
0.78694
0.785907
0.785314
0.78467
0.783379
0.781393
0.779436
0.778911
0.781193
0.786993
0.795886
0.806453
0.816774
0.82515
0.830397
0.831748
0.829094
0.822777
0.813714
0.803011
0.791971
0.781724
0.773133
0.766862
0.763254
0.762401
0.764603
0.770353
0.77995
0.793026
0.808154
0.823258
0.836205
0.845525
0.85031
0.850512
0.846452
0.839036
0.829531
0.819511
0.810542
0.803831
0.799742
0.798078
0.798525
0.801227
0.806195
0.812978
0.820295
0.826354
0.829671
0.82966
0.826637
0.821633
0.815696
0.809755
0.80468
0.801153
0.799684
0.800283
0.802277
0.804646
0.806186
0.80622
0.804342
0.800595
0.795388
0.789144
0.782283
0.775147
0.767632
0.759664
0.751349
0.743478
0.737698
0.735949
0.739898
0.749957
0.765203
0.783686
0.802978
0.820824
0.835441
0.845555
0.850141
0.848437
0.839776
0.824192
0.802701
0.777624
0.752465
0.731265
0.717488
0.712926
0.717318
0.7289
0.745075
0.76278
0.7792
0.791934
0.799364
0.800848
0.796508
0.787099
0.774265
0.760335
0.748508
0.742397
0.744912
0.756067
0.772721
0.790129
0.804109
0.812551
0.815403
0.81409
0.810902
0.808238
0.807799
0.810464
0.815903
0.822958
0.829995
0.835423
0.838332
0.838767
0.837409
0.835748
0.835144
0.836473
0.839598
0.843479
0.846764
0.848289
0.847381
0.843768
0.837418
0.828504
0.817563
0.805563
0.793862
0.783962
0.777198
0.774291
0.775083
0.778667
0.783477
0.787871
0.790792
0.791617
0.790303
0.787231
0.782796
0.777638
0.77266
0.769122
0.768245
0.770764
0.776641
0.784858
0.793559
0.8006
0.804061
0.802961
0.797596
0.789673
0.781511
0.775236
0.772457
0.774144
0.780588
0.790795
0.802593
0.81338
0.820934
0.823922
0.82168
0.814607
0.803924
0.791596
0.779958
0.770857
0.76541
0.76409
0.766989
0.774107
0.784898
0.798228
0.812313
0.825046
0.834679
0.840074
0.840788
0.837118
0.829782
0.819781
0.808128
0.795634
0.783022
0.770802
0.759317
0.748936
0.740225
0.733887
0.730697
0.731409
0.736377
0.745525
0.758211
0.773505
0.790256
0.807293
0.823551
0.837949
0.849465
0.857009
0.859681
0.857246
0.85066
0.841484
0.832078
0.824492
0.819937
0.818081
0.817764
0.817677
0.816851
0.815143
0.812923
0.810702
0.808867
0.807497
0.806503
0.805798
0.805417
0.805801
0.80753
0.811277
0.817048
0.824067
0.830858
0.835842
0.83778
0.835752
0.829487
0.819125
0.804831
0.786854
0.765269
0.740363
0.71327
0.686705
0.665101
0.653403
0.654796
0.669121
0.692755
0.720432
0.747319
0.769823
0.785763
0.794351
0.796193
0.79298
0.787278
0.781877
0.779375
0.781248
0.788012
0.799118
0.813344
0.829188
0.845106
0.85953
0.871267
0.879507
0.884067
0.885279
0.883538
0.879393
0.872932
0.863976
0.85234
0.838145
0.822189
0.806089
0.791726
0.780912
0.77468
0.773244
0.775871
0.781504
0.788885
0.796705
0.803605
0.808556
0.811548
0.813658
0.816177
0.820009
0.824852
0.829499
0.832468
0.832849
0.830414
0.825529
0.818807
0.811193
0.803525
0.796574
0.791089
0.787679
0.786778
0.788675
0.793119
0.799076
0.805159
0.8095
0.810268
0.80644
0.797954
0.786361
0.77394
0.762961
0.754597
0.748481
0.743612
0.739366
0.73592
0.73421
0.735638
0.741198
0.7513
0.765392
0.782009
0.799287
0.814831
0.826775
0.834079
0.837056
0.837223
0.83649
0.835947
0.835809
0.835454
0.834202
0.831684
0.82821
0.824688
0.822145
0.821377
0.822307
0.823946
0.824633
0.823057
0.818549
0.811612
0.803493
0.795638
0.78934
0.785221
0.783105
0.782134
0.781144
0.77906
0.775261
0.769729
0.763
0.755825
0.749069
0.743111
0.738191
0.734437
0.731808
0.730233
0.729574
0.729767
0.73074
0.732582
0.73552
0.739799
0.745735
0.753448
0.762675
0.772707
0.782342
0.790461
0.796372
0.800211
0.803219
0.807373
0.8147
0.826142
0.841032
0.857534
0.87307
0.885285
0.892463
0.893981
0.890001
0.881255
0.868434
0.852189
0.833145
0.812235
0.791055
0.771572
0.755667
0.744727
0.739008
0.738137
0.741271
0.747515
0.755941
0.765633
0.77555
0.784708
0.792128
0.797072
0.799128
0.798076
0.794128
0.787821
0.779924
0.771263
0.76272
0.755273
0.749755
0.747004
0.747698
0.75202
0.759595
0.76951
0.780516
0.791429
0.801437
0.81041
0.818576
0.826561
0.835109
0.844721
0.855453
0.866666
0.877381
0.886237
0.891182
0.890179
0.881981
0.866803
0.846324
0.823103
0.799814
0.778413
0.760361
0.746401
0.736822
0.732144
0.732615
0.737924
0.747151
0.758588
0.770319
0.780794
0.789299
0.795804
0.800634
0.80414
0.806514
0.807743
0.807949
0.807424
0.806689
0.806295
0.806586
0.807927
0.810236
0.813557
0.817661
0.82243
0.827743
0.833544
0.84007
0.847761
0.856608
0.865079
0.870166
0.868975
0.860033
0.843961
0.822968
0.799836
0.777112
0.756503
0.73886
0.72461
0.714205
0.708112
0.706875
0.710542
0.718623
0.730131
0.744194
0.759947
0.776769
0.79415
0.811406
0.827546
0.841387
0.851538
0.857275
0.858404
0.855425
0.849488
0.841887
0.833917
0.826875
0.82209
0.820389
0.822269
0.827181
0.833498
0.838923
0.841122
0.838871
0.83242
0.823436
0.814171
0.806375
0.800793
0.797025
0.793965
0.790304
0.784919
0.777425
0.768214
0.758672
0.750838
0.746788
0.747591
0.753032
0.762012
0.773085
0.785228
0.797799
0.810259
0.822048
0.832293
0.839872
0.843608
0.842639
0.836564
0.825834
0.812013
0.797402
0.784717
0.776174
0.772896
0.774271
0.778552
0.783646
0.787669
0.789893
0.790306
0.78999
0.790234
0.792205
0.796618
0.803532
0.81243
0.822352
0.832097
0.840383
0.845992
0.847993
0.845473
0.837799
0.824724
0.80708
0.786557
0.765685
0.747215
0.733253
0.724826
0.721746
0.722744
0.726316
0.731261
0.737115
0.743889
0.751927
0.761524
0.772928
0.786017
0.800337
0.814914
0.828344
0.839176
0.845995
0.847681
0.843709
0.834053
0.819295
0.800859
0.780739
0.761417
0.745275
0.734407
0.730137
0.733151
0.743496
0.760894
0.784551
0.812781
0.843034
0.872136
0.897144
0.915337
0.924825
0.924287
0.913549
0.893702
0.867175
0.837469
0.808079
0.781477
0.75894
0.741208
0.729308
0.724898
0.7294
0.742953
0.763502
0.786772
0.807494
0.821381
0.826221
0.822561
0.812815
0.800259
0.788064
0.779008
0.77499
0.776632
0.783137
0.792901
0.804139
0.815273
0.825142
0.83272
0.837111
0.837653
0.834015
0.8268
0.817454
0.807947
0.800156
0.794915
0.792122
0.790843
0.790408
0.790761
0.792602
0.796797
0.803643
0.812575
0.822395
0.831622
0.839192
0.844714
0.848145
0.849887
0.850144
0.848615
0.844717
0.837861
0.82756
0.813439
0.79554
0.774055
0.750306
0.72662
0.706309
0.693015
0.689643
0.697508
0.716027
0.742623
0.773439
0.804322
0.831514
0.852354
0.865442
0.870252
0.867252
0.857541
0.84286
0.825281
0.807403
0.792151
0.782084
0.778825
0.782213
0.790381
0.800634
0.810437
0.817989
0.822476
0.823947
0.823058
0.820682
0.817699
0.814537
0.811435
0.808304
0.805386
0.803014
0.801616
0.801559
0.802951
0.805552
0.808773
0.811746
0.813816
0.814257
0.812644
0.808786
0.802946
0.795948
0.788799
0.782509
0.777674
0.774344
0.772309
0.771594
0.772814
0.776672
0.783494
0.792957
0.803913
0.814751
0.823711
0.829186
0.830092
0.825947
0.817081
0.80452
0.78979
0.774823
0.761647
0.752028
0.746975
0.746586
0.749984
0.7557
0.762216
0.768294
0.773399
0.777489
0.780926
0.784069
0.78744
0.791033
0.794621
0.797919
0.800404
0.801739
0.801909
0.801313
0.80082
0.80119
0.802854
0.805865
0.8099
0.814491
0.818992
0.822606
0.824839
0.825729
0.825846
0.826125
0.827554
0.83078
0.835715
0.841646
0.847308
0.851074
0.851606
0.847716
0.838912
0.825268
0.807697
0.78791
0.768383
0.751978
0.741356
0.738013
0.742059
0.752273
0.766568
0.782453
0.797588
0.810107
0.818932
0.82363
0.824531
0.82245
0.818607
0.814448
0.811237
0.810097
0.811433
0.815148
0.820349
0.825714
0.829744
0.830831
0.827854
0.82014
0.807833
0.791607
0.772914
0.753669
0.736288
0.722754
0.714908
0.713709
0.719284
0.731093
0.748344
0.770048
0.794867
0.821233
0.847319
0.8712
0.890659
0.903416
0.907535
0.902194
0.887721
0.865778
0.839248
0.811509
0.785995
0.765513
0.751706
0.744834
0.74376
0.746393
0.750433
0.754007
0.755966
0.755847
0.753881
0.751092
0.749034
0.749433
0.753966
0.763469
0.777879
0.796035
0.815921
0.835064
0.851036
0.862117
0.867634
0.868208
0.865584
0.861982
0.859152
0.857565
0.856589
0.854605
0.850238
0.842747
0.832174
0.819623
0.806982
0.79686
0.791725
0.793086
0.800553
0.811756
0.822854
0.829929
0.829915
0.821369
0.804786
0.782461
0.75797
0.735195
0.717478
0.706874
0.703924
0.707581
0.715987
0.72687
0.738216
0.748551
0.75731
0.764765
0.771679
0.778914
0.786803
0.795078
0.802753
0.808628
0.811839
0.812233
0.810422
0.807454
0.804254
0.801637
0.799973
0.799662
0.801023
0.804042
0.808336
0.813168
0.817737
0.821008
0.821837
0.819346
0.812891
0.802624
0.789616
0.775911
0.763936
0.756064
0.753907
0.75817
0.76836
0.783175
0.800748
0.818955
0.835704
0.849465
0.859118
0.863957
0.863905
0.859205
0.850177
0.837484
0.822235
0.806104
0.791343
0.780144
0.773633
0.771952
0.774103
0.77869
0.784295
0.790321
0.796624
0.803271
0.809974
0.815498
0.81845
0.817793
0.813674
0.807457
0.801125
0.796592
0.794584
0.794549
0.79473
0.793462
0.789934
0.784839
0.779759
0.776569
0.776531
0.78003
0.786555
0.795182
0.805019
0.815395
0.825576
0.8344
0.840542
0.842909
0.840979
0.834978
0.826046
0.815947
0.806727
0.800185
0.79762
0.79945
0.805352
0.814045
0.823606
0.831809
0.836644
0.836649
0.831117
0.820484
0.80644
0.791818
0.779732
0.772989
0.773115
0.780241
0.792864
0.808677
0.824707
0.837893
0.845613
0.84634
0.839804
0.827254
0.810931
0.793696
0.778108
0.765644
0.756702
0.750747
0.746897
0.744263
0.7423
0.740755
0.739712
0.739571
0.740864
0.74414
0.749831
0.758506
0.770224
0.784336
0.799371
0.813152
0.823338
0.828084
0.826507
0.819136
0.807946
0.796311
0.787936
0.785689
0.790402
0.800547
0.813183
0.825412
0.835499
0.843226
0.849294
0.854655
0.859628
0.863879
0.866666
0.867018
0.86404
0.856774
0.844658
0.827813
0.807213
0.785161
0.764824
0.749515
0.741606
0.741726
0.748584
0.759548
0.77136
0.781305
0.787778
0.791094
0.792661
0.794165
0.796743
0.800966
0.806841
0.814323
0.823158
0.83282
0.842281
0.850099
0.854853
0.855648
0.85242
0.845436
0.835311
0.82236
0.807047
0.789738
0.771253
0.752766
0.735911
0.722502
0.714204
0.712318
0.717397
0.729118
0.746334
0.767076
0.788766
0.808757
0.824839
0.835739
0.841477
0.843229
0.842859
0.84216
0.842378
0.843693
0.845984
0.849009
0.852809
0.857433
0.862557
0.867621
0.871962
0.874466
0.874038
0.8697
0.861014
0.848314
0.832762
0.816119
0.800205
0.786527
0.775699
0.767407
0.760652
0.754244
0.74743
0.74033
0.733983
0.729677
0.728528
0.730763
0.735914
0.742858
0.750463
0.757632
0.763748
0.768633
0.772495
0.775879
0.77931
0.782991
0.787053
0.791313
0.795451
0.798826
0.800423
0.799144
0.794169
0.785701
0.775219
0.765185
0.758494
0.757467
0.762897
0.773656
0.787574
0.802357
0.816358
0.828619
0.838656
0.845913
0.849893
0.850096
0.84642
0.839099
0.828749
0.816221
0.802658
0.789329
0.7773
0.767574
0.760759
0.757199
0.757521
0.762343
0.772324
0.787522
0.807282
0.830103
0.853982
0.876718
0.896262
0.910919
0.919475
0.921531
0.917336
0.907804
0.894049
0.87711
0.857808
0.836691
0.81439
0.791568
0.769303
0.748634
0.730345
0.714926
0.702957
0.695139
0.692448
0.695373
0.703515
0.715246
0.728481
0.741192
0.752055
0.760451
0.76659
0.770904
0.774022
0.776252
0.777769
0.778799
0.779463
0.779944
0.779874
0.778951
0.776866
0.774096
0.771783
0.771239
0.773191
0.777436
0.782911
0.788358
0.792779
0.795229
0.795244
0.792988
0.789199
0.785028
0.781773
0.780261
0.780771
0.783135
0.786935
0.791714
0.797074
0.802951
0.809637
0.81785
0.828475
0.841616
0.856455
0.871455
0.8848
0.895263
0.902404
0.906117
0.906203
0.90187
0.891793
0.874797
0.851125
0.823093
0.795001
0.77176
0.756749
0.750647
0.751959
0.758421
0.767433
0.776598
0.783666
0.786708
0.784769
0.7784
0.77018
0.764145
0.764206
0.771404
0.783017
0.794583
0.802461
0.805099
0.803161
0.798701
0.794171
0.791297
0.790496
0.790803
0.790515
0.78841
0.784199
0.778611
0.772806
0.76811
0.765372
0.765045
0.767012
0.770766
0.775817
0.78176
0.788263
0.794967
0.801566
0.80774
0.813506
0.819071
0.824726
0.830173
0.834711
0.83722
0.836677
0.832675
0.825366
0.815512
0.804217
0.792821
0.782776
0.775206
0.770568
0.768603
0.768516
0.769669
0.771753
0.774829
0.77922
0.784923
0.791525
0.798113
0.80339
0.805913
0.804604
0.799059
0.789789
0.778097
0.765919
0.755302
0.748406
0.747352
0.75382
0.76816
0.788635
0.811888
0.834152
0.852392
0.864712
0.870381
0.869648
0.863155
0.852029
0.837693
0.821701
0.806056
0.792546
0.782456
0.77624
0.773535
0.773428
0.774737
0.776275
0.777131
0.776694
0.775057
0.77271
0.770686
0.770146
0.772048
0.777096
0.785423
0.796446
0.808905
0.821068
0.831132
0.83769
0.839934
0.837712
0.831137
0.820946
0.808334
0.794835
0.782396
0.772659
0.766804
0.765006
0.766522
0.769966
0.774013
0.777794
0.78118
0.784554
0.788176
0.792017
0.795909
0.799786
0.803641
0.807405
0.810777
0.813451
0.815048
0.815008
0.812734
0.807777
0.800237
0.790921
0.780837
0.771431
0.763805
0.758905
0.757112
0.758533
0.762847
0.769401
0.777524
0.786854
0.797291
0.809022
0.822082
0.835894
0.849245
0.860665
0.869264
0.875011
0.878426
0.879861
0.879283
0.875955
0.869088
0.858433
0.84494
0.829869
0.814647
0.800191
0.787251
0.776376
0.767624
0.76058
0.754789
0.749956
0.746129
0.74362
0.74303
0.744727
0.749014
0.755598
0.763718
0.77232
0.780586
0.788169
0.795349
0.802835
0.811215
0.820768
0.830827
0.839994
0.846737
0.849827
0.848412
0.842346
0.832142
0.819235
0.805349
0.792355
0.781709
0.774165
0.76954
0.767173
0.766303
0.766722
0.768536
0.77235
0.778558
0.786743
0.795839
0.804439
0.810986
0.814225
0.813539
0.808941
0.801138
0.79158
0.782538
0.776506
0.775774
0.781501
0.793152
0.808882
0.825819
0.841233
0.85326
0.861473
0.866376
0.868779
0.868923
0.866563
0.861241
0.85302
0.842354
0.829651
0.815136
0.798849
0.780955
0.762723
0.745863
0.732461
0.724237
0.722219
0.72672
0.737102
0.752048
0.769332
0.78648
0.801462
0.81337
0.823085
0.832733
0.844157
0.857411
0.870439
0.880269
0.884772
0.88327
0.876422
0.865772
0.853264
0.840527
0.828608
0.817953
0.808143
0.798533
0.78878
0.778986
0.769789
0.761792
0.755522
0.751315
0.749492
0.750502
0.754528
0.761327
0.770235
0.780317
0.790526
0.799922
0.807487
0.812013
0.812605
0.809149
0.802337
0.793622
0.784857
0.777942
0.774299
0.774758
0.779181
0.786543
0.79513
0.803053
0.808859
0.811983
0.812645
0.811785
0.810524
0.809712
0.810073
0.811644
0.81408
0.816906
0.819627
0.821601
0.822147
0.820654
0.816631
0.810088
0.801621
0.79247
0.783897
0.777034
0.772756
0.771649
0.77413
0.780202
0.789423
0.800507
0.81158
0.821087
0.827965
0.832235
0.834479
0.835395
0.835521
0.835058
0.834069
0.832466
0.830185
0.827082
0.822955
0.817607
0.811205
0.80419
0.797475
0.79212
0.78882
0.787628
0.787913
0.788563
0.788304
0.786542
0.783119
0.778791
0.77452
0.770902
0.768237
0.766096
0.763862
0.76133
0.758469
0.755602
0.753016
0.750593
0.74796
0.744482
0.739888
0.73485
0.730739
0.72971
0.733534
0.743195
0.758349
0.777842
0.800104
0.823424
0.846254
0.86703
0.884067
0.895748
0.900836
0.898291
0.887969
0.870624
0.847973
0.822624
0.797403
0.775041
0.75749
0.745394
0.738342
0.735611
0.736287
0.739867
0.745857
0.753664
0.762434
0.771362
0.779985
0.787953
0.795187
0.801449
0.806283
0.809196
0.810165
0.809723
0.80864
0.80775
0.807259
0.80698
0.806497
0.805356
0.803397
0.800871
0.798756
0.798666
0.80237
0.811268
0.825592
0.844307
0.865243
0.885506
0.901784
0.911445
0.912637
0.904794
0.888315
0.865095
0.837571
0.808807
0.781549
0.757723
0.738378
0.7241
0.715643
0.713871
0.718772
0.728492
0.740024
0.750718
0.759326
0.76604
0.772036
0.778616
0.786671
0.796238
0.806743
0.817392
0.827541
0.837055
0.84607
0.854585
0.862195
0.868091
0.871502
0.871938
0.869341
0.863478
0.854142
0.841591
0.826389
0.809983
0.794502
0.782237
0.774878
0.772724
0.774982
0.780091
0.78643
0.793198
0.800059
0.807328
0.815423
0.824516
0.834038
0.842443
0.847593
0.84736
0.840256
0.826485
0.807736
0.787012
0.767758
0.753173
0.745208
0.744425
0.74989
0.759648
0.771237
0.782048
0.789821
0.792945
0.790846
0.783997
0.774135
0.763779
0.755757
0.751942
0.752839
0.757341
0.763536
0.769194
0.772551
0.772551
0.769101
0.763389
0.757745
0.755192
0.758372
0.768542
0.784704
0.804138
0.823951
0.841908
0.856774
0.867723
0.874165
0.875244
0.870684
0.860789
0.846727
0.83024
0.813331
0.797856
0.78512
0.775806
0.769936
0.767212
0.767218
0.769757
0.774662
0.781566
0.789866
0.798478
0.806205
0.811893
0.814807
0.814404
0.810814
0.804796
0.797761
0.791723
0.788814
0.790697
0.797914
0.80987
0.824769
0.839998
0.852752
0.860528
0.861815
0.856478
0.84593
0.832806
0.820133
0.810551
0.805224
0.80381
0.804626
0.80558
0.805064
0.802336
0.79783
0.79272
0.788516
0.786309
0.786239
0.787519
0.788621
0.788053
0.784722
0.778626
0.770523
0.761735
0.753683
0.747495
0.743736
0.742163
0.742229
0.743328
0.745323
0.748612
0.753782
0.761262
0.770972
0.782413
0.794863
0.807649
0.820356
0.832461
0.843078
0.851024
0.854783
0.853275
0.845936
0.833323
0.817106
0.799818
0.784428
0.773699
0.769322
0.772056
0.781269
0.795486
0.812483
0.82992
0.845656
0.858194
0.866538
0.87019
0.868763
0.86227
0.850993
0.835604
0.817282
0.79801
0.780229
0.766099
0.756764
0.75203
0.750609
0.750754
0.751016
0.75062
0.749528
0.748386
0.748354
0.750909
0.757412
0.768531
0.784142
0.802966
0.822984
0.841795
0.857036
0.866969
0.87049
0.867496
0.85859
0.845118
0.828999
0.812441
0.797564
0.78597
0.778432
0.774728
0.773982
0.774941
0.776373
0.777316
0.776969
0.774988
0.771569
0.767429
0.763755
0.761725
0.762281
0.765524
0.770559
0.775939
0.780097
0.782598
0.783933
0.785462
0.78883
0.794967
0.803673
0.813333
0.821743
0.827078
0.828654
0.827221
0.824379
0.822135
0.822049
0.824989
0.83073
0.838475
0.846806
0.854467
0.860496
0.864304
0.865393
0.863643
0.858743
0.850832
0.840571
0.829231
0.818457
0.809677
0.803333
0.79857
0.793991
0.788469
0.781966
0.775677
0.771617
0.771463
0.775623
0.783004
0.791255
0.797911
0.801122
0.800334
0.796119
0.78991
0.783498
0.778558
0.776324
0.777544
0.782287
0.789943
0.799356
0.808843
0.817006
0.822676
0.825435
0.825465
0.823172
0.818926
0.813066
0.805733
0.797036
0.787323
0.777335
0.768185
0.761163
0.757643
0.758411
0.763442
0.771748
0.781501
0.790424
0.796686
0.799281
0.798338
0.795032
0.791042
0.788223
0.787831
0.790325
0.795265
0.801852
0.809018
0.815736
0.821219
0.824767
0.825752
0.824001
0.81956
0.812871
0.80485
0.796582
0.7895
0.785063
0.784274
0.787251
0.792954
0.799914
0.806356
0.811002
0.813237
0.813151
0.811325
0.80837
0.804858
0.801227
0.797939
0.795184
0.792736
0.790324
0.788004
0.78596
0.784424
0.783252
0.782043
0.780212
0.777342
0.773266
0.768391
0.763359
0.758954
0.755806
0.754325
0.7552
0.75907
0.766458
0.777463
0.791431
0.806978
0.822567
0.836566
0.847736
0.855363
0.859216
0.859539
0.857139
0.852902
0.847647
0.841566
0.834418
0.825527
0.81447
0.801387
0.787133
0.773129
0.760809
0.751147
0.744252
0.739306
0.735313
0.731758
0.728801
0.72736
0.72848
0.732943
0.740806
0.751545
0.764351
0.778393
0.792961
0.807287
0.820604
0.832154
0.841307
0.847657
0.851418
0.85293
0.852866
0.851624
0.849468
0.846071
0.840906
0.833432
0.823225
0.810578
0.796225
0.781248
0.766992
0.754971
0.746745
0.743819
0.747295
0.757328
0.772842
0.791472
0.810535
0.827622
0.840972
0.849738
0.85358
0.852557
0.847106
0.837846
0.825845
0.812312
0.798831
0.78705
0.778358
0.773685
0.772997
0.775363
0.779472
0.784059
0.78819
0.791516
0.794057
0.795633
0.795903
0.794438
0.791024
0.785668
0.778965
0.772127
0.766725
0.764339
0.765766
0.770716
0.777929
0.785606
0.791847
0.795169
0.794804
0.791104
0.78539
0.779482
0.775281
0.774163
0.776638
0.782385
0.790369
0.799218
0.807421
0.813759
0.817438
0.818578
0.817794
0.816025
0.814453
0.814155
0.816129
0.820647
0.827223
0.834334
0.840247
0.843179
0.842184
0.837064
0.828859
0.81924
0.810356
0.804155
0.801858
0.803777
0.80927
0.817078
0.82561
0.833391
0.839249
0.842799
0.844162
0.84369
0.84158
0.837666
0.831353
0.822053
0.809836
0.795556
0.780748
0.767243
0.757048
0.752199
0.754324
0.763762
0.779289
0.797982
0.816233
0.8306
0.838755
0.839376
0.832722
0.819975
0.802778
0.783318
0.763664
0.745777
0.731277
0.721314
0.716563
0.716952
0.722318
0.732391
0.746668
0.763919
0.781913
0.798476
0.812339
0.823147
0.831523
0.838325
0.844194
0.849401
0.854035
0.858251
0.861958
0.865123
0.867487
0.868534
0.867464
0.863221
0.854943
0.842295
0.826279
0.808844
0.792433
0.77901
0.769931
0.765934
0.76697
0.772537
0.781432
0.79192
0.801858
0.809152
0.812017
0.809635
0.802494
0.792286
0.781416
0.772324
0.766898
0.766219
0.770478
0.778951
0.790242
0.802671
0.814544
0.824482
0.83173
0.836026
0.837652
0.837029
0.834607
0.830473
0.824327
0.815906
0.805046
0.792198
0.778301
0.764527
0.751819
0.740791
0.732017
0.726258
0.724539
0.727975
0.737365
0.752462
0.771887
0.7933
0.813919
0.831203
0.8433
0.849436
0.850144
0.847236
0.843146
0.839865
0.838237
0.837554
0.836516
0.834141
0.830294
0.825235
0.819232
0.812132
0.803796
0.794365
0.784938
0.777463
0.773748
0.774411
0.778576
0.784333
0.789717
0.793491
0.795234
0.795217
0.794152
0.792787
0.79177
0.791712
0.793117
0.796126
0.800708
0.806077
0.811021
0.814243
0.815074
0.813686
0.811102
0.808527
0.80723
0.807891
0.810539
0.814946
0.820514
0.826681
0.833145
0.83973
0.84663
0.853802
0.86044
0.864794
0.864761
0.858784
0.846519
0.82902
0.808407
0.787418
0.76908
0.756173
0.750641
0.753275
0.763755
0.780524
0.801296
0.823552
0.844715
0.862487
0.874883
0.880076
0.876712
0.864106
0.842783
0.814613
0.782643
0.750352
0.720933
0.696666
0.679439
0.670537
0.670529
0.678721
0.693331
0.712169
0.733337
0.755314
0.776844
0.796669
0.814293
0.83013
0.844847
0.857922
0.86749
0.870959
0.866484
0.853832
0.834682
0.812057
0.789635
0.770931
0.758477
0.753314
0.754935
0.761515
0.770594
0.779678
0.7868
0.790676
0.791116
0.788913
0.785681
0.783222
0.783276
0.786929
0.794863
0.80702
0.822747
0.840821
0.859526
0.877045
0.891782
0.902478
0.90812
0.908045
0.901798
0.889376
0.871352
0.848906
0.82381
0.798497
0.775634
0.75777
0.746442
0.74209
0.743567
0.748891
0.755852
0.762868
0.769388
0.775323
0.780291
0.783237
0.783069
0.779347
0.772862
0.765249
0.758546
0.754359
0.753796
0.75727
0.764529
0.774819
0.787292
0.800787
0.814235
0.826802
0.837811
0.846783
0.853278
0.856989
0.857731
0.855305
0.849337
0.839325
0.825016
0.806666
0.785335
0.762976
0.74193
0.724455
0.712171
0.706026
0.706331
0.712897
0.725168
0.742015
0.761669
0.782145
0.801404
0.818035
0.831147
0.840237
0.844913
0.844981
0.840713
0.833202
0.82407
0.815284
0.808639
0.805289
0.805664
0.809685
0.816886
0.826427
0.83741
0.848783
0.859209
0.867586
0.872712
0.873979
0.871198
0.864531
0.854249
0.840647
0.823972
0.804217
0.781706
0.757383
0.732709
0.709937
0.691326
0.679276
0.675288
0.679865
0.692049
0.709747
0.730031
0.750183
0.768102
0.782391
0.792372
0.797572
0.797798
0.792953
0.783715
0.771492
0.758419
0.747197
0.740298
0.739645
0.74607
0.759266
0.778
0.800221
0.823669
0.845957
0.864897
0.878847
0.886821
0.888719
0.885469
0.878752
0.87054
0.862363
0.855162
0.849221
0.844576
0.841365
0.839684
0.838986
0.838107
0.835155
0.828486
0.817479
0.803013
0.787065
0.771646
0.75802
0.746579
0.737695
0.732066
0.730656
0.733713
0.740508
0.749163
0.757394
0.763482
0.767058
0.769341
0.772595
0.7789
0.788992
0.802005
0.816391
0.830733
0.844256
0.856585
0.867204
0.875592
0.880928
0.882038
0.877818
0.867438
0.850872
0.829222
0.804641
0.779989
0.757764
0.739298
0.724714
0.713778
0.706689
0.703972
0.706186
0.713333
0.724671
0.73911
0.755211
0.771225
0.785477
0.796483
0.803415
0.806292
0.806146
0.804765
0.804232
0.805978
0.810417
0.817153
0.825227
0.833679
0.841686
0.848567
0.853982
0.858101
0.861503
0.864932
0.868923
0.873321
0.877305
0.879515
0.878305
0.872261
0.860476
0.842821
0.820236
0.794791
0.769775
0.749302
0.737229
0.735503
0.742874
0.755437
0.768632
0.77906
0.785063
0.786646
0.784976
0.781904
0.779396
0.779103
0.782094
0.788511
0.797765
0.808755
0.819928
0.829869
0.83746
0.842086
0.843257
0.840493
0.83348
0.822689
0.809412
0.795578
0.78328
0.774216
0.769667
0.770206
0.775892
0.785797
0.798196
0.810757
0.820954
0.826679
0.826576
0.820328
0.808335
0.791707
0.771875
0.750743
0.731063
0.716486
0.710561
0.715317
0.729794
0.750383
0.772951
0.79476
0.814819
0.833072
0.849093
0.861892
0.869649
0.870819
0.864584
0.851582
0.834128
0.815684
0.800207
0.790335
0.787068
0.78951
0.79588
0.804192
0.812834
0.820991
0.828696
0.83636
0.844426
0.852934
0.861356
0.868542
0.873054
0.873785
0.86997
0.861444
0.848688
0.832651
0.81465
0.796223
0.77911
0.764869
0.754634
0.748949
0.747679
0.750213
0.755744
0.763323
0.771996
0.780744
0.788395
0.793812
0.796241
0.795473
0.791747
0.785555
0.777637
0.768691
0.759482
0.750963
0.744162
0.739922
0.738646
0.74021
0.744375
0.750749
0.758972
0.768545
0.779054
0.790317
0.802532
0.816184
0.83151
0.848355
0.865866
0.883055
0.898801
0.912289
0.922863
0.929655
0.931495
0.926821
0.914515
0.894501
0.868345
0.839325
0.811374
0.78765
0.769236
0.755144
0.743387
0.732738
0.723508
0.717211
0.715567
0.719758
0.730286
0.746891
0.768518
0.793101
0.818303
0.841505
0.860368
0.873172
0.878958
0.877569
0.869769
0.857069
0.841457
0.825253
0.810613
0.79933
0.792103
0.788752
0.788124
0.788576
0.788228
0.785597
0.779828
0.771116
0.760539
0.74979
0.740587
0.734585
0.732838
0.735124
0.739816
0.744613
0.748132
0.750635
0.753546
0.758482
0.766325
0.776663
0.788222
0.799693
0.810338
0.82008
0.829488
0.839347
0.850056
0.861596
0.873103
0.883417
0.89128
0.895905
0.897008
0.894911
0.88994
0.882727
0.873651
0.862954
0.850678
0.836777
0.821147
0.803903
0.785331
0.766016
0.746739
0.72838
0.71197
0.698577
0.689418
0.6855
0.687286
0.694613
0.70674
0.722399
0.740118
0.758113
0.774736
0.788889
0.800515
0.810156
0.818678
0.826685
0.834103
0.840397
0.844733
0.846426
0.845114
0.840902
0.834196
0.82578
0.816728
0.808198
0.801039
0.795619
0.791791
0.78927
0.788043
0.788369
0.790756
0.795362
0.801682
0.808639
0.814683
0.818922
0.821066
0.821468
0.821045
0.820869
0.821733
0.824095
0.82786
0.832393
0.836623
0.839427
0.839719
0.8367
0.829931
0.819232
0.804884
0.787523
0.768744
0.750696
0.736061
0.727214
0.725892
0.73238
0.7457
0.763766
0.783691
0.802564
0.817621
0.826912
0.829381
0.824977
0.814575
0.799478
0.781332
0.761803
0.742793
0.725821
0.712306
0.703361
0.699767
0.701764
0.70911
0.72094
0.735952
0.752521
0.769265
0.785339
0.800595
0.815562
0.830861
0.846554
0.861664
0.874361
0.8827
0.88535
0.882155
0.874367
0.864278
0.854467
0.846724
0.841568
0.83792
0.833681
0.82648
0.81468
0.798197
0.778665
0.759467
0.744852
0.738398
0.741113
0.751083
0.764933
0.77917
0.791436
0.800427
0.805715
0.807444
0.806227
0.802889
0.798216
0.792978
0.788258
0.785297
0.7854
0.789462
0.797604
0.808944
0.821983
0.834602
0.844599
0.850063
0.849772
0.843044
0.829901
0.811288
0.789207
0.766708
0.747214
0.733553
0.726974
0.726947
0.732086
0.741044
0.75271
0.766174
0.780079
0.792923
0.803013
0.808887
0.809557
0.804682
0.794612
0.780716
0.765097
0.75091
0.741957
0.741671
0.751918
0.77226
0.799923
0.830793
0.860736
0.886372
0.905762
0.917921
0.922729
0.92044
0.911622
0.897142
0.87821
0.856368
0.833421
0.810982
0.79026
0.772013
0.756892
0.745373
0.737729
0.734044
0.734096
0.737555
0.744094
0.753228
0.764192
0.775968
0.787282
0.796645
0.802734
0.804547
0.801573
0.79427
0.784116
0.773603
0.765449
0.762008
0.764296
0.77185
0.783001
0.795594
0.807878
0.818633
0.827245
0.833402
0.837166
0.839247
0.840646
0.842445
0.845308
0.848987
0.852541
0.854906
0.855304
0.85352
0.849815
0.844635
0.838433
0.831511
0.823864
0.81497
0.804066
0.790764
0.775399
0.759218
0.743795
0.730726
0.721727
0.718866
0.723862
0.736851
0.755839
0.777536
0.79899
0.817914
0.833112
0.844255
0.85156
0.855676
0.857434
0.857544
0.856618
0.855048
0.853114
0.850814
0.848034
0.84455
0.840063
0.834232
0.826653
0.817109
0.805657
0.792774
0.779469
0.767379
0.758133
0.752682
0.750845
0.751128
0.751348
0.74994
0.746853
0.743864
0.743751
0.74913
0.76079
0.777511
0.796853
0.816102
0.833089
0.846498
0.855512
0.859926
0.859911
0.855896
0.84857
0.838513
0.826103
0.811939
0.796919
0.782407
0.769971
0.760724
0.755371
0.753931
0.75606
0.760866
0.766912
0.772213
0.774677
0.773062
0.767367
0.759111
0.750964
0.745922
0.746296
0.753059
0.765902
0.783275
0.802832
0.821873
0.837954
0.849554
0.856129
0.858161
0.856865
0.85367
0.850026
0.847112
0.845406
0.844377
0.842603
0.838487
0.830685
0.818937
0.803879
0.787088
0.77039
0.755705
0.74458
0.738186
0.737039
0.740873
0.748716
0.7592
0.770961
0.782942
0.794979
0.807676
0.821499
0.836314
0.851034
0.863929
0.87344
0.87853
0.878529
0.873537
0.86447
0.852838
0.840842
0.83042
0.822722
0.817742
0.81441
0.811247
0.807152
0.802029
0.796715
0.792652
0.791163
0.792817
0.797354
0.803735
0.810559
0.816298
0.819417
0.818334
0.811873
0.799617
0.782527
0.763205
0.745516
0.733574
0.730064
0.735288
0.747387
0.763064
0.778778
0.792003
0.801307
0.806379
0.80735
0.804466
0.798018
0.788541
0.776815
0.764075
0.751355
0.739662
0.729627
0.721779
0.716608
0.714204
0.714325
0.716421
0.719795
0.723984
0.728843
0.734582
0.741731
0.750696
0.761845
0.7755
0.791766
0.810263
0.829864
0.848641
0.864297
0.874865
0.878919
0.876313
0.868193
0.856544
0.843969
0.832371
0.823012
0.81607
0.811084
0.807534
0.805093
0.803817
0.804159
0.806666
0.811941
0.820156
0.831064
0.843632
0.856285
0.86698
0.874178
0.876576
0.873571
0.864961
0.851219
0.833382
0.812995
0.791727
0.771154
0.752592
0.7373
0.726585
0.721725
0.723534
0.73182
0.74506
0.760739
0.776112
0.789015
0.798229
0.803605
0.805491
0.804694
0.802219
0.799087
0.796193
0.794374
0.794156
0.795849
0.799571
0.804876
0.811072
0.817133
0.821932
0.82443
0.823994
0.820187
0.813
0.802767
0.790252
0.776747
0.764017
0.754135
0.749113
0.750656
0.759848
0.776908
0.800735
0.828764
0.856887
0.880491
0.895713
0.900402
0.89449
0.879522
0.858456
0.834986
0.813091
0.796107
0.785826
0.782242
0.784026
0.789007
0.794863
0.799416
0.800779
0.797775
0.790334
0.779712
0.768006
0.757775
0.75118
0.749166
0.75154
0.757128
0.764273
0.771582
0.778054
0.783249
0.787259
0.79056
0.793969
0.79846
0.804597
0.812389
0.820944
0.828645
0.833671
0.834332
0.829594
0.819515
0.805458
0.790221
0.777591
0.771145
0.772728
0.781708
0.795016
0.808791
0.820051
0.827172
0.830005
0.829334
0.826466
0.822478
0.818169
0.813972
0.810071
0.806559
0.803307
0.80034
0.797788
0.796336
0.797221
0.801448
0.808926
0.818064
0.826588
0.832328
0.834269
0.832727
0.82926
0.825759
0.823637
0.823149
0.823226
0.822412
0.819791
0.815285
0.809505
0.803106
0.796238
0.788432
0.779198
0.768583
0.757635
0.748549
0.743624
0.744307
0.750098
0.759246
0.770326
0.783144
0.798142
0.814934
0.8316
0.845275
0.853508
0.855415
0.85171
0.844216
0.834982
0.825772
0.817807
0.81209
0.809157
0.808935
0.810557
0.812644
0.813732
0.813099
0.81112
0.809159
0.808865
0.811422
0.816818
0.823617
0.829439
0.831862
0.829205
0.821006
0.808065
0.792247
0.775662
0.760289
0.747764
0.739571
0.737232
0.742125
0.755044
0.775517
0.801551
0.829737
0.856176
0.877292
0.890262
0.89347
0.886786
0.871178
0.848887
0.822711
0.795882
0.771234
0.750898
0.736064
0.727152
0.724139
0.726686
0.733859
0.744272
0.755971
0.766928
0.77517
0.779642
0.780388
0.778831
0.777225
0.777932
0.78233
0.790583
0.801616
0.813993
0.826095
0.836746
0.845192
0.851405
0.855821
0.85918
0.861823
0.863505
0.863598
0.861345
0.856389
0.848986
0.840145
0.831072
0.822903
0.815984
0.810063
0.804457
0.798488
0.791912
0.785212
0.779111
0.774291
0.770707
0.767837
0.76506
0.761874
0.758503
0.755433
0.753144
0.751838
0.751281
0.751055
0.750906
0.750657
0.750574
0.751169
0.753467
0.758441
0.766647
0.778131
0.792542
0.808926
0.826118
0.842743
0.856998
0.866775
0.869905
0.864919
0.851553
0.832014
0.810699
0.79255
0.780042
0.772686
0.768388
0.765758
0.764411
0.764358
0.765671
0.768446
0.772694
0.778007
0.783971
0.789997
0.795677
0.800673
0.805115
0.809274
0.813394
0.81722
0.820313
0.822098
0.822367
0.821247
0.819436
0.817854
0.817379
0.818521
0.821415
0.825557
0.830093
0.834085
0.836718
0.837227
0.835345
0.831187
0.824964
0.816962
0.807435
0.796678
0.785318
0.774547
0.765953
0.760872
0.759407
0.760449
0.762377
0.763855
0.76477
0.765948
0.768391
0.7724
0.777251
0.781774
0.784757
0.785732
0.784934
0.783472
0.782928
0.784914
0.790792
0.800898
0.814497
0.829846
0.844638
0.856651
0.864223
0.866726
0.864557
0.858809
0.850755
0.841574
0.831731
0.821268
0.809966
0.797678
0.784642
0.771351
0.758598
0.747036
0.737199
0.729592
0.724509
0.722374
0.723649
0.728606
0.737116
0.748719
0.762588
0.777937
0.794353
0.811337
0.828253
0.843795
0.856019
0.863028
0.863498
0.857468
0.846175
0.831804
0.816935
0.803711
0.793514
0.786644
0.782792
0.781232
0.781672
0.783993
0.788127
0.793647
0.799269
0.803274
0.803803
0.799577
0.790756
0.778776
0.76607
0.755403
0.748787
0.747544
0.752111
0.762125
0.776618
0.794106
0.812898
0.831258
0.847827
0.861951
0.873384
0.882178
0.888102
0.89066
0.889184
0.883206
0.872604
0.857869
0.839835
0.819852
0.799423
0.780258
0.763499
0.749478
0.737823
0.728031
0.719882
0.713655
0.710106
0.710054
0.714297
0.722938
0.735406
0.750684
0.768012
0.786534
0.805223
0.822405
0.836242
0.845158
0.848456
0.846296
0.839795
0.83034
0.819784
0.809966
0.802386
0.797885
0.796341
0.796503
0.796494
0.794267
0.788467
0.778887
0.767174
0.756021
0.748176
0.744536
0.744229
0.746062
0.749652
0.755183
0.762824
0.772222
0.782464
0.792311
0.800724
0.80694
0.810858
0.813017
0.814825
0.817939
0.823815
0.833284
0.846084
0.860839
0.875391
0.887588
0.895621
0.898559
0.89628
0.889352
0.878606
0.865215
0.850579
0.836149
0.823457
0.813889
0.808405
0.807066
0.808794
0.811709
0.813523
0.812359
0.807398
0.7989
0.787962
0.775817
0.763486
0.751915
0.741959
0.7343
0.729544
0.728
0.729635
0.73433
0.741371
0.749784
0.75852
0.766933
0.774743
0.781904
0.788256
0.793112
0.795558
0.794578
0.789546
0.780673
0.769348
0.757825
0.748766
0.744443
0.745921
0.752541
0.762427
0.77328
0.783471
0.792277
0.799565
0.805417
0.810012
0.813483
0.816061
0.817884
0.819017
0.819352
0.818848
0.817695
0.816243
0.81498
0.814091
0.813587
0.812596
0.80978
0.803462
0.792761
0.778229
0.762111
0.747735
0.738304
0.7357
0.73993
0.749489
0.76189
0.775028
0.787732
0.799875
0.81201
0.824801
0.838031
0.850469
0.860115
0.864806
0.863214
0.855216
0.842333
0.827568
0.814627
0.806831
0.805783
0.810867
0.819449
0.828283
0.834425
0.835904
0.831691
0.821663
0.806333
0.786993
0.765427
0.74383
0.724603
0.710301
0.702838
0.703391
0.711942
0.727422
0.747997
0.771375
0.79525
0.817531
0.836589
0.851194
0.860599
0.864633
0.863586
0.858241
0.849806
0.839641
0.82917
0.819601
0.811493
0.804728
0.798812
0.793108
0.787297
0.781771
0.777566
0.776173
0.778643
0.78509
0.794641
0.805427
0.81533
0.822583
0.826403
0.827207
0.826041
0.823932
0.821481
0.818475
0.814022
0.807018
0.796646
0.782703
0.76584
0.747426
0.729211
0.712959
0.700367
0.692694
0.690992
0.696061
0.708392
0.727716
0.752767
0.78134
0.810585
0.837633
0.860003
0.875816
0.884076
0.884714
0.878455
0.866664
0.851028
0.833227
0.815075
0.798464
0.785317
0.777005
0.774151
0.776148
0.78123
0.787336
0.792986
0.797781
0.802338
0.807482
0.813795
0.821075
0.8283
0.834078
0.836881
0.835487
0.829282
0.818773
0.805496
0.791905
0.780803
0.774402
0.773787
0.778813
0.788505
0.801095
0.814597
0.827114
0.837006
0.843171
0.844885
0.841895
0.834584
0.823915
0.811227
0.797843
0.784686
0.772447
0.76127
0.751332
0.743107
0.737563
0.735857
0.738658
0.745676
0.755933
0.76863
0.783074
0.798734
0.814855
0.830743
0.845803
0.859552
0.871494
0.88097
0.887454
0.890443
0.88932
0.883349
0.871956
0.855096
0.833583
0.80908
0.783934
0.760558
0.741344
0.728231
0.72276
0.72572
0.736669
0.753496
0.77273
0.790698
0.804745
0.813763
0.817822
0.81775
0.814856
0.810618
0.806885
0.804965
0.805544
0.808268
0.81184
0.814778
0.81585
0.814811
0.812172
0.809047
0.806488
0.804993
0.804545
0.804609
0.804355
0.80311
0.800399
0.796267
0.791561
0.787786
0.78667
0.789209
0.794725
0.801181
0.806341
0.808567
0.807638
0.804567
0.800855
0.797906
0.796701
0.797667
0.800551
0.804564
0.808411
0.810599
0.809445
0.803584
0.792805
0.77814
0.761634
0.746096
0.734341
0.728587
0.730011
0.738543
0.753007
0.771366
0.791649
0.81218
0.831701
0.848924
0.862488
0.870971
0.87331
0.86896
0.858428
0.842841
0.824359
0.805174
0.787326
0.772387
0.761285
0.754504
0.752091
0.753877
0.759457
0.768199
0.779127
0.790527
0.800322
0.806642
0.808534
0.806244
0.801182
0.795656
0.792255
0.793071
0.79889
0.809196
0.822313
0.836064
0.848287
0.857272
0.86198
0.862289
0.858724
0.852167
0.843665
0.834134
0.82429
0.814605
0.805119
0.795468
0.785157
0.774018
0.76262
0.752605
0.746454
0.746599
0.754242
0.768619
0.787072
0.805881
0.8214
0.831087
0.833632
0.829501
0.820402
0.808908
0.797949
0.789962
0.786182
0.786688
0.790379
0.795595
0.800554
0.803748
0.80448
0.802654
0.798749
0.793602
0.788363
0.784229
0.782404
0.783707
0.788239
0.795695
0.804698
0.813414
0.819552
0.821261
0.81802
0.810687
0.801342
0.792659
0.786794
0.784873
0.786741
0.791282
0.79691
0.801999
0.805273
0.806056
0.804386
0.80075
0.795956
0.79076
0.785874
0.782052
0.77987
0.779789
0.782014
0.786192
0.791739
0.797944
0.804286
0.810631
0.817164
0.823991
0.831076
0.838157
0.844582
0.849829
0.853261
0.854427
0.853002
0.84897
0.842845
0.835624
0.828369
0.821738
0.815779
0.809998
0.803873
0.797524
0.791603
0.787059
0.784483
0.783932
0.784798
0.786482
0.788543
0.791096
0.794782
0.800378
0.807965
0.816224
0.823083
0.82679
0.82652
0.822615
0.816108
0.808395
0.800707
0.79417
0.789866
0.789063
0.792649
0.800881
0.812473
0.824885
0.835379
0.84168
0.842525
0.837471
0.827087
0.812544
0.795346
0.776899
0.7584
0.741235
0.726854
0.716813
0.712284
0.713595
0.720272
0.731131
0.744664
0.75956
0.77487
0.790113
0.804749
0.818191
0.829687
0.838687
0.844929
0.848524
0.850202
0.850957
0.85189
0.853704
0.856304
0.858824
0.859654
0.857022
0.849581
0.83672
0.818896
0.797607
0.774913
0.753204
0.734468
0.720145
0.710923
0.706817
0.707813
0.714085
0.725393
0.740478
0.757393
0.774171
0.789645
0.803631
0.816102
0.826631
0.834522
0.839184
0.8405
0.839307
0.83736
0.836555
0.838382
0.84253
0.847479
0.850883
0.85096
0.846936
0.839177
0.829045
0.818374
0.809019
0.802305
0.798714
0.797817
0.798276
0.798344
0.796459
0.792198
0.786178
0.78006
0.775481
0.773707
0.775272
0.779789
0.78642
0.79397
0.800977
0.806036
0.808124
0.807458
0.805755
0.805737
0.808753
0.813575
0.817519
0.81853
0.816244
0.811369
0.804983
0.798186
0.792058
0.787573
0.785541
0.786279
0.789609
0.794841
0.801238
0.807943
0.81419
0.819501
0.82345
0.825678
0.825941
0.824167
0.8204
0.814901
0.808347
0.801414
0.794622
0.787992
0.781664
0.776092
0.772419
0.771867
0.775341
0.782721
0.792837
0.803739
0.813044
0.81864
0.819108
0.813959
0.803974
0.790904
0.777288
0.76596
0.759526
0.759743
0.766866
0.779294
0.794077
0.808218
0.819553
0.827157
0.831121
0.832264
0.831537
0.830057
0.828663
0.827802
0.82744
0.827191
0.826313
0.824192
0.820637
0.816015
0.811251
0.807513
0.805936
0.807133
0.810936
0.816254
0.821397
0.824797
0.825486
0.823377
0.818687
0.811592
0.802041
0.789914
0.775915
0.761854
0.750435
0.744197
0.744215
0.749338
0.756659
0.762923
0.765646
0.763978
0.758413
0.750527
0.742435
0.736549
0.735046
0.739485
0.75038
0.766922
0.78693
0.80777
0.826953
0.842432
0.852952
0.857831
0.856923
0.850532
0.839451
0.825142
0.809569
0.794982
0.783029
0.774683
0.770118
0.768976
0.770703
0.774745
0.780046
0.785371
0.789473
0.791619
0.791599
0.790081
0.788439
0.788167
0.790716
0.796736
0.805949
0.817164
0.82851
0.838146
0.844561
0.846752
0.844469
0.837949
0.828085
0.816146
0.803629
0.791931
0.78212
0.77459
0.769184
0.765661
0.76412
0.765157
0.769773
0.778644
0.791563
0.807463
0.824459
0.840473
0.853715
0.862876
0.867097
0.86601
0.859529
0.848109
0.832798
0.815592
0.799253
0.786767
0.780216
0.780074
0.784959
0.792189
0.798736
0.802084
0.800635
0.794016
0.782944
0.768901
0.753992
0.740233
0.728983
0.721034
0.716533
0.715391
0.717833
0.724076
0.734047
0.74716
0.762559
0.779492
0.797473
0.816235
0.835069
0.852876
0.868135
0.87946
0.885884
0.887092
0.883492
0.876095
0.866139
0.854879
0.843577
0.833118
0.824344
0.818026
0.814531
0.813773
0.815084
0.817288
0.819037
0.819235
0.817129
0.812297
0.804587
0.794449
0.782841
0.771256
0.761256
0.754294
0.7514
0.75284
0.758496
0.767689
0.779481
0.79271
0.8059
0.81754
0.826608
0.832659
0.835732
0.836294
0.834942
0.832393
0.82947
0.826742
0.824602
0.822981
0.82176
0.820684
0.819662
0.818693
0.817658
0.816364
0.814493
0.811799
0.80829
0.80446
0.800754
0.79752
0.794819
0.792686
0.791319
0.790774
0.790677
0.790073
0.787924
0.783701
0.777461
0.769586
0.760736
0.751711
0.743385
0.736717
0.732684
0.732181
0.735954
0.744338
0.757208
0.773803
0.792893
0.812971
0.832611
0.850837
0.867059
0.880882
0.892042
0.900137
0.904917
0.906053
0.903538
0.897449
0.888011
0.875528
0.860618
0.844338
0.828188
0.813722
0.801966
0.792826
0.785046
0.777035
0.767715
0.75702
0.745736
0.735136
0.726281
0.71996
0.716436
0.715475
0.716786
0.720127
0.725686
0.733973
0.745568
0.760639
0.778557
0.797978
0.817257
0.834895
0.84952
0.860199
0.866268
0.867737
0.865397
0.860342
0.853722
0.846611
0.839867
0.83401
0.829169
0.825135
0.821794
0.81912
0.817309
0.816293
0.815967
0.815656
0.814593
0.811686
0.805732
0.795825
0.781702
0.764203
0.745085
0.726899
0.711968
0.701763
0.696585
0.696131
0.699914
0.707761
0.719894
0.736466
0.757232
0.781107
0.806108
0.829544
0.848581
0.861014
0.86582
0.863407
0.855356
0.844068
0.831905
0.820612
0.811138
0.803715
0.798165
0.794482
0.792791
0.793382
0.7963
0.801443
0.808512
0.817258
0.827333
0.838293
0.849048
0.858267
0.864516
0.86671
0.864209
0.85715
0.846462
0.83366
0.820454
0.808456
0.79866
0.791459
0.786523
0.783089
0.780278
0.777505
0.774454
0.771348
0.768726
0.76754
0.768397
0.771666
0.776961
0.783447
0.790331
0.796805
0.802328
0.806798
0.810608
0.814537
0.819037
0.82421
0.829388
0.833316
0.834789
0.833146
0.828566
0.822088
0.815233
0.809388
0.80544
0.803692
0.803843
0.805156
0.806528
0.80688
0.805553
0.802484
0.798296
0.793971
0.790298
0.787856
0.786681
0.786461
0.786645
0.786575
0.785503
0.782773
0.778046
0.771486
0.763737
0.755954
0.749475
0.745843
0.746452
0.752315
0.763736
0.780159
0.799753
0.819655
0.836616
0.847665
0.851049
0.846889
0.836987
0.824454
0.812568
0.803808
0.799245
0.798476
0.800044
0.801696
0.801132
0.79673
0.788026
0.775656
0.761519
0.748245
0.738526
0.734441
0.737061
0.746285
0.761016
0.779759
0.800758
0.822136
0.841893
0.858014
0.868653
0.872316
0.868154
0.856145
0.837404
0.81396
0.788572
0.76454
0.744815
0.731452
0.72528
0.72571
0.731401
0.740341
0.751072
0.762481
0.773868
0.784841
0.795096
0.804394
0.812654
0.819836
0.826074
0.831747
0.837136
0.842611
0.848072
0.852932
0.856524
0.85806
0.857403
0.855132
0.852078
0.849229
0.846843
0.844415
0.840556
0.833843
0.823168
0.808628
0.791682
0.775123
0.762385
0.756384
0.758766
0.769378
0.786554
0.807563
0.829166
0.84848
0.863235
0.871987
0.874126
0.869758
0.859595
0.844908
0.827388
0.808863
0.791264
0.77608
0.764435
0.756869
0.75367
0.755221
0.761555
0.772339
0.786832
0.803787
0.821689
0.838841
0.853533
0.864491
0.870732
0.871791
0.867547
0.858342
0.844623
0.827569
0.808899
0.790728
0.775062
0.762981
0.754512
0.74898
0.745475
0.743316
0.742114
0.741679
0.742056
0.743218
0.74514
0.747463
0.749694
0.751329
0.752198
0.752546
0.75313
0.755095
0.759697
0.767724
0.779282
0.793612
0.809228
0.824343
0.837474
0.847616
0.854486
0.858602
0.860919
0.862437
0.863603
0.864229
0.863533
0.860389
0.853739
0.8428
0.827354
0.808085
0.786949
0.766572
0.749138
0.73507
0.723036
0.711477
0.700319
0.691428
0.687687
0.691278
0.702519
0.719778
0.740434
0.761695
0.781296
0.797721
0.810003
0.817679
0.821158
0.821423
0.819422
0.81584
0.810866
0.804823
0.798354
0.792307
0.787769
0.785687
0.786496
0.790193
0.795887
0.802438
0.808582
0.813397
0.816306
0.817079
0.815575
0.811844
0.806481
0.800644
0.796131
0.794712
0.797537
0.804648
0.815278
0.827376
0.838586
0.846646
0.850121
0.848678
0.842914
0.834108
0.8239
0.814064
0.80586
0.800202
0.79727
0.796726
0.798068
0.800411
0.802623
0.803122
0.800062
0.792424
0.780443
0.765981
0.752039
0.741331
0.735584
0.734905
0.738484
0.745331
0.754673
0.766117
0.779391
0.794002
0.808858
0.82238
0.833111
0.84009
0.843012
0.842552
0.839836
0.836263
0.833373
0.832384
0.833907
0.837465
0.841931
0.845506
0.846556
0.843939
0.83727
0.827076
0.814731
0.802019
0.790839
0.782309
0.77669
0.773452
0.77174
0.770669
0.769311
0.76686
0.762869
0.757694
0.752608
0.749555
0.750546
0.756607
0.767437
0.781674
0.797329
0.812414
0.825273
0.834586
0.839444
0.839591
0.835314
0.827368
0.817075
0.806044
0.795897
0.787572
0.781095
0.77621
0.772934
0.771806
0.77361
0.778596
0.786122
0.794798
0.802692
0.808208
0.810005
0.807644
0.801343
0.792156
0.781571
0.771269
0.762901
0.75778
0.75671
0.759865
0.767014
0.77759
0.790591
0.80456
0.817615
0.827738
0.833213
0.833377
0.828739
0.820802
0.811563
0.802689
0.795232
0.789643
0.786395
0.786308
0.790428
0.79895
0.810188
0.820997
0.828229
0.83004
0.826149
0.817799
0.80698
0.795712
0.786016
0.779345
0.776699
0.778314
0.783686
0.791418
0.800019
0.808271
0.815454
0.821023
0.824567
0.825752
0.824125
0.819186
0.810536
0.798132
0.782536
0.765232
0.748737
0.736455
0.731458
0.735368
0.747526
0.765354
0.78518
0.803737
0.818865
0.829772
0.83681
0.840934
0.843209
0.844414
0.84439
0.842842
0.839664
0.835341
0.830606
0.826173
0.822226
0.818772
0.816187
0.815116
0.816159
0.81921
0.823357
0.827295
0.829837
0.830264
0.828668
0.825446
0.820972
0.815538
0.808861
0.800386
0.78968
0.776669
0.762082
0.747361
0.734086
0.723795
0.717181
0.714157
0.713991
0.715819
0.719342
0.724774
0.733008
0.744947
0.761025
0.780726
0.802625
0.824815
0.845395
0.862645
0.875464
0.883022
0.884821
0.880853
0.871977
0.859852
0.846812
0.834933
0.825595
0.819167
0.81538
0.813917
0.814436
0.816702
0.820178
0.824198
0.82766
0.829411
0.82855
0.824287
0.816354
0.805286
0.792227
0.779261
0.76901
0.764068
0.765717
0.773287
0.784185
0.794982
0.803038
0.806938
0.806857
0.804152
0.800693
0.797943
0.796556
0.796277
0.796317
0.795941
0.794803
0.792931
0.790837
0.789204
0.788897
0.791031
0.796424
0.804945
0.815473
0.826113
0.834497
0.838442
0.836716
0.829124
0.816638
0.800964
0.784139
0.767863
0.753444
0.741953
0.734461
0.732075
0.73546
0.744597
0.758469
0.775376
0.793546
0.811347
0.827384
0.840639
0.850496
0.856658
0.859272
0.858756
0.85566
0.850762
0.844743
0.838081
0.830745
0.822389
0.812653
0.801577
0.789662
0.777864
0.7672
0.7588
0.753289
0.75072
0.750246
0.750512
0.750183
0.748667
0.746401
0.744815
0.745628
0.750041
0.757972
0.76836
0.779569
0.7899
0.798246
0.80394
0.807121
0.808181
0.808152
0.808384
0.81038
0.814993
0.822253
0.831082
0.839743
0.846559
0.850363
0.850554
0.847028
0.839971
0.829697
0.816889
0.80252
0.787913
0.774613
0.764247
0.758091
0.756867
0.760531
0.7684
0.779407
0.792153
0.805317
0.817659
0.827975
0.835171
0.838169
0.83627
0.82915
0.817136
0.801394
0.783446
0.764871
0.746969
0.730818
0.717792
0.709638
0.708014
0.713888
0.726729
0.744039
0.7621
0.777262
0.78719
0.791363
0.790954
0.788137
0.785383
0.784512
0.786551
0.791732
0.800138
0.811388
0.824391
0.837279
0.84778
0.85404
0.8552
0.851711
0.844776
0.836138
0.827557
0.820842
0.817255
0.817213
0.820314
0.825221
0.83018
0.833374
0.833429
0.829357
0.82078
0.807596
0.790368
0.770325
0.749345
0.729829
0.714044
0.703834
0.700181
0.703409
0.713065
0.728037
0.74672
0.767162
0.787498
0.805871
0.820617
0.830505
0.835052
0.834428
0.829711
0.822471
0.814306
0.806445
0.799474
0.79363
0.78937
0.787678
0.789317
0.793911
0.799845
0.804641
0.806225
0.803598
0.796737
0.786484
0.774138
0.761419
0.750256
0.742406
0.73923
0.741297
0.748527
0.760291
0.775469
0.792575
0.810077
0.826619
0.841218
0.85332
0.862671
0.869063
0.872308
0.872493
0.869841
0.864903
0.8584
0.851074
0.8434
0.835602
0.827735
0.819599
0.811086
0.802041
0.792458
0.782606
0.773135
0.765083
0.759598
0.75764
0.759801
0.765947
0.775336
0.786604
0.798289
0.808735
0.816355
0.819452
0.81653
0.806496
0.789365
0.766367
0.740487
0.716277
0.699098
0.693777
0.702014
0.721312
0.746007
0.770389
0.79052
0.804772
0.813185
0.816582
0.815983
0.812705
0.808565
0.80588
0.80678
0.811953
0.82033
0.829957
0.838628
0.844618
0.847053
0.84574
0.841206
0.834317
0.826245
0.818242
0.811444
0.806414
0.802927
0.800232
0.798003
0.796691
0.797458
0.801139
0.807981
0.817327
0.82801
0.838536
0.847416
0.853276
0.855096
0.852232
0.844782
0.833395
0.819248
0.803786
0.788317
0.77376
0.760437
0.748183
0.736959
0.727162
0.71962
0.715586
0.716135
0.721828
0.732328
0.746653
0.763445
0.781228
0.798347
0.813511
0.825662
0.834217
0.839085
0.840523
0.839
0.83485
0.828583
0.821047
0.813901
0.808984
0.807752
0.81069
0.817099
0.82596
0.836208
0.846762
0.856709
0.865042
0.8709
0.873456
0.872385
0.867395
0.858582
0.84676
0.832857
0.817926
0.802629
0.787378
0.772648
0.758875
0.746661
0.736449
0.728426
0.722478
0.718534
0.716266
0.715535
0.716374
0.719068
0.723935
0.731103
0.740531
0.751728
0.764116
0.776778
0.78875
0.799118
0.806981
0.811724
0.813166
0.811615
0.807859
0.803247
0.799329
0.79782
0.800272
0.807582
0.81967
0.835501
0.853278
0.870605
0.884865
0.893848
0.896108
0.891541
0.881219
0.867107
0.851499
0.836331
0.822589
0.810484
0.79956
0.788945
0.778032
0.766963
0.756723
0.748665
0.7441
0.743619
0.74714
0.754167
0.764084
0.776164
0.789597
0.803112
0.815115
0.824137
0.829
0.8293
0.825483
0.818645
0.810173
0.801021
0.791567
0.781797
0.771903
0.763254
0.757843
0.757326
0.761716
0.769482
0.778723
0.788128
0.796872
0.804444
0.810614
0.815067
0.817262
0.816671
0.812729
0.805036
0.793607
0.779048
0.762941
0.747824
0.736673
0.731421
0.73208
0.73695
0.74382
0.75081
0.757157
0.763128
0.769622
0.777772
0.788395
0.801708
0.817193
0.833372
0.848675
0.861754
0.871769
0.878297
0.880863
0.879159
0.873028
0.863099
0.85052
0.836933
0.824184
0.814204
0.808783
0.809133
0.815281
0.825368
0.836101
0.844051
0.846528
0.842468
0.832407
0.818326
0.802776
0.788272
0.776613
0.768562
0.764132
0.762819
0.763993
0.767074
0.771644
0.7773
0.783765
0.790738
0.797852
0.804475
0.80976
0.81303
0.813861
0.812209
0.808271
0.802695
0.796895
0.792806
0.791953
0.794646
0.799471
0.803944
0.805679
0.803282
0.796939
0.788603
0.781437
0.778471
0.781581
0.790663
0.803994
0.818921
0.832526
0.842283
0.846525
0.844786
0.837919
0.827457
0.8147
0.800518
0.785497
0.770737
0.757957
0.749119
0.745681
0.748052
0.755604
0.767277
0.781593
0.796909
0.811581
0.823789
0.832225
0.836136
0.835926
0.833017
0.829629
0.828052
0.830159
0.836798
0.847375
0.860117
0.872424
0.881397
0.884853
0.881597
0.871677
0.856343
0.83761
0.817238
0.796592
0.776656
0.758725
0.744536
0.735778
0.7335
0.737611
0.747034
0.760101
0.774871
0.78923
0.801261
0.80934
0.812527
0.811082
0.80641
0.800935
0.797164
0.796919
0.800721
0.807702
0.815975
0.823245
0.827361
0.827146
0.822535
0.814856
0.806415
0.799806
0.796958
0.798246
0.80254
0.807857
0.812164
0.813864
0.812183
0.807201
0.799768
0.791314
0.783208
0.776485
0.771469
0.768027
0.765822
0.764845
0.765818
0.76976
0.777571
0.788879
0.801749
0.81347
0.821623
0.825232
0.825092
0.822967
0.820754
0.819255
0.818259
0.816884
0.814621
0.811736
0.809281
0.808528
0.81025
0.814506
0.82051
0.827067
0.833412
0.839115
0.844293
0.849354
0.854351
0.858864
0.861781
0.861923
0.857887
0.848919
0.835131
0.817567
0.797968
0.778297
0.760391
0.745407
0.733537
0.724387
0.717193
0.711659
0.707795
0.705764
0.706077
0.709271
0.715798
0.725885
0.73927
0.755263
0.772998
0.791632
0.810716
0.829828
0.848331
0.865387
0.879791
0.890261
0.895912
0.896067
0.890751
0.880691
0.86681
0.850519
0.833201
0.816085
0.800088
0.785824
0.773401
0.76275
0.753957
0.747387
0.743855
0.743828
0.74736
0.753443
0.760175
0.76575
0.768874
0.769129
0.767128
0.763903
0.760642
0.758312
0.757741
0.759629
0.764652
0.773471
0.786261
0.802591
0.821082
0.839953
0.857149
0.870958
0.880381
0.884959
0.884803
0.880435
0.872309
0.861141
0.847651
0.832643
0.816836
0.801174
0.786556
0.773912
0.763712
0.756187
0.751613
0.750308
0.752653
0.758403
0.766894
0.777185
0.788244
0.799075
0.808964
0.817044
0.8226
0.824841
0.822961
0.816575
0.805623
0.790988
0.774552
0.758786
0.746199
0.738379
0.735662
0.737575
0.743425
0.752464
0.763973
0.776955
0.790187
0.802828
0.814404
0.82494
0.834651
0.843706
0.851813
0.858291
0.862202
0.86286
0.860449
0.855925
0.850779
0.845941
0.841325
0.835911
0.82837
0.817639
0.803241
0.785212
0.764307
0.741868
0.720157
0.701852
0.689673
0.685404
0.689593
0.701663
0.720403
0.744089
0.770807
0.798685
0.826071
0.851451
0.873187
0.889442
0.898613
0.899592
0.892264
0.877481
0.857722
0.836627
0.818391
0.806184
0.800862
0.801461
0.806044
0.812765
0.819911
0.825894
0.82918
0.82861
0.823428
0.813764
0.800674
0.785921
0.771819
0.760629
0.754414
0.754517
0.761399
0.774664
0.792876
0.813946
0.835348
0.854475
0.868771
0.875903
0.874371
0.864225
0.846984
0.825356
0.802417
0.780862
0.762577
0.748724
0.739952
0.736347
0.737473
0.742244
0.749431
0.758204
0.768247
0.7794
0.791275
0.803022
0.81358
0.821599
0.826236
0.827138
0.82476
0.820248
0.815322
0.811454
0.809606
0.809631
0.811034
0.813293
0.816362
0.820216
0.824439
0.827759
0.828292
0.82421
0.81445
0.7988
0.778204
0.75433
0.729499
0.706838
0.690269
0.683511
0.688754
0.705873
0.732698
0.765728
0.801156
0.835241
0.864987
0.888545
0.905178
0.915015
0.918623
0.916591
0.909192
0.896632
0.879147
0.857389
0.832703
0.807122
0.782925
0.762295
0.746694
0.737
0.733332
0.7351
0.741079
0.749491
0.758431
0.766371
0.772434
0.776525
0.778978
0.780227
0.780395
0.779703
0.778483
0.777658
0.778614
0.782703
0.790705
0.802386
0.816507
0.831011
0.843861
0.853316
0.858487
0.859429
0.857149
0.853294
0.849468
0.846998
0.846508
0.847889
0.85021
0.852122
0.852102
0.84896
0.842062
0.831671
0.818625
0.803936
0.788497
0.772972
0.757783
0.743307
0.730084
0.718918
0.711042
0.707989
0.711153
0.721018
0.736993
0.756978
0.778026
0.79679
0.810518
0.817691
0.818296
0.813788
0.806631
0.799564
0.794524
0.792573
0.793828
0.797554
0.80305
0.809334
0.815344
0.820017
0.822326
0.821434
0.816857
0.808675
0.797733
0.785534
0.773983
0.765028
0.75981
0.758773
0.761331
0.76618
0.772079
0.778317
0.785047
0.793095
0.803477
0.816812
0.8327
0.849813
0.866145
0.87987
0.889612
0.89483
0.895372
0.891568
0.884009
0.873692
0.861636
0.848861
0.836112
0.823696
0.811487
0.799359
0.787414
0.776215
0.766533
0.759132
0.754302
0.751884
0.751351
0.751965
0.753155
0.754609
0.756441
0.758962
0.762443
0.76703
0.772546
0.778247
0.783164
0.786344
0.787394
0.786933
0.78636
0.787311
0.79068
0.796289
0.803067
0.809584
0.814638
0.817159
0.816445
0.812203
0.804842
0.795333
0.78526
0.776581
0.771287
0.770971
0.776285
0.786626
0.800084
0.814053
0.825595
0.832032
0.831635
0.823661
0.808932
0.789675
0.769689
0.753544
0.744939
0.745474
0.753645
0.76567
0.777521
0.786675
0.792753
0.797171
0.802172
0.80944
0.818559
0.827399
0.833256
0.834306
0.830599
0.823549
0.815905
0.810855
0.811353
0.819055
0.833135
0.850446
0.866704
0.878289
0.883146
0.881161
0.873495
0.862059
0.848837
0.835399
0.82254
0.810292
0.798265
0.785964
0.773185
0.76018
0.747261
0.734898
0.723385
0.713167
0.704694
0.698675
0.695623
0.696218
0.700952
0.710229
0.724291
0.742973
0.765512
0.790302
0.815115
0.837324
0.854883
0.866457
0.871766
0.871151
0.865559
0.856517
0.845756
0.835364
0.827145
0.822432
0.821781
0.824465
0.828889
0.832932
0.83449
0.832134
0.825436
0.814996
0.802505
0.789968
0.779082
0.77084
0.765654
0.763342
0.763713
0.766354
0.770667
0.775764
0.780697
0.784574
0.786868
0.787523
0.786786
0.784873
0.781828
0.777726
0.772483
0.76625
0.759539
0.753212
0.748097
0.744979
0.74447
0.747017
0.752557
0.760479
0.769612
0.778128
0.784384
0.787233
0.78627
0.782163
0.776316
0.770956
0.768812
0.771999
0.781201
0.795318
0.811664
0.827437
0.840573
0.850065
0.855783
0.858161
0.857746
0.854959
0.850103
0.843239
0.834672
0.824952
0.814944
0.805767
0.798682
0.794593
0.793348
0.793698
0.794031
0.79321
0.791175
0.788622
0.786743
0.786854
0.789919
0.79623
0.805306
0.815778
0.825421
0.831935
0.833468
0.829226
0.81971
0.806784
0.793412
0.782915
0.778045
0.780169
0.788981
0.802533
0.817919
0.832124
0.842452
0.847026
0.844782
0.835804
0.821036
0.802231
0.781643
0.761997
0.746116
0.736578
0.735079
0.741683
0.754968
0.772228
0.790469
0.806875
0.819248
0.826195
0.827152
0.822195
0.811723
0.796969
0.779845
0.763177
0.750133
0.743655
0.745716
0.756577
0.774468
0.795739
0.815741
0.82996
0.835244
0.830544
0.817098
0.797978
0.777348
0.759676
0.748909
0.747784
0.757355
0.777008
0.804448
0.835957
0.867328
0.894594
0.914894
0.926871
0.930331
0.926415
0.916613
0.902312
0.884495
0.863854
0.84095
0.816775
0.792802
0.771059
0.753183
0.739604
0.729902
0.723706
0.721605
0.725016
0.734799
0.750303
0.769349
0.78897
0.806025
0.818031
0.8232
0.820702
0.810993
0.796154
0.779918
0.766791
0.76026
0.761505
0.769429
0.781708
0.796082
0.810665
0.824173
0.835851
0.845139
0.851779
0.855628
0.856723
0.85512
0.850882
0.843857
0.833901
0.821092
0.805932
0.789627
0.773898
0.760902
0.752372
0.749273
0.751592
0.758486
0.768789
0.781338
0.794974
0.808474
0.820426
0.829578
0.835029
0.836263
0.833417
0.827234
0.818925
0.810063
0.802013
0.795779
0.792035
0.791077
0.793127
0.798097
0.805131
0.812778
0.819103
0.822183
0.820437
0.813349
0.80159
0.787101
0.772502
0.760305
0.751723
0.746992
0.7457
0.74752
0.752375
0.760116
0.769939
0.780642
0.790541
0.797813
0.801158
0.80018
0.795722
0.789337
0.78308
0.778941
0.778374
0.782105
0.789655
0.799774
0.810824
0.821117
0.829103
0.833901
0.835309
0.833801
0.83
0.824665
0.818507
0.812321
0.807301
0.804732
0.805562
0.809721
0.815978
0.821853
0.824956
0.823932
0.819415
0.813534
0.808632
0.805822
0.804922
0.805469
0.807339
0.810794
0.815801
0.821765
0.827578
0.832074
0.834353
0.834343
0.832619
0.830455
0.829568
0.83127
0.835987
0.843005
0.850242
0.855069
0.85489
0.847886
0.833787
0.813757
0.790069
0.765753
0.743715
0.726086
0.714187
0.708335
0.708369
0.713653
0.722986
0.734733
0.746995
0.758043
0.766727
0.772495
0.775711
0.777263
0.778693
0.781724
0.78763
0.796868
0.809135
0.823461
0.83861
0.853061
0.865541
0.874829
0.879805
0.879796
0.874805
0.865431
0.852908
0.838652
0.824192
0.810978
0.800118
0.792491
0.788465
0.787776
0.789532
0.792357
0.794759
0.795543
0.793765
0.78922
0.782276
0.773768
0.765229
0.758397
0.754807
0.755452
0.760364
0.768777
0.779446
0.790982
0.802155
0.811876
0.819347
0.824069
0.825879
0.82467
0.820387
0.813249
0.803639
0.792518
0.781471
0.772464
0.767282
0.766979
0.771759
0.781058
0.793995
0.809397
0.82571
0.84095
0.853163
0.860878
0.863419
0.861016
0.854651
0.84563
0.835389
0.825147
0.815511
0.806574
0.798176
0.790345
0.783393
0.778187
0.775807
0.77718
0.782757
0.79249
0.805832
0.82158
0.837725
0.851704
0.860744
0.862718
0.856486
0.842176
0.820995
0.795041
0.767034
0.740162
0.717639
0.702458
0.696928
0.702389
0.718317
0.742328
0.770785
0.799847
0.82647
0.848526
0.864768
0.874366
0.87699
0.872651
0.86187
0.845649
0.825562
0.803748
0.782674
0.76489
0.75258
0.74694
0.747971
0.754578
0.765026
0.777424
0.789924
0.801101
0.810082
0.816454
0.820038
0.820714
0.818457
0.81336
0.805891
0.79687
0.787502
0.779005
0.772257
0.767384
0.764069
0.761893
0.760953
0.761944
0.765723
0.772473
0.781194
0.790356
0.798515
0.804955
0.8097
0.813063
0.815514
0.817212
0.818559
0.819738
0.821049
0.822831
0.825353
0.828687
0.832972
0.838129
0.843881
0.849734
0.854759
0.857756
0.857544
0.853532
0.845666
0.83473
0.822055
0.809016
0.796757
0.785488
0.774569
0.762697
0.748527
0.731672
0.713032
0.69507
0.680768
0.672682
0.671925
0.678071
0.689611
0.705097
0.723409
0.743937
0.766036
0.788664
0.810496
0.829742
0.844886
0.854894
0.859511
0.859249
0.855327
0.849157
0.842189
0.835831
0.83125
0.829218
0.830109
0.833435
0.837741
0.840838
0.840421
0.834996
0.824869
0.812082
0.799918
0.791521
0.788794
0.791534
0.797855
0.805331
0.81193
0.816541
0.818899
0.819179
0.817691
0.814585
0.810004
0.804068
0.796947
0.788803
0.77998
0.77091
0.762076
0.753991
0.74719
0.742357
0.740139
0.741105
0.745712
0.753937
0.76541
0.779253
0.794319
0.809338
0.823188
0.834859
0.843876
0.850084
0.854014
0.856772
0.859434
0.862582
0.865746
0.867606
0.866351
0.860216
0.84813
0.830205
0.807805
0.783413
0.75986
0.739744
0.724682
0.715364
0.71164
0.712912
0.718266
0.726669
0.736899
0.747823
0.758674
0.769596
0.781391
0.795067
0.810967
0.827926
0.843766
0.856013
0.862692
0.863021
0.857855
0.849653
0.841485
0.835828
0.833678
0.834435
0.83666
0.838873
0.840128
0.839853
0.837884
0.834286
0.829158
0.82258
0.814736
0.806381
0.798929
0.794035
0.792623
0.794198
0.797399
0.800516
0.802354
0.802092
0.799463
0.794396
0.787208
0.77873
0.77049
0.763998
0.76056
0.760386
0.762951
0.767402
0.773399
0.781174
0.790983
0.802109
0.812659
0.82024
0.823082
0.820989
0.815361
0.808584
0.802909
0.79933
0.797357
0.795756
0.793185
0.789058
0.783812
0.778558
0.774882
0.774349
0.777982
0.786007
0.79752
0.810711
0.823351
0.833433
0.839457
0.840796
0.837408
0.829694
0.818598
0.805338
0.791378
0.778095
0.766702
0.758135
0.753402
0.753538
0.759453
0.771244
0.787809
0.806913
0.82573
0.841304
0.851568
0.855746
0.854375
0.849189
0.842422
0.836011
0.830954
0.827205
0.824072
0.820765
0.816757
0.811667
0.805502
0.798322
0.790392
0.782073
0.773476
0.76446
0.754561
0.74326
0.730878
0.719152
0.710962
0.708956
0.714374
0.726756
0.744439
0.764983
0.785861
0.80498
0.821331
0.835021
0.846697
0.856882
0.865445
0.871365
0.873535
0.871507
0.865675
0.857275
0.848078
0.839796
0.83412
0.832385
0.835259
0.842094
0.851204
0.859927
0.865762
0.86727
0.86429
0.857729
0.848547
0.837175
0.823758
0.808567
0.792921
0.778562
0.767095
0.759196
0.755261
0.755603
0.760409
0.769475
0.781451
0.794013
0.804403
0.810269
0.810341
0.804544
0.793863
0.779826
0.764282
0.749189
0.736487
0.727656
0.723513
0.724217
0.729211
0.73779
0.749151
0.762653
0.777648
0.793039
0.807414
0.818969
0.826077
0.82773
0.823926
0.815693
0.804986
0.794159
0.785142
0.778969
0.775353
0.773077
0.770713
0.767418
0.763251
0.758961
0.755557
0.754065
0.755261
0.759595
0.767215
0.777951
0.790855
0.804451
0.816753
0.825964
0.831191
0.832343
0.830291
0.826441
0.822257
0.818818
0.816728
0.815885
0.815837
0.81619
0.816742
0.817563
0.81898
0.821096
0.82355
0.825416
0.825345
0.821845
0.814101
0.802497
0.788567
0.774677
0.763231
0.755944
0.753377
0.755035
0.759468
0.765064
0.770648
0.775777
0.780789
0.786403
0.792979
0.799942
0.806166
0.810147
0.810831
0.80782
0.801338
0.792166
0.7818
0.772124
0.765352
0.763506
0.76766
0.777318
0.790978
0.806567
0.82232
0.837216
0.850362
0.860855
0.867614
0.869668
0.866213
0.856899
0.842115
0.823071
0.802262
0.783073
0.769277
0.763141
0.764511
0.771101
0.78019
0.78971
0.798132
0.804539
0.808294
0.809176
0.807629
0.804426
0.800568
0.797101
0.794815
0.794158
0.795081
0.796999
0.798867
0.799789
0.799476
0.798465
0.797983
0.799237
0.802773
0.807924
0.813262
0.817186
0.818525
0.816682
0.811376
0.802786
0.791646
0.77956
0.768918
0.762195
0.761117
0.766042
0.775912
0.78867
0.802187
0.814673
0.824946
0.832378
0.836892
0.838586
0.837963
0.835856
0.833425
0.832019
0.832436
0.834537
0.837123
0.838437
0.836697
0.830729
0.820212
0.805843
0.789248
0.77248
0.75714
0.743907
0.732973
0.724542
0.719416
0.718804
0.723687
0.733993
0.74835
0.764246
0.778656
0.788727
0.792555
0.78939
0.779983
0.766352
0.751584
0.739122
0.732399
0.733659
0.743622
0.761128
0.783497
0.80728
0.829205
0.847101
0.859653
0.866574
0.867944
0.864204
0.856188
0.845135
0.832659
0.820186
0.80852
0.797913
0.788395
0.780762
0.776432
0.777023
0.783576
0.795905
0.812484
0.830991
0.848727
0.863436
0.87351
0.878176
0.877641
0.872609
0.864196
0.85355
0.84181
0.829721
0.81811
0.807833
0.800056
0.795888
0.795603
0.79782
0.79995
0.799298
0.794042
0.783937
0.770053
0.754565
0.740158
0.729501
0.724455
0.725475
0.731486
0.740278
0.749236
0.756435
0.761331
0.764565
0.76805
0.773791
0.782983
0.795087
0.808206
0.820154
0.828991
0.833654
0.833845
0.829844
0.822471
0.812825
0.802157
0.79183
0.783454
0.778721
0.778967
0.785012
0.796631
0.81237
0.829775
0.84593
0.858057
0.864211
0.86348
0.856254
0.843825
0.828212
0.811722
0.796544
0.784652
0.77733
0.774927
0.776762
0.781506
0.787761
0.79432
0.800322
0.805303
0.80891
0.810922
0.811412
0.810603
0.809258
0.808264
0.808304
0.809357
0.8109
0.812304
0.813593
0.815738
0.819942
0.827311
0.837626
0.848816
0.85747
0.859909
0.853583
0.838041
0.814915
0.787446
0.75966
0.735455
0.717628
0.707496
0.704856
0.708067
0.71488
0.723268
0.73224
0.742361
0.755038
0.77145
0.791342
0.812623
0.832323
0.847917
0.857815
0.861535
0.859422
0.852671
0.843122
0.83297
0.824189
0.818332
0.816158
0.817564
0.821622
0.826847
0.83185
0.835681
0.838163
0.839323
0.839069
0.837061
0.832976
0.826785
0.818959
0.810239
0.801303
0.792465
0.783667
0.775032
0.767413
0.762314
0.761388
0.765325
0.773001
0.781804
0.788534
0.790821
0.787742
0.779882
0.768815
0.756781
0.74614
0.739097
0.737386
0.742222
0.753879
0.771581
0.793535
0.817102
0.839478
0.858119
0.87101
0.876714
0.874458
0.864205
0.846943
0.824943
0.801576
0.780599
0.765052
0.756214
0.753322
0.754301
0.757003
0.760208
0.763731
0.768067
0.773596
0.780706
0.789346
0.799239
0.809982
0.820824
0.830958
0.839312
0.845082
0.847595
0.846315
0.840942
0.831744
0.819452
0.805207
0.790328
0.776169
0.763983
0.754727
0.749124
0.747418
0.749456
0.755237
0.764861
0.778642
0.796693
0.818223
0.841399
0.863558
0.881867
0.894028
0.898659
0.895235
0.884242
0.866857
0.844971
0.82089
0.796843
0.774722
0.755726
0.740456
0.729235
0.722543
0.721091
0.725378
0.73508
0.748743
0.763935
0.777911
0.788053
0.792565
0.791179
0.785123
0.777159
0.770571
0.768204
0.771667
0.780818
0.793946
0.808475
0.821778
0.831997
0.838328
0.841435
0.842793
0.843933
0.845568
0.847488
0.849101
0.849606
0.848336
0.844585
0.837753
0.827684
0.814939
0.800771
0.786854
0.774807
0.765976
0.761648
0.762425
0.767484
0.774749
0.781766
0.78686
0.789727
0.791006
0.791536
0.79163
0.79108
0.789631
0.787725
0.786757
0.788268
0.793243
0.802003
0.813811
0.827209
0.840388
0.851078
0.857266
0.857608
0.851734
0.840355
0.825121
0.808151
0.791737
0.778097
0.768943
0.765144
0.766695
0.772406
0.780523
0.788947
0.795576
0.798983
0.798464
0.794239
0.787695
0.780718
0.775503
0.773591
0.775526
0.780309
0.785899
0.79
0.79121
0.789901
0.787793
0.786991
0.788724
0.79298
0.798815
0.805411
0.81233
0.819658
0.827304
0.834569
0.840375
0.843807
0.845083
0.845344
0.84584
0.847242
0.849036
0.849942
0.848764
0.845095
0.839796
0.834153
0.82907
0.824326
0.818514
0.810089
0.798194
0.78314
0.766266
0.749665
0.735349
0.724779
0.718615
0.716903
0.719095
0.724472
0.732441
0.742726
0.755122
0.769582
0.785975
0.803779
0.822089
0.839424
0.854073
0.864369
0.869384
0.869234
0.865014
0.858445
0.851184
0.844347
0.838645
0.834612
0.832498
0.831314
0.828714
0.822234
0.811028
0.796514
0.781741
0.770401
0.765561
0.769015
0.780611
0.798427
0.819267
0.839387
0.855508
0.865164
0.867025
0.860939
0.847865
0.829825
0.809704
0.790513
0.774813
0.7641
0.758593
0.757357
0.758753
0.760908
0.762457
0.762418
0.760796
0.758167
0.755817
0.755113
0.757423
0.763591
0.773773
0.787152
0.801968
0.816062
0.827285
0.834311
0.836578
0.834535
0.829439
0.823027
0.817309
0.813799
0.813281
0.815616
0.819964
0.825398
0.831119
0.836307
0.83992
0.840907
0.838122
0.830743
0.818192
0.800633
0.779053
0.75591
0.735266
0.722141
0.720419
0.730939
0.751099
0.776294
0.801602
0.822874
0.836977
0.842107
0.837921
0.825692
0.808128
0.789127
0.772963
0.763214
0.761684
0.767895
0.779625
0.794013
0.808608
0.821833
0.832978
0.841923
0.848707
0.853208
0.855022
0.853462
0.847971
0.838431
0.825777
0.811479
0.797636
0.786242
0.778709
0.775782
0.777325
0.782641
0.790481
0.799299
0.807648
0.814425
0.819207
0.822101
0.823429
0.823368
0.821685
0.81782
0.811001
0.80093
0.787963
0.773631
0.760219
0.750568
0.747067
0.750732
0.760833
0.774946
0.789795
0.802178
0.809599
0.810585
0.804992
0.793873
0.779529
0.764903
0.753034
0.746377
0.746011
0.751444
0.760799
0.771571
0.78147
0.788828
0.793058
0.794669
0.794945
0.795375
0.797133
0.800611
0.805381
0.81032
0.813993
0.815351
0.814417
0.812131
0.810213
0.810289
0.813288
0.819191
0.827082
0.835482
0.84248
0.846601
0.846893
0.843476
0.837167
0.82898
0.819674
0.809692
0.799627
0.790187
0.782478
0.777778
0.777204
0.781264
0.789591
0.800799
0.812644
0.822729
0.829043
0.830285
0.826227
0.817701
0.806687
0.795939
0.788122
0.784963
0.786855
0.793065
0.802203
0.812488
0.822365
0.830814
0.837466
0.842227
0.845093
0.846028
0.844895
0.841645
0.836395
0.829744
0.822405
0.815071
0.807809
0.799967
0.790529
0.77894
0.76561
0.752315
0.741438
0.735533
0.736062
0.742751
0.753521
0.765513
0.775745
0.782349
0.784836
0.784151
0.782138
0.781043
0.782921
0.788985
0.799247
0.812561
0.826781
0.839863
0.850513
0.858546
0.864232
0.867826
0.868998
0.867112
0.861567
0.852336
0.840067
0.82602
0.8119
0.799521
0.790622
0.786281
0.786756
0.79112
0.797525
0.803661
0.807149
0.806151
0.799808
0.788533
0.77407
0.759426
0.748336
0.744291
0.749507
0.763875
0.784958
0.808785
0.831124
0.848578
0.859145
0.862318
0.85877
0.849907
0.837652
0.824084
0.81102
0.799778
0.791111
0.785155
0.781611
0.780065
0.779938
0.780745
0.782136
0.783894
0.785728
0.787481
0.788938
0.789834
0.789994
0.789496
0.788622
0.787539
0.786119
0.783906
0.78077
0.776625
0.771845
0.766874
0.762239
0.758541
0.756511
0.75683
0.760001
0.766139
0.774848
0.785287
0.796438
0.807068
0.816239
0.823287
0.828288
0.83198
0.835354
0.839504
0.845002
0.851548
0.857988
0.862959
0.865056
0.863477
0.857879
0.848301
0.835093
0.818884
0.800396
0.780576
0.760852
0.742832
0.728056
0.717961
0.713484
0.715255
0.723134
0.736109
0.752226
0.768824
0.783341
0.793981
0.799977
0.801812
0.801015
0.799555
0.799612
0.802767
0.809736
0.820383
0.83389
0.849104
0.864578
0.878488
0.888933
0.894366
0.893749
0.887052
0.874924
0.858258
0.837866
0.814609
0.789693
0.764831
0.742271
0.724587
0.71403
0.711891
0.717907
0.730504
0.746999
0.764503
0.780603
0.793915
0.803894
0.810738
0.814853
0.816584
0.81608
0.81338
0.808654
0.802554
0.796219
0.79089
0.787566
0.786761
0.788424
0.792251
0.798031
0.80549
0.814167
0.823168
0.831237
0.837169
0.840029
0.83945
0.835785
0.829536
0.821231
0.811647
0.801762
0.792887
0.78648
0.783591
0.784277
0.787569
0.7918
0.795233
0.796898
0.796886
0.796261
0.796426
0.798258
0.801813
0.806187
0.810085
0.812433
0.812458
0.809983
0.805341
0.799359
0.792907
0.786701
0.781076
0.775992
0.771089
0.76611
0.761016
0.756015
0.751726
0.748675
0.747205
0.747202
0.748231
0.750083
0.752997
0.758138
0.766939
0.780004
0.796453
0.814146
0.830848
0.845033
0.856122
0.864063
0.868826
0.870262
0.868018
0.861985
0.85261
0.841127
0.829792
0.821033
0.816763
0.817387
0.82188
0.828464
0.83516
0.840195
0.842163
0.840139
0.833604
0.82266
0.808024
0.790857
0.77257
0.754771
0.739004
0.726829
0.719475
0.717962
0.722884
0.734202
0.751105
0.771717
0.793352
0.813025
0.828121
0.836706
0.838015
0.832386
0.821175
0.806571
0.791142
0.777016
0.765932
0.758705
0.755535
0.756226
0.760566
0.768401
0.779671
0.793988
0.810829
0.829095
0.847249
0.86345
0.875938
0.883204
0.884439
0.879214
0.867772
0.85099
0.83008
0.806681
0.782791
0.760566
0.7419
0.728208
0.720292
0.718565
0.723207
0.734213
0.751006
0.772107
0.795329
0.818274
0.838447
0.853389
0.860751
0.85895
0.847537
0.828178
0.804708
0.782571
0.766533
0.759
0.759245
0.765149
0.774322
0.784806
0.79502
0.803704
0.810033
0.814492
0.818296
0.823041
0.828839
0.834506
0.838469
0.839835
0.838524
0.834744
0.828724
0.820728
0.811092
0.800505
0.789634
0.779169
0.76984
0.762599
0.758761
0.759849
0.766788
0.779465
0.79651
0.815792
0.835214
0.853043
0.868041
0.879276
0.886262
0.888815
0.886891
0.880539
0.870124
0.856411
0.840757
0.8249
0.810405
0.798314
0.788624
0.780815
0.774243
0.768786
0.764639
0.76204
0.760833
0.760187
0.758922
0.755872
0.75029
0.742328
0.732801
0.72315
0.715081
0.710361
0.710488
0.716642
0.729182
0.747764
0.771183
0.797598
0.824666
0.850207
0.872228
0.889128
0.899748
0.903188
0.899239
0.888515
0.872952
0.85582
0.841007
0.831904
0.829957
0.834262
0.842092
0.850096
0.855492
0.856533
0.852555
0.844132
0.832862
0.820898
0.810336
0.802814
0.799116
0.799373
0.803011
0.80855
0.814026
0.817182
0.816015
0.80946
0.797666
0.781976
0.764551
0.747979
0.734856
0.727377
0.72686
0.733194
0.744435
0.757559
0.769408
0.777938
0.782399
0.783733
0.783712
0.7845
0.787942
0.795167
0.806433
0.820878
0.836971
0.852515
0.865207
0.872897
0.874137
0.868631
0.857242
0.842232
0.826733
0.814092
0.806985
0.806463
0.812181
0.822548
0.835522
0.848912
0.86063
0.868737
0.871927
0.86957
0.862039
0.850446
0.836678
0.823044
0.812323
0.806561
0.806402
0.810607
0.816234
0.820065
0.819701
0.813911
0.802848
0.787613
0.770112
0.752475
0.736684
0.724172
0.715707
0.711137
0.709719
0.710162
0.711039
0.71116
0.710088
0.708244
0.706763
0.707292
0.711362
0.719873
0.732794
0.749234
0.767884
0.787529
0.80714
0.825747
0.842386
0.855857
0.865039
0.869092
0.867625
0.861106
0.850815
0.83883
0.827525
0.818774
0.8133
0.810803
0.810567
0.811957
0.814739
0.819112
0.825121
0.832441
0.839926
0.846065
0.849407
0.849176
0.845125
0.837961
0.82904
0.819982
0.812467
0.807401
0.804792
0.803959
0.803504
0.802289
0.79928
0.79411
0.786826
0.778057
0.769033
0.761355
0.756687
0.755995
0.759168
0.76503
0.771824
0.777857
0.782039
0.783946
0.784034
0.783275
0.782422
0.781462
0.779532
0.775611
0.769376
0.761898
0.755699
0.754
0.759391
0.772852
0.79297
0.816173
0.837961
0.854237
0.862286
0.861246
0.851914
0.836167
0.816668
0.796337
0.778145
0.764896
0.75844
0.759447
0.767085
0.779547
0.794179
0.808554
0.820933
0.830362
0.836302
0.838595
0.837114
0.831777
0.822883
0.811421
0.798822
0.787157
0.778348
0.773962
0.774596
0.779712
0.788214
0.798589
0.809405
0.819476
0.828086
0.834679
0.839005
0.840975
0.840533
0.837854
0.833154
0.826746
0.819122
0.810945
0.803129
0.796452
0.791603
0.78865
0.787362
0.787009
0.787047
0.787159
0.787702
0.789154
0.791926
0.795901
0.800541
0.804878
0.807908
0.808818
0.807346
0.803614
0.798107
0.791414
0.784032
0.776267
0.768487
0.761188
0.755069
0.751061
0.750005
0.752397
0.757806
0.765131
0.772854
0.779542
0.784315
0.786766
0.787101
0.785689
0.783013
0.779353
0.774891
0.769636
0.763694
0.757018
0.749755
0.742148
0.734604
0.727784
0.722618
0.720384
0.722526
0.730492
0.745124
0.766276
0.792615
0.822049
0.852056
0.880215
0.904603
0.923716
0.936659
0.942985
0.94277
0.936409
0.92431
0.906845
0.884469
0.857893
0.828117
0.796302
0.763849
0.732705
0.70578
0.686529
0.677607
0.679114
0.688495
0.702015
0.716601
0.73063
0.743503
0.754955
0.764702
0.772558
0.778582
