108
0.0067142   0.00957079   0.00893634
0.164381   0.168066   0.00740184
-0.00340366   0.155891   0.180172
0.176315   -0.00362287   0.190197
0.0128534   0.331626   0.00633686
0.169232   0.496686   0.00487141
-0.00499216   0.488889   0.168886
0.174547   0.336949   0.184239
0.0121109   -0.322614   0.00286444
0.175395   -0.163116   0.00539056
0.0110678   -0.154374   0.162764
0.161449   -0.331794   0.170866
0.330425   -0.00199113   -0.000925897
0.495735   0.177495   0.00173336
0.332831   0.17505   0.171986
0.489291   0.00465179   0.167719
0.336958   0.337624   0.00455905
-0.498756   -0.496882   -0.00561337
0.337462   -0.494451   0.161398
0.488911   0.342198   0.160663
0.329717   -0.333604   -0.00496665
0.499541   -0.176126   -0.0210436
0.346496   -0.174681   0.166231
-0.495261   -0.332048   0.169995
-0.343122   0.00333248   -0.00915238
-0.162173   0.15948   0.00873655
-0.330643   0.159261   0.177842
-0.166705   0.00337225   0.171316
-0.336846   0.337414   -0.00277259
-0.150833   -0.499567   0.00770904
-0.328891   -0.495095   0.167993
-0.17206   0.319012   0.160318
-0.334085   -0.343268   0.0101914
-0.175433   -0.154421   0.0167223
-0.337061   -0.176586   0.160087
-0.156565   -0.328202   0.162419
0.00306154   -0.00793997   0.33679
0.165192   0.160766   0.35077
-0.00559359   0.154674   0.495001
0.163217   -0.00472443   -0.497981
0.00294617   0.335585   0.336739
0.158876   -0.497005   0.330775
-0.0122796   -0.496392   0.495338
0.164436   0.344502   0.499932
-0.0070497   -0.336633   0.332098
0.176529   -0.170163   0.331393
-0.0137323   -0.175922   0.493382
0.159004   -0.327881   0.489585
0.349701   0.00648327   0.340998
0.491596   0.171317   0.33596
0.320566   0.166436   -0.483389
-0.495888   0.00169404   0.498629
0.342198   0.341372   0.350132
-0.494363   -0.494945   0.327912
0.322241   -0.488862   0.48732
-0.492786   0.337083   0.495213
0.324468   -0.324538   0.325542
-0.495361   -0.160904   0.326568
0.340478   -0.16857   -0.499454
0.484632   -0.342952   -0.497307
-0.345254   -0.00168798   0.339616
-0.163596   0.154018   0.327691
-0.328486   0.175507   0.48973
-0.176892   -0.0122233   0.493911
-0.334359   0.34273   0.329975
-0.177954   0.493685   0.335253
-0.32587   0.498455   -0.48783
-0.169402   0.33192   0.490868
-0.335376   -0.338704   0.321167
-0.170506   -0.171075   0.328831
-0.334245   -0.177692   -0.484876
-0.178846   -0.337916   0.489748
-0.00446571   -0.0146768   -0.329633
0.156511   0.169494   -0.335959
-0.0018941   0.161027   -0.163714
0.170235   0.00234431   -0.163385
-0.00520758   0.334108   -0.347593
0.150119   -0.491049   -0.336101
0.0052999   0.497725   -0.180332
0.15814   0.334148   -0.176931
-0.0140463   -0.334412   -0.347557
0.155164   -0.174392   -0.344788
-0.00173992   -0.165708   -0.159289
0.161886   -0.318204   -0.168041
0.325047   -0.00505719   -0.326399
-0.480308   0.163752   -0.325399
0.327496   0.16817   -0.177328
0.494324   0.00764339   -0.164956
0.333452   0.32447   -0.339267
0.489666   -0.495645   -0.341004
0.329491   -0.497147   -0.169293
0.497238   0.349608   -0.168474
0.324633   -0.330832   -0.331573
0.485171   -0.160292   -0.31875
0.331862   -0.163184   -0.15493
-0.490864   -0.341621   -0.172437
-0.324928   0.00193785   -0.325216
-0.162832   0.17881   -0.334177
-0.333093   0.16502   -0.160002
-0.162635   -0.00411246   -0.161089
-0.34527   0.34626   -0.326214
-0.185095   -0.498974   -0.323292
-0.328261   -0.492887   -0.161062
-0.164818   0.349205   -0.164369
-0.33592   -0.333543   -0.331044
-0.169404   -0.169195   -0.331948
-0.336903   -0.178659   -0.16304
-0.152356   -0.34165   -0.156748
