108
0.422496   0.484335   -0.248215
0.0195886   -0.186316   -0.0364488
-0.340612   -0.0423275   0.161212
0.479998   0.229155   -0.266508
0.428455   0.289749   0.393019
-0.415069   0.0739527   0.00302874
-0.296051   -0.442945   0.275692
-0.207804   0.129362   0.194828
0.409182   0.480947   0.465635
-0.0848822   -0.491375   -0.296854
0.27463   -0.368355   -0.215202
0.464918   -0.0317366   0.440905
-0.36174   -0.495566   -0.314221
-0.401156   -0.0851768   -0.193525
0.040126   -0.20569   0.451137
0.416074   -0.303327   0.0216564
0.35856   0.221457   -0.0271161
-0.0561544   0.260699   -0.230927
-0.352828   0.236286   0.256455
0.232412   -0.374621   0.0656648
0.274778   0.320422   -0.403487
0.491056   -0.319635   -0.19072
0.478887   0.178914   -0.467403
0.167426   0.038894   0.204736
-0.2402   0.46656   -0.0995888
0.215876   -0.186778   -0.420229
0.112493   -0.375238   -0.117907
0.184074   0.00352465   -0.282518
0.489199   0.10335   0.235607
0.385657   0.49265   0.0434873
-0.341704   0.163482   -0.162597
-0.184988   -0.179282   0.019599
-0.326636   0.187446   -0.381772
0.413516   -0.479247   0.246212
-0.240035   -0.333175   0.474853
0.197383   0.197379   -0.151886
0.0701833   0.151995   -0.352163
-0.421188   0.369485   -0.120087
-0.108043   -0.1722   -0.432295
0.0103023   0.412895   0.317103
0.178209   -0.150229   -0.165167
-0.432887   -0.1831   0.31524
0.0357242   -0.26876   0.186991
-0.12348   -0.191336   0.247448
-0.161775   -0.398074   0.0641857
-0.490427   -0.351155   0.377523
0.0907727   0.400148   -0.257386
-0.127444   0.225451   -0.434828
-0.309754   -0.265524   0.162134
-0.176019   -0.355845   -0.146032
0.468609   -0.0785294   0.0748182
0.471717   -0.359851   -0.397639
0.365427   0.296987   0.193058
0.376553   -0.0660181   0.264046
0.189968   -0.0272376   0.43743
-0.483422   0.0175994   -0.358193
0.22816   -0.175011   0.0190235
-0.431887   0.428226   0.304927
-0.0312389   0.459302   -0.0839172
0.0628178   0.349158   -0.471303
0.148836   -0.413654   -0.365543
0.187986   0.497811   0.447008
0.191554   -0.38343   0.256787
-0.189479   0.47457   0.415699
-0.0076253   0.142187   0.0974747
0.00633013   -0.276115   -0.282389
0.198982   0.418953   -0.0534889
-0.397984   -0.189395   -0.0331356
0.29661   -0.334051   0.422116
-0.0653261   -0.382242   -0.474386
0.314027   0.105865   0.402419
-0.237502   -0.278878   -0.326615
0.399116   -0.157987   -0.107998
-0.199201   0.0244372   -0.0385331
0.290302   0.127856   -0.387884
0.0378387   -0.442858   0.0986543
0.206527   -0.149254   0.250806
-0.20466   -0.136436   -0.187801
0.189878   0.437894   0.185153
-0.379368   -0.470452   0.478885
0.0305177   0.00500937   -0.127465
-0.204242   0.276332   -0.00522754
-0.174079   0.0657736   -0.248908
0.395848   -0.252738   0.21324
-0.255985   0.332913   -0.260744
-0.283956   -0.0814149   -0.407431
0.428113   -0.171142   -0.306922
0.179517   0.224503   0.156565
-0.436651   -0.214671   -0.48694
-0.364807   0.082729   0.396734
-0.374689   0.431298   0.0927883
0.00100926   0.12548   0.409758
0.225799   0.051222   -0.0232442
-0.0594349   -0.392807   0.314521
0.050134   0.279645   -0.0371254
-0.0507497   -0.0544808   0.116326
0.221123   0.310089   0.387871
0.0431408   -0.0395995   -0.422612
-0.18033   0.243651   0.370812
-0.166806   0.0449326   -0.491011
0.432028   0.0587062   -0.14194
-0.217837   -0.0519304   0.328066
-0.465451   0.245564   0.103732
-0.358071   -0.371217   -0.0133668
-0.34923   0.29217   0.461028
0.032891   -0.0446739   0.333492
-0.145693   0.434467   0.173692
0.497188   0.370138   -0.399967
