-7.5208
-7.53456
-7.55258
-7.57152
-7.59092
-7.60643
-7.61605
-7.61808
-7.60567
-7.5815
-7.54548
-7.50538
-7.46715
-7.43022
-7.39848
-7.37368
-7.35853
-7.35255
-7.35846
-7.37304
-7.39826
-7.43041
-7.4688
-7.50517
-7.54176
-7.5758
-7.60351
-7.62799
-7.64119
-7.64406
-7.63812
-7.6255
-7.61135
-7.59601
-7.58572
-7.57593
-7.56684
-7.56049
-7.5521
-7.54587
-7.54017
-7.53166
-7.52337
-7.51397
-7.50944
-7.50249
-7.4967
-7.49425
-7.49007
-7.47973
-7.46945
-7.46185
-7.45372
-7.4515
-7.45644
-7.46918
-7.49161
-7.51725
-7.54317
-7.5691
-7.58924
-7.59943
-7.59927
-7.5902
-7.57364
-7.55304
-7.53239
-7.51661
-7.50658
-7.5036
-7.50429
-7.50811
-7.51612
-7.52413
-7.52919
-7.53471
-7.53767
-7.53854
-7.53572
-7.53315
-7.5255
-7.51331
-7.49697
-7.48169
-7.47201
-7.46735
-7.47206
-7.48445
-7.50275
-7.52064
-7.53582
-7.54691
-7.55076
-7.55522
-7.56165
-7.56515
-7.56425
-7.55994
-7.54873
-7.53345
-7.51498
-7.49516
-7.4807
-7.47173
-7.46934
-7.47115
-7.47865
-7.49394
-7.5148
-7.54434
-7.57605
-7.60333
-7.62902
-7.64831
-7.65751
-7.65987
-7.66093
-7.65867
-7.65355
-7.64305
-7.62826
-7.60867
-7.58151
-7.55159
-7.52123
-7.49297
-7.47023
-7.45199
-7.4427
-7.43334
-7.42971
-7.4295
-7.43058
-7.43475
-7.4361
-7.43771
-7.44053
-7.4443
-7.44482
-7.4428
-7.44033
-7.43777
-7.43772
-7.44248
-7.45374
-7.47087
-7.49254
-7.51409
-7.53093
-7.54454
-7.55136
-7.55069
-7.5508
-7.55048
-7.55279
-7.55518
-7.56106
-7.57079
-7.57889
-7.58716
-7.59
-7.58839
-7.58342
-7.57277
-7.55361
-7.52992
-7.50206
-7.47474
-7.45345
-7.44088
-7.43613
-7.43682
-7.4474
-7.4628
-7.47988
-7.49453
-7.5089
-7.52194
-7.53231
-7.54136
-7.55234
-7.56421
-7.57613
-7.58962
-7.60278
-7.61382
-7.62062
-7.6244
-7.62437
-7.61949
-7.60978
-7.59575
-7.58082
-7.56527
-7.54982
-7.54029
-7.5335
-7.52624
-7.52059
-7.51327
-7.50651
-7.4998
-7.49336
-7.48602
-7.47789
-7.46759
-7.45807
-7.44769
-7.4399
-7.43427
-7.43222
-7.43076
-7.43141
-7.43163
-7.43154
-7.43558
-7.44267
-7.45047
-7.46322
-7.48391
-7.50781
-7.5344
-7.56806
-7.60047
-7.63377
-7.66557
-7.69102
-7.70852
-7.71605
-7.71284
-7.69565
-7.67404
-7.64386
-7.61071
-7.57717
-7.54528
-7.51583
-7.49037
-7.46747
-7.45168
-7.44341
-7.44083
-7.44506
-7.45732
-7.46888
-7.4842
-7.49938
-7.51075
-7.51493
-7.51673
-7.50897
-7.49723
-7.48409
-7.46824
-7.45391
-7.44287
-7.43573
-7.43726
-7.4444
-7.46058
-7.48307
-7.51226
-7.54455
-7.5773
-7.60518
-7.62217
-7.62956
-7.6261
-7.6123
-7.59321
-7.56875
-7.54704
-7.52671
-7.509
-7.50053
-7.49621
-7.49388
-7.49745
-7.49888
-7.5026
-7.50736
-7.50931
-7.51027
-7.51201
-7.51114
-7.51326
-7.51542
-7.51754
-7.51775
-7.51545
-7.51309
-7.50703
-7.49931
-7.49333
-7.48438
-7.47883
-7.47804
-7.47836
-7.48269
-7.49252
-7.50566
-7.51659
-7.53004
-7.53922
-7.55043
-7.55948
-7.56611
-7.56866
-7.57106
-7.56866
-7.56553
-7.55966
-7.55056
-7.54083
-7.52823
-7.51762
-7.51264
-7.50625
-7.49858
-7.49195
-7.48155
-7.46427
-7.44493
-7.42662
-7.41529
-7.41046
-7.41398
-7.42423
-7.44172
-7.4645
-7.49076
-7.52016
-7.54783
-7.57643
-7.59946
-7.61698
-7.63161
-7.64159
-7.64751
-7.65098
-7.64889
-7.63982
-7.62618
-7.60813
-7.59096
-7.56885
-7.5499
-7.53467
-7.5193
-7.50865
-7.50138
-7.49515
-7.4899
-7.49091
-7.49798
-7.50821
-7.52109
-7.53602
-7.55162
-7.56207
-7.5673
-7.56752
-7.56326
-7.55563
-7.54682
-7.53291
-7.51772
-7.49903
-7.48011
-7.46362
-7.44849
-7.43303
-7.42082
-7.41112
-7.40421
-7.40314
-7.40968
-7.42352
-7.44108
-7.46251
-7.48049
-7.49498
-7.50215
-7.5048
-7.50473
-7.50287
-7.49922
-7.49493
-7.49658
-7.5033
-7.5158
-7.53522
-7.5585
-7.58297
-7.6096
-7.63029
-7.6487
-7.66085
-7.66644
-7.66458
-7.65866
-7.64837
-7.63267
-7.61403
-7.59895
-7.58175
-7.56751
-7.55458
-7.54195
-7.53372
-7.52219
-7.5117
-7.49838
-7.48349
-7.46913
-7.46149
-7.45747
-7.45855
-7.46227
-7.47092
-7.47934
-7.48479
-7.48593
-7.48552
-7.47651
-7.46621
-7.45641
-7.45231
-7.45467
-7.46343
-7.47796
-7.49378
-7.50813
-7.51877
-7.52656
-7.52797
-7.52415
-7.51277
-7.49795
-7.48139
-7.46775
-7.46008
-7.45624
-7.45936
-7.4651
-7.47705
-7.49418
-7.51464
-7.53283
-7.55239
-7.56737
-7.57784
-7.58318
-7.57876
-7.56566
-7.54514
-7.52031
-7.49059
-7.46461
-7.44574
-7.4369
-7.44113
-7.458
-7.48678
-7.52028
-7.55657
-7.59056
-7.61871
-7.64136
-7.6558
-7.66226
-7.66442
-7.65849
-7.64692
-7.62973
-7.6099
-7.5862
-7.55756
-7.52996
-7.50237
-7.48105
-7.46322
-7.45291
-7.44807
-7.44658
-7.44775
-7.44668
-7.44406
-7.43922
-7.43003
-7.41967
-7.40652
-7.39389
-7.38295
-7.37233
-7.36713
-7.36882
-7.37987
-7.39896
-7.42232
-7.4428
-7.46641
-7.4833
-7.49601
-7.50868
-7.52134
-7.54
-7.56031
-7.58371
-7.6073
-7.62764
-7.64512
-7.65702
-7.66009
-7.6551
-7.6395
-7.61565
-7.586
-7.54973
-7.51263
-7.48246
-7.46362
-7.45605
-7.46549
-7.48532
-7.51509
-7.54447
-7.57156
-7.5849
-7.58986
-7.58614
-7.57146
-7.55494
-7.53652
-7.52084
-7.50287
-7.48462
-7.46933
-7.45883
-7.45028
-7.44712
-7.45261
-7.46352
-7.47822
-7.49438
-7.51282
-7.52941
-7.53919
-7.54338
-7.53996
-7.53146
-7.52263
-7.50945
-7.49894
-7.48928
-7.48292
-7.47898
-7.47528
-7.4747
-7.47615
-7.47433
-7.47548
-7.47554
-7.47446
-7.47557
-7.48136
-7.4874
-7.4978
-7.50963
-7.52469
-7.54111
-7.56315
-7.58622
-7.60381
-7.61566
-7.62049
-7.61639
-7.60669
-7.5894
-7.56657
-7.54243
-7.51401
-7.48644
-7.46721
-7.4654
-7.47913
-7.50627
-7.53599
-7.55645
-7.56842
-7.57062
-7.56531
-7.54884
-7.52879
-7.50624
-7.48605
-7.46906
-7.46114
-7.45748
-7.46238
-7.47276
-7.48849
-7.50791
-7.5278
-7.54437
-7.55488
-7.56267
-7.56611
-7.56483
-7.56538
-7.56153
-7.56228
-7.56493
-7.56894
-7.57653
-7.5836
-7.58788
-7.5904
-7.58895
-7.57997
-7.56707
-7.54597
-7.52243
-7.50479
-7.48659
-7.47727
-7.47735
-7.48828
-7.50424
-7.52715
-7.55231
-7.57476
-7.59113
-7.59873
-7.59489
-7.58232
-7.55763
-7.52561
-7.48598
-7.4481
-7.40979
-7.37824
-7.36146
-7.35674
-7.36826
-7.39387
-7.42248
-7.45438
-7.48155
-7.50504
-7.52036
-7.52964
-7.5306
-7.52681
-7.51736
-7.50534
-7.48617
-7.46643
-7.44885
-7.43645
-7.43176
-7.435
-7.44933
-7.47259
-7.50918
-7.55212
-7.60012
-7.64672
-7.68956
-7.72302
-7.74501
-7.75279
-7.75365
-7.74771
-7.73636
-7.72145
-7.70402
-7.68368
-7.65852
-7.62702
-7.59429
-7.56031
-7.52105
-7.48306
-7.44461
-7.40701
-7.37434
-7.35383
-7.34126
-7.34267
-7.35622
-7.37855
-7.4041
-7.43047
-7.45304
-7.47064
-7.48313
-7.48979
-7.49138
-7.49363
-7.49499
-7.498
-7.50534
-7.51074
-7.51835
-7.52781
-7.53625
-7.54748
-7.55534
-7.56227
-7.56315
-7.55932
-7.54693
-7.53014
-7.50887
-7.48439
-7.45986
-7.44451
-7.43787
-7.43977
-7.45181
-7.46863
-7.49237
-7.51865
-7.54463
-7.57236
-7.59858
-7.62026
-7.63832
-7.64594
-7.64359
-7.6302
-7.60858
-7.57927
-7.54832
-7.51657
-7.48892
-7.46894
-7.46163
-7.46388
-7.4796
-7.50157
-7.53136
-7.55784
-7.58448
-7.6098
-7.63123
-7.64367
-7.65302
-7.65703
-7.65069
-7.64082
-7.62533
-7.60452
-7.5824
-7.55885
-7.5365
-7.51362
-7.48707
-7.46157
-7.43854
-7.41778
-7.39904
-7.38796
-7.38044
-7.37831
-7.38047
-7.38739
-7.4007
-7.42397
-7.45106
-7.47807
-7.50648
-7.53253
-7.55696
-7.5783
-7.594
-7.60635
-7.61082
-7.61118
-7.60915
-7.59684
-7.58692
-7.57446
-7.5607
-7.55272
-7.5483
-7.54705
-7.54782
-7.54873
-7.55156
-7.55279
-7.54925
-7.54197
-7.53163
-7.51436
-7.49478
-7.47212
-7.45241
-7.43835
-7.42901
-7.42769
-7.43393
-7.44734
-7.46715
-7.49413
-7.52407
-7.55474
-7.57929
-7.59558
-7.60466
-7.60768
-7.60719
-7.60692
-7.60679
-7.60506
-7.59983
-7.59267
-7.58229
-7.56817
-7.55643
-7.54518
-7.53524
-7.52581
-7.51373
-7.50103
-7.49024
-7.48367
-7.47841
-7.4779
-7.48009
-7.4835
-7.48763
-7.4908
-7.49217
-7.49949
-7.50338
-7.50509
-7.50612
-7.50102
-7.49504
-7.48709
-7.47921
-7.47217
-7.46678
-7.46641
-7.46848
-7.47289
-7.48052
-7.49516
-7.51482
-7.5378
-7.56707
-7.59577
-7.62154
-7.64516
-7.66619
-7.67952
-7.68468
-7.67745
-7.65631
-7.62254
-7.58109
-7.53256
-7.48074
-7.43985
-7.41036
-7.393
-7.3853
-7.38683
-7.3944
-7.409
-7.42504
-7.44087
-7.46037
-7.47746
-7.48965
-7.49863
-7.50544
-7.50575
-7.50095
-7.49362
-7.49151
-7.4913
-7.49538
-7.50752
-7.52845
-7.55462
-7.57624
-7.60214
-7.62071
-7.63432
-7.64116
-7.64302
-7.64049
-7.6324
-7.6205
-7.60759
-7.58899
-7.56894
-7.54841
-7.52486
-7.50616
-7.49049
-7.47413
-7.45758
-7.44043
-7.42252
-7.40895
-7.40405
-7.40437
-7.41642
-7.43893
-7.46699
-7.4983
-7.52998
-7.56165
-7.58582
-7.60031
-7.60455
-7.59958
-7.58611
-7.5679
-7.54575
-7.52098
-7.49758
-7.47603
-7.46022
-7.45255
-7.45478
-7.467
-7.48738
-7.51044
-7.53572
-7.55962
-7.5791
-7.58901
-7.58921
-7.58631
-7.57803
-7.56475
-7.5475
-7.52783
-7.50928
-7.49715
-7.49025
-7.48789
-7.4949
-7.5052
-7.5165
-7.52717
-7.5338
-7.53861
-7.53791
-7.53455
-7.53017
-7.52754
-7.52553
-7.52313
-7.52114
-7.52419
-7.52835
-7.53142
-7.53596
-7.53879
-7.53977
-7.53495
-7.52518
-7.51068
-7.48976
-7.46427
-7.43692
-7.41062
-7.38821
-7.37522
-7.37742
-7.3893
-7.41497
-7.45026
-7.48714
-7.5232
-7.55145
-7.57452
-7.58545
-7.58792
-7.58231
-7.57029
-7.55159
-7.53864
-7.52809
-7.5245
-7.52475
-7.52801
-7.5311
-7.53408
-7.53857
-7.53961
-7.53924
-7.54012
-7.54242
-7.54566
-7.54966
-7.55924
-7.56826
-7.57505
-7.5772
-7.57436
-7.56735
-7.55267
-7.53271
-7.50963
-7.48427
-7.46189
-7.44663
-7.44135
-7.45041
-7.47176
-7.50002
-7.53041
-7.55992
-7.57832
-7.58514
-7.578
-7.55802
-7.53181
-7.50087
-7.47196
-7.44796
-7.43039
-7.42116
-7.42304
-7.43386
-7.45557
-7.48323
-7.5118
-7.54358
-7.57234
-7.59766
-7.61762
-7.62993
-7.63048
-7.6225
-7.60563
-7.58154
-7.55676
-7.53101
-7.51077
-7.49875
-7.49496
-7.49895
-7.51371
-7.53301
-7.55306
-7.5706
-7.58252
-7.58565
-7.58107
-7.56921
-7.55358
-7.53951
-7.52856
-7.51969
-7.51103
-7.50498
-7.50146
-7.50212
-7.50999
-7.52282
-7.53785
-7.54992
-7.55852
-7.55972
-7.55191
-7.53299
-7.50796
-7.47828
-7.45038
-7.42945
-7.41597
-7.41361
-7.42176
-7.44002
-7.46495
-7.49589
-7.5319
-7.56902
-7.60931
-7.64345
-7.66835
-7.68627
-7.69481
-7.69089
-7.67394
-7.6434
-7.60296
-7.55626
-7.504
-7.45806
-7.41812
-7.39151
-7.37761
-7.37252
-7.38036
-7.39456
-7.4113
-7.42938
-7.45051
-7.47248
-7.49514
-7.51578
-7.53231
-7.54254
-7.54097
-7.52786
-7.50607
-7.47882
-7.45172
-7.42886
-7.41735
-7.41757
-7.42755
-7.44866
-7.48088
-7.52152
-7.56413
-7.60623
-7.64194
-7.67304
-7.69757
-7.70864
-7.70527
-7.69118
-7.66482
-7.634
-7.60324
-7.57174
-7.5368
-7.5065
-7.47904
-7.45457
-7.43035
-7.41416
-7.4044
-7.40119
-7.40595
-7.41823
-7.43437
-7.45407
-7.47025
-7.485
-7.49512
-7.50177
-7.50312
-7.5018
-7.49971
-7.50334
-7.50879
-7.51995
-7.53291
-7.54175
-7.54667
-7.54336
-7.53386
-7.51692
-7.4934
-7.47124
-7.4546
-7.44441
-7.44206
-7.45125
-7.46857
-7.49441
-7.52717
-7.55828
-7.58989
-7.61136
-7.62198
-7.62505
-7.61603
-7.59836
-7.57732
-7.55711
-7.54437
-7.53698
-7.53504
-7.54137
-7.54651
-7.55071
-7.55127
-7.55564
-7.55237
-7.54976
-7.54791
-7.54624
-7.54589
-7.5449
-7.54235
-7.54057
-7.54144
-7.54685
-7.55294
-7.55923
-7.56255
-7.56428
-7.56294
-7.55652
-7.54589
-7.53248
-7.52595
-7.51831
-7.51419
-7.51264
-7.51576
-7.52493
-7.53586
-7.55097
-7.56554
-7.5722
-7.57183
-7.56761
-7.55542
-7.5355
-7.516
-7.4946
-7.4802
-7.46834
-7.45714
-7.4482
-7.4433
-7.43847
-7.4357
-7.43339
-7.43361
-7.43471
-7.43284
-7.43177
-7.43061
-7.43287
-7.44078
-7.45382
-7.47432
-7.49855
-7.52876
-7.55638
-7.58004
-7.59929
-7.61286
-7.61874
-7.61886
-7.61599
-7.61164
-7.60033
-7.58714
-7.57116
-7.55547
-7.53908
-7.52265
-7.50753
-7.49593
-7.48511
-7.47769
-7.47359
-7.47417
-7.47817
-7.48231
-7.48784
-7.49319
-7.49543
-7.4969
-7.4991
-7.50439
-7.51012
-7.51975
-7.53057
-7.54084
-7.54384
-7.5425
-7.54117
-7.53568
-7.53124
-7.52933
-7.52854
-7.53146
-7.53499
-7.541
-7.5483
-7.55517
-7.55965
-7.56096
-7.55834
-7.54947
-7.53714
-7.52625
-7.51493
-7.50643
-7.50002
-7.49708
-7.4977
-7.49936
-7.50208
-7.50788
-7.51862
-7.5274
-7.54211
-7.5577
-7.57053
-7.57672
-7.57824
-7.57029
-7.56107
-7.54683
-7.53256
-7.51759
-7.49886
-7.48206
-7.46695
-7.45825
-7.45425
-7.45844
-7.46643
-7.48251
-7.4987
-7.52114
-7.54031
-7.55904
-7.57434
-7.58735
-7.5928
-7.59455
-7.58952
-7.58167
-7.56709
-7.54907
-7.52938
-7.50577
-7.48029
-7.45534
-7.42921
-7.41021
-7.39721
-7.39325
-7.40296
-7.42609
-7.45647
-7.49274
-7.52825
-7.56162
-7.58793
-7.6018
-7.60736
-7.60258
-7.59177
-7.5742
-7.55856
-7.54037
-7.52753
-7.51338
-7.50109
-7.48818
-7.48164
-7.4775
-7.476
-7.48061
-7.49381
-7.50925
-7.52805
-7.54561
-7.56327
-7.57412
-7.5783
-7.57206
-7.55975
-7.54031
-7.51484
-7.48707
-7.46493
-7.44889
-7.43988
-7.44031
-7.44692
-7.45922
-7.47356
-7.48881
-7.50216
-7.51512
-7.52767
-7.53974
-7.54481
-7.54652
-7.54339
-7.53714
-7.53434
-7.53955
-7.54922
-7.56399
-7.57606
-7.58416
-7.59106
-7.59443
-7.59725
-7.60156
-7.60448
-7.60092
-7.58648
-7.56755
-7.54153
-7.51625
-7.48997
-7.47547
-7.46849
-7.46783
-7.47667
-7.48626
-7.49369
-7.50051
-7.49992
-7.49433
-7.48495
-7.47123
-7.46205
-7.45505
-7.45073
-7.45671
-7.46416
-7.47761
-7.48976
-7.50741
-7.52285
-7.53894
-7.55169
-7.55949
-7.56288
-7.56473
-7.56809
-7.56897
-7.57193
-7.57355
-7.5722
-7.57173
-7.56439
-7.55957
-7.55425
-7.54972
-7.5488
-7.54367
-7.53937
-7.53385
-7.52945
-7.52485
-7.51847
-7.51247
-7.51033
-7.50692
-7.50314
-7.49921
-7.49926
-7.49906
-7.50106
-7.50934
-7.51816
-7.52806
-7.53935
-7.54787
-7.5491
-7.54794
-7.54072
-7.5275
-7.51489
-7.50206
-7.4961
-7.49249
-7.49525
-7.50251
-7.51182
-7.52027
-7.5249
-7.52527
-7.52335
-7.51799
-7.51254
-7.51133
-7.51074
-7.51373
-7.51801
-7.52328
-7.52981
-7.53537
-7.53604
-7.53638
-7.53156
-7.52686
-7.52336
-7.51851
-7.51704
-7.51925
-7.5236
-7.52968
-7.53176
-7.532
-7.53091
-7.52854
-7.52679
-7.5278
-7.52659
-7.52719
-7.5261
-7.5245
-7.52191
-7.5151
-7.50567
-7.4991
-7.49756
-7.50311
-7.51827
-7.54095
-7.57116
-7.59972
-7.62651
-7.64274
-7.6502
-7.64569
-7.63414
-7.61673
-7.59364
-7.57329
-7.5512
-7.52967
-7.51127
-7.49375
-7.47826
-7.463
-7.45612
-7.45708
-7.46764
-7.48103
-7.49832
-7.51283
-7.52151
-7.52115
-7.51407
-7.50019
-7.48041
-7.46035
-7.44027
-7.42493
-7.41812
-7.42027
-7.43373
-7.4517
-7.46749
-7.48839
-7.50955
-7.53004
-7.54836
-7.56213
-7.57822
-7.58836
-7.59577
-7.60013
-7.59984
-7.59251
-7.57832
-7.55574
-7.52712
-7.49982
-7.47324
-7.44858
-7.4381
-7.43623
-7.4469
-7.46187
-7.48738
-7.51263
-7.53887
-7.56194
-7.58261
-7.60081
-7.61459
-7.62359
-7.63446
-7.64466
-7.6528
-7.65976
-7.65774
-7.64421
-7.62075
-7.58817
-7.54519
-7.49747
-7.44979
-7.40835
-7.37987
-7.36698
-7.36764
-7.38485
-7.40745
-7.42845
-7.44646
-7.45854
-7.46542
-7.46355
-7.45676
-7.45296
-7.45292
-7.45763
-7.46516
-7.47593
-7.48641
-7.49189
-7.49459
-7.48831
-7.47855
-7.46357
-7.45065
-7.44156
-7.44071
-7.45077
-7.47298
-7.50374
-7.53894
-7.57294
-7.6001
-7.61824
-7.62592
-7.6244
-7.61223
-7.59449
-7.5791
-7.56949
-7.56611
-7.56753
-7.56978
-7.5735
-7.57599
-7.57681
-7.57598
-7.57648
-7.57297
-7.56642
-7.55912
-7.55323
-7.54766
-7.55038
-7.5561
-7.56313
-7.56812
-7.56913
-7.56355
-7.55356
-7.54046
-7.52372
-7.5066
-7.49742
-7.49792
-7.50579
-7.51702
-7.53762
-7.56104
-7.5842
-7.60305
-7.61754
-7.62259
-7.61756
-7.60472
-7.58113
-7.54737
-7.51617
-7.48373
-7.45979
-7.44267
-7.43642
-7.4403
-7.45269
-7.47265
-7.4993
-7.52837
-7.55238
-7.56727
-7.56868
-7.55721
-7.53649
-7.51027
-7.48248
-7.4613
-7.4507
-7.44488
-7.45316
-7.46942
-7.49245
-7.52025
-7.54316
-7.56003
-7.56983
-7.57501
-7.57372
-7.56919
-7.55998
-7.55451
-7.54738
-7.54471
-7.54466
-7.54459
-7.54725
-7.54884
-7.55123
-7.55252
-7.54837
-7.53996
-7.52619
-7.50481
-7.47868
-7.45029
-7.42133
-7.40146
-7.38721
-7.38295
-7.38921
-7.40518
-7.43238
-7.46342
-7.49711
-7.53468
-7.56858
-7.59763
-7.62024
-7.63242
-7.63855
-7.6348
-7.6216
-7.60373
-7.58077
-7.5535
-7.53048
-7.51067
-7.49596
-7.48878
-7.48774
-7.49598
-7.50841
-7.51972
-7.53104
-7.54088
-7.54742
-7.55128
-7.55075
-7.54982
-7.54869
-7.54439
-7.53798
-7.52588
-7.50819
-7.4915
-7.47522
-7.46849
-7.46851
-7.47988
-7.49453
-7.51043
-7.52283
-7.52704
-7.52504
-7.51357
-7.50119
-7.48543
-7.47273
-7.46287
-7.45698
-7.45651
-7.46037
-7.46727
-7.47665
-7.48898
-7.49736
-7.51291
-7.53044
-7.5483
-7.56657
-7.58244
-7.59525
-7.60288
-7.61096
-7.61597
-7.61942
-7.62255
-7.62544
-7.62858
-7.63012
-7.62607
-7.61732
-7.60594
-7.59198
-7.57358
-7.55274
-7.52797
-7.50482
-7.47816
-7.45306
-7.43107
-7.41563
-7.40474
-7.4
-7.39633
-7.39588
-7.39712
-7.39726
-7.40141
-7.40395
-7.41105
-7.42113
-7.43294
-7.45231
-7.46894
-7.48402
-7.49946
-7.51115
-7.52107
-7.52814
-7.53727
-7.54672
-7.5546
-7.56071
-7.56099
-7.55874
-7.55264
-7.54262
-7.5345
-7.52824
-7.52346
-7.52614
-7.53231
-7.5409
-7.55145
-7.56221
-7.56787
-7.56712
-7.5615
-7.5514
-7.53569
-7.51856
-7.50426
-7.49707
-7.49178
-7.49126
-7.4986
-7.51101
-7.5297
-7.54989
-7.56875
-7.58832
-7.6014
-7.60883
-7.6116
-7.60983
-7.60636
-7.60289
-7.59677
-7.58864
-7.57754
-7.56601
-7.54995
-7.53296
-7.5165
-7.4991
-7.48431
-7.47541
-7.4696
-7.47148
-7.48268
-7.49757
-7.51776
-7.53427
-7.55018
-7.56027
-7.5685
-7.57431
-7.57527
-7.57216
-7.57071
-7.56728
-7.56009
-7.54786
-7.52979
-7.50315
-7.47313
-7.44574
-7.4254
-7.41979
-7.42428
-7.43917
-7.45459
-7.46957
-7.48217
-7.48833
-7.4888
-7.48608
-7.47529
-7.46415
-7.45277
-7.44551
-7.4485
-7.46856
-7.49888
-7.53304
-7.56876
-7.5965
-7.61634
-7.62787
-7.63008
-7.6205
-7.60976
-7.59381
-7.57357
-7.55322
-7.53246
-7.50935
-7.48934
-7.47325
-7.46104
-7.45742
-7.46097
-7.47247
-7.48587
-7.50325
-7.5229
-7.54199
-7.56193
-7.5777
-7.59
-7.59887
-7.60352
-7.60034
-7.5943
-7.58753
-7.58019
-7.57591
-7.57715
-7.57929
-7.58457
-7.58733
-7.586
-7.57912
-7.56293
-7.54258
-7.51189
-7.48003
-7.45144
-7.43034
-7.41596
-7.41339
-7.42011
-7.43169
-7.44353
-7.45153
-7.45916
-7.46542
-7.4676
-7.47327
-7.48275
-7.49367
-7.50827
-7.52216
-7.53366
-7.54491
-7.55003
-7.55191
-7.54878
-7.54356
-7.53825
-7.53335
-7.52743
-7.52155
-7.51532
-7.51093
-7.50671
-7.50172
-7.49767
-7.49353
-7.48748
-7.48439
-7.48378
-7.4895
-7.49854
-7.5142
-7.53369
-7.55155
-7.56356
-7.57341
-7.57356
-7.56899
-7.5616
-7.55206
-7.54353
-7.54206
-7.54079
-7.54365
-7.54761
-7.55333
-7.55444
-7.55319
-7.54787
-7.53723
-7.52162
-7.50962
-7.50425
-7.50592
-7.5168
-7.53193
-7.54557
-7.55489
-7.55624
-7.54889
-7.53303
-7.51393
-7.49246
-7.47753
-7.46907
-7.46515
-7.46582
-7.47449
-7.47995
-7.48616
-7.48866
-7.48862
-7.49321
-7.49795
-7.50554
-7.51326
-7.52026
-7.52834
-7.53567
-7.53939
-7.54091
-7.53806
-7.53313
-7.52689
-7.52654
-7.53033
-7.54066
-7.55856
-7.57943
-7.60713
-7.63271
-7.6566
-7.66932
-7.67154
-7.65974
-7.63619
-7.60149
-7.56165
-7.52504
-7.49629
-7.47394
-7.4639
-7.45961
-7.4595
-7.46626
-7.47456
-7.47975
-7.4809
-7.48056
-7.47438
-7.46919
-7.46444
-7.46106
-7.4643
-7.47349
-7.49004
-7.50468
-7.51697
-7.52628
-7.52898
-7.52789
-7.52267
-7.51653
-7.50787
-7.50601
-7.50515
-7.5037
-7.50407
-7.50611
-7.50678
-7.50746
-7.51167
-7.51602
-7.52026
-7.52591
-7.53053
-7.53248
-7.53501
-7.534
-7.53007
-7.52598
-7.52236
-7.5188
-7.5157
-7.51418
-7.51181
-7.50806
-7.51107
-7.50772
-7.50326
-7.49695
-7.49451
-7.49921
-7.50961
-7.52905
-7.54851
-7.57372
-7.59831
-7.61858
-7.63542
-7.64509
-7.65261
-7.6532
-7.64996
-7.63985
-7.62548
-7.60488
-7.58038
-7.55196
-7.51966
-7.48727
-7.45651
-7.42847
-7.40893
-7.39251
-7.38579
-7.38078
-7.37721
-7.3769
-7.38283
-7.4008
-7.42634
-7.45901
-7.49356
-7.52253
-7.54308
-7.55581
-7.55824
-7.55228
-7.53704
-7.51918
-7.4992
-7.48226
-7.46427
-7.45471
-7.453
-7.46222
-7.48254
-7.51128
-7.54442
-7.57943
-7.60855
-7.63027
-7.63812
-7.63594
-7.62366
-7.6054
-7.58059
-7.553
-7.53207
-7.51437
-7.50672
-7.50858
-7.52093
-7.53948
-7.56374
-7.58182
-7.59175
-7.59246
-7.58668
-7.57604
-7.56027
-7.54046
-7.52069
-7.50051
-7.48067
-7.46295
-7.44616
-7.43314
-7.42631
-7.42263
-7.42146
-7.42945
-7.43881
-7.45318
-7.46686
-7.48165
-7.49622
-7.51237
-7.52078
-7.52656
-7.52707
-7.52569
-7.52494
-7.52131
-7.52203
-7.52357
-7.52773
-7.5351
-7.54123
-7.54752
-7.55054
-7.55045
-7.54959
-7.54852
-7.55262
-7.5556
-7.55739
-7.55629
-7.54981
-7.53618
-7.51729
-7.49745
-7.47708
-7.45546
-7.44079
-7.43289
-7.42836
-7.43292
-7.44261
-7.45519
-7.4686
-7.48546
-7.49989
-7.51311
-7.52627
-7.54019
-7.55646
-7.56966
-7.58388
-7.59314
-7.60354
-7.61003
-7.61065
-7.60573
-7.59381
-7.57738
-7.55616
-7.53241
-7.51096
-7.48629
-7.46546
-7.44865
-7.43742
-7.43498
-7.43863
-7.44801
-7.46484
-7.48736
-7.5115
-7.53545
-7.55697
-7.56852
-7.57197
-7.56832
-7.55912
-7.5465
-7.53358
-7.52512
-7.52355
-7.52871
-7.53588
-7.54888
-7.55851
-7.56495
-7.56213
-7.5545
-7.5437
-7.52863
-7.51381
-7.49877
-7.48819
-7.47802
-7.4731
-7.4696
-7.4696
-7.47643
-7.48708
-7.50292
-7.52368
-7.55038
-7.57745
-7.59905
-7.61736
-7.62988
-7.63025
-7.62286
-7.60943
-7.59341
-7.57318
-7.54966
-7.52957
-7.51006
-7.48811
-7.46711
-7.44848
-7.43594
-7.42792
-7.42736
-7.42846
-7.43674
-7.45058
-7.47292
-7.49425
-7.52185
-7.54858
-7.57038
-7.5882
-7.59204
-7.58908
-7.57844
-7.56383
-7.54423
-7.52271
-7.49979
-7.47822
-7.46043
-7.45154
-7.45045
-7.45862
-7.47575
-7.49765
-7.52134
-7.54348
-7.56214
-7.57541
-7.58302
-7.58309
-7.5825
-7.57854
-7.57006
-7.55562
-7.5369
-7.51752
-7.49694
-7.47621
-7.46277
-7.4579
-7.46258
-7.47146
-7.48384
-7.50165
-7.51761
-7.53112
-7.54187
-7.54638
-7.54932
-7.54771
-7.546
-7.54601
-7.55243
-7.55776
-7.56721
-7.57411
-7.57999
-7.58438
-7.58534
-7.58667
-7.58411
-7.58122
-7.5792
-7.56955
-7.5562
-7.54011
-7.52343
-7.50728
-7.49079
-7.47963
-7.46825
-7.45854
-7.45691
-7.45828
-7.45981
-7.46213
-7.46092
-7.45694
-7.44992
-7.44564
-7.44942
-7.45466
-7.46772
-7.48983
-7.51601
-7.54245
-7.56677
-7.58696
-7.59881
-7.60238
-7.59654
-7.58494
-7.57149
-7.55599
-7.54551
-7.5408
-7.54095
-7.54105
-7.54129
-7.54115
-7.54026
-7.53838
-7.53735
-7.54139
-7.54816
-7.55803
-7.56618
-7.56942
-7.56716
-7.55956
-7.54911
-7.53498
-7.52011
-7.50612
-7.49601
-7.48672
-7.48579
-7.48828
-7.49444
-7.50426
-7.51171
-7.51391
-7.50999
-7.49875
-7.48245
-7.46726
-7.45405
-7.44822
-7.44728
-7.44982
-7.45423
-7.4598
-7.46272
-7.4686
-7.4711
-7.47625
-7.47674
-7.4769
-7.47934
-7.48019
-7.48491
-7.49448
-7.50772
-7.5203
-7.53009
-7.53723
-7.54016
-7.53452
-7.5189
-7.50463
-7.48759
-7.46895
-7.45988
-7.45731
-7.46375
-7.47417
-7.49043
-7.5088
-7.53075
-7.55259
-7.57573
-7.60194
-7.6257
-7.64613
-7.65854
-7.66052
-7.65157
-7.63697
-7.61531
-7.59065
-7.56447
-7.53589
-7.51245
-7.49329
-7.47474
-7.46043
-7.45228
-7.45196
-7.45985
-7.4736
-7.49521
-7.51955
-7.54235
-7.56419
-7.57794
-7.58983
-7.59316
-7.59144
-7.58407
-7.57216
-7.55797
-7.53942
-7.51766
-7.49083
-7.45807
-7.42579
-7.39477
-7.37191
-7.36095
-7.35999
-7.36788
-7.38538
-7.40812
-7.44088
-7.47268
-7.50717
-7.54303
-7.57726
-7.60872
-7.64028
-7.66405
-7.67958
-7.67757
-7.66754
-7.64633
-7.62319
-7.6031
-7.58469
-7.57175
-7.56739
-7.56614
-7.57072
-7.57847
-7.5891
-7.59945
-7.60279
-7.59889
-7.59133
-7.57247
-7.55122
-7.52621
-7.50166
-7.48019
-7.46287
-7.45095
-7.44125
-7.43654
-7.43771
-7.44045
-7.44781
-7.45775
-7.46853
-7.4782
-7.4852
-7.49049
-7.49168
-7.49531
-7.49883
-7.50134
-7.50595
-7.5064
-7.51176
-7.51792
-7.52862
-7.54389
-7.56185
-7.58036
-7.59222
-7.59977
-7.6
-7.59508
-7.58599
-7.57373
-7.56177
-7.54611
-7.53317
-7.51909
-7.51047
-7.50492
-7.4989
-7.4937
-7.48763
-7.481
-7.47613
-7.4761
-7.48133
-7.496
-7.5139
-7.52525
-7.52976
-7.52427
-7.51216
-7.49325
-7.47216
-7.45426
-7.44522
-7.44813
-7.46282
-7.48274
-7.5084
-7.53358
-7.55387
-7.57354
-7.5917
-7.60634
-7.6193
-7.63314
-7.6466
-7.65364
-7.65761
-7.65784
-7.64855
-7.63245
-7.61173
-7.58914
-7.56421
-7.54315
-7.52206
-7.50524
-7.49148
-7.48258
-7.47564
-7.4715
-7.47331
-7.48302
-7.49577
-7.51258
-7.53168
-7.55078
-7.56634
-7.57425
-7.57368
-7.56122
-7.54375
-7.5186
-7.49538
-7.47548
-7.45944
-7.44928
-7.44252
-7.44165
-7.44661
-7.45311
-7.46351
-7.47478
-7.48505
-7.49466
-7.50074
-7.50016
-7.49923
-7.49884
-7.49508
-7.49594
-7.49617
-7.49815
-7.49851
-7.49991
-7.50235
-7.50435
-7.49975
-7.49825
-7.49324
-7.48823
-7.48291
-7.48168
-7.47874
-7.47705
-7.47685
-7.4765
-7.4817
-7.48995
-7.50481
-7.52542
-7.55288
-7.57942
-7.60931
-7.63496
-7.65851
-7.67145
-7.67274
-7.66604
-7.65039
-7.62891
-7.60554
-7.58097
-7.55904
-7.54337
-7.53288
-7.52561
-7.52198
-7.52304
-7.52388
-7.52938
-7.53649
-7.54524
-7.55111
-7.55375
-7.55457
-7.55431
-7.54609
-7.5373
-7.52335
-7.50845
-7.49708
-7.48547
-7.47792
-7.46823
-7.46518
-7.468
-7.47132
-7.47714
-7.48593
-7.49605
-7.50162
-7.50201
-7.5011
-7.5045
-7.5079
-7.51483
-7.52103
-7.52755
-7.53263
-7.54068
-7.54962
-7.55235
-7.55246
-7.54132
-7.52274
-7.49904
-7.47671
-7.45817
-7.44713
-7.44617
-7.45273
-7.46601
-7.48396
-7.50533
-7.52364
-7.53984
-7.5513
-7.55975
-7.56174
-7.55961
-7.55294
-7.54974
-7.54563
-7.54263
-7.54269
-7.54507
-7.5459
-7.54862
-7.55162
-7.55372
-7.55777
-7.56042
-7.56547
-7.57237
-7.57747
-7.58149
-7.58393
-7.58452
-7.58238
-7.57709
-7.57195
-7.56298
-7.54918
-7.53003
-7.50677
-7.48356
-7.46025
-7.44627
-7.44088
-7.44596
-7.45396
-7.46712
-7.48153
-7.49841
-7.51801
-7.53688
-7.55506
-7.57196
-7.5863
-7.59806
-7.60148
-7.60086
-7.59499
-7.58529
-7.5775
-7.56458
-7.55271
-7.54527
-7.53862
-7.53433
-7.52849
-7.52336
-7.5164
-7.50474
-7.49318
-7.48169
-7.47173
-7.46465
-7.46434
-7.47168
-7.48209
-7.49421
-7.50353
-7.50839
-7.50568
-7.49872
-7.48908
-7.479
-7.47448
-7.47708
-7.49139
-7.5106
-7.53685
-7.56275
-7.58664
-7.60692
-7.62047
-7.62671
-7.62718
-7.62174
-7.61278
-7.60456
-7.5933
-7.58062
-7.56632
-7.55154
-7.5346
-7.52172
-7.51207
-7.50876
-7.51391
-7.5247
-7.53737
-7.54848
-7.56175
-7.56943
-7.56842
-7.56145
-7.54955
-7.53244
-7.51424
-7.49503
-7.47646
-7.46118
-7.45133
-7.44052
-7.42867
-7.42007
-7.41556
-7.41466
-7.4213
-7.43018
-7.4438
-7.46128
-7.47742
-7.49217
-7.5027
-7.50895
-7.51408
-7.51762
-7.52197
-7.52682
-7.53019
-7.53312
-7.53792
-7.5483
-7.55763
-7.56971
-7.58102
-7.59052
-7.59582
-7.59627
-7.58916
-7.579
-7.56084
-7.53337
-7.5003
-7.46339
-7.42947
-7.4037
-7.38948
-7.39062
-7.40553
-7.42691
-7.45527
-7.48524
-7.51131
-7.5299
-7.54214
-7.54308
-7.53759
-7.52373
-7.50987
-7.49925
-7.49741
-7.50411
-7.5188
-7.53815
-7.55382
-7.56575
-7.57039
-7.5685
-7.56759
-7.56766
-7.57485
-7.58372
-7.59448
-7.60479
-7.61358
-7.62238
-7.62545
-7.62097
-7.6146
-7.60797
-7.6013
-7.5929
-7.58369
-7.57878
-7.57444
-7.56915
-7.56374
-7.55689
-7.54928
-7.54064
-7.5299
-7.51726
-7.50683
-7.50115
-7.49439
-7.49048
-7.48674
-7.48181
-7.47708
-7.47408
-7.47031
-7.46941
-7.46892
-7.47151
-7.47725
-7.48122
-7.48727
-7.49027
-7.49119
-7.48667
-7.47995
-7.473
-7.46785
-7.46122
-7.4542
-7.45038
-7.44568
-7.43968
-7.43726
-7.43548
-7.43942
-7.44649
-7.4578
-7.47091
-7.48607
-7.50002
-7.50878
-7.51343
-7.51476
-7.51769
-7.52247
-7.53221
-7.54792
-7.56361
-7.57743
-7.58353
-7.58406
-7.57663
-7.56248
-7.54824
-7.53248
-7.52065
-7.51243
-7.51254
-7.51886
-7.52909
-7.5425
-7.55842
-7.57338
-7.58224
-7.58438
-7.5865
-7.57957
-7.5698
-7.55605
-7.54442
-7.53277
-7.51807
-7.50398
-7.48917
-7.47321
-7.4586
-7.44497
-7.43568
-7.42954
-7.4276
-7.43279
-7.44377
-7.46046
-7.47729
-7.49237
-7.50224
-7.50512
-7.50262
-7.49424
-7.48695
-7.48539
-7.49402
-7.51078
-7.5306
-7.54824
-7.56298
-7.57142
-7.57475
-7.57381
-7.57482
-7.57259
-7.56993
-7.56816
-7.56335
-7.55962
-7.55551
-7.54847
-7.54333
-7.53965
-7.53411
-7.52659
-7.52165
-7.52599
-7.53108
-7.53814
-7.54574
-7.55112
-7.55259
-7.55105
-7.54889
-7.54696
-7.54999
-7.55506
-7.56216
-7.57172
-7.57741
-7.58426
-7.58702
-7.5847
-7.57161
-7.55663
-7.53827
-7.51528
-7.49741
-7.48674
-7.48294
-7.48373
-7.4939
-7.50773
-7.52454
-7.53658
-7.54365
-7.54082
-7.52914
-7.51146
-7.48754
-7.4635
-7.44199
-7.42794
-7.4204
-7.42505
-7.44138
-7.46912
-7.49978
-7.53427
-7.56339
-7.58127
-7.58703
-7.58277
-7.56636
-7.54532
-7.52336
-7.50682
-7.49803
-7.49993
-7.50835
-7.52039
-7.53209
-7.54525
-7.55349
-7.55899
-7.56171
-7.56501
-7.56798
-7.57158
-7.57304
-7.57532
-7.57618
-7.57626
-7.57893
-7.58221
-7.58503
-7.58442
-7.58003
-7.56994
-7.56005
-7.54604
-7.53142
-7.51783
-7.50507
-7.49464
-7.48687
-7.48061
-7.48122
-7.48465
-7.49126
-7.49678
-7.50059
-7.49739
-7.48402
-7.46992
-7.45132
-7.43254
-7.41558
-7.4049
-7.4034
-7.41121
-7.42602
-7.45304
-7.48747
-7.52436
-7.55934
-7.58937
-7.60877
-7.61998
-7.62379
-7.61912
-7.61103
-7.60085
-7.59316
-7.59068
-7.58681
-7.58517
-7.58363
-7.58413
-7.58695
-7.58885
-7.58864
-7.58085
-7.56582
-7.54195
-7.51058
-7.47589
-7.44372
-7.4108
-7.3862
-7.36771
-7.36105
-7.36872
-7.38859
-7.41635
-7.44929
-7.48499
-7.51669
-7.54571
-7.5692
-7.58408
-7.59033
-7.58764
-7.57892
-7.56206
-7.53998
-7.52008
-7.50341
-7.49621
-7.4969
-7.50782
-7.52498
-7.5443
-7.56137
-7.57212
-7.57463
-7.57026
-7.56128
-7.54854
-7.53913
-7.52936
-7.52458
-7.52229
-7.52363
-7.52858
-7.53025
-7.53374
-7.53717
-7.53854
-7.53748
-7.54101
-7.5462
-7.54955
-7.55203
-7.54577
-7.53846
-7.5278
-7.51393
-7.49704
-7.48164
-7.46877
-7.45749
-7.44849
-7.4408
-7.4354
-7.4291
-7.4278
-7.42985
-7.4396
-7.45643
-7.47667
-7.50382
-7.52832
-7.55469
-7.57615
-7.59634
-7.61041
-7.61953
-7.62023
-7.61591
-7.59885
-7.57645
-7.54714
-7.51645
-7.49308
-7.47377
-7.46734
-7.47324
-7.48654
-7.50207
-7.51912
-7.53233
-7.53967
-7.54415
-7.54358
-7.53905
-7.53296
-7.52544
-7.52026
-7.51671
-7.51689
-7.52853
-7.5441
-7.56296
-7.58267
-7.59552
-7.59791
-7.58953
-7.57178
-7.55008
-7.5267
-7.51381
-7.51276
-7.52246
-7.53917
-7.55421
-7.5678
-7.5702
-7.56488
-7.55094
-7.5313
-7.50775
-7.48521
-7.46958
-7.46086
-7.46187
-7.46939
-7.48329
-7.49656
-7.50288
-7.50616
-7.50181
-7.49561
-7.48462
-7.47096
-7.45461
-7.43934
-7.42735
-7.42331
-7.42301
-7.4286
-7.43826
-7.4523
-7.46257
-7.47475
-7.49015
-7.50242
-7.51682
-7.53122
-7.54373
-7.55275
-7.55895
-7.56191
-7.56017
-7.55552
-7.55258
-7.55206
-7.55334
-7.55964
-7.56938
-7.57799
-7.58637
-7.59439
-7.60275
-7.60676
-7.61202
-7.61556
-7.61634
-7.61002
-7.59473
-7.56902
-7.53972
-7.5053
-7.47079
-7.43732
-7.41132
-7.39376
-7.38977
-7.39322
-7.40807
-7.43253
-7.46522
-7.50439
-7.5424
-7.57522
-7.59895
-7.6102
-7.61329
-7.61083
-7.60521
-7.59552
-7.58293
-7.56522
-7.54928
-7.52619
-7.50499
-7.4836
-7.46676
-7.45893
-7.4609
-7.46822
-7.48105
-7.49447
-7.5083
-7.51891
-7.52613
-7.53014
-7.52971
-7.52617
-7.52351
-7.52324
-7.52782
-7.53569
-7.54949
-7.56525
-7.58108
-7.59275
-7.59908
-7.60565
-7.60177
-7.59568
-7.586
-7.57841
-7.56691
-7.55164
-7.53413
-7.51318
-7.49101
-7.46903
-7.44829
-7.43252
-7.42185
-7.42215
-7.43351
-7.45783
-7.49056
-7.52949
-7.56794
-7.60613
-7.63511
-7.65733
-7.66634
-7.66224
-7.64595
-7.61401
-7.57537
-7.52281
-7.46841
-7.41829
-7.37908
-7.35324
-7.34869
-7.36896
-7.40469
-7.45096
-7.49685
-7.54073
-7.57416
-7.596
-7.60773
-7.60886
-7.60151
-7.58361
-7.56317
-7.53848
-7.51427
-7.49292
-7.47511
-7.46834
-7.46566
-7.46834
-7.47793
-7.48922
-7.50051
-7.51216
-7.52038
-7.5266
-7.52374
-7.51884
-7.50982
-7.50498
-7.50196
-7.5043
-7.50551
-7.51048
-7.51372
-7.51996
-7.52822
-7.53637
-7.54732
-7.55718
-7.56707
-7.57787
-7.58311
-7.58497
-7.57747
-7.56603
-7.54669
-7.52448
-7.49819
-7.4728
-7.45198
-7.43896
-7.43279
-7.43561
-7.44315
-7.45374
-7.46751
-7.47707
-7.48766
-7.49946
-7.51337
-7.53173
-7.55772
-7.58806
-7.61452
-7.6391
-7.65571
-7.66579
-7.66516
-7.65703
-7.63955
-7.61639
-7.58743
-7.5568
-7.52645
-7.49606
-7.47372
-7.45735
-7.44999
-7.45081
-7.45994
-7.47448
-7.49153
-7.5042
-7.50957
-7.50335
-7.48799
-7.46715
-7.44435
-7.4227
-7.40827
-7.4027
-7.40308
-7.40755
-7.4178
-7.42939
-7.44179
-7.45513
-7.47321
-7.49261
-7.51462
-7.53782
-7.56431
-7.58959
-7.61181
-7.63399
-7.65234
-7.66567
-7.67131
-7.66908
-7.66115
-7.6414
-7.61593
-7.58223
-7.54671
-7.51071
-7.47933
-7.45267
-7.43826
-7.43411
-7.44171
-7.46315
-7.49214
-7.52544
-7.555
-7.57982
-7.59779
-7.60573
-7.60368
-7.59274
-7.5741
-7.55378
-7.53155
-7.512
-7.49268
-7.47898
-7.47175
-7.47067
-7.47135
-7.47778
-7.49004
-7.50711
-7.52409
-7.53762
-7.54644
-7.55539
-7.55153
-7.54722
-7.53623
-7.52127
-7.5057
-7.48838
-7.46535
-7.44547
-7.42568
-7.41221
-7.40072
-7.39746
-7.40233
-7.41614
-7.43362
-7.45425
-7.4707
-7.48727
-7.50033
-7.51017
-7.51784
-7.5221
-7.52907
-7.53954
-7.55048
-7.56381
-7.57065
-7.57361
-7.5762
-7.57838
-7.58266
-7.58473
-7.58921
-7.58523
-7.57645
-7.55932
-7.53898
-7.51895
-7.49944
-7.48569
-7.47977
-7.47534
-7.4741
-7.4769
-7.48464
-7.49636
-7.51164
-7.52769
-7.54321
-7.55774
-7.56878
-7.57358
-7.57682
-7.57812
-7.57626
-7.57765
-7.57709
-7.58338
-7.58627
-7.58654
-7.57839
-7.56387
-7.5389
-7.50845
-7.47556
-7.44928
-7.43455
-7.43485
-7.44853
-7.467
-7.48853
-7.50792
-7.5219
-7.53279
-7.53944
-7.54357
-7.54355
-7.54297
-7.53778
-7.53095
-7.52452
-7.52146
-7.52031
-7.52491
-7.53362
-7.54418
-7.55435
-7.55744
-7.55672
-7.55122
-7.54619
-7.54013
-7.53916
-7.54288
-7.55256
-7.56367
-7.57196
-7.57541
-7.57245
-7.56474
-7.55136
-7.53371
-7.51798
-7.50381
-7.49648
-7.49033
-7.48935
-7.49017
-7.49552
-7.50241
-7.51349
-7.52715
-7.54483
-7.56408
-7.58103
-7.59637
-7.60367
-7.60087
-7.59126
-7.57725
-7.558
-7.53712
-7.51851
-7.49946
-7.48352
-7.46877
-7.45412
-7.44177
-7.4341
-7.42667
-7.41817
-7.41186
-7.408
-7.40113
-7.40001
-7.4014
-7.40564
-7.41121
-7.41905
-7.4302
-7.44318
-7.45818
-7.47199
-7.48506
-7.49569
-7.5031
-7.50525
-7.50502
-7.5005
-7.49714
-7.49491
-7.49627
-7.49799
-7.4979
-7.49663
-7.49176
-7.48208
-7.47434
-7.46343
-7.45787
-7.45714
-7.46558
-7.48538
-7.51346
-7.54788
-7.58726
-7.62094
-7.65011
-7.66883
-7.67408
-7.66676
-7.65106
-7.62956
-7.60485
-7.58132
-7.56064
-7.54646
-7.53612
-7.53323
-7.53713
-7.53998
-7.54937
-7.56053
-7.56837
-7.57362
-7.57427
-7.56853
-7.55791
-7.5423
-7.52434
-7.5076
-7.49097
-7.47947
-7.47175
-7.46269
-7.44994
-7.43881
-7.43398
-7.43375
-7.43775
-7.44335
-7.45293
-7.46122
-7.46746
-7.47224
-7.47561
-7.47655
-7.4773
-7.4831
-7.49494
-7.5126
-7.53655
-7.56256
-7.59251
-7.61685
-7.6327
-7.63625
-7.6283
-7.60762
-7.57505
-7.53741
-7.49984
-7.46279
-7.43663
-7.42184
-7.42046
-7.43166
-7.45117
-7.47204
-7.49705
-7.52891
-7.56338
-7.5991
-7.62814
-7.65317
-7.6631
-7.66297
-7.65288
-7.63256
-7.6057
-7.57732
-7.54823
-7.51979
-7.4948
-7.47544
-7.46443
-7.46173
-7.46718
-7.47979
-7.49623
-7.51345
-7.52859
-7.54104
-7.55411
-7.56492
-7.57411
-7.58496
-7.59325
-7.598
-7.60049
-7.5947
-7.58666
-7.56895
-7.54574
-7.5168
-7.48629
-7.45327
-7.42197
-7.40007
-7.3883
-7.38607
-7.39397
-7.41189
-7.43677
-7.46112
-7.48241
-7.50053
-7.51333
-7.5194
-7.52458
-7.52852
-7.53383
-7.54279
-7.5547
-7.57278
-7.59604
-7.62011
-7.64395
-7.66731
-7.68687
-7.7008
-7.70768
-7.70072
-7.68184
-7.65401
-7.61649
-7.57026
-7.52618
-7.48418
-7.44922
-7.42164
-7.40689
-7.40021
-7.40147
-7.40487
-7.40981
-7.41115
-7.4068
-7.40652
-7.40663
-7.41635
-7.43025
-7.44327
-7.46314
-7.48911
-7.51648
-7.55018
-7.58354
-7.61193
-7.629
-7.64098
-7.64134
-7.63503
-7.62358
-7.60531
-7.58586
-7.56283
-7.53957
-7.5204
-7.50301
-7.48875
-7.48039
-7.47728
-7.48188
-7.48839
-7.49626
-7.50635
-7.51243
-7.51805
-7.52392
-7.52949
-7.54117
-7.55277
-7.56045
-7.56519
-7.56342
-7.55357
-7.54255
-7.53115
-7.52177
-7.51681
-7.5126
-7.51154
-7.5099
-7.50897
-7.50825
-7.50643
-7.50422
-7.50814
-7.51345
-7.52017
-7.52475
-7.52941
-7.53154
-7.53022
-7.53026
-7.53015
-7.53018
-7.53214
-7.53173
-7.53267
-7.53058
-7.52406
-7.51455
-7.50046
-7.48247
-7.46217
-7.43902
-7.41972
-7.40418
-7.3939
-7.39134
-7.39569
-7.40462
-7.4192
-7.44061
-7.46753
-7.50034
-7.53648
-7.57325
-7.60785
-7.63483
-7.65324
-7.66161
-7.66104
-7.65285
-7.64109
-7.6246
-7.60341
-7.58029
-7.55676
-7.53939
-7.52896
-7.52998
-7.53992
-7.55518
-7.5702
-7.58611
-7.59474
-7.59431
-7.58501
-7.56463
-7.53817
-7.50983
-7.48427
-7.46144
-7.44714
-7.44072
-7.44401
-7.45304
-7.47063
-7.49181
-7.51311
-7.53778
-7.5612
-7.58305
-7.60093
-7.61524
-7.6245
-7.629
-7.63054
-7.62588
-7.61197
-7.59245
-7.56656
-7.53457
-7.49559
-7.45708
-7.41948
-7.38633
-7.36222
-7.35549
-7.36436
-7.39303
-7.42489
-7.45994
-7.49408
-7.51631
-7.52511
-7.52244
-7.515
-7.50249
-7.49246
-7.48864
-7.49228
-7.50493
-7.52461
-7.54466
-7.56282
-7.57268
-7.57666
-7.57607
-7.57119
-7.56381
-7.55899
-7.5536
-7.55026
-7.5469
-7.54195
-7.53221
-7.52255
-7.51101
-7.49607
-7.48317
-7.47229
-7.46287
-7.45533
-7.45024
-7.44637
-7.4464
-7.4474
-7.45442
-7.46287
-7.47455
-7.48425
-7.48857
-7.49534
-7.50192
-7.50932
-7.5182
-7.52624
-7.54066
-7.55615
-7.57041
-7.57876
-7.57988
-7.57514
-7.57062
-7.56835
-7.56872
-7.56868
-7.56931
-7.56356
-7.5601
-7.55555
-7.55109
-7.54783
-7.54418
-7.53934
-7.5348
-7.52743
-7.52036
-7.51578
-7.51363
-7.51147
-7.51332
-7.5152
-7.51512
-7.51559
-7.5096
-7.50181
-7.49358
-7.48734
-7.48262
-7.48465
-7.4956
-7.51034
-7.52692
-7.54249
-7.55786
-7.5673
-7.57197
-7.57165
-7.56697
-7.55536
-7.54443
-7.53286
-7.52069
-7.50659
-7.49283
-7.48289
-7.47376
-7.46934
-7.47251
-7.47958
-7.49412
-7.5151
-7.53837
-7.55946
-7.57852
-7.58734
-7.58731
-7.5721
-7.54412
-7.50401
-7.46077
-7.42469
-7.40414
-7.40083
-7.40916
-7.42526
-7.44794
-7.47585
-7.507
-7.54527
-7.58773
-7.62879
-7.66478
-7.69528
-7.71184
-7.71367
-7.70533
-7.68413
-7.65236
-7.61695
-7.57798
-7.53572
-7.49612
-7.4565
-7.42199
-7.39519
-7.37316
-7.35836
-7.35508
-7.36157
-7.3793
-7.40488
-7.43835
-7.47255
-7.50642
-7.53615
-7.56302
-7.58727
-7.60337
-7.61127
-7.61542
-7.61292
-7.61036
-7.60682
-7.60304
-7.59739
-7.5935
-7.58396
-7.57381
-7.5583
-7.53441
-7.5104
-7.48669
-7.46586
-7.45202
-7.44234
-7.43879
-7.43939
-7.44394
-7.4498
-7.45843
-7.46826
-7.47827
-7.48887
-7.50061
-7.51124
-7.5207
-7.52759
-7.53467
-7.53829
-7.54274
-7.54737
-7.54947
-7.54865
-7.54772
-7.54375
-7.53892
-7.53473
-7.53419
-7.53484
-7.54143
-7.55059
-7.56391
-7.57923
-7.58956
-7.59762
-7.59655
-7.59107
-7.57917
-7.56442
-7.54993
-7.53533
-7.52703
-7.52564
-7.52531
-7.52713
-7.53117
-7.53132
-7.52882
-7.51694
-7.4978
-7.47262
-7.43875
-7.40657
-7.37899
-7.36446
-7.36853
-7.38675
-7.41222
-7.44305
-7.47189
-7.49753
-7.51974
-7.53956
-7.55311
-7.56115
-7.56458
-7.56727
-7.56315
-7.55754
-7.55242
-7.54351
-7.53888
-7.53435
-7.52871
-7.52571
-7.52
-7.51131
-7.5026
-7.49757
-7.49587
-7.49859
-7.50369
-7.51096
-7.5178
-7.52392
-7.5303
-7.5349
-7.53486
-7.53155
-7.52943
-7.5211
-7.51243
-7.49769
-7.4806
-7.46281
-7.45176
-7.4458
-7.45107
-7.46062
-7.47866
-7.49958
-7.52343
-7.54741
-7.57048
-7.59306
-7.61984
-7.6444
-7.66156
-7.67058
-7.66823
-7.65267
-7.63302
-7.60488
-7.57661
-7.54777
-7.52041
-7.49875
-7.48519
-7.4771
-7.47243
-7.47509
-7.47849
-7.48316
-7.48393
-7.48055
-7.47444
-7.47017
-7.46953
-7.47083
-7.47639
-7.48449
-7.49353
-7.5006
-7.50792
-7.51345
-7.51977
-7.52597
-7.53522
-7.54421
-7.55096
-7.55486
-7.5549
-7.5511
-7.54996
-7.55026
-7.55589
-7.56693
-7.57996
-7.59296
-7.60013
-7.60219
-7.59435
-7.57662
-7.55489
-7.52768
-7.50223
-7.48209
-7.46812
-7.46076
-7.46322
-7.47039
-7.4813
-7.49087
-7.49632
-7.49346
-7.48741
-7.47694
-7.46518
-7.46127
-7.46475
-7.47625
-7.49819
-7.52416
-7.55057
-7.57058
-7.58029
-7.58167
-7.57467
-7.56362
-7.55211
-7.54519
-7.54174
-7.5476
-7.55491
-7.56425
-7.57151
-7.5757
-7.57599
-7.57091
-7.56491
-7.55374
-7.54323
-7.53233
-7.51839
-7.50218
-7.48407
-7.46396
-7.44702
-7.42858
-7.41565
-7.40881
-7.40889
-7.4139
-7.42413
-7.44167
-7.46143
-7.48127
-7.50595
-7.52701
-7.54328
-7.56084
-7.57244
-7.57791
-7.57807
-7.57895
-7.57422
-7.56863
-7.56354
-7.55761
-7.54894
-7.53457
-7.52188
-7.50772
-7.48848
-7.47463
-7.46359
-7.4534
-7.449
-7.44655
-7.45124
-7.46697
-7.48411
-7.50485
-7.53006
-7.55439
-7.57607
-7.59733
-7.60856
-7.61456
-7.60989
-7.59878
-7.58434
-7.56689
-7.54999
-7.5328
-7.51692
-7.49959
-7.48645
-7.47754
-7.47808
-7.48818
-7.50415
-7.52554
-7.54863
-7.56858
-7.58107
-7.58555
-7.58363
-7.57164
-7.55308
-7.53368
-7.51368
-7.49426
-7.48258
-7.4717
-7.46494
-7.46308
-7.46041
-7.4577
-7.45699
-7.46214
-7.46764
-7.47668
-7.48523
-7.49651
-7.50855
-7.5216
-7.5327
-7.54467
-7.56015
-7.5767
-7.59128
-7.60309
-7.61041
-7.6135
-7.61144
-7.60911
-7.60683
-7.60354
-7.59923
-7.59818
-7.59461
-7.59003
-7.5895
-7.58892
-7.58736
-7.58183
-7.57433
-7.56455
-7.55256
-7.54187
-7.53453
-7.53304
-7.53522
-7.53697
-7.5398
-7.54083
-7.54017
-7.53707
-7.52769
-7.51918
-7.50876
-7.49781
-7.48891
-7.47899
-7.46822
-7.45814
-7.44766
-7.43521
-7.42395
-7.41261
-7.40471
-7.40042
-7.40723
-7.41912
-7.43731
-7.46193
-7.49052
-7.51773
-7.54215
-7.56155
-7.57635
-7.58752
-7.59662
-7.6058
-7.61536
-7.62005
-7.62388
-7.62338
-7.61927
-7.61029
-7.5998
-7.58765
-7.5746
-7.55807
-7.53924
-7.52094
-7.49873
-7.47988
-7.46324
-7.44922
-7.44048
-7.43971
-7.43952
-7.44441
-7.44973
-7.45498
-7.46185
-7.46767
-7.47556
-7.4846
-7.49447
-7.50439
-7.51454
-7.52583
-7.53479
-7.54298
-7.54816
-7.5537
-7.55668
-7.55934
-7.55429
-7.54371
-7.52982
-7.51547
-7.50116
-7.49295
-7.48871
-7.49505
-7.50675
-7.52249
-7.53973
-7.55674
-7.57124
-7.58197
-7.58133
-7.57725
-7.56393
-7.5452
-7.52354
-7.50264
-7.48782
-7.47709
-7.4725
-7.47211
-7.47833
-7.4856
-7.4939
-7.4985
-7.50202
-7.50154
-7.49583
-7.49011
-7.48553
-7.48561
-7.49081
-7.50134
-7.51451
-7.52844
-7.54021
-7.55022
-7.55622
-7.55782
-7.55586
-7.54652
-7.53951
-7.52835
-7.52092
-7.51861
-7.52152
-7.52717
-7.53545
-7.54417
-7.55096
-7.55631
-7.55796
-7.55172
-7.54155
-7.52792
-7.50656
-7.48835
-7.47289
-7.46266
-7.45898
-7.46239
-7.47015
-7.48105
-7.49085
-7.50042
-7.50699
-7.50997
-7.50922
-7.50739
-7.50118
-7.49287
-7.48915
-7.48569
-7.48521
-7.48501
-7.48606
-7.4888
-7.48976
-7.48766
-7.48537
-7.47696
-7.46577
-7.45607
-7.45356
-7.45713
-7.46781
-7.49113
-7.52399
-7.55943
-7.59494
-7.62176
-7.63736
-7.64283
-7.63219
-7.61307
-7.58833
-7.56142
-7.53854
-7.52618
-7.52152
-7.52866
-7.54059
-7.55246
-7.56251
-7.56871
-7.56653
-7.55942
-7.54196
-7.523
-7.50524
-7.49038
-7.47713
-7.47094
-7.46554
-7.46416
-7.46726
-7.47166
-7.47677
-7.4807
-7.48254
-7.48406
-7.48509
-7.48557
-7.47832
-7.46998
-7.45852
-7.44621
-7.43855
-7.4334
-7.43589
-7.44356
-7.45981
-7.48032
-7.50664
-7.53799
-7.57141
-7.60355
-7.63289
-7.65592
-7.67532
-7.68688
-7.69119
-7.6861
-7.67274
-7.64756
-7.62101
-7.58937
-7.56058
-7.53748
-7.52623
-7.52115
-7.52244
-7.52954
-7.53066
-7.52708
-7.51295
-7.49413
-7.46849
-7.44306
-7.42563
-7.41506
-7.41717
-7.4276
-7.44112
-7.45965
-7.47962
-7.49483
-7.50493
-7.51085
-7.51252
-7.51317
-7.51156
-7.51453
-7.52022
-7.53295
-7.54731
-7.56284
-7.5743
-7.57534
-7.56692
-7.55442
-7.54203
-7.52932
-7.52449
-7.52456
-7.52765
-7.5311
-7.53481
-7.5342
-7.53169
-7.52556
-7.51516
-7.5039
-7.49325
-7.48287
-7.47434
-7.46853
-7.46343
-7.46039
-7.45948
-7.46165
-7.46733
-7.47478
-7.48476
-7.49773
-7.51388
-7.52999
-7.54666
-7.56553
-7.57826
-7.58675
-7.58565
-7.57999
-7.57226
-7.56483
-7.55615
-7.55372
-7.55697
-7.56419
-7.57004
-7.57387
-7.57458
-7.57147
-7.56129
-7.55145
-7.53956
-7.52876
-7.51915
-7.50765
-7.49418
-7.48262
-7.47278
-7.46885
-7.47061
-7.47582
-7.48485
-7.49646
-7.50402
-7.50874
-7.51033
-7.50663
-7.50096
-7.49489
-7.48993
-7.48542
-7.48699
-7.49209
-7.50424
-7.51605
-7.52701
-7.53323
-7.54037
-7.54348
-7.54966
-7.55757
-7.56639
-7.57618
-7.58448
-7.59207
-7.59556
-7.59638
-7.59058
-7.57949
-7.57007
-7.56041
-7.55379
-7.54982
-7.54529
-7.54267
-7.54143
-7.53797
-7.53377
-7.52726
-7.51974
-7.51003
-7.50329
-7.4976
-7.49262
-7.48609
-7.48301
-7.48302
-7.4854
-7.4884
-7.49239
-7.49885
-7.50428
-7.50831
-7.50835
-7.50797
-7.50324
-7.49581
-7.48426
-7.47045
-7.46061
-7.4502
-7.44243
-7.43939
-7.43929
-7.43933
-7.44196
-7.45016
-7.46244
-7.4784
-7.49798
-7.51943
-7.54453
-7.57656
-7.61088
-7.64506
-7.67742
-7.69768
-7.70734
-7.70381
-7.69129
-7.66813
-7.6418
-7.6159
-7.59123
-7.57007
-7.55207
-7.53197
-7.5131
-7.49647
-7.48411
-7.47399
-7.46662
-7.46747
-7.47397
-7.48393
-7.49886
-7.51026
-7.51664
-7.52009
-7.5126
-7.49961
-7.48205
-7.46204
-7.44459
-7.43349
-7.43159
-7.43397
-7.44268
-7.45543
-7.47061
-7.4881
-7.50425
-7.52154
-7.54079
-7.555
-7.56939
-7.5839
-7.59337
-7.60005
-7.60164
-7.59849
-7.59086
-7.57927
-7.56483
-7.55449
-7.54176
-7.53159
-7.52278
-7.52016
-7.51843
-7.51744
-7.51756
-7.51381
-7.50832
-7.49795
-7.48545
-7.47342
-7.46088
-7.4543
-7.45825
-7.47362
-7.49204
-7.51542
-7.54125
-7.56933
-7.59176
-7.60434
-7.61181
-7.61185
-7.6007
-7.58792
-7.57142
-7.55091
-7.52944
-7.51428
-7.50413
-7.50402
-7.51448
-7.53091
-7.5558
-7.58364
-7.61061
-7.63216
-7.64701
-7.65096
-7.64563
-7.62321
-7.59
-7.55162
-7.51296
-7.47831
-7.45644
-7.45451
-7.47338
-7.50175
-7.53618
-7.56786
-7.59284
-7.60816
-7.61305
-7.61052
-7.59887
-7.58078
-7.55675
-7.52749
-7.49232
-7.45352
-7.41588
-7.3861
-7.36921
-7.37047
-7.39011
-7.42474
-7.46382
-7.50249
-7.53328
-7.54908
-7.55675
-7.55416
-7.54229
-7.52611
-7.51154
-7.49685
-7.48689
-7.48341
-7.48457
-7.49039
-7.49439
-7.49745
-7.49858
-7.4973
-7.49221
-7.48712
-7.479
-7.47414
-7.47272
-7.4775
-7.48513
-7.49636
-7.50874
-7.51903
-7.52628
-7.53158
-7.53888
-7.54573
-7.54975
-7.5503
-7.54898
-7.54613
-7.54044
-7.53419
-7.52669
-7.51963
-7.51503
-7.51407
-7.51447
-7.51946
-7.52943
-7.54007
-7.55151
-7.56144
-7.56795
-7.57389
-7.57191
-7.56838
-7.55879
-7.54423
-7.52357
-7.50319
-7.48687
-7.47292
-7.46499
-7.4645
-7.47336
-7.49184
-7.50957
-7.52977
-7.54443
-7.5553
-7.56328
-7.56654
-7.56487
-7.56628
-7.56508
-7.56721
-7.57309
-7.58122
-7.58859
-7.59529
-7.59407
-7.58679
-7.57508
-7.5557
-7.53689
-7.51704
-7.49737
-7.47779
-7.46136
-7.44351
-7.42975
-7.42194
-7.42063
-7.42562
-7.43275
-7.43901
-7.44348
-7.44556
-7.44686
-7.44315
-7.43829
-7.43076
-7.42747
-7.42522
-7.42672
-7.43324
-7.44926
-7.47136
-7.50126
-7.5352
-7.56816
-7.60345
-7.63328
-7.65872
-7.67387
-7.68152
-7.67625
-7.6602
-7.63553
-7.60234
-7.56772
-7.53288
-7.50244
-7.47686
-7.46203
-7.45605
-7.45851
-7.46825
-7.47625
-7.48031
-7.48327
-7.48358
-7.47944
-7.47773
-7.47826
-7.48721
-7.50167
-7.51889
-7.53839
-7.55329
-7.56308
-7.56885
-7.56861
-7.56318
-7.55923
-7.55976
-7.56635
-7.579
-7.5947
-7.61145
-7.62624
-7.6394
-7.64541
-7.64482
-7.637
-7.62614
-7.60814
-7.58546
-7.5629
-7.54069
-7.51708
-7.49263
-7.47031
-7.44679
-7.42806
-7.40692
-7.39978
-7.39798
-7.403
-7.41402
-7.42844
-7.44331
-7.45956
-7.47557
-7.48783
-7.49985
-7.50926
-7.51754
-7.52386
-7.52456
-7.52405
-7.52241
-7.51699
-7.51169
-7.50889
-7.50859
-7.51276
-7.5207
-7.53579
-7.55744
-7.58148
-7.60144
-7.61894
-7.63053
-7.63454
-7.62563
-7.60658
-7.57494
-7.53617
-7.49329
-7.4526
-7.42426
-7.40933
-7.40735
-7.41784
-7.44188
-7.47223
-7.50362
-7.53746
-7.5614
-7.58282
-7.59322
-7.59784
-7.59504
-7.58424
-7.56794
-7.54818
-7.52787
-7.50854
-7.49137
-7.47745
-7.47084
-7.467
-7.46324
-7.46085
-7.4614
-7.46578
-7.47406
-7.48336
-7.49813
-7.51166
-7.52464
-7.53474
-7.5402
-7.53762
-7.5314
-7.51851
-7.50618
-7.4909
-7.48025
-7.47477
-7.47293
-7.478
-7.48488
-7.49496
-7.50475
-7.51445
-7.52155
-7.53195
-7.5472
-7.56283
-7.57987
-7.59423
-7.60189
-7.6079
-7.60885
-7.60284
-7.59741
-7.59072
-7.58157
-7.57055
-7.55478
-7.53176
-7.50711
-7.48224
-7.46009
-7.44196
-7.43146
-7.42747
-7.42575
-7.42908
-7.43414
-7.43634
-7.4382
-7.435
-7.42931
-7.42387
-7.41841
-7.41384
-7.4121
-7.41231
-7.41541
-7.42158
-7.42923
-7.44215
-7.45982
-7.48223
-7.50742
-7.53817
-7.56837
-7.59543
-7.61916
-7.63356
-7.63871
-7.63226
-7.61656
-7.59569
-7.5687
-7.54015
-7.51027
-7.48536
-7.46595
-7.45464
-7.45593
-7.4698
-7.49412
-7.52701
-7.56548
-7.60121
-7.62839
-7.64448
-7.64574
-7.63375
-7.609
-7.57806
-7.54843
-7.51884
-7.49303
-7.47136
-7.46294
-7.463
-7.47129
-7.48847
-7.50865
-7.52643
-7.5393
-7.5397
-7.53324
-7.51992
-7.50076
-7.48437
-7.47519
-7.47569
-7.48564
-7.50677
-7.53462
-7.5667
-7.59533
-7.62078
-7.63834
-7.64283
-7.63599
-7.62098
-7.59823
-7.57442
-7.54666
-7.52058
-7.49693
-7.47529
-7.4574
-7.44254
-7.43117
-7.42626
-7.42866
-7.43759
-7.44972
-7.46606
-7.4795
-7.4898
-7.49388
-7.49577
-7.49156
-7.48757
-7.48157
-7.4765
-7.47734
-7.48311
-7.49257
-7.50498
-7.52258
-7.54326
-7.56629
-7.59228
-7.61718
-7.63995
-7.65844
-7.66774
-7.66968
-7.65976
-7.64042
-7.61337
-7.57794
-7.54164
-7.50884
-7.48265
-7.46682
-7.46464
-7.473
-7.49014
-7.51063
-7.52542
-7.5335
-7.53245
-7.51849
-7.49419
-7.45795
-7.41943
-7.38404
-7.3658
-7.371
-7.39568
-7.43483
-7.48097
-7.53092
-7.58201
-7.62476
-7.65881
-7.684
-7.6985
-7.70001
-7.69184
-7.6737
-7.6502
-7.62315
-7.59644
-7.56676
-7.53544
-7.5063
-7.47867
-7.45568
-7.43212
-7.41233
-7.39642
-7.38959
-7.39145
-7.40374
-7.42246
-7.44246
-7.45975
-7.4734
-7.48224
-7.48983
-7.49607
-7.5043
-7.51629
-7.53227
-7.5501
-7.56597
-7.57594
-7.5816
-7.57969
-7.57924
-7.57777
-7.57873
-7.58198
-7.58988
-7.60173
-7.61172
-7.61989
-7.62323
-7.62072
-7.61153
-7.59183
-7.56303
-7.52628
-7.48748
-7.44593
-7.41095
-7.38387
-7.36619
-7.36068
-7.36373
-7.37386
-7.38879
-7.40626
-7.42518
-7.44478
-7.47068
-7.49617
-7.52643
-7.55976
-7.58977
-7.61836
-7.63657
-7.6463
-7.64699
-7.64016
-7.62911
-7.61471
-7.60193
-7.59014
-7.58046
-7.57353
-7.57021
-7.56804
-7.56802
-7.57279
-7.57704
-7.58141
-7.5853
-7.5857
-7.58229
-7.57548
-7.56342
-7.54841
-7.53163
-7.51099
-7.48878
-7.46476
-7.43884
-7.41706
-7.40487
-7.40544
-7.41062
-7.42076
-7.43493
-7.44906
-7.46226
-7.4751
-7.48383
-7.49284
-7.50393
-7.51182
-7.52002
-7.52835
-7.5355
-7.53803
-7.5375
-7.53271
-7.5253
-7.51173
-7.49466
-7.47636
-7.45892
-7.44439
-7.43656
-7.43977
-7.45098
-7.46807
-7.49214
-7.51687
-7.53965
-7.56207
-7.57423
-7.58008
-7.57114
-7.55468
-7.5311
-7.50431
-7.48495
-7.47406
-7.47223
-7.47841
-7.48994
-7.50227
-7.51456
-7.52578
-7.5412
-7.55846
-7.58003
-7.60081
-7.61961
-7.63291
-7.63866
-7.6374
-7.62867
-7.61537
-7.60035
-7.58507
-7.57046
-7.55932
-7.55345
-7.55163
-7.55277
-7.55464
-7.55995
-7.56037
-7.55988
-7.55653
-7.54987
-7.53758
-7.52172
-7.50397
-7.48259
-7.46147
-7.44218
-7.42779
-7.42421
-7.42739
-7.43976
-7.45693
-7.47716
-7.49686
-7.51806
-7.53833
-7.55436
-7.56912
-7.5761
-7.57801
-7.5737
-7.56968
-7.56335
-7.55366
-7.54163
-7.52722
-7.51774
-7.51155
-7.5114
-7.51897
-7.53324
-7.55224
-7.56803
-7.57959
-7.58499
-7.58088
-7.57175
-7.55475
-7.53572
-7.51441
-7.49529
-7.4788
-7.46769
-7.46534
-7.46861
-7.47938
-7.49709
-7.51657
-7.53799
-7.56258
-7.58261
-7.60235
-7.61489
-7.61985
-7.61892
-7.61072
-7.59579
-7.57453
-7.55206
-7.53025
-7.50566
-7.48574
-7.46984
-7.45656
-7.45061
-7.44386
-7.44097
-7.43841
-7.4388
-7.44559
-7.45469
-7.46527
-7.47432
-7.48218
-7.48429
-7.48438
-7.4846
-7.48216
-7.48007
-7.48256
-7.48605
-7.49089
-7.50113
-7.5088
-7.52026
-7.52981
-7.53693
-7.53761
-7.53498
-7.53057
-7.52045
-7.50715
-7.49077
-7.47338
-7.45557
-7.44572
-7.44485
-7.45677
-7.48003
-7.51142
-7.54676
-7.583
-7.61315
-7.63837
-7.65006
-7.64806
-7.63571
-7.61506
-7.58597
-7.55869
-7.53381
-7.5118
-7.49607
-7.48998
-7.49024
-7.4973
-7.50372
-7.51193
-7.51455
-7.51277
-7.51047
-7.50441
-7.49956
-7.49512
-7.4919
-7.4936
-7.50012
-7.51041
-7.52187
-7.53075
-7.53337
-7.534
-7.52734
-7.51673
-7.50385
-7.49103
-7.48025
-7.47334
-7.47414
-7.48315
-7.49895
-7.51682
-7.53353
-7.54682
-7.54859
-7.54193
-7.52884
-7.51518
-7.50544
-7.49856
-7.49699
-7.49988
-7.5056
-7.51731
-7.52964
-7.54559
-7.55838
-7.57061
-7.58398
-7.59222
-7.59349
-7.58665
-7.57016
-7.54864
-7.52006
-7.49584
-7.47573
-7.46487
-7.46629
-7.4768
-7.49147
-7.50691
-7.5236
-7.53449
-7.53968
-7.5365
-7.52696
-7.51392
-7.50322
-7.50209
-7.50897
-7.52239
-7.53844
-7.55258
-7.56157
-7.56949
-7.57121
-7.5648
-7.55995
-7.55027
-7.53929
-7.52705
-7.52227
-7.52164
-7.52482
-7.53135
-7.54173
-7.54962
-7.55562
-7.55426
-7.54826
-7.53814
-7.52756
-7.51532
-7.50683
-7.50772
-7.51572
-7.53036
-7.54071
-7.54756
-7.5492
-7.54232
-7.5257
-7.5042
-7.4805
-7.45661
-7.43917
-7.43164
-7.43187
-7.44276
-7.45779
-7.47795
-7.49893
-7.5212
-7.53797
-7.55326
-7.55908
-7.56028
-7.55415
-7.54414
-7.52754
-7.5103
-7.49452
-7.47653
-7.46154
-7.45335
-7.44942
-7.45076
-7.45355
-7.45665
-7.45907
-7.45804
-7.45374
-7.44741
-7.43978
-7.43189
-7.42778
-7.42849
-7.43598
-7.44981
-7.47117
-7.49611
-7.52072
-7.5436
-7.56437
-7.58214
-7.59376
-7.60124
-7.60477
-7.60119
-7.59569
-7.58703
-7.57938
-7.56961
-7.56305
-7.55739
-7.54528
-7.52949
-7.51079
-7.48556
-7.46179
-7.44703
-7.44591
-7.45941
-7.48418
-7.51185
-7.54041
-7.56535
-7.58714
-7.6021
-7.61628
-7.62437
-7.62497
-7.61938
-7.60778
-7.59274
-7.56663
-7.53605
-7.50163
-7.4685
-7.44482
-7.43374
-7.43775
-7.45719
-7.48379
-7.51277
-7.5373
-7.55643
-7.56866
-7.57256
-7.57287
-7.57042
-7.56311
-7.55096
-7.53552
-7.51676
-7.49923
-7.48132
-7.46302
-7.44732
-7.43103
-7.41496
-7.4016
-7.39114
-7.38484
-7.38366
-7.38979
-7.40214
-7.42112
-7.44149
-7.46782
-7.49601
-7.52303
-7.54656
-7.56657
-7.58796
-7.60367
-7.61718
-7.6293
-7.63361
-7.63394
-7.6299
-7.61932
-7.601
-7.57951
-7.55364
-7.52916
-7.51068
-7.49719
-7.49294
-7.4948
-7.50097
-7.51168
-7.52783
-7.54346
-7.55525
-7.56433
-7.56457
-7.56241
-7.55443
-7.54032
-7.52217
-7.50116
-7.48031
-7.46266
-7.4512
-7.44507
-7.44364
-7.44749
-7.45385
-7.4587
-7.46459
-7.47356
-7.48632
-7.50432
-7.52378
-7.54662
-7.56648
-7.57696
-7.58459
-7.58304
-7.57288
-7.5532
-7.52651
-7.50165
-7.48385
-7.46916
-7.46268
-7.46257
-7.46919
-7.477
-7.48748
-7.50466
-7.52652
-7.54955
-7.571
-7.58642
-7.5998
-7.61049
-7.61809
-7.62224
-7.62175
-7.61932
-7.61473
-7.61033
-7.59832
-7.58384
-7.56584
-7.54417
-7.52105
-7.4977
-7.47737
-7.46293
-7.45735
-7.44965
-7.4513
-7.4551
-7.45854
-7.46321
-7.46738
-7.47072
-7.47438
-7.47992
-7.48958
-7.5035
-7.52288
-7.54104
-7.55549
-7.5683
-7.57521
-7.57417
-7.56997
-7.56124
-7.55239
-7.54379
-7.53813
-7.52931
-7.52514
-7.51807
-7.50886
-7.50046
-7.4847
-7.46712
-7.45086
-7.4384
-7.42956
-7.42739
-7.43159
-7.4433
-7.46133
-7.47971
-7.49835
-7.51249
-7.52293
-7.52779
-7.52994
-7.53177
-7.53468
-7.54186
-7.55123
-7.56233
-7.56969
-7.57768
-7.58313
-7.58117
-7.57702
-7.57264
-7.56573
-7.56143
-7.55527
-7.5505
-7.54487
-7.54007
-7.53079
-7.52187
-7.51189
-7.5017
-7.49481
-7.49241
-7.49348
-7.50379
-7.51737
-7.52968
-7.54357
-7.55609
-7.56359
-7.56734
-7.56578
-7.56049
-7.55428
-7.54526
-7.53941
-7.53343
-7.52576
-7.52001
-7.51315
-7.51071
-7.50952
-7.50926
-7.50813
-7.50825
-7.50665
-7.49955
-7.49303
-7.48371
-7.47979
-7.48114
-7.48699
-7.49796
-7.50816
-7.51757
-7.52159
-7.52298
-7.52061
-7.52039
-7.51679
-7.51322
-7.51446
-7.51342
-7.51247
-7.51441
-7.52068
-7.52922
-7.54086
-7.55344
-7.5657
-7.57707
-7.58514
-7.59034
-7.59251
-7.58766
-7.57973
-7.57049
-7.56086
-7.55185
-7.54628
-7.54534
-7.54764
-7.54499
-7.54103
-7.53072
-7.51756
-7.50089
-7.48504
-7.47208
-7.46659
-7.47019
-7.47962
-7.49474
-7.50871
-7.52253
-7.53349
-7.53885
-7.53987
-7.53635
-7.52916
-7.51931
-7.50734
-7.49607
-7.49056
-7.48966
-7.49882
-7.5105
-7.52358
-7.53744
-7.55197
-7.56718
-7.58483
-7.60045
-7.61265
-7.61872
-7.61703
-7.60814
-7.59099
-7.56995
-7.54351
-7.51659
-7.49027
-7.46858
-7.45281
-7.44279
-7.44176
-7.44902
-7.45925
-7.47027
-7.4763
-7.48146
-7.48238
-7.48175
-7.48077
-7.48313
-7.4872
-7.49573
-7.50709
-7.52406
-7.5382
-7.55227
-7.56194
-7.5669
-7.56594
-7.55879
-7.54825
-7.53282
-7.52087
-7.51077
-7.5022
-7.50084
-7.50512
-7.51362
-7.53091
-7.54919
-7.5719
-7.58913
-7.60327
-7.60813
-7.60336
-7.58808
-7.56521
-7.53728
-7.5051
-7.47537
-7.45338
-7.43908
-7.43046
-7.42825
-7.43305
-7.44048
-7.45421
-7.46934
-7.48473
-7.50202
-7.51737
-7.53262
-7.54213
-7.54584
-7.54814
-7.5464
-7.54298
-7.54185
-7.54399
-7.5503
-7.55911
-7.56825
-7.57127
-7.56877
-7.56271
-7.54939
-7.53089
-7.51286
-7.50002
-7.49389
-7.48967
-7.49141
-7.49647
-7.4992
-7.50624
-7.51959
-7.53064
-7.54108
-7.54792
-7.55351
-7.5575
-7.56017
-7.55671
-7.55158
-7.5438
-7.53047
-7.51536
-7.49839
-7.48025
-7.46534
-7.45726
-7.4524
-7.45543
-7.46381
-7.47401
-7.48813
-7.50321
-7.51811
-7.53232
-7.54436
-7.55632
-7.56431
-7.56716
-7.56762
-7.56844
-7.56945
-7.56553
-7.56291
-7.55558
-7.54612
-7.53643
-7.52365
-7.50999
-7.49716
-7.48692
-7.47759
-7.47212
-7.46879
-7.47115
-7.47593
-7.48253
-7.48805
-7.49451
-7.50358
-7.51305
-7.52331
-7.5366
-7.54937
-7.56269
-7.57538
-7.58464
-7.58982
-7.58766
-7.58424
-7.57834
-7.56932
-7.55817
-7.54855
-7.53804
-7.52778
-7.51754
-7.50625
-7.49441
-7.48274
-7.47556
-7.47472
-7.47934
-7.4876
-7.50083
-7.51549
-7.52858
-7.53866
-7.53908
-7.53419
-7.51849
-7.49719
-7.46925
-7.43665
-7.4038
-7.3731
-7.35045
-7.33875
-7.34527
-7.36796
-7.4066
-7.45718
-7.5132
-7.56696
-7.61431
-7.65058
-7.67519
-7.68403
-7.678
-7.6568
-7.62992
-7.59659
-7.56655
-7.54695
-7.5359
-7.5364
-7.54726
-7.56288
-7.58183
-7.60536
-7.62077
-7.63112
-7.6315
-7.61976
-7.59411
-7.55847
-7.51453
-7.46455
-7.4182
-7.38448
-7.36415
-7.36063
-7.3741
-7.39889
-7.4287
-7.45766
-7.48441
-7.50787
-7.52807
-7.54294
-7.55553
-7.5649
-7.57189
-7.57148
-7.57151
-7.57065
-7.56964
-7.5744
-7.58101
-7.59365
-7.60393
-7.60895
-7.60776
-7.59552
-7.57725
-7.55798
-7.53567
-7.51604
-7.50386
-7.49794
-7.49938
-7.5043
-7.51616
-7.5287
-7.54243
-7.55421
-7.56361
-7.57077
-7.5682
-7.55578
-7.53226
-7.49849
-7.45631
-7.41642
-7.38298
-7.36686
-7.36899
-7.39181
-7.42785
-7.47198
-7.51925
-7.56423
-7.60717
-7.64075
-7.66195
-7.67326
-7.67314
-7.66295
-7.64307
-7.61593
-7.58597
-7.55862
-7.53817
-7.52456
-7.52322
-7.53043
-7.54036
-7.54797
-7.55316
-7.55064
-7.54052
-7.51771
-7.48762
-7.457
-7.42825
-7.40154
-7.38688
-7.38072
-7.38519
-7.3979
-7.41504
-7.43521
-7.45293
-7.46786
-7.47803
-7.4805
-7.4811
-7.47934
-7.47482
-7.47029
-7.46518
-7.46213
-7.46322
-7.46673
-7.47675
-7.49451
-7.51673
-7.54379
-7.57126
-7.59469
-7.6151
-7.62759
-7.63153
-7.62707
-7.61063
-7.58491
-7.55472
-7.52085
-7.49456
-7.47077
-7.45643
-7.45121
-7.45304
-7.468
-7.4941
-7.52376
-7.56147
-7.59817
-7.63029
-7.65229
-7.66261
-7.65748
-7.64235
-7.61433
-7.57932
-7.5517
-7.52345
-7.49992
-7.47813
-7.45569
-7.42981
-7.40222
-7.38338
-7.37519
-7.3856
-7.41025
-7.4397
-7.47193
-7.49982
-7.52879
-7.55559
-7.58404
-7.60505
-7.62311
-7.6364
-7.64267
-7.64602
-7.63971
-7.62762
-7.60994
-7.59171
-7.57011
-7.54843
-7.52774
-7.5101
-7.49192
-7.47662
-7.4685
-7.46189
-7.45891
-7.4658
-7.47833
-7.49603
-7.51488
-7.53211
-7.54853
-7.55988
-7.56433
-7.56543
-7.56042
-7.55346
-7.54514
-7.53586
-7.53188
-7.53007
-7.53081
-7.53369
-7.53564
-7.53801
-7.53706
-7.53484
-7.53475
-7.53512
-7.53526
-7.53461
-7.53668
-7.53949
-7.54121
-7.53953
-7.53395
-7.52225
-7.50556
-7.48151
-7.45988
-7.44
-7.42431
-7.41665
-7.41759
-7.42749
-7.43969
-7.45468
-7.47059
-7.48069
-7.48675
-7.48592
-7.47845
-7.46575
-7.45152
-7.43835
-7.43403
-7.44023
-7.45405
-7.47499
-7.49446
-7.51297
-7.52608
-7.53356
-7.5329
-7.52882
-7.51802
-7.50805
-7.49746
-7.49301
-7.49133
-7.49468
-7.50455
-7.51515
-7.53011
-7.54617
-7.56166
-7.57748
-7.59185
-7.60496
-7.61523
-7.62809
-7.63755
-7.64627
-7.64914
-7.64033
-7.62414
-7.60038
-7.56751
-7.53161
-7.49597
-7.46107
-7.43345
-7.41502
-7.40608
-7.40239
-7.40738
-7.41457
-7.42651
-7.44059
-7.45426
-7.46468
-7.47753
-7.48736
-7.49748
-7.50883
-7.52577
-7.54436
-7.56298
-7.58242
-7.60043
-7.6177
-7.62626
-7.63004
-7.63346
-7.63399
-7.62794
-7.61786
-7.59722
-7.5691
-7.53249
-7.49731
-7.4666
-7.43718
-7.41344
-7.40118
-7.39626
-7.39901
-7.40898
-7.42877
-7.45319
-7.48324
-7.51243
-7.53361
-7.54509
-7.54627
-7.53853
-7.5256
-7.51271
-7.5021
-7.49585
-7.49669
-7.49734
-7.49804
-7.49854
-7.49819
-7.50063
-7.50462
-7.51477
-7.52653
-7.54174
-7.55934
-7.57843
-7.59947
-7.61415
-7.62188
-7.62446
-7.61984
-7.60832
-7.58511
-7.56216
-7.5357
-7.51144
-7.493
-7.4769
-7.46522
-7.45927
-7.46033
-7.46308
-7.46554
-7.47262
-7.47615
-7.47688
-7.48026
-7.47942
-7.47883
-7.48061
-7.48736
-7.4995
-7.51073
-7.5244
-7.53505
-7.54323
-7.54803
-7.549
-7.54564
-7.53981
-7.52876
-7.51823
-7.50728
-7.49837
-7.49686
-7.50212
-7.51404
-7.53592
-7.56338
-7.59256
-7.61939
-7.63641
-7.64313
-7.64044
-7.62591
-7.60494
-7.57833
-7.54859
-7.52096
-7.4941
-7.47273
-7.45424
-7.44497
-7.44675
-7.4584
-7.47737
-7.5012
-7.52617
-7.55018
-7.56929
-7.58132
-7.59033
-7.59228
-7.58724
-7.57792
-7.56377
-7.54604
-7.52929
-7.51251
-7.49728
-7.4912
-7.48889
-7.49197
-7.4974
-7.50709
-7.51769
-7.52537
-7.52905
-7.52589
-7.51563
-7.50186
-7.48588
-7.47329
-7.46303
-7.45822
-7.45731
-7.46194
-7.46823
-7.4794
-7.49176
-7.50859
-7.52881
-7.54991
-7.57408
-7.59673
-7.61244
-7.62467
-7.62942
-7.62726
-7.61845
-7.60709
-7.59468
-7.58719
-7.58286
-7.58025
-7.58233
-7.58437
-7.58691
-7.58587
-7.58241
-7.57359
-7.56072
-7.54639
-7.52729
-7.50453
-7.48036
-7.45745
-7.44446
-7.4445
-7.44982
-7.46042
-7.46518
-7.46703
-7.46427
-7.4644
-7.46849
-7.47805
-7.49637
-7.51496
-7.5309
-7.54193
-7.54639
-7.5435
-7.53535
-7.52744
-7.52206
-7.52431
-7.53375
-7.54975
-7.56144
-7.56766
-7.56188
-7.54949
-7.52724
-7.501
-7.48167
-7.46816
-7.46166
-7.46155
-7.46821
-7.4747
-7.47677
-7.47778
-7.47702
-7.4767
-7.47754
-7.4841
-7.49375
-7.50433
-7.51584
-7.52789
-7.53894
-7.5521
-7.56597
-7.57511
-7.58365
-7.58755
-7.58523
-7.57812
-7.56773
-7.55445
-7.54478
-7.54047
-7.54464
-7.55172
-7.56004
-7.56997
-7.57951
-7.58352
-7.58557
-7.58253
-7.57737
-7.56747
-7.56053
-7.55284
-7.54308
-7.53606
-7.52971
-7.52398
-7.51875
-7.51387
-7.50436
-7.49595
-7.48572
-7.47544
-7.46847
-7.46205
-7.45822
-7.46054
-7.46792
-7.48016
-7.49256
-7.50801
-7.52203
-7.53018
-7.52958
-7.52366
-7.51325
-7.50055
-7.48455
-7.47373
-7.46874
-7.46998
-7.47678
-7.49038
-7.50761
-7.53024
-7.54591
-7.55863
-7.56538
-7.56394
-7.55401
-7.54124
-7.52675
-7.51376
-7.5036
-7.50016
-7.50362
-7.51492
-7.53395
-7.55859
-7.58343
-7.60223
-7.61638
-7.62079
-7.61345
-7.59667
-7.57038
-7.53799
-7.50428
-7.47315
-7.4463
-7.43209
-7.42884
-7.44239
-7.47282
-7.5142
-7.56109
-7.6094
-7.65317
-7.6856
-7.70301
-7.70324
-7.69033
-7.66571
-7.63245
-7.58955
-7.54662
-7.50722
-7.46986
-7.43774
-7.41627
-7.40523
-7.41062
-7.42604
-7.45096
-7.48297
-7.51731
-7.55002
-7.57901
-7.59907
-7.61221
-7.6161
-7.61043
-7.60409
-7.59248
-7.57236
-7.55074
-7.52755
-7.50181
-7.47883
-7.46066
-7.45242
-7.45091
-7.45832
-7.47033
-7.48462
-7.49458
-7.50038
-7.50554
-7.50822
-7.50988
-7.51451
-7.52526
-7.53861
-7.54938
-7.55679
-7.55864
-7.55477
-7.54478
-7.53109
-7.51754
-7.50258
-7.48908
-7.48069
-7.4741
-7.4717
-7.47433
-7.48247
-7.49392
-7.50984
-7.52702
-7.54139
-7.55178
-7.56046
-7.56724
-7.56705
-7.56579
-7.5633
-7.55464
-7.54368
-7.52847
-7.51448
-7.50023
-7.49078
-7.49
-7.49565
-7.50653
-7.52127
-7.54007
-7.55511
-7.56608
-7.5723
-7.56881
-7.55925
-7.54001
-7.51991
-7.49922
-7.48491
-7.47751
-7.47932
-7.49036
-7.50623
-7.52889
-7.54873
-7.56456
-7.57607
-7.58008
-7.57719
-7.57188
-7.56212
-7.55145
-7.54157
-7.53424
-7.52891
-7.5285
-7.5295
-7.53291
-7.53793
-7.5448
-7.55374
-7.56158
-7.56762
-7.57334
-7.57503
-7.5702
-7.55989
-7.54192
-7.52029
-7.49755
-7.47334
-7.4523
-7.44247
-7.43747
-7.43928
-7.44607
-7.4572
-7.46857
-7.47767
-7.48023
-7.48477
-7.48561
-7.48601
-7.4908
-7.49785
-7.51182
-7.53295
-7.56089
-7.59336
-7.62632
-7.65104
-7.66509
-7.67149
-7.66277
-7.6452
-7.61988
-7.58954
-7.55885
-7.53121
-7.50483
-7.48995
-7.48571
-7.48823
-7.50256
-7.52811
-7.55806
-7.58515
-7.60527
-7.61492
-7.61199
-7.59362
-7.5661
-7.53111
-7.50037
-7.47638
-7.45832
-7.45004
-7.44462
-7.44273
-7.44557
-7.44969
-7.45715
-7.46801
-7.4799
-7.49516
-7.51212
-7.52864
-7.54194
-7.55468
-7.56187
-7.56077
-7.55657
-7.54386
-7.53112
-7.52135
-7.51647
-7.52236
-7.5368
-7.55129
-7.56622
-7.57587
-7.57873
-7.56929
-7.55294
-7.52934
-7.49827
-7.46395
-7.43391
-7.40587
-7.38704
-7.37938
-7.38457
-7.40194
-7.43186
-7.46989
-7.51246
-7.55713
-7.59717
-7.62702
-7.64838
-7.65805
-7.65139
-7.63483
-7.60769
-7.57156
-7.53638
-7.50182
-7.46953
-7.44664
-7.43465
-7.43412
-7.44513
-7.46977
-7.49983
-7.53552
-7.56975
-7.59795
-7.61486
-7.61787
-7.61176
-7.59699
-7.5772
-7.55433
-7.53558
-7.51394
-7.4972
-7.48367
-7.47453
-7.47091
-7.46979
-7.47638
-7.48564
-7.50067
-7.51949
-7.54071
-7.55697
-7.56895
-7.57778
-7.57619
-7.57065
-7.56193
-7.54895
-7.53486
-7.51926
-7.50269
-7.48349
-7.46628
-7.44981
-7.43998
-7.43587
-7.43313
-7.43388
-7.43428
-7.43636
-7.43931
-7.44542
-7.45776
-7.47912
-7.51466
-7.55768
-7.60909
-7.66153
-7.70565
-7.74235
-7.76444
-7.77344
-7.76796
-7.7495
-7.71865
-7.67634
-7.62585
-7.57608
-7.52358
-7.4785
-7.44084
-7.41856
-7.40944
-7.41565
-7.43534
-7.46348
-7.49131
-7.51572
-7.53362
-7.53937
-7.53416
-7.51904
-7.49903
-7.47326
-7.44691
-7.42414
-7.41473
-7.41953
-7.43454
-7.45882
-7.48877
-7.51556
-7.54152
-7.56245
-7.57939
-7.593
-7.60359
-7.61526
-7.62964
-7.64387
-7.65723
-7.66687
-7.67257
-7.67081
-7.66048
-7.64716
-7.62519
-7.59763
-7.55992
-7.52122
-7.47436
-7.42544
-7.37979
-7.34152
-7.31391
-7.30227
-7.30927
-7.33641
-7.37808
-7.43085
-7.48652
-7.53862
-7.5841
-7.62332
-7.64797
-7.66185
-7.66558
-7.65983
-7.641
-7.61727
-7.58655
-7.55823
-7.5312
-7.51151
-7.49741
-7.49474
-7.5009
-7.51464
-7.53415
-7.55871
-7.58517
-7.60617
-7.61948
-7.62433
-7.6183
-7.60474
-7.58136
-7.55036
-7.5183
-7.48638
-7.4578
-7.44469
-7.44022
-7.44584
-7.45861
-7.4775
-7.49588
-7.51055
-7.52657
-7.53642
-7.53916
-7.53541
-7.52354
-7.51049
-7.49866
-7.49024
-7.48507
-7.48737
-7.49563
-7.50842
-7.52401
-7.54443
-7.56853
-7.59419
-7.61814
-7.63917
-7.65776
-7.66908
-7.67258
-7.6651
-7.64507
-7.6152
-7.58068
-7.53435
-7.48922
-7.45077
-7.42022
-7.40086
-7.39068
-7.39127
-7.40149
-7.4191
-7.43872
-7.45979
-7.48579
-7.51114
-7.53282
-7.5501
-7.55913
-7.55998
-7.55041
-7.53286
-7.51389
-7.49286
-7.47393
-7.45873
-7.45186
-7.4496
-7.45203
-7.45963
-7.46556
-7.47234
-7.48113
-7.48814
-7.49756
-7.51395
-7.53189
-7.55642
-7.58329
-7.6136
-7.63727
-7.65677
-7.66208
-7.65814
-7.64485
-7.62515
-7.59917
-7.57201
-7.5456
-7.52486
-7.51731
-7.52477
-7.54588
-7.57409
-7.60422
-7.63293
-7.65043
-7.65425
-7.64866
-7.63154
-7.6074
-7.57698
-7.54999
-7.52946
-7.52192
-7.51808
-7.51853
-7.51848
-7.51454
-7.4968
-7.47488
-7.44661
-7.42061
-7.40241
-7.3921
-7.38687
-7.39376
-7.4076
-7.42149
-7.43756
-7.45242
-7.46763
-7.48015
-7.4961
-7.51159
-7.53054
-7.55042
-7.57036
-7.59134
-7.6083
-7.62193
-7.6301
-7.62807
-7.62403
-7.61584
-7.60448
-7.59041
-7.57837
-7.5641
-7.55162
-7.53606
-7.51916
-7.49919
-7.47683
-7.45933
-7.44589
-7.4369
-7.43444
-7.43742
-7.44495
-7.46312
-7.48426
-7.51112
-7.5377
-7.56394
-7.58507
-7.59544
-7.60151
-7.60237
-7.60438
-7.60308
-7.60087
-7.59473
-7.5861
-7.57542
-7.56298
-7.55318
-7.55017
-7.55009
-7.55755
-7.56732
-7.57712
-7.58187
-7.57735
-7.56284
-7.54451
-7.52004
-7.49688
-7.47942
-7.46796
-7.46332
-7.46787
-7.48031
-7.49355
-7.50645
-7.51656
-7.52055
-7.51708
-7.51085
-7.50573
-7.50179
-7.50147
-7.50409
-7.51466
-7.5243
-7.53117
-7.53002
-7.52697
-7.51887
-7.51184
-7.5088
-7.50665
-7.50456
-7.50731
-7.51316
-7.51975
-7.5298
-7.53963
-7.5473
-7.55444
-7.55777
-7.55978
-7.56231
-7.56527
-7.5685
-7.57447
-7.57995
-7.58431
-7.58403
-7.58058
-7.57298
-7.55724
-7.53634
-7.51196
-7.48249
-7.4514
-7.42463
-7.40337
-7.3937
-7.38739
-7.38702
-7.39341
-7.40362
-7.4124
-7.42177
-7.43242
-7.44714
-7.4634
-7.48516
-7.51076
-7.53982
-7.56643
-7.58943
-7.60595
-7.61608
-7.61568
-7.60886
-7.60165
-7.59088
-7.57859
-7.56554
-7.55178
-7.53602
-7.52189
-7.50918
-7.49932
-7.49113
-7.48701
-7.4905
-7.49961
-7.51382
-7.53042
-7.5428
-7.55213
-7.55552
-7.55322
-7.54149
-7.5258
-7.50315
-7.48189
-7.46094
-7.44867
-7.44264
-7.44586
-7.45863
-7.47157
-7.48701
-7.50081
-7.51408
-7.52457
-7.53428
-7.54183
-7.5517
-7.55847
-7.56438
-7.57122
-7.57379
-7.57264
-7.5657
-7.55284
-7.53792
-7.52323
-7.50851
-7.50126
-7.4951
-7.49397
-7.4977
-7.50499
-7.51667
-7.53303
-7.54929
-7.56249
-7.57371
-7.57708
-7.57621
-7.56768
-7.55215
-7.53147
-7.51041
-7.49131
-7.47312
-7.4591
-7.44806
-7.44536
-7.44355
-7.45127
-7.46134
-7.47508
-7.49303
-7.50994
-7.52729
-7.54559
-7.56252
-7.5778
-7.59522
-7.6072
-7.61626
-7.61593
-7.61482
-7.60602
-7.59437
-7.58025
-7.56608
-7.5508
-7.53745
-7.52247
-7.5099
-7.49944
-7.49041
-7.48549
-7.48023
-7.47783
-7.47518
-7.4714
-7.46529
-7.45801
-7.45674
-7.46026
-7.47517
-7.50144
-7.53479
-7.56591
-7.59597
-7.61627
-7.62444
-7.62588
-7.6193
-7.61125
-7.59988
-7.58897
-7.58171
-7.56868
-7.56594
-7.55912
-7.55468
-7.54704
-7.54409
-7.53846
-7.53263
-7.52276
-7.50506
-7.48434
-7.46245
-7.44523
-7.43851
-7.43684
-7.44383
-7.45498
-7.46815
-7.47885
-7.4836
-7.48149
-7.4707
-7.4592
-7.44662
-7.43672
-7.43053
-7.43263
-7.43794
-7.45003
-7.46483
-7.48096
-7.49786
-7.51253
-7.52841
-7.53978
-7.54638
-7.5484
-7.54907
-7.54789
-7.54814
-7.54592
-7.54332
-7.53566
-7.52864
-7.51718
-7.50312
-7.49119
-7.48
-7.47104
-7.469
-7.47252
-7.48431
-7.50086
-7.52499
-7.54933
-7.57206
-7.59338
-7.6066
-7.61291
-7.61726
-7.61037
-7.59447
-7.57073
-7.54102
-7.50793
-7.47553
-7.44869
-7.43262
-7.42769
-7.43511
-7.45328
-7.48059
-7.51277
-7.54651
-7.57597
-7.59981
-7.61326
-7.61947
-7.61433
-7.60212
-7.58338
-7.56053
-7.53937
-7.51758
-7.50413
-7.49676
-7.49568
-7.49517
-7.50087
-7.51071
-7.52444
-7.54111
-7.55722
-7.5721
-7.57752
-7.57631
-7.56909
-7.55263
-7.53157
-7.50862
-7.49036
-7.47444
-7.4681
-7.46832
-7.47736
-7.49418
-7.51598
-7.54404
-7.57544
-7.59859
-7.61683
-7.62191
-7.61696
-7.60334
-7.58372
-7.5646
-7.55056
-7.53847
-7.52731
-7.51344
-7.49884
-7.48336
-7.46683
-7.45639
-7.44798
-7.44511
-7.44674
-7.44883
-7.45476
-7.45671
-7.46323
-7.47082
-7.47817
-7.48489
-7.48796
-7.4904
-7.49147
-7.49065
-7.49366
-7.49642
-7.50071
-7.51084
-7.51916
-7.52622
-7.5364
-7.54852
-7.55752
-7.56281
-7.56528
-7.56736
-7.56323
-7.55733
-7.55396
-7.54965
-7.55048
-7.55249
-7.55563
-7.55695
-7.55873
-7.55804
-7.55799
-7.55874
-7.56058
-7.56271
-7.56224
-7.56216
-7.55957
-7.55484
-7.55107
-7.54567
-7.54146
-7.53763
-7.53369
-7.52854
-7.52269
-7.52067
-7.52258
-7.52423
-7.52913
-7.53321
-7.53008
-7.52899
-7.52269
-7.5131
-7.50167
-7.48838
-7.47598
-7.46174
-7.44785
-7.43775
-7.43149
-7.42551
-7.42749
-7.43717
-7.4494
-7.46725
-7.48461
-7.5016
-7.51597
-7.52372
-7.52468
-7.52109
-7.51391
-7.50317
-7.49393
-7.48865
-7.48928
-7.49133
-7.49464
-7.49567
-7.49697
-7.49493
-7.49148
-7.48746
-7.48265
-7.48069
-7.4813
-7.48623
-7.49637
-7.50899
-7.52574
-7.54547
-7.56637
-7.58559
-7.6027
-7.61873
-7.63137
-7.63835
-7.63862
-7.63057
-7.61849
-7.59532
-7.56992
-7.54088
-7.50964
-7.48193
-7.45688
-7.43812
-7.42639
-7.42455
-7.42639
-7.43264
-7.44239
-7.45142
-7.46164
-7.47198
-7.48802
-7.50747
-7.52792
-7.54734
-7.56129
-7.57009
-7.56918
-7.55963
-7.5449
-7.52936
-7.51279
-7.49955
-7.49222
-7.48747
-7.48901
-7.49197
-7.50065
-7.51224
-7.52555
-7.53817
-7.55232
-7.56723
-7.58196
-7.59412
-7.60825
-7.61855
-7.62384
-7.62146
-7.60986
-7.58918
-7.56306
-7.53441
-7.51032
-7.48637
-7.46521
-7.44993
-7.44443
-7.44615
-7.46365
-7.48958
-7.51949
-7.54754
-7.57241
-7.58816
-7.59518
-7.59286
-7.58499
-7.57598
-7.56832
-7.56254
-7.55737
-7.54944
-7.53772
-7.52346
-7.50976
-7.4975
-7.48461
-7.47655
-7.46746
-7.4615
-7.45757
-7.45712
-7.45914
-7.46571
-7.47604
-7.49081
-7.50757
-7.52789
-7.54795
-7.56187
-7.56986
-7.57335
-7.56871
-7.5628
-7.55361
-7.53774
-7.52223
-7.50386
-7.48833
-7.47413
-7.46087
-7.45132
-7.44708
-7.44496
-7.44931
-7.46357
-7.48061
-7.49898
-7.5157
-7.52769
-7.5345
-7.53488
-7.5303
-7.52795
-7.52554
-7.52825
-7.53893
-7.55663
-7.57492
-7.59181
-7.60643
-7.61491
-7.61267
-7.60617
-7.59313
-7.57234
-7.55025
-7.52891
-7.51032
-7.49484
-7.49512
-7.50305
-7.51256
-7.52553
-7.53815
-7.54613
-7.55113
-7.54996
-7.54664
-7.54698
-7.54368
-7.54527
-7.54413
-7.54135
-7.53705
-7.53832
-7.54009
-7.54754
-7.55391
-7.55746
-7.55911
-7.55296
-7.54289
-7.52799
-7.51271
-7.50091
-7.4971
-7.49953
-7.50816
-7.51951
-7.53182
-7.54356
-7.54593
-7.54619
-7.54429
-7.53035
-7.5122
-7.48896
-7.46211
-7.43778
-7.42359
-7.41885
-7.42329
-7.43796
-7.45913
-7.48287
-7.50678
-7.52849
-7.54686
-7.55987
-7.5703
-7.57163
-7.56251
-7.54468
-7.5183
-7.49244
-7.46549
-7.43986
-7.42141
-7.41092
-7.41338
-7.42767
-7.45023
-7.47957
-7.51171
-7.54521
-7.57427
-7.59237
-7.60083
-7.6017
-7.59562
-7.58284
-7.56448
-7.54537
-7.53056
-7.52277
-7.52263
-7.52985
-7.54233
-7.56106
-7.5832
-7.60428
-7.62096
-7.63518
-7.64208
-7.64297
-7.6379
-7.62719
-7.609
-7.58949
-7.56484
-7.53647
-7.5064
-7.4759
-7.44459
-7.42132
-7.40805
-7.40549
-7.41224
-7.42824
-7.44942
-7.47397
-7.49884
-7.51863
-7.53155
-7.53563
-7.52881
-7.51501
-7.49773
-7.48025
-7.46298
-7.45292
-7.44909
-7.44696
-7.44832
-7.45079
-7.45711
-7.46253
-7.47297
-7.487
-7.50456
-7.5272
-7.55493
-7.58306
-7.60434
-7.62251
-7.63509
-7.63598
-7.62423
-7.60364
-7.57475
-7.54507
-7.51463
-7.49039
-7.47534
-7.47389
-7.47995
-7.49361
-7.51362
-7.53017
-7.54865
-7.56137
-7.57475
-7.58134
-7.58656
-7.58852
-7.58646
-7.57604
-7.56208
-7.54448
-7.52551
-7.50348
-7.48104
-7.46349
-7.45232
-7.44898
-7.4554
-7.47104
-7.48857
-7.50654
-7.52353
-7.54086
-7.55141
-7.55953
-7.56409
-7.5635
-7.56044
-7.55296
-7.54181
-7.53239
-7.52253
-7.51138
-7.5017
-7.49185
-7.48239
-7.47254
-7.45792
-7.44361
-7.43616
-7.43432
-7.44002
-7.45269
-7.46577
-7.48241
-7.49611
-7.51219
-7.5312
-7.55105
-7.57279
-7.5951
-7.61772
-7.63716
-7.65121
-7.66132
-7.66132
-7.65712
-7.64386
-7.62252
-7.59965
-7.57665
-7.55569
-7.54306
-7.53376
-7.52192
-7.5168
-7.5144
-7.51135
-7.51025
-7.50509
-7.50041
-7.48932
-7.47308
-7.45461
-7.43577
-7.426
-7.42738
-7.44419
-7.46857
-7.50075
-7.52739
-7.54755
-7.5603
-7.5621
-7.55789
-7.55318
-7.54533
-7.53751
-7.53383
-7.53488
-7.5417
-7.54806
-7.5555
-7.56186
-7.56829
-7.56629
-7.56376
-7.55444
-7.5441
-7.53521
-7.53057
-7.52822
-7.52857
-7.53254
-7.53363
-7.53533
-7.53052
-7.5258
-7.51408
-7.49809
-7.48
-7.46345
-7.44844
-7.43892
-7.43751
-7.4432
-7.4536
-7.47248
-7.48782
-7.5039
-7.51892
-7.52841
-7.53299
-7.53465
-7.53292
-7.52817
-7.52279
-7.51485
-7.50795
-7.50608
-7.50556
-7.51013
-7.51662
-7.52706
-7.5376
-7.552
-7.56584
-7.57773
-7.59021
-7.60686
-7.6176
-7.62738
-7.63157
-7.62974
-7.61895
-7.60399
-7.58612
-7.57003
-7.55404
-7.54095
-7.52845
-7.51533
-7.50533
-7.49629
-7.48428
-7.47186
-7.45561
-7.43888
-7.42276
-7.40794
-7.39698
-7.38907
-7.38584
-7.38741
-7.39454
-7.40572
-7.42165
-7.44084
-7.46259
-7.48645
-7.51047
-7.53342
-7.55104
-7.56769
-7.586
-7.60278
-7.61757
-7.63299
-7.64361
-7.64816
-7.64479
-7.63534
-7.61522
-7.59623
-7.57495
-7.55647
-7.53558
-7.51822
-7.50134
-7.48577
-7.47045
-7.45821
-7.44718
-7.43782
-7.43465
-7.43561
-7.43827
-7.44169
-7.43945
-7.43578
-7.42587
-7.41861
-7.41674
-7.42495
-7.443
-7.46991
-7.50008
-7.53077
-7.55986
-7.58232
-7.60134
-7.61273
-7.62024
-7.62187
-7.6203
-7.61182
-7.60168
-7.58987
-7.57602
-7.5653
-7.55965
-7.55872
-7.56133
-7.56557
-7.56959
-7.57386
-7.57621
-7.57784
-7.57488
-7.57187
-7.56295
-7.55199
-7.5391
-7.52406
-7.51037
-7.49494
-7.4799
-7.46536
-7.45093
-7.43949
-7.42726
-7.42373
-7.41839
-7.42155
-7.42581
-7.43388
-7.4456
-7.46204
-7.48019
-7.50073
-7.52158
-7.53943
-7.56026
-7.57289
-7.58571
-7.59275
-7.59234
-7.58632
-7.57477
-7.55432
-7.53168
-7.50886
-7.49109
-7.47519
-7.46844
-7.47048
-7.47937
-7.49105
-7.50377
-7.51722
-7.5305
-7.53801
-7.5436
-7.54387
-7.54573
-7.54466
-7.53744
-7.53023
-7.52903
-7.53051
-7.5332
-7.53332
-7.5318
-7.52922
-7.52449
-7.51632
-7.5037
-7.49222
-7.48044
-7.47307
-7.47209
-7.48191
-7.4989
-7.52222
-7.54919
-7.57375
-7.59299
-7.60414
-7.61002
-7.60614
-7.59752
-7.58629
-7.57434
-7.56437
-7.554
-7.54241
-7.52965
-7.51701
-7.50594
-7.49876
-7.49399
-7.49347
-7.49291
-7.49182
-7.48972
-7.4812
-7.4691
-7.4514
-7.43778
-7.42526
-7.42395
-7.4298
-7.43623
-7.44624
-7.45753
-7.47214
-7.48529
-7.50153
-7.51859
-7.53661
-7.55999
-7.58497
-7.61212
-7.6366
-7.65382
-7.66571
-7.66663
-7.65586
-7.63371
-7.60438
-7.57127
-7.53976
-7.51735
-7.50032
-7.49073
-7.48765
-7.48747
-7.48677
-7.48354
-7.47696
-7.46802
-7.45876
-7.45147
-7.44842
-7.45011
-7.45548
-7.46608
-7.47957
-7.49507
-7.50516
-7.51514
-7.52022
-7.52388
-7.52824
-7.5319
-7.536
-7.5373
-7.5387
-7.53828
-7.53915
-7.54457
-7.55422
-7.56691
-7.5824
-7.59542
-7.60941
-7.61912
-7.62322
-7.62413
-7.61975
-7.61364
-7.60597
-7.5983
-7.59
-7.57989
-7.56679
-7.55694
-7.54106
-7.52538
-7.50783
-7.49502
-7.48354
-7.47423
-7.46567
-7.45963
-7.45401
-7.44949
-7.44516
-7.44001
-7.43929
-7.44219
-7.44719
-7.45471
-7.46197
-7.47169
-7.48153
-7.49274
-7.5044
-7.5111
-7.51614
-7.51706
-7.51619
-7.51241
-7.50645
-7.50099
-7.49681
-7.49438
-7.49121
-7.49069
-7.49571
-7.50378
-7.51173
-7.5223
-7.53322
-7.54628
-7.56039
-7.56833
-7.5777
-7.58124
-7.58296
-7.57855
-7.57706
-7.57928
-7.57679
-7.57224
-7.56312
-7.54812
-7.53355
-7.51813
-7.50403
-7.49673
-7.49369
-7.49519
-7.50016
-7.50905
-7.51958
-7.52679
-7.52938
-7.5227
-7.51373
-7.49866
-7.48263
-7.46401
-7.44612
-7.43106
-7.42109
-7.4154
-7.41686
-7.42441
-7.44116
-7.46331
-7.49202
-7.52177
-7.5493
-7.57476
-7.59261
-7.60337
-7.60895
-7.6095
-7.60711
-7.6045
-7.6024
-7.60345
-7.60532
-7.60725
-7.60929
-7.60846
-7.60426
-7.59666
-7.59093
-7.58028
-7.57049
-7.55759
-7.54531
-7.53552
-7.52422
-7.51095
-7.4998
-7.48748
-7.47823
-7.46928
-7.45987
-7.45071
-7.44639
-7.43601
-7.42927
-7.42477
-7.42672
-7.43171
-7.44275
-7.46325
-7.49108
-7.51965
-7.55249
-7.57946
-7.59981
-7.60972
-7.61092
-7.59992
-7.58209
-7.56482
-7.55296
-7.5492
-7.55222
-7.55684
-7.56075
-7.55826
-7.54839
-7.53649
-7.5207
-7.50496
-7.48871
-7.47008
-7.45024
-7.42965
-7.41177
-7.39932
-7.39454
-7.40173
-7.41423
-7.42868
-7.44172
-7.44898
-7.45167
-7.44729
-7.44332
-7.44013
-7.44237
-7.44968
-7.46238
-7.48598
-7.51673
-7.55877
-7.60277
-7.64722
-7.68558
-7.7191
-7.73928
-7.74348
-7.73292
-7.71112
-7.68248
-7.64853
-7.61195
-7.579
-7.55447
-7.53851
-7.53266
-7.53587
-7.54583
-7.55727
-7.5642
-7.56196
-7.5528
-7.5383
-7.51409
-7.48704
-7.45599
-7.4259
-7.398
-7.3757
-7.3612
-7.36012
-7.36842
-7.38325
-7.40794
-7.43304
-7.45808
-7.47749
-7.49267
-7.50189
-7.50866
-7.51499
-7.52285
-7.53574
-7.55364
-7.5726
-7.59167
-7.60582
-7.61032
-7.60927
-7.60079
-7.58449
-7.5696
-7.55513
-7.54599
-7.54068
-7.54145
-7.54771
-7.55943
-7.56971
-7.57373
-7.57227
-7.56222
-7.54993
-7.53381
-7.52203
-7.51149
-7.5038
-7.50019
-7.49936
-7.50163
-7.5062
-7.51336
-7.52293
-7.53642
-7.54982
-7.5646
-7.57614
-7.58547
-7.58899
-7.58825
-7.5843
-7.57703
-7.56851
-7.55885
-7.55061
-7.54759
-7.54682
-7.54584
-7.54571
-7.54926
-7.55387
-7.55645
-7.56038
-7.56256
-7.56078
-7.55367
-7.54138
-7.52568
-7.50702
-7.4856
-7.46345
-7.44165
-7.42101
-7.40698
-7.39961
-7.40184
-7.40898
-7.42063
-7.43333
-7.45026
-7.46818
-7.4829
-7.49512
-7.50387
-7.50842
-7.50926
-7.5086
-7.50951
-7.5116
-7.51374
-7.52201
-7.53335
-7.5442
-7.55336
-7.56379
-7.57105
-7.57743
-7.58161
-7.58877
-7.59453
-7.59926
-7.59461
-7.58602
-7.56806
-7.54588
-7.51949
-7.49303
-7.46837
-7.45431
-7.44754
-7.45153
-7.4642
-7.48583
-7.51077
-7.53756
-7.56171
-7.58102
-7.59884
-7.60607
-7.60805
-7.5992
-7.58314
-7.55799
-7.52902
-7.49617
-7.46351
-7.43578
-7.41299
-7.39796
-7.39357
-7.3961
-7.40597
-7.41681
-7.42971
-7.44207
-7.45273
-7.46439
-7.47732
-7.49078
-7.50479
-7.52018
-7.53453
-7.55068
-7.56549
-7.57955
-7.59082
-7.60093
-7.60656
-7.60979
-7.6069
-7.60271
-7.59548
-7.5802
-7.56392
-7.54756
-7.53121
-7.52015
-7.5128
-7.51054
-7.51181
-7.51666
-7.5264
-7.53459
-7.54604
-7.55387
-7.5555
-7.55366
-7.54864
-7.5379
-7.52519
-7.51424
-7.5056
-7.49985
-7.49654
-7.49358
-7.49187
-7.48798
-7.48847
-7.49082
-7.49503
-7.5026
-7.51159
-7.52182
-7.52812
-7.53455
-7.53584
-7.53585
-7.53718
-7.53707
-7.53354
-7.53087
-7.52967
-7.53191
-7.53331
-7.53651
-7.53918
-7.53976
-7.53313
-7.52165
-7.50227
-7.48087
-7.45632
-7.43293
-7.41837
-7.40563
-7.40513
-7.41357
-7.43246
-7.45514
-7.48087
-7.50504
-7.5244
-7.5398
-7.55197
-7.55959
-7.56905
-7.57737
-7.58858
-7.59897
-7.61535
-7.62853
-7.63654
-7.6411
-7.64421
-7.64076
-7.62956
-7.61452
-7.59601
-7.57612
-7.55282
-7.52705
-7.50539
-7.4862
-7.4686
-7.45768
-7.45322
-7.45552
-7.46516
-7.47981
-7.49906
-7.51694
-7.53727
-7.55617
-7.572
-7.58234
-7.58628
-7.58277
-7.57167
-7.55294
-7.52759
-7.50039
-7.4713
-7.43943
-7.41033
-7.38232
-7.3616
-7.34822
-7.34952
-7.36309
-7.39184
-7.42806
-7.46299
-7.4964
-7.52409
-7.54528
-7.55932
-7.5675
-7.57025
-7.56792
-7.56498
-7.55672
-7.54836
-7.54265
-7.5386
-7.53695
-7.53694
-7.53771
-7.53699
-7.53916
-7.54322
-7.54665
-7.54621
-7.54904
-7.54688
-7.54235
-7.5378
-7.52771
-7.51737
-7.51073
-7.50748
-7.51164
-7.52347
-7.54313
-7.5661
-7.59277
-7.61984
-7.64214
-7.65404
-7.65501
-7.64158
-7.61614
-7.57836
-7.53768
-7.49363
-7.45872
-7.436
-7.42713
-7.42982
-7.44118
-7.46109
-7.47962
-7.49828
-7.51702
-7.53283
-7.54877
-7.5594
-7.56708
-7.56588
-7.55784
-7.54732
-7.52814
-7.50895
-7.48894
-7.47344
-7.46303
-7.4613
-7.46607
-7.47938
-7.49777
-7.51875
-7.5372
-7.55036
-7.55764
-7.56168
-7.55819
-7.55334
-7.54677
-7.54254
-7.5401
-7.53861
-7.53774
-7.53292
-7.52781
-7.52346
-7.51849
-7.5151
-7.51257
-7.51017
-7.51371
-7.51876
-7.52512
-7.52557
-7.52458
-7.5242
-7.52088
-7.51585
-7.51235
-7.50934
-7.50977
-7.51032
-7.51427
-7.51902
-7.52455
-7.52461
-7.52139
-7.51453
-7.50394
-7.49018
-7.47799
-7.47112
-7.47008
-7.47379
-7.48316
-7.49476
-7.50795
-7.51688
-7.52236
-7.52329
-7.51606
-7.50698
-7.49576
-7.48107
-7.46798
-7.45985
-7.45189
-7.44983
-7.45437
-7.46105
-7.4759
-7.49503
-7.51709
-7.54009
-7.56571
-7.59101
-7.61702
-7.6364
-7.65047
-7.65705
-7.65217
-7.63591
-7.61127
-7.58054
-7.5446
-7.50999
-7.48253
-7.4675
-7.46092
-7.46648
-7.47717
-7.4927
-7.51209
-7.53217
-7.55415
-7.57483
-7.59398
-7.60929
-7.62043
-7.62083
-7.61647
-7.60494
-7.58409
-7.55918
-7.53011
-7.5023
-7.47493
-7.45488
-7.43684
-7.42572
-7.42109
-7.42193
-7.42604
-7.43443
-7.44541
-7.45711
-7.46747
-7.47672
-7.48283
-7.4852
-7.48357
-7.47975
-7.47714
-7.47263
-7.47031
-7.47365
-7.48032
-7.48868
-7.50057
-7.5152
-7.53287
-7.55748
-7.58417
-7.61165
-7.64065
-7.66827
-7.68929
-7.70541
-7.7151
-7.71598
-7.70687
-7.68869
-7.66441
-7.63291
-7.59912
-7.56498
-7.5314
-7.5051
-7.48103
-7.46498
-7.45507
-7.4547
-7.45824
-7.46181
-7.46365
-7.45812
-7.44419
-7.42309
-7.39628
-7.36709
-7.33808
-7.30591
-7.27625
-7.25473
-7.24602
-7.25371
-7.27781
-7.32022
-7.3741
-7.43612
-7.50016
-7.55894
-7.6143
-7.65807
-7.69544
-7.71808
-7.73081
-7.73139
-7.72
-7.69176
-7.65569
-7.61302
-7.56694
-7.52344
-7.48834
-7.46127
-7.44623
-7.44601
-7.4576
-7.47615
-7.50418
-7.53073
-7.55659
-7.57897
-7.59718
-7.61051
-7.62128
-7.62836
-7.63397
-7.63485
-7.63679
-7.62914
-7.61442
-7.59493
-7.57054
-7.54024
-7.51073
-7.48536
-7.47045
-7.46396
-7.46403
-7.47034
-7.47741
-7.48601
-7.49694
-7.50466
-7.51128
-7.51153
-7.50599
-7.49265
-7.47854
-7.46169
-7.44854
-7.44601
-7.44769
-7.45795
-7.47449
-7.48862
-7.50313
-7.51518
-7.52135
-7.52049
-7.51604
-7.51151
-7.50604
-7.51006
-7.51967
-7.53578
-7.55514
-7.56896
-7.57817
-7.58037
-7.58429
-7.58374
-7.57685
-7.57078
-7.5638
-7.55693
-7.54565
-7.5328
-7.5198
-7.50838
-7.49644
-7.4842
-7.47763
-7.47431
-7.47349
-7.47703
-7.48391
-7.49087
-7.49813
-7.50805
-7.51573
-7.52079
-7.52261
-7.52772
-7.52971
-7.53933
-7.55014
-7.56492
-7.58073
-7.59511
-7.6066
-7.61468
-7.61319
-7.60651
-7.59521
-7.58108
-7.56439
-7.54316
-7.51699
-7.48965
-7.46322
-7.44657
-7.43947
-7.44643
-7.46382
-7.49107
-7.5175
-7.54218
-7.55494
-7.55702
-7.55059
-7.53684
-7.51806
-7.49614
-7.47586
-7.46125
-7.4485
-7.4397
-7.43716
-7.44091
-7.4478
-7.45263
-7.45874
-7.46757
-7.47639
-7.48971
-7.50492
-7.52215
-7.5383
-7.55665
-7.57159
-7.58338
-7.59079
-7.59228
-7.58841
-7.58443
-7.57751
-7.56875
-7.55949
-7.55059
-7.53788
-7.52451
-7.51068
-7.49984
-7.49205
-7.49176
-7.49435
-7.49978
-7.50586
-7.51664
-7.52465
-7.52967
-7.53251
-7.53172
-7.53115
-7.53029
-7.52555
-7.52279
-7.51737
-7.51525
-7.51089
-7.5067
-7.50131
-7.49484
-7.48781
-7.48538
-7.48639
-7.48639
-7.49303
-7.50266
-7.51375
-7.52946
-7.54336
-7.56116
-7.57758
-7.59246
-7.60345
-7.60995
-7.6119
-7.61503
-7.61701
-7.61892
-7.61834
-7.61105
-7.59558
-7.57171
-7.5369
-7.49766
-7.4535
-7.41398
-7.37953
-7.35986
-7.35614
-7.36732
-7.3932
-7.42397
-7.45233
-7.47714
-7.49698
-7.5112
-7.51792
-7.51787
-7.51584
-7.5121
-7.50656
-7.50146
-7.49826
-7.49889
-7.49955
-7.50026
-7.5014
-7.50641
-7.51347
-7.52591
-7.54356
-7.56351
-7.58726
-7.60892
-7.62637
-7.63754
-7.64434
-7.64558
-7.64172
-7.63611
-7.62773
-7.62356
-7.61806
-7.61141
-7.60288
-7.59019
-7.57083
-7.54764
-7.51681
-7.48372
-7.45232
-7.43086
-7.42069
-7.4234
-7.43249
-7.44235
-7.45503
-7.46756
-7.48217
-7.50007
-7.5155
-7.53099
-7.54498
-7.55631
-7.56416
-7.566
-7.56406
-7.55647
-7.54886
-7.54159
-7.53646
-7.53681
-7.54508
-7.55362
-7.56337
-7.5679
-7.5675
-7.5639
-7.55646
-7.54555
-7.53211
-7.51624
-7.49706
-7.48103
-7.46562
-7.45122
-7.44229
-7.43476
-7.42906
-7.41689
-7.40998
-7.40733
-7.41266
-7.42617
-7.44959
-7.47798
-7.51214
-7.54629
-7.57904
-7.61009
-7.6355
-7.66157
-7.681
-7.6971
-7.70615
-7.70637
-7.69797
-7.67957
-7.64784
-7.61123
-7.57231
-7.53303
-7.49672
-7.46121
-7.43426
-7.41206
-7.39604
-7.38815
-7.38718
-7.39447
-7.41372
-7.43841
-7.4675
-7.49827
-7.52656
-7.55138
-7.57226
-7.58487
-7.58848
-7.58287
-7.5711
-7.55657
-7.54217
-7.52773
-7.51605
-7.5104
-7.50819
-7.51224
-7.52175
-7.53883
-7.55428
-7.56908
-7.58088
-7.58858
-7.59467
-7.60046
-7.60327
-7.6041
-7.5982
-7.58668
-7.57353
-7.56028
-7.54398
-7.52531
-7.50959
-7.49541
-7.48493
-7.4814
-7.48196
-7.48824
-7.49943
-7.51231
-7.52797
-7.53842
-7.54389
-7.54394
-7.53982
-7.53594
-7.53247
-7.53171
-7.53258
-7.53802
-7.54232
-7.54623
-7.55233
-7.55648
-7.55898
-7.55694
-7.55128
-7.54345
-7.53164
-7.51667
-7.4967
-7.47495
-7.45293
-7.42854
-7.40713
-7.38782
-7.37362
-7.3684
-7.3691
-7.37914
-7.39499
-7.41824
-7.44329
-7.47315
-7.50319
-7.53027
-7.55722
-7.57883
-7.59374
-7.60635
-7.61139
-7.61378
-7.61242
-7.60777
-7.60434
-7.59837
-7.5964
-7.59486
-7.59222
-7.58793
-7.58012
-7.56643
-7.54752
-7.5266
-7.50541
-7.48757
-7.47864
-7.48237
-7.49359
-7.51021
-7.52739
-7.54227
-7.5516
-7.55748
-7.55902
-7.55458
-7.54354
-7.52599
-7.50514
-7.48304
-7.46639
-7.45772
-7.45991
-7.47108
-7.49392
-7.52014
-7.5505
-7.57506
-7.59062
-7.60134
-7.60227
-7.59429
-7.58355
-7.56909
-7.55518
-7.54332
-7.53515
-7.52649
-7.51846
-7.51284
-7.50784
-7.50344
-7.50444
-7.50848
-7.51361
-7.51882
-7.52472
-7.52594
-7.52233
-7.51598
-7.50503
-7.495
-7.48519
-7.47899
-7.47651
-7.4818
-7.48997
-7.50008
-7.5132
-7.52647
-7.54277
-7.5581
-7.57729
-7.59777
-7.61449
-7.62848
-7.63734
-7.63619
-7.62447
-7.60265
-7.57594
-7.54467
-7.51171
-7.48193
-7.45702
-7.43852
-7.42537
-7.41827
-7.41957
-7.4222
-7.42986
-7.43717
-7.43996
-7.44247
-7.44364
-7.44269
-7.44219
-7.44414
-7.45162
-7.46279
-7.47617
-7.49299
-7.51209
-7.53119
-7.55133
-7.57269
-7.59049
-7.60548
-7.61699
-7.62357
-7.62685
-7.62426
-7.61769
-7.60586
-7.589
-7.57079
-7.55574
-7.54268
-7.53626
-7.53616
-7.53898
-7.54458
-7.54746
-7.54379
-7.53366
-7.52031
-7.50295
-7.48582
-7.47199
-7.45938
-7.45096
-7.4453
-7.44512
-7.44265
-7.44639
-7.45494
-7.46385
-7.47594
-7.49318
-7.51364
-7.533
-7.54928
-7.56447
-7.57181
-7.57221
-7.56603
-7.55564
-7.5371
-7.51565
-7.49659
-7.47723
-7.45755
-7.4395
-7.431
-7.42941
-7.43795
-7.45138
-7.46831
-7.48809
-7.50433
-7.51932
-7.53673
-7.55381
-7.56932
-7.58054
-7.59148
-7.59896
-7.59912
-7.59387
-7.58596
-7.57455
-7.56531
-7.55754
-7.55015
-7.54622
-7.543
-7.53856
-7.53295
-7.52475
-7.51891
-7.51321
-7.51067
-7.51112
-7.51602
-7.52568
-7.53249
-7.53471
-7.53365
-7.52965
-7.52001
-7.50647
-7.49099
-7.47393
-7.45768
-7.44104
-7.43166
-7.43094
-7.43812
-7.45727
-7.48581
-7.51394
-7.54134
-7.56161
-7.57033
-7.56851
-7.55816
-7.53918
-7.52008
-7.50814
-7.50275
-7.50582
-7.51708
-7.53876
-7.56149
-7.58219
-7.59719
-7.60688
-7.60633
-7.59789
-7.58312
-7.56449
-7.54734
-7.53264
-7.52659
-7.52334
-7.52451
-7.52395
-7.51784
-7.50641
-7.49033
-7.47478
-7.46405
-7.46192
-7.46653
-7.47968
-7.49669
-7.50862
-7.52174
-7.53344
-7.54052
-7.54572
-7.54653
-7.54294
-7.53744
-7.52873
-7.52063
-7.51508
-7.5146
-7.52034
-7.53377
-7.5508
-7.56419
-7.57688
-7.58161
-7.582
-7.57416
-7.56189
-7.55077
-7.53745
-7.52719
-7.52077
-7.51999
-7.51756
-7.51793
-7.51833
-7.51548
-7.51019
-7.50092
-7.48459
-7.46317
-7.4422
-7.42701
-7.41772
-7.42172
-7.43955
-7.46821
-7.50478
-7.54343
-7.57647
-7.60409
-7.62055
-7.62759
-7.62726
-7.6223
-7.60904
-7.59062
-7.57176
-7.55861
-7.54417
-7.5333
-7.52574
-7.51323
-7.50083
-7.48708
-7.47157
-7.45324
-7.43633
-7.42276
-7.41175
-7.39979
-7.39249
-7.38801
-7.38912
-7.39645
-7.41257
-7.43864
-7.47286
-7.51589
-7.56226
-7.60477
-7.64157
-7.66746
-7.6762
-7.67071
-7.6534
-7.62348
-7.58347
-7.5475
-7.5252
-7.52056
-7.53178
-7.55726
-7.58769
-7.61592
-7.63512
-7.6447
-7.63956
-7.62206
-7.60049
-7.57657
-7.55385
-7.53262
-7.51671
-7.50223
-7.48853
-7.47352
-7.4561
-7.44348
-7.43207
-7.4256
-7.42503
-7.42655
-7.43256
-7.44444
-7.46214
-7.48472
-7.50884
-7.53536
-7.5588
-7.58087
-7.59734
-7.60526
-7.60088
-7.59028
-7.57061
-7.54521
-7.51987
-7.49441
-7.47307
-7.45836
-7.45238
-7.45334
-7.45983
-7.46833
-7.48004
-7.48818
-7.49532
-7.50161
-7.50595
-7.51146
-7.51779
-7.5245
-7.53103
-7.5379
-7.54415
-7.54827
-7.55592
-7.56125
-7.56372
-7.56241
-7.56014
-7.55555
-7.54993
-7.54352
-7.53668
-7.5352
-7.53484
-7.53868
-7.54275
-7.54469
-7.5493
-7.55339
-7.55692
-7.55985
-7.55929
-7.55445
-7.54931
-7.54671
-7.54198
-7.53767
-7.53211
-7.52564
-7.51929
-7.51488
-7.51198
-7.51265
-7.51454
-7.52049
-7.52526
-7.53048
-7.53061
-7.52572
-7.52243
-7.51872
-7.51402
-7.50923
-7.50583
-7.50332
-7.50027
-7.49893
-7.49261
-7.48909
-7.48557
-7.4827
-7.48741
-7.49475
-7.5046
-7.5147
-7.5225
-7.52445
-7.52485
-7.5229
-7.51846
-7.51872
-7.52505
-7.53724
-7.54909
-7.55942
-7.56767
-7.57484
-7.57317
-7.56431
-7.54956
-7.5336
-7.51695
-7.50246
-7.49065
-7.48559
-7.48606
-7.48941
-7.49564
-7.50392
-7.51372
-7.51653
-7.51604
-7.51866
-7.5208
-7.52507
-7.53156
-7.53989
-7.55881
-7.57847
-7.60196
-7.62448
-7.63839
-7.64792
-7.64854
-7.63817
-7.61765
-7.58982
-7.55514
-7.51541
-7.4806
-7.45274
-7.43727
-7.43501
-7.4435
-7.457
-7.47373
-7.48852
-7.50033
-7.5095
-7.51267
-7.51129
-7.5075
-7.50621
-7.50697
-7.51683
-7.52969
-7.54489
-7.55932
-7.56665
-7.56752
-7.56256
-7.54866
-7.5261
-7.50135
-7.47198
-7.44758
-7.42895
-7.41911
