7.64962
7.53155
7.40618
7.26902
7.14334
7.02701
6.93805
6.88248
6.86196
6.87399
6.91589
6.97039
7.03572
7.11488
7.20754
7.32516
7.462
7.61374
7.77241
7.92103
8.05116
8.14202
8.17984
8.1732
8.13891
8.08396
8.02114
7.97736
7.9521
7.94988
7.96197
7.98094
7.99863
8.01696
8.01835
8.00371
7.97927
7.94123
7.90108
7.85306
7.79588
7.73879
7.68515
7.64702
7.61591
7.58819
7.56752
7.55196
7.53385
7.51519
7.50363
7.50619
7.54222
7.61583
7.72192
7.84976
7.9765
8.08456
8.15598
8.1799
8.15841
8.08953
7.9921
7.86819
7.72559
7.5742
7.42227
7.28
7.15793
7.07901
7.05266
7.08279
7.16922
7.30016
7.45844
7.61128
7.74412
7.84922
7.90277
7.9132
7.87946
7.82614
7.75095
7.68129
7.61127
7.54297
7.48209
7.43364
7.40351
7.39225
7.38517
7.38672
7.38356
7.36225
7.31746
7.26415
7.21288
7.19343
7.19873
7.2486
7.34538
7.46997
7.62005
7.77228
7.92249
8.07034
8.19953
8.30871
8.38967
8.41681
8.39468
8.30556
8.1612
7.97503
7.75756
7.53328
7.32765
7.17152
7.06699
7.03178
7.05115
7.11991
7.23797
7.39703
7.57703
7.76737
7.94583
8.09139
8.18501
8.21814
8.19875
8.12673
8.02173
7.90256
7.79452
7.70789
7.65013
7.6324
7.64324
7.6833
7.72675
7.75811
7.77765
7.7704
7.73686
7.68902
7.63628
7.59403
7.55064
7.52645
7.51071
7.50475
7.50571
7.50983
7.51682
7.52693
7.54766
7.5819
7.6223
7.6674
7.71181
7.75156
7.78127
7.79931
7.79483
7.77998
7.74363
7.6989
7.65423
7.62731
7.62452
7.63449
7.65878
7.68255
7.70308
7.71535
7.72239
7.72358
7.71429
7.69673
7.66518
7.6129
7.55705
7.49752
7.44847
7.41191
7.40809
7.42972
7.48125
7.56209
7.65578
7.75647
7.84165
7.90851
7.96378
7.9978
8.02893
8.03766
8.02161
7.98245
7.9203
7.83332
7.74671
7.65815
7.58419
7.53859
7.51158
7.5043
7.51055
7.51857
7.51811
7.51434
7.50635
7.51317
7.54336
7.60235
7.67567
7.74154
7.79201
7.82364
7.82694
7.79732
7.74134
7.66912
7.57398
7.46251
7.34011
7.22301
7.12285
7.05494
7.02387
7.04047
7.10695
7.22105
7.37999
7.56871
7.75329
7.91573
8.02475
8.07416
8.06388
8.00639
7.92943
7.8498
7.77715
7.72279
7.66964
7.61989
7.56119
7.49852
7.43119
7.3523
7.28145
7.22027
7.16255
7.12628
7.11988
7.14713
7.21454
7.32887
7.4872
7.67203
7.87605
8.08521
8.26925
8.41346
8.49349
8.49646
8.41824
8.26872
8.06565
7.83048
7.58919
7.3589
7.17296
7.0545
7.01505
7.06197
7.1895
7.38875
7.63912
7.90574
8.15628
8.35874
8.4907
8.53548
8.4896
8.36889
8.1911
7.97896
7.75818
7.55054
7.3755
7.2434
7.15687
7.10634
7.09249
7.10525
7.14882
7.215
7.30976
7.41473
7.53423
7.64266
7.72823
7.77854
7.77578
7.73021
7.65248
7.55271
7.46087
7.36693
7.27953
7.1905
7.11598
7.03895
6.97953
6.93648
6.91851
6.93648
6.99896
7.10888
7.25586
7.44964
7.67217
7.90008
8.10734
8.27142
8.36676
8.39063
8.33858
8.2318
8.10007
7.95741
7.84449
7.76494
7.72211
7.70687
7.7052
7.71675
7.7275
7.74547
7.7608
7.78224
7.80482
7.83917
7.882
7.92479
7.96585
8.00665
8.04414
8.07596
8.08342
8.07567
8.04632
7.99536
7.92155
7.82872
7.71535
7.61135
7.52002
7.44784
7.40194
7.37267
7.35911
7.35576
7.37223
7.4079
7.45046
7.48737
7.52878
7.56297
7.58151
7.59408
7.59467
7.58283
7.56357
7.54866
7.53497
7.5254
7.52196
7.52534
7.53981
7.57066
7.60816
7.64645
7.67589
7.68316
7.66574
7.62615
7.57241
7.51076
7.44522
7.38952
7.34291
7.30501
7.2926
7.29824
7.33687
7.38602
7.44206
7.49765
7.53551
7.56462
7.57467
7.59267
7.62405
7.68749
7.79259
7.92901
8.08938
8.24528
8.36737
8.42981
8.43255
8.39321
8.31883
8.23416
8.13926
8.04354
7.94353
7.83957
7.73292
7.62497
7.53699
7.45028
7.37316
7.3053
7.2485
7.19809
7.16515
7.14726
7.14815
7.16733
7.21248
7.27784
7.35918
7.46681
7.59383
7.72314
7.83839
7.93733
7.9997
8.02144
7.99337
7.91903
7.80878
7.68014
7.54983
7.44029
7.35672
7.30855
7.3049
7.32528
7.36635
7.40947
7.4389
7.46092
7.46724
7.46636
7.4639
7.47586
7.49252
7.52772
7.58164
7.6407
7.7037
7.75405
7.79692
7.82796
7.84673
7.85475
7.86173
7.86732
7.88343
7.90927
7.94275
7.98319
8.02368
8.06636
8.11134
8.15483
8.20299
8.23605
8.26109
8.25709
8.23063
8.19463
8.15256
8.11138
8.0829
8.07019
8.05804
8.0412
8.01097
7.96915
7.89836
7.80953
7.69672
7.57165
7.44485
7.33659
7.24995
7.19685
7.18449
7.21493
7.28895
7.38005
7.48264
7.5658
7.62668
7.66329
7.68404
7.68187
7.66283
7.63862
7.60482
7.57015
7.53933
7.50085
7.47112
7.43642
7.40108
7.36976
7.34451
7.33362
7.32473
7.31895
7.31784
7.31852
7.31703
7.33238
7.36526
7.41776
7.48361
7.55512
7.63293
7.70787
7.78276
7.84339
7.88842
7.91837
7.91985
7.89685
7.85139
7.80164
7.75426
7.72484
7.72161
7.73905
7.76469
7.80087
7.83517
7.86212
7.87654
7.87827
7.85586
7.82889
7.79827
7.77545
7.7689
7.78455
7.82116
7.86583
7.9257
7.9878
8.05246
8.11305
8.16803
8.21148
8.23571
8.23303
8.19002
8.11718
8.01437
7.88281
7.75035
7.61964
7.49529
7.38913
7.29186
7.19975
7.11464
7.03804
6.98265
6.95766
6.9712
7.02761
7.13012
7.26395
7.42729
7.60094
7.77393
7.92026
8.02111
8.07052
8.06138
8.00962
7.92091
7.81728
7.70741
7.60032
7.50482
7.42751
7.37905
7.36154
7.37849
7.42503
7.49567
7.57912
7.6486
7.68668
7.68046
7.63452
7.57126
7.50155
7.45631
7.43393
7.43931
7.47495
7.53562
7.61907
7.71088
7.80273
7.8729
7.90945
7.90759
7.86118
7.77629
7.66955
7.5635
7.48467
7.44349
7.44753
7.498
7.58388
7.68735
7.77988
7.85149
7.88765
7.88453
7.84186
7.76803
7.67697
7.59268
7.52923
7.49547
7.50072
7.53937
7.6099
7.68926
7.76002
7.82468
7.85741
7.85463
7.82385
7.77083
7.69984
7.61458
7.52821
7.44867
7.38566
7.34128
7.32424
7.32333
7.34409
7.37425
7.42254
7.47161
7.53957
7.62298
7.71179
7.8
7.889
7.97424
8.05554
8.12851
8.19517
8.25821
8.30442
8.33304
8.347
8.34537
8.32815
8.29376
8.24381
8.17064
8.07301
7.95169
7.8098
7.65037
7.48566
7.34286
7.21955
7.14494
7.12173
7.14163
7.19757
7.28021
7.36213
7.4382
7.49845
7.5392
7.56461
7.58116
7.60905
7.64833
7.70372
7.77098
7.83802
7.89888
7.93863
7.95069
7.94108
7.91831
7.8876
7.86356
7.8444
7.83719
7.83529
7.8348
7.83656
7.82927
7.82127
7.80152
7.77147
7.73643
7.71117
7.68704
7.67096
7.65578
7.64044
7.61361
7.58357
7.54073
7.49983
7.46405
7.43376
7.42295
7.44378
7.4909
7.57237
7.67389
7.78882
7.89649
7.9778
8.01723
8.01893
7.98826
7.9376
7.88079
7.82192
7.77393
7.71853
7.6578
7.5898
7.51692
7.44418
7.37574
7.32602
7.30312
7.30909
7.34099
7.3909
7.45419
7.52274
7.58482
7.6259
7.64954
7.65997
7.65785
7.65799
7.65582
7.65878
7.65997
7.65866
7.64741
7.6251
7.59338
7.56697
7.54648
7.54639
7.55309
7.57393
7.60895
7.66111
7.7217
7.79299
7.87339
7.95235
8.02903
8.10018
8.14319
8.14912
8.12247
8.0513
7.93614
7.79681
7.64232
7.49416
7.36825
7.27017
7.21072
7.1902
7.19593
7.22939
7.28566
7.35464
7.43151
7.50478
7.57507
7.62037
7.64503
7.64798
7.6482
7.64581
7.65849
7.6874
7.73087
7.77278
7.81057
7.83452
7.82363
7.7935
7.74664
7.69299
7.64116
7.60954
7.59217
7.58442
7.58957
7.59485
7.61447
7.63726
7.67251
7.7202
7.78437
7.8608
7.95416
8.04473
8.14179
8.21613
8.26058
8.27265
8.24506
8.18327
8.09368
7.98843
7.892
7.80982
7.73734
7.67908
7.62682
7.58484
7.55207
7.54058
7.54359
7.56613
7.60469
7.6468
7.68777
7.70805
7.70812
7.68491
7.62931
7.55511
7.47387
7.38859
7.31302
7.25828
7.21045
7.19187
7.18419
7.21192
7.26417
7.33987
7.428
7.53496
7.63432
7.71313
7.77889
7.82418
7.8491
7.85441
7.85217
7.85592
7.86241
7.87871
7.90211
7.92424
7.93387
7.9286
7.90478
7.87054
7.83849
7.81671
7.80718
7.81943
7.85103
7.90581
7.95373
7.98654
7.98246
7.94517
7.88277
7.8177
7.75486
7.7033
7.6614
7.62412
7.58998
7.54653
7.48581
7.41973
7.34163
7.25105
7.17015
7.12981
7.13594
7.19434
7.30233
7.43879
7.58767
7.7287
7.82681
7.87433
7.88101
7.85555
7.82711
7.80943
7.80191
7.79882
7.80021
7.79536
7.79421
7.79336
7.793
7.80007
7.80674
7.8126
7.80993
7.80312
7.79054
7.76051
7.72134
7.66199
7.57131
7.46026
7.34098
7.22251
7.13041
7.06483
7.04706
7.07133
7.13924
7.23765
7.36912
7.51072
7.66111
7.80368
7.91774
8.01062
8.06318
8.07708
8.05405
8.00279
7.93526
7.85661
7.7802
7.71256
7.66799
7.64311
7.6492
7.68003
7.74105
7.80878
7.88653
7.96204
8.01766
8.04566
8.04086
8.01394
7.95675
7.89013
7.81182
7.72988
7.65121
7.57995
7.51522
7.47029
7.43567
7.41878
7.42158
7.43847
7.47982
7.53961
7.60234
7.6661
7.72117
7.76008
7.78705
7.81215
7.83906
7.86238
7.88569
7.89778
7.90214
7.90712
7.92372
7.94842
7.98014
8.01005
8.02882
8.02449
7.98554
7.91669
7.82786
7.72881
7.63139
7.55281
7.50158
7.48641
7.50168
7.54893
7.60186
7.65312
7.6935
7.70284
7.69206
7.64972
7.57076
7.47717
7.36116
7.24028
7.1247
7.03022
6.96438
6.94492
6.98597
7.07438
7.21549
7.39739
7.60347
7.82074
8.02374
8.1951
8.31008
8.35622
8.33044
8.25587
8.16149
8.06824
8.00638
7.96382
7.93904
7.92026
7.89685
7.86058
7.80543
7.74439
7.68327
7.62516
7.5824
7.57053
7.57731
7.60482
7.6439
7.68431
7.72795
7.76855
7.80305
7.8389
7.86823
7.8857
7.88912
7.86926
7.81674
7.72583
7.62156
7.50089
7.38324
7.28592
7.22072
7.19953
7.21637
7.27147
7.35079
7.44113
7.52579
7.59268
7.64018
7.67193
7.69091
7.70671
7.71734
7.73757
7.7654
7.80228
7.84455
7.88182
7.91036
7.92348
7.93178
7.93744
7.94301
7.95549
7.98006
8.0164
8.05382
8.09127
8.11577
8.12706
8.12199
8.0959
8.04267
7.96643
7.87037
7.76653
7.65621
7.54656
7.45294
7.3814
7.34739
7.35631
7.4048
7.47454
7.56492
7.65114
7.72231
7.76689
7.78978
7.78628
7.77903
7.76999
7.76552
7.77788
7.80764
7.8466
7.89381
7.94293
7.98236
8.00113
7.99422
7.95486
7.88809
7.79345
7.6776
7.54937
7.42302
7.31053
7.23115
7.19788
7.2145
7.27722
7.3739
7.50474
7.65202
7.80925
7.96496
8.11198
8.23988
8.33634
8.3886
8.39363
8.35062
8.2511
8.10683
7.92476
7.7178
7.50493
7.29283
7.10751
6.96232
6.87514
6.85431
6.89479
6.99023
7.13516
7.29662
7.46911
7.62587
7.75464
7.84932
7.90041
7.90778
7.87277
7.79998
7.70331
7.60519
7.5027
7.41401
7.33385
7.27034
7.23697
7.24729
7.31352
7.43737
7.60662
7.81445
8.03781
8.25022
8.42949
8.56958
8.64075
8.63929
8.58648
8.47509
8.32042
8.13523
7.9228
7.7053
7.49391
7.31185
7.16154
7.0636
7.02916
7.04832
7.12038
7.22573
7.35795
7.49649
7.63486
7.76179
7.86835
7.9621
8.03367
8.09636
8.14274
8.17496
8.18932
8.17608
8.12287
8.03811
7.93316
7.81261
7.68879
7.56029
7.45964
7.38796
7.36289
7.38882
7.47017
7.58156
7.70492
7.82006
7.88941
7.91928
7.90714
7.86253
7.79748
7.72517
7.66106
7.59985
7.5385
7.48808
7.43129
7.37254
7.31237
7.25712
7.20577
7.17453
7.15528
7.15644
7.17699
7.20262
7.23699
7.28027
7.33208
7.39341
7.45782
7.53423
7.60958
7.67446
7.74055
7.79768
7.84721
7.88859
7.93743
7.98416
8.03046
8.08912
8.15888
8.21692
8.25698
8.26828
8.23919
8.17644
8.08932
7.9965
7.9095
7.84151
7.78941
7.74981
7.72882
7.71984
7.71036
7.70418
7.6956
7.67485
7.63984
7.60082
7.55527
7.51328
7.47866
7.46334
7.46107
7.48593
7.53189
7.59012
7.65916
7.72874
7.78759
7.82427
7.84778
7.85261
7.84662
7.82998
7.82121
7.81756
7.82018
7.82034
7.81843
7.8046
7.75877
7.66629
7.53655
7.3809
7.23252
7.10563
7.02897
7.01368
7.05549
7.15377
7.28568
7.42085
7.54143
7.63724
7.7096
7.75215
7.77315
7.77787
7.77093
7.75552
7.72539
7.69111
7.66237
7.64297
7.63676
7.64887
7.68287
7.73448
7.81044
7.90815
8.02104
8.12199
8.19536
8.2369
8.23316
8.18413
8.09458
7.97889
7.84921
7.72414
7.60769
7.51983
7.46289
7.43399
7.43173
7.44773
7.47462
7.50804
7.54466
7.5856
7.61261
7.63364
7.64295
7.65972
7.67444
7.69895
7.73998
7.7879
7.82646
7.84901
7.84381
7.80454
7.74044
7.66741
7.59708
7.54807
7.5266
7.53934
7.58443
7.66452
7.76816
7.8676
7.95608
8.01321
8.0325
8.01309
7.94569
7.84817
7.73131
7.60792
7.49778
7.40986
7.35472
7.33288
7.34291
7.38714
7.45515
7.54764
7.63987
7.72783
7.79943
7.84406
7.85372
7.83422
7.7864
7.71459
7.63053
7.54972
7.46744
7.41003
7.36913
7.34143
7.33433
7.35264
7.38902
7.44653
7.52838
7.62639
7.74083
7.86201
7.97276
8.06484
8.13667
8.16172
8.13985
8.07823
7.97592
7.86091
7.75344
7.67394
7.61906
7.59388
7.59537
7.61733
7.64886
7.67935
7.71121
7.73824
7.74375
7.71977
7.66757
7.5904
7.48579
7.37605
7.28097
7.21486
7.18362
7.20691
7.28879
7.41306
7.57911
7.7674
7.95943
8.13005
8.27023
8.35965
8.40597
8.4037
8.35939
8.27345
8.16139
8.03047
7.90371
7.79306
7.69522
7.61678
7.55632
7.51232
7.46832
7.42934
7.39609
7.36
7.33541
7.31889
7.3121
7.32452
7.3465
7.38355
7.42662
7.47472
7.53484
7.61041
7.6972
7.79815
7.90579
8.00394
8.09272
8.16247
8.19969
8.1978
8.1627
8.09112
8.00758
7.91709
7.83042
7.75234
7.68227
7.63608
7.60862
7.60617
7.61525
7.63332
7.65629
7.68276
7.7053
7.72137
7.72662
7.7241
7.72576
7.72567
7.72297
7.72881
7.74046
7.76374
7.79702
7.8428
7.8931
7.93251
7.96646
7.98044
7.97821
7.97375
7.96705
7.96625
7.98133
8.00745
8.03654
8.05486
8.05944
8.0376
7.99592
7.94514
7.88629
7.81859
7.74267
7.6657
7.58643
7.51219
7.45117
7.39172
7.34238
7.30464
7.27856
7.25975
7.25271
7.25716
7.28301
7.31313
7.35191
7.4053
7.4622
7.52715
7.59374
7.66413
7.73001
7.78042
7.8382
7.90295
7.97436
8.05226
8.12517
8.18581
8.2142
8.22209
8.20449
8.16515
8.12053
8.07124
8.02213
7.98324
7.95145
7.91037
7.8589
7.78982
7.70801
7.62102
7.5454
7.48707
7.4567
7.44744
7.45649
7.47726
7.49368
7.50318
7.49528
7.47575
7.43995
7.38904
7.33849
7.29636
7.27115
7.27412
7.30953
7.37966
7.49176
7.63143
7.79716
7.96756
8.12255
8.22705
8.27319
8.24471
8.1537
8.04436
7.93569
7.84271
7.77427
7.71237
7.6521
7.5964
7.54216
7.49866
7.46548
7.45552
7.47245
7.52107
7.59963
7.68033
7.75933
7.83294
7.87656
7.89395
7.89629
7.87728
7.85424
7.83193
7.81019
7.79108
7.76938
7.75127
7.73218
7.71186
7.67753
7.63334
7.58073
7.53211
7.47481
7.43515
7.40948
7.41693
7.45436
7.52838
7.61127
7.68643
7.74706
7.77732
7.78878
7.79058
7.8018
7.83595
7.89328
7.95679
8.02621
8.09253
8.14311
8.16533
8.15439
8.10739
8.03391
7.92747
7.80048
7.67225
7.55182
7.45471
7.39042
7.36587
7.38451
7.43591
7.51634
7.61583
7.72678
7.83225
7.91872
7.98699
8.02065
8.03261
8.02437
8.00573
7.98472
7.96542
7.95493
7.94946
7.94255
7.93283
7.91955
7.88953
7.83185
7.75633
7.6636
7.55246
7.437
7.32833
7.24629
7.18388
7.14908
7.14293
7.15516
7.18595
7.25488
7.36437
7.50191
7.66914
7.8406
7.99667
8.12311
8.21372
8.26724
8.26315
8.20934
8.10385
7.96736
7.80886
7.64734
7.5014
7.39791
7.33812
7.32207
7.35002
7.40884
7.47751
7.55585
7.62727
7.6858
7.73592
7.75916
7.75602
7.73053
7.68675
7.63276
7.56818
7.50488
7.44828
7.3985
7.3722
7.37867
7.42234
7.50981
7.6303
7.77144
7.90935
8.0276
8.10444
8.13954
8.12207
8.06755
7.98205
7.88883
7.80512
7.74865
7.71801
7.72362
7.76081
7.81285
7.87901
7.95284
8.02519
8.08611
8.14183
8.19102
8.22742
8.25611
8.27138
8.26752
8.23608
8.17353
8.08486
7.97092
7.84601
7.72342
7.62027
7.53364
7.46503
7.41421
7.36981
7.3307
7.28834
7.24614
7.20189
7.16125
7.14347
7.14157
7.16387
7.20389
7.24831
7.29024
7.31237
7.31554
7.32583
7.35602
7.41463
7.50319
7.62364
7.75803
7.87836
7.97679
8.04251
8.07543
8.08477
8.08019
8.06823
8.06925
8.07478
8.08475
8.0889
8.07296
8.02168
7.92924
7.81055
7.67888
7.55629
7.45894
7.39207
7.36863
7.37968
7.42156
7.47233
7.52146
7.55547
7.56851
7.56291
7.54316
7.51295
7.49298
7.48089
7.48215
7.50086
7.54367
7.61023
7.70427
7.82074
7.94503
8.05606
8.14789
8.19283
8.17846
8.13184
8.0725
8.01935
7.9782
7.96124
7.95758
7.98306
8.0213
8.06988
8.12486
8.17817
8.21346
8.23699
8.23999
8.21168
8.16015
8.07518
7.97516
7.84949
7.70279
7.55014
7.3947
7.25877
7.14366
7.054
6.98797
6.94337
6.91579
6.91946
6.94795
7.01318
7.11401
7.23781
7.38423
7.53681
7.69582
7.83644
7.96285
8.06137
8.12908
8.16726
8.17064
8.14892
8.11058
8.05076
7.98926
7.93459
7.89521
7.86707
7.84959
7.84434
7.84232
7.8308
7.78658
7.70815
7.59805
7.46452
7.331
7.22246
7.15405
7.13155
7.15463
7.22291
7.33396
7.47801
7.64862
7.82375
7.98658
8.11091
8.1869
8.21366
8.19847
8.14594
8.08122
8.01498
7.95578
7.90636
7.87581
7.86111
7.86636
7.88221
7.90795
7.93498
7.94434
7.91953
7.85116
7.72507
7.55864
7.36678
7.18258
7.01708
6.89202
6.81161
6.77388
6.78556
6.8322
6.91438
7.02774
7.16906
7.32499
7.49671
7.66037
7.80745
7.9242
8.0063
8.05542
8.07244
8.05644
8.01506
7.95286
7.8768
7.80127
7.73972
7.708
7.7051
7.72926
7.75603
7.77812
7.77115
7.73276
7.66536
7.58702
7.51264
7.4599
7.44765
7.46834
7.52542
7.59133
7.64918
7.67536
7.66357
7.61413
7.54154
7.46537
7.3985
7.35799
7.35474
7.39925
7.48489
7.59193
7.71034
7.8202
7.91049
7.97516
8.00964
8.03288
8.04437
8.05097
8.03881
8.00877
7.95807
7.87309
7.76353
7.63501
7.49942
7.36065
7.23995
7.12923
7.05271
7.00812
7.00296
7.04342
7.12929
7.24439
7.37232
7.50653
7.62845
7.72284
7.78395
7.81137
7.82099
7.81432
7.81337
7.8385
7.89823
8.00111
8.13398
8.27039
8.40106
8.50033
8.54993
8.54949
8.50021
8.40882
8.28095
8.13595
7.97806
7.82879
7.68669
7.57133
7.47399
7.39863
7.34046
7.2886
7.25255
7.22804
7.22634
7.241
7.27961
7.34264
7.41591
7.49475
7.56914
7.62665
7.66593
7.68474
7.66929
7.62846
7.57151
7.50018
7.42738
7.36653
7.31298
7.28291
7.27222
7.27974
7.31317
7.35828
7.41544
7.48424
7.55565
7.63166
7.72585
7.82902
7.95539
8.10194
8.25939
8.41254
8.54416
8.63989
8.69257
8.68534
8.62422
8.51113
8.36061
8.18873
8.02217
7.88175
7.78168
7.73558
7.73395
7.76763
7.834
7.90898
7.96691
7.98802
7.97491
7.91591
7.81109
7.68208
7.54489
7.41929
7.3211
7.26942
7.25763
7.29233
7.36122
7.44704
7.52656
7.57892
7.58301
7.53923
7.45457
7.35371
7.25108
7.17621
7.14647
7.17311
7.25237
7.38442
7.55929
7.74567
7.92656
8.07768
8.17747
8.22231
8.22092
8.16536
8.07903
7.97584
7.86852
7.76202
7.65573
7.55765
7.46601
7.38118
7.31327
7.27285
7.26566
7.29712
7.35602
7.44631
7.5426
7.64349
7.73655
7.82765
7.9039
7.96611
7.99949
7.99499
7.95068
7.86329
7.74972
7.63439
7.53464
7.45127
7.38881
7.35689
7.34923
7.36493
7.4
7.44029
7.48596
7.54018
7.58408
7.63653
7.69588
7.76145
7.8415
7.93374
8.03796
8.12733
8.19796
8.23951
8.2521
8.23768
8.18616
8.09412
7.9568
7.77102
7.57114
7.36789
7.19154
7.0592
6.97976
6.94458
6.96444
7.01894
7.09651
7.19807
7.30838
7.42126
7.54046
7.64862
7.74766
7.81232
7.83914
7.8161
7.75754
7.67118
7.58106
7.50156
7.45274
7.44843
7.4915
7.57287
7.68038
7.79823
7.90765
7.99631
8.04603
8.05296
7.99945
7.8967
7.74662
7.58578
7.43738
7.31916
7.24255
7.21828
7.24154
7.29594
7.37527
7.46037
7.54205
7.61558
7.67234
7.71543
7.74992
7.7722
7.78931
7.80805
7.82959
7.86243
7.90383
7.9518
8.00464
8.0445
8.06896
8.06461
8.02652
7.95831
7.87432
7.76912
7.66428
7.56187
7.46973
7.39656
7.34572
7.32436
7.3407
7.39625
7.48278
7.5945
7.70619
7.79713
7.85432
7.85369
7.80518
7.71672
7.61634
7.51995
7.45403
7.42945
7.4375
7.48028
7.5336
7.58951
7.62255
7.63338
7.61126
7.55635
7.47413
7.36984
7.24903
7.12664
7.01534
6.93439
6.89118
6.89616
6.95549
7.06063
7.21371
7.37497
7.55543
7.72644
7.89096
8.03426
8.1426
8.21679
8.24202
8.22861
8.18132
8.10616
8.01993
7.92758
7.83201
7.74855
7.67326
7.61347
7.56174
7.50592
7.46186
7.42489
7.39375
7.37644
7.37857
7.40805
7.46837
7.55228
7.64282
7.73936
7.8304
7.91835
7.99917
8.06707
8.127
8.17746
8.2072
8.21723
8.18623
8.12285
8.02993
7.93528
7.85566
7.80331
7.77418
7.7652
7.77008
7.77892
7.79519
7.81658
7.84041
7.8598
7.87803
7.87686
7.85981
7.82019
7.76178
7.68937
7.60908
7.52072
7.44417
7.3734
7.32588
7.29743
7.2761
7.26242
7.25548
7.25357
7.25522
7.25543
7.2647
7.28687
7.31608
7.35119
7.38596
7.42295
7.46015
7.48194
7.48832
7.49162
7.50826
7.54347
7.62269
7.73434
7.87414
8.02825
8.1753
8.27707
8.32832
8.32076
8.27129
8.19722
8.09628
7.98881
7.87206
7.74494
7.60933
7.48283
7.36331
7.27011
7.19913
7.15658
7.14676
7.15523
7.17507
7.20309
7.24259
7.27732
7.31029
7.35678
7.4142
7.48879
7.58694
7.69615
7.82331
7.95905
8.0998
8.23803
8.35212
8.42635
8.44444
8.39574
8.28262
8.11375
7.90986
7.69348
7.47065
7.27066
7.10346
6.98182
6.91007
6.89629
6.93104
7.02114
7.14844
7.30223
7.4685
7.61575
7.73997
7.82971
7.88832
7.93213
7.96712
7.98323
7.99369
7.98034
7.9527
7.90867
7.84524
7.77028
7.68219
7.60195
7.53271
7.4809
7.45449
7.45481
7.4751
7.51937
7.5758
7.64127
7.70711
7.77722
7.84078
7.89175
7.92321
7.93225
7.92009
7.90096
7.86646
7.82891
7.79994
7.77977
7.76537
7.75986
7.75839
7.76743
7.78218
7.80673
7.84527
7.89446
7.95576
8.02539
8.08313
8.11145
8.09584
8.0252
7.89974
7.75182
7.59898
7.46284
7.35321
7.25445
7.1774
7.09778
7.02536
6.97416
6.94733
6.95311
7.00467
7.08585
7.1882
7.30583
7.42972
7.54147
7.63375
7.70701
7.75207
7.77912
7.79722
7.80799
7.82182
7.83851
7.85026
7.87041
7.87918
7.87213
7.84397
7.79228
7.72617
7.66816
7.63088
7.61663
7.63335
7.67116
7.7258
7.78022
7.82099
7.85596
7.87524
7.89083
7.911
7.93469
7.97629
8.0273
8.07545
8.11691
8.13968
8.13376
8.10234
8.05587
7.97913
7.89841
7.81307
7.72381
7.63426
7.54882
7.45525
7.365
7.27706
7.19191
7.1275
7.08698
7.08331
7.11874
7.20135
7.31663
7.46202
7.60505
7.72992
7.82238
7.86514
7.86463
7.84475
7.80569
7.76673
7.73294
7.71149
7.68401
7.65232
7.6149
7.57184
7.53519
7.50966
7.50318
7.52229
7.56136
7.6223
7.69645
7.76955
7.82279
7.85667
7.8684
7.86481
7.85192
7.83232
7.81547
7.79488
7.78243
7.77096
7.7649
7.75686
7.74594
7.72821
7.69968
7.66225
7.63067
7.62048
7.63289
7.67738
7.76053
7.86296
7.97491
8.07597
8.15327
8.2081
8.22538
8.20417
8.13952
8.03889
7.89731
7.73935
7.57982
7.44728
7.35299
7.31076
7.32178
7.37267
7.4442
7.52196
7.5855
7.63396
7.66263
7.68756
7.70608
7.71378
7.73098
7.75498
7.76361
7.75064
7.69545
7.58327
7.42816
7.25476
7.08944
6.95142
6.85913
6.83387
6.86608
6.95122
7.07804
7.23251
7.39743
7.55941
7.70646
7.84305
7.95816
8.04676
8.10183
8.1271
8.12445
8.10178
8.06733
8.02941
7.99212
7.96653
7.94738
7.93744
7.93105
7.94051
7.96183
7.994
8.03733
8.07201
8.09383
8.09046
8.0611
8.00499
7.92551
7.82427
7.71123
7.6031
7.51047
7.45246
7.43364
7.4507
7.49808
7.55309
7.60987
7.65046
7.66701
7.66406
7.65048
7.62558
7.60453
7.58824
7.56761
7.5508
7.53869
7.53159
7.52984
7.52099
7.52052
7.52054
7.53013
7.55031
7.56713
7.5912
7.60349
7.60274
7.58244
7.54468
7.49707
7.45703
7.43111
7.42596
7.44102
7.47289
7.50651
7.53572
7.55489
7.57781
7.59641
7.61466
7.6275
7.63097
7.61639
7.59004
7.55205
7.5049
7.46599
7.44162
7.4459
7.47547
7.53759
7.63729
7.76707
7.91318
8.06067
8.18011
8.26023
8.27897
8.24548
8.16494
8.06903
7.98625
7.93568
7.93384
7.97445
8.03805
8.11467
8.17361
8.20113
8.18123
8.10919
7.98495
7.81599
7.62329
7.42227
7.24446
7.09675
6.98942
6.92645
6.91222
6.92852
6.98161
7.04597
7.119
7.19971
7.27401
7.34597
7.42391
7.49713
7.56518
7.62797
7.69124
7.74128
7.782
7.80403
7.8189
7.81535
7.81036
7.81111
7.82941
7.85566
7.89046
7.93065
7.96885
8.00333
8.02784
8.04051
8.04027
8.03021
8.00854
7.97565
7.92202
7.85631
7.77625
7.67602
7.56866
7.44782
7.33406
7.24784
7.20577
7.21044
7.25637
7.33734
7.44066
7.56234
7.70108
7.85409
8.01562
8.1755
8.32672
8.43339
8.48044
8.45017
8.34843
8.18838
7.98097
7.77061
7.57551
7.40772
7.28198
7.19929
7.14238
7.12234
7.13119
7.16894
7.21842
7.28579
7.34185
7.38315
7.40942
7.40889
7.39262
7.36941
7.33983
7.31101
7.28967
7.27058
7.25809
7.25914
7.28161
7.32415
7.38917
7.48061
7.57309
7.67117
7.76893
7.86618
7.96248
8.06475
8.17368
8.28734
8.39894
8.48871
8.54346
8.55618
8.52673
8.44574
8.31548
8.13856
7.93738
7.72108
7.51751
7.3396
7.20785
7.12108
7.08227
7.08797
7.13205
7.20675
7.30863
7.42289
7.55317
7.68117
7.80586
7.90084
7.96523
8.00577
8.01163
7.99917
7.97698
7.95661
7.93588
7.92072
7.90687
7.87704
7.82379
7.74412
7.63754
7.52885
7.42687
7.34598
7.2936
7.27087
7.27833
7.30807
7.34247
7.38354
7.41262
7.43352
7.43936
7.44774
7.46314
7.49673
7.55386
7.62293
7.70273
7.77753
7.83854
7.87688
7.8946
7.89335
7.87256
7.84584
7.80884
7.78041
7.76435
7.76212
7.77353
7.80496
7.85417
7.91022
7.97033
8.02633
8.06995
8.09128
8.09439
8.07751
8.04513
7.99819
7.95125
7.9013
7.85308
7.79859
7.74885
7.68598
7.61534
7.5457
7.46504
7.37936
7.28269
7.18637
7.09625
7.01261
6.94544
6.90629
6.90833
6.95802
7.05394
7.18619
7.33801
7.49699
7.64697
7.77394
7.8754
7.94184
7.97986
8.00249
8.00953
8.00872
8.00395
7.99349
7.97352
7.94458
7.90901
7.86903
7.82986
7.80608
7.78809
7.7907
7.8163
7.85732
7.9038
7.95373
7.9803
7.98245
7.95639
7.92201
7.88367
7.85454
7.83293
7.82589
7.81664
7.81655
7.80456
7.78434
7.73425
7.66761
7.57447
7.47893
7.38941
7.31403
7.26434
7.2507
7.27717
7.33059
7.40712
7.48844
7.56955
7.64527
7.70863
7.75865
7.79306
7.81451
7.80863
7.80128
7.78332
7.75613
7.73601
7.72893
7.73313
7.75681
7.794
7.83444
7.86004
7.86134
7.83203
7.77434
7.70024
7.63028
7.58124
7.56863
7.59999
7.68093
7.80419
7.95688
8.11325
8.24067
8.31941
8.32364
8.24466
8.08771
7.89082
7.67223
7.46002
7.27208
7.14446
7.07948
7.08374
7.14568
7.25266
7.37183
7.4973
7.60445
7.67598
7.72618
7.74298
7.74506
7.73688
7.73257
7.72925
7.7318
7.74711
7.76642
7.78455
7.78905
7.7714
7.73067
7.67346
7.60928
7.5481
7.49353
7.45012
7.43255
7.41782
7.41604
7.41412
7.4097
7.39848
7.38748
7.37396
7.36677
7.36336
7.36921
7.38839
7.41846
7.47033
7.54146
7.6133
7.67356
7.71864
7.74295
7.75173
7.74752
7.73723
7.71644
7.68989
7.6655
7.6375
7.60812
7.5913
7.58862
7.61669
7.66252
7.74344
7.84538
7.95018
8.04199
8.10001
8.12118
8.09868
8.03105
7.93927
7.84293
7.76262
7.71301
7.70374
7.73399
7.80408
7.89964
8.00767
8.11887
8.21025
8.26924
8.28468
8.25341
8.17316
8.0667
7.94915
7.83872
7.74719
7.67602
7.62909
7.59706
7.57524
7.56099
7.55024
7.53917
7.54561
7.55845
7.5832
7.61262
7.6298
7.63524
7.61645
7.58674
7.54508
7.50182
7.45133
7.3991
7.34243
7.28459
7.23765
7.20626
7.20785
7.22844
7.27996
7.36372
7.4737
7.59526
7.71551
7.80759
7.85739
7.86315
7.84069
7.79766
7.75116
7.7262
7.73888
7.7886
7.86535
7.94089
8.017
8.0668
8.0895
8.07124
8.01683
7.92784
7.81757
7.6978
7.57439
7.4596
7.36256
7.28118
7.22152
7.19516
7.19185
7.23011
7.29874
7.37808
7.47322
7.55853
7.62447
7.67818
7.70815
7.72357
7.7201
7.70193
7.67314
7.63301
7.60454
7.58196
7.57687
7.59741
7.63781
7.69134
7.75609
7.82223
7.88396
7.93767
7.97995
8.00551
8.02345
8.03161
8.02822
8.01118
7.96832
7.89369
7.79332
7.66917
7.54845
7.43331
7.34997
7.30147
7.29947
7.33281
7.40425
7.49918
7.61131
7.72831
7.83238
7.92299
7.99716
8.06301
8.11546
8.13525
8.11989
8.06402
7.9798
7.86511
7.74206
7.61104
7.48101
7.36037
7.26304
7.19963
7.17232
7.16919
7.19153
7.22514
7.27726
7.34365
7.4264
7.53341
7.66389
7.80062
7.93002
8.03405
8.1005
8.13139
8.12106
8.0797
8.01317
7.93086
7.83205
7.72876
7.62805
7.5403
7.47987
7.45432
7.47296
7.52401
7.58402
7.62882
7.6539
7.6462
7.61133
7.55861
7.50862
7.4778
7.47694
7.51138
7.58907
7.70053
7.81462
7.92504
8.00438
8.04633
8.05389
8.02284
7.96496
7.89749
7.82391
7.75402
7.68823
7.63475
7.60168
7.59278
7.61225
7.65392
7.71482
7.79188
7.87225
7.94928
8.01576
8.07287
8.10992
8.12294
8.10941
8.07172
8.02627
7.96791
7.90364
7.83189
7.76059
7.67483
7.58998
7.51379
7.4601
7.43282
7.43723
7.47484
7.53848
7.60812
7.67004
7.71287
7.7296
7.72602
7.71389
7.70707
7.70137
7.69959
7.69036
7.67628
7.65678
7.62387
7.57745
7.53051
7.48703
7.46227
7.45577
7.47394
7.51935
7.58514
7.67153
7.75676
7.83618
7.90214
7.96024
7.99918
8.03043
8.04366
8.04638
8.0411
8.0205
8.00304
7.98447
7.96593
7.94651
7.92708
7.89662
7.85012
7.78404
7.70753
7.6258
7.54601
7.4806
7.42204
7.36736
7.30467
7.23864
7.16041
7.08512
7.03111
7.0154
7.04324
7.10781
7.19398
7.30154
7.41569
7.53252
7.64927
7.78119
7.91088
8.04047
8.14071
8.19243
8.18205
8.11546
7.99985
7.8496
7.68637
7.51732
7.3546
7.22935
7.15099
7.12863
7.15108
7.21626
7.30634
7.41478
7.51728
7.60819
7.68393
7.7473
7.80503
7.83994
7.8585
7.87329
7.8632
7.8392
7.79694
7.75693
7.71949
7.69036
7.66883
7.65248
7.6502
7.65739
7.6733
7.69436
7.71891
7.73647
7.74428
7.74233
7.72784
7.70888
7.67822
7.63836
7.59387
7.55825
7.52645
7.50416
7.5054
7.51219
7.52803
7.55578
7.59035
7.62586
7.65804
7.67944
7.69374
7.7013
7.70076
7.68836
7.67065
7.65679
7.64749
7.65682
7.68169
7.71467
7.73748
7.74306
7.72769
7.68857
7.64025
7.58473
7.53248
7.49167
7.46882
7.47133
7.49315
7.53813
7.60823
7.68705
7.76765
7.84129
7.89377
7.92178
7.91434
7.89654
7.87368
7.87956
7.91573
7.9854
8.08241
8.19184
8.28086
8.31917
8.30177
8.22642
8.09307
7.91778
7.7298
7.54383
7.38615
7.26023
7.18213
7.14083
7.13186
7.13713
7.15309
7.17115
7.18754
7.21858
7.27719
7.37055
7.49197
7.61633
7.73854
7.84793
7.92541
7.97142
7.99536
7.98719
7.96864
7.9533
7.93824
7.93458
7.93668
7.9413
7.93009
7.896
7.83537
7.74793
7.62891
7.49863
7.37582
7.26845
7.19482
7.15322
7.14073
7.15076
7.18927
7.24066
7.31646
7.40075
7.48711
7.57566
7.66287
7.72658
7.76954
7.79323
7.81257
7.82323
7.83349
7.84715
7.86784
7.89104
7.91808
7.94344
7.95845
7.958
7.94366
7.90351
7.84909
7.78811
7.71293
7.65392
7.60797
7.58012
7.58176
7.60098
7.64068
7.70067
7.76367
7.82048
7.8628
7.87513
7.85069
7.80343
7.72936
7.64896
7.55898
7.46855
7.37158
7.28618
7.22908
7.18665
7.17448
7.18694
7.23198
7.30042
7.38713
7.49125
7.6041
7.72465
7.83327
7.92506
7.98856
8.01746
8.00471
7.95674
7.88485
7.79134
7.70287
7.64063
7.61611
7.63551
7.70252
7.79806
7.92476
8.05224
8.17311
8.26963
8.3297
8.3508
8.32405
8.24673
8.13327
7.99993
7.85126
7.69469
7.53658
7.39243
7.26059
7.15076
7.06547
7.02262
7.01375
7.0467
7.12099
7.2343
7.37556
7.53989
7.71003
7.8614
7.98045
8.05641
8.08207
8.06967
8.03022
7.97677
7.92355
7.88871
7.87991
7.89227
7.91436
7.95062
7.98157
8.00781
8.03369
8.05216
8.05958
8.06522
8.06314
8.04406
7.99781
7.91332
7.79086
7.64738
7.48459
7.33961
7.23718
7.1846
7.18281
7.22601
7.30617
7.40094
7.49017
7.55119
7.56552
7.52768
7.458
7.36134
7.25903
7.18557
7.14674
7.14921
7.18847
7.25671
7.3407
7.43353
7.52281
7.59777
7.66291
7.73104
7.79452
7.85959
7.91985
7.96635
7.99545
8.01042
8.01481
8.01394
8.00303
7.97819
7.94128
7.88546
7.82188
7.74572
7.66621
7.60372
7.56047
7.54281
7.54946
7.56638
7.58656
7.61263
7.64497
7.67334
7.69151
7.70279
7.70945
7.71157
7.71119
7.7084
7.71459
7.73142
7.75889
7.79547
7.83901
7.87254
7.89613
7.90028
7.86937
7.81076
7.73281
7.63872
7.54748
7.46966
7.41786
7.4076
7.44417
7.51345
7.60712
7.70645
7.79549
7.8643
7.90132
7.89652
7.85711
7.78439
7.68355
7.57452
7.47506
7.40163
7.35836
7.3448
7.36302
7.40058
7.4542
7.51896
7.59154
7.66682
7.7355
7.78466
7.81913
7.84615
7.87998
7.90592
7.94104
7.96015
7.95946
7.93175
7.86684
7.77693
7.67108
7.56363
7.46955
7.39443
7.34188
7.3093
7.30553
7.31605
7.33623
7.36373
7.39689
7.42558
7.45936
7.50366
7.55782
7.60911
7.67533
7.74259
7.8162
7.91152
8.01975
8.13419
8.24576
8.3387
8.39996
8.41107
8.36537
8.26824
8.13229
7.97715
7.82404
7.67936
7.56122
7.48822
7.46136
7.46982
7.50616
7.55717
7.61282
7.66853
7.71758
7.76199
7.78834
7.81051
7.82468
7.82421
7.81862
7.79588
7.74269
7.66198
7.56384
7.44641
7.32593
7.204
7.0918
6.98309
6.90208
6.84722
6.83513
6.86964
6.95625
7.08669
7.24502
7.4193
7.58898
7.73774
7.8605
7.95727
8.0387
8.10715
8.17102
8.23165
8.28399
8.31846
8.33379
8.31997
8.27533
8.20166
8.1084
8.00188
7.89589
7.8024
7.71635
7.6435
7.57787
7.51188
7.45741
7.40532
7.37788
7.37019
7.3903
7.44151
7.49936
7.56079
7.62771
7.69045
7.73572
7.76894
7.78134
7.77263
7.74392
7.7008
7.66173
7.62372
7.59325
7.58228
7.59864
7.63792
7.70213
7.79291
7.88842
7.97301
8.02684
8.03325
7.99191
7.89958
7.77284
7.63354
7.49828
7.37469
7.28451
7.22972
7.21603
7.24132
7.29824
7.37561
7.46139
7.53868
7.59801
7.63595
7.63603
7.60597
7.55774
7.50737
7.47446
7.46538
7.48399
7.52
7.55935
7.60505
7.64262
7.67709
7.7045
7.73251
7.76217
7.80141
7.8418
7.88821
7.93465
7.9795
8.02787
8.07455
8.11857
8.14542
8.14671
8.12837
8.08352
8.0156
7.93722
7.84703
7.75436
7.67156
7.61242
7.58699
7.58609
7.60991
7.64688
7.69084
7.7263
7.75368
7.76637
7.76497
7.74237
7.71897
7.68978
7.66849
7.65987
7.65949
7.6756
7.70248
7.73945
7.77428
7.79838
7.80418
7.7714
7.70932
7.63005
7.54404
7.46847
7.42106
7.40655
7.4322
7.49274
7.57166
7.65001
7.71473
7.75793
7.7805
7.77654
7.74603
7.70337
7.65265
7.61376
7.58643
7.57432
7.57731
7.59153
7.61731
7.65483
7.70307
7.75834
7.8139
7.87425
7.91708
7.93534
7.91126
7.85196
7.76132
7.6595
7.55363
7.46657
7.41381
7.3987
7.42116
7.47448
7.54372
7.62203
7.68948
7.74129
7.77626
7.80061
7.82612
7.85629
7.8834
7.90057
7.90695
7.8886
7.84155
7.77029
7.68734
7.60567
7.53611
7.48338
7.4482
7.4353
7.43731
7.4674
7.52234
7.60235
7.71485
7.83838
7.97889
8.11286
8.2328
8.31496
8.35144
8.33719
8.27471
8.16542
8.02077
7.8637
7.70863
7.5693
7.45444
7.37797
7.34817
7.36285
7.41392
7.48066
7.5512
7.61379
7.65458
7.66783
7.66926
7.64723
7.6065
7.54895
7.48007
7.41976
7.35893
7.31597
7.29823
7.31289
7.34719
7.39569
7.45041
7.51444
7.58073
7.64531
7.69926
7.74941
7.7892
7.82076
7.83736
7.83741
7.82005
7.79292
7.76946
7.74401
7.72232
7.71512
7.73018
7.76505
7.81337
7.87337
7.92758
7.97557
8.01199
8.03176
8.03529
8.02817
7.98628
7.93201
7.85838
7.78921
7.73291
7.69352
7.67471
7.67041
7.65334
7.61119
7.55154
7.47223
7.37963
7.28779
7.20937
7.14777
7.11548
7.11463
7.15618
7.23258
7.33475
7.45058
7.55851
7.65905
7.73466
7.78607
7.82367
7.8458
7.85965
7.86464
7.85707
7.83557
7.80189
7.76568
7.73616
7.72246
7.73084
7.76037
7.7952
7.82473
7.83717
7.83234
7.80939
7.76501
7.70996
7.65882
7.61697
7.58378
7.56717
7.56616
7.57559
7.59241
7.60707
7.63869
7.66642
7.68674
7.7083
7.7161
7.71483
7.69665
7.66492
7.62722
7.59819
7.57645
7.56877
7.57519
7.59732
7.63817
7.67918
7.73956
7.80047
7.8716
7.93765
7.9913
8.01976
8.02121
8.00162
7.9578
7.9022
7.8405
7.77822
7.71081
7.64887
7.59961
7.57085
7.56882
7.58509
7.60052
7.61446
7.61007
7.59135
7.55411
7.51447
7.46843
7.42389
7.38281
7.33821
7.30638
7.28012
7.2804
7.3207
7.40279
7.52966
7.69487
7.88733
8.08719
8.27226
8.41619
8.49986
8.51094
8.46721
8.38058
8.26324
8.14059
8.02678
7.93919
7.87037
7.82996
7.80307
7.77585
7.74443
7.69148
7.60925
7.50552
7.37782
7.24398
7.11558
7.00707
6.92111
6.87019
6.8519
6.8707
6.92612
7.01392
7.13603
7.28055
7.45311
7.63269
7.80038
7.94755
8.06425
8.15233
8.2253
8.27012
8.29332
8.28681
8.247
8.18638
8.10544
8.01809
7.94077
7.8838
7.84552
7.82365
7.81434
7.81302
7.80379
7.78067
7.7439
7.69019
7.61708
7.53272
7.43933
7.35081
7.27557
7.21971
7.20462
7.22716
7.29182
7.39149
7.51217
7.63188
7.74022
7.81394
7.85267
7.85664
7.82713
7.76516
7.69436
7.62019
7.56312
7.53195
7.52522
7.54146
7.57577
7.62443
7.6814
7.73694
7.7923
7.83877
7.86727
7.8716
7.85096
7.79498
7.70693
7.5967
7.47463
7.35885
7.26623
7.19889
7.16872
7.17524
7.21682
7.28568
7.37682
7.47785
7.57253
7.65289
7.71432
7.75054
7.77266
7.78787
7.82018
7.87179
7.9519
8.05692
8.18304
8.30477
8.39605
8.44297
8.42113
8.3259
8.16108
7.95083
7.72559
7.51757
7.35184
7.24875
7.21905
7.25354
7.35111
7.50319
7.67089
7.84201
7.99057
8.11385
8.20042
8.23995
8.23991
8.19857
8.11302
8.00026
7.8564
7.69446
7.5333
7.38583
7.26559
7.17518
7.13697
7.14594
7.20205
7.30304
7.43628
7.5866
7.74166
7.88097
7.99034
8.06808
8.10723
8.10695
8.08521
8.04944
8.00525
7.95707
7.89707
7.82201
7.72044
7.59406
7.45559
7.31874
7.21062
7.1349
7.10745
7.12586
7.19381
7.28906
7.40336
7.53029
7.65451
7.7836
7.89261
7.98617
8.04752
8.08828
8.10415
8.10459
8.09385
8.06286
8.02044
7.94741
7.84253
7.71463
7.57131
7.4382
7.33292
7.26809
7.25008
7.27278
7.33169
7.41385
7.51692
7.63886
7.76736
7.89054
7.99194
8.04995
8.04844
8.00037
7.92092
7.83824
7.75513
7.68931
7.64649
7.62616
7.6189
7.62818
7.64494
7.65972
7.67994
7.68115
7.67899
7.66913
7.65876
7.64916
7.64721
7.65756
7.67724
7.7061
7.74893
7.80194
7.86366
7.92803
7.97996
8.01162
8.01575
7.99549
7.95755
7.90102
7.84371
7.788
7.74758
7.70989
7.67864
7.64667
7.6105
7.57084
7.5261
7.48994
7.45426
7.44732
7.46757
7.51579
7.59285
7.68712
7.77746
7.85499
7.91188
7.93606
7.91732
7.85747
7.75334
7.62249
7.487
7.37243
7.28816
7.24912
7.24897
7.28902
7.36534
7.46801
7.58129
7.70164
7.81012
7.90843
7.99447
8.06231
8.10683
8.11951
8.09533
8.03352
7.93815
7.81741
7.67624
7.53909
7.41607
7.31595
7.2385
7.20538
7.20248
7.22101
7.26119
7.30926
7.37174
7.44366
7.53168
7.62813
7.7354
7.84628
7.94383
8.0133
8.04739
8.03387
7.97843
7.89548
7.79648
7.7008
7.62395
7.572
7.54733
7.53791
7.54752
7.56901
7.59655
7.64197
7.70053
7.76713
7.83097
7.88758
7.93787
7.9839
8.02228
8.05274
8.06485
8.04807
8.00795
7.94535
7.8707
7.78977
7.69042
7.58107
7.46486
7.34198
7.23142
7.14113
7.08312
7.0628
7.08388
7.15149
7.24951
7.37208
7.50517
7.62406
7.7214
7.78006
7.79468
7.7724
7.71499
7.63767
7.54583
7.46533
7.41225
7.39123
7.41152
7.47016
7.55542
7.67074
7.79658
7.92346
8.04217
8.15027
8.245
8.31605
8.37244
8.39444
8.37673
8.31186
8.19112
8.03263
7.86244
7.70924
7.59329
7.51252
7.4823
7.48427
7.50456
7.53001
7.54704
7.54615
7.52501
7.49018
7.43976
7.384
7.3231
7.26828
7.22947
7.20097
7.18719
7.18119
7.18741
7.20403
7.2218
7.25142
7.2969
7.35892
7.43052
7.51124
7.60299
7.70504
7.81457
7.92996
8.02889
8.10616
8.15364
8.1581
8.12356
8.05449
7.96752
7.86588
7.77092
7.68542
7.60082
7.53847
7.50318
7.48766
7.50118
7.53297
7.57373
7.62136
7.66768
7.71
7.75372
7.79811
7.83454
7.85955
7.8734
7.87679
7.86375
7.84469
7.81654
7.77497
7.73066
7.68705
7.66989
7.6916
7.75197
7.85565
7.97324
8.08851
8.17667
8.22384
8.22118
8.16017
8.06204
7.93724
7.79987
7.66928
7.55353
7.4565
7.37476
7.30393
7.24238
7.19581
7.15003
7.11404
7.08775
7.07097
7.07427
7.08899
7.12874
7.18747
7.27797
7.38933
7.52143
7.65493
7.7788
7.87833
7.93546
7.96007
7.94284
7.89791
7.85695
7.82451
7.81555
7.84383
7.90074
7.97006
8.02871
8.05005
8.04093
7.99961
7.93828
7.85633
7.76976
7.67741
7.59764
7.53911
7.51285
7.51437
7.53555
7.56538
7.60982
7.64661
7.67737
7.70229
7.72116
7.7315
7.73298
7.71859
7.70418
7.68524
7.6649
7.64231
7.61811
7.59296
7.56982
7.55221
7.53846
7.53616
7.54834
7.57688
7.60541
7.63625
7.65939
7.66664
7.65937
7.647
7.63505
7.61909
7.60045
7.58209
7.55869
7.53357
7.51133
7.49671
7.49627
7.51053
7.53771
7.57348
7.60484
7.63269
7.64273
7.638
7.62193
7.60685
7.58954
7.58524
7.60314
7.63742
7.68397
7.7402
7.79536
7.84904
7.88993
7.9119
7.9117
7.88913
7.84836
7.79256
7.73183
7.6734
7.6235
7.58822
7.58327
7.59149
7.62165
7.66718
7.72651
7.7925
7.8628
7.91279
7.93842
7.92611
7.88036
7.81355
7.7363
7.66014
7.59075
7.53499
7.50061
7.48395
7.48697
7.5089
7.54742
7.60035
7.66406
7.71959
7.76822
7.79254
7.78571
7.74683
7.68956
7.62416
7.57356
7.55124
7.56225
7.6097
7.68891
7.79072
7.88826
7.97364
8.02996
8.05093
8.02976
7.97972
7.90316
7.80204
7.69525
7.58968
7.49535
7.41743
7.37107
7.35449
7.36308
7.39778
7.45434
7.52376
7.60627
7.68674
7.75845
7.80787
7.82982
7.8362
7.82882
7.82823
7.8381
7.86652
7.91577
7.98163
8.05247
8.12081
8.16307
8.17052
8.13856
8.07394
7.98284
7.87162
7.76643
7.6706
7.60739
7.58116
7.59592
7.64417
7.71416
7.78661
7.8336
7.85208
7.84555
7.81826
7.791
7.75412
7.7204
7.6864
7.64753
7.59823
7.54077
7.47313
7.39938
7.31647
7.23066
7.15683
7.10684
7.08422
7.09749
7.15071
7.2383
7.3443
7.46618
7.57923
7.68499
7.75857
7.79892
7.80515
7.78542
7.75201
7.71487
7.68574
7.66466
7.65668
7.6696
7.69581
7.74366
7.81109
7.89386
7.97761
8.05529
8.11093
8.13673
8.12581
8.09316
8.03296
7.95844
7.878
7.79611
7.72291
7.65489
7.58698
7.52808
7.46133
7.40364
7.3517
7.32143
7.32079
7.34567
7.40089
7.49031
7.61021
7.74676
7.89665
8.04076
8.16009
8.23075
8.24437
8.1923
8.07904
7.92581
7.74719
7.57502
7.42513
7.31507
7.2543
7.23425
7.25706
7.30442
7.36802
7.43346
7.49325
7.53484
7.57281
7.59374
7.60839
7.60412
7.57825
7.52494
7.44502
7.34417
7.23054
7.13402
7.05452
7.0109
7.02257
7.08195
7.19636
7.36069
7.55773
7.77514
7.98883
8.16437
8.28401
8.34361
8.34083
8.27716
8.18282
8.07462
7.97129
7.88537
7.83208
7.81244
7.82725
7.86187
7.91656
7.96534
7.98777
7.96845
7.9092
7.80913
7.69123
7.56784
7.45421
7.37348
7.33769
7.34206
7.39039
7.46866
7.56544
7.67845
7.77745
7.86582
7.93668
7.97724
7.98713
7.95793
7.89157
7.80031
7.68482
7.55794
7.43312
7.31672
7.22328
7.1519
7.09693
7.05352
7.02127
7.01416
7.02616
7.06777
7.13073
7.20931
7.2887
7.36461
7.41605
7.442
7.44831
7.44016
7.4309
7.44097
7.48861
7.5668
7.68666
7.81896
7.96209
8.10431
8.23047
8.33635
8.42076
8.47855
8.50518
8.50491
8.47707
8.42721
8.35886
8.28115
8.19272
8.08537
7.96343
7.83189
7.69297
7.55641
7.44385
7.36231
7.31995
7.31179
7.33056
7.35667
7.37943
7.39704
7.39702
7.38828
7.38137
7.3865
7.40697
7.44868
7.50693
7.58228
7.65074
7.70674
7.73939
7.75004
7.73259
7.68765
7.63745
7.58062
7.53136
7.50176
7.49852
7.52591
7.5841
7.66959
7.77144
7.87857
7.98833
8.08054
8.14858
8.19247
8.21063
8.19779
8.16677
8.11253
8.04837
7.96508
7.86725
7.75876
7.63502
7.49587
7.3464
7.20281
7.07561
6.97543
6.91158
6.89509
6.92302
6.99399
7.10683
7.25386
7.41272
7.58402
7.74395
7.88913
8.01353
8.12247
8.20881
8.27202
8.32601
8.35289
8.3616
8.34495
8.29757
8.21954
8.11732
7.99707
7.87002
7.74391
7.63451
7.55088
7.49132
7.4492
7.4185
7.40229
7.38756
7.37387
7.36239
7.34857
7.33764
7.33347
7.33549
7.36312
7.4051
7.47186
7.54723
7.62704
7.69829
7.74341
7.7532
7.73405
7.68805
7.64621
7.61095
7.60115
7.6174
7.65499
7.71082
7.76733
7.82729
7.88944
7.95287
8.02067
8.09036
8.16442
8.23811
8.29586
8.33767
8.35286
8.33437
8.27532
8.16728
8.01656
7.84455
7.67201
7.51517
7.39813
7.32471
7.28714
7.2815
7.31332
7.3599
7.40258
7.43279
7.44335
7.43813
7.41806
7.39879
7.38489
7.37971
7.39476
7.43015
7.48457
7.5486
7.6088
7.65999
7.70164
7.7253
7.73222
7.71761
7.69368
7.66006
7.6332
7.62182
7.62961
7.661
7.70829
7.77249
7.84286
7.90188
7.93988
7.95468
7.94521
7.90333
7.84691
7.77679
7.70673
7.62823
7.55008
7.45553
7.36067
7.27589
7.21278
7.16522
7.14943
7.1485
7.17153
7.20707
7.25706
7.31551
7.38745
7.46586
7.55536
7.66795
7.78282
7.89946
7.99564
8.07049
8.10903
8.10586
8.06457
7.998
7.91402
7.82934
7.75158
7.68237
7.64091
7.6242
7.62772
7.6506
7.68627
7.72126
7.75165
7.77533
7.77389
7.75397
7.71112
7.65329
7.58282
7.5064
7.44117
7.39122
7.36056
7.36684
7.39117
7.43568
7.4877
7.54155
7.58325
7.61038
7.63629
7.66163
7.69731
7.75312
7.82328
7.91965
8.03753
8.15577
8.25729
8.31425
8.31327
8.25743
8.13951
7.98317
7.806
7.63779
7.49507
7.38802
7.33384
7.32304
7.3525
7.42307
7.5235
7.64468
7.76373
7.87523
7.96387
8.01525
8.02177
7.97699
7.88824
7.76676
7.63429
7.50781
7.41018
7.35978
7.35509
7.39946
7.47109
7.55831
7.6379
7.68923
7.71583
7.70798
7.67885
7.63068
7.57663
7.52219
7.47045
7.43844
7.42929
7.44485
7.47781
7.53109
7.60424
7.67559
7.73678
7.7642
7.76035
7.72532
7.67384
7.621
7.58948
7.5902
7.62821
7.6965
7.7731
7.84265
7.88242
7.88697
7.85693
7.80984
7.76351
7.74208
7.74436
7.77063
7.81015
7.85434
7.89831
7.93432
7.96177
7.9771
7.97684
7.9664
7.94034
7.90534
7.86981
7.843
7.82565
7.83286
7.8697
7.93025
8.00796
8.09063
8.17579
8.25279
8.32039
8.35752
8.35871
8.3261
8.26881
8.18391
8.0885
7.98521
7.88178
7.78516
7.69599
7.60846
7.51268
7.41525
7.32086
7.23339
7.15944
7.09665
7.06026
7.05618
7.08462
7.14648
7.236
7.34497
7.44915
7.54774
7.62936
7.68305
7.70412
7.7011
7.6865
7.65771
7.61751
7.57203
7.52444
7.48168
7.45644
7.44684
7.4727
7.51693
7.57693
7.64292
7.71333
7.7761
7.83671
7.88752
7.92297
7.91879
7.86943
7.7792
7.65697
7.51405
7.38489
7.28016
7.22667
7.22184
7.27343
7.36722
7.49239
7.62682
7.74684
7.83485
7.88824
7.90824
7.89691
7.87296
7.8515
7.84334
7.84353
7.86149
7.88438
7.9167
7.93384
7.9363
7.92728
7.90428
7.86188
7.80405
7.72101
7.63182
7.53696
7.44817
7.36404
7.29451
7.25077
7.23204
7.22902
7.24779
7.28226
7.33045
7.38768
7.4513
7.51299
7.58403
7.65667
7.71737
7.77428
7.8229
7.86162
7.90366
7.9392
7.97248
7.99384
8.01338
8.01188
7.99946
7.97914
7.96216
7.95556
7.95906
7.96921
7.97466
7.98142
7.96824
7.94133
7.8899
7.81733
7.73715
7.65866
7.58607
7.53127
7.50507
7.48944
7.48962
7.50161
7.52919
7.57479
7.63257
7.69511
7.75592
7.80982
7.84239
7.84931
7.83345
7.79906
7.75553
7.70462
7.67006
7.64509
7.64148
7.65164
7.6715
7.69074
7.69603
7.68284
7.64206
7.59291
7.53053
7.47145
7.41593
7.37582
7.35295
7.34569
7.37387
7.42562
7.50602
7.61068
7.73314
7.86127
7.96975
8.04499
8.07362
8.05661
7.99485
7.91893
7.8298
7.75676
7.70212
7.67998
7.68377
7.7134
7.75327
7.79871
7.83915
7.85951
7.86699
7.86037
7.84399
7.81977
7.78993
7.76284
7.72896
7.68827
7.6412
7.59084
7.54965
7.52413
7.52198
7.54575
7.59193
7.6488
7.70199
7.74033
7.75275
7.74165
7.71023
7.67187
7.64718
7.64631
7.67648
7.73103
7.80694
7.89226
7.96481
8.01399
8.03854
8.03503
8.01705
7.98646
7.93619
7.86901
7.77703
7.65315
7.51409
7.37496
7.25261
7.15509
7.0826
7.04084
7.02669
7.02187
7.01829
7.02114
7.01961
7.02289
7.03332
7.05227
7.08562
7.13808
7.20426
7.28026
7.37119
7.48154
7.60987
7.75612
7.90964
8.05678
8.18622
8.28521
8.35425
8.39618
8.42597
8.44439
8.46374
8.48605
8.51799
8.55279
8.58506
8.60871
8.62075
8.62311
8.61478
8.58427
8.52591
8.42372
8.27888
8.10679
7.91749
7.73528
7.57274
7.43927
7.3382
7.27831
7.24928
7.24162
7.2546
7.28072
7.30952
7.34348
7.37082
7.39362
7.40731
7.42272
7.43328
7.45188
7.46732
7.48127
7.49286
7.50274
7.5035
7.49588
7.46147
7.41095
7.33963
7.27631
7.23231
7.21157
7.23421
7.29659
7.39626
7.50987
7.62829
7.73531
7.82011
7.87402
7.89993
7.90026
7.898
7.89149
7.89227
7.90373
7.91886
7.92853
7.91634
7.88095
7.81863
7.72045
7.60085
7.45126
7.30036
7.15568
7.02536
6.92748
6.87277
6.87278
6.92682
7.04362
7.20722
7.40261
7.61599
7.82837
8.0197
8.17264
8.28507
8.35433
8.38661
8.37937
8.34946
8.30283
8.23607
8.15883
8.0634
7.95289
7.83119
7.71414
7.61023
7.51976
7.4454
7.39063
7.3503
7.33064
7.33337
7.3562
7.39195
7.44145
7.49622
7.57266
7.65802
7.75512
7.85562
7.94316
8.00226
8.02883
8.01737
7.97732
7.90789
7.83162
7.749
7.67259
7.60223
7.54011
7.47826
7.42848
7.36476
7.3016
7.24159
7.19147
7.15682
7.13946
7.15365
7.19784
7.27782
7.38024
7.5033
7.62038
7.73752
7.8284
7.88793
7.92049
7.91659
7.89811
7.86903
7.83526
7.80642
7.78999
7.78534
7.80875
7.84335
7.889
7.94018
7.99011
8.01947
8.02844
8.01092
7.98537
7.96193
7.9513
7.94285
7.93879
7.92695
7.90182
7.86396
7.82454
7.78656
7.75832
7.74975
7.75099
7.77253
7.80658
7.84459
7.87982
7.90353
7.91532
7.91567
7.89385
7.85207
7.78243
7.68962
7.57676
7.4682
7.36637
7.28205
7.23068
7.22072
7.24264
7.28546
7.34501
7.4048
7.45119
7.4957
7.5237
7.56189
7.60724
7.6695
7.73496
7.80674
7.85859
7.88414
7.88043
7.85496
7.82191
7.8029
7.79934
7.82264
7.86156
7.90528
7.94512
7.95609
7.93776
7.89114
7.82927
7.75628
7.68745
7.6279
7.58328
7.56635
7.5648
7.58355
7.60911
7.62436
7.63263
7.61106
7.55562
7.481
7.38896
7.30263
7.22398
7.16288
7.12685
7.11953
7.13426
7.18424
7.24962
7.31825
7.38725
7.45417
7.53475
7.63624
7.76602
7.9264
8.10586
8.27989
8.43273
8.54333
8.60708
8.61753
8.58899
8.5237
8.44411
8.35779
8.27246
8.19016
8.10329
8.0186
7.92266
7.81378
7.70077
7.58368
7.4644
7.34986
7.24345
7.14871
7.07279
7.01825
6.98493
6.97634
6.99067
7.02959
7.07204
7.12457
7.17651
7.22915
7.27859
7.32542
7.38147
7.44118
7.51409
7.59224
7.67385
7.75958
7.84328
7.92365
8.01038
8.09676
8.16665
8.22381
8.25328
8.25625
8.22242
8.16129
8.06575
7.94365
7.80972
7.67351
7.54677
7.45113
7.39594
7.38907
7.42964
7.50096
7.59304
7.6873
7.75316
7.77792
7.75905
7.70489
7.62578
7.53714
7.46104
7.39808
7.36314
7.3515
7.36677
7.39535
7.44785
7.52116
7.61582
7.72738
7.84032
7.95401
8.05234
8.12885
8.17584
8.18715
8.16333
8.11167
8.04102
7.96695
7.88875
7.8165
7.75098
7.69196
7.64401
7.60476
7.58616
7.58534
7.59556
7.61644
7.64576
7.67044
7.6864
7.68952
7.66502
7.62853
7.57152
7.50544
7.4465
7.40621
7.39355
7.41031
7.45125
7.51179
7.58814
7.66729
7.74653
7.80267
7.84456
7.86299
7.86456
7.84303
7.8142
7.78101
7.73422
7.67467
7.61428
7.54843
7.49695
7.46201
7.4661
7.5112
7.5937
7.71227
7.85628
8.01088
8.14924
8.24552
8.27741
8.23404
8.13545
7.99352
7.81844
7.64043
7.46566
7.30714
7.18561
7.09977
7.05369
7.05855
7.10297
7.17818
7.27246
7.364
7.42979
7.47149
7.48319
7.4674
7.43897
7.40638
7.3733
7.36146
7.36677
7.40485
7.46837
7.55368
7.65786
7.76156
7.84529
7.90286
7.93591
7.95274
7.96442
7.99228
8.03228
8.08625
8.15462
8.21351
8.2477
8.24644
8.21408
8.14884
8.06043
7.94039
7.80278
7.66211
7.53117
7.4299
7.36725
7.34198
7.35949
7.40619
7.47842
7.54828
7.60939
7.65519
7.68132
7.68241
7.65214
7.59743
7.5093
7.41835
7.33701
7.28839
7.29378
7.35608
7.47771
7.63839
7.81279
7.97739
8.09668
8.17185
8.17697
8.13407
8.04964
7.9464
7.83489
7.72316
7.62322
7.54948
7.49474
7.47351
7.47644
7.50451
7.55199
7.5918
7.62456
7.63681
7.61725
7.57021
7.50022
7.41878
7.33409
7.27448
7.24769
7.26896
7.33395
7.43617
7.56795
7.71209
7.85147
7.95838
8.03217
8.05428
8.03573
7.98037
7.89326
7.78795
7.69489
7.62662
7.59324
7.59928
7.64678
7.7173
7.77528
7.80141
7.79765
7.78408
7.77404
7.77121
7.7823
7.79524
7.80725
7.80789
7.79503
7.76497
7.72028
7.65996
7.6009
7.54871
7.51506
7.50737
7.52103
7.55158
7.6002
7.65076
7.6997
7.7529
7.80433
7.85485
7.89969
7.93361
7.95993
7.97619
7.96741
7.94582
7.91616
7.88874
7.86535
7.83716
7.80304
7.76779
7.72387
7.67929
7.63924
7.59942
7.56215
7.52988
7.48996
7.45678
7.42747
7.4139
7.41466
7.42875
7.46344
7.52159
7.59681
7.6795
7.74988
7.79742
7.8257
7.82461
7.79969
7.7652
7.73292
7.72197
7.7406
7.78766
7.84105
7.89848
7.9394
7.93974
7.89575
7.80859
7.68328
7.53894
7.39532
7.27261
7.19583
7.16696
7.20732
7.30686
7.45381
7.64544
7.84479
8.03244
8.19047
8.29034
8.32878
8.29995
8.2057
8.06764
7.90266
7.73292
7.57515
7.44333
7.35019
7.30218
7.30435
7.35634
7.4554
7.59453
7.75874
7.92994
8.0765
8.17307
8.2141
8.1819
8.10559
7.98887
7.84701
7.69566
7.53912
7.38458
7.2523
7.13855
7.0479
6.98797
6.95659
6.96348
7.01099
7.09338
7.19954
7.33875
7.48926
7.64775
7.7811
7.88632
7.94637
7.96541
7.9467
7.89433
7.82167
7.73993
7.65228
7.57549
7.52942
7.5182
7.55067
7.61671
7.70914
7.811
7.90726
7.98416
8.03654
8.05756
8.05686
8.03891
8.00439
7.95653
7.90722
7.85633
7.80944
7.76741
7.74032
7.72308
7.70926
7.69332
7.66119
7.62307
7.57582
7.53159
7.50554
7.51354
7.54566
7.61058
7.69237
7.77691
7.84118
7.88115
7.88783
7.86015
7.80061
7.72346
7.63241
7.54328
7.46713
7.40388
7.37823
7.38167
7.41682
7.48162
7.57563
7.69038
7.82007
7.93474
8.01566
8.05127
8.02845
7.95311
7.83946
7.69802
7.56853
7.45735
7.39541
7.37336
7.38825
7.42675
7.4779
7.53057
7.58207
7.61989
7.66055
7.69923
7.73672
7.78006
7.82191
7.86613
7.89511
7.90816
7.89509
7.85814
7.79934
7.73404
7.65569
7.57547
7.49072
7.41601
7.35811
7.32166
7.31716
7.34408
7.4012
7.47639
7.57182
7.6659
7.75418
7.82002
7.88363
7.943
7.99459
8.03484
8.04689
8.02439
7.9761
7.90364
7.82994
7.76839
7.72304
7.70148
7.70098
7.69299
7.67409
7.6411
7.59745
7.56091
7.53883
7.53476
7.5431
7.55993
7.58267
7.61724
7.65818
7.70154
7.73587
7.76043
7.774
7.77316
7.76083
7.73704
7.71455
7.70596
7.70967
7.73604
7.78324
7.83179
7.86241
7.86397
7.83284
7.77055
7.69858
7.63647
7.598
7.58061
7.59065
7.59391
7.59647
7.59705
7.60548
7.62627
7.66054
7.69631
7.71926
7.71404
7.68459
7.62933
7.55981
7.4844
7.40995
7.35239
7.32909
7.33395
7.3618
7.40156
7.44104
7.47764
7.50337
7.51165
7.52113
7.53065
7.54832
7.58662
7.65284
7.74256
7.85763
7.97824
8.09106
8.18513
8.25807
8.29974
8.324
8.32111
8.3076
8.27906
8.22673
8.16731
8.10167
8.03233
7.96855
7.90296
7.83169
7.74539
7.64022
7.5077
7.35235
7.19898
7.06726
6.98203
6.94812
6.96446
7.0156
7.10231
7.21588
7.34326
7.48058
7.6121
7.72769
7.81894
7.87288
7.88257
7.8452
7.76426
7.65675
7.53961
7.44551
7.38843
7.37516
7.40077
7.45276
7.53234
7.62653
7.72328
7.81759
7.89513
7.94624
7.97021
7.96386
7.93738
7.90015
7.87303
7.86746
7.87461
7.8843
7.88376
7.86113
7.81746
7.75573
7.69744
7.64958
7.62339
7.62154
7.63144
7.65111
7.67295
7.6932
7.70938
7.71333
7.71368
7.72373
7.76725
7.83671
7.93417
8.05506
8.17684
8.28868
8.36934
8.41048
8.39954
8.34781
8.26586
8.15524
8.02899
7.9037
7.78164
7.67998
7.6073
7.56751
7.55184
7.56375
7.58002
7.59932
7.61275
7.61925
7.6199
7.61958
7.61362
7.60584
7.57311
7.5027
7.4034
7.28638
7.16452
7.06038
6.99597
6.98434
7.01626
7.08471
7.1795
7.28302
7.38162
7.45786
7.51687
7.56102
7.59134
7.61813
7.65592
7.70883
7.76741
7.84452
7.92519
7.99812
8.05032
8.0845
8.09855
8.10683
8.10768
8.1064
8.09653
8.08264
8.06036
8.01574
7.96048
7.88638
7.80712
7.72926
7.66308
7.63557
7.65294
7.69605
7.75842
7.80302
7.81899
7.80564
7.76988
7.71431
7.64918
7.57527
7.50537
7.44584
7.40808
7.39167
7.40833
7.44806
7.51455
7.58793
7.66022
7.71713
7.75354
7.76508
7.75071
7.71246
7.65541
7.58811
7.52003
7.4677
7.44708
7.46
7.50331
7.58343
7.68278
7.79603
7.90925
8.00906
8.08779
8.12899
8.12564
8.07964
7.99257
7.88396
7.76262
7.64907
7.56371
7.50232
7.48595
7.51328
7.57285
7.64979
7.71448
7.74309
7.72516
7.68234
7.62008
7.55697
7.49828
7.43879
7.38672
7.36189
7.36912
7.41993
7.51664
7.64246
7.77154
7.88281
7.95554
7.97889
7.95591
7.88094
7.78021
7.67442
7.57772
7.50472
7.47255
7.47546
7.52254
7.60159
7.69873
7.80522
7.91062
7.9989
8.06134
8.09934
8.0999
8.05934
7.98598
7.88261
7.75953
7.63065
7.5025
7.38653
7.29297
7.22651
7.1924
7.18629
7.20522
7.25134
7.32409
7.41422
7.51726
7.62202
7.72013
7.79538
7.84449
7.86438
7.86016
7.83673
7.79488
7.74247
7.67865
7.61712
7.56499
7.53242
7.52213
7.53966
7.58712
7.65016
7.72763
7.80586
7.888
7.96476
8.02825
8.0763
8.09948
8.10515
8.09352
8.06495
8.01743
7.95539
7.88995
7.8173
7.74722
7.69412
7.64823
7.62203
7.61557
7.64758
7.70916
7.79146
7.88091
7.96947
8.02844
8.04331
8.00192
7.91494
7.79876
7.68618
7.59763
7.54957
7.53571
7.54688
7.57797
7.61258
7.64062
7.64308
7.62903
7.58515
7.5269
7.46804
7.426
7.40357
7.41957
7.45479
7.50669
7.57067
7.64141
7.69712
7.75084
7.78576
7.79772
7.79634
7.77669
7.73986
7.70161
7.6729
7.66769
7.68896
7.74599
7.83294
7.94297
8.05333
8.14734
8.1948
8.19365
8.13065
8.03949
7.92894
7.81809
7.70689
7.61009
7.5168
7.43212
7.35913
7.29399
7.24683
7.22557
7.226
7.24266
7.26472
7.29492
7.32279
7.35689
7.4039
7.4769
7.58134
7.71418
7.86675
8.0149
8.13168
8.20166
8.20799
8.15645
8.06866
7.95731
7.85867
7.78419
7.75163
7.76236
7.79651
7.84888
7.8953
7.93235
7.95048
7.94708
7.93581
7.91387
7.89198
7.8732
7.85468
7.84221
7.82544
7.80053
7.7526
7.68274
7.58167
7.45724
7.33325
7.22441
7.1448
7.1035
7.11103
7.163
7.25647
7.38909
7.5396
7.69501
7.82555
7.92377
7.98004
7.9828
7.94112
7.85525
7.7507
7.63675
7.53612
7.45977
7.41325
7.39873
7.41626
7.45543
7.50051
7.54559
7.58412
7.62004
7.63939
7.6517
7.66429
7.67566
7.68771
7.69874
7.70492
7.70704
7.70374
7.68668
7.66442
7.65159
7.64408
7.65417
7.6752
7.70999
7.75948
7.81707
7.88209
7.95256
8.0327
8.11744
8.20269
8.27507
8.31966
8.32416
8.27805
8.17891
8.04838
7.89094
7.73061
7.58332
7.46155
7.37964
7.34644
7.35318
7.4023
7.47209
7.55113
7.63247
7.70587
7.76412
7.81167
7.84427
7.8676
7.86536
7.84321
7.80624
7.75719
7.70334
7.64745
7.60386
7.5717
7.56561
7.58271
7.60735
7.64325
7.67568
7.68817
7.68597
7.65296
7.6136
7.57439
7.54484
7.53208
7.53055
7.53931
7.55445
7.57132
7.58065
7.5801
7.55691
7.51106
7.45211
7.38305
7.32932
7.30774
7.31688
7.36639
7.44802
7.5454
7.64219
7.73185
7.79124
7.83161
7.8539
7.85731
7.86104
7.86175
7.86484
7.8784
7.89677
7.92096
7.95392
7.99184
8.02419
8.04986
8.05182
8.03097
7.97716
7.89465
7.77987
7.6528
7.51994
7.40249
7.3175
7.26395
7.25467
7.2805
7.33519
7.41422
7.52166
7.64543
7.77813
7.90975
8.02106
8.10981
8.15432
8.15657
8.11299
8.02525
7.88977
7.7181
7.52693
7.33561
7.1676
7.03205
6.95164
6.9263
6.96228
7.0483
7.18077
7.34453
7.53235
7.719
7.88863
8.0222
8.10793
8.12894
8.09485
8.0037
7.88259
7.75916
7.64556
7.56878
7.53228
7.54004
7.57777
7.64972
7.72476
7.81263
7.89636
7.97237
8.01874
8.05004
8.05577
8.03413
7.99929
7.95829
7.92309
7.91372
7.9247
7.96021
8.00531
8.04551
8.05432
8.02066
7.92979
7.7875
7.61755
7.44022
7.29241
7.18027
7.10867
7.08285
7.09908
7.16035
7.2454
7.35824
7.48989
7.62197
7.73913
7.82774
7.8919
7.93087
7.9684
8.00468
8.05008
8.10059
8.13884
8.14809
8.12833
8.09293
8.04165
7.98669
7.94098
7.90252
7.87066
7.83739
7.78415
7.70937
7.61127
7.47964
7.35328
7.24789
7.17203
7.13369
7.13173
7.17141
7.25493
7.35009
7.46109
7.57125
7.66865
7.73141
7.7631
7.7656
7.73452
7.68834
7.63547
7.58984
7.55012
7.5185
7.49811
7.48838
7.50094
7.53781
7.60439
7.69276
7.80456
7.92895
8.03167
8.09464
8.08877
8.01636
7.88174
7.71422
7.5518
7.41932
7.33494
7.30469
7.33269
7.41245
7.52476
7.65352
7.77959
7.87433
7.9251
7.92256
7.8746
7.77941
7.6606
7.52251
7.39232
7.28383
7.21173
7.18446
7.20633
7.27426
7.3884
7.52811
7.69118
7.85432
7.99542
8.1063
8.17244
8.18253
8.1413
8.06365
7.96131
7.86421
7.7901
7.75176
7.76353
7.81584
7.9031
8.01568
8.12921
8.23261
8.30244
8.31877
8.2819
8.17098
7.99566
7.78357
7.56137
7.34752
7.1753
7.05656
6.98791
6.97461
7.00837
7.07958
7.17318
7.27403
7.37424
7.4676
7.55122
7.62777
7.7102
7.78605
7.86111
7.92807
7.97314
8.0072
8.01222
7.98808
7.92635
7.83943
7.745
7.64537
7.55387
7.48903
7.44873
7.42933
7.43209
7.44775
7.46339
7.47581
7.48606
7.50027
7.5259
7.56547
7.62995
7.70958
7.80717
7.90576
8.00613
8.09819
8.17041
8.21583
8.2335
8.22982
8.19704
8.12597
8.02136
7.88905
7.73599
7.58001
7.4322
7.30229
7.20097
7.12396
7.07989
7.06441
7.07657
7.11746
7.1814
7.26154
7.35388
7.4505
7.54615
7.633
7.70825
7.76713
7.79632
7.7985
7.77096
7.71805
7.6582
7.60181
7.56915
7.57127
7.6183
7.69886
7.80479
7.91228
8.01279
8.08263
8.12434
8.13309
8.12575
8.10248
8.0705
8.04113
8.00504
7.96692
7.90989
7.83865
7.74968
7.63533
7.50905
7.38346
7.27571
7.19951
7.16874
7.18573
7.24555
7.35213
7.48998
7.64117
7.78324
7.89177
7.94577
7.9496
7.89862
7.80066
7.67005
7.54233
7.44733
7.38958
7.38542
7.43543
7.52327
7.62475
7.72472
7.80218
7.84073
7.83983
7.80854
7.74798
7.67561
7.6045
7.53758
7.48039
7.4517
7.43295
7.42788
7.43579
7.46256
7.49508
7.52727
7.56652
7.59703
7.62795
7.65842
7.68953
7.7323
7.79926
7.88974
7.99774
8.11393
8.23006
8.33541
8.42356
8.48218
8.50113
8.4922
8.43637
8.34074
8.20425
8.03553
7.85501
7.6645
7.48321
7.3155
7.16322
7.03078
6.93903
6.88735
6.88656
6.93213
7.01894
7.14008
7.27894
7.41467
7.54488
7.65324
7.72349
7.75969
7.76546
7.76709
7.76799
7.7844
7.81769
7.85905
7.9001
7.92577
7.93303
7.91421
7.88408
7.84091
7.79719
7.75863
7.7282
7.70336
7.68607
7.67112
7.65515
7.63539
7.61671
7.59433
7.5784
7.57073
7.5817
7.59924
7.62809
7.65497
7.67949
7.67964
7.65998
7.62072
7.56768
7.51343
7.46889
7.4355
7.42033
7.42388
7.44544
7.47802
7.50969
7.53083
7.53704
7.53496
7.51839
7.48633
7.45317
7.41779
7.38557
7.3582
7.35396
7.37215
7.4189
7.49147
7.59025
7.70437
7.82355
7.94167
8.06193
8.16959
8.27033
8.35008
8.40525
8.41729
8.38912
8.31837
8.21612
8.08761
7.94169
7.78657
7.64068
7.51788
7.41296
7.34652
7.31601
7.31644
7.32945
7.35132
7.37207
7.38913
7.41259
7.43654
7.45791
7.46519
7.45384
7.42671
7.38515
7.34156
7.307
7.29217
7.29116
7.31017
7.33004
7.35899
7.38991
7.42686
7.47599
7.53221
7.60131
7.67978
7.7631
7.85358
7.93638
8.01683
8.09128
8.16273
8.22337
8.27355
8.3137
8.33694
8.35072
8.35662
8.35308
8.33767
8.31367
8.28456
8.2395
8.18936
8.12875
8.06566
7.99581
7.92642
7.85878
7.79283
7.71909
7.63952
7.54962
7.46299
7.37857
7.30559
7.25755
7.23207
7.22635
7.2366
7.25714
7.30052
7.35676
7.42577
7.48823
7.53514
7.55105
7.52571
7.48022
7.40809
7.33979
7.2842
7.25062
7.24215
7.25582
7.28362
7.32661
7.37459
7.44074
7.5143
7.59346
7.66961
7.72582
7.7451
7.73108
7.67807
7.6051
7.53513
7.47308
7.43316
7.41871
7.43276
7.46326
7.50068
7.53955
7.56071
7.57378
7.58593
7.61243
7.66403
7.74544
7.85549
7.97965
8.09849
8.20263
8.27163
8.29537
8.2706
8.21083
8.10955
7.98606
7.85093
7.72685
7.62092
7.53427
7.4808
7.45568
7.45448
7.47402
7.50721
7.55543
7.60623
7.65671
7.69779
7.73601
7.74983
7.73182
7.68557
7.60282
7.47788
7.34278
7.19783
7.06399
6.9583
6.89335
6.87822
6.90883
6.98235
7.09079
7.21758
7.36177
7.50306
7.63141
7.74546
7.85689
7.96255
8.06042
8.15243
8.2191
8.23139
8.19022
8.10004
7.98422
7.86425
7.76931
7.70452
7.67679
7.6757
7.68234
7.6972
7.71562
7.73899
7.77228
7.81464
7.8658
7.91614
7.94969
7.95585
7.93067
7.87781
7.80377
7.71285
7.61713
7.53401
7.48244
7.45901
7.48275
7.54562
7.64699
7.76417
7.8955
8.00948
8.09017
8.1209
8.08958
7.99472
7.86561
7.71457
7.55224
7.40079
7.28387
7.19582
7.14883
7.14087
7.17211
7.24586
7.34817
7.46733
7.59525
7.70882
7.79553
7.85115
7.87067
7.86593
7.83869
7.79588
7.74599
7.70275
7.67268
7.65188
7.63464
7.61895
7.60041
7.57601
7.5498
7.53018
7.51629
7.50573
7.48759
7.46374
7.41681
7.3739
7.34068
7.33771
7.37263
7.43477
7.52529
7.63487
7.74447
7.84295
7.91948
7.98295
8.01764
8.03464
8.03295
8.03235
8.032
8.03642
8.02831
8.02884
8.01582
7.987
7.94318
7.88441
7.81183
7.73641
7.66189
7.59332
7.53225
7.48535
7.44136
7.4126
7.39236
7.38539
7.3832
7.38863
7.40571
7.4271
7.45512
7.49335
7.5352
7.56941
7.60285
7.63354
7.66271
7.67959
7.69078
7.69379
7.69268
7.67474
7.66292
7.63558
7.61594
7.6139
7.63377
7.68109
7.76006
7.86518
7.9854
8.11336
8.234
8.32909
8.39386
8.43312
8.42285
8.35486
8.24245
8.0854
7.88643
7.66797
7.45336
7.2676
7.13304
7.0625
7.06418
7.13485
7.25581
7.41914
7.59923
7.77374
7.92611
8.03952
8.09944
8.10232
8.05457
7.95911
7.83426
7.69771
7.55951
7.42514
7.3034
7.20095
7.12118
7.07007
7.06071
7.09699
7.18737
7.33076
7.51425
7.72448
7.93526
8.13608
8.30395
8.42653
8.49174
8.48295
8.39938
8.26109
8.06811
7.85153
7.61967
7.40412
7.22301
7.08688
7.00728
6.98937
7.03037
7.11417
7.23619
7.36341
7.47328
7.56178
7.61461
7.63093
7.61743
7.58811
7.53212
7.48171
7.43049
7.3912
7.37004
7.37715
7.43091
7.52236
7.64668
7.79184
7.94763
8.09865
8.23215
8.33831
8.41642
8.45304
8.4511
8.41571
8.34054
8.23252
8.10035
7.95898
7.82888
7.72811
7.66607
7.65796
7.69586
7.76862
7.85367
7.93662
8.00436
8.03508
8.04082
8.01478
7.97531
7.93265
7.89086
7.85608
7.82979
7.80845
7.78296
7.75958
7.7344
7.70556
7.6794
7.6704
7.65988
7.65219
7.64916
7.6509
7.65866
7.65865
7.66069
7.65491
7.63404
7.5909
7.52024
7.41619
7.29825
7.18397
7.08992
7.03442
7.03147
7.06864
7.14674
7.24399
7.35625
7.47052
7.57818
7.66889
7.73803
7.7914
7.82522
7.84828
7.85525
7.85854
7.85422
7.85264
7.86033
7.86825
7.89042
7.90707
7.90325
7.88066
7.8405
7.78608
7.71906
7.66755
7.62076
7.5981
7.60654
7.63865
7.68189
7.72892
7.77581
7.80119
7.80999
7.79589
7.76279
7.71374
7.65529
7.59386
7.53666
7.49091
7.45507
7.42972
7.41216
7.402
7.40296
7.42085
7.45217
7.49973
7.55117
7.61829
7.6824
7.73961
7.7868
7.81138
7.80284
7.77213
7.72813
7.66166
7.59962
7.53434
7.46279
7.39039
7.32173
7.2806
7.26643
7.28478
7.3482
7.44104
7.5467
7.65764
7.76952
7.87186
7.95848
8.02937
8.07502
8.09705
8.10975
8.1136
8.10963
8.10108
8.07413
8.01879
7.93094
7.81513
7.68849
7.55296
7.43756
7.3572
7.3161
7.33071
7.39505
7.50672
7.66461
7.84915
8.03547
8.19136
8.2848
8.28873
8.20405
8.05131
7.84988
7.6356
7.43609
7.2804
7.17097
7.10381
7.0898
7.12023
7.19729
7.30194
7.42625
7.56663
7.69567
7.81073
7.89704
7.95605
7.97781
7.97323
7.94002
7.89025
7.82623
7.75231
7.67629
7.59782
7.52893
7.47651
7.45772
7.47301
7.50798
7.57182
7.64071
7.7032
7.7449
7.75385
7.73307
7.68269
7.62052
7.54025
7.45728
7.37965
7.30989
7.25072
7.21597
7.2115
7.25664
7.33597
7.44304
7.5693
7.6873
7.78436
7.84752
7.87613
7.89355
7.89885
7.90463
7.91089
7.9127
7.90882
7.89395
7.88021
7.86306
7.84004
7.8171
7.79441
7.77073
7.74085
7.70901
7.6597
7.59384
7.52063
7.43438
7.36692
7.31685
7.28794
7.28461
7.30743
7.35271
7.42922
7.54172
7.67827
7.83187
7.97963
8.10556
8.18749
8.22029
8.20267
8.1375
8.03744
7.93471
7.83955
7.76463
7.72269
7.70195
7.69864
7.7068
7.72146
7.72288
7.72504
7.71725
7.69602
7.66395
7.6262
7.58893
7.56077
7.54882
7.56024
7.59626
7.65308
7.71728
7.78753
7.84665
7.89261
7.91247
7.89731
7.84993
7.77746
7.68545
7.56977
7.46574
7.37795
7.31869
7.30058
7.3236
7.39516
7.50786
7.66243
7.84268
8.02511
8.19336
8.31343
8.3749
8.37521
8.31658
8.22257
8.10508
7.98088
7.86217
7.76232
7.67595
7.58872
7.50915
7.42829
7.34824
7.25738
7.16872
7.087
7.01993
6.97415
6.96119
6.99747
7.08512
7.22661
7.40736
7.59491
7.77898
7.93231
8.04315
8.09607
8.09938
8.05972
7.99175
7.91226
7.83989
7.79182
7.76292
7.76387
7.78093
7.8121
7.8468
7.87756
7.89829
7.90374
7.88966
7.86656
7.8208
7.75506
7.6704
7.57139
7.45178
7.3262
7.22177
7.14644
7.10446
7.11787
7.16886
7.25449
7.36486
7.4815
7.60189
7.72072
7.82813
7.92143
8.00833
8.07962
8.13332
8.16234
8.17439
8.1677
8.14081
8.1122
8.078
8.03254
7.97622
7.90228
7.81474
7.71527
7.62669
7.55421
7.51505
7.5072
7.53502
7.59012
7.64745
7.70429
7.75249
7.78976
7.80104
7.79714
7.77513
7.73873
7.69915
7.65648
7.6155
7.57072
7.52002
7.45861
7.38366
7.30224
7.22828
7.17404
7.14768
7.16397
7.22801
7.32279
7.44985
7.58461
7.72609
7.85557
7.95602
8.02205
8.05915
8.06707
8.05527
8.02447
7.97087
7.90635
7.83464
7.76606
7.71388
7.67846
7.66142
7.65815
7.65271
7.63648
7.59345
7.53039
7.4545
7.37476
7.30418
7.25166
7.22072
7.22295
7.25321
7.30914
7.37605
7.45483
7.52883
7.58506
7.62912
7.64634
7.65692
7.65784
7.66988
7.69969
7.75133
7.82624
7.91367
7.9946
8.05594
8.08814
8.08685
8.04484
7.97492
7.87835
7.76867
7.65413
7.55104
7.45736
7.38287
7.33395
7.28967
7.25345
7.21613
7.17474
7.13929
7.1236
7.1286
7.16082
7.22669
7.32991
7.45964
7.59479
7.73003
7.85142
7.9605
8.04254
8.09893
8.13604
8.14909
8.13606
8.10409
8.05123
7.99379
7.92695
7.86994
7.8299
7.80073
7.78175
7.76905
7.75554
7.73139
7.71006
7.69448
7.68969
7.714
7.77933
7.88553
8.02881
8.18751
8.35247
8.48376
8.5682
8.58955
8.54136
8.43102
8.26093
8.04554
7.80115
7.55215
7.32176
7.13318
6.99141
6.90015
6.86217
6.85977
6.88983
6.93369
6.98319
7.03611
7.07979
7.11922
7.16084
7.21465
7.27909
7.36447
7.46394
7.56321
7.64542
7.69954
7.7372
7.75017
7.7396
7.70989
7.66537
7.61823
7.54872
7.47929
7.41222
7.36554
7.34429
7.36487
7.42779
7.52713
7.65874
7.79852
7.93243
8.0382
8.10763
8.13809
8.1294
8.07549
7.98578
7.87078
7.75098
7.64402
7.57304
7.54283
7.54498
7.58577
7.64687
7.71665
7.78
7.82809
7.86582
7.88401
7.88566
7.86881
7.84447
7.80018
7.74734
7.68992
7.63515
7.58787
7.53422
7.48317
7.43549
7.38895
7.3641
7.35745
7.3749
7.40837
7.45925
7.51127
7.55807
7.59634
7.63007
7.66226
7.70189
7.74959
7.79624
7.85036
7.88516
7.90164
7.89111
7.86525
7.82704
7.78038
7.74067
7.70986
7.71137
7.74418
7.81441
7.92148
8.05066
8.192
8.32788
8.42197
8.45796
8.42314
8.33945
8.21948
8.07228
7.90821
7.74407
7.578
7.42631
7.29058
7.18431
7.10119
7.05869
7.05614
7.09402
7.17155
7.27813
7.40164
7.52762
7.63153
7.71284
7.7586
7.77244
7.7626
7.73419
7.69224
7.64211
7.58692
7.53287
7.48756
7.45679
7.44295
7.45878
7.50108
7.55368
7.62096
7.69669
7.76757
7.82568
7.88124
7.92545
7.96859
8.0071
8.04884
8.08239
8.10733
8.11851
8.12545
8.12415
8.11995
8.11515
8.10915
8.09502
8.07184
8.02232
7.95477
7.86575
7.76993
7.66773
7.55671
7.44193
7.33007
7.21765
7.12011
7.03679
6.97902
6.96154
6.98469
7.04943
7.14023
7.24686
7.3626
7.46772
7.55955
7.62428
7.67579
7.71561
7.762
7.81923
7.88229
7.94887
8.01038
8.05939
8.08713
8.08222
8.03563
7.95141
7.84849
7.73491
7.62663
7.53549
7.4688
7.41866
7.39785
7.40303
7.4204
7.43721
7.44
7.42658
7.41107
7.41758
7.43907
7.495
7.57441
7.66211
7.75774
7.84256
7.92576
7.99424
8.04763
8.08545
8.11706
8.13893
8.14229
8.13905
8.12913
8.11138
8.08657
8.05667
8.02977
8.00324
7.9837
7.96446
7.95434
7.9441
7.92646
7.89979
7.87457
7.84908
7.8357
7.83266
7.82717
7.815
7.80286
7.7961
7.80152
7.83182
7.86239
7.88416
7.88802
7.86191
7.81122
7.73793
7.65669
7.57106
7.49863
7.44511
7.41296
7.39051
7.37334
7.34613
7.31373
7.28393
7.26984
7.26771
7.27227
7.27781
7.28091
7.28217
7.28259
7.28606
7.29253
7.30915
7.32372
7.34784
7.38992
7.45571
7.54424
7.66634
7.80747
7.96396
8.1066
8.20545
8.23917
8.19764
8.08023
7.91586
7.73404
7.56405
7.42942
7.35283
7.33691
7.37964
7.46985
7.58737
7.71924
7.85389
7.97504
8.09052
8.19514
8.29057
8.37467
8.41713
8.4157
8.35265
8.23422
8.07542
7.90525
7.74271
7.60659
7.50205
7.42715
7.37424
7.34388
7.34338
7.35608
7.38159
7.41171
7.44084
7.47247
7.49805
7.5234
7.54547
7.5665
7.57748
7.58288
7.57491
7.54738
7.51276
7.47351
7.4309
7.39219
7.36408
7.34324
7.31712
7.29555
7.27507
7.27197
7.30336
7.36522
7.45416
7.56345
7.67501
7.76749
7.84115
7.88555
7.89549
7.87748
7.83952
7.78485
7.73925
7.71292
7.708
7.72047
7.75525
7.8005
7.85736
7.91853
7.98453
8.05104
8.1114
8.1518
8.17004
8.16009
8.12889
8.07773
8.02098
7.955
7.88719
7.81994
7.75029
7.6816
7.61366
7.55806
7.51276
7.48448
7.46659
7.46748
7.47674
7.50312
7.53924
7.5692
7.59004
7.60533
7.61036
7.60484
7.60002
7.57706
7.55647
7.54113
7.52375
7.53099
7.55364
7.59662
7.6518
7.71293
7.78373
7.84672
7.8925
7.92073
7.92358
7.89732
7.84547
7.76652
7.67295
7.57691
7.48643
7.40812
7.35122
7.31928
7.32611
7.37929
7.47907
7.6221
7.78637
7.94704
8.08898
8.19477
8.26041
8.27674
8.25659
8.19804
8.10545
7.98213
7.84676
7.69713
7.54284
7.40979
7.29628
7.22798
7.20475
7.22876
7.30482
7.42256
7.57261
7.73804
7.90263
8.04066
8.147
8.20811
8.21249
8.15403
8.0415
7.87824
7.67876
7.47153
7.27884
7.12211
6.99737
6.92379
6.89613
6.922
6.98886
7.08796
7.19719
7.31175
7.41441
7.50587
7.58986
7.65957
7.72314
7.77525
7.81464
7.85197
7.8807
7.91081
7.94338
7.97738
8.0125
8.03413
8.04522
8.0298
7.98213
7.90772
7.80133
7.68334
7.56621
7.45229
7.35473
7.28733
7.24921
7.24544
7.27895
7.35731
7.46916
7.60758
7.76896
7.92731
8.06566
8.16346
8.21682
8.22007
8.17948
8.0989
7.99734
7.88226
7.77324
7.67078
7.57863
7.50662
7.45374
7.42718
7.43443
7.47043
7.52982
7.59907
7.6781
7.75121
7.81292
7.8462
7.84717
7.8207
7.75573
7.66653
7.56103
7.45925
7.37513
7.32125
7.29478
7.30404
7.35077
7.42014
7.50502
7.59224
7.68059
7.74924
7.78633
7.80002
7.79175
7.77529
7.76611
7.77039
7.79354
7.83128
7.87652
7.91011
7.91391
7.87865
7.81853
7.7388
7.65077
7.58056
7.5137
7.46741
7.44613
7.4337
7.44493
7.47485
7.511
7.55895
7.62014
7.68221
7.73947
7.78748
7.82536
7.85125
7.8625
7.86952
7.86031
7.82831
7.77196
7.69462
7.59386
7.49754
7.40959
7.3465
7.32113
7.33831
7.41478
7.54412
7.72967
7.93172
8.13216
8.31422
8.44416
8.50681
8.50066
8.44138
8.34468
8.23706
8.13616
8.05095
7.98049
7.9162
7.84567
7.75719
7.64383
7.51418
7.38166
7.25459
7.14813
7.08394
7.05927
7.08942
7.16624
7.28191
7.41751
7.55014
7.66568
7.74909
7.78452
7.78152
7.74532
7.69259
7.62668
7.56512
7.52119
7.49092
7.47117
7.47097
7.4835
7.51731
7.55128
7.58013
7.61824
7.65033
7.67459
7.69448
7.70252
7.71599
7.73463
7.76074
7.789
7.80745
7.81274
7.79624
7.76512
7.7248
7.67763
7.63392
7.60071
7.5708
7.55789
7.55085
7.55526
7.56908
7.59269
7.61443
7.64789
7.68594
7.73838
7.80763
7.87277
7.94764
8.02707
8.10541
8.18625
8.24895
8.29146
8.30928
8.30235
8.25346
8.16894
8.0527
7.92126
7.77331
7.62185
7.4725
7.34383
7.23148
7.13657
7.07308
7.03177
7.02496
7.05338
7.11611
7.2161
7.34903
7.50301
7.66073
7.78793
7.88593
7.94029
7.94964
7.92336
7.86468
7.78449
7.68716
7.59052
7.49824
7.43935
7.41228
7.41308
7.44461
7.50502
7.58772
7.68551
7.7982
7.92476
8.06202
8.20778
8.34242
8.43393
8.47308
8.4444
8.34482
8.17883
7.97046
7.73928
7.50901
7.2955
7.11781
6.99158
6.92169
6.91517
6.97041
7.08649
7.247
7.44161
7.64837
7.83932
7.99594
8.09794
8.13876
8.11402
8.03333
7.91742
7.79656
7.68289
7.59576
7.53794
7.52075
7.54181
7.58935
7.64433
7.6981
7.73616
7.76302
7.76728
7.75559
7.73513
7.71499
7.6992
7.69562
7.69915
7.69016
7.67269
7.63013
7.57858
7.52233
7.47115
7.43785
7.42168
7.43015
7.46389
7.51354
7.58044
7.65808
7.73987
7.82224
7.90918
7.9904
8.05135
8.08918
8.10568
8.09504
8.06186
8.02205
7.96703
7.91973
7.88037
7.84505
7.82104
7.81379
7.82035
7.83414
7.86015
7.89114
7.92092
7.93814
7.92302
7.87154
7.77864
7.66917
7.54041
7.41975
7.32127
7.24533
7.1966
7.17406
7.17593
7.19215
7.22542
7.25725
7.29053
7.31269
7.32406
7.33664
7.34975
7.37565
7.42824
7.50749
7.61113
7.74376
7.89039
8.03393
8.15999
8.25159
8.29325
8.28237
8.22663
8.12837
8.00053
7.86441
7.72837
7.6017
7.49789
7.42249
7.38498
7.37567
7.40282
7.45447
7.52155
7.59573
7.67135
7.73513
7.77581
7.78113
7.75087
7.69545
7.61813
7.54307
7.47663
7.4325
7.42322
7.44643
7.50193
7.58902
7.68955
7.81135
7.93201
8.04529
8.14054
8.21089
8.25838
8.26899
8.25543
8.20852
8.13372
8.04081
7.93663
7.82865
7.7258
7.63286
7.55046
7.4875
7.44585
7.41581
7.40354
7.41318
7.44427
7.48994
7.55248
7.61892
7.67359
7.71116
7.71793
7.68905
7.62489
7.53261
7.42439
7.31697
7.23288
7.17436
7.1523
7.16589
7.2198
7.30454
7.41536
7.54308
7.68255
7.81642
7.94122
8.04912
8.13825
8.19405
8.21107
8.19744
8.1546
8.09047
8.02455
7.95927
7.89991
7.85802
7.83819
7.83434
7.84688
7.86752
7.88756
7.88512
7.86215
7.81227
7.7469
7.67177
7.6034
7.55504
7.52713
7.52027
7.52968
7.55174
7.57335
7.58741
7.59434
7.59317
7.57724
7.54382
7.49165
7.42443
7.3459
7.26758
7.19811
7.15218
7.15011
7.1972
7.29553
7.43444
7.60899
7.79976
7.97969
8.13217
8.22844
8.25488
8.20995
8.1017
7.95225
7.79058
7.63793
7.52815
7.44748
7.41372
7.41087
7.43513
7.47155
7.50866
7.54306
7.57823
7.61342
7.65067
7.68682
7.72035
7.7341
7.73411
7.70846
7.66972
7.63075
7.59141
7.56173
7.56091
7.58613
7.62909
7.69006
7.76561
7.8387
7.90766
7.96208
7.98799
7.98107
7.94231
7.87007
7.77548
7.66416
7.53719
7.41044
7.29044
7.20549
7.16819
7.19065
7.27482
7.40922
7.57486
7.75352
7.91997
8.05213
8.1297
8.15997
8.15338
8.1193
8.07214
8.02054
7.95701
7.871
7.76073
7.62749
7.50941
7.42959
7.40284
7.44477
7.53158
7.64203
7.75029
7.82941
7.86676
7.85012
7.79095
7.70976
7.6315
7.56267
7.53258
7.54135
7.60338
7.69133
7.7913
7.87824
7.91237
7.89683
7.82414
7.70773
7.57738
7.4498
7.35723
7.29814
7.27911
7.29697
7.33586
7.39863
7.47396
7.56451
7.65722
7.74657
7.82886
7.89439
7.94412
7.97368
7.98184
7.96567
7.92492
7.86014
7.77807
7.6857
7.60375
7.54166
7.50165
7.49833
7.53233
7.60906
7.72166
7.86514
8.02809
8.19414
8.33325
8.4303
8.46363
8.42816
8.32628
8.17343
7.9833
7.77609
7.56536
7.36709
7.18528
7.04128
6.93235
6.86136
6.83803
6.86722
6.93944
7.05799
7.21316
7.38073
7.55576
7.72842
7.88358
8.01626
8.12091
8.19964
8.24391
8.2403
8.18483
8.08284
7.93305
7.76629
7.60102
7.46243
7.35675
7.29662
7.26415
7.25522
7.26395
7.29548
7.34603
7.42528
7.51335
7.60247
7.69072
7.76878
7.82763
7.87025
7.89357
7.8951
7.88483
7.8623
7.83732
7.81184
7.79502
7.7746
7.75418
7.7431
7.74075
7.75917
7.80463
7.88039
7.99346
8.12891
8.26489
8.38267
8.45412
8.47413
8.43369
8.3383
8.20723
8.07345
7.94806
7.83987
7.74345
7.66314
7.59519
7.53516
7.48219
7.43979
7.40563
7.38524
7.37613
7.37579
7.39012
7.42219
7.46391
7.50692
7.53926
7.54995
7.53342
7.49289
7.42222
7.32879
7.22469
7.11965
7.03764
6.98835
6.9805
7.01493
7.10175
7.22703
7.3816
7.56042
7.73957
7.91502
8.07788
8.22517
8.34714
8.43693
8.4825
8.4818
8.43191
8.33859
8.2257
8.08167
7.93333
7.78925
7.64739
7.51927
7.41678
7.34391
7.30521
7.30759
7.35149
7.43257
7.53348
7.64391
7.75612
7.85261
7.92656
7.9824
8.00574
8.00027
7.95848
7.88494
7.79659
7.69417
7.61034
7.55471
7.52927
7.54263
7.58365
7.6454
7.70915
7.76244
7.79177
7.79837
7.78141
7.7394
7.70279
7.68138
7.68293
7.70687
7.75345
7.8043
7.84621
7.87305
7.86406
7.8184
7.7351
7.6384
7.54066
7.46101
7.40252
7.36975
7.36012
7.36567
7.38816
7.42011
7.46104
7.50925
7.55828
7.61215
7.66327
7.71405
7.74947
7.76848
7.7766
7.78455
7.78657
7.80128
7.82811
7.86501
7.90525
7.94176
7.97297
8.00492
8.02345
8.04925
8.0781
8.09202
8.09624
8.07623
8.02338
7.95462
7.86592
7.75805
7.64144
7.52655
7.41354
7.31445
7.24788
7.20974
7.20778
7.25247
7.32387
7.42698
7.54517
7.66782
7.76822
7.83537
7.84681
7.81124
7.73614
7.63622
7.53995
7.46729
7.44627
7.46061
7.51422
7.58393
7.65154
7.70589
7.73908
7.74565
7.72637
7.68733
7.63531
7.58083
7.53779
7.50375
7.4906
7.51126
7.56515
7.65424
7.77563
7.92605
8.09357
8.26999
8.43235
8.55026
8.60667
8.59869
8.53517
8.43933
8.33439
8.2409
8.16271
8.11555
8.07705
8.04961
8.01886
7.98554
7.95352
7.92001
7.88606
7.84667
7.80665
7.75098
7.67765
7.59434
7.51199
7.43099
7.36224
7.29332
7.21369
7.13246
7.05454
6.99939
6.98462
7.01444
7.08492
7.18618
7.30084
7.42633
7.56483
7.71043
7.85023
7.9803
8.06305
8.08193
8.04626
7.96407
7.86545
7.76329
7.66925
7.58566
7.52342
7.48789
7.4752
7.49427
7.5342
7.5916
7.65077
7.68735
7.69158
7.6515
7.56986
7.46479
7.36096
7.28008
7.23459
7.23131
7.27643
7.36252
7.48862
7.63208
7.78202
7.93438
8.06333
8.15037
8.17448
8.12974
8.03076
7.91178
7.79407
7.70923
7.68168
7.71051
7.78726
7.89504
8.00252
8.07933
8.10821
8.07077
7.9765
7.8463
7.7134
7.59614
7.51455
7.47293
7.46497
7.47795
7.50078
7.52499
7.53599
7.53625
7.5243
7.5019
7.47209
7.43062
7.38196
7.33339
7.28637
7.25638
7.24719
7.26201
7.30802
7.37841
7.46697
7.5692
7.67328
7.7791
7.88093
7.97258
8.05194
8.11402
8.15487
8.1753
8.17632
8.1606
8.1361
8.11309
8.09388
8.081
8.06499
8.05089
8.03117
8.01189
7.99764
7.97853
7.96588
7.96445
7.96772
7.96632
7.96686
7.94882
7.90161
7.81797
7.70371
7.56722
7.4228
7.29925
7.20291
7.1371
7.1283
7.16657
7.25504
7.36739
7.49749
7.62845
7.74745
7.83709
7.8827
7.87182
7.81527
7.72263
7.6081
7.50458
7.42446
7.38664
7.40347
7.47208
7.58018
7.71373
7.85297
7.98048
8.09337
8.17629
8.22486
8.23669
8.21138
8.14707
8.06002
7.96198
7.86539
7.77525
7.70091
7.64284
7.58468
7.52461
7.46654
7.40938
7.35659
7.31554
7.29072
7.29406
7.33367
7.41417
7.53354
7.68167
7.84544
7.99858
8.124
8.20413
8.22706
8.20367
8.14664
8.05593
7.95009
7.82276
7.69132
7.54829
7.40331
7.25899
7.13397
7.03462
6.9733
6.9558
6.9874
7.06285
7.16027
7.26942
7.38194
7.49644
7.59807
7.6914
7.76453
7.81879
7.85027
7.8585
7.85508
7.84777
7.84183
7.85545
7.89464
7.95798
8.02276
8.08225
8.11483
8.11086
8.061
7.96918
7.83844
7.68576
7.52686
7.38663
7.27838
7.21081
7.18221
7.19237
7.24078
7.31151
7.40902
7.51437
7.62686
7.73448
7.82692
7.8913
7.91878
7.91817
7.8859
7.83954
7.79623
7.76717
7.75278
7.76929
7.79247
7.81852
7.83908
7.83938
7.81285
7.75551
7.67657
7.58238
7.48859
7.40076
7.33067
7.28519
7.2734
7.29077
7.33513
7.39524
7.45708
7.51708
7.58378
7.65018
7.71576
7.78062
7.84947
7.92512
8.00568
8.07506
8.12834
8.1589
8.16
8.15004
8.12847
8.10649
8.08557
8.05878
8.02992
7.99804
7.95662
7.90888
7.86004
7.79729
7.72779
7.65376
7.57741
7.50281
7.43296
7.37053
7.32786
7.31408
7.33801
7.3842
7.44787
7.52145
7.59238
7.65655
7.71313
7.75177
7.7724
7.77283
7.75302
7.71254
7.65601
7.58594
7.51565
7.45072
7.40451
7.38326
7.38786
7.41383
7.44741
7.4959
7.54411
7.58562
7.61541
7.64183
7.65927
7.66439
7.65358
7.63003
7.59593
7.56843
7.55623
7.56047
7.59204
7.63532
7.69509
7.7602
7.83433
7.91978
8.00837
8.10574
8.20196
8.27297
8.31037
8.29872
8.23876
8.14027
8.01622
7.88695
7.77044
7.6878
7.63915
7.62985
7.64737
7.67688
7.71046
7.74539
7.77006
7.78093
7.77691
7.75533
7.71755
7.66319
7.60268
7.53292
7.46089
7.39299
7.33518
7.28314
7.24732
7.23321
7.23569
7.26464
7.31458
7.38291
7.47023
7.56027
7.64879
7.71728
7.77095
7.78708
7.77598
7.74408
7.69855
7.65925
7.63528
7.62935
7.6382
7.65318
7.6624
7.65871
7.65821
7.656
7.66622
7.69913
7.75084
7.8276
7.91324
7.99845
8.07601
8.14338
8.19104
8.21993
8.22326
8.19783
8.14163
8.06576
7.98183
7.8939
7.80512
7.71997
7.64055
7.5767
7.53998
7.53148
7.55564
7.60196
7.66188
7.71815
7.75183
7.76403
7.75761
7.73717
7.69728
7.64436
7.57452
7.49606
7.40905
7.32332
7.24727
7.19127
7.17231
7.18744
7.23808
7.32409
7.44057
7.5776
7.72014
7.85247
7.96691
8.05413
8.10311
8.10648
8.06718
7.98592
7.88679
7.76842
7.64793
7.54171
7.46346
7.41413
7.40094
7.41463
7.46779
7.53582
7.61686
7.69495
7.75605
7.80345
7.82561
7.81081
7.77008
7.71086
7.64489
7.58471
7.52378
7.47882
7.45297
7.451
7.47428
7.52302
7.58609
7.65449
7.71632
7.7679
7.80567
7.82995
7.84117
7.84233
7.82979
7.80873
7.77957
7.75391
7.74569
7.75916
7.79076
7.83535
7.87933
7.91286
7.92715
7.92042
7.90285
7.88028
7.86364
7.85828
7.86735
7.87822
7.89052
7.89404
7.88208
7.84532
7.78496
7.70397
7.61886
7.53118
7.46241
7.42472
7.41159
7.4288
7.45778
7.49144
7.51604
7.52086
7.50381
7.45879
7.40036
7.33707
7.2726
7.21867
7.17239
7.14243
7.12871
7.13945
7.17203
7.24016
7.32958
7.43545
7.55817
7.68146
7.80302
7.91367
8.0074
8.09218
8.15535
8.19647
8.21179
8.20944
8.18645
8.14555
8.09258
8.01912
7.9402
7.85914
7.78063
7.71291
7.65641
7.60326
7.5564
7.50926
7.46872
7.44401
7.44875
7.48881
7.56285
7.66683
7.79054
7.91033
8.02103
8.11501
8.18253
8.22123
8.22893
8.20281
8.15128
8.07172
7.97084
7.85611
7.73104
7.59742
7.46082
7.31915
7.18353
7.06401
6.96814
6.90284
6.86315
6.85215
6.8688
6.92694
7.01766
7.1334
7.26687
7.40491
7.52598
7.62551
7.69498
7.73624
7.75575
7.75745
7.7509
7.74727
7.75299
7.76474
7.79396
7.83347
7.86834
7.90597
7.93971
7.9659
7.98943
8.00158
8.0054
8.00415
7.99887
8.00054
8.01394
8.04568
8.09364
8.15354
8.21645
8.28164
8.33125
8.36456
8.36776
8.34484
8.27868
8.17495
8.03447
7.87322
7.7115
7.56343
7.4461
7.36741
7.33583
7.35327
7.41101
7.50546
7.62413
7.75347
7.88025
7.98734
8.06438
8.10321
8.10332
8.06986
8.00467
7.92406
7.83424
7.74676
7.6769
7.62611
7.59554
7.57507
7.55437
7.53749
7.50108
7.43894
7.36221
7.26915
7.174
7.08751
7.01881
6.9742
6.95634
6.95919
6.98268
