1.2
1.20001
1.20002
1.20004
1.20007
1.20011
1.20015
1.20019
1.20024
1.2003
1.20037
1.20044
1.20052
1.2006
1.2007
1.20079
1.2009
1.20101
1.20114
1.20126
1.2014
1.20155
1.2017
1.20186
1.20203
1.20221
1.2024
1.20259
1.2028
1.20302
1.20325
1.20348
1.20373
1.20399
1.20427
1.20455
1.20485
1.20516
1.20548
1.20582
1.20618
1.20655
1.20693
1.20733
1.20775
1.20819
1.20864
1.20912
1.20962
1.21014
1.21068
1.21125
1.21184
1.21245
1.2131
1.21377
1.21448
1.21522
1.21599
1.2168
1.21764
1.21852
1.21945
1.22042
1.22143
1.22248
1.22359
1.22474
1.22594
1.22718
1.22847
1.22981
1.23118
1.23257
1.23399
1.2354
1.23679
1.23812
1.23936
1.24044
1.24132
1.2419
1.24211
1.24186
1.24108
1.23976
1.23794
1.23578
1.23357
1.2317
1.23057
1.23051
1.23169
1.23408
1.23748
1.2416
1.24612
1.25071
1.25512
1.25914
1.26262
1.26547
1.26766
1.2692
1.27013
1.27053
1.27049
1.27014
1.26965
1.2692
1.26896
1.26908
1.26966
1.27071
1.27218
1.27395
1.2759
1.27789
1.27982
1.28159
1.28318
1.28455
1.2857
1.28662
1.28732
1.28782
1.28813
1.28828
1.28831
1.28827
1.28824
1.2883
1.28854
1.28903
1.28983
1.29098
1.29247
1.29428
1.29638
1.2987
1.30113
1.3036
1.30597
1.30815
1.31001
1.31145
1.31235
1.3126
1.31209
1.31077
1.3086
1.30568
1.30221
1.29861
1.29543
1.29327
1.2927
1.29398
1.29708
1.30159
1.30695
1.31256
1.31793
1.32276
1.32688
1.33027
1.33298
1.3351
1.33671
1.33791
1.33878
1.33938
1.33977
1.33999
1.34008
1.34006
1.33999
1.33988
1.33978
1.33971
1.33971
1.33982
1.34007
1.34049
1.34112
1.34196
1.34298
1.34414
1.34534
1.34648
1.34746
1.34819
1.34862
1.34877
1.34869
1.34849
1.3483
1.34823
1.34835
1.34864
1.349
1.34923
1.34912
1.34847
1.3472
1.34539
1.34335
1.34153
1.34049
1.34066
1.34224
1.34506
1.34871
1.35269
1.35655
1.35998
1.3628
1.36494
1.3664
1.3672
1.36743
1.36724
1.36687
1.36664
1.36688
1.36784
1.36962
1.3721
1.375
1.37802
1.38087
1.38338
1.38548
1.38716
1.38846
1.38943
1.39011
1.39052
1.39068
1.39059
1.39026
1.3897
1.38898
1.38819
1.38742
1.38682
1.38647
1.38642
1.38658
1.38678
1.38674
1.38616
1.38484
1.38277
1.38021
1.37766
1.37568
1.37465
1.37451
1.37476
1.37473
1.37389
1.37213
1.36983
1.36785
1.36726
1.36896
1.37322
1.37959
1.38709
1.39473
1.40174
1.40776
1.41266
1.41653
1.41945
1.42151
1.42271
1.42295
1.422
1.41954
1.41518
1.40863
1.39996
1.38996
1.38023
1.37273
1.36867
1.36795
1.36957
1.37262
1.3767
1.38164
1.38701
1.39208
1.39605
1.39834
1.39865
1.39706
1.39392
1.3898
1.38544
1.38162
1.37899
1.37795
1.37853
1.38046
1.38332
1.38667
1.39013
1.39344
1.3964
1.3989
1.40086
1.40223
1.40302
1.40331
1.40323
1.40297
1.40277
1.40281
1.40324
1.40406
1.4052
1.40646
1.40763
1.4085
1.40888
1.40863
1.40767
1.4059
1.40328
1.39976
1.39531
1.38991
1.38365
1.37672
1.36945
1.3624
1.3562
1.3515
1.34876
1.34815
1.34945
1.35218
1.35572
1.3595
1.36308
1.36625
1.36893
1.37118
1.37308
1.37471
1.37611
1.37731
1.37831
1.37912
1.37977
1.3803
1.38074
1.38109
1.38138
1.38158
1.38169
1.38167
1.38152
1.38122
1.38075
1.38013
1.37934
1.37839
1.37731
1.3761
1.37481
1.37348
1.37217
1.37096
1.36991
1.36909
1.36852
1.3682
1.36806
1.36802
1.36796
1.36774
1.36726
1.36642
1.3652
1.36359
1.36167
1.35954
1.35736
1.35529
1.35349
1.35213
1.35131
1.35107
1.3513
1.35174
1.352
1.35161
1.35016
1.34746
1.34374
1.33976
1.33667
1.33567
1.33735
1.34138
1.34668
1.35204
1.35651
1.35959
1.36115
1.36133
1.36044
1.35895
1.35745
1.35658
1.35683
1.35845
1.36132
1.36505
1.36914
1.37314
1.37674
1.37978
1.38221
1.38404
1.38529
1.38598
1.38612
1.38569
1.38467
1.38301
1.3807
1.37772
1.37411
1.36998
1.36549
1.36089
1.35647
1.35255
1.34942
1.3473
1.34627
1.34635
1.34744
1.34942
1.35214
1.35551
1.35943
1.3638
1.36844
1.37312
1.37757
1.38147
1.38454
1.38655
1.38732
1.38679
1.385
1.38214
1.37859
1.3749
1.37176
1.36982
1.36954
1.37099
1.37387
1.37761
1.38156
1.38518
1.3881
1.39017
1.39138
1.39183
1.39168
1.39108
1.39022
1.3892
1.38814
1.38709
1.38609
1.38515
1.3843
1.38358
1.38302
1.38269
1.38265
1.38295
1.38361
1.38462
1.38593
1.38743
1.38904
1.39065
1.39216
1.3935
1.39463
1.39551
1.39611
1.39643
1.39647
1.39623
1.39573
1.39499
1.39409
1.39309
1.3921
1.39119
1.3904
1.38972
1.38906
1.38829
1.38725
1.38587
1.38415
1.38222
1.38029
1.37863
1.37745
1.37681
1.3766
1.37654
1.3763
1.37564
1.37452
1.37326
1.37238
1.37245
1.37377
1.37625
1.37945
1.38287
1.38609
1.38895
1.39141
1.39355
1.39544
1.39712
1.39857
1.39976
1.40061
1.40107
1.4011
1.40068
1.39982
1.39855
1.39688
1.39481
1.39231
1.38934
1.38585
1.38184
1.3774
1.37275
1.36823
1.36427
1.36134
1.35985
1.36005
1.36199
1.36549
1.37012
1.37533
1.38055
1.38531
1.38929
1.39233
1.39443
1.39563
1.39604
1.39578
1.39497
1.39371
1.39211
1.39029
1.38833
1.38635
1.38444
1.3827
1.38119
1.37999
1.37912
1.37862
1.37849
1.37873
1.37933
1.38025
1.38143
1.38281
1.3843
1.38585
1.38736
1.38877
1.39001
1.391
1.39167
1.39197
1.39184
1.39125
1.39021
1.38875
1.38697
1.38499
1.38298
1.38111
1.37954
1.37841
1.37779
1.37774
1.37825
1.37924
1.38061
1.38221
1.38389
1.38551
1.38698
1.38828
1.38942
1.3905
1.3916
1.39285
1.39428
1.39592
1.39772
1.39959
1.40142
1.40311
1.40457
1.40578
1.40671
1.4074
1.40789
1.40825
1.40856
1.40891
1.40935
1.40994
1.41069
1.41159
1.41258
1.41356
1.4144
1.41495
1.41503
1.41448
1.41313
1.41085
1.40757
1.40334
1.39835
1.393
1.38788
1.38371
1.38113
1.38051
1.38188
1.38485
1.38885
1.39322
1.39743
1.4011
1.40406
1.40637
1.40822
1.4099
1.41171
1.4138
1.41606
1.41809
1.41928
1.41892
1.4164
1.41143
1.40437
1.39659
1.39036
1.38811
1.39097
1.39802
1.40705
1.41589
1.4233
1.42892
1.43292
1.43568
1.43758
1.43892
1.43987
1.44055
1.44099
1.44115
1.44098
1.44041
1.43939
1.43784
1.43576
1.43315
1.43008
1.42669
1.4232
1.41987
1.41701
1.41494
1.4139
1.41403
1.41536
1.41778
1.42109
1.42507
1.42944
1.43396
1.43839
1.44252
1.44617
1.44921
1.45154
1.45312
1.45396
1.45412
1.45373
1.45293
1.45191
1.45087
1.44996
1.44933
1.44906
1.44921
1.44977
1.45072
1.45196
1.45339
1.45485
1.45615
1.45708
1.45735
1.45668
1.45473
1.45115
1.44563
1.43798
1.42828
1.41699
1.4052
1.39454
1.3869
1.38383
1.38583
1.39217
1.40123
1.41115
1.42043
1.4281
1.43371
1.43721
1.43879
1.43876
1.43755
1.43566
1.43355
1.43165
1.43022
1.42934
1.42884
1.42839
1.4275
1.42575
1.42314
1.42033
1.41859
1.41921
1.42267
1.42833
1.43488
1.44107
1.44615
1.44995
1.45257
1.45426
1.45525
1.45573
1.45582
1.45559
1.45506
1.45424
1.45309
1.45158
1.44965
1.44725
1.44434
1.44088
1.43688
1.43238
1.42749
1.42242
1.4174
1.41276
1.40883
1.4059
1.40419
1.40377
1.40453
1.40622
1.40847
1.41092
1.41332
1.41557
1.41769
1.4198
1.42204
1.42448
1.4271
1.42982
1.43251
1.43502
1.43723
1.43906
1.4405
1.44152
1.44217
1.44247
1.44247
1.44221
1.44173
1.44105
1.44017
1.43908
1.43774
1.43609
1.43405
1.43153
1.42844
1.42476
1.42061
1.41626
1.41224
1.40916
1.40756
1.40761
1.40899
1.41105
1.41308
1.41464
1.41567
1.41639
1.41724
1.41859
1.42061
1.42321
1.42612
1.42901
1.43162
1.43377
1.43543
1.4366
1.43736
1.4378
1.438
1.43802
1.43794
1.43778
1.43758
1.43736
1.43715
1.43697
1.43681
1.43668
1.43654
1.43635
1.436
1.43533
1.43416
1.43229
1.42958
1.426
1.42183
1.41762
1.41422
1.41244
1.41267
1.4147
1.41778
1.42104
1.42375
1.42542
1.42579
1.42468
1.42197
1.41769
1.41211
1.40596
1.40034
1.39647
1.39509
1.39613
1.39883
1.40218
1.40544
1.40823
1.4105
1.41234
1.4139
1.4153
1.4166
1.41783
1.41897
1.42007
1.42119
1.42248
1.42415
1.42638
1.42926
1.43273
1.43658
1.44052
1.44425
1.44754
1.45024
1.45226
1.45359
1.45425
1.45426
1.45362
1.45235
1.45043
1.44787
1.44465
1.44084
1.43657
1.43207
1.42771
1.42393
1.42117
1.41974
1.41972
1.42095
1.42312
1.42589
1.42897
1.43216
1.43535
1.43847
1.44149
1.4444
1.44717
1.44981
1.45227
1.45457
1.45666
1.45854
1.46018
1.46154
1.46259
1.46331
1.46369
1.46373
1.46345
1.46292
1.46219
1.46135
1.46044
1.45949
1.45848
1.45734
1.45596
1.45424
1.45205
1.44932
1.446
1.44206
1.43754
1.43256
1.42742
1.42264
1.41889
1.41688
1.4171
1.4196
1.42398
1.42954
1.43556
1.44144
1.44685
1.45163
1.45575
1.45923
1.46212
1.46447
1.46634
1.46779
1.46891
1.46981
1.47059
1.47134
1.47214
1.473
1.47391
1.47485
1.47574
1.2
1.2007
1.20135
1.20186
1.20221
1.20237
1.20231
1.20201
1.20146
1.20063
1.19949
1.19802
1.1962
1.19402
1.19149
1.18862
1.18549
1.18218
1.17885
1.17564
1.17276
1.17037
1.16863
1.1676
1.1673
1.16764
1.16848
1.16964
1.17091
1.17211
1.17309
1.17376
1.17411
1.17422
1.1742
1.17423
1.17447
1.17507
1.17609
1.17758
1.17949
1.18177
1.18434
1.18709
1.18992
1.19272
1.1954
1.1979
1.20016
1.20214
1.20382
1.20517
1.20619
1.20688
1.20722
1.20723
1.20693
1.20636
1.20559
1.20468
1.2037
1.20272
1.20174
1.2007
1.19947
1.19787
1.19567
1.19271
1.18888
1.18426
1.17911
1.17383
1.16893
1.16485
1.16184
1.15993
1.159
1.15891
1.15953
1.16083
1.1628
1.16543
1.16866
1.17232
1.17619
1.18002
1.18355
1.18659
1.18903
1.19079
1.19189
1.19234
1.19222
1.19158
1.19051
1.18907
1.18734
1.18538
1.18324
1.18099
1.17867
1.17633
1.17401
1.17176
1.16961
1.16759
1.16571
1.16398
1.16237
1.16088
1.1595
1.1583
1.15736
1.15686
1.15695
1.15774
1.15918
1.16114
1.16336
1.16557
1.16758
1.16923
1.17048
1.17135
1.17186
1.17206
1.17197
1.17157
1.17081
1.16962
1.16787
1.16543
1.1622
1.15816
1.15351
1.14872
1.14459
1.14201
1.14165
1.14358
1.1472
1.15156
1.15568
1.15884
1.16063
1.16087
1.15959
1.15702
1.15367
1.1503
1.14783
1.14703
1.1482
1.15102
1.15472
1.15847
1.16162
1.16379
1.16483
1.16471
1.16343
1.16099
1.15741
1.15282
1.14754
1.14213
1.13731
1.13368
1.13144
1.1303
1.12966
1.12901
1.1281
1.12712
1.12649
1.12675
1.12826
1.13114
1.13516
1.13983
1.1446
1.14899
1.15267
1.1555
1.15744
1.15858
1.15901
1.15888
1.15832
1.15749
1.1565
1.15549
1.15456
1.15378
1.15319
1.15279
1.15258
1.15249
1.15246
1.15238
1.15214
1.15162
1.15071
1.14929
1.14727
1.14462
1.14139
1.13779
1.13416
1.13104
1.12907
1.1288
1.13054
1.1342
1.13927
1.14505
1.15078
1.15585
1.15982
1.16241
1.16348
1.16296
1.16089
1.1574
1.15276
1.14742
1.14198
1.13706
1.13311
1.13033
1.12867
1.128
1.12831
1.12974
1.13243
1.13631
1.141
1.14585
1.15011
1.15308
1.15421
1.15308
1.14945
1.1433
1.1349
1.12499
1.11478
1.10582
1.09954
1.09666
1.09696
1.09947
1.103
1.10664
1.10992
1.11275
1.11523
1.11756
1.11991
1.1224
1.12513
1.12817
1.13154
1.13524
1.13918
1.14321
1.14713
1.15075
1.15389
1.15642
1.15829
1.15947
1.15999
1.15989
1.15925
1.15813
1.15663
1.15482
1.1528
1.15066
1.14852
1.14645
1.14453
1.14279
1.14127
1.13994
1.13877
1.13772
1.13676
1.13587
1.13504
1.13428
1.13358
1.13296
1.13245
1.13206
1.13183
1.13177
1.1319
1.13224
1.13277
1.13348
1.13433
1.13528
1.13629
1.13732
1.13837
1.13943
1.1405
1.14159
1.14272
1.14388
1.14509
1.14635
1.14765
1.14897
1.15029
1.15159
1.15281
1.15393
1.15489
1.15566
1.15617
1.15638
1.15624
1.15572
1.15475
1.15332
1.1514
1.14897
1.14607
1.14275
1.13911
1.13532
1.1316
1.1282
1.12542
1.12355
1.12283
1.12341
1.12529
1.12831
1.13219
1.13652
1.14092
1.14504
1.14866
1.15166
1.15404
1.15584
1.15717
1.15813
1.15882
1.15931
1.15965
1.15986
1.15995
1.1599
1.1597
1.15934
1.15881
1.15812
1.15733
1.1565
1.15569
1.155
1.15449
1.15419
1.15411
1.15421
1.15442
1.15464
1.15481
1.15485
1.15473
1.15443
1.15395
1.15335
1.15269
1.15211
1.15174
1.15177
1.1523
1.15338
1.15493
1.15675
1.15857
1.1601
1.16112
1.16144
1.16098
1.15975
1.15783
1.15538
1.15262
1.14981
1.14724
1.14514
1.14367
1.14287
1.14267
1.14294
1.14351
1.14428
1.14517
1.14617
1.14733
1.14871
1.15036
1.15231
1.15457
1.15709
1.15978
1.16251
1.16517
1.16761
1.16969
1.17128
1.17223
1.1724
1.17165
1.16985
1.16694
1.16294
1.15812
1.15299
1.1483
1.14488
1.14331
1.14371
1.1457
1.14864
1.1519
1.15501
1.15774
1.15998
1.16172
1.16298
1.16378
1.16418
1.16423
1.16398
1.16348
1.1628
1.16199
1.1611
1.16017
1.15924
1.15833
1.15748
1.15668
1.15595
1.15527
1.15465
1.15407
1.15351
1.15297
1.15244
1.15195
1.15149
1.15111
1.15083
1.15068
1.15068
1.15084
1.15112
1.15148
1.15186
1.15219
1.15239
1.15238
1.15213
1.15162
1.15087
1.14994
1.1489
1.14785
1.14687
1.146
1.14526
1.14459
1.14394
1.14321
1.14231
1.14121
1.13989
1.13835
1.13664
1.1348
1.13289
1.13092
1.12891
1.12685
1.12476
1.12268
1.12069
1.11894
1.11761
1.11689
1.1169
1.11765
1.11906
1.12091
1.12298
1.12504
1.12697
1.12869
1.13025
1.13171
1.13318
1.13475
1.13646
1.13831
1.14025
1.14218
1.144
1.14557
1.14679
1.14755
1.14775
1.14731
1.14617
1.14433
1.14186
1.13895
1.13593
1.13326
1.13142
1.13078
1.13144
1.1332
1.13565
1.13829
1.14072
1.1427
1.14411
1.14497
1.14536
1.14539
1.1452
1.14489
1.14457
1.14431
1.14413
1.14405
1.14404
1.14407
1.14408
1.14402
1.14386
1.14356
1.14312
1.14253
1.14182
1.14101
1.14014
1.13925
1.13841
1.13765
1.13702
1.13657
1.13634
1.13634
1.13658
1.13707
1.13777
1.13865
1.13965
1.14073
1.14184
1.14293
1.14399
1.14499
1.14594
1.14684
1.14769
1.14848
1.14921
1.14988
1.15045
1.15092
1.15127
1.15147
1.15153
1.15143
1.15118
1.15077
1.15022
1.14954
1.14872
1.14777
1.1467
1.1455
1.14414
1.14261
1.14089
1.13895
1.13682
1.13457
1.13232
1.13028
1.12871
1.12786
1.1279
1.12887
1.13066
1.13302
1.13568
1.13839
1.14096
1.14326
1.14524
1.14688
1.1482
1.14922
1.14996
1.15041
1.15055
1.15033
1.14969
1.14856
1.14693
1.14485
1.14248
1.14014
1.13823
1.13716
1.13721
1.13843
1.14061
1.14336
1.14626
1.14898
1.15127
1.15304
1.15426
1.15496
1.15519
1.15499
1.15442
1.15353
1.15237
1.15101
1.14957
1.14817
1.14699
1.14619
1.14592
1.14629
1.14729
1.14885
1.15084
1.15307
1.15534
1.1575
1.15942
1.16102
1.16227
1.16314
1.16366
1.16385
1.16375
1.16341
1.16289
1.16226
1.16159
1.16095
1.16044
1.16011
1.16003
1.16024
1.16073
1.1615
1.16249
1.16366
1.16492
1.16621
1.16746
1.16862
1.16964
1.1705
1.17118
1.17169
1.17203
1.17224
1.17233
1.17235
1.17234
1.17235
1.17242
1.17257
1.17285
1.17326
1.17381
1.17451
1.17533
1.17626
1.17725
1.17825
1.17922
1.18008
1.18081
1.18137
1.18179
1.18213
1.1825
1.18304
1.18387
1.18506
1.1866
1.1884
1.19028
1.19201
1.1934
1.19428
1.19452
1.19409
1.19305
1.19151
1.18969
1.18788
1.1864
1.18561
1.18578
1.18704
1.18929
1.19223
1.19539
1.19832
1.20065
1.20214
1.20271
1.20236
1.20123
1.1995
1.19749
1.19553
1.19396
1.19305
1.19291
1.19346
1.1945
1.19578
1.19706
1.19821
1.19916
1.19993
1.20059
1.20122
1.20189
1.20266
1.20356
1.20457
1.20568
1.20685
1.20803
1.20918
1.21028
1.2113
1.21223
1.21306
1.2138
1.21446
1.21505
1.2156
1.21611
1.21659
1.21702
1.21736
1.21753
1.21744
1.21698
1.21601
1.21437
1.21189
1.20843
1.20387
1.19826
1.19188
1.1853
1.17936
1.17486
1.17223
1.17134
1.17153
1.17204
1.17235
1.17231
1.17212
1.17219
1.1729
1.17443
1.17667
1.1793
1.18188
1.18403
1.1855
1.1862
1.18615
1.18545
1.18428
1.18283
1.18135
1.18007
1.1792
1.17887
1.17913
1.1799
1.18104
1.18236
1.18368
1.18487
1.18582
1.18647
1.18682
1.18686
1.18661
1.18609
1.18534
1.18438
1.18323
1.18192
1.18046
1.17887
1.17718
1.17541
1.17357
1.1717
1.16983
1.16799
1.16623
1.16457
1.16306
1.16173
1.16061
1.15972
1.15907
1.15865
1.15846
1.15849
1.15872
1.15915
1.15977
1.16057
1.16153
1.16266
1.16393
1.16529
1.1667
1.1681
1.16942
1.17056
1.17146
1.17201
1.17209
1.17158
1.17033
1.1682
1.16504
1.16081
1.15564
1.14994
1.14448
1.14028
1.13821
1.13864
1.14124
1.14515
1.14943
1.15332
1.15642
1.15861
1.15993
1.16058
1.16077
1.16072
1.16065
1.16071
1.16099
1.16151
1.16223
1.16306
1.16391
1.16467
1.16526
1.16559
1.16561
1.16531
1.16471
1.16393
1.16315
1.1626
1.16254
1.16317
1.16456
1.16664
1.16922
1.17203
1.17484
1.17743
1.17968
1.18154
1.18298
1.18404
1.18474
1.18513
1.18525
1.18514
1.18482
1.18433
1.18367
1.18284
1.18186
1.18071
1.1794
1.17794
1.17636
1.17475
1.17321
1.17192
1.17105
1.17074
1.17108
1.17203
1.17345
1.17513
1.17683
1.17831
1.17935
1.1798
1.17952
1.17843
1.17653
1.17387
1.17066
1.16721
1.16394
1.16129
1.15959
1.15897
1.15931
1.16034
1.16172
1.1632
1.16457
1.16571
1.16652
1.16693
1.16688
1.16638
1.16552
1.16447
1.1635
1.16286
1.16274
1.16312
1.16382
1.16455
1.16501
1.16495
1.16426
1.16295
1.16114
1.159
1.15676
1.1546
1.1527
1.15118
1.15012
1.14954
1.14942
1.14972
1.15038
1.15133
1.15249
1.15383
1.15529
1.15683
1.15841
1.15998
1.16148
1.16284
1.164
1.16491
1.16555
1.16589
1.16594
1.1657
1.16517
1.16438
1.16334
1.16208
1.16063
1.15903
1.15735
1.15566
1.15405
1.1526
1.1514
1.15048
1.14984
1.2
1.19963
1.19937
1.19915
1.19889
1.19856
1.19816
1.19774
1.1974
1.19726
1.19742
1.19794
1.19885
1.20011
1.20164
1.20335
1.20515
1.20696
1.20874
1.21045
1.21208
1.21363
1.2151
1.21645
1.21769
1.21877
1.21967
1.22036
1.22082
1.22105
1.22106
1.22088
1.22054
1.22012
1.21964
1.21916
1.21868
1.21818
1.21764
1.21701
1.21629
1.21551
1.21472
1.21405
1.21363
1.2136
1.21404
1.21498
1.21638
1.21809
1.21991
1.22165
1.2231
1.22418
1.22489
1.22539
1.22591
1.22673
1.22805
1.22995
1.23237
1.23515
1.23811
1.24111
1.24402
1.24677
1.24927
1.25144
1.2532
1.25449
1.25527
1.25552
1.25527
1.25461
1.25365
1.25251
1.25135
1.25031
1.24951
1.24903
1.24893
1.24922
1.24988
1.25088
1.25217
1.25366
1.25528
1.25693
1.2585
1.25989
1.261
1.26178
1.26214
1.26203
1.26141
1.26022
1.25845
1.25612
1.25327
1.25005
1.24661
1.24319
1.24002
1.23733
1.23533
1.23412
1.23374
1.23413
1.23515
1.23661
1.23832
1.24007
1.24167
1.24294
1.24373
1.24391
1.24348
1.24257
1.24145
1.24053
1.2402
1.2407
1.242
1.24384
1.24586
1.2477
1.2491
1.24997
1.25029
1.25013
1.24961
1.24882
1.24786
1.2468
1.24569
1.24456
1.24342
1.24225
1.24104
1.23978
1.23844
1.23702
1.23551
1.2339
1.23222
1.23048
1.22873
1.22699
1.22534
1.22381
1.22247
1.22136
1.22052
1.21997
1.21973
1.21977
1.22009
1.22064
1.2214
1.22231
1.22335
1.22446
1.2256
1.22674
1.22782
1.2288
1.2296
1.23017
1.23042
1.23025
1.22956
1.22821
1.2261
1.22313
1.21923
1.21444
1.20887
1.20279
1.19663
1.19102
1.18672
1.18448
1.18472
1.18733
1.19169
1.19693
1.20228
1.20724
1.21162
1.21538
1.21857
1.22125
1.22348
1.22528
1.22671
1.22777
1.22852
1.22896
1.22912
1.22898
1.22853
1.22774
1.22655
1.22489
1.22271
1.21996
1.21668
1.21297
1.20908
1.20538
1.20228
1.20014
1.19914
1.19921
1.20008
1.20139
1.20284
1.20422
1.20544
1.20651
1.2075
1.20846
1.20945
1.2105
1.21161
1.21276
1.21392
1.21503
1.21605
1.21694
1.21765
1.21817
1.2185
1.21864
1.21863
1.21854
1.21843
1.21837
1.21845
1.21869
1.2191
1.21968
1.22036
1.22108
1.22178
1.22241
1.22294
1.22335
1.22365
1.22388
1.22406
1.22424
1.22446
1.22474
1.22512
1.22561
1.22623
1.22697
1.22782
1.2288
1.22988
1.23106
1.23234
1.23369
1.23509
1.23653
1.23795
1.23933
1.2406
1.24171
1.24259
1.24317
1.24341
1.24327
1.2428
1.24205
1.2412
1.24046
1.24004
1.24013
1.24079
1.24195
1.24342
1.24489
1.2461
1.24679
1.24682
1.24612
1.24474
1.24277
1.24034
1.2376
1.23464
1.23158
1.22862
1.22609
1.22446
1.22426
1.22592
1.22957
1.235
1.24171
1.24901
1.25619
1.26264
1.26787
1.27154
1.27343
1.27342
1.27157
1.26819
1.26397
1.26
1.2575
1.25737
1.25972
1.26387
1.26873
1.27332
1.27702
1.27958
1.28102
1.28143
1.28097
1.27977
1.27795
1.27559
1.27279
1.2696
1.26608
1.26228
1.25828
1.25422
1.25035
1.24698
1.24447
1.24308
1.24283
1.24346
1.24446
1.24531
1.24554
1.24483
1.24301
1.24002
1.23591
1.23096
1.22569
1.22087
1.21739
1.21591
1.21667
1.21941
1.22353
1.22837
1.23339
1.23828
1.24288
1.24713
1.25099
1.25438
1.25718
1.25929
1.26064
1.26124
1.26114
1.26044
1.25926
1.25768
1.25568
1.25318
1.24999
1.24601
1.24132
1.23643
1.23224
1.22984
1.22995
1.23254
1.23676
1.24145
1.24558
1.2485
1.24997
1.24993
1.24846
1.24567
1.24168
1.23669
1.23098
1.22499
1.21934
1.21469
1.21158
1.21031
1.21078
1.21262
1.2153
1.2183
1.22121
1.22371
1.22557
1.22664
1.2268
1.22598
1.22421
1.22167
1.21865
1.2156
1.21294
1.21098
1.20977
1.20914
1.20878
1.20841
1.20787
1.20717
1.20635
1.20546
1.20447
1.20325
1.20161
1.19933
1.19628
1.19256
1.18858
1.18504
1.18276
1.18219
1.18305
1.18447
1.18547
1.18559
1.18514
1.18504
1.18622
1.18908
1.19321
1.19775
1.20184
1.20495
1.20691
1.2078
1.20783
1.20721
1.20616
1.20482
1.20331
1.2017
1.20007
1.19849
1.19708
1.19595
1.19521
1.19493
1.19508
1.19549
1.19587
1.19577
1.19466
1.19199
1.18738
1.18092
1.17361
1.16747
1.16501
1.16766
1.17479
1.18418
1.19351
1.20137
1.20732
1.21153
1.21434
1.21612
1.21717
1.21768
1.21776
1.2175
1.21692
1.21605
1.2149
1.21353
1.21203
1.21052
1.20917
1.20814
1.20756
1.20747
1.20784
1.20854
1.20941
1.21028
1.21103
1.21157
1.21191
1.21207
1.21213
1.21216
1.21222
1.21234
1.21251
1.21272
1.21292
1.21309
1.21322
1.21332
1.21345
1.21368
1.21411
1.21485
1.21597
1.21752
1.21949
1.22185
1.22451
1.22737
1.23033
1.23329
1.23619
1.23898
1.24161
1.24407
1.2463
1.24826
1.24989
1.25111
1.25184
1.252
1.25152
1.2504
1.24868
1.24648
1.24403
1.24159
1.23945
1.2378
1.2367
1.23606
1.23562
1.2351
1.23425
1.23294
1.23119
1.22914
1.22708
1.22533
1.22422
1.22403
1.22493
1.22698
1.2301
1.23406
1.23852
1.24308
1.24738
1.2511
1.25407
1.2562
1.25749
1.258
1.25783
1.25707
1.25581
1.25414
1.25211
1.24977
1.24716
1.24432
1.24129
1.23813
1.23492
1.23177
1.22883
1.22626
1.22421
1.22281
1.22215
1.22223
1.22295
1.22416
1.22565
1.22722
1.22867
1.22988
1.2308
1.23142
1.2318
1.23201
1.23211
1.23215
1.23214
1.23204
1.23179
1.23132
1.23054
1.22939
1.22784
1.2259
1.22367
1.22131
1.21909
1.21732
1.21628
1.21615
1.21691
1.21839
1.22028
1.22228
1.22413
1.22569
1.22692
1.22782
1.22843
1.22875
1.22878
1.22844
1.22766
1.22636
1.22448
1.22199
1.21893
1.21542
1.21166
1.20793
1.20456
1.20184
1.19996
1.19898
1.19882
1.19931
1.20029
1.20161
1.20318
1.20501
1.20715
1.20968
1.21267
1.2161
1.2199
1.22389
1.22784
1.2315
1.2346
1.23691
1.23821
1.23836
1.23729
1.23502
1.23172
1.22774
1.22356
1.21974
1.21677
1.21496
1.21439
1.21492
1.21631
1.21824
1.22041
1.22253
1.22437
1.22582
1.22687
1.22756
1.22802
1.22839
1.22879
1.22932
1.23002
1.23088
1.23186
1.2329
1.23391
1.23481
1.23555
1.23607
1.23635
1.23638
1.23616
1.23571
1.23504
1.23418
1.23314
1.23192
1.23049
1.22879
1.22675
1.22433
1.22153
1.21845
1.21534
1.21261
1.21073
1.21011
1.21092
1.21305
1.21616
1.21977
1.22343
1.22679
1.22959
1.23166
1.2329
1.23321
1.23254
1.23088
1.22828
1.22489
1.22098
1.21695
1.21327
1.21041
1.20874
1.20839
1.20926
1.21106
1.2134
1.21593
1.21834
1.22047
1.22218
1.22344
1.22423
1.22455
1.22444
1.22397
1.22324
1.22238
1.22153
1.22083
1.22038
1.22026
1.22044
1.22087
1.22145
1.22208
1.22263
1.22303
1.22321
1.22314
1.22281
1.22222
1.2214
1.22034
1.21905
1.21754
1.21581
1.21386
1.21174
1.20954
1.20736
1.20536
1.2037
1.20253
1.20197
1.20205
1.20276
1.20401
1.20567
1.20761
1.20968
1.21175
1.21374
1.21555
1.21715
1.2185
1.21958
1.22037
1.22088
1.22108
1.22098
1.22056
1.21984
1.21879
1.21746
1.21585
1.21404
1.21211
1.21016
1.2083
1.20666
1.20532
1.20433
1.20375
1.20357
1.20381
1.2045
1.20565
1.20724
1.20922
1.21151
1.214
1.21657
1.21911
1.22155
1.22383
1.22594
1.22788
1.22964
1.23123
1.23267
1.23396
1.23511
1.23615
1.23708
1.23795
1.23877
1.23958
1.24039
1.24121
1.24199
1.24268
1.24321
1.24348
1.24347
1.24315
1.24257
1.24182
1.24096
1.24004
1.23902
1.23778
1.23619
1.2341
1.23142
1.22816
1.22444
1.22048
1.21662
1.21332
1.21107
1.21031
1.21133
1.21413
1.21834
1.22339
1.22857
1.23324
1.23692
1.2393
1.24024
1.23969
1.23768
1.23429
1.22967
1.22414
1.2182
1.21262
1.20833
1.20613
1.20641
1.2089
1.21284
1.21724
1.22128
1.22444
1.22655
1.22766
1.22794
1.22759
1.22683
1.22579
1.22459
1.2233
1.22195
1.22056
1.21913
1.21765
1.21613
1.21456
1.21294
1.21129
1.20961
1.20794
1.20632
1.2048
1.20343
1.20227
1.20137
1.20075
1.2004
1.20031
1.20042
1.20067
1.20101
1.20137
1.2017
1.20197
1.20214
1.20222
1.20218
1.20204
1.20179
1.20146
1.20103
1.20054
1.19999
1.19939
1.19877
1.19812
1.19746
1.19681
1.19616
1.19554
1.19493
1.19434
1.19374
1.19309
1.19233
1.19131
1.18986
1.18768
1.18437
1.17944
1.17249
1.16355
1.1536
1.145
1.14075
1.14266
1.14988
1.15949
1.16857
1.17545
1.17974
1.18179
1.18227
1.18192
1.18143
1.18132
1.18185
1.18303
1.18461
1.18624
1.18755
1.18827
1.18823
1.1874
1.18586
1.1838
1.18154
1.17944
1.17794
1.1774
1.17806
1.17994
1.18287
1.18651
1.19049
1.19446
1.19817
1.20144
1.2042
1.20642
1.20806
1.20913
1.20958
1.20936
1.20839
1.20657
1.20383
1.20016
1.19569
1.19075
1.18584
1.18154
1.17827
1.17616
1.17504
1.17477
1.17541
1.17725
1.18055
1.18522
1.19071
1.19624
1.20112
1.20491
1.20746
1.20882
1.20918
1.20873
1.20769
1.20625
1.20457
1.20276
1.20091
1.1991
1.19736
1.19576
1.1943
1.19301
1.19186
1.1908
1.18979
1.1888
1.1879
1.1873
1.18727
1.18809
1.2
1.20178
1.20452
1.2079
1.21161
1.21539
1.21904
1.22248
1.22563
1.22843
1.2308
1.23263
1.23384
1.23439
1.23433
1.23383
1.23314
1.23259
1.23248
1.23298
1.23411
1.23567
1.23738
1.23891
1.24
1.24047
1.24021
1.23922
1.23754
1.23527
1.23256
1.22962
1.22668
1.22397
1.22172
1.2201
1.21923
1.21916
1.21988
1.2213
1.22332
1.22575
1.22837
1.23095
1.23328
1.23522
1.23669
1.23772
1.23837
1.23876
1.239
1.23917
1.2393
1.23939
1.23938
1.23924
1.23895
1.2385
1.23793
1.23732
1.23674
1.23631
1.23609
1.23617
1.23655
1.23723
1.23814
1.23922
1.24036
1.24146
1.24243
1.24315
1.24355
1.24354
1.24304
1.242
1.24038
1.23816
1.23537
1.23209
1.22848
1.2248
1.2214
1.21868
1.21702
1.21663
1.2175
1.21939
1.22192
1.22469
1.22739
1.22981
1.23184
1.23345
1.23465
1.23545
1.23588
1.23596
1.23571
1.23519
1.23448
1.23368
1.2329
1.23227
1.23185
1.2317
1.23181
1.23214
1.23262
1.23316
1.23368
1.23409
1.23433
1.23436
1.23414
1.23363
1.23284
1.23175
1.2304
1.22881
1.22704
1.22518
1.22334
1.22161
1.2201
1.21889
1.21803
1.21752
1.21733
1.21738
1.21761
1.21794
1.21829
1.21863
1.21892
1.21914
1.21927
1.21931
1.21926
1.2191
1.21886
1.21855
1.21821
1.21787
1.21761
1.21748
1.21755
1.21785
1.21839
1.21917
1.22015
1.22125
1.22243
1.22361
1.22475
1.22582
1.22681
1.22772
1.22856
1.22936
1.23013
1.23088
1.23162
1.23235
1.23306
1.23372
1.23433
1.23484
1.23522
1.23542
1.23537
1.23502
1.23428
1.23309
1.23136
1.22906
1.22619
1.22285
1.21921
1.21558
1.21227
1.20959
1.2077
1.2066
1.20615
1.20617
1.20651
1.20713
1.20806
1.20941
1.21131
1.2139
1.21724
1.22125
1.22575
1.23051
1.23523
1.2397
1.24377
1.24736
1.25047
1.25311
1.25532
1.25713
1.2586
1.25974
1.26059
1.26116
1.26146
1.26151
1.26131
1.26085
1.26011
1.25904
1.25757
1.25559
1.25295
1.24948
1.24501
1.23942
1.23277
1.22539
1.21801
1.21168
1.20763
1.20673
1.20919
1.21437
1.22119
1.22853
1.2355
1.24155
1.24641
1.24997
1.25228
1.25343
1.25356
1.25284
1.25149
1.24976
1.24791
1.24625
1.24503
1.24439
1.24435
1.2448
1.24553
1.24627
1.24682
1.24701
1.24676
1.24604
1.24489
1.2434
1.24166
1.23982
1.23802
1.23641
1.23509
1.23416
1.23365
1.23355
1.23379
1.23429
1.23496
1.23571
1.23646
1.23715
1.23774
1.23819
1.2385
1.23865
1.23865
1.23851
1.23823
1.23783
1.2373
1.23665
1.23588
1.23498
1.23393
1.2327
1.23128
1.22962
1.22768
1.2254
1.22267
1.2194
1.21551
1.21098
1.20601
1.20105
1.19686
1.19426
1.19386
1.1957
1.19919
1.20349
1.20779
1.21163
1.21487
1.21757
1.21992
1.22205
1.22407
1.22597
1.22772
1.22924
1.23046
1.23134
1.23186
1.232
1.2318
1.23128
1.2305
1.22951
1.22839
1.22721
1.2261
1.22516
1.22453
1.2243
1.22455
1.22529
1.22646
1.22794
1.22956
1.23113
1.23245
1.23334
1.23364
1.23319
1.23191
1.22975
1.22673
1.22302
1.21891
1.21477
1.211
1.20789
1.20553
1.20386
1.20274
1.20209
1.20194
1.20234
1.20334
1.20486
1.20668
1.20848
1.20992
1.21075
1.21082
1.21022
1.20917
1.20809
1.20743
1.20754
1.20858
1.21041
1.2127
1.21504
1.21705
1.21848
1.21922
1.21928
1.21875
1.21778
1.21655
1.21526
1.2141
1.21322
1.21268
1.21247
1.21248
1.21259
1.2127
1.21279
1.21286
1.21298
1.21318
1.21344
1.21372
1.21392
1.21398
1.21385
1.21351
1.21296
1.21227
1.21152
1.21083
1.21029
1.20998
1.20991
1.21002
1.21023
1.21047
1.21067
1.21083
1.21098
1.21116
1.21143
1.21182
1.21236
1.21303
1.21382
1.2147
1.21563
1.21658
1.21754
1.21848
1.21939
1.22026
1.22109
1.22188
1.22259
1.22323
1.22375
1.22414
1.22436
1.22438
1.22417
1.22371
1.22299
1.22199
1.22072
1.21918
1.21739
1.21536
1.21311
1.21069
1.20815
1.20564
1.20333
1.20147
1.20033
1.20015
1.20107
1.20307
1.20595
1.20936
1.21289
1.21614
1.2188
1.22067
1.22161
1.22155
1.2205
1.21848
1.21565
1.2123
1.20896
1.20631
1.205
1.20537
1.20728
1.21018
1.2134
1.21646
1.21917
1.22163
1.22405
1.22658
1.22926
1.23196
1.23446
1.23655
1.23805
1.23886
1.23893
1.23825
1.23686
1.23479
1.2321
1.22884
1.22509
1.22094
1.2165
1.21191
1.20735
1.20302
1.19918
1.1961
1.19406
1.19329
1.19391
1.19583
1.19877
1.2023
1.20591
1.20918
1.21182
1.21371
1.21491
1.21558
1.21591
1.21605
1.21606
1.21586
1.21528
1.21412
1.21221
1.20943
1.20571
1.20097
1.19504
1.18765
1.17867
1.16871
1.15971
1.15479
1.15658
1.16496
1.17699
1.18906
1.19883
1.20555
1.20946
1.21118
1.21133
1.21047
1.20903
1.20732
1.20558
1.20395
1.20253
1.20132
1.20031
1.19946
1.19869
1.198
1.19738
1.19689
1.19663
1.1967
1.19719
1.19812
1.19945
1.20106
1.20281
1.20454
1.20612
1.20746
1.20849
1.20919
1.20955
1.20958
1.2093
1.2087
1.20781
1.20661
1.20512
1.20333
1.20127
1.19896
1.19641
1.19367
1.1908
1.18789
1.18509
1.18269
1.18105
1.18059
1.18158
1.18401
1.18752
1.19153
1.19542
1.1987
1.20105
1.20229
1.20236
1.20122
1.19883
1.19522
1.19053
1.18508
1.17952
1.17471
1.17148
1.17037
1.17135
1.17394
1.17745
1.18121
1.18473
1.18768
1.18993
1.19146
1.19243
1.19304
1.19354
1.19414
1.19495
1.19595
1.19703
1.19801
1.19867
1.19889
1.19859
1.1978
1.19664
1.19526
1.19381
1.19245
1.1913
1.19042
1.1899
1.18978
1.1901
1.19088
1.1921
1.19367
1.19548
1.19738
1.19922
1.20089
1.20227
1.20333
1.20404
1.20442
1.20451
1.20435
1.20401
1.20355
1.20303
1.20248
1.20196
1.20149
1.2011
1.20079
1.20056
1.2004
1.20031
1.20025
1.20021
1.20015
1.20006
1.19989
1.19961
1.19915
1.19845
1.19742
1.19592
1.19381
1.19091
1.18709
1.18232
1.17679
1.17106
1.16599
1.16254
1.16139
1.16253
1.1653
1.16875
1.17207
1.17479
1.17678
1.17815
1.17911
1.17986
1.18056
1.18132
1.18217
1.18311
1.18411
1.18512
1.18613
1.1871
1.18805
1.18898
1.18992
1.19089
1.19192
1.19298
1.19405
1.19505
1.19585
1.1963
1.19623
1.19545
1.19383
1.19127
1.18777
1.18352
1.17888
1.1744
1.17067
1.16822
1.16733
1.16797
1.16981
1.17244
1.17541
1.17839
1.18112
1.18345
1.1853
1.18658
1.18726
1.18734
1.18684
1.18592
1.1848
1.18379
1.18325
1.18348
1.18466
1.18682
1.18983
1.19345
1.19738
1.20132
1.20499
1.20818
1.21075
1.21265
1.21392
1.21469
1.21516
1.2156
1.21624
1.21727
1.21877
1.22071
1.22293
1.22522
1.22735
1.22912
1.23037
1.23101
1.23101
1.23041
1.2293
1.22787
1.22631
1.22482
1.22353
1.22248
1.2216
1.22076
1.21984
1.21881
1.21774
1.2168
1.21616
1.21598
1.21631
1.21714
1.21836
1.21974
1.22103
1.22191
1.22213
1.2216
1.2204
1.21876
1.21704
1.21557
1.21461
1.21431
1.21476
1.21592
1.21769
1.21989
1.22224
1.22448
1.22636
1.22772
1.22846
1.22861
1.22822
1.2274
1.22628
1.22497
1.22358
1.22218
1.22085
1.21962
1.21853
1.21758
1.21676
1.21604
1.21539
1.21477
1.21418
1.21362
1.21312
1.21268
1.21229
1.21189
1.21141
1.21072
1.2097
1.20824
1.20626
1.20373
1.20068
1.19725
1.19365
1.1902
1.18724
1.18512
1.18406
1.18415
1.1853
1.18726
1.18971
1.19229
1.19469
1.19668
1.19813
1.199
1.19931
1.19914
1.19859
1.19776
1.19674
1.19562
1.19442
1.19319
1.19194
1.19071
1.18953
1.18847
1.18757
1.18688
1.18639
1.18608
1.18587
1.18571
1.1855
1.18518
1.1847
1.18406
1.18326
1.18231
1.18125
1.18013
1.17899
1.17786
1.17679
1.17579
1.17488
1.17407
1.17335
1.1727
1.17211
1.17157
1.17107
1.1706
1.17017
1.16978
1.16947
1.16925
1.16916
1.16922
1.16946
1.16989
1.17053
1.17137
1.17239
1.17359
1.17491
1.17633
1.17777
1.17917
1.18044
1.18147
1.18214
1.18227
1.1817
1.18027
1.17787
1.17458
1.17076
1.16709
1.16452
1.16391
1.16558
1.16917
1.17376
1.17831
1.18199
1.1843
1.18501
1.18406
1.18151
1.17753
1.17247
1.16691
1.16173
1.15795
1.15653
1.15788
1.16168
1.16699
1.17262
1.17758
1.18129
1.18363
1.18478
1.18511
1.18512
1.18531
1.18611
1.18782
1.19055
1.1942
1.19855
1.20324
1.20795
1.21235
1.21623
1.21944
1.22192
1.22369
1.22481
1.2254
1.22561
1.2256
1.22554
1.22556
1.22573
1.22608
1.22658
1.22714
1.22767
1.22808
1.22829
1.22826
1.228
1.22758
1.22711
1.22671
1.22654
1.22674
1.22741
1.22861
1.23035
1.23257
1.23514
1.23792
1.2407
1.24333
1.24564
1.24755
1.249
1.24999
1.25059
1.25087
1.25094
1.25093
1.25096
1.25113
1.25152
1.25217
1.25311
1.2543
1.25573
1.25731
1.25898
1.26065
1.26222
1.26357
1.26461
1.26524
1.2654
1.26505
1.26418
1.26283
1.26106
1.25895
1.25655
1.25394
1.25115
1.24821
1.24518
1.24219
1.23942
1.23715
1.23564
1.23511
1.23566
1.2372
1.23954
1.24242
1.24563
1.24895
1.25226
1.2555
1.25859
1.26151
1.26421
1.26665
1.26877
1.27052
1.27183
1.27267
1.27299
1.2
1.19975
1.19901
1.19782
1.19623
1.19434
1.19226
1.19009
1.18796
1.18594
1.18409
1.18242
1.18091
1.17952
1.17821
1.17694
1.17569
1.17445
1.17323
1.17203
1.17083
1.16965
1.16846
1.1673
1.16621
1.1653
1.16468
1.16445
1.16462
1.16515
1.16586
1.16654
1.16698
1.16701
1.16655
1.16561
1.16429
1.16276
1.16121
1.15985
1.15886
1.15829
1.15816
1.15836
1.15875
1.15923
1.15969
1.16008
1.16039
1.16059
1.16065
1.16051
1.16008
1.15927
1.15801
1.15626
1.15398
1.15122
1.14802
1.14452
1.14097
1.13774
1.13532
1.13419
1.13464
1.13658
1.13962
1.14315
1.14662
1.1496
1.15189
1.15344
1.15428
1.15451
1.15425
1.15357
1.15258
1.15134
1.14992
1.14838
1.14677
1.14516
1.14359
1.14211
1.14072
1.13941
1.13812
1.13671
1.13504
1.1329
1.1301
1.12646
1.12189
1.11642
1.11022
1.10375
1.09769
1.09298
1.09058
1.0912
1.09495
1.10123
1.10896
1.11692
1.12415
1.13009
1.1345
1.13741
1.13897
1.13935
1.13872
1.13726
1.13514
1.13262
1.13004
1.12783
1.12648
1.12635
1.12757
1.12998
1.13318
1.13668
1.14006
1.14299
1.14532
1.14696
1.14793
1.14827
1.14806
1.14739
1.14639
1.14524
1.14414
1.14329
1.14291
1.1431
1.1439
1.1452
1.14683
1.14858
1.15022
1.15159
1.15256
1.15305
1.15304
1.15253
1.15156
1.15019
1.14853
1.14671
1.1449
1.14327
1.14201
1.14131
1.14127
1.14194
1.14329
1.1452
1.14753
1.15009
1.15273
1.15534
1.15785
1.16023
1.1625
1.16471
1.1669
1.16908
1.17127
1.17343
1.1755
1.1774
1.17902
1.18028
1.18108
1.18135
1.18105
1.18014
1.17864
1.17657
1.17398
1.17093
1.16748
1.16369
1.15967
1.15559
1.15168
1.14829
1.14576
1.14434
1.14412
1.14503
1.14691
1.14956
1.15275
1.15627
1.15986
1.16332
1.16648
1.16927
1.1717
1.17379
1.17563
1.17723
1.17864
1.17983
1.18079
1.1815
1.18191
1.18197
1.18159
1.18071
1.17922
1.17706
1.17415
1.17047
1.16606
1.16105
1.15567
1.15026
1.14527
1.14119
1.13844
1.13729
1.13778
1.13966
1.14251
1.14582
1.14911
1.15203
1.15435
1.156
1.15701
1.15747
1.15752
1.1573
1.15694
1.15655
1.15621
1.15597
1.15584
1.15578
1.15577
1.15574
1.15564
1.15542
1.15503
1.15443
1.15361
1.15256
1.15128
1.14981
1.1482
1.1465
1.1448
1.14316
1.14165
1.14028
1.13905
1.13788
1.1366
1.13499
1.13278
1.12971
1.1257
1.12097
1.11624
1.11268
1.11148
1.11323
1.11757
1.12337
1.12937
1.13465
1.1388
1.14177
1.14372
1.14488
1.14547
1.14566
1.1456
1.14537
1.14503
1.14461
1.14414
1.14362
1.14305
1.14242
1.14171
1.14092
1.14002
1.139
1.13787
1.13664
1.13534
1.13402
1.13275
1.13158
1.13059
1.12981
1.12924
1.12888
1.12867
1.12858
1.12856
1.12859
1.12867
1.12879
1.12897
1.12922
1.12951
1.12983
1.13017
1.13049
1.13081
1.13114
1.13149
1.13185
1.13219
1.13245
1.13257
1.1325
1.13228
1.13198
1.13176
1.1318
1.1322
1.13299
1.13407
1.13525
1.13635
1.13724
1.13789
1.1384
1.13893
1.13969
1.14082
1.14236
1.14423
1.14626
1.14824
1.14992
1.15114
1.15175
1.15167
1.15086
1.14934
1.14716
1.14444
1.14134
1.13806
1.13481
1.1318
1.12914
1.12689
1.12501
1.12351
1.12241
1.12185
1.12206
1.12326
1.12559
1.12894
1.13303
1.13743
1.14168
1.14543
1.14842
1.15052
1.1517
1.15197
1.15139
1.15004
1.14805
1.14557
1.14283
1.14012
1.13777
1.13606
1.13525
1.1354
1.13646
1.13823
1.14043
1.14282
1.14517
1.14736
1.14931
1.15099
1.15243
1.15365
1.15469
1.15559
1.15637
1.15705
1.15765
1.15817
1.1586
1.15892
1.15911
1.15912
1.15893
1.15848
1.1577
1.15654
1.15492
1.15276
1.15002
1.14666
1.14274
1.13839
1.13392
1.12976
1.12647
1.12453
1.1243
1.12583
1.12889
1.13307
1.13791
1.14298
1.14796
1.15261
1.15679
1.16043
1.16352
1.16605
1.16807
1.16962
1.17074
1.17149
1.17191
1.17203
1.17191
1.17156
1.17104
1.17036
1.16956
1.16867
1.16772
1.16673
1.16574
1.16476
1.16382
1.16292
1.16209
1.16131
1.16059
1.15993
1.15933
1.15879
1.1583
1.15788
1.15754
1.15728
1.15711
1.15705
1.15708
1.15721
1.15741
1.15768
1.15796
1.15824
1.15846
1.15857
1.15854
1.15834
1.15795
1.1574
1.15673
1.15605
1.15548
1.15517
1.15528
1.1559
1.15703
1.1586
1.16045
1.16238
1.16421
1.16576
1.16692
1.16761
1.1678
1.16751
1.16676
1.16563
1.16419
1.16256
1.16086
1.15923
1.15778
1.15662
1.15578
1.15528
1.15506
1.15502
1.15507
1.15512
1.1551
1.15498
1.1548
1.15461
1.15452
1.15462
1.155
1.15567
1.15661
1.15773
1.15887
1.15989
1.16062
1.16093
1.16069
1.15983
1.1583
1.15611
1.1534
1.15039
1.14748
1.14515
1.14387
1.14395
1.1454
1.14789
1.1509
1.15393
1.15656
1.15862
1.1601
1.1611
1.16176
1.16217
1.16233
1.1622
1.16169
1.16075
1.15944
1.15791
1.15641
1.15524
1.15463
1.1547
1.1554
1.15655
1.15792
1.15931
1.16059
1.16171
1.16269
1.16357
1.16444
1.16535
1.16634
1.16744
1.16862
1.16985
1.17109
1.17231
1.1735
1.17466
1.17585
1.17712
1.17852
1.18006
1.1817
1.18333
1.18482
1.18604
1.18688
1.18727
1.1872
1.18668
1.18577
1.18455
1.18306
1.18136
1.17947
1.17742
1.17521
1.17283
1.17025
1.16741
1.16418
1.16043
1.15601
1.15081
1.14481
1.13816
1.13118
1.12437
1.11846
1.11421
1.11235
1.11331
1.11708
1.12319
1.13082
1.13909
1.14722
1.15467
1.16115
1.16654
1.17085
1.17417
1.17661
1.17828
1.17931
1.1798
1.17984
1.17953
1.17895
1.17815
1.17721
1.17616
1.17504
1.17388
1.17269
1.17151
1.17032
1.16913
1.16794
1.16674
1.16554
1.16431
1.16306
1.16179
1.16051
1.15923
1.15799
1.15682
1.15575
1.15485
1.15414
1.15368
1.15348
1.15354
1.15387
1.15444
1.1552
1.15613
1.15718
1.15832
1.15954
1.1608
1.16209
1.1634
1.16468
1.16591
1.16702
1.16794
1.16859
1.16889
1.16875
1.16811
1.16694
1.16526
1.16317
1.16084
1.15851
1.15648
1.15503
1.15446
1.15499
1.15675
1.15976
1.16385
1.16875
1.17409
1.17949
1.18463
1.18925
1.19322
1.19645
1.19889
1.20054
1.20136
1.20135
1.20045
1.19861
1.19577
1.19185
1.18684
1.18083
1.17413
1.16742
1.1617
1.15802
1.15699
1.15841
1.16138
1.16474
1.16765
1.16971
1.17096
1.17163
1.17197
1.17218
1.17234
1.17245
1.17247
1.17237
1.17214
1.17179
1.17131
1.17073
1.17003
1.16917
1.16807
1.16665
1.16481
1.16247
1.15965
1.15644
1.15316
1.15025
1.14826
1.14763
1.14854
1.15082
1.15399
1.15748
1.1608
1.16361
1.16576
1.16722
1.16805
1.16832
1.16812
1.1675
1.16652
1.16521
1.16359
1.16167
1.15949
1.15706
1.15445
1.15172
1.14894
1.14618
1.14348
1.14085
1.13822
1.13554
1.13275
1.12988
1.12704
1.12452
1.12268
1.1219
1.12246
1.12443
1.12762
1.13159
1.13583
1.13987
1.14334
1.14605
1.14792
1.14898
1.14929
1.14896
1.1481
1.1468
1.14515
1.14323
1.14108
1.13869
1.13605
1.13307
1.12969
1.12586
1.12158
1.11697
1.1123
1.10793
1.10433
1.10193
1.10098
1.10145
1.10299
1.10502
1.10702
1.10866
1.10997
1.11125
1.11287
1.11504
1.11769
1.12042
1.12278
1.12439
1.1251
1.12505
1.12457
1.12415
1.12424
1.12517
1.12703
1.12963
1.13268
1.13582
1.13876
1.14131
1.14337
1.14493
1.14602
1.14667
1.14693
1.14684
1.14643
1.14572
1.14474
1.14353
1.14214
1.14064
1.13916
1.13784
1.1368
1.13618
1.13607
1.13647
1.13735
1.1386
1.14008
1.14166
1.1432
1.14458
1.1457
1.14646
1.1468
1.14668
1.14608
1.14503
1.14364
1.14207
1.14055
1.13938
1.13886
1.13924
1.1406
1.14284
1.14568
1.14875
1.15169
1.15423
1.1562
1.15754
1.15826
1.15841
1.15807
1.15731
1.1562
1.1548
1.15312
1.15114
1.14879
1.14595
1.14252
1.13846
1.13389
1.12924
1.12527
1.12287
1.12275
1.12497
1.12895
1.13369
1.13826
1.14201
1.14467
1.1462
1.14675
1.14652
1.14578
1.14483
1.14398
1.14354
1.14376
1.14474
1.14641
1.14858
1.15098
1.15333
1.15542
1.15714
1.15844
1.15935
1.15993
1.16025
1.16037
1.16033
1.16015
1.15984
1.15937
1.15872
1.15784
1.15671
1.1553
1.15358
1.15156
1.14923
1.14663
1.14381
1.14084
1.13782
1.13481
1.13188
1.12899
1.12605
1.12287
1.11926
1.11506
1.11028
1.10515
1.10019
1.09618
1.09396
1.09417
1.0969
1.1017
1.10771
1.11402
1.11991
1.12498
1.12905
1.13212
1.13429
1.13567
1.13639
1.13656
1.13628
1.13563
1.13471
1.13357
1.13228
1.1309
1.12947
1.12804
1.12661
1.12519
1.12375
1.12227
1.12067
1.11889
1.11689
1.1146
1.112
1.10913
1.10606
1.10297
1.10006
1.09761
1.09583
1.09486
1.09471
1.09526
1.0963
1.0976
1.09896
1.10024
1.10135
1.10227
1.10296
1.10343
1.10369
1.10372
1.10355
1.10317
1.10262
1.10193
1.10115
1.10032
1.09949
1.09873
1.09808
1.09756
1.09719
1.09696
1.09686
1.09686
1.09691
1.09697
1.09702
1.09701
1.09693
1.09675
1.09647
1.09608
1.09561
1.09506
1.09445
1.09381
1.09318
1.09258
1.09205
1.09164
1.09136
1.09125
1.09133
1.09162
1.2
1.2005
1.2012
1.20208
1.20307
1.20414
1.20523
1.2063
1.20731
1.20822
1.20901
1.20967
1.2102
1.21059
1.21086
1.21102
1.21107
1.21103
1.21093
1.21078
1.21061
1.21043
1.21028
1.21018
1.21014
1.21019
1.21031
1.2105
1.21072
1.21092
1.21105
1.21102
1.21079
1.21029
1.20955
1.20865
1.20776
1.20712
1.207
1.2076
1.20899
1.21102
1.21336
1.21554
1.21701
1.21725
1.21581
1.21249
1.20764
1.20241
1.19873
1.19858
1.20275
1.21029
1.21917
1.22745
1.23398
1.23838
1.24076
1.24141
1.24065
1.23886
1.23642
1.23374
1.23124
1.2293
1.22815
1.22787
1.22832
1.22926
1.23042
1.23165
1.23291
1.23426
1.23576
1.23738
1.23896
1.24027
1.24122
1.24189
1.24259
1.24372
1.24559
1.24822
1.25135
1.25455
1.25744
1.25976
1.26144
1.26256
1.26328
1.26382
1.26438
1.26514
1.26621
1.26765
1.26943
1.27146
1.27358
1.27565
1.27753
1.2791
1.2803
1.2811
1.28152
1.28163
1.28154
1.28134
1.28118
1.28113
1.28126
1.28157
1.28199
1.28245
1.28286
1.28312
1.2832
1.28306
1.2827
1.28209
1.28122
1.28002
1.27843
1.27638
1.27388
1.27103
1.26807
1.26533
1.26313
1.26171
1.26112
1.26125
1.26189
1.26283
1.26391
1.26506
1.26627
1.26756
1.26898
1.27057
1.27235
1.27432
1.27645
1.27871
1.28104
1.28338
1.28564
1.28775
1.28961
1.29116
1.29231
1.29301
1.29321
1.2929
1.29211
1.2909
1.28935
1.28752
1.28538
1.28284
1.27968
1.2757
1.27089
1.26566
1.26096
1.25819
1.25859
1.26261
1.26957
1.27811
1.28679
1.29458
1.30098
1.30582
1.30913
1.31102
1.31157
1.3108
1.30869
1.30516
1.30008
1.29329
1.28466
1.27418
1.26207
1.24898
1.23604
1.22467
1.21621
1.2115
1.21088
1.21425
1.22105
1.2301
1.23991
1.24919
1.25729
1.2641
1.26988
1.27494
1.27949
1.28365
1.28739
1.29064
1.2933
1.29526
1.29646
1.29688
1.29655
1.2955
1.29378
1.29136
1.28815
1.28401
1.27885
1.27282
1.26646
1.2608
1.25713
1.25646
1.25902
1.26415
1.27067
1.27739
1.28346
1.28844
1.29214
1.29458
1.29582
1.29602
1.29537
1.29414
1.29265
1.29131
1.29047
1.29041
1.29124
1.29289
1.29516
1.29774
1.30033
1.30264
1.30447
1.30562
1.30596
1.30541
1.30392
1.30152
1.29833
1.29454
1.29046
1.28647
1.283
1.28045
1.27909
1.27901
1.28012
1.28212
1.28463
1.28723
1.28954
1.29123
1.29208
1.29194
1.29072
1.28843
1.28519
1.28118
1.27675
1.27233
1.26847
1.26575
1.26463
1.26537
1.26785
1.27168
1.27625
1.28093
1.28518
1.28864
1.2911
1.2925
1.29291
1.29245
1.29131
1.2897
1.28781
1.28586
1.28397
1.28225
1.28075
1.27947
1.27837
1.27737
1.27635
1.27518
1.27373
1.27191
1.26975
1.26735
1.26494
1.26283
1.26127
1.26045
1.26035
1.26084
1.26168
1.26265
1.26355
1.26426
1.26472
1.26494
1.26493
1.26474
1.26441
1.26396
1.26344
1.26288
1.26228
1.26169
1.26111
1.26056
1.26007
1.25962
1.25923
1.25885
1.25842
1.25789
1.25715
1.25612
1.25474
1.253
1.251
1.24891
1.24698
1.24547
1.24456
1.24422
1.24421
1.24414
1.24356
1.24208
1.23953
1.236
1.23196
1.22819
1.22567
1.22511
1.22669
1.22986
1.23367
1.23712
1.2395
1.24044
1.23988
1.23798
1.23499
1.23129
1.22725
1.22329
1.21981
1.21718
1.21574
1.21577
1.21741
1.22064
1.22523
1.23082
1.23698
1.24325
1.24926
1.25469
1.25934
1.26306
1.26573
1.26729
1.26771
1.26703
1.26536
1.26294
1.26019
1.25764
1.25592
1.25555
1.25684
1.25977
1.26402
1.26909
1.27446
1.27967
1.28443
1.28855
1.292
1.29477
1.29692
1.29848
1.29951
1.30003
1.30004
1.29952
1.29841
1.29667
1.29425
1.2911
1.28723
1.28268
1.27758
1.27213
1.26657
1.26127
1.25666
1.25327
1.25162
1.25205
1.25448
1.25826
1.26233
1.26546
1.26656
1.26477
1.25956
1.25079
1.23903
1.22616
1.21552
1.21094
1.21438
1.22452
1.23793
1.25148
1.26336
1.27298
1.28032
1.2856
1.28911
1.2911
1.29187
1.29169
1.29083
1.28958
1.28819
1.28689
1.28583
1.28509
1.28466
1.28445
1.28431
1.28409
1.28362
1.2828
1.28159
1.27999
1.27812
1.27614
1.27427
1.27272
1.27161
1.27096
1.27067
1.27055
1.27038
1.26998
1.26921
1.26802
1.2664
1.26437
1.26198
1.25926
1.25624
1.25299
1.24961
1.24631
1.24337
1.24115
1.23999
1.2401
1.24151
1.24405
1.24738
1.25111
1.25489
1.25846
1.26164
1.26439
1.26671
1.26865
1.27028
1.27167
1.27289
1.27399
1.27497
1.27586
1.27664
1.2773
1.27781
1.27816
1.27834
1.27839
1.27835
1.2783
1.27834
1.27854
1.27899
1.27973
1.28073
1.28192
1.2832
1.28442
1.28543
1.28609
1.28629
1.28594
1.28502
1.28356
1.28167
1.27952
1.27732
1.27532
1.27374
1.27273
1.27237
1.27264
1.27349
1.27484
1.27656
1.27857
1.28079
1.28315
1.28558
1.28803
1.29042
1.29266
1.29463
1.29617
1.29713
1.29732
1.29658
1.2948
1.29198
1.28836
1.28441
1.28087
1.27854
1.27794
1.27909
1.28149
1.28439
1.28711
1.28926
1.29081
1.29192
1.29285
1.29382
1.29495
1.29619
1.29739
1.2983
1.29869
1.29833
1.2971
1.29498
1.2921
1.28877
1.28536
1.28218
1.27939
1.27697
1.27497
1.27364
1.27346
1.27487
1.27794
1.28225
1.28707
1.29168
1.29555
1.29846
1.30038
1.3014
1.30169
1.3014
1.30069
1.29967
1.2984
1.29694
1.29534
1.29362
1.29182
1.28998
1.28814
1.28634
1.28464
1.28309
1.28173
1.28059
1.27967
1.27895
1.27839
1.27793
1.27752
1.2771
1.27665
1.27615
1.27563
1.27509
1.27456
1.27404
1.2735
1.27288
1.27211
1.27113
1.26991
1.2685
1.267
1.26552
1.26417
1.26304
1.26212
1.26139
1.26083
1.26044
1.26024
1.26026
1.26052
1.26094
1.26144
1.26188
1.2621
1.26199
1.26146
1.26048
1.2591
1.25748
1.25586
1.25455
1.25382
1.25384
1.25461
1.2559
1.25736
1.25863
1.25937
1.25936
1.25844
1.25648
1.25335
1.24891
1.24302
1.23572
1.22737
1.21889
1.2117
1.20729
1.20648
1.20891
1.21334
1.21843
1.22326
1.22745
1.23101
1.23405
1.23671
1.23905
1.24107
1.24276
1.24408
1.24501
1.24554
1.24569
1.24548
1.24494
1.24409
1.24293
1.24151
1.23986
1.23807
1.2363
1.23478
1.23377
1.23348
1.23401
1.23531
1.23716
1.23928
1.24137
1.2432
1.24462
1.24556
1.24601
1.24601
1.2456
1.24485
1.24383
1.24261
1.24129
1.23995
1.23872
1.2377
1.23699
1.23668
1.23681
1.23736
1.2383
1.2395
1.24086
1.24225
1.24353
1.24459
1.24534
1.2457
1.24559
1.24498
1.24382
1.24212
1.23988
1.23718
1.2341
1.23083
1.2276
1.22468
1.22238
1.2209
1.22029
1.22042
1.221
1.22177
1.22253
1.22323
1.22394
1.2248
1.22594
1.22746
1.22945
1.2319
1.23477
1.23798
1.24141
1.24494
1.24848
1.25194
1.25524
1.2583
1.26106
1.26343
1.26534
1.26668
1.26739
1.26737
1.26657
1.26497
1.2626
1.2596
1.25615
1.25248
1.24875
1.24499
1.24105
1.23669
1.23181
1.2266
1.22171
1.21808
1.21655
1.21747
1.22054
1.22509
1.23036
1.23578
1.241
1.24584
1.25019
1.25403
1.25731
1.26004
1.26218
1.26373
1.26464
1.26487
1.26437
1.26308
1.26098
1.25809
1.25458
1.2508
1.24729
1.24475
1.24375
1.24458
1.24702
1.25051
1.25436
1.25797
1.26096
1.26318
1.26461
1.26535
1.2655
1.26519
1.26453
1.26363
1.26256
1.26138
1.26011
1.25873
1.25721
1.25546
1.2534
1.25097
1.24816
1.24511
1.24207
1.2394
1.2375
1.23666
1.23691
1.23808
1.23981
1.24172
1.24348
1.24493
1.24599
1.24668
1.24706
1.24721
1.24721
1.24712
1.24703
1.247
1.24707
1.24729
1.24768
1.24822
1.24887
1.24958
1.25025
1.25081
1.2512
1.25138
1.25135
1.25113
1.25077
1.25035
1.24992
1.24952
1.24919
1.2489
1.24861
1.2483
1.24789
1.24737
1.24673
1.24596
1.24511
1.24422
1.24332
1.24246
1.24165
1.24086
1.24005
1.23917
1.23814
1.2369
1.23544
1.23378
1.23203
1.23032
1.22885
1.22782
1.22741
1.22777
1.22897
1.23099
1.23364
1.23667
1.23969
1.24236
1.24441
1.24573
1.24642
1.24677
1.24717
1.24796
1.24928
1.25104
1.25293
1.25455
1.25552
1.25559
1.25461
1.25252
1.24936
1.24525
1.24036
1.23494
1.22927
1.22362
1.21826
1.21345
1.20954
1.20701
1.20634
1.20784
1.21135
1.2163
1.22188
1.22735
1.2322
1.23618
1.23923
1.24143
1.24288
1.24372
1.24407
1.24404
1.24373
1.24322
1.24256
1.24181
1.24097
1.24008
1.23912
1.2381
1.23701
1.23588
1.23472
1.23357
1.23251
1.23162
1.23098
1.23068
1.23076
1.23125
1.23211
1.23329
1.23467
1.23616
1.23765
1.23905
1.2403
1.24136
1.24221
1.24285
1.24331
1.24362
1.24383
1.24399
1.24416
1.2444
1.24477
1.2453
1.24601
1.24685
1.24776
1.2486
1.24915
1.24914
1.24823
1.24602
1.24222
1.23676
1.23015
1.2237
1.21937
1.21891
1.22273
1.22959
1.23733
1.24405
1.24867
1.25093
1.25118
1.25012
1.24862
1.2474
1.24676
1.24646
1.24585
1.2443
1.24156
1.23799
1.23454
1.23238
1.23242
1.23491
1.23944
1.24518
1.25126
1.257
1.26191
1.26578
1.2685
1.27013
1.27072
1.2704
1.26928
1.26745
1.26502
1.26207
1.25868
1.25494
1.25092
1.2
1.19609
1.19199
1.18811
1.18472
1.1821
1.1805
1.17998
1.18041
1.18152
1.18296
1.18446
1.18585
1.18711
1.18828
1.18948
1.19079
1.19225
1.19384
1.19546
1.19701
1.19833
1.19929
1.19981
1.1998
1.19923
1.19813
1.19655
1.19459
1.19245
1.19036
1.18859
1.18738
1.18692
1.18729
1.18845
1.19029
1.19261
1.19522
1.19788
1.20041
1.20261
1.20432
1.20541
1.20575
1.20524
1.20382
1.20146
1.19819
1.19415
1.18962
1.18503
1.18095
1.17794
1.17638
1.1763
1.17737
1.17907
1.18084
1.18233
1.1834
1.1841
1.18459
1.18502
1.18551
1.18609
1.18675
1.18743
1.1881
1.18873
1.18932
1.18987
1.19038
1.19084
1.19125
1.19159
1.19185
1.192
1.19207
1.19204
1.19194
1.19178
1.19158
1.19138
1.19118
1.191
1.19087
1.19078
1.19077
1.19083
1.19099
1.19128
1.19173
1.19234
1.19314
1.1941
1.19519
1.19634
1.19749
1.19854
1.19942
1.20007
1.20046
1.20058
1.20044
1.20008
1.19953
1.19887
1.19817
1.19751
1.19696
1.19657
1.1964
1.19645
1.19671
1.19714
1.19768
1.19827
1.19884
1.19934
1.19972
1.19997
1.20009
1.20007
1.19993
1.19967
1.19924
1.19857
1.19755
1.19601
1.19376
1.19059
1.18637
1.18109
1.17496
1.16849
1.16244
1.15768
1.1549
1.15441
1.15605
1.1593
1.16356
1.16827
1.17304
1.17759
1.18173
1.18538
1.1885
1.19113
1.19339
1.1954
1.19729
1.19914
1.20096
1.20272
1.20435
1.20578
1.20691
1.20769
1.20806
1.208
1.2075
1.20657
1.20525
1.20363
1.2018
1.19991
1.19809
1.19644
1.19503
1.19382
1.1927
1.19154
1.19018
1.18855
1.18664
1.18456
1.18249
1.18063
1.17911
1.17799
1.17723
1.17671
1.17631
1.17593
1.17557
1.17527
1.17507
1.17497
1.17488
1.17471
1.17438
1.1739
1.17343
1.17326
1.1737
1.17503
1.17732
1.18043
1.184
1.18758
1.19074
1.19318
1.19473
1.1954
1.1953
1.19466
1.19371
1.19273
1.19192
1.19144
1.19137
1.19169
1.19232
1.19312
1.19393
1.19459
1.19501
1.19515
1.19501
1.19463
1.19408
1.19344
1.19275
1.19205
1.19136
1.19068
1.19001
1.18935
1.18872
1.18815
1.1877
1.18745
1.18746
1.18779
1.18849
1.18956
1.19094
1.19258
1.19441
1.19635
1.19832
1.20028
1.2022
1.20405
1.20581
1.20747
1.20902
1.21044
1.21172
1.21284
1.21375
1.21444
1.21487
1.21499
1.21478
1.2142
1.21325
1.21192
1.21024
1.20825
1.20598
1.20344
1.20057
1.19728
1.19341
1.1888
1.18341
1.17737
1.17111
1.16536
1.16103
1.15898
1.15973
1.16321
1.16884
1.17573
1.18292
1.18963
1.19532
1.19968
1.20254
1.20388
1.20372
1.20216
1.19937
1.19571
1.1917
1.18803
1.18535
1.18412
1.18437
1.18573
1.18764
1.18957
1.19122
1.19246
1.19334
1.19396
1.19441
1.19478
1.19509
1.19533
1.19545
1.19541
1.19514
1.19457
1.19364
1.19228
1.19046
1.18817
1.18547
1.18245
1.17927
1.17614
1.17327
1.17082
1.1689
1.16751
1.16658
1.16598
1.16562
1.16543
1.16538
1.16549
1.16576
1.16618
1.16673
1.16737
1.16804
1.16869
1.16929
1.16979
1.17018
1.17045
1.17056
1.1705
1.17023
1.16972
1.16891
1.1678
1.16637
1.16467
1.16278
1.16087
1.15918
1.15795
1.15745
1.15782
1.1591
1.16118
1.16383
1.16677
1.16974
1.17253
1.175
1.17707
1.17868
1.17983
1.1805
1.18069
1.18037
1.17952
1.17809
1.17604
1.17332
1.16989
1.16572
1.16083
1.15535
1.14949
1.14367
1.13847
1.13456
1.13253
1.13262
1.13462
1.13796
1.14187
1.14567
1.14889
1.15127
1.15271
1.15329
1.15314
1.15251
1.1517
1.15105
1.1509
1.15148
1.15286
1.15495
1.15754
1.16034
1.16304
1.16534
1.167
1.16775
1.16736
1.1656
1.16227
1.15735
1.1511
1.14421
1.13782
1.13319
1.13116
1.13174
1.13419
1.13749
1.14086
1.14393
1.14663
1.14905
1.15128
1.15335
1.15528
1.15706
1.15865
1.16004
1.16123
1.16221
1.163
1.1636
1.16404
1.16433
1.1645
1.16455
1.16451
1.16438
1.16417
1.16388
1.16354
1.16313
1.16266
1.16215
1.16159
1.16099
1.16036
1.15969
1.15899
1.15825
1.15746
1.15661
1.15566
1.15458
1.15335
1.15191
1.15022
1.14824
1.14596
1.14338
1.14056
1.13759
1.13466
1.13199
1.12981
1.1283
1.12754
1.12752
1.12817
1.12943
1.13131
1.13382
1.13697
1.14065
1.14467
1.14877
1.15267
1.15617
1.15914
1.16153
1.16335
1.16467
1.16555
1.16608
1.16634
1.16641
1.16636
1.16623
1.16608
1.16592
1.16577
1.16563
1.16549
1.16533
1.16512
1.16482
1.16438
1.16377
1.16292
1.16178
1.16032
1.15853
1.15645
1.15421
1.15202
1.15019
1.14906
1.14889
1.14984
1.1518
1.15453
1.15767
1.16087
1.16387
1.16648
1.16863
1.17027
1.17143
1.17212
1.17238
1.17224
1.17171
1.17084
1.16964
1.16817
1.1665
1.16471
1.1629
1.16114
1.1595
1.158
1.15658
1.15513
1.15347
1.15147
1.14905
1.14631
1.14353
1.14116
1.13967
1.1394
1.14039
1.14244
1.14519
1.14828
1.1514
1.15437
1.15704
1.1593
1.16107
1.16221
1.16261
1.16217
1.16088
1.1589
1.15664
1.15472
1.15382
1.15442
1.15654
1.15977
1.16343
1.16687
1.16962
1.17145
1.17233
1.1723
1.17149
1.17002
1.16803
1.16567
1.16307
1.16039
1.15774
1.15522
1.15287
1.15062
1.14836
1.14591
1.1431
1.13987
1.13634
1.13285
1.12988
1.12796
1.12739
1.12822
1.13022
1.13303
1.1363
1.13975
1.14318
1.14644
1.14943
1.15207
1.15434
1.15625
1.15785
1.15924
1.16049
1.16164
1.16265
1.16342
1.16381
1.16367
1.16288
1.16139
1.15922
1.15658
1.15385
1.15162
1.15055
1.15116
1.15353
1.15732
1.16185
1.16644
1.17055
1.17392
1.17647
1.1783
1.17954
1.18035
1.1809
1.18131
1.1817
1.18214
1.18269
1.18337
1.18419
1.18512
1.18615
1.18725
1.18836
1.18946
1.19051
1.19149
1.19236
1.19311
1.19371
1.19416
1.19444
1.19454
1.19443
1.19411
1.19357
1.19281
1.19183
1.19066
1.18934
1.18795
1.18657
1.18532
1.1843
1.1836
1.18326
1.18326
1.18351
1.18389
1.18424
1.18442
1.1843
1.18381
1.183
1.18201
1.18112
1.18062
1.18077
1.18165
1.18318
1.18512
1.18721
1.18925
1.19115
1.19292
1.19463
1.19636
1.19815
1.19999
1.20174
1.20325
1.20428
1.20462
1.20411
1.20263
1.2002
1.19695
1.19309
1.18895
1.18484
1.18107
1.17787
1.17541
1.17374
1.17279
1.17235
1.17216
1.17196
1.1716
1.17107
1.17042
1.16981
1.16939
1.16929
1.16957
1.17015
1.1709
1.17164
1.17219
1.17244
1.17238
1.17205
1.17155
1.171
1.17044
1.16987
1.16922
1.16843
1.16752
1.16657
1.16579
1.16539
1.1655
1.16617
1.16727
1.16861
1.16997
1.17118
1.17216
1.17289
1.17342
1.17384
1.17423
1.17465
1.17517
1.1758
1.17652
1.17731
1.17812
1.1789
1.17961
1.1802
1.18063
1.18083
1.18078
1.18041
1.17965
1.17844
1.17671
1.1744
1.17147
1.16794
1.16389
1.15947
1.15485
1.15026
1.14593
1.14219
1.13951
1.13851
1.13982
1.1437
1.14978
1.15712
1.16462
1.17139
1.17695
1.18119
1.18423
1.18631
1.18771
1.18867
1.18939
1.19004
1.19069
1.19141
1.19219
1.19302
1.19384
1.19459
1.19519
1.19555
1.19558
1.1952
1.19433
1.19293
1.19099
1.18855
1.18572
1.18271
1.17974
1.17705
1.17484
1.17324
1.17229
1.17202
1.17243
1.1735
1.17516
1.1773
1.1798
1.18254
1.18546
1.18847
1.19142
1.19415
1.19641
1.198
1.19883
1.19891
1.19844
1.19772
1.19713
1.197
1.19757
1.19884
1.20065
1.20271
1.20466
1.20622
1.20718
1.20747
1.20709
1.20616
1.20477
1.20298
1.20075
1.19797
1.19448
1.19021
1.18531
1.18028
1.17596
1.17332
1.17303
1.1752
1.17931
1.18451
1.18998
1.19517
1.19973
1.20355
1.2066
1.20888
1.21044
1.21131
1.21154
1.2112
1.21038
1.2092
1.20783
1.20644
1.20524
1.20439
1.20404
1.20421
1.20486
1.2059
1.20718
1.20854
1.20987
1.21107
1.21206
1.21283
1.21333
1.21357
1.21351
1.21314
1.21243
1.21135
1.20983
1.20783
1.2053
1.20218
1.19848
1.19425
1.18966
1.18501
1.18074
1.17734
1.17525
1.17467
1.17557
1.17765
1.18053
1.18379
1.1871
1.19021
1.19295
1.19519
1.19686
1.19793
1.19847
1.19859
1.19855
1.19861
1.1991
1.20023
1.20206
1.20446
1.20716
1.20978
1.21194
1.21323
1.2133
1.21179
1.20837
1.20286
1.19543
1.1869
1.17888
1.17336
1.17169
1.17375
1.17804
1.18276
1.18665
1.18925
1.19061
1.19104
1.19085
1.19029
1.18955
1.18878
1.18811
1.18762
1.1874
1.18747
1.18781
1.18838
1.18913
1.19001
1.19099
1.19207
1.19322
1.19441
1.19559
1.19668
1.19762
1.19833
1.19879
1.19899
1.19895
1.19872
1.19837
1.19797
1.1976
1.19731
1.19716
1.19716
1.1973
1.19753
1.1978
1.19802
1.19808
1.1979
1.19735
1.19638
1.19492
1.19297
1.19059
1.18793
1.18518
1.1826
1.18042
1.17884
1.17797
1.17782
1.17834
1.17943
1.181
1.183
1.1854
1.18814
1.19114
1.19423
1.19716
1.19967
1.2015
1.20247
1.2025
1.20168
1.20019
1.19829
1.19622
1.19412
1.19194
1.18958
1.18695
1.18422
1.18187
1.18067
1.18135
1.18423
1.18902
1.19493
1.20101
1.20644
1.21072
1.21361
1.21504
1.21505
1.21373
1.21118
1.20759
1.20323
1.19848
1.19383
1.2
1.1963
1.1935
1.19212
1.19221
1.19367
1.19631
1.19989
1.20423
1.20907
1.21414
1.21904
1.2233
1.22646
1.22808
1.22785
1.22562
1.22152
1.21608
1.21032
1.20573
1.20381
1.20537
1.21001
1.21629
1.22253
1.22746
1.23046
1.23139
1.23035
1.22749
1.22299
1.21719
1.21073
1.20468
1.20048
1.19948
1.20233
1.20857
1.21673
1.22504
1.23212
1.23725
1.24034
1.24165
1.2416
1.2406
1.23899
1.23697
1.2346
1.23187
1.22867
1.22491
1.22052
1.2155
1.2099
1.20391
1.19781
1.19203
1.18713
1.1838
1.18271
1.18435
1.18875
1.19536
1.2032
1.21124
1.21861
1.22481
1.22967
1.2332
1.23555
1.2369
1.23742
1.23728
1.23657
1.23541
1.23386
1.23198
1.22982
1.22744
1.22491
1.2223
1.2197
1.21718
1.21482
1.21269
1.2108
1.20916
1.20774
1.20652
1.20546
1.20458
1.20399
1.20382
1.20424
1.20535
1.20715
1.20948
1.21208
1.21466
1.21696
1.21881
1.22017
1.22104
1.22148
1.22156
1.22132
1.22075
1.21979
1.21831
1.21611
1.21303
1.20902
1.20424
1.19918
1.19455
1.191
1.18867
1.18699
1.18496
1.18191
1.17816
1.17522
1.17504
1.17869
1.18547
1.19352
1.20093
1.20659
1.21016
1.21181
1.21187
1.21075
1.2088
1.20637
1.20375
1.20124
1.19903
1.19728
1.19602
1.19523
1.19481
1.19466
1.19471
1.19491
1.19523
1.19568
1.19625
1.19695
1.19775
1.19861
1.19949
1.20037
1.2012
1.20197
1.20266
1.20326
1.20378
1.20423
1.20461
1.20494
1.20523
1.20549
1.20574
1.20599
1.20626
1.20656
1.20692
1.20734
1.20784
1.20844
1.20915
1.20998
1.21094
1.21203
1.21325
1.2146
1.21604
1.21757
1.21914
1.22073
1.22227
1.22373
1.22504
1.22616
1.22703
1.22765
1.22801
1.22815
1.22817
1.22815
1.22821
1.22841
1.2288
1.22934
1.23
1.23074
1.23158
1.2326
1.23393
1.2357
1.23797
1.24076
1.24396
1.24742
1.25099
1.25449
1.25782
1.26093
1.2638
1.26646
1.26893
1.27124
1.2734
1.27539
1.27718
1.2787
1.27989
1.28066
1.28092
1.28062
1.27973
1.27825
1.27624
1.27378
1.27102
1.26814
1.26537
1.26299
1.26132
1.26067
1.26126
1.2632
1.2664
1.27057
1.27532
1.28021
1.28481
1.2888
1.29197
1.29422
1.29551
1.2959
1.29545
1.29426
1.29244
1.29012
1.28746
1.28466
1.28194
1.27953
1.27764
1.27644
1.27608
1.27664
1.2781
1.2803
1.2829
1.28537
1.28711
1.28752
1.28623
1.28323
1.27905
1.2748
1.27184
1.27124
1.27312
1.27666
1.28061
1.28389
1.28595
1.2867
1.2864
1.28546
1.28433
1.2834
1.28293
1.28303
1.28364
1.28459
1.28566
1.28665
1.2874
1.28784
1.28794
1.28771
1.28718
1.2864
1.28542
1.28425
1.28291
1.28138
1.27966
1.27774
1.27567
1.27355
1.27157
1.26995
1.26891
1.26856
1.26885
1.26956
1.27033
1.2708
1.27063
1.26962
1.26769
1.26488
1.26135
1.25735
1.25317
1.24917
1.24571
1.24313
1.24154
1.24073
1.24013
1.23906
1.23702
1.23403
1.23071
1.22812
1.22737
1.22901
1.23284
1.23807
1.24377
1.24929
1.25428
1.25863
1.26235
1.26547
1.26798
1.26991
1.27126
1.27206
1.27231
1.27205
1.27128
1.26998
1.26813
1.26569
1.26263
1.25894
1.25467
1.24997
1.24507
1.24031
1.23608
1.23275
1.23055
1.22952
1.2295
1.23022
1.23132
1.23247
1.23343
1.23403
1.23422
1.23401
1.23354
1.23297
1.23252
1.23236
1.23262
1.23336
1.23452
1.236
1.23767
1.23941
1.24113
1.24276
1.2443
1.24573
1.24706
1.24827
1.24934
1.25025
1.25096
1.25144
1.25166
1.25161
1.25127
1.25063
1.24969
1.24844
1.24691
1.24512
1.24314
1.24106
1.23904
1.23724
1.23584
1.23496
1.23466
1.23491
1.2356
1.23659
1.23773
1.23892
1.24007
1.24113
1.24207
1.24282
1.24332
1.24347
1.24318
1.24234
1.2409
1.23882
1.23615
1.233
1.22958
1.22617
1.22309
1.22065
1.21914
1.2187
1.21936
1.22099
1.22339
1.22626
1.22929
1.23221
1.23477
1.23678
1.23809
1.23862
1.23836
1.23733
1.23565
1.23352
1.23116
1.22885
1.22681
1.22518
1.22396
1.22306
1.22232
1.22157
1.22071
1.21974
1.2187
1.21773
1.21695
1.2165
1.21645
1.21682
1.21756
1.21857
1.21971
1.22085
1.22186
1.22262
1.22307
1.22314
1.22278
1.22199
1.22073
1.21902
1.21687
1.21432
1.21142
1.20829
1.20506
1.20191
1.19903
1.19656
1.19461
1.19322
1.19233
1.19183
1.19158
1.19144
1.19127
1.19099
1.19055
1.18993
1.18918
1.18837
1.1876
1.18699
1.18665
1.18668
1.18714
1.18802
1.18926
1.19079
1.19247
1.19421
1.19589
1.19745
1.19882
1.19999
1.20095
1.20172
1.20236
1.2029
1.20341
1.20394
1.20455
1.20528
1.20614
1.20714
1.20825
1.20943
1.21063
1.21176
1.21274
1.21349
1.21388
1.2138
1.21311
1.21169
1.20941
1.20623
1.20225
1.19778
1.1934
1.18988
1.18796
1.18802
1.18999
1.19329
1.19722
1.20111
1.20454
1.20732
1.20938
1.21078
1.2116
1.21194
1.21189
1.21155
1.21103
1.21039
1.20973
1.20913
1.20864
1.20829
1.20812
1.20812
1.20828
1.20856
1.20893
1.20934
1.20975
1.21009
1.21035
1.21047
1.21047
1.21037
1.21024
1.21019
1.21037
1.2109
1.21185
1.21324
1.21497
1.21687
1.21877
1.22044
1.22171
1.22243
1.22248
1.22174
1.22013
1.21758
1.21408
1.20972
1.20476
1.19964
1.19494
1.19125
1.18894
1.18807
1.18833
1.18928
1.1905
1.19172
1.19285
1.19392
1.19499
1.19612
1.19733
1.19858
1.19979
1.20087
1.20177
1.20246
1.20298
1.20343
1.20392
1.20457
1.20546
1.20661
1.20791
1.20918
1.21016
1.21055
1.21012
1.20872
1.20637
1.20325
1.19969
1.19607
1.19273
1.18987
1.18754
1.18565
1.18405
1.1825
1.18078
1.17869
1.17621
1.17359
1.17137
1.17021
1.17068
1.17294
1.17669
1.18129
1.186
1.19017
1.19339
1.19548
1.19644
1.19644
1.19575
1.19472
1.19369
1.19296
1.1927
1.19294
1.19356
1.19439
1.19522
1.19589
1.19629
1.19638
1.19616
1.19565
1.1949
1.19396
1.19286
1.19166
1.19038
1.18905
1.18771
1.18636
1.18503
1.18373
1.18246
1.18121
1.17998
1.17873
1.1774
1.17592
1.17414
1.17188
1.16889
1.16485
1.15948
1.15265
1.14466
1.13653
1.13004
1.12709
1.12865
1.13408
1.14157
1.14927
1.15598
1.16126
1.16517
1.16796
1.16993
1.17131
1.17229
1.17302
1.17357
1.17401
1.17439
1.17473
1.17505
1.17537
1.17568
1.176
1.17631
1.17662
1.17689
1.1771
1.17721
1.17719
1.17695
1.17643
1.17552
1.17413
1.17212
1.16938
1.16583
1.16144
1.15628
1.15061
1.14486
1.13968
1.13581
1.13392
1.13438
1.13712
1.14168
1.14733
1.15333
1.15908
1.16419
1.16846
1.17185
1.17442
1.17628
1.17755
1.17836
1.1788
1.17898
1.17896
1.17879
1.17851
1.17815
1.17771
1.17721
1.17664
1.17601
1.17533
1.17458
1.1738
1.17299
1.17217
1.17136
1.17057
1.1698
1.16906
1.16833
1.16764
1.16699
1.16641
1.16594
1.16563
1.16552
1.16564
1.16602
1.16668
1.16767
1.16899
1.17062
1.17255
1.17471
1.17706
1.17958
1.18225
1.18507
1.18804
1.19113
1.19427
1.19738
1.20037
1.20313
1.20554
1.20746
1.20868
1.20895
1.20792
1.20515
1.20023
1.19305
1.18424
1.17559
1.16991
1.16953
1.17465
1.18318
1.19233
1.20011
1.20578
1.2094
1.21136
1.2121
1.21201
1.21137
1.2104
1.20929
1.20821
1.20731
1.20669
1.2064
1.20639
1.20655
1.20668
1.20659
1.20608
1.20503
1.20344
1.20136
1.19897
1.19649
1.19417
1.19219
1.1907
1.18976
1.18939
1.18962
1.19048
1.192
1.19416
1.19688
1.19991
1.20293
1.2056
1.20765
1.20897
1.20961
1.20979
1.20983
1.21003
1.21063
1.21172
1.21327
1.2151
1.21701
1.21881
1.22038
1.22166
1.22266
1.22339
1.22388
1.22413
1.22409
1.22372
1.223
1.22191
1.22049
1.21882
1.21701
1.21522
1.21362
1.21233
1.21149
1.21117
1.21143
1.21227
1.21363
1.21539
1.21733
1.2192
1.22065
1.22137
1.22103
1.21939
1.21636
1.2121
1.20712
1.20241
1.19916
1.19837
1.2003
1.20433
1.20935
1.21425
1.21833
1.2213
1.22319
1.22418
1.22447
1.22424
1.22361
1.2226
1.22121
1.21938
1.21709
1.21436
1.21133
1.20824
1.20548
1.20343
1.20244
1.20263
1.20389
1.20591
1.20832
1.21079
1.21315
1.21533
1.21737
1.21932
1.22122
1.22308
1.22483
1.22642
1.22775
1.22874
1.22935
1.22952
1.22925
1.22852
1.22734
1.22576
1.22382
1.22162
1.21927
1.21691
1.21469
1.21275
1.21122
1.21016
1.20959
1.2095
1.20981
1.21045
1.21134
1.21242
1.21367
1.21508
1.21666
1.21841
1.2203
1.22228
1.22424
1.22607
1.22764
1.22882
1.22951
1.22966
1.22923
1.22821
1.22663
1.22456
1.22211
1.2194
1.2166
1.21388
1.21142
1.20933
1.20768
1.20647
1.20562
1.20502
1.20455
1.2041
1.20363
1.20312
1.20262
1.20222
1.20201
1.20206
1.2024
1.20302
1.20386
1.20485
1.20589
1.2069
1.20781
1.20859
1.2092
1.20965
1.20995
1.21012
1.21018
1.21014
1.21003
1.20983
1.20952
1.20904
1.2083
1.20719
1.20554
1.20321
1.20012
1.19628
1.19189
1.18735
1.18319
1.17991
1.1778
1.17681
1.17665
1.17698
1.17758
1.17846
1.17976
1.18169
1.18433
1.18763
1.19137
1.19524
1.19897
1.20234
1.20521
1.20752
1.20927
1.21051
1.21128
1.2
1.20028
1.20024
1.19988
1.19928
1.19848
1.19756
1.1966
1.19568
1.19488
1.19422
1.19372
1.19331
1.1929
1.19232
1.19141
1.19003
1.18809
1.1856
1.18272
1.17972
1.17697
1.17488
1.17374
1.17366
1.17454
1.1761
1.17799
1.17989
1.18163
1.18315
1.18449
1.18574
1.18697
1.18817
1.1893
1.19029
1.19111
1.19182
1.19253
1.19336
1.19441
1.19568
1.19709
1.19849
1.19971
1.20059
1.20106
1.20109
1.20074
1.20013
1.19939
1.19869
1.19817
1.19794
1.19806
1.19859
1.19955
1.20092
1.20264
1.20463
1.20671
1.20866
1.21019
1.21104
1.21093
1.20971
1.2074
1.20429
1.20102
1.1984
1.19718
1.19764
1.19947
1.20186
1.20395
1.20511
1.20505
1.20379
1.20157
1.19877
1.19581
1.19309
1.19096
1.18967
1.18933
1.18993
1.19137
1.19348
1.19611
1.19912
1.20238
1.20578
1.20911
1.21216
1.21462
1.2162
1.21661
1.21559
1.21295
1.2086
1.20262
1.19542
1.18782
1.18108
1.17658
1.17541
1.17789
1.1834
1.1907
1.19842
1.20548
1.21127
1.21561
1.21859
1.22046
1.22147
1.22187
1.22185
1.22155
1.2211
1.22057
1.22002
1.21948
1.21899
1.21856
1.2182
1.21788
1.2176
1.21732
1.21702
1.21667
1.21624
1.21571
1.21508
1.21434
1.21349
1.21253
1.21148
1.21036
1.20917
1.20794
1.20668
1.2054
1.20412
1.20286
1.20161
1.2004
1.19923
1.19813
1.1971
1.19619
1.19541
1.1948
1.19437
1.19413
1.19408
1.19422
1.19451
1.1949
1.19534
1.19578
1.19615
1.19639
1.19645
1.19633
1.19604
1.19566
1.19534
1.19524
1.19558
1.1965
1.19807
1.20027
1.20294
1.20591
1.20896
1.21192
1.2147
1.21722
1.2195
1.22154
1.22341
1.22515
1.22679
1.22837
1.22989
1.23134
1.23269
1.23391
1.23491
1.23564
1.23601
1.2359
1.23522
1.23385
1.23168
1.22865
1.22476
1.22008
1.21478
1.20907
1.2032
1.19739
1.19177
1.18645
1.18146
1.17684
1.17267
1.16913
1.16645
1.16496
1.16487
1.16627
1.16904
1.17288
1.1774
1.1822
1.18693
1.19129
1.19512
1.19834
1.20097
1.20312
1.20492
1.2065
1.20794
1.20928
1.21049
1.2115
1.21224
1.21259
1.21246
1.21177
1.21043
1.20837
1.20553
1.20192
1.19761
1.19283
1.18802
1.18377
1.18071
1.17929
1.17954
1.18111
1.18338
1.18576
1.18779
1.18924
1.19007
1.19033
1.1901
1.18952
1.18866
1.18763
1.18649
1.18528
1.18404
1.1828
1.18158
1.18039
1.17924
1.17813
1.17707
1.17606
1.17511
1.17421
1.17336
1.17256
1.1718
1.17108
1.17039
1.16973
1.1691
1.16848
1.1679
1.16737
1.16692
1.16658
1.1664
1.16644
1.16674
1.16733
1.16824
1.16944
1.17088
1.17249
1.17417
1.17581
1.17729
1.17849
1.17929
1.1796
1.17933
1.17849
1.17714
1.17548
1.17383
1.17257
1.17206
1.17246
1.17368
1.17537
1.17703
1.17817
1.17839
1.17748
1.17541
1.17232
1.16852
1.16445
1.16063
1.15759
1.15571
1.15517
1.15591
1.15765
1.16009
1.16296
1.16609
1.16941
1.17289
1.17657
1.18045
1.18454
1.1888
1.19316
1.19751
1.20176
1.20577
1.20946
1.21275
1.21559
1.21795
1.2198
1.22113
1.22192
1.22216
1.22184
1.22094
1.21944
1.21731
1.2145
1.21096
1.20666
1.20168
1.19633
1.19125
1.18744
1.18591
1.18725
1.1912
1.19677
1.20275
1.20811
1.21227
1.21501
1.21635
1.21646
1.21564
1.21429
1.21284
1.21167
1.21105
1.21103
1.21152
1.21237
1.21344
1.21462
1.21586
1.21709
1.2182
1.2191
1.21968
1.21991
1.21979
1.21946
1.2191
1.21893
1.2192
1.22007
1.22165
1.22389
1.22668
1.22981
1.23303
1.23611
1.23885
1.2411
1.24275
1.24373
1.24403
1.24365
1.24262
1.24102
1.23896
1.23659
1.23413
1.23182
1.22992
1.22865
1.2282
1.22861
1.22985
1.23175
1.23411
1.23669
1.23927
1.24168
1.24378
1.24551
1.24682
1.24771
1.24816
1.24819
1.24783
1.24708
1.24599
1.24459
1.24295
1.24115
1.23929
1.2375
1.2359
1.23464
1.23382
1.23351
1.23375
1.23449
1.23566
1.23712
1.2387
1.24024
1.24158
1.24256
1.2431
1.24319
1.24289
1.24231
1.24164
1.24107
1.24076
1.24079
1.24116
1.24179
1.24261
1.24354
1.24453
1.24561
1.2468
1.24813
1.24961
1.25122
1.25286
1.25441
1.2557
1.25657
1.25688
1.25656
1.25557
1.25395
1.25178
1.24918
1.24627
1.24315
1.23991
1.23665
1.23355
1.23083
1.22881
1.22785
1.2282
1.22993
1.23289
1.23671
1.24096
1.24525
1.24926
1.25283
1.25587
1.25837
1.26035
1.26183
1.26286
1.26345
1.26362
1.2634
1.2628
1.26186
1.26063
1.25918
1.25762
1.25606
1.25465
1.25351
1.25276
1.25248
1.25271
1.25343
1.25458
1.25603
1.25768
1.25937
1.261
1.26246
1.26367
1.26459
1.26521
1.26552
1.26556
1.26534
1.26492
1.26434
1.26364
1.26289
1.26213
1.26138
1.26067
1.26
1.25931
1.25854
1.25755
1.25613
1.25404
1.25101
1.24682
1.2415
1.2355
1.22984
1.22587
1.2247
1.22646
1.23022
1.2345
1.23811
1.24046
1.2416
1.24198
1.24207
1.24224
1.2426
1.24304
1.24332
1.2432
1.24252
1.24123
1.23938
1.23706
1.23442
1.23162
1.22879
1.22611
1.22374
1.22191
1.22081
1.22062
1.2214
1.22303
1.22526
1.22773
1.23008
1.232
1.23331
1.2339
1.23377
1.23298
1.23161
1.22978
1.22764
1.22535
1.22313
1.22119
1.21975
1.219
1.21905
1.21988
1.22137
1.22329
1.22541
1.22752
1.22943
1.23104
1.23228
1.23314
1.23363
1.23374
1.23352
1.23299
1.23218
1.23112
1.22986
1.22845
1.22697
1.22552
1.22424
1.22324
1.22262
1.22242
1.22256
1.22288
1.22312
1.223
1.22228
1.22081
1.21861
1.21594
1.21329
1.21129
1.21057
1.21148
1.21395
1.21757
1.22171
1.2258
1.22944
1.23238
1.2345
1.23576
1.23621
1.23592
1.23502
1.23374
1.23235
1.23113
1.23033
1.23008
1.23035
1.23095
1.23165
1.23221
1.23244
1.23226
1.23166
1.23069
1.22944
1.22801
1.2265
1.22502
1.22365
1.22248
1.22158
1.22101
1.22081
1.22099
1.22155
1.22246
1.22364
1.22504
1.22658
1.2282
1.22982
1.23141
1.23293
1.23435
1.23567
1.23689
1.23801
1.23904
1.24002
1.24094
1.24183
1.24269
1.24352
1.24431
1.24504
1.2457
1.24625
1.24666
1.24691
1.24698
1.24685
1.24653
1.24605
1.24546
1.24483
1.24425
1.24378
1.2435
1.24341
1.2435
1.24369
1.24387
1.24392
1.24371
1.24314
1.24212
1.24064
1.23869
1.23634
1.23366
1.23073
1.22758
1.22422
1.22063
1.21689
1.21325
1.21019
1.20832
1.2082
1.21005
1.21362
1.21831
1.22339
1.22825
1.23246
1.23581
1.2382
1.23964
1.24016
1.23983
1.23871
1.23691
1.23452
1.23172
1.22873
1.22582
1.22333
1.22153
1.22065
1.22077
1.22182
1.22365
1.22605
1.22882
1.23179
1.23484
1.23785
1.24071
1.24333
1.24559
1.2474
1.24865
1.24928
1.24921
1.24839
1.24675
1.24425
1.24087
1.23667
1.23177
1.22645
1.22108
1.2161
1.21193
1.2089
1.20712
1.20646
1.2066
1.20714
1.20774
1.20818
1.20838
1.20834
1.20814
1.20788
1.20766
1.20758
1.20772
1.20814
1.20885
1.20981
1.21097
1.21226
1.21359
1.21492
1.21617
1.21732
1.21832
1.21917
1.21983
1.2203
1.22058
1.22065
1.22052
1.22021
1.21971
1.21905
1.21825
1.21733
1.21633
1.21528
1.21423
1.21323
1.21232
1.21154
1.21091
1.21044
1.21014
1.20997
1.20989
1.20987
1.20983
1.20973
1.20952
1.20913
1.20855
1.20773
1.20665
1.20532
1.20372
1.2019
1.19991
1.19784
1.19582
1.19399
1.19248
1.19138
1.19071
1.19042
1.19038
1.19051
1.19072
1.19104
1.19154
1.19238
1.19373
1.19574
1.19848
1.20191
1.20587
1.21015
1.21447
1.21857
1.22221
1.22518
1.22733
1.22855
1.22877
1.22794
1.22605
1.22315
1.21932
1.21473
1.2096
1.20422
1.1989
1.194
1.18991
1.18707
1.18589
1.18668
1.18945
1.19389
1.19938
1.20518
1.21061
1.21515
1.21849
1.2205
1.22118
1.22069
1.21929
1.21738
1.21538
1.21366
1.21238
1.21148
1.21064
1.20952
1.20784
1.20555
1.20285
1.20009
1.19764
1.19579
1.19458
1.19393
1.19364
1.19351
1.19338
1.1932
1.19296
1.19272
1.19259
1.19271
1.19323
1.19426
1.19586
1.19797
1.20045
1.20308
1.20558
1.2077
1.20922
1.21002
1.21002
1.20927
1.20792
1.20619
1.20443
1.20299
1.20216
1.20207
1.20269
1.20379
1.20509
1.2063
1.20722
1.20773
1.20782
1.20753
1.20695
1.20617
1.20528
1.20437
1.2035
1.20271
1.20203
1.20151
1.20115
1.20102
1.20114
1.20155
1.20226
1.20328
1.20454
1.206
1.20754
1.20906
1.21046
1.21163
1.21248
1.21293
1.21291
1.21238
1.2113
1.20969
1.20761
1.20518
1.20261
1.20014
1.19803
1.19651
1.19565
1.19541
1.1956
1.19596
1.19623
1.19624
1.19586
1.19508
1.19394
1.19251
1.19089
1.18914
1.18736
1.18562
1.18402
1.18269
1.18177
1.18142
1.18175
1.18281
1.18456
1.18688
1.18958
1.19247
1.19534
1.19803
1.2004
1.20231
1.20365
1.20432
1.2042
1.20316
1.20109
1.19785
1.19344
1.1881
1.18243
1.1775
1.17452
1.17439
1.17711
1.18181
1.18722
1.19227
1.19634
1.19929
1.20124
1.20246
1.20322
1.20373
1.20414
1.20449
1.20476
1.20487
1.20472
1.20424
1.20336
1.20205
1.20038
1.19846
1.19648
1.19464
1.19315
1.1921
1.19148
1.19116
1.19093
1.2
1.19964
1.19896
1.19795
1.19667
1.19526
1.19387
1.19264
1.19163
1.19084
1.1902
1.1897
1.18936
1.18931
1.1897
1.19068
1.19229
1.19442
1.19687
1.19938
1.20171
1.20368
1.20517
1.20613
1.20659
1.20661
1.20634
1.20597
1.20568
1.20566
1.20597
1.20652
1.20712
1.20745
1.20724
1.20631
1.20474
1.20284
1.20117
1.20028
1.20053
1.20188
1.20391
1.206
1.20755
1.20809
1.20738
1.20536
1.2022
1.19833
1.19447
1.19155
1.19039
1.19141
1.19438
1.19852
1.20291
1.20679
1.20967
1.21137
1.21191
1.21145
1.21017
1.20835
1.20627
1.20424
1.20256
1.20151
1.20125
1.20188
1.20336
1.20555
1.20823
1.21119
1.21419
1.21706
1.21964
1.22186
1.22365
1.22497
1.22582
1.22618
1.22604
1.2254
1.22427
1.22268
1.22071
1.21853
1.21632
1.21436
1.21288
1.21206
1.21195
1.21246
1.21341
1.21459
1.21581
1.21698
1.21804
1.21895
1.21967
1.22008
1.22001
1.21925
1.21765
1.21516
1.21191
1.20824
1.20468
1.20178
1.19997
1.19935
1.19965
1.20036
1.20092
1.20094
1.2003
1.19913
1.19776
1.19645
1.19533
1.19433
1.1934
1.19264
1.1924
1.19317
1.1954
1.19926
1.20455
1.21075
1.21721
1.22334
1.22874
1.23326
1.23691
1.23983
1.2422
1.24421
1.24597
1.24751
1.24878
1.24967
1.25002
1.24966
1.24839
1.24607
1.24258
1.23791
1.23221
1.22579
1.2192
1.21311
1.20819
1.2049
1.20333
1.20321
1.20403
1.20526
1.2065
1.20758
1.20851
1.20942
1.21049
1.21185
1.21355
1.21552
1.21761
1.21961
1.22132
1.22257
1.22329
1.22343
1.22304
1.22213
1.2207
1.2187
1.21597
1.21229
1.20739
1.20121
1.19409
1.18714
1.18209
1.18069
1.18354
1.18968
1.1972
1.20434
1.21007
1.21413
1.2167
1.21813
1.21881
1.21907
1.21919
1.21933
1.21961
1.22006
1.22068
1.22143
1.22224
1.22305
1.2238
1.22442
1.22485
1.22504
1.22492
1.22444
1.22351
1.22206
1.21999
1.21723
1.21371
1.20944
1.20448
1.19901
1.19334
1.18787
1.18307
1.17935
1.177
1.17614
1.1767
1.17849
1.18125
1.18467
1.18847
1.19237
1.19613
1.1996
1.20269
1.20539
1.20773
1.20979
1.21165
1.21338
1.21504
1.21668
1.21829
1.21987
1.22139
1.22281
1.22408
1.22515
1.22596
1.22645
1.22657
1.22628
1.22553
1.2243
1.22261
1.22054
1.21823
1.2159
1.21382
1.21229
1.21152
1.21162
1.21254
1.2141
1.21607
1.2182
1.2203
1.22226
1.224
1.22548
1.22672
1.22769
1.22842
1.2289
1.22913
1.22912
1.22889
1.22847
1.22788
1.22719
1.22645
1.22577
1.22522
1.22491
1.22488
1.22514
1.22564
1.22623
1.22674
1.22698
1.2268
1.22608
1.2248
1.223
1.22075
1.21821
1.21547
1.21258
1.20951
1.20618
1.20255
1.19871
1.19495
1.19172
1.18951
1.18869
1.18936
1.19138
1.19443
1.19815
1.20224
1.20649
1.21076
1.21498
1.21914
1.22319
1.2271
1.23076
1.23409
1.23696
1.23926
1.24091
1.24185
1.24208
1.24159
1.24046
1.23878
1.23668
1.23432
1.23185
1.22941
1.22709
1.22491
1.22279
1.22063
1.21836
1.21597
1.21358
1.21144
1.20985
1.209
1.20888
1.20925
1.20969
1.20977
1.20914
1.20765
1.2053
1.20233
1.19916
1.19634
1.19447
1.19397
1.19497
1.19727
1.20043
1.20393
1.20735
1.21041
1.21302
1.21517
1.21693
1.2184
1.21965
1.22076
1.22176
1.22267
1.22351
1.22425
1.22487
1.22535
1.22567
1.22578
1.22567
1.22532
1.22473
1.22387
1.22276
1.22137
1.21972
1.21781
1.21567
1.21335
1.21093
1.20853
1.20629
1.20436
1.20288
1.20195
1.20162
1.20187
1.20262
1.20375
1.20509
1.20649
1.20781
1.20894
1.20979
1.2103
1.21041
1.21008
1.20924
1.20783
1.2058
1.20312
1.1998
1.1959
1.19157
1.18699
1.18236
1.17791
1.17382
1.17034
1.16779
1.16664
1.16735
1.17019
1.17503
1.18132
1.18829
1.19519
1.20146
1.2068
1.2111
1.21438
1.21672
1.21824
1.21903
1.2192
1.21884
1.21807
1.21699
1.21574
1.21451
1.21347
1.21278
1.21257
1.21286
1.2136
1.21464
1.21577
1.21678
1.21748
1.21768
1.21726
1.21614
1.21429
1.21176
1.20867
1.20525
1.20184
1.19881
1.19653
1.19525
1.19503
1.19575
1.19713
1.19877
1.2003
1.20141
1.20189
1.20164
1.20067
1.19906
1.19698
1.19467
1.19244
1.19067
1.18972
1.18987
1.19126
1.19384
1.19741
1.20169
1.20635
1.21106
1.21559
1.21973
1.2234
1.22653
1.22914
1.23125
1.23291
1.23418
1.23512
1.23578
1.23621
1.23645
1.23655
1.23652
1.23638
1.23613
1.23577
1.23527
1.23461
1.23376
1.23271
1.23142
1.22993
1.22827
1.22654
1.22483
1.22329
1.22203
1.22113
1.22057
1.22027
1.22008
1.21982
1.21931
1.21841
1.217
1.21503
1.21255
1.20969
1.20671
1.20398
1.20191
1.20084
1.20087
1.20183
1.20336
1.20498
1.20634
1.2072
1.20752
1.20743
1.20712
1.20683
1.20677
1.20706
1.20774
1.20874
1.20994
1.21123
1.21249
1.21363
1.21465
1.21554
1.21635
1.21713
1.21791
1.21872
1.21955
1.22036
1.22113
1.22182
1.22242
1.22289
1.22323
1.22342
1.22344
1.22329
1.22294
1.2224
1.22164
1.22067
1.21949
1.2181
1.21649
1.21467
1.2126
1.21026
1.20761
1.20462
1.20127
1.1976
1.1938
1.19015
1.1871
1.18509
1.18447
1.18524
1.18715
1.1897
1.1924
1.19489
1.19698
1.1986
1.19982
1.20072
1.20139
1.20191
1.20235
1.20272
1.20303
1.20324
1.2033
1.20314
1.20268
1.20184
1.20057
1.19883
1.19664
1.19402
1.19108
1.18795
1.1848
1.18186
1.17932
1.17737
1.17613
1.17565
1.17587
1.17667
1.17787
1.17928
1.1807
1.18196
1.18292
1.18347
1.18353
1.18303
1.18194
1.18023
1.17791
1.17501
1.17168
1.16813
1.16474
1.16195
1.1602
1.15977
1.16067
1.16265
1.16529
1.16815
1.1709
1.17333
1.17538
1.17705
1.17841
1.1795
1.18041
1.18116
1.18178
1.18227
1.18263
1.18284
1.18287
1.1827
1.18229
1.18159
1.18057
1.17917
1.17735
1.17509
1.17241
1.16941
1.16627
1.16328
1.16077
1.15903
1.15818
1.15819
1.1588
1.15969
1.16054
1.16114
1.1614
1.16137
1.16118
1.16099
1.16095
1.16116
1.16168
1.16251
1.16361
1.16491
1.16634
1.16779
1.16919
1.17045
1.17148
1.17226
1.17274
1.17293
1.17286
1.17257
1.17211
1.17156
1.17098
1.17044
1.16999
1.16964
1.1694
1.16922
1.16904
1.1688
1.16842
1.16784
1.16702
1.166
1.16484
1.1637
1.16276
1.16221
1.16222
1.16283
1.164
1.16561
1.16745
1.16933
1.1711
1.17264
1.1739
1.17486
1.17555
1.17598
1.1762
1.17626
1.17621
1.17607
1.17591
1.17573
1.17555
1.17535
1.17509
1.1747
1.1741
1.17326
1.17219
1.17103
1.17002
1.16946
1.16964
1.17069
1.17252
1.17483
1.17721
1.17929
1.18079
1.18162
1.18178
1.18143
1.18075
1.17994
1.17919
1.17859
1.17819
1.17792
1.17768
1.17731
1.17664
1.17553
1.17391
1.17177
1.16916
1.16623
1.1631
1.1599
1.1567
1.15366
1.15108
1.14951
1.14951
1.15137
1.15489
1.15942
1.16416
1.16844
1.17189
1.17444
1.1762
1.1774
1.17834
1.17924
1.1803
1.1816
1.18313
1.18481
1.18653
1.18818
1.18967
1.19094
1.19198
1.19278
1.19337
1.19378
1.19403
1.19417
1.1942
1.19413
1.19397
1.19369
1.19328
1.19272
1.19198
1.19104
1.18988
1.18851
1.18693
1.18518
1.1833
1.18136
1.17942
1.17757
1.17586
1.17432
1.17296
1.17174
1.17059
1.16945
1.16824
1.16695
1.16561
1.16428
1.16309
1.16215
1.16158
1.16142
1.16169
1.16235
1.16333
1.16457
1.16598
1.16752
1.16914
1.17076
1.17236
1.17388
1.17528
1.17655
1.17766
1.17861
1.17942
1.18009
1.18065
1.18111
1.1815
1.18184
1.18214
1.18243
1.18271
1.18299
1.18328
1.18357
1.18387
1.18415
1.18439
1.18454
1.18454
1.1843
1.1837
1.18257
1.18071
1.17788
1.17386
1.16853
1.162
1.15478
1.14782
1.14232
1.13925
1.13881
1.14038
1.14286
1.14522
1.1468
1.14742
1.14725
1.14673
1.14646
1.14698
1.14865
1.15147
1.15518
1.15932
1.16346
1.16724
1.17041
1.17284
1.17445
1.17523
1.17515
1.17423
1.1725
1.17002
1.16685
1.16311
1.15892
1.15439
1.14969
1.14501
1.14067
1.13703
1.13448
1.13324
1.13322
1.13409
1.13538
1.13672
1.13796
1.13911
1.14035
1.14183
1.14365
1.14582
1.14822
1.15072
1.15316
1.1554
1.15736
1.15898
1.16026
1.16119
1.16181
1.16215
1.16224
1.16213
1.16186
1.16149
1.16108
1.16069
1.16035
1.16011
1.15992
1.15973
1.15935
1.15854
1.15694
1.15413
1.14968
1.14333
1.13532
1.12677
1.11977
1.11659
1.11835
1.12421
1.13199
1.13966
1.14604
1.15087
1.15437
1.15694
1.15896
1.16068
1.16228
1.16384
1.16539
1.16691
1.16838
1.16974
1.17097
1.17201
1.17283
1.1734
1.17367
1.17361
1.17318
1.17238
1.17119
1.16964
1.16778
1.1657
1.16353
1.16138
1.15939
1.15764
1.15617
1.155
1.15405
1.15323
1.15241
1.15145
1.15024
1.14877
1.14723
1.14601
1.14565
1.14666
1.14925
1.15324
1.15806
1.16306
1.16768
1.17159
1.17466
1.1769
1.17842
1.17936
1.17985
1.18
1.1799
1.17963
1.17924
1.17879
1.17831
1.17783
1.17738
1.17696
1.17661
1.17632
1.17611
1.17597
1.17589
1.17585
1.17581
1.17574
1.17559
1.17531
1.17483
1.17411
1.17308
1.2
1.19862
1.19677
1.19447
1.19173
1.18853
1.18488
1.18082
1.17644
1.17186
1.16732
1.16315
1.15976
1.15762
1.15723
1.15902
1.16312
1.16924
1.17666
1.18442
1.19169
1.19789
1.20277
1.20634
1.20873
1.21014
1.21078
1.21084
1.21048
1.20985
1.20906
1.20819
1.20729
1.20639
1.20551
1.20465
1.2038
1.20296
1.20216
1.20142
1.2008
1.20034
1.2001
1.20009
1.20033
1.20076
1.20132
1.20189
1.20235
1.20258
1.20248
1.20201
1.20118
1.20009
1.19883
1.19752
1.19622
1.19488
1.19338
1.1916
1.18946
1.18704
1.18462
1.18268
1.18179
1.18242
1.1847
1.1884
1.19297
1.19776
1.2022
1.20596
1.20889
1.211
1.21237
1.21309
1.21324
1.21289
1.21209
1.21091
1.20945
1.20781
1.20608
1.20434
1.20264
1.20099
1.1994
1.19788
1.19645
1.19518
1.19415
1.19345
1.1932
1.19344
1.19419
1.19539
1.19691
1.19857
1.20017
1.20151
1.2024
1.20272
1.20239
1.20142
1.19987
1.19796
1.19594
1.19413
1.19284
1.19225
1.19238
1.19308
1.19412
1.19519
1.19609
1.19665
1.19683
1.19663
1.19612
1.1954
1.19457
1.19375
1.19304
1.1925
1.1922
1.19214
1.19234
1.19274
1.19329
1.19393
1.19458
1.19515
1.19559
1.19581
1.19578
1.19546
1.19485
1.19399
1.19297
1.19193
1.19103
1.19044
1.19031
1.1907
1.19161
1.19293
1.19454
1.19628
1.19802
1.19968
1.2012
1.20254
1.20369
1.20463
1.20533
1.20577
1.2059
1.20571
1.20519
1.20436
1.20329
1.20209
1.20089
1.19987
1.19918
1.19891
1.19912
1.19977
1.2008
1.20212
1.20365
1.2053
1.20699
1.20868
1.21027
1.21168
1.21278
1.21343
1.21343
1.21253
1.21046
1.20694
1.20175
1.19494
1.18707
1.17941
1.17378
1.17181
1.174
1.17945
1.18649
1.1936
1.19986
1.20492
1.20874
1.21144
1.2132
1.21417
1.21451
1.21437
1.21388
1.21316
1.21232
1.21144
1.21061
1.20986
1.20923
1.20874
1.20839
1.20816
1.20803
1.20799
1.20801
1.20805
1.20809
1.20808
1.20798
1.20774
1.2073
1.20662
1.20565
1.20439
1.20288
1.20121
1.19953
1.19807
1.19702
1.19659
1.19689
1.19791
1.19956
1.20169
1.2041
1.20665
1.20918
1.2116
1.21383
1.21579
1.2174
1.21856
1.21915
1.21905
1.21813
1.21625
1.21335
1.20942
1.20462
1.19921
1.19362
1.18839
1.18398
1.18075
1.17882
1.17814
1.17855
1.17992
1.18216
1.18524
1.18906
1.19341
1.19798
1.20239
1.20634
1.20964
1.21225
1.21423
1.21573
1.21693
1.21801
1.21913
1.22039
1.22187
1.22355
1.22534
1.22708
1.22859
1.2297
1.23031
1.23036
1.22986
1.22886
1.22742
1.22564
1.22361
1.22143
1.21918
1.21699
1.21493
1.21307
1.21145
1.21004
1.20879
1.20762
1.20646
1.20527
1.20406
1.20285
1.20171
1.20072
1.19995
1.19946
1.19929
1.19948
1.19999
1.20081
1.20183
1.20294
1.20402
1.20493
1.20555
1.2058
1.20566
1.20515
1.20432
1.20329
1.20214
1.20094
1.19971
1.19837
1.19676
1.19472
1.19207
1.18875
1.18486
1.18074
1.17689
1.17387
1.17205
1.17143
1.17166
1.17216
1.17241
1.17215
1.17143
1.17059
1.17013
1.17048
1.17187
1.17419
1.17708
1.18007
1.18271
1.18464
1.1856
1.1854
1.1839
1.18098
1.17665
1.17109
1.16486
1.15892
1.15447
1.15249
1.15333
1.15648
1.16097
1.16584
1.17043
1.17443
1.17778
1.18052
1.18273
1.18447
1.18581
1.18678
1.18742
1.18778
1.18789
1.18777
1.18745
1.18697
1.18633
1.18558
1.18475
1.18386
1.18296
1.18209
1.18131
1.18064
1.18014
1.17982
1.17967
1.1797
1.17985
1.18009
1.18037
1.18065
1.18091
1.18114
1.18137
1.18161
1.18191
1.18232
1.18286
1.18353
1.18431
1.18515
1.18596
1.18666
1.18717
1.18741
1.18731
1.18684
1.18599
1.1848
1.18332
1.18169
1.18004
1.17857
1.17746
1.17685
1.17684
1.17744
1.17856
1.1801
1.18189
1.18379
1.1857
1.18754
1.18924
1.19079
1.19217
1.19337
1.19439
1.19524
1.19591
1.19643
1.1968
1.19703
1.19714
1.19713
1.19702
1.19683
1.19657
1.19624
1.19588
1.19549
1.1951
1.19472
1.19437
1.19406
1.19382
1.19363
1.19351
1.19345
1.19341
1.19339
1.19334
1.19322
1.19299
1.19263
1.19209
1.19138
1.1905
1.18951
1.18848
1.18754
1.18683
1.1865
1.18666
1.18737
1.18857
1.19015
1.1919
1.19364
1.19519
1.19643
1.1973
1.19779
1.19793
1.19778
1.19737
1.19675
1.19592
1.1949
1.19371
1.19243
1.19124
1.19037
1.19008
1.19052
1.19153
1.19267
1.19315
1.19208
1.18857
1.182
1.17243
1.16101
1.15029
1.14372
1.14392
1.15099
1.1625
1.17523
1.1867
1.19576
1.2022
1.20634
1.20869
1.20974
1.2099
1.20951
1.20878
1.20787
1.20685
1.20572
1.20445
1.20304
1.20146
1.19979
1.19813
1.19663
1.19547
1.19476
1.19455
1.19476
1.19522
1.19569
1.19587
1.19547
1.19418
1.19171
1.18787
1.18263
1.17632
1.16979
1.16438
1.16151
1.16203
1.16578
1.17173
1.17862
1.18544
1.1915
1.19641
1.19989
1.20172
1.20164
1.19947
1.19518
1.18911
1.18226
1.17634
1.17333
1.1745
1.17961
1.18717
1.19534
1.20282
1.209
1.2138
1.21738
1.21996
1.22173
1.2228
1.22323
1.22302
1.22215
1.22059
1.21832
1.21537
1.21185
1.20792
1.20382
1.19984
1.19625
1.19333
1.19131
1.19044
1.19091
1.19281
1.19603
1.20019
1.20478
1.20921
1.21299
1.2158
1.21754
1.21823
1.21808
1.21738
1.21648
1.2157
1.2153
1.21539
1.21592
1.21674
1.21768
1.21861
1.21946
1.22027
1.2211
1.22202
1.22304
1.22413
1.22517
1.226
1.22644
1.22634
1.2256
1.22422
1.22232
1.22013
1.21796
1.21616
1.21495
1.21439
1.21433
1.21444
1.21426
1.21334
1.21128
1.20791
1.2034
1.19848
1.19439
1.19243
1.1933
1.19663
1.20125
1.20583
1.20942
1.21164
1.21248
1.21217
1.21099
1.20925
1.20727
1.20536
1.20385
1.203
1.20302
1.20391
1.20555
1.20763
1.20979
1.21167
1.213
1.21361
1.21343
1.21246
1.21077
1.20848
1.20573
1.20266
1.19944
1.19625
1.19322
1.19051
1.18823
1.18644
1.18519
1.18447
1.18425
1.18446
1.18502
1.18585
1.18683
1.18789
1.18894
1.1899
1.19072
1.19135
1.19177
1.19197
1.19197
1.19177
1.19143
1.19097
1.19046
1.18991
1.18937
1.18885
1.18836
1.18789
1.18742
1.18693
1.18639
1.18578
1.18505
1.18419
1.18316
1.18196
1.18058
1.17903
1.17734
1.17557
1.1738
1.17213
1.17065
1.16943
1.16846
1.16767
1.16692
1.16602
1.16478
1.1631
1.16103
1.15881
1.15691
1.15586
1.15612
1.15785
1.16084
1.16464
1.16871
1.1726
1.17603
1.17888
1.18116
1.18294
1.18429
1.18533
1.18612
1.18673
1.18722
1.18763
1.18797
1.18828
1.18855
1.18881
1.18904
1.18924
1.18941
1.18953
1.1896
1.1896
1.18952
1.18934
1.18905
1.18863
1.18809
1.18742
1.18663
1.18572
1.18469
1.18353
1.18223
1.1807
1.17885
1.17652
1.17361
1.1701
1.16628
1.16283
1.16078
1.16114
1.16435
1.16992
1.1767
1.18342
1.18915
1.19343
1.19621
1.19767
1.19813
1.19796
1.19755
1.19726
1.19738
1.19805
1.19929
1.201
1.20299
1.20506
1.20702
1.20874
1.21014
1.21119
1.21189
1.21226
1.21233
1.21213
1.21169
1.21105
1.21024
1.20926
1.20814
1.20689
1.20557
1.20423
1.20298
1.20199
1.20143
1.20147
1.20223
1.20373
1.20587
1.2085
1.2114
1.21437
1.21726
1.21997
1.22244
1.22465
1.2266
1.22829
1.22972
1.23087
1.23171
1.23222
1.23234
1.23202
1.23123
1.22992
1.22808
1.22574
1.22297
1.21991
1.21678
1.21384
1.21138
1.20965
1.20881
1.20895
1.21
1.21186
1.21437
1.21737
1.22068
1.22418
1.22776
1.23127
1.23461
1.23764
1.2402
1.24219
1.24351
1.24415
1.24415
1.24363
1.24279
1.24186
1.24104
1.24047
1.24018
1.24006
1.2399
1.23945
1.23845
1.23671
1.23413
1.23073
1.22663
1.22213
1.21761
1.21357
1.21044
1.20851
1.20781
1.20807
1.20889
1.20982
1.21052
1.21082
1.21072
1.21032
1.20983
1.20949
1.20954
1.21013
1.21133
1.21309
1.21525
1.21759
1.2199
1.22194
1.22357
1.22467
1.22521
1.22522
1.22474
1.22389
1.22278
1.22153
1.22026
1.21906
1.21799
1.21711
1.21642
1.21593
1.21561
1.21541
1.21528
1.21518
1.21506
1.21488
1.21464
1.21436
1.21404
1.21372
1.21343
1.21318
1.21295
1.21274
1.21251
1.21223
1.21185
1.21134
1.21069
1.20989
1.20897
1.20796
1.20692
1.20591
1.20499
1.20421
1.20358
1.20309
1.2027
1.20232
1.20187
1.20127
1.20048
1.19949
1.19839
1.19733
1.19652
1.19616
1.19643
1.1974
1.19906
1.20127
1.20384
1.20656
1.20923
1.21168
1.2138
1.2155
1.21677
1.21757
1.21792
1.21782
1.21727
1.2163
1.21492
1.21315
1.21103
1.20862
1.20598
1.20324
1.20052
1.19798
1.1958
1.19411
1.19304
1.19264
1.19289
1.19374
1.1951
1.19689
1.19904
1.20148
1.20412
1.20684
1.2095
1.21198
1.21414
1.21592
1.21727
1.21817
1.21866
1.21874
1.21848
1.21789
1.21704
1.21594
1.21465
1.21319
1.21162
1.20997
1.20829
1.20665
1.20507
1.20361
1.2023
1.20114
1.20015
1.19932
1.19865
1.19813
1.19778
1.19764
1.19772
1.19805
1.19867
1.19956
1.20072
1.2021
1.20365
1.20533
1.20708
1.20885
1.2106
1.21232
1.21396
1.21552
1.21695
1.21822
1.21927
