1.7564
1.75645
1.75644
1.75642
1.75639
1.75636
1.75632
1.75627
1.75621
1.75615
1.75607
1.75598
1.75588
1.75577
1.75564
1.75551
1.75538
1.75523
1.75508
1.75493
1.75477
1.75462
1.75443
1.75426
1.75407
1.75386
1.75364
1.75341
1.75314
1.75288
1.75261
1.75233
1.75202
1.7517
1.75137
1.75103
1.75068
1.75033
1.74994
1.74955
1.74916
1.74876
1.74833
1.7479
1.74747
1.74705
1.74661
1.74613
1.74564
1.74519
1.74473
1.74427
1.74379
1.74328
1.74274
1.74226
1.74178
1.74133
1.74086
1.74042
1.73998
1.73951
1.73899
1.73846
1.7379
1.73732
1.73671
1.7361
1.73558
1.73495
1.73432
1.73368
1.73311
1.73258
1.73192
1.73132
1.7307
1.73005
1.72932
1.72862
1.72794
1.72724
1.72642
1.72553
1.72458
1.72361
1.72274
1.72196
1.72139
1.72084
1.72034
1.71991
1.71953
1.71919
1.7188
1.7185
1.71819
1.71793
1.71782
1.71767
1.71753
1.71744
1.71731
1.71729
1.71716
1.71674
1.71636
1.71605
1.71571
1.71544
1.71523
1.71504
1.715
1.71496
1.71504
1.71515
1.71522
1.71522
1.71507
1.71468
1.71446
1.71419
1.71381
1.71318
1.71278
1.71226
1.71172
1.71116
1.71064
1.71022
1.70974
1.70944
1.70906
1.70904
1.70924
1.70927
1.70949
1.70953
1.70984
1.7101
1.71036
1.71051
1.71062
1.71059
1.7103
1.7099
1.70978
1.70944
1.70928
1.70902
1.70877
1.70867
1.7086
1.70855
1.70877
1.70913
1.70947
1.70993
1.71029
1.71047
1.71025
1.71025
1.7103
1.71049
1.7105
1.71063
1.71079
1.71074
1.7107
1.71031
1.71004
1.7098
1.70978
1.70988
1.7102
1.71053
1.71073
1.71108
1.71141
1.71139
1.71147
1.71133
1.71125
1.71114
1.71114
1.71107
1.71105
1.71092
1.71069
1.71065
1.71065
1.71074
1.71089
1.7114
1.71145
1.71158
1.71174
1.71195
1.71215
1.71222
1.71231
1.71243
1.71258
1.71286
1.71302
1.71287
1.71263
1.71251
1.71236
1.71243
1.71261
1.71292
1.71318
1.71329
1.7135
1.71368
1.7136
1.71359
1.71343
1.71343
1.71347
1.71343
1.71345
1.71328
1.71309
1.71309
1.71326
1.71336
1.71356
1.71365
1.71354
1.71345
1.71331
1.71344
1.71375
1.71395
1.71411
1.71436
1.71465
1.715
1.71517
1.71523
1.71528
1.7153
1.71522
1.71509
1.71505
1.715
1.71494
1.71476
1.71449
1.71418
1.71385
1.71351
1.71331
1.71319
1.71309
1.713
1.71294
1.71297
1.71289
1.71277
1.71276
1.71284
1.71284
1.71291
1.71307
1.71312
1.71299
1.71282
1.7126
1.71239
1.71223
1.71195
1.71186
1.71173
1.71146
1.71113
1.71094
1.71097
1.71085
1.71058
1.71037
1.71019
1.71006
1.7099
1.70971
1.70946
1.7089
1.70831
1.70781
1.70726
1.70711
1.70703
1.70712
1.70753
1.70782
1.70809
1.70842
1.7086
1.70887
1.70936
1.70975
1.71019
1.71066
1.71127
1.71189
1.71251
1.71278
1.71303
1.71325
1.71333
1.71345
1.71362
1.71373
1.71381
1.71395
1.71414
1.71442
1.71462
1.71458
1.71435
1.71409
1.71395
1.71385
1.71377
1.71358
1.71334
1.71313
1.71296
1.7128
1.71245
1.71201
1.71175
1.71157
1.71136
1.7109
1.71048
1.71006
1.7098
1.70961
1.70932
1.70893
1.70872
1.70831
1.70818
1.70804
1.70778
1.70763
1.70719
1.70705
1.70689
1.70676
1.70675
1.70642
1.70606
1.70547
1.70476
1.70395
1.70322
1.70299
1.70346
1.70389
1.70424
1.70447
1.70483
1.70516
1.70519
1.70524
1.7053
1.70542
1.70534
1.70533
1.70545
1.70559
1.70579
1.70614
1.70624
1.70626
1.70615
1.70608
1.70604
1.70586
1.70591
1.70617
1.70646
1.70687
1.70732
1.70745
1.70756
1.70782
1.70782
1.70786
1.70786
1.70776
1.70786
1.70811
1.70828
1.70812
1.70808
1.70778
1.70736
1.70727
1.70729
1.70748
1.70782
1.70774
1.70771
1.70797
1.70862
1.70908
1.7093
1.70944
1.70961
1.70988
1.70998
1.7101
1.71053
1.71082
1.71124
1.71193
1.71236
1.71244
1.71263
1.7131
1.71315
1.71334
1.71355
1.71359
1.71386
1.71409
1.71422
1.71445
1.71466
1.71468
1.71442
1.7144
1.71438
1.71442
1.71421
1.71392
1.71356
1.71313
1.71269
1.71222
1.71157
1.71099
1.71026
1.70949
1.70862
1.70802
1.70719
1.70659
1.70609
1.70572
1.70503
1.7043
1.70377
1.70313
1.70264
1.7022
1.70198
1.70181
1.70147
1.70121
1.70123
1.70138
1.70119
1.70117
1.70136
1.70136
1.70115
1.70124
1.70162
1.70183
1.70229
1.70276
1.70308
1.70332
1.70321
1.70275
1.70219
1.70196
1.70212
1.70243
1.70266
1.70328
1.70381
1.7041
1.704
1.7039
1.70415
1.70438
1.7045
1.70459
1.70459
1.70453
1.70448
1.70442
1.7045
1.70426
1.70418
1.70428
1.70437
1.70394
1.70382
1.70401
1.70423
1.70431
1.70416
1.70431
1.70427
1.70472
1.70513
1.70559
1.70616
1.70666
1.70726
1.70764
1.70817
1.7087
1.70905
1.70942
1.70969
1.70973
1.70967
1.70957
1.70966
1.70984
1.71011
1.71039
1.71028
1.7102
1.71027
1.71008
1.70989
1.70976
1.70933
1.709
1.70855
1.708
1.70751
1.70698
1.70628
1.70553
1.70472
1.70401
1.70329
1.70264
1.70208
1.7019
1.70181
1.70199
1.70226
1.70247
1.70248
1.70256
1.70241
1.70234
1.70224
1.70178
1.70153
1.70142
1.70132
1.7016
1.70121
1.70037
1.69982
1.6991
1.69861
1.6982
1.69782
1.69721
1.69643
1.69577
1.69512
1.69439
1.69371
1.69313
1.69239
1.69196
1.69163
1.69087
1.69052
1.69033
1.68994
1.68968
1.68953
1.68935
1.68913
1.68902
1.68871
1.68858
1.68846
1.68863
1.68859
1.6886
1.68871
1.68857
1.68858
1.68868
1.68867
1.68873
1.68902
1.68877
1.68824
1.68748
1.68686
1.68674
1.68662
1.68638
1.68622
1.68608
1.68606
1.6861
1.68605
1.68621
1.68643
1.68666
1.6868
1.68699
1.68719
1.6873
1.68752
1.68786
1.68826
1.68844
1.68851
1.68853
1.68867
1.68886
1.68906
1.68949
1.6898
1.69014
1.69049
1.69082
1.69117
1.69152
1.69174
1.69169
1.69166
1.69213
1.69288
1.69368
1.69423
1.69447
1.69496
1.69533
1.69565
1.69589
1.6962
1.69641
1.69659
1.69693
1.69745
1.69792
1.69801
1.69798
1.69824
1.69812
1.69799
1.69797
1.69772
1.69752
1.6975
1.69718
1.69699
1.69679
1.69661
1.69661
1.69686
1.69704
1.69752
1.69801
1.69855
1.69891
1.6991
1.69939
1.6997
1.69968
1.69962
1.69958
1.69967
1.69943
1.69915
1.6988
1.69824
1.69781
1.69759
1.69768
1.69778
1.69799
1.6982
1.69857
1.69873
1.69891
1.69891
1.69897
1.69868
1.69831
1.69819
1.6983
1.69826
1.69821
1.69811
1.69803
1.69791
1.69779
1.69771
1.69769
1.69777
1.69796
1.69798
1.69788
1.69745
1.69709
1.69682
1.69662
1.69643
1.69613
1.69568
1.69494
1.69414
1.69324
1.69255
1.69192
1.69129
1.69067
1.69013
1.68993
1.6901
1.69002
1.69014
1.69034
1.69041
1.6904
1.69006
1.68957
1.68939
1.68918
1.689
1.68884
1.6887
1.68891
1.68951
1.68992
1.68997
1.68937
1.68842
1.68756
1.68687
1.68669
1.6867
1.68693
1.68693
1.68686
1.68675
1.68627
1.68596
1.68563
1.68524
1.68465
1.68418
1.68362
1.68311
1.68268
1.6822
1.68172
1.68134
1.68114
1.68072
1.68042
1.68021
1.68017
1.68005
1.68004
1.67992
1.67985
1.67976
1.67944
1.67919
1.67909
1.67899
1.67885
1.67902
1.67927
1.67941
1.67942
1.67944
1.67945
1.67932
1.67912
1.67915
1.67922
1.67934
1.67948
1.67952
1.67985
1.68034
1.68086
1.68129
1.68186
1.68254
1.68339
1.68412
1.68466
1.68521
1.68543
1.68566
1.68572
1.6858
1.68591
1.68601
1.68612
1.68641
1.68683
1.68739
1.68794
1.68846
1.68854
1.68867
1.68869
1.68868
1.68861
1.68845
1.68825
1.68793
1.68802
1.68806
1.68825
1.68829
1.68836
1.68818
1.68811
1.68821
1.68825
1.68837
1.68849
1.68849
1.68836
1.68829
1.68828
1.68832
1.68836
1.68871
1.6888
1.68905
1.68947
1.68979
1.69038
1.69119
1.69181
1.69223
1.69243
1.69254
1.69243
1.69233
1.69202
1.69181
1.6917
1.69182
1.69202
1.69202
1.69187
1.69174
1.69182
1.69167
1.69146
1.69146
1.69165
1.69184
1.69191
1.69187
1.69195
1.69219
1.6925
1.69271
1.69291
1.69302
1.69351
1.69409
1.6945
1.69467
1.69488
1.69508
1.69524
1.69539
1.69564
1.69575
1.69589
1.69608
1.69623
1.69633
1.69623
1.69626
1.69634
1.6963
1.69613
1.69602
1.69607
1.69601
1.69574
1.6954
1.69511
1.69496
1.69487
1.69466
1.69444
1.69425
1.69413
1.6941
1.69418
1.69429
1.69452
1.69486
1.69518
1.69542
1.69556
1.69577
1.6961
1.69638
1.69685
1.69733
1.69763
1.69799
1.69786
1.69785
1.69787
1.6978
1.69757
1.69756
1.69759
1.69758
1.69749
1.69722
1.69702
1.69672
1.69637
1.69634
1.69628
1.6962
1.69611
1.69572
1.69532
1.69519
1.69529
1.69556
1.69604
1.69625
1.6963
1.69611
1.69594
1.69578
1.69524
1.69461
1.69411
1.69348
1.69287
1.69231
1.69185
1.69136
1.69097
1.69078
1.69068
1.69061
1.69077
1.69098
1.69151
1.69202
1.69201
1.6918
1.6915
1.6913
1.69118
1.69123
1.69125
1.69149
1.69173
1.69168
1.69178
1.69204
1.69247
1.69271
1.693
1.69323
1.69319
1.69332
1.69344
1.69377
1.69417
1.69431
1.69442
1.69424
1.69417
1.69414
1.69411
1.69434
1.6945
1.6945
1.69456
1.49103
1.49138
1.49141
1.49131
1.49096
1.49067
1.49038
1.49008
1.48978
1.4896
1.48952
1.48927
1.48924
1.4892
1.48929
1.48923
1.48918
1.48922
1.48921
1.48925
1.48939
1.48967
1.48968
1.48976
1.48968
1.48955
1.48938
1.48917
1.4891
1.48886
1.48842
1.4879
1.48718
1.48661
1.48638
1.48613
1.48587
1.4858
1.48556
1.48548
1.48547
1.4852
1.48494
1.4848
1.48474
1.48437
1.48437
1.48424
1.4842
1.4841
1.48422
1.48416
1.48406
1.48426
1.48443
1.48477
1.48518
1.48528
1.48536
1.48545
1.48552
1.4856
1.48575
1.48583
1.48547
1.48508
1.48462
1.48417
1.48372
1.4832
1.48307
1.48315
1.48337
1.48337
1.48321
1.48282
1.48228
1.48167
1.48114
1.48055
1.47998
1.47967
1.47915
1.47876
1.47837
1.47791
1.47769
1.4777
1.47757
1.47771
1.47795
1.47835
1.47839
1.47852
1.4785
1.47829
1.47814
1.47828
1.47849
1.47851
1.47846
1.47848
1.47852
1.47866
1.47868
1.4784
1.47795
1.47725
1.47655
1.4761
1.47608
1.47626
1.47656
1.47676
1.47662
1.47631
1.47605
1.47565
1.47524
1.47498
1.47466
1.47436
1.47418
1.47428
1.4743
1.47433
1.47439
1.47451
1.47475
1.47467
1.47459
1.47451
1.47433
1.47452
1.47454
1.47469
1.47496
1.47542
1.47546
1.47532
1.47503
1.47468
1.47456
1.47434
1.47429
1.47449
1.47474
1.47499
1.47476
1.47469
1.47495
1.47501
1.4749
1.47468
1.47455
1.47429
1.47377
1.47336
1.473
1.47269
1.47252
1.47229
1.47202
1.47202
1.4721
1.47234
1.47257
1.47277
1.47301
1.47282
1.4727
1.47274
1.47283
1.47299
1.47307
1.47312
1.47314
1.47333
1.47352
1.47363
1.47378
1.47392
1.47427
1.47476
1.47519
1.47574
1.47621
1.47652
1.47679
1.47707
1.47729
1.47766
1.47807
1.47833
1.47869
1.47911
1.47937
1.47982
1.48022
1.48059
1.48098
1.48127
1.48147
1.48168
1.48194
1.48226
1.4826
1.48285
1.48319
1.48363
1.48387
1.48417
1.48456
1.48483
1.48514
1.48579
1.48649
1.48711
1.4877
1.48803
1.48841
1.48872
1.48908
1.48923
1.48951
1.48965
1.48952
1.4894
1.48914
1.48865
1.4883
1.4881
1.48811
1.48834
1.48863
1.4889
1.48926
1.48973
1.49015
1.49035
1.49063
1.49114
1.49133
1.49142
1.49196
1.49243
1.49287
1.49345
1.49381
1.49419
1.49434
1.49446
1.4944
1.49442
1.49453
1.49464
1.49477
1.49508
1.49528
1.49558
1.49564
1.49545
1.4951
1.49491
1.49503
1.49525
1.49519
1.49493
1.49456
1.49455
1.49433
1.4944
1.49411
1.49384
1.49343
1.49331
1.49306
1.4931
1.49299
1.49319
1.49362
1.49376
1.49407
1.49393
1.49408
1.49427
1.49445
1.49487
1.4951
1.49528
1.49531
1.49546
1.49549
1.49549
1.49552
1.49523
1.49528
1.49505
1.49509
1.49506
1.49536
1.49578
1.49617
1.49675
1.49742
1.49812
1.49864
1.4991
1.49909
1.49917
1.49915
1.49934
1.49965
1.50007
1.50042
1.50077
1.50098
1.5013
1.50169
1.50174
1.50181
1.50194
1.50206
1.50214
1.50231
1.50254
1.50248
1.50231
1.50223
1.50224
1.50245
1.50285
1.50326
1.50355
1.50376
1.5039
1.50401
1.50427
1.50441
1.50477
1.50513
1.50539
1.50553
1.50565
1.50594
1.50636
1.50688
1.50746
1.50817
1.50874
1.50923
1.50978
1.5105
1.51131
1.51196
1.51241
1.51321
1.51391
1.5146
1.51535
1.51614
1.5169
1.51741
1.51802
1.51867
1.51914
1.51955
1.52002
1.52059
1.52122
1.52179
1.52231
1.52278
1.52319
1.52364
1.52405
1.52499
1.52568
1.52624
1.52695
1.52761
1.52795
1.52852
1.52904
1.52952
1.52966
1.52977
1.5299
1.52971
1.52941
1.52925
1.52905
1.52892
1.52869
1.52856
1.52823
1.52779
1.52744
1.52736
1.52755
1.52726
1.52703
1.52662
1.52621
1.52573
1.52566
1.52586
1.5263
1.52664
1.52668
1.52692
1.5275
1.52834
1.52895
1.52936
1.52968
1.53007
1.53072
1.53167
1.53229
1.5328
1.53346
1.53407
1.53456
1.53488
1.53531
1.53579
1.53588
1.53616
1.53664
1.53689
1.5372
1.53743
1.53759
1.53756
1.53761
1.53746
1.53731
1.53744
1.53784
1.53817
1.53837
1.53909
1.53982
1.5406
1.54108
1.54162
1.54199
1.54263
1.54312
1.54349
1.54406
1.5445
1.5448
1.54505
1.545
1.54498
1.54498
1.54512
1.54528
1.54531
1.54552
1.54575
1.54615
1.54661
1.54692
1.54732
1.54748
1.54789
1.54799
1.54833
1.54841
1.54859
1.54853
1.54843
1.54852
1.54848
1.54822
1.54814
1.54821
1.54828
1.54849
1.54843
1.5485
1.54884
1.54916
1.54945
1.54997
1.55052
1.55064
1.55077
1.55112
1.55151
1.55211
1.55259
1.55304
1.55323
1.55332
1.55322
1.55325
1.55302
1.55295
1.55307
1.55321
1.55351
1.55388
1.55428
1.55453
1.55475
1.55501
1.55518
1.55529
1.55516
1.55501
1.5548
1.55464
1.55459
1.5546
1.55447
1.55435
1.55418
1.55385
1.55353
1.55307
1.55265
1.55224
1.55179
1.55131
1.55102
1.55085
1.55076
1.55057
1.55037
1.5503
1.55005
1.54994
1.54998
1.54992
1.54966
1.5493
1.54899
1.54896
1.54899
1.54882
1.54849
1.54799
1.54752
1.54723
1.54684
1.54648
1.5461
1.54574
1.54524
1.54474
1.54423
1.54357
1.54287
1.54247
1.54236
1.54199
1.54147
1.54083
1.53999
1.53903
1.53829
1.53753
1.53692
1.5365
1.53616
1.53565
1.53516
1.53499
1.53494
1.5349
1.53465
1.53473
1.53524
1.5357
1.53607
1.53626
1.53661
1.53691
1.53706
1.53724
1.53762
1.53811
1.53863
1.53872
1.53895
1.53881
1.53866
1.53828
1.53774
1.53737
1.53712
1.53695
1.5369
1.53668
1.53609
1.53544
1.53477
1.53437
1.53413
1.53412
1.53402
1.53378
1.53366
1.53362
1.53357
1.53372
1.53387
1.53398
1.53406
1.53387
1.53373
1.53377
1.53363
1.53359
1.53348
1.5334
1.53347
1.53351
1.53331
1.53314
1.53297
1.53269
1.53195
1.5312
1.53062
1.53036
1.53039
1.53038
1.53026
1.53028
1.53039
1.53034
1.53009
1.52994
1.52972
1.52955
1.52919
1.52915
1.52914
1.52903
1.52887
1.52909
1.5294
1.52968
1.52982
1.52974
1.52925
1.52893
1.52882
1.52891
1.52907
1.52917
1.52907
1.52902
1.52891
1.52876
1.52883
1.52864
1.52842
1.52791
1.52758
1.52735
1.52712
1.52711
1.52708
1.52695
1.52651
1.52623
1.52597
1.52581
1.52537
1.52519
1.5251
1.5252
1.52547
1.5256
1.5259
1.52571
1.52553
1.52517
1.52492
1.5244
1.52394
1.52322
1.52248
1.52204
1.52184
1.52178
1.5217
1.52155
1.52147
1.52133
1.52099
1.52079
1.52064
1.52012
1.52013
1.52051
1.52065
1.52105
1.52149
1.52188
1.52236
1.52247
1.52233
1.5224
1.52271
1.52279
1.523
1.52332
1.52357
1.52377
1.5239
1.52397
1.52417
1.52442
1.52462
1.52469
1.52493
1.52508
1.52495
1.52473
1.52474
1.52474
1.52481
1.52464
1.52445
1.52429
1.52446
1.52453
1.52462
1.52442
1.5241
1.52373
1.5236
1.52347
1.52341
1.52346
1.52343
1.5232
1.52296
1.52295
1.52283
1.52274
1.52279
1.523
1.52319
1.52325
1.52305
1.52285
1.52272
1.52255
1.52201
1.52147
1.5209
1.52037
1.52019
1.52039
1.52065
1.52104
1.52136
1.52185
1.52207
1.52212
1.52224
1.52244
1.52264
1.52268
1.5226
1.52243
1.52219
1.5221
1.52188
1.52173
1.52199
1.52258
1.52294
1.52352
1.52419
1.52481
1.52513
1.52514
1.52541
1.52569
1.52596
1.52606
1.52599
1.52575
1.52548
1.52503
1.52446
1.52389
1.52342
1.52291
1.52249
1.52225
1.52223
1.52226
1.52223
1.52229
1.52234
1.5225
1.52255
1.52265
1.52263
1.52253
1.52241
1.52228
1.52221
1.52225
1.52233
1.52233
1.52239
1.52249
1.52245
1.52276
1.52286
1.52272
1.52246
1.52223
1.52207
1.52216
1.52243
1.52289
1.52316
1.52361
1.52412
1.52489
1.5255
1.52612
1.52647
1.52681
1.52724
1.52766
1.52817
1.52885
1.52926
1.52986
1.53044
1.53091
1.53151
1.53185
1.53198
1.53193
1.53199
1.53206
1.53242
1.53225
1.53197
1.53178
1.53201
1.53214
1.53207
1.53182
1.53204
1.53226
1.53247
1.53262
1.53286
1.53299
1.53291
1.53287
1.53271
1.53253
1.53216
1.53192
1.53153
1.53104
1.53095
1.5306
1.53049
1.53033
1.53041
1.53067
1.53105
1.53158
1.53202
1.5322
1.5322
1.53221
1.53217
1.53201
1.53176
1.53126
1.53083
1.53061
1.53065
1.53028
1.52984
1.52947
1.52932
1.52925
1.52903
1.52884
1.52877
1.52864
1.5287
1.52884
1.52907
1.52948
1.52995
1.53024
1.53064
1.5311
1.53144
1.53189
1.53232
1.53261
1.53302
1.53337
1.53361
1.53375
1.53388
1.53397
1.5342
1.53434
1.53447
1.53472
1.53492
1.53498
1.53509
1.53521
1.53514
1.535
1.53496
1.53478
1.53452
1.53436
1.53417
1.53396
1.53375
1.53354
1.53341
1.53347
1.53352
1.53359
1.53385
1.53391
1.53383
1.53378
1.53355
1.53337
1.53317
1.53298
1.53275
1.5327
1.53273
1.53313
1.53349
1.53396
1.53421
1.5344
1.53444
1.53461
1.53479
1.53495
1.53524
1.53532
1.53524
1.53519
1.53495
1.5348
1.53465
1.53483
1.53496
1.53514
1.53529
1.53521
1.53524
1.53505
1.5349
1.53473
1.53442
1.53435
1.53434
1.53437
1.53447
1.53464
1.53489
1.53497
1.53488
1.53482
1.53469
1.53472
1.53456
1.53428
1.53401
1.53386
1.53378
1.53391
1.53416
1.53421
1.53425
1.53433
1.53412
1.53406
1.53417
1.45402
1.45396
1.4542
1.45436
1.4547
1.45539
1.45568
1.45578
1.45578
1.4559
1.45621
1.45658
1.45697
1.45727
1.45765
1.45826
1.45882
1.45913
1.45923
1.45923
1.45947
1.4598
1.46016
1.46052
1.46083
1.46094
1.46121
1.46166
1.46233
1.46295
1.46326
1.46337
1.46394
1.46435
1.46471
1.46483
1.46486
1.46487
1.46505
1.46537
1.46532
1.4653
1.46548
1.46555
1.46556
1.46565
1.46586
1.46604
1.46616
1.46619
1.4661
1.46583
1.46576
1.46581
1.466
1.46617
1.46605
1.46597
1.46606
1.46628
1.46637
1.46618
1.46599
1.46591
1.46569
1.46539
1.46501
1.46473
1.46453
1.46428
1.46423
1.46415
1.46415
1.46424
1.46427
1.46438
1.46458
1.4648
1.46496
1.46486
1.46493
1.46498
1.46495
1.46465
1.46438
1.46399
1.46402
1.46405
1.46405
1.4641
1.46424
1.46444
1.46413
1.46392
1.46352
1.46324
1.46321
1.46325
1.46323
1.46337
1.46353
1.46374
1.4639
1.46392
1.46393
1.4639
1.46404
1.46434
1.46471
1.46493
1.465
1.46528
1.46553
1.46564
1.46566
1.46569
1.4657
1.46578
1.46593
1.46614
1.46624
1.46635
1.46651
1.46664
1.46674
1.46684
1.46694
1.46703
1.46714
1.46729
1.46742
1.46748
1.46751
1.46742
1.46747
1.46749
1.46753
1.46737
1.46735
1.46741
1.46748
1.46771
1.46808
1.46875
1.46946
1.47017
1.4709
1.47144
1.47214
1.47274
1.47336
1.4738
1.4742
1.47452
1.47471
1.47477
1.47484
1.47471
1.47468
1.47475
1.47484
1.47507
1.47523
1.47527
1.4754
1.47561
1.47582
1.47601
1.47608
1.47594
1.4762
1.47648
1.47683
1.47716
1.47758
1.47782
1.4781
1.47846
1.47892
1.47938
1.47997
1.48034
1.48052
1.48069
1.48086
1.481
1.48121
1.48163
1.48196
1.48229
1.48248
1.48265
1.4829
1.48305
1.48333
1.48352
1.48391
1.48441
1.48504
1.48568
1.48625
1.48663
1.48694
1.48721
1.48731
1.48744
1.48749
1.48759
1.48769
1.4878
1.48776
1.4879
1.48804
1.48801
1.48803
1.48811
1.48825
1.48853
1.48865
1.48859
1.48838
1.48815
1.48789
1.48777
1.48756
1.48731
1.48714
1.48712
1.48717
1.48706
1.48709
1.48717
1.48714
1.48687
1.48674
1.4867
1.48656
1.48639
1.48621
1.48596
1.48598
1.4861
1.48615
1.48637
1.4866
1.48674
1.48671
1.48678
1.48684
1.48684
1.48689
1.48671
1.48651
1.48652
1.48677
1.48712
1.48735
1.48754
1.48778
1.48782
1.48789
1.48815
1.48838
1.4883
1.48826
1.48831
1.48836
1.48837
1.48835
1.48832
1.48827
1.48823
1.48845
1.4885
1.48854
1.48866
1.48862
1.48861
1.48893
1.48924
1.48938
1.48942
1.48941
1.48933
1.48927
1.48925
1.48955
1.48962
1.48979
1.49002
1.4901
1.49008
1.4902
1.4902
1.49019
1.49002
1.48982
1.48962
1.48944
1.48921
1.48908
1.48901
1.48886
1.48878
1.48872
1.48871
1.48858
1.48841
1.48831
1.48802
1.48821
1.48813
1.488
1.48784
1.48776
1.48779
1.48758
1.48757
1.48758
1.48773
1.48788
1.48798
1.48816
1.48835
1.48853
1.4889
1.48928
1.48948
1.4894
1.48931
1.48949
1.48932
1.48947
1.48938
1.48933
1.48954
1.48998
1.49023
1.49052
1.49063
1.49073
1.49096
1.49115
1.4914
1.49175
1.49176
1.49167
1.49177
1.49174
1.49192
1.49219
1.4924
1.49264
1.4929
1.49314
1.49336
1.49352
1.49355
1.49327
1.49323
1.49304
1.49269
1.49223
1.49198
1.49191
1.49185
1.49179
1.49158
1.49139
1.4911
1.49076
1.49027
1.48967
1.48912
1.48866
1.48824
1.48779
1.48768
1.48776
1.48787
1.48804
1.48818
1.48835
1.48849
1.48863
1.4888
1.48896
1.48915
1.48939
1.48953
1.48987
1.49022
1.49049
1.49076
1.49094
1.49096
1.49091
1.49095
1.4911
1.49118
1.49104
1.49074
1.49041
1.48998
1.48952
1.48904
1.48866
1.48833
1.48795
1.48756
1.48699
1.48655
1.48611
1.48564
1.48511
1.48454
1.48414
1.48379
1.48334
1.48287
1.48244
1.48223
1.482
1.48172
1.48153
1.48129
1.48098
1.48086
1.481
1.48084
1.48075
1.48084
1.48085
1.48101
1.48119
1.48137
1.48156
1.48142
1.48129
1.48117
1.48104
1.4811
1.48137
1.48157
1.48174
1.48186
1.48178
1.48179
1.48175
1.48157
1.48133
1.48122
1.48126
1.48113
1.48117
1.48128
1.48159
1.48193
1.4824
1.4825
1.48251
1.48223
1.48206
1.48192
1.48186
1.48187
1.48196
1.482
1.48192
1.48188
1.48182
1.48165
1.4817
1.48187
1.48182
1.48147
1.48128
1.48116
1.48098
1.48068
1.4805
1.48041
1.48021
1.48005
1.48002
1.47991
1.47986
1.47972
1.4798
1.47985
1.47972
1.47979
1.47996
1.48027
1.48067
1.48104
1.48156
1.48208
1.48217
1.4823
1.48268
1.48286
1.48312
1.48349
1.48395
1.48463
1.48526
1.4857
1.48602
1.48653
1.48704
1.48735
1.48768
1.48793
1.48825
1.48846
1.48872
1.48877
1.48878
1.48863
1.48842
1.48821
1.48821
1.48832
1.48823
1.48837
1.48867
1.48913
1.48924
1.4895
1.4898
1.49031
1.49076
1.49089
1.49057
1.49033
1.4904
1.49037
1.49017
1.49001
1.48986
1.48995
1.49
1.48976
1.48956
1.48951
1.48965
1.48971
1.48981
1.49007
1.49037
1.49063
1.49082
1.49107
1.49119
1.49113
1.491
1.49079
1.49063
1.49049
1.49013
1.48958
1.48914
1.48871
1.48835
1.48791
1.48751
1.48707
1.48654
1.48623
1.4861
1.48618
1.48638
1.48637
1.48653
1.48671
1.48677
1.48667
1.48655
1.48671
1.48676
1.487
1.48735
1.48787
1.48828
1.48833
1.48815
1.48793
1.4877
1.48757
1.48752
1.48758
1.48761
1.48758
1.48744
1.48724
1.4869
1.48661
1.48623
1.48609
1.48571
1.48546
1.48539
1.48524
1.4854
1.48566
1.48592
1.486
1.48612
1.48623
1.48641
1.48682
1.48724
1.48752
1.48749
1.48758
1.48777
1.48807
1.48832
1.48852
1.4887
1.4886
1.48869
1.48867
1.48874
1.48871
1.48872
1.48864
1.48846
1.48831
1.48815
1.48783
1.48769
1.48761
1.48761
1.4877
1.48776
1.48781
1.4879
1.48797
1.48769
1.48728
1.48702
1.48686
1.48697
1.48696
1.48703
1.48704
1.48707
1.48715
1.48733
1.48758
1.48799
1.48828
1.48844
1.48863
1.48885
1.4891
1.48915
1.48924
1.48929
1.48927
1.48934
1.4893
1.48918
1.48905
1.48906
1.48908
1.4888
1.48844
1.48819
1.48802
1.48794
1.48779
1.48769
1.4876
1.48751
1.4875
1.48756
1.4877
1.48766
1.48746
1.48739
1.48748
1.48739
1.48706
1.48678
1.48657
1.48616
1.48586
1.48545
1.48492
1.48472
1.48441
1.48416
1.48403
1.48372
1.48337
1.48304
1.48276
1.48248
1.48236
1.48223
1.48212
1.48215
1.4821
1.48215
1.48221
1.48243
1.48265
1.48295
1.48297
1.48306
1.48317
1.4832
1.4832
1.48334
1.48344
1.48339
1.48322
1.48313
1.48308
1.4832
1.48331
1.48335
1.48325
1.48305
1.48285
1.48272
1.48264
1.48255
1.48243
1.48236
1.48213
1.48189
1.48181
1.48175
1.48175
1.48183
1.48195
1.4817
1.48144
1.48106
1.48083
1.4806
1.48078
1.48103
1.48113
1.48123
1.48117
1.48084
1.48032
1.47996
1.4795
1.47901
1.47854
1.47806
1.47758
1.47695
1.47638
1.47577
1.47508
1.47438
1.47375
1.47346
1.47308
1.47246
1.47175
1.47105
1.4704
1.46995
1.46953
1.46922
1.46915
1.46932
1.46978
1.4702
1.47072
1.47094
1.47107
1.47121
1.47136
1.47134
1.47118
1.47123
1.47116
1.47076
1.47048
1.47028
1.47024
1.46997
1.46994
1.46984
1.46948
1.46923
1.46866
1.46811
1.46754
1.46725
1.46709
1.46704
1.46703
1.46712
1.46722
1.46749
1.46747
1.46716
1.46677
1.46647
1.46614
1.46589
1.46558
1.46535
1.46518
1.46519
1.46526
1.46505
1.46491
1.46483
1.46455
1.46429
1.46404
1.46385
1.46323
1.46244
1.46188
1.46141
1.46076
1.46035
1.46059
1.46078
1.46109
1.46144
1.46175
1.46199
1.46202
1.46211
1.46235
1.4626
1.4626
1.46262
1.46306
1.46339
1.46367
1.46388
1.46415
1.46458
1.46496
1.46532
1.4656
1.46598
1.46617
1.46632
1.46655
1.46678
1.46666
1.46639
1.46595
1.46584
1.46579
1.46562
1.46561
1.46552
1.46564
1.46566
1.46579
1.46582
1.46564
1.46557
1.46566
1.46556
1.46542
1.46547
1.46561
1.46591
1.46606
1.46606
1.46618
1.46659
1.46698
1.46697
1.46687
1.46663
1.46656
1.4667
1.46663
1.46636
1.46643
1.46633
1.46589
1.46545
1.46516
1.46476
1.4643
1.46426
1.46433
1.46445
1.46444
1.46446
1.46439
1.4642
1.46417
1.46405
1.46389
1.46368
1.46351
1.4635
1.46369
1.46377
1.46422
1.46484
1.46523
1.46576
1.46626
1.46681
1.46728
1.46765
1.46816
1.46873
1.46905
1.46951
1.46976
1.46964
1.4699
1.47033
1.4706
1.47081
1.47112
1.4716
1.47224
1.47304
1.47356
1.4741
1.47418
1.47423
1.47467
1.47525
1.47554
1.47587
1.47606
1.47635
1.47682
1.47695
1.47676
1.4767
1.47663
1.47661
1.47625
1.47586
1.47549
1.47506
1.47494
1.47514
1.47536
1.47574
1.47587
1.4761
1.47631
1.47673
1.47705
1.47692
1.47685
1.47693
1.47703
1.47721
1.47737
1.47761
1.4777
1.47772
1.47775
1.47753
1.47768
1.47782
1.4779
1.47779
1.47782
1.47803
1.4786
1.47904
1.47945
1.47973
1.48005
1.48051
1.48102
1.48146
1.48168
1.48165
1.48159
1.48158
1.48171
1.48178
1.48197
1.48217
1.48236
1.48256
1.48259
1.48266
1.48269
1.48262
1.48252
1.48209
1.42485
1.42451
1.42433
1.42427
1.42404
1.42388
1.42368
1.42358
1.42341
1.42319
1.42301
1.42259
1.42214
1.42178
1.42166
1.42123
1.42072
1.4205
1.42025
1.42031
1.42035
1.42041
1.42048
1.42033
1.42006
1.41981
1.41974
1.41986
1.42015
1.42008
1.42012
1.42025
1.42026
1.42024
1.42019
1.4201
1.42012
1.42013
1.41987
1.41962
1.41945
1.41943
1.41927
1.41911
1.41909
1.41923
1.4195
1.41986
1.42004
1.42021
1.42033
1.42021
1.41987
1.4198
1.42006
1.42034
1.4205
1.42057
1.42041
1.42029
1.42019
1.42001
1.4197
1.41947
1.41947
1.41959
1.4196
1.41967
1.41954
1.41942
1.41917
1.41903
1.41888
1.41856
1.41804
1.41757
1.41701
1.41655
1.41615
1.41569
1.41522
1.41477
1.41437
1.41445
1.41417
1.41392
1.41399
1.41408
1.41429
1.41438
1.41436
1.41426
1.41416
1.41419
1.41415
1.41424
1.41448
1.41455
1.41452
1.41454
1.41436
1.41413
1.41401
1.4139
1.41371
1.41352
1.4134
1.41332
1.41317
1.41303
1.41298
1.41299
1.41299
1.41305
1.41337
1.41371
1.41412
1.41432
1.41428
1.4142
1.41422
1.41427
1.41429
1.41408
1.41398
1.41391
1.41405
1.41389
1.41388
1.41382
1.41392
1.41401
1.41427
1.41449
1.41479
1.415
1.41516
1.41542
1.41549
1.41541
1.41528
1.41504
1.41482
1.41459
1.41444
1.41434
1.41448
1.41459
1.41474
1.41484
1.41499
1.41505
1.4152
1.41538
1.41553
1.41553
1.41567
1.41598
1.41622
1.41645
1.41666
1.41682
1.41691
1.41673
1.41661
1.41632
1.41604
1.41583
1.41563
1.41564
1.41542
1.41511
1.4149
1.41453
1.41437
1.4139
1.41334
1.41279
1.41219
1.41138
1.41087
1.41023
1.40957
1.40907
1.40861
1.40826
1.40791
1.40734
1.40651
1.40551
1.40468
1.40412
1.40365
1.40338
1.40298
1.40275
1.40248
1.40224
1.40201
1.4017
1.40141
1.40119
1.40116
1.40129
1.40136
1.40129
1.40131
1.40135
1.40149
1.40128
1.40131
1.40146
1.40142
1.40146
1.4016
1.40161
1.40197
1.40214
1.40248
1.4028
1.40322
1.4039
1.40441
1.40481
1.40489
1.40471
1.40451
1.4043
1.40416
1.40421
1.40416
1.40409
1.40438
1.40466
1.4049
1.40518
1.40561
1.40616
1.40672
1.40741
1.40781
1.40812
1.40847
1.40874
1.40902
1.40938
1.40944
1.40959
1.40968
1.40951
1.40979
1.41024
1.41094
1.41183
1.41279
1.41365
1.41442
1.41544
1.41635
1.4169
1.41714
1.4175
1.41782
1.41792
1.41795
1.41817
1.41853
1.41874
1.41894
1.4191
1.41934
1.41954
1.42009
1.42061
1.42103
1.42156
1.42194
1.42187
1.42182
1.42198
1.42235
1.42296
1.42336
1.42374
1.42397
1.42401
1.42425
1.42406
1.42384
1.4236
1.42349
1.42356
1.42391
1.42433
1.4247
1.42523
1.42573
1.42635
1.42679
1.42726
1.42752
1.42787
1.42812
1.42859
1.42896
1.42939
1.42958
1.4298
1.43005
1.43013
1.43015
1.43024
1.43059
1.43133
1.43196
1.43237
1.43274
1.43301
1.43323
1.43334
1.43346
1.43391
1.43439
1.43483
1.43521
1.43551
1.43563
1.43567
1.43554
1.43546
1.43563
1.43579
1.43587
1.43565
1.43526
1.435
1.43495
1.43495
1.43512
1.43531
1.43562
1.4355
1.43533
1.43524
1.43523
1.4352
1.43542
1.43582
1.43615
1.43637
1.4366
1.43669
1.43669
1.43663
1.43646
1.43638
1.43634
1.43622
1.43618
1.43605
1.43614
1.43651
1.43702
1.43727
1.43745
1.43776
1.43793
1.43779
1.43748
1.43742
1.43744
1.43757
1.43779
1.4382
1.43859
1.43906
1.4394
1.43946
1.4397
1.43985
1.43981
1.4396
1.43921
1.43885
1.43848
1.43804
1.43769
1.43754
1.4374
1.43737
1.43711
1.43704
1.43695
1.43684
1.43683
1.43678
1.43679
1.43656
1.43635
1.43608
1.436
1.43577
1.43566
1.43538
1.43526
1.43505
1.43477
1.43456
1.43444
1.43458
1.43514
1.43558
1.43596
1.43619
1.43621
1.43623
1.43617
1.43633
1.43637
1.43632
1.43628
1.43653
1.43687
1.43722
1.43755
1.43784
1.43773
1.43757
1.43731
1.43704
1.43686
1.43674
1.43667
1.43675
1.43673
1.43672
1.4366
1.43658
1.43682
1.43727
1.43757
1.43767
1.43791
1.43827
1.43843
1.43863
1.4388
1.43887
1.43883
1.43897
1.43895
1.439
1.4392
1.43945
1.43966
1.4398
1.4403
1.44056
1.44075
1.44116
1.44134
1.44133
1.44157
1.44177
1.44191
1.44191
1.44219
1.44232
1.44276
1.44331
1.44392
1.44456
1.44486
1.44501
1.445
1.44499
1.4452
1.44551
1.44562
1.44562
1.44559
1.44562
1.44588
1.4462
1.44653
1.44689
1.4475
1.44794
1.44844
1.44934
1.45025
1.4508
1.45127
1.45189
1.4525
1.45287
1.45318
1.45342
1.45342
1.45338
1.45334
1.45325
1.45344
1.45402
1.4547
1.45533
1.45567
1.45591
1.45621
1.45647
1.45661
1.45696
1.45735
1.45775
1.45799
1.45823
1.45833
1.4587
1.45917
1.4597
1.46035
1.46069
1.46122
1.4617
1.46218
1.46251
1.46266
1.46289
1.46346
1.46389
1.46423
1.46456
1.46483
1.46505
1.46523
1.46546
1.46565
1.46564
1.4656
1.46536
1.46531
1.46549
1.46564
1.46586
1.4661
1.46635
1.46638
1.46676
1.46715
1.46762
1.46814
1.46867
1.46898
1.46905
1.46912
1.4691
1.46881
1.46828
1.46776
1.46749
1.46739
1.46743
1.4675
1.46759
1.46775
1.46781
1.46786
1.46776
1.46775
1.46788
1.46785
1.46771
1.4675
1.46718
1.46691
1.46676
1.46639
1.46612
1.46578
1.46548
1.4653
1.46521
1.46533
1.46548
1.46557
1.46527
1.46528
1.46527
1.46543
1.4654
1.46515
1.46515
1.46525
1.46521
1.46539
1.46543
1.46555
1.46572
1.46585
1.46599
1.46615
1.46633
1.46648
1.46676
1.4671
1.46742
1.46774
1.46818
1.46837
1.46854
1.46869
1.46891
1.46913
1.46944
1.46975
1.47003
1.47022
1.47035
1.47053
1.47067
1.47113
1.47182
1.4722
1.47263
1.47336
1.47405
1.47469
1.47538
1.47596
1.47639
1.47677
1.4772
1.47774
1.47814
1.47854
1.47917
1.47982
1.48025
1.48078
1.48152
1.48239
1.48317
1.48385
1.48439
1.48478
1.48504
1.48522
1.48555
1.48607
1.48621
1.48636
1.48657
1.48678
1.48682
1.4869
1.48702
1.48721
1.48748
1.48757
1.48751
1.48741
1.48702
1.48676
1.48669
1.4864
1.48639
1.48652
1.48672
1.48689
1.48705
1.48727
1.48736
1.48732
1.48721
1.48721
1.48718
1.48718
1.48719
1.48748
1.48766
1.48776
1.48788
1.48792
1.48781
1.48771
1.48762
1.48763
1.48766
1.48779
1.48782
1.48782
1.48792
1.48788
1.48789
1.4879
1.4881
1.48855
1.48864
1.48875
1.48916
1.48953
1.48992
1.49055
1.49122
1.49196
1.49251
1.49313
1.49392
1.49474
1.49562
1.49635
1.49726
1.49825
1.49892
1.49971
1.50047
1.50096
1.50139
1.5016
1.50162
1.50178
1.5018
1.50197
1.5022
1.50262
1.50284
1.50309
1.50331
1.50345
1.50358
1.50376
1.50394
1.50429
1.50463
1.50492
1.5051
1.50541
1.50609
1.50673
1.507
1.50705
1.50685
1.50639
1.50598
1.50571
1.50546
1.50552
1.50543
1.50534
1.5052
1.50522
1.50526
1.50533
1.50534
1.5052
1.50505
1.50494
1.50477
1.50484
1.50494
1.50505
1.50512
1.50519
1.50525
1.50541
1.50588
1.50621
1.50671
1.50727
1.50771
1.5083
1.50881
1.50921
1.50958
1.50991
1.51017
1.51049
1.51097
1.51138
1.51176
1.51188
1.51183
1.51187
1.51197
1.51216
1.51243
1.5126
1.51269
1.51294
1.51355
1.51372
1.51411
1.51442
1.51479
1.51499
1.51522
1.51519
1.51517
1.51547
1.51582
1.51631
1.51679
1.51738
1.51782
1.51819
1.51848
1.51862
1.51843
1.51759
1.51674
1.51645
1.51658
1.51711
1.51758
1.5176
1.51776
1.51798
1.51792
1.51805
1.51805
1.51791
1.51772
1.51771
1.51778
1.51772
1.51792
1.51805
1.51815
1.51801
1.51795
1.51792
1.51791
1.51775
1.51762
1.51741
1.51717
1.51714
1.5172
1.51736
1.51759
1.51782
1.51762
1.5176
1.51744
1.51717
1.51684
1.51672
1.51668
1.51651
1.51634
1.51635
1.51627
1.51581
1.51539
1.51521
1.51515
1.51523
1.51532
1.51561
1.5159
1.51637
1.51671
1.51687
1.5167
1.51586
1.51461
1.51366
1.51337
1.51342
1.51359
1.51385
1.51369
1.5137
1.51365
1.5135
1.5135
1.51353
1.51364
1.51361
1.5137
1.51378
1.5138
1.51392
1.51411
1.5142
1.5142
1.51446
1.51473
1.51498
1.51502
1.51493
1.51489
1.51488
1.51489
1.51468
1.5145
1.51426
1.51412
1.51399
1.51391
1.51402
1.51431
1.51439
1.51445
1.51451
1.51448
1.51446
1.51465
1.51473
1.51491
1.51497
1.51466
1.51447
1.51468
1.51516
1.51561
1.51586
1.51581
1.51569
1.51556
1.51545
1.51535
1.51509
1.5148
1.51469
1.51468
1.5149
1.51531
1.51563
1.5158
1.51601
1.51607
1.5161
1.51582
1.51523
1.51462
1.51409
1.51373
1.51361
1.51391
1.51417
1.51439
1.5145
1.51458
1.51441
1.51414
1.5141
1.51414
1.51418
1.51421
1.51405
1.51351
1.51272
1.5117
1.51062
1.50961
1.50859
1.50792
1.50745
1.50743
1.50754
1.5076
1.5077
1.50772
1.50776
1.50773
1.50767
1.50756
1.5079
1.50882
1.50966
1.51019
1.51056
1.51096
1.51125
1.51146
1.5116
1.51198
1.51227
1.5127
1.51292
1.51309
1.51332
1.51366
1.51412
1.51464
1.51518
1.51575
1.51642
1.51708
1.51712
1.51655
1.51535
1.51454
1.51464
1.51545
1.51651
1.5173
1.518
1.51861
1.51904
1.45879
1.45883
1.45897
1.45901
1.45918
1.45929
1.45939
1.45942
1.45949
1.45962
1.45943
1.45957
1.45963
1.45975
1.45968
1.45945
1.45939
1.4595
1.45982
1.45976
1.45993
1.45983
1.45943
1.45902
1.45841
1.45807
1.45786
1.45783
1.45791
1.45804
1.45812
1.45833
1.45864
1.4589
1.45916
1.45917
1.45921
1.45934
1.45969
1.45987
1.46007
1.46012
1.46015
1.46043
1.46091
1.46137
1.46173
1.4621
1.46231
1.46254
1.46257
1.46251
1.46235
1.46254
1.46276
1.46277
1.46268
1.46292
1.46326
1.46341
1.46364
1.46394
1.46408
1.46415
1.46432
1.46446
1.4647
1.46482
1.4647
1.46463
1.46462
1.46449
1.46453
1.46457
1.46478
1.4651
1.4656
1.46575
1.46581
1.46599
1.46628
1.46661
1.46673
1.46684
1.46726
1.4676
1.46781
1.4679
1.46792
1.46828
1.46859
1.46895
1.4691
1.4691
1.46929
1.46954
1.46977
1.46998
1.47014
1.47021
1.47021
1.4704
1.47075
1.47102
1.47135
1.47188
1.47225
1.47259
1.47307
1.47333
1.47399
1.47468
1.47516
1.47583
1.47634
1.47708
1.47785
1.47827
1.47858
1.47852
1.47854
1.47855
1.47861
1.47876
1.47894
1.47891
1.4789
1.47913
1.47926
1.47933
1.4796
1.4799
1.48013
1.48028
1.48041
1.48062
1.48044
1.4802
1.4801
1.47975
1.47947
1.4793
1.47903
1.4788
1.47876
1.47859
1.47842
1.47832
1.47834
1.47844
1.47849
1.47841
1.4783
1.4782
1.47805
1.47786
1.4778
1.47802
1.47808
1.47797
1.47777
1.47773
1.47765
1.47743
1.47694
1.47633
1.47587
1.4755
1.4749
1.47425
1.47389
1.47361
1.47333
1.47293
1.47273
1.4726
1.47234
1.47227
1.47237
1.47259
1.47268
1.47293
1.47296
1.47282
1.47256
1.47253
1.47277
1.47297
1.47302
1.47282
1.47289
1.47296
1.47259
1.47201
1.47148
1.47117
1.47105
1.47111
1.47132
1.47182
1.47246
1.47302
1.47345
1.47406
1.47434
1.47433
1.47402
1.47367
1.47327
1.47316
1.47307
1.4732
1.4732
1.47295
1.4728
1.47236
1.4721
1.47175
1.47163
1.47152
1.47138
1.47081
1.47031
1.47011
1.46974
1.46934
1.46892
1.46884
1.46881
1.46883
1.46869
1.46891
1.46909
1.46922
1.46925
1.46926
1.46916
1.46912
1.46876
1.46805
1.46704
1.46629
1.46578
1.46575
1.46585
1.46597
1.4661
1.46636
1.46651
1.46645
1.46647
1.46647
1.46637
1.46631
1.46595
1.4657
1.46541
1.46519
1.46519
1.46526
1.46522
1.46533
1.46543
1.4655
1.46524
1.46477
1.46437
1.46436
1.46419
1.46349
1.46311
1.46268
1.46256
1.46239
1.46231
1.46224
1.46235
1.46254
1.46244
1.46211
1.46194
1.46167
1.46128
1.46134
1.46107
1.46111
1.46105
1.46109
1.46111
1.46145
1.46151
1.46152
1.46162
1.46178
1.46178
1.46199
1.46192
1.46195
1.46199
1.46226
1.46238
1.46229
1.46197
1.46169
1.46167
1.4617
1.4622
1.46235
1.46242
1.4626
1.46284
1.4633
1.46376
1.46422
1.46481
1.46518
1.46522
1.4652
1.46505
1.46498
1.46525
1.46564
1.46589
1.46612
1.46668
1.46746
1.46777
1.46803
1.46849
1.46884
1.46888
1.46892
1.46897
1.46873
1.4684
1.46823
1.46839
1.46882
1.46936
1.4696
1.4696
1.46959
1.46961
1.46972
1.46977
1.47007
1.47058
1.47082
1.47129
1.4719
1.47255
1.47305
1.47347
1.47367
1.4739
1.4743
1.47459
1.47487
1.47491
1.47513
1.47512
1.47533
1.47556
1.4754
1.47526
1.47518
1.47502
1.4747
1.47469
1.47473
1.47484
1.47519
1.47537
1.47599
1.47634
1.4767
1.47706
1.47704
1.47725
1.47753
1.47768
1.47823
1.4785
1.47866
1.47856
1.4788
1.47894
1.47901
1.47933
1.47981
1.47978
1.47964
1.47977
1.4799
1.48007
1.48055
1.48126
1.48193
1.48253
1.48279
1.48333
1.48385
1.48417
1.48434
1.48455
1.48466
1.48495
1.48487
1.48506
1.48537
1.48535
1.48505
1.48502
1.48545
1.48607
1.48648
1.48667
1.48705
1.48751
1.48773
1.48787
1.48777
1.4877
1.48759
1.48754
1.48741
1.48704
1.48695
1.48696
1.48709
1.48705
1.487
1.48648
1.486
1.4856
1.48506
1.48436
1.4837
1.4833
1.48314
1.48292
1.48254
1.48205
1.48181
1.48178
1.48175
1.48183
1.48209
1.48246
1.48288
1.48317
1.48349
1.48368
1.48374
1.48357
1.48319
1.48283
1.48264
1.48271
1.48253
1.48253
1.48242
1.48243
1.48229
1.48204
1.48178
1.48146
1.48123
1.48091
1.48056
1.48066
1.48058
1.48018
1.47971
1.47919
1.47891
1.47858
1.47832
1.47801
1.4778
1.4776
1.47743
1.47711
1.47702
1.47701
1.4769
1.47653
1.47638
1.47598
1.47568
1.47506
1.47479
1.4749
1.47518
1.47526
1.47526
1.47538
1.4749
1.47448
1.47393
1.47368
1.47379
1.47414
1.47448
1.47502
1.47559
1.47585
1.47592
1.47596
1.47592
1.47593
1.47604
1.47604
1.47609
1.47602
1.47577
1.47547
1.47513
1.47502
1.47502
1.47503
1.47508
1.47488
1.4748
1.47451
1.4743
1.47428
1.47434
1.47449
1.47469
1.47483
1.47498
1.4752
1.47524
1.47511
1.47495
1.47494
1.47459
1.47432
1.47407
1.47414
1.47402
1.47412
1.47406
1.47392
1.47393
1.47384
1.47373
1.47364
1.47361
1.47358
1.47331
1.47308
1.47295
1.47268
1.47238
1.47216
1.47186
1.47141
1.47111
1.47077
1.47059
1.4705
1.47023
1.46999
1.46993
1.47007
1.47029
1.47031
1.47025
1.47001
1.46984
1.46982
1.46971
1.4695
1.46946
1.4694
1.46938
1.46927
1.46938
1.46969
1.47001
1.47054
1.47078
1.47091
1.471
1.4712
1.47133
1.47153
1.47188
1.47217
1.47242
1.47271
1.47286
1.47268
1.47245
1.47229
1.47197
1.47158
1.4712
1.47096
1.47105
1.47105
1.47106
1.471
1.47076
1.47038
1.46992
1.46962
1.46923
1.46884
1.4685
1.46814
1.46787
1.46757
1.46731
1.46697
1.46679
1.4666
1.46633
1.46613
1.4658
1.46544
1.46503
1.46474
1.46422
1.46389
1.46383
1.4635
1.46323
1.46291
1.46287
1.4627
1.46279
1.4626
1.4626
1.46242
1.4621
1.4619
1.4618
1.46167
1.46187
1.46212
1.46249
1.4627
1.46309
1.46362
1.46404
1.46441
1.46485
1.46542
1.46571
1.46573
1.4656
1.46545
1.46538
1.4655
1.46566
1.46601
1.46632
1.46658
1.46687
1.4673
1.46773
1.46798
1.46795
1.46775
1.46774
1.46773
1.46762
1.46742
1.46718
1.46694
1.46688
1.46664
1.46641
1.466
1.46562
1.46541
1.46531
1.46549
1.46605
1.46628
1.46652
1.46677
1.46692
1.46687
1.4669
1.46678
1.46663
1.46671
1.46693
1.46693
1.46709
1.46715
1.46699
1.46684
1.46651
1.46597
1.46526
1.4645
1.46394
1.46342
1.46297
1.46235
1.46168
1.46106
1.46058
1.46025
1.45991
1.45947
1.45921
1.45912
1.45899
1.45913
1.45934
1.45933
1.45954
1.45973
1.45989
1.46017
1.46013
1.46
1.45951
1.45913
1.45915
1.45936
1.45947
1.45966
1.45996
1.46026
1.46085
1.46138
1.46197
1.46267
1.46332
1.46391
1.46447
1.46485
1.46543
1.46608
1.46655
1.4668
1.46677
1.46681
1.46681
1.46697
1.46708
1.46709
1.46732
1.46776
1.46778
1.46794
1.46786
1.46791
1.46804
1.46827
1.46845
1.46871
1.46905
1.46951
1.46977
1.47005
1.47021
1.47032
1.47049
1.47066
1.4709
1.47141
1.4721
1.47258
1.47301
1.47353
1.4741
1.47454
1.47493
1.47517
1.47536
1.47571
1.47621
1.47672
1.47682
1.47703
1.47731
1.47755
1.47782
1.47852
1.4789
1.47941
1.47983
1.47997
1.48013
1.48021
1.48
1.47967
1.47948
1.47959
1.47994
1.48022
1.48051
1.48064
1.48081
1.48077
1.48098
1.48109
1.48139
1.48168
1.4819
1.48218
1.48215
1.48214
1.48233
1.48244
1.48237
1.48218
1.482
1.48181
1.48158
1.48146
1.48141
1.48143
1.48136
1.48134
1.48143
1.48139
1.48141
1.48138
1.48145
1.48134
1.48123
1.48112
1.48124
1.48144
1.48156
1.48173
1.48206
1.48236
1.48259
1.48276
1.4828
1.48277
1.48257
1.48218
1.48191
1.48197
1.48198
1.48198
1.48189
1.48176
1.48159
1.48157
1.4818
1.48178
1.48161
1.48127
1.48126
1.48139
1.48151
1.48175
1.48179
1.48207
1.48208
1.48203
1.48184
1.48155
1.48153
1.48147
1.48121
1.48107
1.48081
1.48059
1.48025
1.48015
1.48022
1.48023
1.48024
1.47998
1.47983
1.47968
1.47932
1.47926
1.47938
1.47964
1.47966
1.47966
1.47959
1.47961
1.47973
1.47997
1.48004
1.48018
1.48034
1.48062
1.48097
1.4813
1.48176
1.48224
1.48203
1.48192
1.48217
1.48259
1.48312
1.48333
1.48369
1.48416
1.48473
1.4851
1.48553
1.48594
1.48601
1.48623
1.48625
1.48631
1.48631
1.48621
1.48598
1.48593
1.48593
1.48594
1.48599
1.48589
1.48583
1.48557
1.48549
1.48563
1.48581
1.48588
1.48591
1.48596
1.48606
1.48613
1.48613
1.48609
1.48596
1.48597
1.4862
1.48644
1.48662
1.48675
1.48676
1.48659
1.48639
1.48619
1.48595
1.48591
1.48598
1.48607
1.48627
1.4866
1.48709
1.48768
1.48814
1.48824
1.48843
1.48871
1.48902
1.48898
1.48922
1.4894
1.4897
1.48988
1.4901
1.49039
1.49074
1.49077
1.49074
1.49076
1.49088
1.49112
1.49109
1.491
1.491
1.49098
1.49075
1.4906
1.49059
1.49059
1.49063
1.49075
1.49058
1.49013
1.4898
1.4895
1.48952
1.48958
1.48961
1.48959
1.48963
1.48947
1.48924
1.48891
1.48858
1.48825
1.48811
1.48793
1.4877
1.48757
1.48772
1.48787
1.48806
1.48826
1.36728
1.3672
1.36735
1.36741
1.36743
1.36756
1.36755
1.3675
1.36745
1.36746
1.36748
1.36753
1.36776
1.36783
1.36804
1.36822
1.36838
1.36864
1.36882
1.36888
1.36892
1.36894
1.36899
1.36917
1.36949
1.3697
1.36971
1.36993
1.36996
1.3701
1.37038
1.3705
1.37056
1.37074
1.37073
1.37097
1.37113
1.37155
1.37192
1.37236
1.37277
1.37316
1.37356
1.37401
1.37446
1.37449
1.37446
1.37442
1.37436
1.37453
1.37469
1.37478
1.37459
1.37432
1.37407
1.37386
1.37363
1.37345
1.37356
1.37387
1.37419
1.37433
1.37453
1.37473
1.37497
1.37522
1.37568
1.37608
1.37644
1.37664
1.37689
1.37685
1.37666
1.3765
1.37651
1.37681
1.37694
1.3769
1.37704
1.3773
1.37702
1.37702
1.37719
1.37731
1.37723
1.37724
1.37751
1.37786
1.37816
1.37825
1.37846
1.37883
1.37886
1.37884
1.37879
1.37848
1.37797
1.37751
1.37736
1.37719
1.37701
1.37714
1.37727
1.37727
1.37727
1.37747
1.37765
1.37774
1.3775
1.37734
1.37734
1.37711
1.37698
1.3772
1.37732
1.37719
1.37705
1.37709
1.37709
1.37686
1.37679
1.37668
1.37657
1.37648
1.37643
1.37641
1.37638
1.37658
1.37681
1.377
1.37717
1.37725
1.37731
1.37752
1.37771
1.37759
1.37745
1.37737
1.37727
1.37726
1.37725
1.3773
1.37743
1.3776
1.37769
1.37769
1.37788
1.37813
1.37828
1.37855
1.3788
1.379
1.37919
1.37946
1.37961
1.37963
1.37963
1.37971
1.37984
1.37978
1.37966
1.37982
1.38003
1.38026
1.38063
1.38107
1.38129
1.38157
1.38172
1.38171
1.38164
1.38159
1.38165
1.3817
1.38171
1.3817
1.38176
1.38186
1.38181
1.38186
1.3821
1.38237
1.38264
1.38287
1.38317
1.38336
1.38377
1.38416
1.3844
1.38468
1.38497
1.38511
1.38553
1.38574
1.38598
1.38582
1.38582
1.38619
1.38655
1.38685
1.387
1.38717
1.38734
1.38764
1.38764
1.38745
1.38752
1.38752
1.38765
1.38808
1.38845
1.38884
1.38919
1.38936
1.38955
1.38978
1.38994
1.39024
1.39057
1.39077
1.39091
1.39074
1.39043
1.39016
1.39002
1.38948
1.389
1.38871
1.38832
1.38826
1.3883
1.3884
1.3884
1.38868
1.38897
1.3892
1.38893
1.38859
1.3885
1.38813
1.38789
1.38792
1.38796
1.38797
1.38793
1.38781
1.3875
1.38751
1.38777
1.3879
1.38816
1.38862
1.389
1.38934
1.38953
1.38963
1.38995
1.39034
1.39065
1.39093
1.39125
1.39121
1.39113
1.3909
1.39094
1.39124
1.3915
1.39148
1.39128
1.39118
1.39105
1.39101
1.39114
1.39122
1.39162
1.39195
1.3921
1.39223
1.39219
1.39192
1.3918
1.39149
1.39146
1.39183
1.3921
1.3921
1.39216
1.39215
1.39193
1.39181
1.39171
1.39155
1.39135
1.39097
1.39055
1.39005
1.38946
1.3888
1.38804
1.38754
1.38701
1.38642
1.38581
1.38539
1.38519
1.38516
1.38502
1.38485
1.38473
1.38476
1.38473
1.38468
1.38471
1.38485
1.38476
1.38464
1.38473
1.38473
1.38468
1.38471
1.38493
1.38514
1.38531
1.3855
1.38574
1.38604
1.38623
1.38618
1.38618
1.38603
1.38576
1.38538
1.38491
1.38461
1.38424
1.38414
1.3838
1.38364
1.38341
1.38324
1.38322
1.38328
1.38352
1.3837
1.38381
1.38342
1.3827
1.38163
1.38066
1.38042
1.38046
1.38049
1.38071
1.38105
1.38123
1.3813
1.38141
1.38135
1.3811
1.38084
1.38073
1.38072
1.38066
1.3807
1.38076
1.3808
1.38072
1.38038
1.38004
1.37963
1.37919
1.37888
1.3786
1.3784
1.37806
1.37759
1.37728
1.37706
1.37692
1.37701
1.37722
1.37764
1.37804
1.37836
1.37861
1.37866
1.37865
1.37866
1.37881
1.37894
1.37895
1.37918
1.37949
1.3798
1.3797
1.37969
1.37984
1.37971
1.37912
1.37875
1.37861
1.37871
1.37897
1.3792
1.37942
1.37933
1.37916
1.37909
1.37901
1.37851
1.37812
1.37783
1.37781
1.37756
1.37732
1.37731
1.37726
1.37732
1.37717
1.37694
1.37671
1.37657
1.37654
1.37656
1.37669
1.37661
1.37666
1.37666
1.37652
1.37629
1.37608
1.37597
1.37583
1.37602
1.37604
1.37635
1.37636
1.37642
1.37651
1.37667
1.37692
1.37727
1.37763
1.37775
1.37753
1.37708
1.37673
1.37658
1.37647
1.37637
1.37633
1.37595
1.3757
1.37543
1.37508
1.37485
1.37453
1.37427
1.37402
1.37386
1.37364
1.37342
1.37314
1.3729
1.37246
1.37197
1.3717
1.37143
1.37112
1.37094
1.37082
1.37073
1.37081
1.37074
1.3707
1.37061
1.37045
1.37036
1.37027
1.36991
1.36938
1.36878
1.36831
1.3678
1.36707
1.36637
1.36575
1.36538
1.36523
1.36504
1.36484
1.36472
1.36466
1.3644
1.36408
1.36382
1.36342
1.36294
1.36224
1.36172
1.36154
1.36145
1.36116
1.36101
1.3607
1.36047
1.36005
1.35941
1.35869
1.35832
1.35794
1.35753
1.35743
1.35768
1.35806
1.3584
1.35852
1.35871
1.35902
1.35925
1.35963
1.36028
1.36116
1.36185
1.36232
1.36276
1.36333
1.36386
1.36432
1.36471
1.36518
1.36563
1.3662
1.36658
1.36698
1.36725
1.36762
1.36783
1.36777
1.36748
1.36731
1.3673
1.36711
1.36701
1.36696
1.36708
1.36711
1.36747
1.36791
1.36819
1.36856
1.36899
1.36971
1.37035
1.37104
1.37145
1.37151
1.37174
1.37187
1.37178
1.37172
1.37194
1.37209
1.37239
1.37264
1.37302
1.37328
1.37332
1.37341
1.37337
1.3734
1.37337
1.37352
1.3736
1.37366
1.37392
1.37409
1.37429
1.37464
1.37495
1.37541
1.37586
1.37617
1.37634
1.37624
1.37612
1.37593
1.37611
1.37651
1.37663
1.37698
1.37744
1.37792
1.37815
1.37859
1.379
1.37936
1.37997
1.38023
1.3804
1.38043
1.38045
1.38047
1.38045
1.38059
1.38089
1.38113
1.38142
1.38182
1.38212
1.38241
1.38257
1.38266
1.38284
1.38294
1.38296
1.38338
1.38373
1.38398
1.38411
1.38424
1.3842
1.38439
1.38449
1.38457
1.38477
1.385
1.38524
1.38555
1.38586
1.38618
1.38647
1.38663
1.38674
1.38669
1.38658
1.38657
1.38676
1.38683
1.38694
1.38731
1.38769
1.38787
1.38789
1.38803
1.38812
1.38845
1.38874
1.38906
1.38929
1.3894
1.38954
1.38936
1.38923
1.38932
1.38898
1.38857
1.38822
1.38821
1.38811
1.38802
1.38803
1.38806
1.38811
1.38807
1.3881
1.3881
1.38816
1.3884
1.38866
1.38892
1.38927
1.38952
1.38952
1.38954
1.38958
1.38965
1.38953
1.38948
1.38925
1.38912
1.38932
1.38932
1.38945
1.38958
1.3898
1.38989
1.39005
1.39017
1.39015
1.39017
1.39008
1.39016
1.38994
1.38974
1.38953
1.38944
1.38941
1.38941
1.38913
1.38856
1.38804
1.38759
1.38721
1.38679
1.38651
1.38635
1.38621
1.38591
1.38552
1.38508
1.38486
1.38459
1.38423
1.38395
1.38378
1.38353
1.38322
1.38295
1.38291
1.38285
1.38289
1.38266
1.38223
1.38174
1.38144
1.38137
1.3814
1.38128
1.38116
1.38123
1.38134
1.38142
1.38145
1.3814
1.38116
1.3809
1.38064
1.38034
1.38013
1.38026
1.38046
1.38035
1.38033
1.38025
1.38032
1.38024
1.38005
1.37987
1.37994
1.38017
1.38046
1.38078
1.38096
1.38114
1.38108
1.38084
1.38051
1.38015
1.37988
1.37966
1.37953
1.37948
1.37941
1.37928
1.37916
1.37899
1.37883
1.37875
1.37869
1.3786
1.3786
1.37857
1.37845
1.37856
1.3786
1.37874
1.37883
1.37876
1.37884
1.37863
1.37841
1.37833
1.37805
1.37792
1.37789
1.37793
1.37784
1.37775
1.37771
1.37749
1.37749
1.37745
1.37746
1.37741
1.37741
1.37732
1.37728
1.37736
1.37738
1.37764
1.37803
1.37831
1.37865
1.37913
1.37972
1.3801
1.38053
1.38084
1.38121
1.38157
1.38215
1.38275
1.38339
1.3838
1.38418
1.38464
1.38489
1.38511
1.3854
1.38552
1.3856
1.38558
1.38562
1.3856
1.38572
1.38571
1.38569
1.3856
1.38537
1.385
1.38464
1.38435
1.38426
1.38425
1.38414
1.38414
1.38423
1.38421
1.3843
1.38419
1.38392
1.38378
1.38376
1.38365
1.38335
1.38304
1.3828
1.38252
1.38207
1.38166
1.38127
1.38076
1.38055
1.38019
1.3799
1.37974
1.37952
1.37927
1.37916
1.37922
1.3794
1.37931
1.37915
1.37938
1.37966
1.37983
1.38016
1.38023
1.38039
1.38038
1.38042
1.38062
1.38057
1.38046
1.38045
1.38034
1.38032
1.38054
1.38075
1.3809
1.381
1.38103
1.38098
1.38101
1.381
1.38097
1.38107
1.38107
1.38093
1.38074
1.38058
1.38055
1.38072
1.38079
1.38071
1.38073
1.38096
1.38107
1.38125
1.3815
1.38165
1.3818
1.38203
1.38225
1.38258
1.38286
1.38291
1.38296
1.38288
1.38292
1.383
1.38304
1.38311
1.38309
1.38335
1.38323
1.38301
1.38287
1.38259
1.3822
1.38183
1.38165
1.38161
1.38145
1.38135
1.38116
1.38096
1.38075
1.38064
1.38077
1.38065
1.38061
1.38068
1.38082
1.38111
1.38133
1.38147
1.38183
1.38214
1.38257
1.38288
1.38308
1.38299
1.38281
1.38228
1.38165
1.381
1.38055
1.38031
1.38021
1.38027
1.38063
1.38082
1.38086
1.38101
1.38097
1.38103
1.38107
1.38105
1.381
1.38094
1.38094
1.38112
1.38129
1.3815
1.38146
1.38137
1.38122
1.38114
1.38101
1.38116
1.38099
1.38072
1.38087
1.38081
1.38065
1.38053
1.38033
1.38022
1.38019
1.38052
1.38073
1.38069
1.38065
1.38085
1.38082
1.38103
1.38093
1.38063
1.3804
1.38011
1.37993
1.37981
1.37953
1.37943
1.37936
1.3795
1.37943
1.37934
1.37925
1.35958
1.3593
1.35922
1.35923
1.35883
1.35845
1.35815
1.35804
1.3576
1.3572
1.35674
1.35644
1.3563
1.35598
1.35565
1.35537
1.35511
1.3549
1.35463
1.35417
1.35385
1.35354
1.35318
1.35264
1.35225
1.35189
1.3514
1.35089
1.35036
1.34972
1.34917
1.34859
1.34807
1.34767
1.34729
1.34707
1.34677
1.34638
1.34579
1.34505
1.34433
1.34368
1.34311
1.34267
1.34241
1.34207
1.34178
1.3417
1.34183
1.34165
1.3414
1.34117
1.34091
1.34085
1.34071
1.34069
1.34079
1.34102
1.34119
1.34136
1.34133
1.34123
1.34119
1.34108
1.34065
1.34044
1.34017
1.33968
1.33882
1.33805
1.33735
1.33663
1.33632
1.33605
1.33589
1.33574
1.33587
1.336
1.33627
1.33652
1.33687
1.33736
1.33799
1.33848
1.33886
1.33916
1.33928
1.33932
1.33919
1.33926
1.33949
1.3396
1.33981
1.34006
1.34024
1.34035
1.34065
1.34117
1.34171
1.34222
1.34261
1.3433
1.34393
1.34456
1.345
1.34517
1.34526
1.3453
1.34532
1.34539
1.34576
1.3461
1.34667
1.3473
1.34793
1.3485
1.34891
1.34915
1.34942
1.34954
1.34927
1.34915
1.34907
1.34897
1.34912
1.34925
1.34936
1.34939
1.34952
1.34963
1.34985
1.35017
1.35067
1.35106
1.35135
1.35147
1.35136
1.35136
1.35171
1.35178
1.35184
1.35178
1.35157
1.35137
1.35135
1.35134
1.35125
1.35097
1.35053
1.35023
1.34985
1.34943
1.34898
1.34862
1.34846
1.34839
1.34842
1.34867
1.34887
1.34899
1.34913
1.34906
1.34928
1.34939
1.34966
1.35005
1.35032
1.3505
1.3506
1.35072
1.351
1.35135
1.35183
1.35244
1.35298
1.35345
1.35355
1.35358
1.35353
1.35344
1.35327
1.35348
1.35371
1.35384
1.35399
1.35405
1.35438
1.35484
1.35518
1.35547
1.35544
1.3553
1.35518
1.35479
1.35438
1.3538
1.35348
1.35339
1.35326
1.35332
1.35344
1.35367
1.35387
1.3539
1.35385
1.35387
1.35393
1.35385
1.35362
1.35331
1.35306
1.35278
1.35253
1.3524
1.35228
1.35224
1.35217
1.35212
1.35206
1.3519
1.35175
1.35151
1.35142
1.35117
1.35096
1.35082
1.35074
1.35084
1.35095
1.35104
1.35122
1.35148
1.35189
1.35234
1.35277
1.3533
1.35381
1.35442
1.35517
1.35557
1.35585
1.35602
1.35626
1.35646
1.35642
1.35651
1.35637
1.3563
1.35634
1.35616
1.35622
1.35618
1.35607
1.35614
1.3563
1.35634
1.35646
1.35665
1.35687
1.35701
1.35715
1.35697
1.3568
1.35658
1.3567
1.35686
1.35715
1.35713
1.35719
1.35708
1.35692
1.35701
1.35728
1.35731
1.35732
1.35731
1.35727
1.35695
1.35667
1.35678
1.35673
1.35683
1.35699
1.3573
1.35777
1.35817
1.35853
1.35887
1.35904
1.35921
1.35967
1.35987
1.35996
1.36
1.36034
1.36077
1.36104
1.36133
1.36146
1.36165
1.36174
1.36194
1.36237
1.36279
1.36338
1.36402
1.36476
1.36525
1.36578
1.36629
1.36662
1.3669
1.36706
1.36662
1.36627
1.36596
1.36574
1.36553
1.36526
1.36534
1.3657
1.366
1.36609
1.36636
1.36675
1.36699
1.36686
1.36685
1.36676
1.36681
1.36712
1.3671
1.36713
1.367
1.36701
1.36705
1.36713
1.36726
1.36731
1.36754
1.36778
1.36787
1.36795
1.36807
1.36816
1.36822
1.36821
1.3682
1.36814
1.36783
1.36792
1.36824
1.3686
1.36916
1.36974
1.37026
1.37076
1.37113
1.37143
1.37149
1.37198
1.37239
1.37264
1.37313
1.37367
1.37434
1.37465
1.37453
1.37441
1.3746
1.3748
1.37511
1.3755
1.37567
1.37608
1.37653
1.37703
1.37747
1.37778
1.37835
1.37886
1.3793
1.37969
1.3801
1.38056
1.38102
1.38146
1.38182
1.38224
1.38257
1.38307
1.38373
1.38444
1.38497
1.3854
1.38555
1.38558
1.38571
1.38586
1.38618
1.38652
1.38656
1.38667
1.38696
1.38701
1.38714
1.3872
1.387
1.38707
1.38703
1.38685
1.38642
1.38613
1.3859
1.38568
1.38551
1.38544
1.38527
1.38508
1.38487
1.38452
1.38443
1.38429
1.38435
1.38457
1.38496
1.38527
1.38558
1.38594
1.38607
1.38622
1.38651
1.38685
1.38719
1.38746
1.38775
1.38796
1.3881
1.38823
1.38835
1.38828
1.3883
1.3881
1.3879
1.38773
1.38764
1.38726
1.38693
1.38655
1.38612
1.38598
1.38591
1.38602
1.38644
1.38675
1.38699
1.38715
1.38742
1.38778
1.38818
1.38852
1.38891
1.38942
1.38993
1.39029
1.39081
1.39112
1.39156
1.39211
1.39283
1.39343
1.39391
1.3944
1.39465
1.39467
1.3944
1.39415
1.39376
1.39357
1.39371
1.39383
1.39396
1.39427
1.39469
1.39481
1.3948
1.39472
1.39472
1.39436
1.39417
1.39411
1.3941
1.39413
1.39424
1.39459
1.39471
1.3947
1.39487
1.39464
1.39421
1.39392
1.39352
1.39312
1.39274
1.39233
1.39214
1.39174
1.39149
1.39107
1.39057
1.39001
1.38957
1.3893
1.38887
1.38859
1.38847
1.3885
1.38845
1.38838
1.38839
1.38835
1.38833
1.3882
1.38808
1.38803
1.38817
1.38804
1.38789
1.38759
1.38717
1.38684
1.38669
1.38644
1.3862
1.38594
1.38572
1.38511
1.38458
1.38421
1.38387
1.38349
1.38314
1.3829
1.38241
1.38192
1.38164
1.38154
1.3814
1.38108
1.38059
1.38016
1.37982
1.37965
1.37975
1.37979
1.3798
1.37973
1.37972
1.37984
1.38025
1.38059
1.38075
1.38113
1.38138
1.38153
1.38164
1.38174
1.38181
1.38168
1.38163
1.38182
1.38196
1.38205
1.38235
1.38254
1.38271
1.38297
1.383
1.38303
1.3832
1.38327
1.38319
1.38302
1.38301
1.38297
1.38292
1.38282
1.38282
1.38287
1.38282
1.38277
1.38303
1.38317
1.38337
1.38367
1.3841
1.38462
1.3848
1.38491
1.38517
1.38555
1.38554
1.38538
1.3851
1.38465
1.38435
1.38428
1.38409
1.384
1.38373
1.3835
1.38323
1.38282
1.38249
1.38228
1.38247
1.38273
1.38284
1.38302
1.38318
1.38338
1.38358
1.38404
1.38438
1.38475
1.38481
1.38468
1.38439
1.38423
1.384
1.384
1.38423
1.38431
1.38386
1.38349
1.38322
1.38311
1.38309
1.38307
1.38329
1.3835
1.38358
1.38367
1.38354
1.38364
1.38383
1.38381
1.38358
1.38342
1.38321
1.38296
1.38274
1.3824
1.38195
1.38135
1.38091
1.38057
1.38021
1.37992
1.37959
1.37927
1.37894
1.37829
1.37729
1.37613
1.37499
1.37422
1.37349
1.37272
1.37232
1.37188
1.3716
1.37149
1.37139
1.37149
1.37173
1.3719
1.37179
1.37192
1.37178
1.37152
1.37135
1.37115
1.37096
1.37084
1.37074
1.37082
1.37082
1.37083
1.37071
1.37057
1.37037
1.37006
1.36995
1.37002
1.37045
1.37027
1.3702
1.3706
1.37083
1.3712
1.37173
1.372
1.372
1.37214
1.37221
1.37242
1.37262
1.37287
1.37318
1.37335
1.3735
1.37367
1.37369
1.37379
1.37386
1.3739
1.37402
1.3742
1.37413
1.37399
1.37396
1.37392
1.37382
1.37357
1.3736
1.37363
1.3737
1.37376
1.37376
1.37376
1.37375
1.37372
1.37367
1.3736
1.37346
1.37318
1.37287
1.37253
1.37213
1.3717
1.37128
1.37096
1.37061
1.3701
1.36979
1.36975
1.36968
1.36981
1.36984
1.36999
1.37018
1.37027
1.37019
1.37032
1.37052
1.37056
1.37046
1.37063
1.3709
1.37098
1.37121
1.37162
1.37196
1.37257
1.3729
1.37332
1.3738
1.37414
1.37437
1.37435
1.37453
1.37455
1.37478
1.3751
1.37533
1.37553
1.37557
1.37557
1.37557
1.37568
1.37597
1.37616
1.37621
1.37644
1.3767
1.37716
1.37745
1.37774
1.37825
1.37883
1.37948
1.37988
1.38006
1.38029
1.38048
1.38076
1.38119
1.38142
1.3815
1.38164
1.38179
1.38195
1.38196
1.38189
1.38185
1.38175
1.38141
1.38104
1.38057
1.38022
1.38019
1.38028
1.38012
1.37984
1.3798
1.37979
1.37968
1.37961
1.37963
1.37973
1.37984
1.37979
1.38011
1.38022
1.38022
1.38021
1.38016
1.38017
1.38014
1.38027
1.38054
1.3809
1.38135
1.38181
1.38235
1.38302
1.38367
1.38406
1.38428
1.38439
1.38437
1.38431
1.38406
1.38381
1.38347
1.38311
1.38302
1.38314
1.38359
1.38403
1.38425
1.38472
1.38505
1.38512
1.38527
1.38568
1.38611
1.38652
1.38676
1.38663
1.3865
1.38637
1.38616
1.38612
1.38623
1.38624
1.38631
1.38668
1.38721
1.38774
1.38821
1.38864
1.38884
1.38901
1.38929
1.38973
1.39014
1.39067
1.39102
1.39168
1.39223
1.39278
1.39315
1.39346
1.39365
1.39371
1.39389
1.39405
1.39443
1.39466
1.3948
1.39527
1.39541
1.39543
1.39531
1.39526
1.39523
1.39506
1.39488
1.3948
1.39521
1.39528
1.39555
1.3957
1.39572
1.39594
1.39604
1.39613
1.39651
1.39664
1.39676
1.3969
1.39692
1.39692
1.39705
1.39711
1.3968
1.39663
1.39653
1.39626
1.39589
1.39565
1.39535
1.39509
1.39495
1.39479
1.39467
1.39474
1.39476
1.39492
1.39507
1.3952
1.39557
1.39574
1.39591
1.39622
1.3964
1.39669
1.39681
1.39699
1.39712
1.39738
1.3977
1.39808
1.39838
1.39848
1.39846
1.39845
1.39835
1.39826
1.39841
1.39846
1.39855
1.39866
1.39889
1.39924
1.39963
1.39993
1.40021
1.40052
1.40081
1.40107
1.40138
1.40161
1.40185
1.40189
1.40197
1.40195
1.40193
1.40185
1.40174
1.40166
1.40168
1.40169
1.40167
1.40155
1.40136
1.40122
1.40099
1.40103
1.40095
1.40087
1.40104
1.40136
1.40178
1.4026
1.40336
1.4042
1.405
1.40574
1.40649
1.40736
1.40805
1.40876
1.40901
1.40921
1.40929
1.40944
1.40982
1.4099
1.52334
1.52342
1.52356
1.52339
1.52356
1.52393
1.52459
1.52539
1.52621
1.52694
1.5275
1.52788
1.52838
1.52883
1.52922
1.52954
1.5299
1.53043
1.53094
1.53142
1.53184
1.53233
1.53276
1.53304
1.53332
1.53379
1.53413
1.53453
1.53499
1.53531
1.53577
1.53648
1.53718
1.53774
1.53824
1.53875
1.5393
1.53977
1.54025
1.54068
1.54112
1.54168
1.54213
1.54278
1.54319
1.54354
1.54389
1.54449
1.54498
1.5457
1.54635
1.54711
1.54799
1.54898
1.54993
1.55089
1.55166
1.55239
1.55296
1.55345
1.55388
1.55398
1.55409
1.55413
1.55408
1.554
1.55397
1.55384
1.55384
1.55367
1.55355
1.55341
1.55305
1.55272
1.5526
1.55251
1.55229
1.55207
1.55199
1.55209
1.55224
1.55224
1.55228
1.55258
1.55284
1.55319
1.55373
1.55406
1.55435
1.55476
1.55505
1.55511
1.55531
1.55562
1.55589
1.55612
1.55621
1.55617
1.55632
1.55642
1.55641
1.55638
1.55623
1.55618
1.55591
1.5557
1.5556
1.55545
1.5552
1.55502
1.55502
1.55487
1.55476
1.55473
1.55458
1.55455
1.55445
1.55433
1.55417
1.55422
1.55435
1.55454
1.5548
1.55502
1.55512
1.55523
1.55544
1.55552
1.55552
1.55563
1.55587
1.55609
1.55623
1.55639
1.55659
1.55686
1.5571
1.55718
1.55715
1.55734
1.55749
1.55766
1.5577
1.55799
1.55819
1.55844
1.55876
1.55895
1.55907
1.55917
1.55921
1.55911
1.55914
1.55915
1.55914
1.55917
1.55916
1.55913
1.55917
1.55919
1.55926
1.55937
1.55962
1.55987
1.5599
1.55998
1.56
1.5601
1.56024
1.56022
1.56037
1.56037
1.56028
1.5604
1.56055
1.56063
1.56085
1.56087
1.56065
1.56044
1.56023
1.55996
1.5596
1.5594
1.55922
1.55913
1.559
1.559
1.55916
1.55952
1.55987
1.56001
1.56015
1.56041
1.56074
1.56086
1.56105
1.56144
1.56162
1.56155
1.56141
1.56138
1.56134
1.56125
1.5611
1.5608
1.56071
1.56072
1.56096
1.56108
1.56116
1.56117
1.56104
1.56079
1.56034
1.55975
1.55939
1.55915
1.55928
1.55931
1.55967
1.55997
1.56033
1.5608
1.56115
1.56186
1.56242
1.56301
1.56363
1.56409
1.56443
1.56474
1.56527
1.56554
1.56583
1.56633
1.5667
1.56706
1.56771
1.568
1.5682
1.56822
1.56836
1.5687
1.56876
1.56857
1.56852
1.5686
1.56887
1.56908
1.56903
1.56905
1.56909
1.56941
1.56994
1.57034
1.57057
1.57057
1.5704
1.57004
1.56991
1.56984
1.56999
1.57002
1.56994
1.57001
1.5701
1.57042
1.57098
1.57175
1.57235
1.57274
1.57285
1.57278
1.57291
1.57301
1.57311
1.57311
1.57326
1.57343
1.57364
1.57387
1.57407
1.57406
1.57408
1.57399
1.57373
1.57328
1.57293
1.57263
1.57222
1.57199
1.57174
1.5714
1.57122
1.57114
1.57106
1.57109
1.57121
1.57139
1.57166
1.57183
1.57191
1.57202
1.57212
1.57206
1.57229
1.57245
1.5725
1.57237
1.57195
1.5716
1.57123
1.57108
1.57076
1.57052
1.57036
1.5701
1.56993
1.56965
1.5692
1.56876
1.56836
1.56802
1.56758
1.56713
1.56666
1.56643
1.56654
1.56673
1.56686
1.56671
1.56659
1.56669
1.56669
1.56649
1.56606
1.56583
1.56561
1.56539
1.56506
1.56494
1.56486
1.5649
1.56482
1.56464
1.56432
1.56402
1.56378
1.56366
1.5635
1.56341
1.56345
1.56358
1.56365
1.56379
1.56382
1.56387
1.56382
1.56367
1.5637
1.56366
1.56343
1.56349
1.56366
1.56378
1.56387
1.56411
1.56454
1.56479
1.56507
1.56545
1.5658
1.56614
1.56634
1.56651
1.5665
1.56656
1.56649
1.56632
1.56635
1.56656
1.56674
1.56693
1.56706
1.56711
1.5672
1.56733
1.56763
1.56822
1.56884
1.56923
1.56968
1.57006
1.57027
1.57061
1.57092
1.57128
1.5716
1.57205
1.57242
1.5725
1.57263
1.57274
1.57283
1.57304
1.57342
1.57382
1.57438
1.57485
1.57533
1.57584
1.57616
1.57633
1.57639
1.5764
1.57655
1.5765
1.57631
1.57625
1.57649
1.57685
1.5773
1.57768
1.57797
1.57806
1.57822
1.57814
1.57816
1.57819
1.57836
1.57858
1.57878
1.57883
1.57904
1.57918
1.57932
1.57945
1.57947
1.57935
1.5792
1.57904
1.579
1.57882
1.57863
1.57882
1.57904
1.57908
1.57895
1.57859
1.57805
1.5774
1.57689
1.57647
1.576
1.57541
1.57508
1.57492
1.57466
1.57453
1.57421
1.57379
1.5733
1.57253
1.57167
1.57097
1.57049
1.5705
1.57071
1.57086
1.57111
1.57114
1.57102
1.57079
1.57062
1.57052
1.57033
1.57042
1.5706
1.57053
1.57035
1.57041
1.57043
1.57042
1.57039
1.57054
1.57062
1.5708
1.57083
1.57081
1.57075
1.57071
1.57076
1.57076
1.57072
1.57102
1.57117
1.57137
1.57164
1.57182
1.57194
1.57203
1.57196
1.57192
1.57195
1.57201
1.5721
1.57208
1.57223
1.5725
1.57275
1.57297
1.57317
1.57349
1.57365
1.5742
1.57487
1.57548
1.57617
1.57712
1.5778
1.57845
1.57901
1.57946
1.57989
1.58046
1.58063
1.58073
1.58065
1.58062
1.58074
1.5807
1.58083
1.58114
1.58134
1.58159
1.58191
1.58198
1.58226
1.58265
1.58297
1.58331
1.5837
1.58411
1.58443
1.58463
1.58447
1.58443
1.58442
1.58444
1.58459
1.58443
1.58441
1.58443
1.58451
1.58454
1.58453
1.58441
1.58435
1.58437
1.58426
1.58412
1.58386
1.58382
1.58397
1.58436
1.58453
1.58495
1.58527
1.58551
1.58568
1.58583
1.58602
1.58616
1.58645
1.58641
1.5864
1.58648
1.58637
1.5863
1.58631
1.58639
1.58659
1.5867
1.58669
1.58662
1.58692
1.58729
1.58743
1.58737
1.58716
1.58713
1.58697
1.58696
1.58702
1.58723
1.58733
1.58743
1.58744
1.58757
1.58763
1.58763
1.58779
1.58775
1.58776
1.58757
1.58757
1.58757
1.58768
1.58782
1.58803
1.58827
1.5884
1.58838
1.58842
1.58832
1.58819
1.58795
1.58745
1.58679
1.58615
1.58537
1.58469
1.58434
1.58407
1.58375
1.58352
1.58317
1.58264
1.58214
1.5816
1.58136
1.58115
1.5813
1.5815
1.58158
1.58173
1.58192
1.58209
1.5823
1.58235
1.58247
1.58269
1.58301
1.58291
1.58261
1.58231
1.58203
1.58177
1.5811
1.58048
1.57999
1.57964
1.57943
1.57921
1.57901
1.5792
1.57944
1.57955
1.57953
1.57924
1.5791
1.57891
1.57898
1.57908
1.57931
1.57959
1.57976
1.57977
1.57965
1.57977
1.58004
1.58018
1.58025
1.58008
1.57999
1.57972
1.57947
1.57942
1.57934
1.57924
1.579
1.57881
1.57868
1.57852
1.57842
1.57853
1.57866
1.57913
1.57937
1.57968
1.58006
1.58014
1.58015
1.58019
1.58033
1.58043
1.58051
1.58039
1.58007
1.58011
1.58007
1.57999
1.57975
1.57966
1.57977
1.57974
1.57986
1.5798
1.57995
1.58015
1.58021
1.58031
1.58082
1.5813
1.58131
1.58135
1.58133
1.5814
1.58155
1.58151
1.58154
1.58158
1.58145
1.58145
1.58112
1.58077
1.58056
1.58045
1.5805
1.58066
1.58081
1.58112
1.58129
1.58135
1.58113
1.58083
1.58068
1.58048
1.58016
1.57996
1.58006
1.57987
1.57963
1.57944
1.57903
1.5787
1.5784
1.57819
1.57818
1.57807
1.57803
1.57769
1.57731
1.57716
1.57706
1.57703
1.57684
1.57666
1.5766
1.57662
1.57675
1.57701
1.57719
1.57736
1.57756
1.5776
1.5779
1.5781
1.57829
1.5785
1.57847
1.57835
1.5785
1.57863
1.57874
1.57876
1.57869
1.5787
1.57887
1.57883
1.57878
1.5788
1.57872
1.57862
1.57865
1.57876
1.57891
1.57909
1.57933
1.57928
1.57898
1.57873
1.57839
1.57806
1.57763
1.57723
1.57686
1.57642
1.57604
1.57571
1.57524
1.57487
1.57472
1.57474
1.57501
1.57521
1.57532
1.57541
1.57565
1.5758
1.57604
1.57622
1.5763
1.57637
1.57645
1.57644
1.57641
1.57636
1.5762
1.57565
1.57508
1.57478
1.57471
1.57488
1.57498
1.57504
1.5751
1.57527
1.57532
1.5754
1.57512
1.57479
1.57421
1.57363
1.57317
1.57258
1.57206
1.57136
1.57062
1.56977
1.56879
1.56799
1.56732
1.56679
1.56647
1.5664
1.56655
1.56682
1.56711
1.56742
1.56772
1.5679
1.56805
1.5682
1.56854
1.56916
1.56969
1.56993
1.57032
1.57088
1.57134
1.57179
1.57214
1.5723
1.57244
1.57251
1.57258
1.5731
1.57357
1.57404
1.57445
1.5752
1.57585
1.57636
1.57683
1.57737
1.57821
1.57889
1.57954
1.58025
1.58101
1.58184
1.58253
1.58327
1.58401
1.58467
1.58513
1.5854
1.58572
1.58593
1.58609
1.58636
1.5865
1.58661
1.58687
1.58726
1.58754
1.5876
1.58782
1.5881
1.58837
1.58862
1.58909
1.58964
1.59025
1.59039
1.59033
1.59027
1.59005
1.58994
1.58994
1.58977
1.58958
1.5893
1.58915
1.58928
1.58931
1.58925
1.58918
1.58926
1.58972
1.58995
1.58992
1.58988
1.58992
1.58997
1.59004
1.5898
1.58945
1.58928
1.58908
1.58913
1.58913
1.58906
1.58899
1.58935
1.58974
1.59018
1.59065
1.59099
1.59125
1.59156
1.59185
1.592
1.59207
1.59206
1.59198
1.59203
1.59224
1.59237
1.59247
1.59245
1.59252
1.59245
1.59259
1.59256
1.59252
1.59252
1.59273
1.59284
1.59299
1.59324
1.59347
1.59367
1.59382
1.59385
1.59368
1.59363
1.59387
1.59405
1.59418
1.59414
1.59406
1.59389
1.5938
1.59363
1.59345
1.59325
1.59313
1.59308
1.59292
1.59278
1.59284
1.59295
1.59294
1.59307
1.59311
1.59314
1.59308
1.59317
1.59344
1.59373
1.59384
1.59407
1.5944
1.59477
1.59498
1.59533
1.59574
1.59618
1.42509
1.42569
1.42593
1.42621
1.42655
1.42692
1.42728
1.42759
1.42787
1.42815
1.42849
1.42914
1.42989
1.43066
1.43133
1.43201
1.4327
1.43341
1.43377
1.43387
1.43375
1.4337
1.43375
1.43369
1.43359
1.43337
1.43317
1.43303
1.43302
1.43292
1.43295
1.433
1.43297
1.43307
1.43329
1.43347
1.43355
1.43347
1.43341
1.43348
1.43349
1.43336
1.43321
1.43315
1.43334
1.43351
1.43382
1.43425
1.43481
1.43526
1.43586
1.43649
1.43681
1.4373
1.43791
1.43851
1.43917
1.43988
1.44052
1.44096
1.44134
1.44194
1.44251
1.44299
1.44334
1.44354
1.44368
1.44393
1.44428
1.44448
1.44461
1.44503
1.44545
1.44579
1.44611
1.44632
1.4467
1.44716
1.44773
1.44822
1.44862
1.44925
1.44962
1.4499
1.45035
1.45069
1.45109
1.45124
1.45137
1.45109
1.45068
1.45021
1.45003
1.44989
1.45
1.45038
1.45066
1.45083
1.45088
1.45093
1.45078
1.4506
1.45016
1.45002
1.45007
1.44994
1.44975
1.44952
1.44938
1.44956
1.4497
1.4498
1.45005
1.45034
1.45056
1.45072
1.45087
1.45093
1.45097
1.45116
1.45075
1.45018
1.4495
1.44919
1.44899
1.44895
1.44906
1.44927
1.44958
1.44985
1.45015
1.4504
1.45055
1.45064
1.45107
1.45135
1.45153
1.45161
1.4518
1.4521
1.4524
1.45266
1.45274
1.45281
1.45287
1.45321
1.45363
1.45403
1.45426
1.45439
1.45454
1.45478
1.45489
1.45504
1.455
1.45501
1.45507
1.45528
1.4554
1.4556
1.45572
1.45596
1.45611
1.45633
1.45663
1.45694
1.45725
1.45735
1.45726
1.45694
1.45656
1.45633
1.45621
1.45612
1.45583
1.45561
1.45536
1.45524
1.45503
1.45488
1.45464
1.45442
1.45438
1.45429
1.45412
1.4539
1.45361
1.45349
1.45342
1.45328
1.45324
1.45319
1.45336
1.45344
1.45348
1.45342
1.45349
1.45346
1.45345
1.45358
1.4537
1.45385
1.45389
1.45396
1.45396
1.45394
1.45374
1.45334
1.4532
1.45295
1.45268
1.45226
1.45188
1.45175
1.45175
1.4515
1.45124
1.45096
1.45064
1.4504
1.45029
1.45022
1.45013
1.44995
1.44979
1.44964
1.4495
1.44935
1.44883
1.44858
1.44837
1.44811
1.44817
1.44802
1.448
1.44789
1.4478
1.44778
1.44778
1.44781
1.44795
1.44809
1.44789
1.44777
1.44757
1.44753
1.44737
1.4475
1.44744
1.44743
1.4475
1.44757
1.44772
1.44783
1.44753
1.44726
1.44727
1.44708
1.44692
1.44684
1.44678
1.44695
1.4472
1.44735
1.44756
1.44763
1.44756
1.44728
1.44711
1.44693
1.44669
1.44655
1.44659
1.44647
1.44631
1.44611
1.446
1.44599
1.446
1.44606
1.44607
1.44605
1.44604
1.44617
1.44623
1.44613
1.44602
1.446
1.44595
1.44579
1.44556
1.44536
1.44537
1.44548
1.44564
1.44549
1.44546
1.44553
1.44571
1.4458
1.44608
1.44634
1.44664
1.44688
1.44699
1.44691
1.4468
1.44681
1.44674
1.44645
1.44589
1.44541
1.4451
1.44497
1.44476
1.44468
1.44447
1.44436
1.44425
1.44412
1.44389
1.4437
1.44367
1.44342
1.44325
1.44308
1.44303
1.44289
1.44284
1.44281
1.44286
1.44301
1.44318
1.44339
1.44359
1.44377
1.44397
1.44403
1.44398
1.4439
1.44383
1.44378
1.44388
1.44444
1.44488
1.44525
1.44545
1.44576
1.44606
1.44629
1.44646
1.44671
1.44696
1.44744
1.44794
1.44799
1.44796
1.44804
1.44836
1.44884
1.44934
1.44966
1.44981
1.45005
1.45017
1.45044
1.45061
1.45094
1.45135
1.45192
1.45223
1.45255
1.45279
1.45299
1.45326
1.45364
1.45391
1.45408
1.45426
1.45447
1.45485
1.45527
1.45582
1.45623
1.45631
1.45629
1.45641
1.45674
1.45706
1.45739
1.45787
1.45809
1.45809
1.45822
1.45825
1.45801
1.45772
1.45751
1.45761
1.45738
1.45713
1.45703
1.45682
1.45663
1.4562
1.45596
1.45601
1.45629
1.45645
1.45663
1.45693
1.457
1.45688
1.45701
1.45701
1.45729
1.45764
1.45793
1.45829
1.45871
1.45904
1.45937
1.45969
1.45982
1.46002
1.45992
1.4597
1.45947
1.45946
1.45956
1.4594
1.45925
1.45887
1.45853
1.45838
1.45821
1.45813
1.45823
1.45833
1.45842
1.45842
1.45831
1.45836
1.45826
1.45817
1.45831
1.45846
1.45841
1.45847
1.4587
1.45884
1.45907
1.45913
1.45916
1.45918
1.45907
1.45894
1.45873
1.45848
1.45832
1.45808
1.45765
1.45722
1.45705
1.45671
1.45634
1.45596
1.45584
1.45565
1.45545
1.45556
1.45573
1.45594
1.45615
1.45642
1.45673
1.45694
1.45709
1.45717
1.45765
1.45802
1.4581
1.45823
1.45828
1.4581
1.45785
1.45762
1.45733
1.45688
1.4566
1.45627
1.45577
1.45515
1.4547
1.45418
1.45375
1.45341
1.45314
1.45296
1.4528
1.45269
1.45263
1.45255
1.45258
1.45245
1.45229
1.45213
1.45202
1.45181
1.45134
1.45135
1.45151
1.45166
1.45175
1.45175
1.45172
1.45178
1.45213
1.45233
1.45212
1.45204
1.45208
1.45244
1.45278
1.45308
1.45307
1.45305
1.45298
1.45292
1.45283
1.45276
1.45299
1.45305
1.45328
1.45343
1.45332
1.45279
1.45238
1.452
1.45183
1.45201
1.45216
1.4526
1.45299
1.45317
1.45324
1.45358
1.45391
1.45421
1.45466
1.45484
1.45474
1.45473
1.45476
1.45528
1.45591
1.45642
1.45664
1.45678
1.45698
1.45732
1.45755
1.45753
1.45752
1.45743
1.45753
1.4579
1.45835
1.45879
1.45904
1.45889
1.45903
1.45949
1.45995
1.46053
1.46126
1.46216
1.46318
1.46399
1.46468
1.46544
1.46611
1.46665
1.46701
1.4673
1.46762
1.46813
1.46853
1.46874
1.46892
1.4693
1.46959
1.46988
1.47018
1.47044
1.47046
1.4708
1.47117
1.47144
1.47167
1.47197
1.47255
1.47289
1.47308
1.47304
1.47305
1.47272
1.47237
1.47241
1.47257
1.47275
1.47269
1.47262
1.47222
1.47168
1.47109
1.47061
1.47032
1.47
1.46959
1.4693
1.46889
1.46868
1.46843
1.46821
1.46804
1.46815
1.46845
1.46863
1.46889
1.46909
1.46911
1.46897
1.46864
1.46831
1.46809
1.46797
1.46829
1.46857
1.46896
1.46935
1.46961
1.46994
1.4701
1.47033
1.47069
1.471
1.47144
1.47172
1.47234
1.47305
1.4738
1.47456
1.47523
1.47569
1.47572
1.47559
1.47545
1.47559
1.47578
1.47613
1.47657
1.47712
1.4776
1.47794
1.47811
1.47818
1.47829
1.47824
1.47853
1.47883
1.47911
1.47948
1.47954
1.4796
1.47952
1.47912
1.47872
1.4783
1.47828
1.47846
1.47856
1.47871
1.47892
1.479
1.47893
1.47882
1.47859
1.47849
1.47837
1.47824
1.47826
1.47836
1.47838
1.47846
1.47856
1.47878
1.47909
1.47904
1.47904
1.4789
1.47861
1.47818
1.47793
1.47774
1.47749
1.47726
1.47697
1.47682
1.47648
1.47629
1.47615
1.47601
1.47585
1.4757
1.4761
1.47649
1.47672
1.47683
1.47699
1.47718
1.47754
1.47787
1.47803
1.47833
1.47851
1.47852
1.47849
1.47844
1.47835
1.47821
1.47803
1.4777
1.47748
1.4773
1.4772
1.47695
1.47692
1.47709
1.47726
1.47704
1.47697
1.4769
1.47697
1.47706
1.47733
1.4776
1.47762
1.47746
1.47738
1.47737
1.47726
1.47719
1.47731
1.47735
1.47715
1.47708
1.47702
1.47698
1.47695
1.47696
1.47707
1.47689
1.47678
1.47658
1.47626
1.47606
1.47586
1.47571
1.4756
1.47556
1.47542
1.47538
1.47531
1.47526
1.47523
1.47517
1.47506
1.47506
1.47503
1.47506
1.47497
1.47493
1.47488
1.47488
1.47491
1.47499
1.47513
1.47526
1.47544
1.47557
1.47576
1.47592
1.47592
1.47595
1.47598
1.47589
1.47583
1.47576
1.47567
1.47564
1.4756
1.47555
1.47549
1.47533
1.47526
1.47513
1.47498
1.47483
1.4748
1.47477
1.47481
1.47501
1.47528
1.47552
1.47557
1.47568
1.4758
1.47581
1.47601
1.47608
1.47609
1.4761
1.47627
1.47645
1.47654
1.4766
1.47662
1.47663
1.47661
1.47643
1.47631
1.47621
1.47623
1.47646
1.4766
1.47651
1.47653
1.47644
1.47648
1.4766
1.47632
1.4763
1.47629
1.47624
1.47617
1.47614
1.47603
1.47598
1.47602
1.47623
1.47649
1.47664
1.47658
1.47664
1.47688
1.47708
1.47748
1.47791
1.47841
1.47893
1.47927
1.47956
1.47989
1.48025
1.48057
1.48097
1.48114
1.4811
1.48101
1.48043
1.48013
1.48008
1.48014
1.4801
1.47997
1.47993
1.47993
1.48028
1.48077
1.48116
1.48157
1.48187
1.48199
1.48214
1.48235
1.48236
1.48236
1.48228
1.48232
1.48227
1.48216
1.48225
1.48253
1.48279
1.48305
1.4832
1.48312
1.48325
1.48355
1.48372
1.4836
1.48338
1.48319
1.4832
1.48323
1.4834
1.4837
1.48374
1.48399
1.48427
1.48455
1.48495
1.48513
1.48521
1.48528
1.48529
1.48538
1.48535
1.48529
1.48535
1.48536
1.48524
1.48505
1.4848
1.48461
1.48455
1.48442
1.48425
1.48426
1.4841
1.48387
1.48405
1.48432
1.48467
1.48515
1.48557
1.48591
1.48607
1.48607
1.48604
1.48609
1.48609
1.48602
1.48593
1.4859
1.48591
1.48564
1.48576
1.48586
1.48581
1.48573
1.48581
1.48588
1.48587
1.48578
1.48563
1.48545
1.48534
1.4852
1.48496
1.48462
1.4845
1.48452
1.48455
1.48454
1.48445
1.48431
1.48456
1.485
1.48506
1.48526
1.48554
1.48607
1.48678
1.48719
1.48777
1.48854
1.48919
1.48977
1.49012
1.49069
1.49126
1.49149
1.49182
1.49216
1.49253
1.49253
1.49261
1.49255
1.49263
1.49276
1.49288
1.49266
1.49263
1.49254
1.49255
1.49242
1.49269
1.49306
1.49343
1.38898
1.38924
1.38941
1.38955
1.39011
1.39016
1.3904
1.39057
1.3907
1.39045
1.39012
1.38992
1.38968
1.38945
1.3893
1.3894
1.38947
1.38955
1.38967
1.38972
1.38959
1.38955
1.3896
1.38943
1.38944
1.38982
1.39034
1.3907
1.39092
1.39087
1.39045
1.38985
1.38936
1.38884
1.3886
1.3884
1.38842
1.38878
1.38928
1.3896
1.38959
1.38977
1.39
1.38983
1.38967
1.38954
1.38918
1.3889
1.38895
1.38894
1.38885
1.38878
1.38881
1.38893
1.38885
1.38888
1.38882
1.38864
1.38892
1.38903
1.38903
1.38911
1.38901
1.38884
1.38864
1.38855
1.38856
1.38828
1.38811
1.38803
1.38792
1.38777
1.38781
1.38787
1.38808
1.38837
1.38846
1.3881
1.38762
1.38728
1.38689
1.38646
1.38594
1.3854
1.38534
1.38501
1.38481
1.38451
1.38428
1.38419
1.3841
1.38385
1.38371
1.38345
1.38317
1.38287
1.38237
1.38196
1.38145
1.38122
1.38091
1.38057
1.38014
1.37982
1.37964
1.37979
1.37986
1.37992
1.38004
1.38035
1.38056
1.38069
1.38115
1.3814
1.38151
1.38171
1.38205
1.38252
1.38312
1.38372
1.38458
1.38501
1.38544
1.38591
1.38625
1.38645
1.38662
1.38676
1.38695
1.38694
1.38702
1.38691
1.38687
1.38682
1.38644
1.38602
1.38558
1.38553
1.38554
1.38577
1.38625
1.38666
1.38708
1.38732
1.38743
1.38728
1.38729
1.38719
1.38749
1.38806
1.38858
1.38891
1.38918
1.38923
1.38922
1.38921
1.38919
1.38905
1.38873
1.38843
1.38829
1.38815
1.38787
1.38745
1.38717
1.38686
1.38643
1.38626
1.386
1.3859
1.38592
1.38597
1.38594
1.38608
1.38599
1.38611
1.38608
1.38573
1.38554
1.38558
1.3857
1.38569
1.38577
1.3859
1.38605
1.38618
1.38633
1.38658
1.38664
1.38677
1.38691
1.38692
1.38688
1.38715
1.38723
1.38727
1.38728
1.38723
1.3872
1.38725
1.38732
1.38737
1.38732
1.38749
1.38764
1.38765
1.38768
1.38776
1.38774
1.38776
1.38781
1.38778
1.38793
1.38796
1.38795
1.38798
1.38806
1.38776
1.3874
1.38704
1.38718
1.38743
1.38757
1.38784
1.38817
1.38855
1.38883
1.38901
1.38914
1.38956
1.38969
1.39027
1.39081
1.39147
1.39194
1.39245
1.39283
1.39316
1.39331
1.3933
1.3934
1.39374
1.39379
1.39373
1.39363
1.3936
1.39378
1.39398
1.39407
1.39425
1.39437
1.39445
1.39457
1.39478
1.39502
1.39556
1.3958
1.39623
1.39656
1.39682
1.39698
1.39711
1.39723
1.39738
1.39783
1.39822
1.39855
1.39879
1.39891
1.39892
1.39917
1.39955
1.3998
1.40007
1.40015
1.40042
1.40067
1.40083
1.40118
1.40146
1.40198
1.40238
1.40266
1.40285
1.40333
1.40395
1.40434
1.40457
1.40482
1.40481
1.40484
1.40503
1.40488
1.40472
1.40464
1.40429
1.40386
1.40354
1.40326
1.40327
1.40338
1.4034
1.40324
1.40307
1.403
1.40284
1.40284
1.40305
1.40342
1.40357
1.40387
1.40403
1.40446
1.40488
1.40524
1.4055
1.40577
1.40615
1.40629
1.40655
1.40686
1.40728
1.40775
1.40821
1.40873
1.40926
1.40999
1.41034
1.41081
1.41131
1.41163
1.41174
1.41191
1.41214
1.41255
1.41323
1.41394
1.41435
1.41475
1.41527
1.41596
1.41654
1.41724
1.4181
1.41878
1.4192
1.41947
1.41986
1.42018
1.42064
1.421
1.42135
1.42157
1.42151
1.42131
1.42121
1.42118
1.42125
1.42136
1.42154
1.42174
1.42198
1.4222
1.42239
1.42253
1.42259
1.42262
1.42266
1.4227
1.42278
1.42268
1.42264
1.42292
1.42318
1.4235
1.42378
1.42425
1.4249
1.42562
1.42635
1.42696
1.42742
1.42765
1.42798
1.4283
1.42854
1.42875
1.4289
1.42906
1.42918
1.42938
1.42965
1.43003
1.43056
1.43111
1.43159
1.43202
1.43233
1.43255
1.43282
1.43307
1.43342
1.43392
1.4343
1.43467
1.43511
1.43555
1.43597
1.43632
1.43653
1.4368
1.43694
1.43715
1.43727
1.43712
1.43711
1.43717
1.43735
1.43735
1.43749
1.43782
1.43784
1.43798
1.43812
1.43821
1.43816
1.43826
1.43863
1.43889
1.43924
1.43948
1.43966
1.4398
1.43996
1.44026
1.44037
1.44013
1.43982
1.43956
1.43923
1.43908
1.43902
1.43905
1.43926
1.43917
1.4393
1.43961
1.44015
1.44034
1.4405
1.44067
1.4409
1.4413
1.44183
1.44243
1.44292
1.44328
1.44344
1.44349
1.4435
1.44345
1.44337
1.44334
1.44345
1.44346
1.44355
1.4438
1.44412
1.44436
1.44453
1.44458
1.44434
1.44399
1.44383
1.44352
1.44344
1.44346
1.44335
1.44316
1.44269
1.44266
1.44281
1.44294
1.4432
1.44295
1.44273
1.44262
1.4425
1.44258
1.44257
1.44235
1.442
1.44171
1.44176
1.44184
1.44172
1.44175
1.4419
1.44189
1.44194
1.44181
1.44167
1.4414
1.44138
1.44121
1.44095
1.44038
1.44006
1.43981
1.43971
1.43969
1.4396
1.43963
1.43962
1.43945
1.43938
1.43939
1.43948
1.43968
1.44012
1.44064
1.44113
1.44142
1.44149
1.44158
1.44156
1.44165
1.44173
1.44164
1.44154
1.44159
1.44152
1.44156
1.44144
1.44131
1.44102
1.4407
1.4404
1.44025
1.44024
1.44018
1.44024
1.44037
1.44044
1.44069
1.44103
1.44129
1.44152
1.44184
1.44233
1.44247
1.44275
1.44309
1.4438
1.44439
1.44499
1.44555
1.44615
1.44692
1.44755
1.44766
1.44781
1.44816
1.44866
1.4494
1.44955
1.44952
1.44929
1.44883
1.4485
1.44835
1.4484
1.44868
1.44897
1.44947
1.44984
1.45017
1.4505
1.4507
1.45075
1.45115
1.45118
1.45106
1.45102
1.45071
1.45041
1.45022
1.45027
1.45024
1.45025
1.45036
1.45046
1.45048
1.45066
1.45081
1.45104
1.45143
1.45164
1.452
1.45235
1.45272
1.45304
1.45324
1.45362
1.45387
1.45423
1.4547
1.45494
1.45507
1.45534
1.45531
1.4553
1.45527
1.45526
1.45519
1.45489
1.45448
1.45408
1.45378
1.45357
1.4535
1.45349
1.45355
1.4535
1.45345
1.45336
1.45327
1.45311
1.45301
1.4527
1.45251
1.45236
1.45229
1.45233
1.45239
1.45245
1.45268
1.45279
1.45298
1.45317
1.45358
1.45395
1.45421
1.45453
1.45487
1.45524
1.45553
1.4557
1.45564
1.45548
1.4554
1.45535
1.4553
1.45533
1.4554
1.45555
1.45561
1.45553
1.45545
1.45528
1.45521
1.45509
1.45511
1.45503
1.45497
1.45511
1.45544
1.45574
1.45574
1.45576
1.45588
1.45608
1.45599
1.45582
1.45565
1.4554
1.45531
1.45524
1.45518
1.45526
1.45512
1.45521
1.45536
1.45548
1.45554
1.45552
1.45559
1.45565
1.45586
1.45593
1.45599
1.45585
1.45554
1.45534
1.45527
1.45538
1.45519
1.45496
1.45476
1.45467
1.45426
1.45402
1.45374
1.4533
1.45274
1.45233
1.45195
1.45182
1.452
1.45212
1.45236
1.45241
1.45234
1.45255
1.45268
1.45272
1.45274
1.45299
1.45298
1.45315
1.45321
1.45323
1.45349
1.45381
1.4539
1.45426
1.45454
1.45467
1.45462
1.45445
1.45428
1.45428
1.45438
1.45466
1.4549
1.45535
1.45587
1.45623
1.45644
1.45685
1.45698
1.45677
1.45649
1.45638
1.45655
1.45666
1.45669
1.45687
1.45692
1.45718
1.45764
1.45804
1.45826
1.45829
1.45855
1.45872
1.45866
1.45864
1.45859
1.45891
1.45931
1.45985
1.46038
1.46088
1.46161
1.46218
1.46293
1.46345
1.4637
1.46409
1.46452
1.46505
1.46565
1.46622
1.46693
1.46731
1.46749
1.46763
1.46799
1.46836
1.46869
1.46888
1.46907
1.46937
1.46968
1.47012
1.47065
1.47114
1.47151
1.47198
1.47241
1.47261
1.47263
1.4726
1.47268
1.47297
1.47297
1.47326
1.47352
1.47377
1.47404
1.47426
1.47459
1.4749
1.47514
1.4756
1.47621
1.47668
1.4772
1.47775
1.47819
1.47875
1.47921
1.47962
1.48009
1.48057
1.48111
1.48182
1.48256
1.4832
1.48366
1.48413
1.48502
1.48585
1.48652
1.4871
1.48771
1.4883
1.48884
1.48935
1.49008
1.49052
1.491
1.49165
1.4925
1.49327
1.49383
1.49463
1.49557
1.49638
1.49692
1.49744
1.49806
1.49863
1.49898
1.4992
1.49964
1.49995
1.50017
1.50008
1.50031
1.50041
1.5008
1.50109
1.5013
1.50154
1.50201
1.50248
1.50281
1.50319
1.50365
1.50402
1.50458
1.50518
1.50566
1.50616
1.5064
1.50652
1.50651
1.50661
1.50667
1.50683
1.50706
1.50751
1.50793
1.50847
1.50894
1.50911
1.50909
1.50914
1.50917
1.50922
1.50925
1.50918
1.50912
1.50918
1.50917
1.50933
1.50952
1.50968
1.50982
1.50988
1.51013
1.51052
1.5108
1.51092
1.51099
1.51098
1.51129
1.51169
1.51213
1.5125
1.5128
1.51317
1.51348
1.51396
1.51461
1.51533
1.5161
1.51679
1.51739
1.51777
1.51813
1.51856
1.51888
1.5194
1.51956
1.51983
1.52008
1.52013
1.52033
1.52045
1.52053
1.52068
1.52084
1.52098
1.52119
1.52154
1.52175
1.52181
1.52202
1.5223
1.52224
1.5225
1.52274
1.52312
1.52365
1.52403
1.52463
1.52513
1.52565
1.52619
1.5267
1.52706
1.52722
1.52735
1.52753
1.52742
1.52742
1.52761
1.52786
1.52801
1.52805
1.52807
1.52827
1.52847
1.52841
1.52842
1.52835
1.52802
1.52758
1.52702
1.52644
1.52597
1.52565
1.52549
1.5257
1.52594
1.52615
1.52647
1.52654
1.52657
1.52644
1.52613
1.52577
1.52559
1.52524
1.52524
1.52521
1.52544
1.5257
1.52589
1.52595
1.52592
1.52584
1.5257
1.52571
1.52585
1.52616
1.52632
1.52643
1.52657
1.52662
1.52661
1.5266
1.52679
1.52706
1.52744
1.52792
1.52818
1.52833
