1.2
1.20003
1.20003
1.20003
1.20003
1.20003
1.20003
1.20003
1.20003
1.20003
1.20003
1.20003
1.20003
1.20003
1.20003
1.20003
1.20003
1.20004
1.20005
1.20005
1.20007
1.20009
1.20009
1.20012
1.20014
1.20017
1.20019
1.20022
1.20023
1.20025
1.20028
1.20032
1.20035
1.20038
1.20042
1.20046
1.2005
1.20055
1.2006
1.20066
1.20074
1.20082
1.2009
1.201
1.20112
1.20127
1.20142
1.20157
1.20173
1.20194
1.20217
1.20243
1.2027
1.20298
1.20328
1.20364
1.20404
1.20448
1.20495
1.20548
1.20606
1.20665
1.20725
1.20788
1.20853
1.2092
1.20989
1.21062
1.21142
1.21218
1.21292
1.21365
1.21439
1.21509
1.2156
1.21602
1.21623
1.21618
1.21576
1.21501
1.21387
1.21232
1.21035
1.20809
1.20577
1.20368
1.20222
1.20165
1.20228
1.20402
1.20677
1.2103
1.21428
1.21836
1.22217
1.2256
1.22841
1.23053
1.23193
1.23238
1.23187
1.23033
1.2277
1.22416
1.21984
1.21505
1.21067
1.20747
1.20603
1.2068
1.20982
1.21471
1.22091
1.22758
1.23413
1.23999
1.24482
1.24851
1.25101
1.25236
1.25297
1.25287
1.25223
1.25128
1.25062
1.25035
1.25076
1.25199
1.25402
1.2567
1.25967
1.26285
1.26583
1.26875
1.27142
1.27352
1.27524
1.27632
1.27702
1.27712
1.27668
1.27566
1.27427
1.27262
1.27091
1.26955
1.2691
1.26936
1.27064
1.27255
1.2749
1.27747
1.27985
1.28177
1.28327
1.28419
1.28441
1.28417
1.28346
1.2824
1.28102
1.27989
1.27895
1.27823
1.27748
1.27682
1.27618
1.27548
1.27498
1.27458
1.27471
1.27531
1.27645
1.27793
1.27971
1.28158
1.28339
1.28533
1.28727
1.28898
1.29074
1.29228
1.29378
1.29518
1.29661
1.29799
1.2994
1.30076
1.30202
1.30332
1.30447
1.30542
1.30608
1.30659
1.30628
1.30546
1.30398
1.30177
1.29867
1.29454
1.28948
1.28366
1.27742
1.27146
1.26635
1.26269
1.26105
1.26151
1.26348
1.26636
1.26939
1.27204
1.27392
1.275
1.27559
1.27585
1.27592
1.27618
1.27657
1.27731
1.27821
1.27909
1.27992
1.28047
1.28081
1.28109
1.28131
1.28134
1.28131
1.28111
1.2807
1.28022
1.27963
1.27912
1.27864
1.278
1.27722
1.27641
1.27557
1.27476
1.2739
1.27308
1.27247
1.2721
1.27198
1.27215
1.27268
1.27345
1.27439
1.27533
1.27626
1.27714
1.27794
1.27864
1.27934
1.27998
1.28053
1.28097
1.28132
1.28162
1.28174
1.2817
1.28161
1.28142
1.28104
1.28056
1.27999
1.27922
1.27826
1.27723
1.27621
1.27531
1.27463
1.27413
1.27402
1.27417
1.27446
1.2749
1.27558
1.27646
1.27729
1.27803
1.27879
1.27958
1.28041
1.28125
1.28212
1.28302
1.28378
1.28458
1.28551
1.28645
1.28767
1.28894
1.2903
1.29182
1.29319
1.29442
1.29553
1.29636
1.29701
1.29753
1.29763
1.29736
1.29668
1.29558
1.29395
1.29181
1.289
1.28588
1.28269
1.27968
1.27731
1.27588
1.2755
1.27624
1.27804
1.28072
1.28407
1.28775
1.29144
1.29502
1.29843
1.30164
1.30453
1.30702
1.309
1.31053
1.31167
1.31247
1.31295
1.31299
1.31269
1.31226
1.31163
1.31075
1.30948
1.30803
1.30639
1.30473
1.30301
1.30124
1.29948
1.29805
1.2968
1.29612
1.29585
1.29588
1.29625
1.29649
1.29666
1.29626
1.29498
1.2927
1.28924
1.28534
1.28184
1.27998
1.28051
1.2835
1.28836
1.29399
1.29892
1.30256
1.30473
1.30573
1.30578
1.30514
1.30452
1.30438
1.30506
1.30652
1.30879
1.31164
1.31464
1.31753
1.32018
1.32222
1.32377
1.32487
1.3257
1.32638
1.32686
1.32746
1.32819
1.32895
1.3298
1.33066
1.3313
1.33187
1.33249
1.33286
1.33314
1.3333
1.33329
1.33329
1.3333
1.3332
1.33284
1.33258
1.33223
1.33193
1.33206
1.3325
1.3333
1.33442
1.33545
1.3366
1.33797
1.33953
1.34081
1.34173
1.34235
1.3427
1.34281
1.34253
1.34203
1.34159
1.34099
1.34055
1.34045
1.34046
1.34056
1.34107
1.34203
1.34286
1.34377
1.34452
1.34483
1.34486
1.34438
1.34335
1.342
1.34041
1.33869
1.33704
1.33606
1.33579
1.33641
1.3377
1.33968
1.34211
1.34477
1.34739
1.34978
1.35168
1.35325
1.35436
1.35518
1.35571
1.35621
1.35631
1.35622
1.35577
1.35495
1.3535
1.35177
1.35012
1.34859
1.34752
1.34688
1.34676
1.34686
1.34684
1.34675
1.34674
1.34689
1.3472
1.34836
1.35057
1.35348
1.35672
1.36011
1.36308
1.3648
1.36512
1.36367
1.36045
1.35608
1.35149
1.34801
1.34677
1.34803
1.35088
1.35385
1.35582
1.35672
1.3564
1.3553
1.35394
1.35309
1.35324
1.35414
1.3555
1.35713
1.35872
1.36012
1.36128
1.36211
1.36269
1.36269
1.36244
1.36196
1.3612
1.35991
1.35877
1.35786
1.35713
1.35646
1.35578
1.35532
1.35464
1.35408
1.35325
1.35228
1.35138
1.35071
1.35065
1.35117
1.35251
1.3544
1.35639
1.35828
1.35971
1.36048
1.36064
1.36033
1.35986
1.35936
1.35901
1.35889
1.35877
1.35891
1.35929
1.3595
1.35958
1.35945
1.3588
1.35789
1.35661
1.35508
1.35358
1.3522
1.35101
1.35025
1.35
1.35039
1.3513
1.35269
1.35446
1.35665
1.35896
1.36136
1.36371
1.36583
1.36761
1.3692
1.3704
1.37139
1.3721
1.37224
1.37218
1.37178
1.37087
1.3696
1.36719
1.36368
1.35949
1.35431
1.34843
1.3419
1.33494
1.32776
1.32085
1.31494
1.31035
1.30736
1.30609
1.30636
1.30764
1.3098
1.31228
1.31443
1.31663
1.31862
1.32019
1.32164
1.32302
1.32439
1.32582
1.32752
1.32936
1.33164
1.33419
1.33718
1.34014
1.34308
1.34591
1.34824
1.35024
1.35183
1.35284
1.35343
1.35375
1.35333
1.3524
1.35105
1.34956
1.34819
1.34659
1.34469
1.34258
1.3402
1.3376
1.33473
1.33154
1.32832
1.32512
1.3221
1.31943
1.3174
1.31606
1.31537
1.31536
1.31593
1.31693
1.31811
1.31953
1.32122
1.32327
1.32559
1.32808
1.33076
1.33331
1.33577
1.33803
1.34004
1.3418
1.34328
1.34438
1.34499
1.34531
1.3456
1.34571
1.34544
1.34451
1.34283
1.34071
1.33784
1.33425
1.32994
1.32516
1.32006
1.31508
1.31082
1.30781
1.30635
1.30641
1.30819
1.31169
1.31605
1.32097
1.32599
1.33037
1.33386
1.33633
1.33744
1.3377
1.33744
1.33714
1.33731
1.33809
1.33916
1.34043
1.34139
1.34184
1.34167
1.34108
1.34058
1.3404
1.34045
1.34091
1.34169
1.34267
1.34341
1.34402
1.34445
1.34459
1.34463
1.34458
1.34437
1.34359
1.3421
1.33956
1.33594
1.33105
1.3255
1.32008
1.31611
1.31436
1.31525
1.31849
1.32303
1.3277
1.33201
1.3357
1.33881
1.34135
1.34346
1.34518
1.34657
1.34767
1.34851
1.34893
1.34896
1.34852
1.34784
1.34697
1.34588
1.34455
1.34297
1.34123
1.33947
1.33809
1.33741
1.33783
1.33932
1.34168
1.34458
1.34764
1.3506
1.3531
1.35445
1.35481
1.35407
1.35225
1.34976
1.34703
1.34478
1.3437
1.34352
1.34363
1.34307
1.34075
1.33601
1.32838
1.31786
1.30588
1.295
1.28838
1.28762
1.29168
1.29832
1.30517
1.31121
1.31598
1.31978
1.32281
1.32493
1.32652
1.32748
1.32793
1.32803
1.32839
1.3292
1.33079
1.33319
1.33609
1.33923
1.34235
1.34523
1.34748
1.34925
1.35053
1.35141
1.3518
1.35186
1.35147
1.35079
1.34975
1.34823
1.34643
1.34442
1.34217
1.33976
1.33758
1.33568
1.33409
1.33293
1.33234
1.3323
1.33263
1.3333
1.33442
1.33579
1.33734
1.33897
1.3405
1.34207
1.34347
1.3445
1.34502
1.34514
1.3449
1.34439
1.34355
1.34254
1.34169
1.34093
1.34066
1.34081
1.34152
1.3427
1.34426
1.34611
1.34826
1.35055
1.3529
1.3551
1.35707
1.35845
1.35953
1.3602
1.36054
1.36054
1.36023
1.35974
1.35907
1.35865
1.35822
1.35798
1.35777
1.35772
1.35762
1.3577
1.35792
1.35806
1.35815
1.3581
1.3578
1.3573
1.35677
1.35631
1.35599
1.35584
1.35609
1.35633
1.35671
1.35705
1.35689
1.35625
1.35494
1.35277
1.35015
1.34779
1.34655
1.34691
1.34897
1.352
1.35533
1.35815
1.36008
1.36085
1.36041
1.35902
1.35711
1.35505
1.35274
1.35043
1.34838
1.34663
1.34515
1.34392
1.34305
1.34283
1.34335
1.34463
1.34649
1.34887
1.35151
1.35449
1.35739
1.35987
1.36178
1.36327
1.36432
1.36493
1.36516
1.36513
1.36473
1.36411
1.36331
1.36228
1.36102
1.35946
1.35778
1.35592
1.35373
1.35119
1.34841
1.34542
1.34209
1.3384
1.33462
1.33107
1.32815
1.32612
1.32513
1.32533
1.32664
1.32879
1.33142
1.33419
1.33678
1.33903
1.34084
1.3421
1.34275
1.34281
1.34242
1.34167
1.34052
1.33924
1.33784
1.3363
1.33486
1.33327
1.33195
1.33082
1.3298
1.3288
1.32813
1.32777
1.32779
1.32826
1.32911
1.33041
1.33185
1.33324
1.33467
1.33587
1.3369
1.33789
1.33872
1.33962
1.34076
1.34199
1.34315
1.34411
1.34443
1.34411
1.34305
1.34141
1.33923
1.33632
1.33303
1.32976
1.32671
1.32438
1.32313
1.32313
1.32416
1.32595
1.32807
1.33002
1.33147
1.33252
1.33321
1.33401
1.33506
1.33621
1.33774
1.33955
1.34149
1.34325
1.34469
1.34554
1.34598
1.34591
1.34525
1.34445
1.34363
1.34289
1.34201
1.34112
1.34004
1.33857
1.33696
1.33514
1.33342
1.33202
1.33103
1.3309
1.33149
1.33291
1.33472
1.33647
1.33783
1.3383
1.33761
1.33591
1.2
1.19783
1.19525
1.19289
1.19112
1.19038
1.19053
1.19122
1.19202
1.19268
1.193
1.19282
1.19257
1.19228
1.19223
1.19233
1.1927
1.19335
1.19414
1.19509
1.19621
1.19755
1.19886
1.20035
1.20188
1.20349
1.20515
1.2068
1.20854
1.21013
1.21151
1.21278
1.21386
1.215
1.21633
1.2176
1.21882
1.22006
1.22102
1.22186
1.22239
1.22227
1.22156
1.22023
1.21825
1.21543
1.21252
1.20968
1.20766
1.20692
1.20788
1.21011
1.21317
1.21663
1.21973
1.22223
1.22388
1.22441
1.22405
1.22294
1.22116
1.21895
1.2166
1.21431
1.21215
1.21055
1.20951
1.20891
1.20836
1.20742
1.20606
1.20401
1.20127
1.19788
1.19442
1.19157
1.19015
1.19093
1.19433
1.20009
1.20757
1.21603
1.2243
1.23202
1.23879
1.24448
1.24933
1.25343
1.25666
1.25938
1.26157
1.26333
1.26435
1.26493
1.26487
1.26404
1.26253
1.26027
1.25696
1.25216
1.24583
1.238
1.22888
1.21909
1.20947
1.20114
1.19537
1.19278
1.19338
1.19631
1.20026
1.2038
1.20611
1.20695
1.20649
1.20553
1.20491
1.20514
1.20668
1.20971
1.21391
1.21894
1.22442
1.23006
1.23527
1.23992
1.24394
1.24732
1.25016
1.25224
1.25386
1.25511
1.25597
1.25685
1.25739
1.25786
1.25827
1.25867
1.25864
1.25836
1.25781
1.25707
1.25627
1.25522
1.25409
1.25292
1.25162
1.25019
1.24834
1.24653
1.24493
1.24319
1.24136
1.23946
1.23763
1.23572
1.23366
1.23174
1.23
1.22855
1.22759
1.22707
1.22713
1.22796
1.22942
1.23145
1.23375
1.23616
1.23854
1.24048
1.24222
1.24377
1.24507
1.2461
1.24682
1.24727
1.24748
1.2476
1.24754
1.24726
1.24685
1.2463
1.24578
1.24526
1.24462
1.24404
1.24339
1.24269
1.24203
1.24152
1.24114
1.24108
1.24129
1.24167
1.24239
1.2434
1.24452
1.2459
1.2473
1.24866
1.24989
1.25082
1.25137
1.25155
1.25133
1.25077
1.24991
1.24887
1.24803
1.24766
1.24783
1.24883
1.25061
1.25285
1.25529
1.25781
1.25991
1.26127
1.2618
1.26129
1.25991
1.25757
1.25443
1.25039
1.24591
1.24114
1.23652
1.23282
1.23057
1.23014
1.23191
1.23561
1.24077
1.24677
1.25294
1.25879
1.26416
1.26895
1.27304
1.27635
1.27913
1.28151
1.28316
1.28422
1.28506
1.28533
1.28505
1.28432
1.2829
1.28098
1.27849
1.27576
1.27301
1.27078
1.26934
1.26872
1.26861
1.26868
1.26827
1.26733
1.26581
1.26414
1.26288
1.26242
1.26274
1.2633
1.26353
1.26342
1.26325
1.26368
1.26462
1.26648
1.26865
1.27112
1.27342
1.2756
1.27725
1.27866
1.27962
1.28052
1.28144
1.28206
1.28269
1.28287
1.28303
1.28289
1.28236
1.28155
1.28018
1.2784
1.27631
1.27426
1.27233
1.27074
1.26966
1.26886
1.2687
1.2687
1.26914
1.26974
1.27072
1.27186
1.27292
1.27387
1.27449
1.27464
1.27419
1.27335
1.27209
1.27106
1.27039
1.27048
1.27131
1.27276
1.2745
1.27633
1.27795
1.27936
1.28047
1.28099
1.28118
1.28109
1.28073
1.28011
1.27936
1.27849
1.27731
1.27598
1.27466
1.27336
1.27216
1.27098
1.26964
1.26795
1.26584
1.26324
1.26016
1.25678
1.25313
1.24984
1.2473
1.24604
1.24655
1.24906
1.2535
1.25926
1.26565
1.27198
1.27785
1.28278
1.28671
1.28969
1.29182
1.2931
1.29343
1.29284
1.29174
1.28992
1.28751
1.28467
1.28149
1.27811
1.27457
1.27134
1.26864
1.26654
1.26533
1.26517
1.26604
1.26776
1.26997
1.27236
1.27461
1.27649
1.2779
1.27878
1.27963
1.2801
1.2805
1.28122
1.2823
1.2836
1.28546
1.28756
1.28979
1.29181
1.29376
1.29561
1.29716
1.29856
1.29998
1.30125
1.30239
1.30316
1.30357
1.3033
1.30228
1.30052
1.29806
1.29481
1.2903
1.28506
1.27935
1.27393
1.26946
1.26679
1.2659
1.26644
1.26765
1.26897
1.27059
1.27265
1.27522
1.27799
1.28088
1.28377
1.28658
1.28927
1.29174
1.29351
1.2947
1.29548
1.29574
1.29544
1.2946
1.29343
1.29191
1.2898
1.28751
1.28504
1.28213
1.27903
1.27571
1.27231
1.26899
1.26623
1.26415
1.26319
1.26371
1.26565
1.26855
1.27197
1.27583
1.27929
1.28195
1.28322
1.28316
1.2815
1.27853
1.27409
1.2684
1.262
1.25515
1.24843
1.24261
1.2382
1.23597
1.23616
1.23874
1.24313
1.24856
1.25455
1.2604
1.2658
1.27044
1.27411
1.277
1.27894
1.28036
1.28099
1.28128
1.281
1.28044
1.27945
1.27821
1.27693
1.27544
1.27374
1.27214
1.27066
1.26925
1.26804
1.26677
1.26573
1.26498
1.26431
1.26363
1.26307
1.26236
1.26106
1.25931
1.2571
1.25423
1.25078
1.24665
1.24216
1.23757
1.23349
1.23034
1.22868
1.22851
1.23016
1.23349
1.23802
1.24328
1.24865
1.25362
1.25778
1.26106
1.26351
1.26508
1.26585
1.26576
1.26499
1.26353
1.26144
1.25878
1.25553
1.25164
1.24734
1.24286
1.23846
1.23467
1.23184
1.23039
1.23041
1.2317
1.2339
1.23664
1.23939
1.24178
1.24349
1.24455
1.24514
1.24518
1.24507
1.24494
1.24466
1.24413
1.24333
1.24226
1.24096
1.23931
1.23719
1.23482
1.23247
1.23059
1.22962
1.22959
1.23066
1.23267
1.23541
1.23845
1.24159
1.24459
1.24722
1.24945
1.2515
1.25337
1.25473
1.25567
1.25626
1.25649
1.25643
1.25635
1.25611
1.25586
1.25566
1.25548
1.25519
1.25493
1.25498
1.25522
1.25561
1.25603
1.25688
1.25822
1.25971
1.26127
1.26281
1.26446
1.266
1.26723
1.26812
1.2686
1.26841
1.26732
1.26494
1.26173
1.25777
1.25407
1.25141
1.25056
1.25174
1.25424
1.25697
1.25916
1.26045
1.26123
1.26262
1.26542
1.27001
1.27598
1.28265
1.28914
1.29499
1.30018
1.30463
1.30831
1.31139
1.31375
1.31539
1.31627
1.31626
1.31552
1.31414
1.31187
1.30891
1.3052
1.30091
1.29629
1.29148
1.28662
1.28225
1.27867
1.27601
1.27413
1.27328
1.27339
1.27435
1.27588
1.27759
1.2793
1.28113
1.28307
1.28498
1.28688
1.28895
1.29104
1.29311
1.29488
1.29655
1.29785
1.29865
1.29903
1.29938
1.29966
1.29998
1.30044
1.3011
1.30188
1.30316
1.30483
1.30677
1.30869
1.31033
1.31146
1.31213
1.31223
1.31174
1.31088
1.30938
1.30748
1.30508
1.30256
1.29994
1.2972
1.29463
1.29226
1.29027
1.28883
1.28854
1.28943
1.29145
1.29404
1.29711
1.30005
1.30254
1.30426
1.30492
1.30474
1.30347
1.30172
1.29969
1.29788
1.29629
1.2952
1.2943
1.2935
1.29271
1.29162
1.28999
1.28779
1.28525
1.28294
1.28132
1.28069
1.28143
1.2833
1.28562
1.2885
1.29143
1.29377
1.29572
1.29716
1.29812
1.29879
1.299
1.29889
1.29884
1.29893
1.29883
1.29882
1.29886
1.2988
1.29861
1.29825
1.2977
1.29705
1.29622
1.29511
1.29367
1.29207
1.29011
1.28764
1.2848
1.28181
1.27859
1.27529
1.27186
1.26864
1.26588
1.26403
1.26296
1.26284
1.26345
1.26478
1.26672
1.2693
1.27223
1.27542
1.27874
1.28184
1.28441
1.28633
1.28757
1.28778
1.28699
1.28523
1.28255
1.2789
1.27427
1.26877
1.26282
1.25684
1.25138
1.24693
1.24452
1.24457
1.24705
1.25147
1.25688
1.26216
1.26675
1.27026
1.2729
1.27458
1.2756
1.2764
1.27714
1.27787
1.27855
1.27918
1.27973
1.28015
1.28052
1.28061
1.28049
1.28036
1.28011
1.27934
1.27831
1.27688
1.2749
1.27208
1.26836
1.26399
1.25878
1.25269
1.2458
1.23847
1.23127
1.22503
1.22043
1.21807
1.21831
1.2211
1.22595
1.23226
1.23929
1.24631
1.25261
1.25781
1.26191
1.2649
1.26699
1.26824
1.26889
1.269
1.26874
1.26826
1.26767
1.26715
1.2668
1.26664
1.26664
1.26689
1.26736
1.26791
1.26877
1.2695
1.27
1.2703
1.27043
1.27037
1.27019
1.26985
1.26932
1.26834
1.26716
1.2657
1.26414
1.26228
1.26033
1.25826
1.25642
1.25502
1.2541
1.25379
1.25408
1.2546
1.2555
1.25649
1.25737
1.2582
1.2587
1.25889
1.25886
1.25891
1.25905
1.25961
1.2601
1.26083
1.2619
1.26342
1.2649
1.26606
1.26671
1.26703
1.26646
1.26477
1.26165
1.25707
1.25091
1.24338
1.23533
1.22764
1.22134
1.21692
1.21459
1.21376
1.21395
1.21522
1.217
1.21963
1.2228
1.22644
1.23017
1.23353
1.23625
1.23804
1.23884
1.23893
1.23877
1.23873
1.23908
1.24
1.24132
1.24308
1.24513
1.24728
1.2489
1.25013
1.25106
1.25179
1.25227
1.25242
1.25239
1.25231
1.25208
1.25192
1.25176
1.25164
1.25162
1.25163
1.25152
1.25147
1.25144
1.2513
1.25117
1.25097
1.25057
1.25015
1.24955
1.24868
1.24753
1.24611
1.24436
1.24239
1.24003
1.23734
1.23446
1.23136
1.22816
1.2252
1.22282
1.22135
1.22133
1.2232
1.22684
1.23191
1.23792
1.24404
1.24962
1.25418
1.25742
1.25927
1.25975
1.25878
1.2565
1.25326
1.24916
1.24469
1.24059
1.23732
1.2355
1.23533
1.23674
1.2393
1.24266
1.24628
1.24999
1.25328
1.25619
1.25845
1.26016
1.26125
1.26193
1.26214
1.26199
1.26178
1.26161
1.26178
1.26267
1.26422
1.26651
1.26924
1.27232
1.27524
1.27788
1.28007
1.28165
1.28283
1.28342
1.28359
1.28333
1.28251
1.28141
1.27983
1.27777
1.27523
1.27229
1.2691
1.26568
1.26236
1.25959
1.25758
1.25665
1.25648
1.25683
1.25729
1.25743
1.25683
1.25537
1.25315
1.25038
1.2479
1.24651
1.24664
1.24885
1.25295
1.2
1.20525
1.21119
1.21694
1.22221
1.22685
1.23025
1.23258
1.23397
1.23468
1.23484
1.23447
1.23363
1.23236
1.23084
1.22926
1.2276
1.22582
1.22408
1.22256
1.22155
1.22097
1.2207
1.22061
1.22047
1.22
1.21923
1.21798
1.21619
1.21371
1.21053
1.20712
1.20448
1.20284
1.20275
1.20426
1.20721
1.21109
1.21541
1.21961
1.22306
1.22589
1.22819
1.22987
1.23106
1.23195
1.23268
1.23323
1.23363
1.23391
1.23408
1.23412
1.23427
1.23451
1.23486
1.23521
1.23539
1.23562
1.23595
1.23636
1.23664
1.23669
1.23665
1.23658
1.2363
1.23583
1.23517
1.23444
1.23363
1.23268
1.23175
1.23072
1.22967
1.22867
1.22763
1.22673
1.22604
1.22558
1.22538
1.22539
1.22587
1.2267
1.22775
1.22877
1.22985
1.23077
1.23184
1.23276
1.23357
1.23439
1.23536
1.23653
1.23756
1.23879
1.23994
1.24107
1.24212
1.24283
1.24305
1.24287
1.24228
1.24139
1.24029
1.23906
1.23789
1.23678
1.23577
1.23471
1.23335
1.23143
1.22892
1.22627
1.22367
1.22144
1.2199
1.21912
1.21883
1.21878
1.21874
1.21874
1.21893
1.21968
1.22124
1.22347
1.22611
1.22875
1.23098
1.23254
1.23328
1.23321
1.2324
1.23104
1.22947
1.22802
1.22723
1.2273
1.22842
1.23037
1.23309
1.23621
1.2393
1.24215
1.24452
1.24639
1.24752
1.24788
1.24749
1.24623
1.24435
1.24168
1.23832
1.23415
1.22932
1.22399
1.21843
1.2131
1.20864
1.20532
1.2035
1.20308
1.20368
1.20509
1.20698
1.20929
1.21226
1.21593
1.22016
1.22469
1.22907
1.23291
1.23635
1.23903
1.24093
1.24198
1.24231
1.24174
1.24038
1.23826
1.23534
1.23163
1.2274
1.22279
1.21839
1.21489
1.21267
1.21167
1.2115
1.21154
1.21097
1.20949
1.20706
1.20419
1.20164
1.19995
1.19968
1.20064
1.20252
1.20459
1.20625
1.20712
1.20721
1.20677
1.20636
1.20641
1.20702
1.20837
1.21035
1.21299
1.21626
1.22006
1.22404
1.22812
1.23179
1.23466
1.23663
1.23754
1.23732
1.23599
1.23342
1.22982
1.22568
1.22181
1.21901
1.21801
1.21879
1.221
1.22397
1.22694
1.2293
1.23059
1.23096
1.23039
1.22891
1.22662
1.22392
1.22097
1.21782
1.2147
1.21183
1.20937
1.20772
1.20687
1.20679
1.2076
1.2091
1.21109
1.21331
1.21573
1.21808
1.22019
1.22199
1.22328
1.2242
1.22498
1.22573
1.22649
1.22718
1.22793
1.22881
1.22962
1.23042
1.23126
1.2319
1.23213
1.23218
1.2321
1.2319
1.23163
1.23138
1.23128
1.23136
1.23173
1.23256
1.23354
1.23473
1.23616
1.23759
1.23909
1.24082
1.24253
1.24408
1.24546
1.24668
1.24768
1.24844
1.24891
1.24917
1.24877
1.24783
1.24622
1.24375
1.2405
1.23682
1.23287
1.22923
1.2264
1.22489
1.22483
1.22598
1.22783
1.22992
1.23182
1.23326
1.23435
1.23519
1.23599
1.23679
1.23773
1.23889
1.24007
1.2416
1.2429
1.24403
1.24495
1.2457
1.24625
1.24639
1.24638
1.2461
1.24563
1.24486
1.24377
1.24244
1.24083
1.23898
1.23701
1.23485
1.23238
1.22958
1.22668
1.224
1.22132
1.21937
1.2181
1.2179
1.21901
1.22126
1.22408
1.22725
1.23031
1.23311
1.23562
1.23766
1.23927
1.24053
1.24118
1.24139
1.24137
1.24091
1.2402
1.23909
1.23744
1.23522
1.23242
1.22903
1.22529
1.22151
1.21819
1.21575
1.21486
1.21526
1.21657
1.21823
1.21983
1.22091
1.22105
1.22019
1.2183
1.21568
1.21261
1.2095
1.20675
1.20475
1.20381
1.20397
1.20502
1.20661
1.2087
1.21094
1.21308
1.21503
1.21672
1.21818
1.21942
1.22046
1.22136
1.22209
1.22273
1.22328
1.22367
1.22411
1.22448
1.22472
1.22488
1.2249
1.22474
1.22446
1.22415
1.2238
1.22329
1.22248
1.22142
1.22015
1.21862
1.21684
1.2148
1.21261
1.21022
1.20764
1.205
1.20231
1.20001
1.19825
1.19724
1.19714
1.19804
1.19999
1.20271
1.20584
1.20909
1.21226
1.21524
1.21775
1.21973
1.22125
1.22226
1.22283
1.22318
1.22345
1.22335
1.22319
1.22313
1.22307
1.2232
1.22348
1.22393
1.22456
1.22513
1.22583
1.22661
1.22739
1.22828
1.22922
1.23001
1.23065
1.23115
1.23138
1.23156
1.23163
1.23153
1.23133
1.23117
1.23105
1.23071
1.23034
1.22982
1.22916
1.22821
1.22704
1.22536
1.22346
1.22137
1.21954
1.21816
1.21745
1.21754
1.21848
1.22014
1.22236
1.22504
1.22791
1.2307
1.23349
1.23612
1.23832
1.24011
1.24185
1.24359
1.24529
1.24694
1.24869
1.25047
1.25207
1.25351
1.25476
1.25562
1.25608
1.256
1.25553
1.25445
1.25264
1.25036
1.24759
1.24446
1.24109
1.23769
1.23463
1.23215
1.23025
1.22932
1.22949
1.23025
1.2315
1.23294
1.23425
1.2353
1.23573
1.23539
1.23427
1.23263
1.23041
1.22763
1.22464
1.22155
1.21868
1.21614
1.21422
1.21295
1.21258
1.21312
1.21461
1.21697
1.22015
1.22383
1.22755
1.23135
1.23499
1.23834
1.24097
1.24316
1.24486
1.24618
1.24699
1.24717
1.24668
1.24593
1.24515
1.24411
1.24284
1.24151
1.24015
1.23893
1.2377
1.23629
1.23494
1.23373
1.23268
1.2316
1.23057
1.22957
1.22847
1.2271
1.22535
1.22324
1.22062
1.2175
1.21409
1.21053
1.2071
1.20392
1.20092
1.19815
1.1958
1.19381
1.19229
1.19131
1.1912
1.19209
1.19399
1.19692
1.20041
1.20388
1.20674
1.20839
1.20901
1.2088
1.20822
1.20789
1.20842
1.21015
1.21265
1.21566
1.2187
1.22149
1.22372
1.22521
1.22615
1.22676
1.22715
1.22749
1.2278
1.22812
1.22837
1.22851
1.22849
1.22832
1.22797
1.22753
1.22692
1.22636
1.22556
1.22477
1.22405
1.22324
1.2226
1.22198
1.2213
1.22041
1.21942
1.21831
1.21716
1.2162
1.21546
1.21504
1.21503
1.21578
1.2172
1.219
1.22074
1.22202
1.22257
1.22201
1.22057
1.21807
1.2148
1.21085
1.20673
1.20283
1.1997
1.19792
1.19782
1.1993
1.20232
1.20636
1.2109
1.21554
1.21988
1.22374
1.2271
1.2299
1.23194
1.23338
1.23446
1.2352
1.23573
1.23583
1.23565
1.23515
1.23438
1.2334
1.23227
1.23096
1.22955
1.22788
1.22595
1.22385
1.22161
1.2192
1.21653
1.21381
1.21109
1.20852
1.20638
1.20475
1.2038
1.20368
1.20445
1.20592
1.20771
1.20973
1.21192
1.21406
1.21604
1.21765
1.21896
1.21989
1.22046
1.22077
1.22082
1.22066
1.22015
1.21936
1.21851
1.21763
1.21655
1.21525
1.21396
1.21274
1.21142
1.21025
1.20911
1.20804
1.20736
1.20679
1.20647
1.20643
1.20646
1.20662
1.20695
1.20742
1.20795
1.20863
1.20932
1.21
1.21074
1.21138
1.21203
1.21263
1.21328
1.21386
1.21443
1.21477
1.21508
1.21535
1.21551
1.2156
1.21576
1.21586
1.21585
1.21576
1.21572
1.21572
1.21585
1.21599
1.21614
1.21626
1.21644
1.21676
1.21732
1.21811
1.21908
1.22022
1.22151
1.22279
1.22407
1.22543
1.22673
1.22797
1.22915
1.23026
1.23104
1.23174
1.23224
1.23267
1.23285
1.23295
1.23266
1.2318
1.23054
1.22894
1.22718
1.22554
1.22449
1.22388
1.22363
1.2235
1.22319
1.22245
1.2211
1.21937
1.21736
1.21525
1.21322
1.21132
1.20965
1.20794
1.20623
1.205
1.20475
1.20582
1.20839
1.21195
1.21601
1.22004
1.22351
1.22616
1.22762
1.2281
1.22752
1.22625
1.22456
1.22261
1.22036
1.21789
1.21555
1.21328
1.21111
1.2095
1.20856
1.20837
1.20866
1.20964
1.21096
1.21239
1.21407
1.21567
1.21739
1.21921
1.22126
1.22334
1.22532
1.22705
1.22845
1.22942
1.23002
1.23
1.22935
1.22828
1.22695
1.22534
1.2236
1.22166
1.21967
1.21766
1.21573
1.21385
1.21181
1.2099
1.20815
1.20647
1.20505
1.20396
1.20329
1.20274
1.20252
1.20283
1.20351
1.20429
1.20536
1.2069
1.20838
1.20987
1.2113
1.21258
1.21371
1.21463
1.21549
1.21637
1.21717
1.21769
1.21807
1.21851
1.21858
1.21827
1.21749
1.21632
1.21482
1.21298
1.21099
1.20901
1.20737
1.20603
1.20513
1.20473
1.20473
1.20494
1.20557
1.20675
1.20888
1.21168
1.2148
1.21806
1.22093
1.22331
1.22479
1.22542
1.2251
1.2239
1.22226
1.22048
1.21866
1.21716
1.21634
1.21615
1.21656
1.21716
1.21776
1.21834
1.21893
1.21927
1.21915
1.21887
1.21847
1.21829
1.21843
1.21869
1.21914
1.22013
1.22131
1.22246
1.22372
1.22502
1.22603
1.22661
1.22699
1.22687
1.22623
1.22504
1.2236
1.22207
1.22068
1.21985
1.21957
1.21989
1.22077
1.22217
1.22401
1.22615
1.22822
1.23039
1.23238
1.23384
1.23495
1.23556
1.2357
1.23529
1.23434
1.23305
1.23145
1.22942
1.2274
1.22532
1.22331
1.2221
1.22176
1.22221
1.22357
1.22586
1.22899
1.2327
1.23676
1.2406
1.24422
1.24711
1.24944
1.25137
1.2527
1.25313
1.25286
1.25184
1.25027
1.24831
1.24573
1.24271
1.23973
1.23687
1.23436
1.23207
1.23031
1.22911
1.22836
1.22817
1.22837
1.22853
1.22859
1.22811
1.2273
1.22606
1.2247
1.22316
1.22144
1.22003
1.21908
1.21851
1.21823
1.21809
1.21813
1.21829
1.21883
1.22006
1.22199
1.22497
1.22854
1.23235
1.23598
1.2394
1.24251
1.2453
1.24741
1.24888
1.24963
1.24981
1.24958
1.24903
1.24831
1.24758
1.24706
1.24707
1.24765
1.24874
1.2499
1.2509
1.2513
1.25083
1.24939
1.24694
1.24398
1.24104
1.2388
1.23782
1.23805
1.2
1.20143
1.20343
1.20541
1.2068
1.20768
1.20813
1.20852
1.20901
1.20976
1.21089
1.21214
1.21347
1.21481
1.21607
1.21674
1.21684
1.21658
1.21572
1.21458
1.21309
1.21148
1.20999
1.20872
1.2079
1.20767
1.20805
1.20886
1.20979
1.21023
1.21019
1.20945
1.20773
1.20504
1.20147
1.19736
1.19338
1.19021
1.18843
1.18873
1.19111
1.19508
1.19959
1.2039
1.2075
1.21015
1.21179
1.21254
1.21244
1.21185
1.21093
1.20971
1.20829
1.20707
1.20612
1.20527
1.20447
1.20375
1.20304
1.20251
1.20214
1.20185
1.20158
1.20141
1.20144
1.20153
1.20155
1.20154
1.20134
1.20108
1.20065
1.20023
1.19973
1.19906
1.19825
1.19747
1.19668
1.196
1.19547
1.195
1.19465
1.19442
1.19434
1.19467
1.19483
1.19507
1.19555
1.19605
1.1966
1.19706
1.19741
1.19766
1.19787
1.19814
1.19832
1.19857
1.19891
1.19913
1.19928
1.19948
1.19957
1.19966
1.19985
1.20008
1.20028
1.20051
1.20079
1.20107
1.20126
1.20135
1.20135
1.20117
1.20067
1.19983
1.19868
1.19701
1.19478
1.19182
1.18825
1.18448
1.181
1.17824
1.17666
1.17634
1.17751
1.17983
1.18299
1.18622
1.18949
1.19244
1.19508
1.19723
1.19898
1.20015
1.20083
1.20088
1.2004
1.19958
1.19848
1.19741
1.19686
1.19711
1.19846
1.20088
1.20418
1.20795
1.21182
1.21528
1.21808
1.22
1.22109
1.22126
1.22071
1.21948
1.21771
1.2155
1.21333
1.21151
1.21024
1.20982
1.21037
1.21185
1.21407
1.21665
1.21953
1.22233
1.225
1.22747
1.22964
1.23161
1.23305
1.23408
1.23477
1.23502
1.23511
1.23482
1.23443
1.23408
1.23382
1.23345
1.23316
1.23239
1.2309
1.22855
1.22514
1.22087
1.21617
1.21175
1.20859
1.20756
1.20907
1.21274
1.2175
1.22248
1.22682
1.2304
1.23305
1.23491
1.23612
1.23675
1.2369
1.23667
1.23614
1.23534
1.23419
1.23273
1.23128
1.22989
1.22867
1.22729
1.22612
1.22508
1.22412
1.22371
1.22419
1.22563
1.22833
1.23169
1.23555
1.23938
1.24298
1.24634
1.24917
1.25159
1.25357
1.25528
1.25695
1.25861
1.26032
1.26208
1.26361
1.26483
1.26591
1.26646
1.26635
1.26551
1.26393
1.26154
1.25825
1.25426
1.24943
1.24415
1.23874
1.23337
1.22833
1.22401
1.22062
1.21901
1.21958
1.22231
1.2273
1.23356
1.24028
1.24662
1.25198
1.25589
1.25821
1.25916
1.25874
1.25723
1.25541
1.25436
1.25452
1.25587
1.25805
1.26048
1.26237
1.26305
1.26242
1.26054
1.25773
1.25419
1.25042
1.24644
1.24261
1.23967
1.23817
1.23829
1.2402
1.24323
1.24637
1.24878
1.24975
1.24935
1.24777
1.24547
1.24324
1.24121
1.24009
1.24015
1.2415
1.24395
1.24713
1.25042
1.25333
1.25573
1.25744
1.25862
1.25924
1.25963
1.25976
1.2599
1.25994
1.26002
1.25987
1.25954
1.25878
1.25779
1.25659
1.25509
1.25341
1.2517
1.25014
1.24889
1.24764
1.2464
1.24532
1.24442
1.24371
1.24319
1.2429
1.24301
1.24328
1.24356
1.24377
1.24381
1.24354
1.24294
1.24192
1.24059
1.23912
1.23734
1.23527
1.23281
1.23015
1.22754
1.22511
1.22282
1.22078
1.21892
1.21732
1.21562
1.2141
1.21288
1.21202
1.21152
1.21163
1.21235
1.21349
1.21497
1.21675
1.2186
1.22046
1.22221
1.22375
1.22516
1.22639
1.22736
1.22818
1.22877
1.22937
1.23001
1.23063
1.23098
1.23119
1.2314
1.23142
1.23112
1.23059
1.23007
1.22946
1.22872
1.22785
1.22685
1.22562
1.22419
1.22249
1.22047
1.21853
1.21661
1.21478
1.21318
1.21187
1.21105
1.21068
1.21067
1.21104
1.21178
1.21267
1.2137
1.21456
1.21548
1.21626
1.21682
1.2172
1.21725
1.217
1.21623
1.21514
1.21374
1.21234
1.21091
1.2099
1.20938
1.20981
1.21113
1.21331
1.21625
1.21967
1.22342
1.22733
1.2309
1.23408
1.23677
1.23898
1.24083
1.24226
1.24343
1.24404
1.24398
1.24326
1.24199
1.24011
1.23774
1.23517
1.23279
1.23075
1.22956
1.22919
1.22955
1.2304
1.23139
1.23226
1.23295
1.23328
1.23341
1.23337
1.23347
1.23391
1.23471
1.23563
1.23655
1.23757
1.23856
1.23919
1.23956
1.23961
1.23933
1.23879
1.23829
1.23773
1.23733
1.2372
1.23727
1.23745
1.23764
1.23803
1.23819
1.23818
1.23823
1.23811
1.23794
1.23806
1.23834
1.23873
1.23905
1.23946
1.23949
1.23932
1.23873
1.23771
1.23635
1.23465
1.23304
1.23177
1.23115
1.23134
1.23216
1.23319
1.23427
1.23528
1.23616
1.23702
1.23775
1.23837
1.23893
1.23959
1.24006
1.24046
1.2409
1.24102
1.2404
1.23909
1.23705
1.23412
1.23016
1.22554
1.22069
1.21615
1.2127
1.21079
1.21034
1.21116
1.21273
1.21427
1.21534
1.21564
1.21527
1.21445
1.21327
1.21191
1.21087
1.21037
1.21068
1.21188
1.21403
1.2168
1.22011
1.22345
1.22648
1.22903
1.23073
1.2319
1.23245
1.23247
1.23196
1.23096
1.22971
1.22841
1.22677
1.22484
1.22271
1.22045
1.21821
1.21624
1.21486
1.21428
1.21455
1.21579
1.21766
1.22013
1.22285
1.22535
1.22743
1.22893
1.22975
1.2297
1.22913
1.2278
1.22577
1.22299
1.21952
1.21543
1.21113
1.20747
1.2052
1.20484
1.20657
1.2102
1.21509
1.22032
1.22525
1.22943
1.23273
1.23522
1.23689
1.23793
1.23838
1.2385
1.2384
1.23798
1.23732
1.2365
1.23555
1.2346
1.23374
1.23273
1.23181
1.23086
1.22995
1.2291
1.22828
1.22757
1.22682
1.226
1.22492
1.22411
1.22343
1.2231
1.22301
1.22324
1.22415
1.22564
1.2275
1.22981
1.23221
1.23465
1.23697
1.23899
1.24067
1.24197
1.24293
1.24355
1.24402
1.24441
1.24475
1.24511
1.24561
1.24599
1.2464
1.24679
1.2472
1.24761
1.2481
1.24863
1.24924
1.24988
1.25057
1.25134
1.25205
1.25288
1.25368
1.25403
1.25408
1.25394
1.2533
1.25214
1.25048
1.24829
1.2457
1.24304
1.24071
1.23914
1.23844
1.23885
1.24046
1.24291
1.2458
1.24901
1.25238
1.25566
1.2586
1.26107
1.26302
1.26442
1.26529
1.2657
1.26585
1.26582
1.2653
1.26459
1.26378
1.26286
1.26175
1.26058
1.25937
1.25812
1.25683
1.25533
1.25368
1.25203
1.25032
1.24898
1.24815
1.24762
1.24773
1.24825
1.24902
1.24982
1.25053
1.25114
1.25147
1.25155
1.25142
1.25113
1.25049
1.24933
1.24742
1.24479
1.24124
1.23715
1.23331
1.23051
1.22936
1.23004
1.23212
1.23499
1.23804
1.24108
1.244
1.24694
1.25003
1.25306
1.25604
1.2588
1.26137
1.26374
1.26549
1.26687
1.26808
1.26889
1.26936
1.26964
1.2696
1.2693
1.26857
1.26764
1.26664
1.26559
1.26459
1.2636
1.26289
1.2624
1.26181
1.26129
1.26066
1.25968
1.25846
1.25697
1.25537
1.25403
1.25297
1.2525
1.25267
1.25356
1.25489
1.25672
1.2589
1.26126
1.2637
1.26613
1.26837
1.27038
1.27189
1.27265
1.27242
1.27113
1.26882
1.26526
1.26056
1.25557
1.25129
1.24872
1.24856
1.25074
1.25444
1.25902
1.26349
1.26759
1.27107
1.27408
1.27655
1.27856
1.28014
1.28134
1.28236
1.28332
1.28419
1.2852
1.2862
1.28715
1.28795
1.28857
1.28895
1.28911
1.28912
1.28863
1.28782
1.28653
1.28463
1.28223
1.2792
1.27559
1.27162
1.2676
1.26392
1.26109
1.2595
1.25908
1.25965
1.26071
1.26193
1.2632
1.26439
1.26556
1.26688
1.26838
1.27013
1.2722
1.27449
1.27616
1.27739
1.27786
1.27775
1.27718
1.2766
1.27623
1.27653
1.2778
1.27977
1.28216
1.28435
1.28573
1.28538
1.28272
1.27755
1.27051
1.26335
1.25838
1.25774
1.26147
1.26736
1.27296
1.27652
1.27737
1.27619
1.27346
1.2695
1.26515
1.26063
1.25631
1.2525
1.2495
1.24732
1.24591
1.24561
1.24634
1.24819
1.251
1.2548
1.25928
1.26404
1.26859
1.27272
1.27614
1.27874
1.28063
1.28178
1.2823
1.28229
1.28184
1.28077
1.27962
1.27827
1.27683
1.27541
1.27424
1.27327
1.27239
1.2717
1.27133
1.27105
1.27065
1.27033
1.27011
1.26972
1.26891
1.26719
1.26417
1.25902
1.25129
1.24059
1.22784
1.21555
1.20699
1.20456
1.20798
1.21467
1.22186
1.22826
1.23381
1.2384
1.24259
1.24622
1.24917
1.25163
1.2535
1.2549
1.25573
1.25623
1.25632
1.25602
1.25547
1.25468
1.25363
1.25239
1.25127
1.25022
1.24931
1.24852
1.24795
1.2478
1.24806
1.24873
1.24959
1.25078
1.25217
1.25377
1.25545
1.25716
1.2589
1.26062
1.262
1.26313
1.26397
1.26442
1.26451
1.26435
1.26368
1.26262
1.261
1.2587
1.25605
1.25334
1.25058
1.24771
1.2448
1.24195
1.23954
1.23781
1.237
1.23727
1.23856
1.24086
1.24403
1.24767
1.25144
1.25497
1.25783
1.25984
1.2611
1.26158
1.26153
1.261
1.26031
1.25987
1.25992
1.2606
1.26181
1.26349
1.2651
1.26642
1.26719
1.26735
1.26662
1.26498
1.26251
1.25893
1.25398
1.24749
1.23933
1.22967
1.21945
1.21015
1.20374
1.20184
1.20479
1.21179
1.22082
1.23015
1.23826
1.24447
1.24878
1.25133
1.2525
1.25256
1.25185
1.25065
1.24955
1.24886
1.24834
1.24796
1.24793
1.24841
1.24929
1.25051
1.25194
1.25365
1.25526
1.25675
1.25776
1.2583
1.25832
1.25774
1.25637
1.25381
1.24947
1.24268
1.23291
1.22044
1.20715
1.19751
1.19558
1.2022
1.21365
1.22507
1.23354
1.23835
1.24037
1.24071
1.24025
1.2
1.19942
1.19945
1.20014
1.20164
1.20371
1.20618
1.20885
1.21164
1.21443
1.21692
1.21947
1.22178
1.22395
1.22576
1.22724
1.22857
1.22976
1.23084
1.23141
1.23189
1.23198
1.23167
1.23117
1.23041
1.22971
1.22903
1.2284
1.22784
1.22731
1.22677
1.22634
1.22603
1.22578
1.22567
1.22562
1.22588
1.22653
1.22768
1.22905
1.23067
1.23231
1.23389
1.23541
1.23663
1.23726
1.23709
1.23617
1.23447
1.23235
1.23008
1.22821
1.22717
1.22748
1.22881
1.23062
1.23253
1.23441
1.23582
1.23647
1.23662
1.23641
1.23591
1.23542
1.23525
1.23549
1.23635
1.23776
1.2397
1.24242
1.24587
1.2498
1.2542
1.2587
1.26315
1.26733
1.27113
1.27412
1.27645
1.27825
1.27953
1.28026
1.28028
1.27973
1.27883
1.27732
1.27519
1.27252
1.26946
1.26642
1.26339
1.26064
1.25827
1.25649
1.25565
1.25567
1.25637
1.25759
1.25902
1.2604
1.26152
1.26236
1.2628
1.26264
1.26201
1.26108
1.25972
1.25818
1.25673
1.25529
1.2544
1.25393
1.25378
1.25424
1.25506
1.25644
1.25814
1.2598
1.26143
1.26272
1.26379
1.26445
1.26465
1.26437
1.26369
1.26266
1.26179
1.26157
1.26205
1.26324
1.26511
1.26712
1.2688
1.2698
1.26997
1.26935
1.2677
1.26541
1.26281
1.25989
1.25706
1.25454
1.25234
1.25065
1.24957
1.24889
1.24864
1.2488
1.24932
1.2501
1.25098
1.25183
1.25268
1.25351
1.25427
1.25497
1.2557
1.25658
1.25731
1.25789
1.25837
1.25889
1.25933
1.25959
1.2596
1.25944
1.25931
1.25917
1.25879
1.25832
1.25797
1.25761
1.25715
1.25649
1.25579
1.25486
1.25346
1.25165
1.24929
1.24628
1.24253
1.23854
1.23457
1.23125
1.22903
1.2281
1.22798
1.22771
1.22655
1.22414
1.22108
1.21794
1.21548
1.21483
1.21666
1.22092
1.22682
1.23336
1.23973
1.24549
1.25038
1.25424
1.25715
1.25951
1.26111
1.26215
1.26272
1.26311
1.26337
1.26376
1.26413
1.26461
1.26495
1.26504
1.26512
1.26489
1.26467
1.2643
1.26401
1.26368
1.26333
1.26272
1.26225
1.26208
1.2619
1.26179
1.26165
1.2616
1.26129
1.26046
1.25872
1.2562
1.25247
1.24744
1.24114
1.2339
1.22621
1.2192
1.21416
1.21273
1.21574
1.22274
1.23171
1.24068
1.24811
1.25352
1.25711
1.25946
1.26088
1.26173
1.26255
1.26349
1.26461
1.26608
1.26763
1.2695
1.27147
1.27352
1.27564
1.27763
1.27931
1.28075
1.28186
1.28257
1.28268
1.28225
1.28148
1.28058
1.27922
1.27712
1.27488
1.27225
1.26946
1.26632
1.26298
1.25945
1.25602
1.25284
1.24995
1.24771
1.24671
1.24699
1.24863
1.25188
1.25594
1.26084
1.26592
1.27096
1.27562
1.27997
1.28353
1.28642
1.28876
1.29053
1.29164
1.29235
1.29238
1.29203
1.29125
1.29029
1.28895
1.2873
1.28539
1.28351
1.28184
1.2803
1.27916
1.27786
1.27656
1.27535
1.27416
1.27307
1.27196
1.27091
1.27019
1.26977
1.26976
1.27042
1.27166
1.27343
1.27566
1.278
1.28003
1.28168
1.28299
1.2837
1.28318
1.28161
1.27913
1.27572
1.27165
1.26774
1.26476
1.26321
1.26366
1.26625
1.27058
1.27585
1.2811
1.28546
1.28867
1.29088
1.29237
1.2935
1.29452
1.29585
1.29762
1.29943
1.30147
1.30341
1.30487
1.30551
1.30518
1.30381
1.3017
1.2993
1.29681
1.29468
1.29288
1.29164
1.29044
1.28934
1.2881
1.28657
1.2853
1.28465
1.28473
1.28551
1.28714
1.28913
1.29117
1.2931
1.29446
1.29554
1.29586
1.29567
1.29512
1.2941
1.29322
1.29253
1.29204
1.29215
1.29239
1.29281
1.29317
1.29374
1.29409
1.29417
1.29415
1.294
1.29332
1.29248
1.29183
1.29126
1.29082
1.29065
1.29063
1.29044
1.28997
1.28897
1.28787
1.28662
1.2854
1.28461
1.28472
1.28585
1.28819
1.29114
1.2948
1.29871
1.30229
1.30534
1.3081
1.31059
1.31256
1.31373
1.31406
1.31385
1.31304
1.31143
1.30916
1.3062
1.30282
1.29914
1.29541
1.29176
1.28829
1.28554
1.28354
1.28242
1.282
1.28236
1.28307
1.28432
1.28594
1.28758
1.28907
1.29041
1.29164
1.29268
1.29332
1.29345
1.29315
1.29268
1.29204
1.29114
1.29008
1.28892
1.28761
1.28611
1.28428
1.2823
1.28021
1.27826
1.27673
1.27591
1.2761
1.27733
1.27936
1.28148
1.2836
1.28524
1.28642
1.28695
1.28688
1.28635
1.28543
1.28427
1.28288
1.28136
1.28014
1.27885
1.27751
1.27632
1.27532
1.27473
1.27432
1.27412
1.27396
1.27388
1.27371
1.27342
1.27285
1.27226
1.27158
1.27078
1.26985
1.26918
1.26846
1.26785
1.26687
1.26567
1.26392
1.26122
1.2573
1.25263
1.24836
1.2453
1.24499
1.24752
1.25236
1.25825
1.26391
1.26844
1.27172
1.27364
1.27409
1.27332
1.27154
1.26881
1.26527
1.2611
1.25633
1.2514
1.2466
1.24235
1.23911
1.23709
1.23638
1.2366
1.23731
1.23813
1.23859
1.23878
1.23841
1.23775
1.23692
1.23599
1.23512
1.23444
1.234
1.23397
1.23447
1.23536
1.23661
1.23819
1.24009
1.2418
1.24349
1.24499
1.24645
1.24751
1.24843
1.24901
1.24935
1.24963
1.24974
1.24976
1.24975
1.24975
1.24971
1.24951
1.24931
1.24912
1.24878
1.2483
1.24775
1.24694
1.2458
1.24447
1.24275
1.24073
1.2383
1.23526
1.23173
1.22783
1.22368
1.21936
1.21494
1.21086
1.2074
1.20505
1.20403
1.2042
1.20548
1.20792
1.2112
1.21511
1.2193
1.22363
1.22782
1.23149
1.23465
1.23692
1.23843
1.23929
1.23967
1.23951
1.23893
1.23796
1.23642
1.23424
1.23145
1.22802
1.22412
1.22048
1.21785
1.21667
1.21722
1.21928
1.22236
1.22591
1.22911
1.23172
1.2336
1.23469
1.23513
1.23508
1.23483
1.23437
1.23391
1.23365
1.23363
1.23395
1.23447
1.23509
1.2355
1.23568
1.2353
1.23422
1.23249
1.23003
1.227
1.22356
1.22009
1.21666
1.2139
1.21219
1.21144
1.21201
1.21374
1.21663
1.22009
1.22402
1.22775
1.23133
1.23437
1.23681
1.2388
1.24032
1.24134
1.2421
1.24244
1.24242
1.24184
1.24089
1.2395
1.23747
1.23484
1.23176
1.22842
1.22485
1.22145
1.21871
1.21701
1.21644
1.21688
1.21788
1.21918
1.2204
1.22146
1.2225
1.22369
1.225
1.22635
1.22766
1.22893
1.23041
1.23198
1.23363
1.23539
1.2373
1.23936
1.2416
1.24367
1.24558
1.24715
1.24845
1.24954
1.25034
1.25095
1.25143
1.2513
1.2508
1.24994
1.24869
1.24708
1.24546
1.24384
1.24251
1.24181
1.24173
1.24197
1.24259
1.24315
1.24329
1.24299
1.24206
1.2406
1.23891
1.23746
1.23681
1.2371
1.23837
1.24028
1.24253
1.24481
1.24684
1.24843
1.24932
1.24946
1.24902
1.2481
1.24667
1.24509
1.24345
1.24175
1.24055
1.23987
1.23985
1.24061
1.2418
1.2434
1.24501
1.24673
1.24863
1.25055
1.2524
1.25446
1.25688
1.25962
1.2628
1.26597
1.26901
1.27172
1.27384
1.27522
1.27586
1.27559
1.27469
1.27311
1.2708
1.26787
1.26457
1.26143
1.25877
1.25704
1.25632
1.25651
1.25766
1.2594
1.26095
1.26235
1.26307
1.26321
1.26266
1.26145
1.25956
1.25721
1.25454
1.25181
1.24904
1.24665
1.24489
1.24408
1.24444
1.24591
1.24833
1.25146
1.2549
1.25806
1.26078
1.26297
1.2645
1.2652
1.26512
1.26419
1.26255
1.26047
1.25814
1.25575
1.25333
1.25146
1.25028
1.24971
1.24962
1.25001
1.25019
1.25034
1.2503
1.25004
1.2499
1.24991
1.24998
1.25018
1.25059
1.25122
1.25194
1.25245
1.2528
1.25287
1.2528
1.25247
1.25219
1.25176
1.25137
1.25091
1.25036
1.24982
1.24908
1.24838
1.24789
1.24747
1.2471
1.24683
1.2468
1.24697
1.24733
1.24792
1.24869
1.2496
1.25048
1.25139
1.25233
1.25307
1.25371
1.25414
1.2544
1.25428
1.25384
1.25306
1.25205
1.25066
1.24879
1.24651
1.24394
1.24106
1.23806
1.23527
1.23303
1.2318
1.2318
1.23301
1.23535
1.23844
1.24154
1.24424
1.24626
1.24762
1.2484
1.24894
1.24952
1.24998
1.25052
1.25119
1.25231
1.2537
1.25516
1.25669
1.25799
1.25926
1.26012
1.26066
1.2608
1.26057
1.26019
1.25948
1.25838
1.25716
1.25578
1.25449
1.25329
1.25261
1.25247
1.25278
1.25353
1.2545
1.25583
1.25733
1.25876
1.26039
1.26209
1.26379
1.26524
1.26657
1.26776
1.26891
1.27005
1.27115
1.27206
1.27288
1.27358
1.27421
1.2747
1.27499
1.27517
1.27514
1.27443
1.27355
1.27265
1.2716
1.27031
1.26848
1.2664
1.26409
1.26159
1.25882
1.25615
1.25375
1.25164
1.25032
1.24967
1.24989
1.25087
1.25254
1.25479
1.25771
1.26113
1.26489
1.26887
1.2728
1.27665
1.28011
1.28329
1.28615
1.2885
1.29023
1.29136
1.29196
1.29208
1.29172
1.29089
1.28965
1.28795
1.28594
1.28363
1.2808
1.27736
1.27337
1.26894
1.26435
1.26021
1.25711
1.2555
1.25574
1.25761
1.26056
1.26406
1.26754
1.27062
1.27305
1.27467
1.27538
1.27566
1.27568
1.27557
1.27525
1.27523
1.27534
1.27571
1.27614
1.27668
1.2773
1.27797
1.27842
1.27881
1.27926
1.27982
1.28052
1.28112
1.28175
1.28249
1.28322
1.28378
1.28433
1.28487
1.28531
1.28564
1.28587
1.28572
1.28514
1.28432
1.28308
1.28145
1.27913
1.2759
1.27176
1.26691
1.26161
1.25659
1.25257
1.25021
1.24973
1.2511
1.2538
1.25744
1.26177
1.26661
1.27146
1.27609
1.28027
1.2
1.20327
1.20615
1.20844
1.21022
1.21167
1.21267
1.21335
1.21375
1.21393
1.21388
1.21361
1.21321
1.21246
1.21153
1.21033
1.2088
1.20701
1.20479
1.20206
1.19889
1.19528
1.19135
1.18735
1.18355
1.18013
1.17736
1.17586
1.17551
1.17655
1.17889
1.18209
1.18591
1.1901
1.19417
1.19808
1.20138
1.20409
1.20585
1.2066
1.20619
1.20461
1.20198
1.19863
1.19496
1.19129
1.18844
1.18671
1.18599
1.18597
1.18594
1.18556
1.18477
1.18416
1.18438
1.18584
1.18844
1.19177
1.19536
1.1986
1.20103
1.20242
1.20298
1.20287
1.20234
1.20161
1.20104
1.20063
1.2005
1.20065
1.20119
1.20185
1.20264
1.20356
1.2046
1.20575
1.20663
1.2072
1.20763
1.20789
1.20754
1.20712
1.20659
1.20579
1.20464
1.20335
1.20209
1.20079
1.19944
1.19804
1.19692
1.1962
1.19563
1.19545
1.19568
1.19612
1.19673
1.1976
1.1988
1.20005
1.20129
1.2027
1.20405
1.20525
1.20641
1.20766
1.20884
1.20989
1.21062
1.21128
1.21184
1.21202
1.21197
1.21183
1.21122
1.21003
1.2084
1.20644
1.20406
1.20122
1.19832
1.19542
1.1928
1.19067
1.18922
1.18847
1.18827
1.18858
1.18896
1.18912
1.1889
1.18821
1.18716
1.18604
1.18494
1.18381
1.18295
1.18247
1.1823
1.1825
1.18308
1.18412
1.18573
1.1879
1.19054
1.19352
1.19688
1.20034
1.20366
1.20682
1.20964
1.21207
1.21411
1.21584
1.21713
1.21801
1.21861
1.21904
1.2193
1.21927
1.21908
1.21896
1.21878
1.21853
1.21832
1.21808
1.21763
1.21715
1.21652
1.2157
1.21474
1.21369
1.21259
1.21134
1.2099
1.2083
1.20665
1.20502
1.20343
1.20227
1.20181
1.20212
1.20321
1.205
1.20731
1.20977
1.21232
1.21457
1.21631
1.21761
1.21841
1.21867
1.21869
1.2182
1.21739
1.21596
1.21429
1.2125
1.21035
1.20787
1.2052
1.20274
1.20093
1.20019
1.20051
1.20198
1.20469
1.20807
1.21187
1.21585
1.21953
1.22278
1.22551
1.22758
1.22917
1.23028
1.23081
1.23087
1.23031
1.22899
1.22701
1.22443
1.2218
1.21982
1.21909
1.21949
1.22115
1.2236
1.22595
1.22787
1.22876
1.22841
1.2267
1.22407
1.22071
1.21713
1.21377
1.21163
1.21138
1.21276
1.21566
1.21951
1.22347
1.227
1.2298
1.23172
1.23271
1.2332
1.23322
1.23263
1.23165
1.2304
1.22871
1.22659
1.22395
1.22077
1.2172
1.21305
1.20821
1.20268
1.19665
1.1901
1.18361
1.17754
1.17257
1.16895
1.16662
1.16556
1.166
1.16832
1.17241
1.17795
1.18427
1.1904
1.1959
1.20017
1.20305
1.20476
1.20538
1.20509
1.20433
1.20306
1.20172
1.20049
1.19909
1.19747
1.19584
1.19415
1.19226
1.19036
1.18836
1.18618
1.18379
1.18105
1.17806
1.17478
1.17126
1.16758
1.16387
1.16052
1.15753
1.15508
1.15332
1.15248
1.15255
1.15335
1.15453
1.15591
1.15733
1.15867
1.15964
1.16022
1.16044
1.16035
1.15976
1.15892
1.15808
1.15713
1.15621
1.15548
1.15507
1.15488
1.15484
1.15496
1.15522
1.15556
1.15582
1.1559
1.15595
1.15585
1.15564
1.15534
1.155
1.15481
1.15462
1.15466
1.15457
1.15453
1.15422
1.15346
1.15196
1.14923
1.14491
1.13872
1.13119
1.12363
1.11862
1.11819
1.12288
1.13131
1.14059
1.14862
1.15466
1.15865
1.1607
1.16129
1.16091
1.15981
1.1583
1.15681
1.15572
1.15517
1.15514
1.15566
1.15652
1.15745
1.15821
1.15853
1.15856
1.15832
1.15798
1.15783
1.15796
1.15844
1.15909
1.15977
1.16046
1.16095
1.16109
1.16098
1.16064
1.16024
1.15985
1.15963
1.15971
1.16004
1.16065
1.16144
1.1623
1.16294
1.1631
1.16293
1.16228
1.16111
1.15921
1.15707
1.15499
1.15298
1.1512
1.15034
1.15046
1.15143
1.15291
1.15445
1.15575
1.15647
1.15677
1.157
1.15733
1.1578
1.15892
1.16071
1.16318
1.16577
1.16841
1.17107
1.17345
1.17558
1.17722
1.17843
1.17929
1.17986
1.18017
1.18016
1.1799
1.17918
1.17828
1.1771
1.17563
1.17398
1.17228
1.17069
1.16918
1.16807
1.16709
1.16657
1.16614
1.166
1.16613
1.16648
1.16698
1.1676
1.16817
1.16846
1.16832
1.16778
1.167
1.16601
1.16474
1.16319
1.16148
1.15945
1.15753
1.15574
1.15413
1.15288
1.15185
1.15113
1.15067
1.15051
1.15059
1.15092
1.15143
1.15212
1.15276
1.15335
1.15403
1.15462
1.1551
1.15562
1.15617
1.15675
1.1575
1.15814
1.15876
1.15919
1.15933
1.15915
1.15853
1.15725
1.1555
1.15354
1.15181
1.15061
1.15012
1.15063
1.15206
1.15419
1.15658
1.15865
1.16014
1.16094
1.16104
1.16038
1.15925
1.15802
1.15686
1.15604
1.15558
1.15566
1.15613
1.15651
1.15628
1.15544
1.15373
1.15151
1.14902
1.14692
1.14601
1.14708
1.14996
1.1542
1.15928
1.16446
1.16901
1.17249
1.17471
1.17592
1.17634
1.17603
1.17538
1.17469
1.17413
1.17356
1.17305
1.17274
1.17271
1.17277
1.17279
1.17272
1.17261
1.17241
1.17222
1.17191
1.17174
1.17171
1.1721
1.17287
1.17403
1.17563
1.17785
1.18059
1.18343
1.18637
1.18918
1.1918
1.19393
1.19576
1.19705
1.19757
1.19742
1.19653
1.19499
1.19256
1.18944
1.18564
1.18155
1.17811
1.17573
1.1747
1.17517
1.17689
1.17901
1.18103
1.18238
1.18295
1.18258
1.18144
1.18009
1.17884
1.17826
1.17851
1.17984
1.18192
1.18447
1.18737
1.19014
1.19269
1.19503
1.19702
1.1988
1.20032
1.20153
1.20246
1.20305
1.20348
1.20368
1.20398
1.20422
1.20401
1.20365
1.20296
1.20179
1.19989
1.19749
1.19443
1.19077
1.18694
1.18292
1.17934
1.17663
1.17511
1.17476
1.17531
1.17649
1.17794
1.17924
1.18031
1.18113
1.18156
1.18174
1.18164
1.18138
1.18116
1.1809
1.1806
1.18048
1.18011
1.17932
1.17805
1.17651
1.17493
1.1741
1.17433
1.17595
1.17898
1.18292
1.18717
1.19124
1.19476
1.19759
1.19973
1.2012
1.20219
1.20273
1.20298
1.20312
1.20327
1.20328
1.20328
1.20345
1.20365
1.20377
1.20383
1.20403
1.20423
1.2046
1.20495
1.20529
1.20553
1.2056
1.20561
1.20526
1.20478
1.20428
1.20332
1.20213
1.20082
1.19961
1.19826
1.19686
1.19555
1.19431
1.19322
1.19221
1.1914
1.19076
1.19034
1.19021
1.19026
1.19049
1.19096
1.19157
1.19221
1.19305
1.19409
1.19528
1.19644
1.19765
1.19872
1.19979
1.20098
1.20191
1.20278
1.20347
1.20404
1.20434
1.20447
1.20434
1.20395
1.20342
1.20268
1.20199
1.20109
1.20026
1.19951
1.19894
1.19853
1.19822
1.19778
1.19718
1.19658
1.19598
1.19532
1.19452
1.19369
1.19281
1.19181
1.19059
1.18922
1.18771
1.18626
1.18471
1.18303
1.18131
1.17959
1.17773
1.17573
1.1737
1.17182
1.17002
1.16851
1.1672
1.16629
1.16598
1.16647
1.16769
1.16936
1.17099
1.17237
1.17329
1.17346
1.17276
1.17137
1.16971
1.16827
1.16772
1.16839
1.17019
1.17285
1.17602
1.17905
1.1814
1.18317
1.18425
1.18482
1.18475
1.18408
1.18295
1.18147
1.17953
1.17705
1.17403
1.1705
1.1669
1.16356
1.16111
1.16005
1.16053
1.16234
1.16492
1.16772
1.17036
1.1726
1.17445
1.17608
1.17766
1.17934
1.18123
1.18328
1.18534
1.18737
1.18914
1.19049
1.1915
1.19193
1.19188
1.19134
1.19039
1.18947
1.18849
1.18785
1.18772
1.18781
1.18818
1.18854
1.18867
1.1883
1.18744
1.18618
1.18445
1.18263
1.18068
1.17882
1.17717
1.17601
1.17554
1.17608
1.1778
1.1805
1.18406
1.18798
1.19169
1.19499
1.19778
1.20007
1.20174
1.20314
1.20434
1.20558
1.20688
1.20838
1.2099
1.21137
1.21256
1.2136
1.21458
1.21534
1.21604
1.21676
1.21731
1.21766
1.2177
1.21745
1.21683
1.216
1.21494
1.21394
1.21318
1.21286
1.21309
1.21395
1.21537
1.2172
1.21913
1.22082
1.2223
1.22347
1.2242
1.22468
1.22477
1.2246
1.22441
1.2243
1.22418
1.224
1.2239
1.22392
1.22396
1.22389
1.22382
1.22371
1.22344
1.22325
1.22282
1.22227
1.22158
1.22062
1.21935
1.21785
1.2161
1.21405
1.21141
1.20835
1.20521
1.20185
1.19828
1.19482
1.19137
1.18834
1.18573
1.18384
1.18283
1.18247
1.18286
1.18403
1.18574
1.188
1.19079
1.1938
1.1969
1.19998
1.20293
1.20568
1.20825
1.21051
1.21245
1.21415
1.21548
1.2164
1.21701
1.21738
1.21761
1.21779
1.21772
1.21742
1.21706
1.21675
1.21628
1.21581
1.21536
1.21485
1.21437
1.21401
1.21374
1.21368
1.21374
1.2138
1.21404
1.21434
1.21484
1.21545
1.21605
1.21664
1.21707
1.21753
1.21755
1.2173
1.21688
1.21615
1.21514
1.21396
1.21277
1.21158
1.2103
1.20923
1.20845
1.20825
1.2088
1.21024
1.21258
1.21531
1.2183
1.22129
1.22395
1.2261
1.22744
1.22781
1.22733
1.22574
1.22308
1.21921
1.21422
1.2083
1.20223
1.19675
1.19308
1.19195
1.19344
1.19675
1.20062
1.20394
1.20609
1.2066
1.2057
1.20422
1.20282
1.20257
1.20398
1.20717
1.21184
1.21733
1.22296
1.22823
1.23266
1.23613
1.23847
1.23995
1.24071
1.24099
1.24083
1.24057
1.23985
1.23886
1.23796
1.23672
1.23519
1.23342
1.2313
1.22888
1.22614
1.22327
1.22
1.21635
1.21266
1.20931
1.20624
1.20399
1.20235
1.20144
1.20135
1.20183
1.20276
1.20391
1.205
1.2062
1.20741
1.20878
1.2101
1.2115
1.21296
1.2
1.20133
1.20273
1.20404
1.2049
1.20552
1.20593
1.20622
1.20601
1.20558
1.20487
1.20404
1.20313
1.20195
1.20068
1.19943
1.1983
1.19739
1.19668
1.19616
1.19602
1.19609
1.19623
1.19625
1.19626
1.19615
1.19581
1.19536
1.19483
1.19423
1.19365
1.19291
1.1919
1.19044
1.18826
1.18542
1.18201
1.17862
1.17601
1.17501
1.17611
1.1791
1.18326
1.18782
1.19222
1.19594
1.19899
1.20151
1.20358
1.20491
1.20568
1.20599
1.20577
1.20519
1.20407
1.20261
1.20083
1.19879
1.19645
1.19388
1.19099
1.1879
1.18475
1.18154
1.17822
1.17525
1.17265
1.1705
1.16894
1.16854
1.16948
1.17178
1.17566
1.18061
1.18634
1.19238
1.19851
1.20423
1.20939
1.21371
1.21717
1.21975
1.22146
1.22216
1.22198
1.22107
1.21956
1.21771
1.21565
1.21385
1.21238
1.21113
1.21027
1.20978
1.20954
1.2095
1.20975
1.21012
1.21027
1.20992
1.20877
1.20694
1.20414
1.2005
1.19616
1.19155
1.1875
1.18488
1.18443
1.18639
1.19047
1.19552
1.20064
1.20488
1.20773
1.20901
1.20873
1.20715
1.2048
1.20201
1.19916
1.19705
1.19589
1.19571
1.19648
1.19772
1.19913
1.20049
1.2019
1.20334
1.20499
1.20682
1.20883
1.21066
1.21217
1.21313
1.21344
1.21328
1.21284
1.21176
1.21033
1.20857
1.20661
1.20465
1.2029
1.20131
1.1999
1.19857
1.19734
1.19638
1.19546
1.19456
1.19364
1.19274
1.1919
1.191
1.19006
1.18913
1.18805
1.18681
1.18548
1.18392
1.18249
1.18098
1.1796
1.17838
1.17717
1.17607
1.1751
1.17435
1.17392
1.17371
1.17376
1.174
1.17429
1.17459
1.17471
1.17484
1.17501
1.17525
1.17553
1.17611
1.17667
1.17701
1.17703
1.17647
1.17534
1.17334
1.17013
1.16571
1.16004
1.1537
1.14755
1.14238
1.1393
1.13881
1.14119
1.14582
1.15158
1.15771
1.1634
1.16826
1.17207
1.17476
1.17653
1.17763
1.17819
1.17819
1.17775
1.17694
1.1759
1.17458
1.17303
1.17134
1.16949
1.16765
1.16588
1.16441
1.16339
1.16287
1.16294
1.16341
1.16423
1.16494
1.16548
1.16571
1.16559
1.16527
1.16475
1.16422
1.16391
1.16397
1.1645
1.16542
1.16661
1.16804
1.1695
1.17095
1.17235
1.1733
1.17392
1.17422
1.17429
1.17411
1.17357
1.17297
1.17217
1.1715
1.17112
1.171
1.17158
1.17272
1.17442
1.17672
1.17936
1.18199
1.18455
1.18695
1.18912
1.191
1.19271
1.19407
1.1954
1.19664
1.1981
1.19953
1.20096
1.20209
1.20312
1.20385
1.20436
1.20482
1.20519
1.20522
1.20511
1.20492
1.20471
1.20438
1.20419
1.20443
1.2047
1.20515
1.20559
1.20591
1.2059
1.20522
1.20381
1.20177
1.1993
1.19705
1.1958
1.19563
1.19668
1.19864
1.20116
1.20355
1.20532
1.20651
1.20712
1.20756
1.20797
1.20867
1.20978
1.21107
1.21243
1.21348
1.21384
1.21292
1.21055
1.20655
1.20099
1.19458
1.1884
1.18354
1.18162
1.18311
1.18753
1.19366
1.20018
1.2063
1.21141
1.21508
1.21737
1.21877
1.21956
1.21985
1.21972
1.21963
1.21953
1.21962
1.21995
1.22013
1.22043
1.22067
1.22105
1.2215
1.22197
1.22245
1.22282
1.22322
1.2235
1.22354
1.22345
1.22327
1.22298
1.22255
1.22201
1.2214
1.22067
1.21969
1.21884
1.218
1.21699
1.21588
1.2145
1.21279
1.21077
1.20848
1.20612
1.2038
1.20226
1.20139
1.20127
1.20209
1.20349
1.20516
1.20649
1.20718
1.20746
1.20753
1.20736
1.20712
1.20686
1.2064
1.20605
1.20564
1.20519
1.20471
1.20427
1.20419
1.20427
1.20439
1.20444
1.20433
1.20395
1.20323
1.20213
1.20068
1.19902
1.19715
1.19535
1.19378
1.19258
1.19184
1.19187
1.19269
1.19441
1.197
1.20007
1.20339
1.20649
1.20892
1.21075
1.21197
1.21228
1.21195
1.21097
1.20934
1.2076
1.20566
1.20368
1.20173
1.20014
1.19886
1.19778
1.19685
1.19604
1.19519
1.19444
1.19397
1.19386
1.19449
1.1956
1.19713
1.19871
1.20001
1.20062
1.20051
1.19978
1.19846
1.19694
1.19548
1.19417
1.193
1.19196
1.19115
1.19055
1.19022
1.19015
1.19027
1.19038
1.19066
1.191
1.19164
1.19269
1.19417
1.19574
1.19746
1.19912
1.20065
1.20224
1.2038
1.20549
1.20747
1.20955
1.21174
1.21404
1.21652
1.21909
1.22164
1.22401
1.22618
1.22811
1.2296
1.23047
1.23076
1.23009
1.22844
1.22558
1.2213
1.21521
1.20734
1.19821
1.1887
1.18042
1.17504
1.17373
1.17613
1.18122
1.18762
1.19399
1.19966
1.20444
1.20818
1.21066
1.21218
1.213
1.2135
1.21365
1.21398
1.21455
1.21535
1.21635
1.2175
1.21883
1.21993
1.2208
1.22154
1.22169
1.22128
1.22043
1.21886
1.21654
1.21339
1.2094
1.20487
1.19988
1.1952
1.19131
1.18887
1.18823
1.18943
1.19208
1.19534
1.1988
1.20199
1.20458
1.20626
1.20704
1.20703
1.20625
1.20496
1.20334
1.20176
1.20059
1.20012
1.20017
1.20086
1.20196
1.20326
1.2047
1.20617
1.20737
1.20834
1.20904
1.20952
1.20954
1.20944
1.20932
1.20911
1.20879
1.20841
1.20804
1.20743
1.20672
1.20606
1.20541
1.20459
1.20354
1.20223
1.20085
1.1994
1.19798
1.19664
1.19516
1.19355
1.19179
1.18998
1.18823
1.18676
1.18546
1.18428
1.18346
1.18266
1.18181
1.18098
1.18042
1.18049
1.1815
1.18385
1.1876
1.19221
1.19719
1.2022
1.20662
1.21022
1.21296
1.21456
1.21519
1.21503
1.21403
1.21235
1.21029
1.20839
1.20692
1.20629
1.2067
1.20825
1.21069
1.21354
1.21645
1.21928
1.22152
1.22318
1.22424
1.22481
1.22495
1.22452
1.22382
1.22306
1.22222
1.22083
1.21887
1.21614
1.21248
1.20808
1.20318
1.19798
1.19321
1.18941
1.18743
1.1877
1.19024
1.19483
1.20072
1.20711
1.21289
1.2172
1.21978
1.2204
1.2192
1.21641
1.21265
1.20824
1.20391
1.20005
1.19726
1.19582
1.196
1.19749
1.20018
1.20373
1.20756
1.21113
1.21462
1.21791
1.22091
1.22351
1.22561
1.22733
1.22851
1.22907
1.2291
1.22846
1.22744
1.22595
1.22375
1.22084
1.21738
1.21333
1.20886
1.20425
1.19978
1.1959
1.1929
1.19111
1.19032
1.19001
1.18976
1.1891
1.18791
1.18637
1.18478
1.18371
1.18379
1.18526
1.18811
1.19156
1.19498
1.19817
1.2006
1.20232
1.20338
1.20374
1.20361
1.20307
1.20204
1.20048
1.19878
1.19667
1.19432
1.19193
1.18952
1.18716
1.18498
1.18301
1.18137
1.17992
1.1787
1.17759
1.17661
1.1757
1.17479
1.17405
1.17346
1.17314
1.17243
1.17179
1.1715
1.17112
1.17092
1.17093
1.17095
1.17099
1.17132
1.17181
1.1725
1.17319
1.1738
1.17423
1.17426
1.17389
1.17314
1.17198
1.1707
1.16937
1.16827
1.16764
1.16763
1.16805
1.16894
1.17026
1.17174
1.17315
1.17427
1.17532
1.17606
1.1765
1.17663
1.17642
1.17595
1.17521
1.1742
1.17293
1.17137
1.1695
1.16731
1.1649
1.16239
1.15991
1.15764
1.15583
1.15469
1.15422
1.1543
1.15505
1.15633
1.15774
1.15924
1.1605
1.16158
1.16237
1.16276
1.16272
1.16249
1.16204
1.16124
1.16017
1.15921
1.15833
1.15744
1.15686
1.15667
1.15672
1.1572
1.15772
1.15843
1.15928
1.16005
1.16073
1.16121
1.16172
1.162
1.16223
1.16227
1.16193
1.16118
1.15994
1.15834
1.15656
1.15498
1.15395
1.15361
1.15414
1.15575
1.15809
1.16098
1.16379
1.16635
1.16864
1.17047
1.17184
1.17254
1.17265
1.17239
1.17173
1.17075
1.16953
1.16782
1.16569
1.16335
1.1609
1.1585
1.15629
1.1546
1.1537
1.15365
1.15428
1.15552
1.15709
1.1588
1.16054
1.162
1.16283
1.16304
1.16289
1.16227
1.16113
1.15968
1.15806
1.15639
1.15474
1.15312
1.15196
1.1509
1.15001
1.14935
1.14887
1.14866
1.14866
1.14902
1.14972
1.15064
1.1516
1.15234
1.15265
1.15233
1.15116
1.14893
1.14581
1.14218
1.13863
1.136
1.13497
1.13613
1.13933
1.14395
1.14934
1.15465
1.15947
1.16333
1.16608
1.1681
1.16925
1.16955
1.16929
1.16864
1.16751
1.16589
1.16374
1.161
1.15803
1.15498
1.15195
1.14931
1.14723
1.14568
1.14495
1.14529
1.1467
1.14909
1.15231
1.1562
1.16035
1.16455
1.16855
1.17207
1.17475
1.17648
1.17695
1.17641
1.1746
1.17176
1.16803
1.16398
1.16006
1.15672
1.15435
1.15276
1.15168
1.15036
1.14838
1.14591
1.14287
1.14024
1.13897
1.13992
1.14309
1.1477
1.15288
1.15789
1.16244
1.16579
1.1683
1.16986
1.17062
1.17091
1.17067
1.17006
1.16937
1.16834
1.16716
1.16593
1.16457
1.1632
1.16194
1.16071
1.15929
1.15808
1.15705
1.15603
1.1551
1.1544
1.15382
1.1534
1.15317
1.15301
1.15294
1.15303
1.15308
1.15319
1.15324
1.1532
1.15323
1.15303
1.15272
1.15239
1.15187
1.15129
1.15048
1.14958
1.14851
1.14741
1.14623
1.145
1.14368
1.14225
1.14084
1.13963
1.1386
1.1379
1.13767
1.13766
1.13785
1.13818
1.1386
1.13905
1.13944
1.13969
1.13984
1.13997
1.14011
1.14024
1.14047
1.14074
1.14106
1.14126
1.14146
1.14149
1.14137
1.14098
1.14031
1.13938
1.13826
1.13695
1.13551
1.13409
1.13284
1.13205
1.13176
1.13231
1.13342
1.13507
1.13725
1.13968
1.14209
1.14443
1.14625
1.14749
1.14806
1.14794
1.14727
1.14623
1.14467
1.14283
1.14038
1.13756
1.1343
1.13079
1.12746
1.12461
1.2
1.19874
1.19979
1.20305
1.20832
1.2145
1.22059
1.22582
1.22985
1.23265
1.2344
1.23535
1.23597
1.23634
1.23659
1.23675
1.23693
1.23719
1.23738
1.23749
1.23749
1.23747
1.2374
1.23722
1.23706
1.23708
1.23708
1.23719
1.23741
1.23759
1.23793
1.23848
1.23903
1.23951
1.23991
1.2403
1.24069
1.24099
1.24129
1.24155
1.24185
1.24229
1.24273
1.24341
1.24402
1.24469
1.24544
1.24637
1.24718
1.24805
1.2487
1.24918
1.24944
1.24945
1.2491
1.24849
1.24758
1.24667
1.24587
1.24543
1.24548
1.24587
1.24674
1.24789
1.24913
1.25033
1.25142
1.25225
1.25298
1.25342
1.25376
1.25404
1.25415
1.25431
1.25466
1.25513
1.25558
1.25612
1.25682
1.25767
1.2586
1.25944
1.26031
1.26131
1.26224
1.26318
1.26419
1.26499
1.26568
1.26636
1.26685
1.2671
1.26732
1.26751
1.26755
1.26744
1.26712
1.26661
1.26613
1.26555
1.26485
1.26414
1.26339
1.26279
1.26216
1.26173
1.26152
1.26143
1.26144
1.26162
1.26202
1.26241
1.26286
1.26336
1.26375
1.26413
1.26437
1.26447
1.26444
1.26444
1.26445
1.26447
1.26456
1.26468
1.26477
1.2649
1.26512
1.26523
1.26523
1.26525
1.26532
1.2654
1.26552
1.26581
1.26638
1.26727
1.2684
1.26968
1.27105
1.27265
1.2742
1.27565
1.27681
1.27787
1.27859
1.27904
1.27924
1.27912
1.27876
1.27829
1.27779
1.27729
1.27708
1.27712
1.27743
1.27808
1.27895
1.28001
1.28123
1.28243
1.2836
1.28465
1.28564
1.28646
1.28699
1.28745
1.28783
1.28829
1.28884
1.28935
1.29002
1.2906
1.29108
1.2916
1.29202
1.29227
1.29252
1.29261
1.29259
1.29272
1.29303
1.29353
1.29416
1.29506
1.29609
1.29722
1.29835
1.29953
1.30077
1.30207
1.30327
1.30424
1.30513
1.30603
1.30694
1.30772
1.30857
1.30962
1.31058
1.31141
1.31221
1.31302
1.31368
1.31411
1.31422
1.31389
1.31333
1.31244
1.31133
1.3098
1.30803
1.30612
1.30418
1.30243
1.30097
1.29997
1.29968
1.29993
1.30073
1.30161
1.30276
1.3039
1.30509
1.30637
1.30754
1.30884
1.30991
1.31079
1.31147
1.31188
1.31211
1.31237
1.31293
1.31359
1.31455
1.31591
1.31734
1.31881
1.32037
1.32148
1.32222
1.32247
1.32243
1.32212
1.32126
1.31986
1.3182
1.31627
1.31412
1.31158
1.30849
1.30508
1.30131
1.29737
1.29335
1.28923
1.28534
1.28212
1.28008
1.27954
1.28086
1.28363
1.28744
1.29143
1.29498
1.29776
1.29934
1.29971
1.29886
1.297
1.2942
1.29094
1.28773
1.28514
1.28383
1.28378
1.28491
1.28687
1.28944
1.29214
1.29467
1.29678
1.29834
1.29921
1.29957
1.29939
1.29872
1.29763
1.2964
1.29508
1.29362
1.29228
1.29097
1.28971
1.28866
1.28779
1.28707
1.28655
1.28621
1.28599
1.28589
1.28575
1.28555
1.28532
1.28501
1.28446
1.28393
1.28311
1.28194
1.2803
1.27809
1.27553
1.27262
1.26961
1.26637
1.26331
1.26063
1.25839
1.25685
1.25589
1.25543
1.25545
1.25587
1.25656
1.25728
1.25801
1.25864
1.25931
1.26005
1.26067
1.2611
1.2612
1.26117
1.26113
1.26087
1.26031
1.25944
1.25855
1.25752
1.2564
1.25518
1.25414
1.25325
1.25264
1.2522
1.25197
1.25194
1.25219
1.2527
1.25345
1.25428
1.25523
1.25626
1.25733
1.25832
1.25929
1.2601
1.26086
1.26148
1.26195
1.26245
1.2628
1.26295
1.26317
1.26331
1.26327
1.263
1.26258
1.26201
1.26099
1.25964
1.25803
1.25609
1.25397
1.25178
1.24982
1.24825
1.24742
1.2473
1.24784
1.2491
1.25085
1.25276
1.25468
1.25649
1.25811
1.25963
1.26103
1.26245
1.26395
1.26532
1.26637
1.26724
1.26774
1.26772
1.26722
1.26597
1.26386
1.26074
1.25679
1.25222
1.24765
1.24433
1.24324
1.24486
1.24897
1.25467
1.26079
1.26658
1.27142
1.27526
1.27815
1.28009
1.28128
1.28186
1.28204
1.28203
1.28173
1.28126
1.28087
1.28076
1.28084
1.28112
1.28149
1.28192
1.28229
1.28269
1.28287
1.28298
1.28291
1.28268
1.28219
1.28139
1.28018
1.27881
1.27721
1.27555
1.27398
1.2726
1.27153
1.27093
1.27079
1.27109
1.27149
1.27189
1.2724
1.27273
1.27274
1.27256
1.27228
1.27212
1.27224
1.27287
1.2739
1.27502
1.27589
1.27633
1.27587
1.27398
1.27074
1.26629
1.26162
1.25808
1.25674
1.25812
1.26169
1.26619
1.27053
1.27376
1.27555
1.27624
1.27607
1.27563
1.27541
1.27583
1.27702
1.2788
1.28118
1.2838
1.2862
1.28831
1.29028
1.29191
1.29322
1.2943
1.29532
1.29619
1.29703
1.29767
1.29815
1.29835
1.29823
1.29769
1.29657
1.29478
1.2926
1.2898
1.28668
1.28352
1.28052
1.27799
1.2762
1.27518
1.27505
1.27569
1.27678
1.27804
1.27909
1.27988
1.28032
1.28036
1.28018
1.2801
1.28049
1.28145
1.28341
1.28616
1.28938
1.29288
1.29647
1.29959
1.30224
1.3043
1.30575
1.30673
1.3074
1.30751
1.30738
1.30701
1.30659
1.30623
1.30572
1.30526
1.30488
1.30437
1.30386
1.30338
1.30273
1.30228
1.30198
1.30173
1.3016
1.30162
1.30173
1.30178
1.30171
1.30127
1.30069
1.29986
1.29879
1.29759
1.29602
1.29445
1.2928
1.29104
1.28904
1.28684
1.28454
1.28263
1.2816
1.28176
1.28341
1.28638
1.29048
1.29515
1.29991
1.30409
1.30784
1.31085
1.31319
1.31493
1.31621
1.31712
1.31771
1.31816
1.3182
1.31811
1.31795
1.31753
1.31701
1.31635
1.3155
1.31443
1.31291
1.31083
1.30817
1.30524
1.30203
1.29873
1.29593
1.29431
1.29454
1.29641
1.29964
1.30343
1.30707
1.30986
1.31163
1.31241
1.31268
1.31279
1.31322
1.31449
1.31646
1.3191
1.32191
1.3247
1.32699
1.32857
1.32915
1.32863
1.32684
1.32361
1.31891
1.31299
1.30608
1.29895
1.29252
1.28786
1.28599
1.28737
1.29152
1.29756
1.30441
1.311
1.31671
1.32158
1.32561
1.32893
1.33177
1.33407
1.33602
1.3374
1.33852
1.33933
1.3399
1.34053
1.34128
1.34208
1.34284
1.3433
1.34347
1.34328
1.34272
1.34149
1.33986
1.33809
1.33641
1.33497
1.33362
1.33275
1.33246
1.33274
1.33355
1.33475
1.33628
1.33833
1.34059
1.34289
1.3451
1.34703
1.34885
1.35032
1.35155
1.35229
1.35255
1.35227
1.35134
1.34977
1.34764
1.34529
1.34277
1.34
1.33713
1.33413
1.33134
1.32867
1.32641
1.32489
1.32415
1.32442
1.32576
1.32828
1.33178
1.33588
1.34019
1.3444
1.34807
1.35121
1.35333
1.35463
1.35518
1.35483
1.35387
1.35251
1.35092
1.34916
1.34735
1.34546
1.34352
1.34188
1.34023
1.33857
1.33681
1.33516
1.33368
1.33222
1.33098
1.32979
1.3289
1.32819
1.32748
1.32683
1.32643
1.32593
1.32505
1.32411
1.3231
1.32215
1.32133
1.3205
1.31985
1.31936
1.3189
1.31862
1.3182
1.3178
1.31753
1.31735
1.3173
1.3174
1.31759
1.31797
1.31833
1.31861
1.31864
1.31843
1.31807
1.31736
1.31622
1.31483
1.31336
1.3115
1.30949
1.30751
1.30543
1.30349
1.30168
1.29998
1.29844
1.29686
1.29537
1.29382
1.2925
1.29173
1.29152
1.29191
1.2927
1.29384
1.29523
1.29665
1.29798
1.29915
1.29999
1.30053
1.30083
1.3008
1.30079
1.30057
1.30025
1.29989
1.29934
1.29874
1.29834
1.29798
1.29765
1.29732
1.29698
1.29672
1.29657
1.29626
1.29589
1.29545
1.2948
1.29396
1.29297
1.29179
1.29039
1.28877
1.28702
1.285
1.28285
1.28092
1.27929
1.27812
1.27744
1.27738
1.27792
1.2789
1.28033
1.28207
1.28389
1.28584
1.28787
1.28988
1.29185
1.29349
1.29475
1.29561
1.29615
1.29614
1.29561
1.29434
1.29213
1.28883
1.28423
1.27807
1.27047
1.26205
1.25414
1.24856
1.24724
1.25071
1.25757
1.2657
1.27314
1.27899
1.28307
1.2857
1.28709
1.28767
1.28744
1.28676
1.28554
1.28395
1.28207
1.27978
1.27735
1.27486
1.27275
1.27137
1.27106
1.27222
1.27482
1.27861
1.28321
1.28812
1.29284
1.29696
1.3002
1.30252
1.30402
1.30479
1.30511
1.30517
1.30521
1.30526
1.30495
1.30388
1.3021
1.2994
1.29559
1.29111
1.28668
1.28323
1.28175
1.28249
1.28498
1.28862
1.29214
1.29498
1.29688
1.29817
1.2988
1.29901
1.2991
1.29934
1.30003
1.30097
1.30226
1.30399
1.30612
1.30862
1.31123
1.31398
1.31667
1.3191
1.32104
1.32238
1.32313
1.32312
1.3223
1.32074
1.31831
1.3152
1.31179
1.30852
1.30577
1.304
1.30384
1.30523
1.3078
1.31101
1.31443
1.31756
1.32008
1.32152
1.32211
1.32216
1.32183
1.32169
1.32204
1.32296
1.32456
1.32663
1.32902
1.33149
1.33347
1.33477
1.33529
1.3351
1.33432
1.33255
1.32982
1.32631
1.32221
1.31763
1.31288
1.30813
1.30398
1.30109
1.29958
1.29968
1.30092
1.30293
1.30536
1.30826
1.31123
1.31427
1.3174
1.3205
1.32355
1.3265
1.32918
1.33137
1.333
1.33401
1.33441
1.33437
1.33397
1.33318
1.33211
1.33085
1.32965
1.32846
1.32759
1.32684
1.32633
1.32609
1.32617
1.32631
1.32652
1.32676
1.32689
1.32684
1.32656
1.32596
1.32498
1.32384
1.32265
1.3212
1.3195
1.31753
1.31541
1.31319
1.31105
1.30898
1.30716
1.30573
1.30483
1.30458
1.30488
1.30579
1.30737
1.30935
1.31152
1.31385
1.31609
1.31815
1.3199
1.32142
1.32271
1.32361
1.32397
1.32398
1.3236
1.32276
1.32133
1.31947
1.31715
1.31439
1.2
1.19714
1.19393
1.19087
1.1883
1.18652
1.18574
1.18608
1.18755
1.19002
1.19323
1.19705
1.20107
1.20498
1.20859
1.21188
1.21481
1.21742
1.21949
1.2211
1.22234
1.22342
1.22439
1.22513
1.2257
1.22602
1.22621
1.22624
1.22613
1.22571
1.22506
1.22406
1.22259
1.2208
1.2187
1.2163
1.21373
1.21122
1.20916
1.20788
1.20738
1.20758
1.20839
1.20963
1.21117
1.21262
1.21398
1.21521
1.21631
1.21719
1.21806
1.21884
1.21931
1.21973
1.21996
1.21977
1.21901
1.21745
1.21477
1.21078
1.20558
1.19968
1.19348
1.1877
1.18304
1.17994
1.1785
1.17862
1.18
1.18225
1.18532
1.18939
1.19431
1.20007
1.20671
1.214
1.22173
1.22934
1.23628
1.24206
1.24647
1.24975
1.25169
1.25256
1.25276
1.25225
1.25127
1.24976
1.24793
1.24559
1.24295
1.24008
1.23721
1.23418
1.23115
1.22817
1.22509
1.22203
1.21915
1.21675
1.21489
1.21379
1.21333
1.21374
1.21473
1.21579
1.21675
1.21741
1.21766
1.21754
1.21671
1.2151
1.21279
1.20974
1.20594
1.20159
1.19702
1.19247
1.18831
1.18494
1.18205
1.18021
1.17966
1.18092
1.18368
1.18754
1.19191
1.19615
1.19987
1.20281
1.20504
1.20662
1.20765
1.2083
1.20893
1.20926
1.20933
1.20914
1.20884
1.20842
1.20784
1.20712
1.20621
1.2053
1.20445
1.20396
1.20376
1.20384
1.20413
1.20468
1.20552
1.20665
1.20787
1.2092
1.21041
1.21159
1.21269
1.21372
1.2145
1.21516
1.21554
1.21581
1.21582
1.2157
1.21545
1.21505
1.2145
1.21369
1.21265
1.21141
1.21012
1.20893
1.2079
1.20698
1.20601
1.20517
1.20433
1.20354
1.20257
1.20149
1.20025
1.19903
1.19815
1.19768
1.19783
1.1987
1.20024
1.20245
1.20505
1.20775
1.21054
1.21329
1.21609
1.21873
1.22123
1.22355
1.22581
1.22785
1.22975
1.23157
1.23324
1.23478
1.23612
1.23738
1.2385
1.23953
1.24037
1.24102
1.24179
1.24243
1.243
1.24337
1.24366
1.24399
1.24422
1.24407
1.24361
1.24278
1.24147
1.23967
1.23734
1.2344
1.23084
1.22677
1.22251
1.2184
1.21483
1.21198
1.20963
1.20807
1.207
1.20628
1.20629
1.20685
1.20832
1.21052
1.2133
1.21643
1.21963
1.22277
1.22588
1.22892
1.23172
1.23455
1.23726
1.23995
1.24234
1.24461
1.24638
1.24775
1.24876
1.24937
1.24967
1.24963
1.24905
1.24827
1.2475
1.24646
1.24532
1.24413
1.24285
1.24161
1.2403
1.23875
1.23707
1.23515
1.23308
1.23096
1.2293
1.2283
1.2282
1.2292
1.23124
1.2338
1.23656
1.23911
1.24119
1.24263
1.24324
1.24307
1.24213
1.24058
1.23863
1.23661
1.23463
1.23286
1.2316
1.23099
1.23092
1.23124
1.23177
1.23239
1.23301
1.23341
1.23347
1.23291
1.232
1.23082
1.22945
1.22792
1.22657
1.22542
1.22463
1.22424
1.22425
1.2246
1.22532
1.22645
1.2277
1.2289
1.22987
1.23075
1.23151
1.23209
1.23224
1.23202
1.23122
1.22994
1.2281
1.22564
1.22258
1.2191
1.21545
1.21165
1.2082
1.20536
1.20345
1.20243
1.20236
1.203
1.20413
1.20546
1.20667
1.20756
1.20793
1.20773
1.20701
1.20585
1.20454
1.20345
1.20298
1.20333
1.20461
1.2069
1.20951
1.21219
1.2146
1.21677
1.21851
1.2198
1.22066
1.22123
1.22152
1.22173
1.22176
1.22134
1.22076
1.22022
1.21987
1.21975
1.21988
1.22018
1.22072
1.22168
1.22283
1.22422
1.2255
1.2267
1.2276
1.22819
1.22823
1.22799
1.22759
1.22725
1.22719
1.22751
1.22805
1.22872
1.2295
1.23031
1.23121
1.23215
1.2333
1.23457
1.23594
1.23757
1.23962
1.24204
1.24457
1.24708
1.24957
1.25165
1.25329
1.25468
1.25565
1.25613
1.25632
1.25642
1.25673
1.25698
1.25751
1.2585
1.25979
1.26139
1.263
1.26477
1.26665
1.26851
1.27003
1.27127
1.27228
1.27281
1.27287
1.27275
1.27219
1.27141
1.27024
1.26858
1.26647
1.26391
1.26082
1.25735
1.25363
1.24972
1.24606
1.24265
1.23986
1.2379
1.23699
1.23701
1.2376
1.23877
1.24016
1.24176
1.24351
1.24508
1.24647
1.24769
1.2486
1.2492
1.2495
1.24953
1.24952
1.24935
1.24921
1.24935
1.24977
1.2504
1.25155
1.25325
1.25529
1.25772
1.26022
1.26275
1.26521
1.26741
1.26935
1.27097
1.27227
1.27336
1.27415
1.27458
1.27483
1.27508
1.2751
1.27496
1.2747
1.27449
1.27408
1.27349
1.2729
1.27209
1.27103
1.26969
1.26812
1.26637
1.26443
1.26242
1.26043
1.25883
1.25723
1.25545
1.25357
1.25136
1.24862
1.24541
1.24184
1.23805
1.23428
1.2311
1.2288
1.22761
1.22779
1.2295
1.23241
1.23632
1.24089
1.24573
1.25055
1.25503
1.25902
1.26242
1.26517
1.26741
1.26904
1.27026
1.2712
1.27197
1.27255
1.27285
1.2734
1.27397
1.27446
1.27486
1.27514
1.27536
1.27562
1.27608
1.27646
1.2766
1.27685
1.27718
1.27769
1.27807
1.27823
1.27785
1.27701
1.2755
1.27317
1.26983
1.26531
1.25978
1.25298
1.24554
1.23798
1.23116
1.22604
1.22378
1.22457
1.22815
1.23376
1.24023
1.24696
1.25321
1.25858
1.26305
1.26688
1.26993
1.27226
1.27408
1.27515
1.27549
1.27535
1.27468
1.27371
1.2722
1.27002
1.2672
1.26411
1.26119
1.25888
1.25733
1.25665
1.25699
1.25813
1.25995
1.2622
1.26448
1.26656
1.26822
1.26925
1.2701
1.27078
1.2711
1.27115
1.27099
1.27065
1.27015
1.26936
1.26845
1.26769
1.26708
1.26673
1.26663
1.26684
1.26736
1.26817
1.26893
1.2695
1.26992
1.27034
1.27059
1.27079
1.27105
1.27139
1.27171
1.2724
1.27321
1.27399
1.27466
1.27519
1.27561
1.27552
1.27492
1.27377
1.27228
1.27024
1.268
1.26594
1.26407
1.26245
1.26107
1.2602
1.2597
1.25968
1.26015
1.26111
1.26248
1.26395
1.26537
1.26672
1.26775
1.2686
1.26903
1.26907
1.26871
1.2681
1.26725
1.26605
1.26475
1.26341
1.26216
1.2612
1.26065
1.2607
1.26138
1.26251
1.26413
1.26569
1.26709
1.26812
1.26862
1.26879
1.26854
1.26819
1.26786
1.26744
1.2669
1.26581
1.26417
1.26151
1.25764
1.25264
1.24689
1.24121
1.23648
1.2338
1.23365
1.23593
1.23972
1.24425
1.24884
1.25312
1.25678
1.25974
1.26193
1.26338
1.26411
1.26391
1.26302
1.26118
1.2584
1.25498
1.25115
1.2478
1.24561
1.24494
1.24603
1.24837
1.25151
1.2546
1.257
1.2586
1.25938
1.25936
1.25871
1.25769
1.25643
1.25524
1.25416
1.25324
1.25263
1.25228
1.25208
1.25206
1.25212
1.25232
1.25255
1.25248
1.25237
1.25208
1.25158
1.25091
1.25029
1.24964
1.24889
1.24812
1.24727
1.24647
1.24553
1.24463
1.24374
1.2428
1.24178
1.24071
1.23993
1.23907
1.23803
1.23684
1.23558
1.23425
1.23294
1.2315
1.22983
1.22813
1.22628
1.22424
1.22213
1.21996
1.21771
1.21541
1.21314
1.21096
1.20928
1.20829
1.20818
1.2088
1.21024
1.21221
1.21427
1.21595
1.21746
1.21868
1.21971
1.22051
1.22124
1.22181
1.22207
1.22208
1.222
1.22181
1.2214
1.22085
1.22026
1.21946
1.21836
1.21719
1.21591
1.21452
1.21304
1.21148
1.20988
1.20797
1.20602
1.20396
1.20179
1.19976
1.19786
1.19624
1.19496
1.19406
1.19341
1.1931
1.19292
1.19284
1.19276
1.1926
1.19234
1.19208
1.19177
1.19152
1.19125
1.19108
1.191
1.19106
1.19122
1.19147
1.1918
1.19215
1.19254
1.19291
1.19333
1.19373
1.19403
1.19436
1.19468
1.19493
1.19517
1.19537
1.19554
1.19571
1.19582
1.1959
1.19592
1.19588
1.19588
1.19585
1.19582
1.19582
1.19592
1.19604
1.1962
1.19647
1.19678
1.19703
1.19713
1.19725
1.19733
1.1973
1.19731
1.19715
1.19681
1.19627
1.19564
1.19473
1.19355
1.19219
1.19075
1.18944
1.18846
1.1879
1.18806
1.18899
1.19072
1.19319
1.19607
1.19905
1.20221
1.20522
1.20816
1.21089
1.21307
1.2151
1.21685
1.21828
1.21944
1.2204
1.22111
1.22169
1.22217
1.22262
1.22298
1.22314
1.22307
1.22297
1.22292
1.22276
1.22267
1.22256
1.22243
1.22228
1.22198
1.22162
1.22128
1.22098
1.2207
1.22059
1.22051
1.22057
1.22095
1.22147
1.22263
1.22436
1.22639
1.22844
1.23037
1.23223
1.23406
1.23618
1.2386
1.24125
1.24416
1.24711
1.24985
1.25232
1.25436
1.25568
1.25636
1.25632
1.25568
1.25432
1.25228
1.24977
1.24684
1.24348
1.2399
1.23628
1.23286
1.23027
1.2287
1.22807
1.22818
1.22898
1.23028
1.23191
1.2335
1.23495
1.23608
1.23651
1.2365
1.2359
1.23472
1.23317
1.23124
1.22925
1.22761
1.22658
1.22654
1.2275
1.22954
1.23256
1.23619
1.24001
1.24375
1.24713
1.25005
1.25246
1.25418
1.25524
1.25582
1.25575
1.25514
1.25435
1.25319
1.25169
1.2499
1.24771
1.24517
1.24231
1.23929
1.23638
1.23387
1.23181
1.23034
1.22951
1.22931
1.22964
1.2302
1.23139
1.23289
1.23459
1.23649
1.23866
1.24089
1.24306
1.24509
1.24694
1.24864
1.25025
1.25173
1.25304
1.25422
1.25551
1.25686
1.25821
1.25953
1.26078
1.262
1.26345
1.26498
1.26621
1.26745
1.26862
1.26982
1.27095
1.27166
1.27221
1.27262
1.27263
1.27228
1.27144
1.27046
1.26922
1.2676
1.26594
1.26432
1.26284
1.26129
1.26
1.25883
1.25798
1.25747
1.25738
1.25768
1.25881
1.26057
1.26281
1.26504
1.26721
1.26882
1.26963
1.2
1.19987
1.19896
1.19742
1.19574
1.1935
1.19146
1.18969
1.18846
1.18768
1.18764
1.18843
1.18981
1.19169
1.194
1.19672
1.19959
1.2026
1.20566
1.20862
1.21128
1.21365
1.2156
1.2168
1.21735
1.21729
1.2164
1.2145
1.21181
1.20864
1.20554
1.20337
1.20285
1.20396
1.2065
1.20953
1.21242
1.21473
1.21603
1.21612
1.2151
1.21357
1.21174
1.2096
1.20762
1.20588
1.20421
1.20274
1.2015
1.20013
1.1986
1.19695
1.19526
1.19363
1.19195
1.19056
1.18944
1.18864
1.18857
1.18878
1.18918
1.18972
1.19006
1.19016
1.18998
1.18961
1.18909
1.18824
1.18736
1.18643
1.1853
1.18391
1.18233
1.18046
1.1785
1.17657
1.17469
1.17286
1.17141
1.1705
1.16998
1.16973
1.16967
1.16974
1.17029
1.17083
1.17163
1.17256
1.17373
1.17517
1.1767
1.17816
1.17962
1.18086
1.18185
1.18253
1.18276
1.18266
1.18213
1.1814
1.18024
1.17873
1.17688
1.1749
1.17293
1.17123
1.16971
1.16856
1.16796
1.16805
1.16862
1.1696
1.1711
1.17265
1.17415
1.17565
1.17711
1.17849
1.17975
1.18076
1.1817
1.18205
1.18209
1.18177
1.18092
1.17944
1.17729
1.17436
1.17059
1.16574
1.16014
1.15399
1.14833
1.14427
1.14274
1.14439
1.14869
1.15454
1.16022
1.16466
1.16731
1.16793
1.167
1.16518
1.16341
1.16231
1.16233
1.16294
1.16377
1.16408
1.16337
1.16163
1.15937
1.1571
1.15552
1.1551
1.15599
1.15802
1.16085
1.16425
1.16796
1.17162
1.17497
1.17794
1.18063
1.18289
1.18455
1.18577
1.18623
1.18601
1.18507
1.18339
1.18097
1.17818
1.17497
1.17191
1.16904
1.16646
1.16458
1.16341
1.16271
1.16225
1.1623
1.16317
1.16521
1.16859
1.17314
1.17838
1.1835
1.18816
1.19202
1.19488
1.19684
1.19823
1.19887
1.19896
1.19865
1.198
1.19718
1.19635
1.19556
1.19491
1.19445
1.19445
1.19475
1.1952
1.19578
1.19631
1.19645
1.19606
1.19491
1.19279
1.18984
1.18602
1.18174
1.1776
1.17421
1.17176
1.17062
1.17068
1.17185
1.1734
1.17481
1.17605
1.17704
1.17787
1.1786
1.17939
1.18037
1.18182
1.18324
1.18493
1.18631
1.18721
1.18726
1.18658
1.18515
1.18337
1.18156
1.18025
1.18005
1.18129
1.18355
1.18669
1.19035
1.19416
1.1979
1.20116
1.20376
1.20572
1.20695
1.20744
1.20729
1.20655
1.20524
1.20364
1.20148
1.19926
1.19701
1.19499
1.19337
1.19231
1.19184
1.19184
1.1923
1.19272
1.19292
1.1927
1.19197
1.19079
1.18949
1.18824
1.18715
1.18656
1.18654
1.18735
1.18873
1.1904
1.19231
1.19408
1.19579
1.19713
1.19806
1.19859
1.19895
1.19903
1.19856
1.19759
1.19627
1.19445
1.19242
1.1904
1.18822
1.18629
1.18487
1.18388
1.18348
1.18375
1.18445
1.18553
1.18665
1.18749
1.18784
1.1878
1.18742
1.18666
1.18576
1.18479
1.18378
1.18247
1.1811
1.17951
1.17804
1.17669
1.17565
1.17513
1.17538
1.1765
1.17814
1.18026
1.18251
1.18465
1.18641
1.18762
1.18827
1.18831
1.1879
1.18675
1.18528
1.18357
1.18164
1.17963
1.17793
1.17671
1.17617
1.17641
1.17719
1.17815
1.17922
1.18029
1.18116
1.18148
1.18133
1.18068
1.17933
1.17726
1.17463
1.17169
1.16847
1.16521
1.16189
1.15871
1.15582
1.15337
1.15166
1.15103
1.1515
1.15292
1.15501
1.15739
1.1597
1.16167
1.16303
1.16362
1.16335
1.16213
1.15996
1.15687
1.15295
1.14842
1.14351
1.13892
1.13548
1.13348
1.13316
1.13426
1.13635
1.13875
1.14082
1.14219
1.14272
1.14254
1.1419
1.14131
1.14099
1.14104
1.14153
1.14236
1.14347
1.14468
1.14595
1.1472
1.14838
1.1495
1.15043
1.15108
1.15148
1.15156
1.15134
1.15095
1.15036
1.14969
1.14904
1.14831
1.14764
1.14718
1.14695
1.14698
1.14726
1.14774
1.14852
1.14943
1.15053
1.15167
1.15267
1.15375
1.15484
1.15591
1.15676
1.15756
1.1583
1.15864
1.1588
1.15872
1.15833
1.15755
1.15659
1.15558
1.15428
1.1529
1.15138
1.14982
1.14833
1.14705
1.14616
1.1456
1.14543
1.14604
1.14764
1.15021
1.15382
1.15816
1.16288
1.1677
1.17194
1.17568
1.17873
1.18098
1.18199
1.18193
1.18086
1.17891
1.17638
1.17357
1.17094
1.16895
1.16807
1.16852
1.17026
1.17293
1.17595
1.1788
1.18117
1.18296
1.18398
1.18448
1.18473
1.18493
1.18521
1.1858
1.18676
1.18801
1.1896
1.1916
1.19358
1.19563
1.19746
1.19875
1.19938
1.19914
1.19844
1.19714
1.19521
1.19293
1.19009
1.18734
1.185
1.18318
1.18211
1.18155
1.18129
1.18123
1.18134
1.18173
1.18211
1.18231
1.18252
1.18277
1.18297
1.18347
1.18428
1.1857
1.18771
1.19048
1.19354
1.19659
1.19913
1.20115
1.20227
1.20239
1.20145
1.19958
1.19733
1.19518
1.19357
1.193
1.19344
1.19456
1.19595
1.19728
1.19824
1.19868
1.19859
1.19808
1.19743
1.19669
1.19611
1.19568
1.19535
1.19528
1.19559
1.19607
1.19682
1.19758
1.19836
1.19901
1.19959
1.20012
1.20073
1.20143
1.20215
1.20302
1.20399
1.20498
1.20611
1.20731
1.20842
1.20946
1.21048
1.21151
1.2122
1.21287
1.21344
1.21414
1.2146
1.21491
1.21499
1.21485
1.21449
1.21358
1.21171
1.20903
1.20541
1.20067
1.19499
1.18844
1.18252
1.17881
1.17846
1.18173
1.18748
1.19406
1.2001
1.20469
1.20776
1.20914
1.20908
1.20783
1.20549
1.20221
1.19852
1.19415
1.18953
1.18514
1.18112
1.17799
1.17607
1.17558
1.17625
1.17796
1.18044
1.18333
1.1863
1.1893
1.1921
1.19472
1.19718
1.19929
1.2013
1.20311
1.20481
1.20633
1.20768
1.20907
1.21028
1.2115
1.2127
1.21367
1.21447
1.21528
1.21575
1.2161
1.21626
1.21622
1.21589
1.2151
1.21386
1.21218
1.21001
1.20729
1.204
1.20008
1.1956
1.19062
1.1855
1.18061
1.17643
1.17337
1.17185
1.17192
1.17374
1.177
1.18131
1.18617
1.19104
1.19548
1.19933
1.2022
1.20422
1.20533
1.20575
1.20539
1.20433
1.20279
1.2009
1.19883
1.19672
1.19478
1.19319
1.19221
1.19206
1.19267
1.19378
1.19515
1.1964
1.19724
1.19733
1.19658
1.19529
1.19379
1.19273
1.19255
1.19364
1.19579
1.19871
1.20202
1.20526
1.20794
1.20974
1.21078
1.21118
1.21104
1.2103
1.20935
1.20857
1.20821
1.20863
1.20984
1.21173
1.21416
1.21661
1.21911
1.22135
1.22318
1.22454
1.22545
1.22607
1.22643
1.22668
1.22671
1.2266
1.22621
1.22554
1.22466
1.22349
1.22191
1.21946
1.21614
1.21194
1.20703
1.20145
1.19608
1.1915
1.18827
1.18672
1.18694
1.18851
1.19114
1.19457
1.19836
1.20259
1.207
1.21161
1.21663
1.22168
1.22661
1.23129
1.23569
1.23933
1.24235
1.24442
1.24548
1.24562
1.2446
1.24214
1.2385
1.23343
1.227
1.21948
1.21142
1.20362
1.19697
1.19207
1.18922
1.18814
1.18868
1.19037
1.19285
1.19606
1.2002
1.20488
1.20988
1.21504
1.22015
1.22486
1.22865
1.23132
1.23289
1.23319
1.23247
1.23082
1.22824
1.22495
1.22134
1.21822
1.21589
1.21464
1.21472
1.21592
1.2181
1.22064
1.22326
1.22565
1.22775
1.22977
1.23149
1.23324
1.23482
1.23624
1.2378
1.23942
1.24113
1.24289
1.24458
1.2463
1.24769
1.24883
1.2498
1.25077
1.25158
1.2522
1.25253
1.2527
1.25272
1.25255
1.25223
1.25175
1.25101
1.24998
1.2489
1.24778
1.24658
1.24548
1.24467
1.2443
1.24442
1.24464
1.24526
1.24595
1.24669
1.24748
1.24827
1.24922
1.25029
1.25149
1.25299
1.25473
1.25647
1.25829
1.26014
1.26188
1.2636
1.26515
1.26652
1.26779
1.26893
1.26999
1.27108
1.27212
1.27306
1.27387
1.27467
1.27572
1.27671
1.27757
1.27832
1.27908
1.27984
1.28061
1.28147
1.28259
1.28362
1.28476
1.28603
1.28739
1.28851
1.28923
1.28975
1.28989
1.28941
1.28816
1.28624
1.28374
1.28058
1.27677
1.27251
1.26829
1.26423
1.26071
1.25797
1.25668
1.25666
1.25812
1.2606
1.26379
1.26742
1.2713
1.27501
1.27823
1.28093
1.283
1.28426
1.28484
1.28465
1.28362
1.28192
1.27945
1.27648
1.27317
1.26988
1.2667
1.26388
1.26146
1.25958
1.25803
1.25685
1.2558
1.25466
1.25348
1.25246
1.25161
1.25101
1.2507
1.25062
1.25087
1.25146
1.25222
1.25327
1.25449
1.2558
1.25717
1.2585
1.25986
1.2611
1.26192
1.26215
1.26176
1.26067
1.25917
1.25726
1.25519
1.25328
1.25191
1.25144
1.25171
1.25257
1.2535
1.25389
1.25331
1.25148
1.24855
1.24485
1.24111
1.23796
1.23563
1.23435
1.23361
1.23355
1.23401
1.23491
1.23647
1.23847
1.24068
1.24285
1.24463
1.24576
1.24622
1.24605
1.24525
1.24404
1.24288
1.24201
1.24136
1.24154
1.2423
1.2437
1.24557
1.2475
1.24951
1.25118
1.25245
1.25324
1.25347
1.25309
1.25215
1.25091
1.24961
1.24822
1.24719
1.24672
1.24678
1.24722
1.2479
1.24863
1.24933
1.24961
1.24916
1.24815
1.24665
1.24479
1.24306
1.24176
1.24107
1.24101
1.24127
1.24155
1.24172
1.24143
1.24071
1.23978
1.23867
1.23773
1.23705
1.23677
1.23701
1.23783
1.23884
1.24015
1.24121
1.24193
1.24202
1.24152
1.24069
1.24009
1.24025
1.24147
1.24383
1.24694
1.25038
1.25353
1.25631
1.25875
1.2609
1.26287
1.26477
1.26669
1.2684
1.26973
1.27052
1.27047
1.26974
