1.8
1.80005
1.80004
1.80004
1.80004
1.80004
1.80004
1.80005
1.80005
1.80005
1.80005
1.80005
1.80005
1.80005
1.80005
1.80005
1.80005
1.80005
1.80007
1.80008
1.8001
1.80013
1.80014
1.80018
1.80022
1.80026
1.80029
1.80032
1.80034
1.80038
1.80041
1.80048
1.80052
1.80057
1.80063
1.80068
1.80075
1.80083
1.8009
1.80099
1.80111
1.80123
1.80136
1.80151
1.80168
1.80191
1.80213
1.80235
1.80259
1.80291
1.80326
1.80365
1.80405
1.80447
1.80491
1.80545
1.80607
1.80673
1.80743
1.80822
1.80908
1.80997
1.81088
1.81182
1.81279
1.8138
1.81483
1.81593
1.81713
1.81827
1.81938
1.82048
1.82158
1.82263
1.8234
1.82404
1.82434
1.82426
1.82364
1.82252
1.82081
1.81848
1.81552
1.81214
1.80866
1.80552
1.80333
1.80248
1.80342
1.80603
1.81015
1.81546
1.82142
1.82754
1.83325
1.8384
1.84262
1.84579
1.84789
1.84858
1.84781
1.8455
1.84155
1.83625
1.82976
1.82257
1.81601
1.8112
1.80904
1.8102
1.81473
1.82206
1.83136
1.84137
1.8512
1.85998
1.86723
1.87276
1.87652
1.87854
1.87946
1.8793
1.87835
1.87692
1.87593
1.87552
1.87614
1.87799
1.88103
1.88505
1.88951
1.89428
1.89875
1.90313
1.90713
1.91027
1.91286
1.91448
1.91553
1.91568
1.91501
1.91349
1.9114
1.90893
1.90637
1.90433
1.90365
1.90404
1.90595
1.90882
1.91236
1.9162
1.91977
1.92266
1.92491
1.92628
1.92662
1.92626
1.92519
1.92359
1.92154
1.91984
1.91842
1.91735
1.91621
1.91523
1.91428
1.91322
1.91247
1.91187
1.91207
1.91296
1.91467
1.9169
1.91957
1.92237
1.92508
1.92799
1.93091
1.93348
1.9361
1.93843
1.94067
1.94277
1.94492
1.94698
1.94911
1.95113
1.95303
1.95498
1.95671
1.95813
1.95913
1.95988
1.95942
1.95818
1.95597
1.95265
1.948
1.9418
1.93422
1.92548
1.91614
1.90719
1.89952
1.89404
1.89157
1.89227
1.89521
1.89955
1.90409
1.90806
1.91089
1.9125
1.91338
1.91378
1.91388
1.91426
1.91486
1.91597
1.91732
1.91864
1.91988
1.9207
1.92121
1.92164
1.92197
1.92201
1.92196
1.92166
1.92105
1.92033
1.91944
1.91868
1.91797
1.917
1.91583
1.91462
1.91336
1.91215
1.91084
1.90962
1.9087
1.90815
1.90797
1.90822
1.90902
1.91018
1.91158
1.913
1.91439
1.91571
1.91691
1.91796
1.91901
1.91997
1.92079
1.92145
1.92197
1.92244
1.9226
1.92254
1.92241
1.92213
1.92156
1.92084
1.91999
1.91883
1.91738
1.91584
1.91431
1.91296
1.91195
1.91119
1.91104
1.91125
1.9117
1.91235
1.91337
1.91469
1.91593
1.91704
1.91818
1.91937
1.92061
1.92188
1.92319
1.92453
1.92566
1.92688
1.92827
1.92967
1.9315
1.93341
1.93544
1.93773
1.93978
1.94163
1.9433
1.94455
1.94552
1.94629
1.94645
1.94605
1.94501
1.94337
1.94093
1.93772
1.9335
1.92882
1.92403
1.91952
1.91597
1.91382
1.91325
1.91436
1.91706
1.92108
1.92611
1.93163
1.93717
1.94253
1.94764
1.95246
1.9568
1.96053
1.9635
1.96579
1.96751
1.96871
1.96942
1.96948
1.96904
1.96839
1.96745
1.96613
1.96422
1.96205
1.95959
1.95709
1.95452
1.95186
1.94922
1.94708
1.9452
1.94418
1.94377
1.94382
1.94438
1.94473
1.945
1.94439
1.94247
1.93905
1.93386
1.928
1.92275
1.91996
1.92076
1.92526
1.93254
1.94099
1.94839
1.95384
1.9571
1.9586
1.95867
1.95771
1.95679
1.95657
1.9576
1.95977
1.96318
1.96745
1.97196
1.9763
1.98027
1.98333
1.98565
1.9873
1.98855
1.98956
1.99029
1.99119
1.99228
1.99342
1.9947
1.99599
1.99695
1.99781
1.99873
1.99929
1.99972
1.99995
1.99993
1.99994
1.99995
1.9998
1.99925
1.99887
1.99834
1.9979
1.99809
1.99876
1.99995
2.00163
2.00317
2.00489
2.00695
2.00929
2.01122
2.0126
2.01352
2.01405
2.01422
2.0138
2.01305
2.01238
2.01149
2.01082
2.01067
2.01069
2.01084
2.0116
2.01305
2.01429
2.01566
2.01678
2.01725
2.0173
2.01657
2.01503
2.013
2.01062
2.00803
2.00556
2.00409
2.00368
2.00461
2.00655
2.00952
2.01317
2.01716
2.02109
2.02467
2.02751
2.02987
2.03154
2.03277
2.03357
2.03431
2.03446
2.03433
2.03365
2.03242
2.03026
2.02765
2.02519
2.02288
2.02127
2.02033
2.02014
2.02029
2.02026
2.02013
2.02011
2.02033
2.0208
2.02254
2.02585
2.03021
2.03508
2.04016
2.04462
2.04719
2.04768
2.04551
2.04068
2.03412
2.02723
2.02202
2.02015
2.02204
2.02632
2.03078
2.03374
2.03508
2.0346
2.03294
2.0309
2.02964
2.02986
2.03121
2.03326
2.03569
2.03808
2.04018
2.04192
2.04317
2.04404
2.04404
2.04366
2.04294
2.04181
2.03987
2.03815
2.0368
2.03569
2.03469
2.03367
2.03298
2.03196
2.03112
2.02988
2.02842
2.02707
2.02606
2.02598
2.02675
2.02877
2.0316
2.03459
2.03742
2.03957
2.04072
2.04096
2.0405
2.03979
2.03904
2.03851
2.03833
2.03815
2.03837
2.03893
2.03925
2.03937
2.03918
2.0382
2.03683
2.03492
2.03263
2.03037
2.02829
2.02652
2.02538
2.025
2.02558
2.02695
2.02904
2.03169
2.03498
2.03844
2.04204
2.04557
2.04875
2.05141
2.0538
2.0556
2.05708
2.05815
2.05837
2.05827
2.05767
2.0563
2.0544
2.05078
2.04552
2.03924
2.03147
2.02265
2.01285
2.00242
1.99165
1.98128
1.97241
1.96553
1.96104
1.95913
1.95954
1.96146
1.9647
1.96842
1.97165
1.97494
1.97793
1.98029
1.98245
1.98454
1.98658
1.98874
1.99128
1.99404
1.99745
2.00129
2.00577
2.0102
2.01462
2.01887
2.02236
2.02536
2.02774
2.02927
2.03015
2.03062
2.02999
2.0286
2.02658
2.02434
2.02228
2.01989
2.01703
2.01387
2.0103
2.0064
2.0021
1.99731
1.99248
1.98768
1.98315
1.97914
1.97609
1.97409
1.97306
1.97305
1.9739
1.97539
1.97717
1.9793
1.98183
1.98491
1.98839
1.99212
1.99613
1.99997
2.00365
2.00705
2.01006
2.0127
2.01492
2.01657
2.01748
2.01796
2.0184
2.01857
2.01816
2.01677
2.01424
2.01106
2.00677
2.00137
1.99491
1.98775
1.98009
1.97262
1.96622
1.96171
1.95952
1.95962
1.96229
1.96754
1.97407
1.98146
1.98898
1.99555
2.00079
2.00449
2.00617
2.00655
2.00616
2.0057
2.00596
2.00713
2.00874
2.01064
2.01208
2.01276
2.0125
2.01162
2.01088
2.0106
2.01068
2.01137
2.01253
2.01401
2.01511
2.01603
2.01667
2.01688
2.01695
2.01687
2.01655
2.01538
2.01315
2.00934
2.00391
1.99658
1.98826
1.98012
1.97417
1.97153
1.97288
1.97773
1.98454
1.99154
1.99801
2.00355
2.00821
2.01203
2.01518
2.01777
2.01985
2.0215
2.02276
2.02339
2.02344
2.02278
2.02176
2.02045
2.01882
2.01682
2.01446
2.01185
2.00921
2.00714
2.00612
2.00674
2.00898
2.01252
2.01687
2.02146
2.0259
2.02964
2.03168
2.03221
2.03111
2.02837
2.02464
2.02055
2.01717
2.01556
2.01527
2.01545
2.0146
2.01112
2.00401
1.99257
1.9768
1.95882
1.9425
1.93256
1.93143
1.93752
1.94749
1.95776
1.96681
1.97397
1.97967
1.98421
1.9874
1.98978
1.99123
1.99189
1.99205
1.99258
1.9938
1.99619
1.99978
2.00414
2.00885
2.01352
2.01785
2.02121
2.02388
2.0258
2.02712
2.02771
2.02779
2.02721
2.02618
2.02463
2.02234
2.01964
2.01663
2.01325
2.00964
2.00637
2.00352
2.00113
1.99939
1.99852
1.99845
1.99894
1.99994
2.00163
2.00369
2.00601
2.00846
2.01076
2.01311
2.01521
2.01675
2.01752
2.01771
2.01735
2.01658
2.01533
2.01381
2.01253
2.0114
2.01098
2.01121
2.01228
2.01405
2.0164
2.01916
2.02239
2.02582
2.02935
2.03266
2.03561
2.03768
2.0393
2.04031
2.0408
2.0408
2.04035
2.03961
2.03861
2.03798
2.03733
2.03697
2.03666
2.03658
2.03643
2.03655
2.03688
2.03709
2.03723
2.03714
2.0367
2.03595
2.03515
2.03446
2.03398
2.03377
2.03414
2.03449
2.03506
2.03557
2.03533
2.03438
2.0324
2.02915
2.02523
2.02168
2.01983
2.02037
2.02346
2.028
2.033
2.03723
2.04012
2.04128
2.04061
2.03853
2.03566
2.03257
2.02911
2.02564
2.02257
2.01995
2.01772
2.01588
2.01458
2.01424
2.01502
2.01695
2.01974
2.02331
2.02727
2.03173
2.03608
2.0398
2.04266
2.04491
2.04647
2.0474
2.04773
2.04769
2.0471
2.04616
2.04496
2.04341
2.04153
2.03919
2.03667
2.03388
2.0306
2.02679
2.02261
2.01814
2.01313
2.00761
2.00193
1.99661
1.99222
1.98917
1.98769
1.98799
1.98996
1.99319
1.99713
2.00129
2.00517
2.00855
2.01126
2.01315
2.01412
2.01422
2.01363
2.0125
2.01078
2.00887
2.00676
2.00444
2.00229
1.99991
1.99793
1.99623
1.99469
1.9932
1.9922
1.99165
1.99168
1.99239
1.99366
1.99562
1.99778
1.99986
2.00201
2.00381
2.00535
2.00683
2.00808
2.00943
2.01114
2.01299
2.01473
2.01616
2.01665
2.01616
2.01458
2.01212
2.00884
2.00447
1.99954
1.99464
1.99007
1.98658
1.98469
1.98469
1.98624
1.98893
1.99211
1.99503
1.99721
1.99878
1.99981
2.00102
2.00258
2.00432
2.0066
2.00932
2.01223
2.01488
2.01703
2.01831
2.01897
2.01886
2.01787
2.01667
2.01545
2.01433
2.01302
2.01167
2.01006
2.00786
2.00544
2.0027
2.00013
1.99803
1.99655
1.99635
1.99723
1.99936
2.00209
2.0047
2.00675
2.00745
2.00641
2.00386
1.8
1.79675
1.79287
1.78933
1.78668
1.78557
1.78579
1.78682
1.78803
1.78902
1.78949
1.78923
1.78885
1.78842
1.78834
1.78849
1.78904
1.79003
1.79122
1.79264
1.79432
1.79633
1.79829
1.80053
1.80283
1.80524
1.80772
1.81021
1.81281
1.81519
1.81727
1.81917
1.82079
1.8225
1.82449
1.8264
1.82823
1.83009
1.83153
1.83279
1.83358
1.8334
1.83234
1.83035
1.82737
1.82314
1.81878
1.81451
1.81149
1.81037
1.81181
1.81516
1.81975
1.82494
1.82959
1.83334
1.83583
1.83662
1.83608
1.8344
1.83174
1.82842
1.82489
1.82147
1.81822
1.81582
1.81427
1.81336
1.81254
1.81113
1.8091
1.80602
1.8019
1.79682
1.79164
1.78736
1.78523
1.78639
1.7915
1.80014
1.81136
1.82405
1.83645
1.84802
1.85818
1.86672
1.87399
1.88014
1.88499
1.88907
1.89236
1.89499
1.89653
1.8974
1.8973
1.89606
1.89379
1.89041
1.88543
1.87825
1.86875
1.857
1.84332
1.82864
1.81421
1.80171
1.79306
1.78917
1.79006
1.79446
1.80039
1.8057
1.80917
1.81043
1.80974
1.8083
1.80737
1.80772
1.81003
1.81456
1.82086
1.82841
1.83664
1.84509
1.85291
1.85988
1.8659
1.87098
1.87523
1.87836
1.88079
1.88266
1.88396
1.88527
1.88609
1.88679
1.88741
1.888
1.88797
1.88754
1.88672
1.8856
1.88441
1.88284
1.88113
1.87937
1.87743
1.87528
1.87251
1.8698
1.86739
1.86479
1.86204
1.85919
1.85645
1.85359
1.85049
1.8476
1.845
1.84283
1.84138
1.84061
1.84069
1.84194
1.84413
1.84718
1.85063
1.85424
1.85782
1.86072
1.86333
1.86565
1.8676
1.86915
1.87024
1.87091
1.87122
1.8714
1.87131
1.87088
1.87028
1.86946
1.86867
1.86789
1.86694
1.86606
1.86509
1.86403
1.86305
1.86228
1.86171
1.86161
1.86194
1.86251
1.86359
1.8651
1.86678
1.86884
1.87096
1.87299
1.87484
1.87622
1.87706
1.87732
1.877
1.87615
1.87487
1.87331
1.87204
1.87149
1.87175
1.87324
1.87592
1.87927
1.88293
1.88671
1.88986
1.89191
1.8927
1.89193
1.88986
1.88636
1.88164
1.87559
1.86887
1.86172
1.85478
1.84923
1.84586
1.84521
1.84786
1.85341
1.86116
1.87016
1.87942
1.88818
1.89624
1.90343
1.90956
1.91453
1.9187
1.92227
1.92474
1.92632
1.92758
1.928
1.92758
1.92648
1.92435
1.92148
1.91774
1.91365
1.90951
1.90616
1.90402
1.90308
1.90291
1.90301
1.9024
1.90099
1.89872
1.89621
1.89432
1.89363
1.89412
1.89495
1.89529
1.89513
1.89488
1.89552
1.89693
1.89972
1.90298
1.90668
1.91012
1.9134
1.91588
1.91799
1.91943
1.92079
1.92215
1.92308
1.92403
1.9243
1.92454
1.92434
1.92355
1.92233
1.92026
1.91761
1.91446
1.91139
1.90849
1.90612
1.9045
1.90329
1.90306
1.90305
1.90371
1.90461
1.90608
1.90778
1.90938
1.91081
1.91174
1.91197
1.91129
1.91003
1.90814
1.90659
1.90559
1.90573
1.90697
1.90914
1.91174
1.91449
1.91693
1.91904
1.9207
1.92149
1.92177
1.92164
1.9211
1.92016
1.91904
1.91774
1.91597
1.91396
1.91199
1.91005
1.90824
1.90647
1.90446
1.90193
1.89876
1.89486
1.89024
1.88517
1.8797
1.87477
1.87096
1.86906
1.86983
1.87359
1.88024
1.88888
1.89847
1.90796
1.91677
1.92417
1.93006
1.93453
1.93773
1.93965
1.94015
1.93925
1.93761
1.93489
1.93127
1.927
1.92223
1.91716
1.91186
1.90701
1.90295
1.89981
1.89799
1.89775
1.89906
1.90164
1.90496
1.90854
1.91192
1.91473
1.91685
1.91817
1.91944
1.92015
1.92074
1.92184
1.92345
1.9254
1.92819
1.93135
1.93469
1.93772
1.94064
1.94341
1.94573
1.94783
1.94996
1.95187
1.95358
1.95473
1.95536
1.95495
1.95342
1.95079
1.94708
1.94221
1.93545
1.92759
1.91903
1.9109
1.90419
1.90018
1.89886
1.89967
1.90148
1.90345
1.90589
1.90897
1.91283
1.91698
1.92131
1.92565
1.92987
1.9339
1.93761
1.94026
1.94205
1.94322
1.9436
1.94316
1.9419
1.94014
1.93786
1.93471
1.93126
1.92756
1.9232
1.91855
1.91356
1.90847
1.90349
1.89934
1.89623
1.89479
1.89556
1.89848
1.90283
1.90796
1.91374
1.91894
1.92292
1.92483
1.92475
1.92225
1.9178
1.91114
1.9026
1.893
1.88272
1.87265
1.86391
1.8573
1.85396
1.85425
1.85811
1.86469
1.87285
1.88183
1.8906
1.8987
1.90566
1.91117
1.9155
1.91841
1.92053
1.92148
1.92192
1.9215
1.92066
1.91918
1.91732
1.91539
1.91315
1.91061
1.90821
1.90599
1.90388
1.90205
1.90016
1.89859
1.89747
1.89646
1.89545
1.89461
1.89355
1.89159
1.88896
1.88565
1.88135
1.87617
1.86997
1.86325
1.85636
1.85024
1.8455
1.84303
1.84277
1.84524
1.85023
1.85702
1.86492
1.87298
1.88043
1.88666
1.89159
1.89526
1.89761
1.89877
1.89864
1.89749
1.89529
1.89216
1.88817
1.8833
1.87745
1.87102
1.86429
1.85769
1.852
1.84776
1.84558
1.84561
1.84755
1.85085
1.85496
1.85908
1.86267
1.86524
1.86683
1.8677
1.86777
1.86761
1.86741
1.86699
1.8662
1.865
1.86338
1.86144
1.85896
1.85579
1.85223
1.8487
1.84589
1.84443
1.84439
1.84598
1.84901
1.85312
1.85768
1.86238
1.86689
1.87083
1.87417
1.87725
1.88006
1.8821
1.88351
1.88439
1.88473
1.88465
1.88452
1.88417
1.88379
1.88349
1.88322
1.88278
1.8824
1.88247
1.88283
1.88341
1.88405
1.88533
1.88733
1.88956
1.89191
1.89421
1.8967
1.899
1.90085
1.90217
1.90289
1.90261
1.90098
1.89741
1.89259
1.88666
1.88111
1.87712
1.87584
1.87762
1.88136
1.88545
1.88875
1.89067
1.89185
1.89394
1.89813
1.90502
1.91398
1.92398
1.93371
1.94248
1.95027
1.95694
1.96247
1.96709
1.97063
1.97308
1.97441
1.97439
1.97328
1.97121
1.9678
1.96336
1.9578
1.95137
1.94443
1.93722
1.92993
1.92338
1.91801
1.91401
1.91119
1.90991
1.91009
1.91152
1.91382
1.91638
1.91894
1.92169
1.9246
1.92748
1.93032
1.93343
1.93656
1.93967
1.94232
1.94482
1.94677
1.94798
1.94855
1.94907
1.9495
1.94998
1.95067
1.95165
1.95283
1.95473
1.95725
1.96015
1.96303
1.96549
1.96718
1.9682
1.96834
1.96762
1.96633
1.96408
1.96122
1.95762
1.95384
1.94992
1.9458
1.94195
1.93838
1.93541
1.93325
1.93281
1.93414
1.93717
1.94106
1.94567
1.95008
1.95381
1.95639
1.95738
1.9571
1.95521
1.95258
1.94953
1.94682
1.94443
1.9428
1.94145
1.94025
1.93907
1.93743
1.93499
1.93168
1.92788
1.92441
1.92197
1.92103
1.92215
1.92495
1.92843
1.93275
1.93715
1.94065
1.94358
1.94574
1.94718
1.94819
1.9485
1.94833
1.94826
1.94839
1.94825
1.94823
1.9483
1.9482
1.94791
1.94737
1.94655
1.94557
1.94432
1.94267
1.9405
1.9381
1.93516
1.93145
1.92719
1.92272
1.91788
1.91293
1.90779
1.90296
1.89882
1.89604
1.89443
1.89426
1.89517
1.89717
1.90008
1.90395
1.90835
1.91313
1.91811
1.92276
1.92662
1.92949
1.93136
1.93168
1.93049
1.92785
1.92383
1.91834
1.9114
1.90316
1.89423
1.88527
1.87707
1.87039
1.86678
1.86686
1.87058
1.87721
1.88532
1.89324
1.90012
1.90539
1.90935
1.91187
1.91341
1.9146
1.9157
1.91681
1.91782
1.91877
1.91959
1.92022
1.92079
1.92091
1.92073
1.92054
1.92016
1.91902
1.91746
1.91533
1.91235
1.90812
1.90254
1.89599
1.88817
1.87904
1.8687
1.8577
1.8469
1.83755
1.83064
1.8271
1.82746
1.83165
1.83892
1.8484
1.85894
1.86946
1.87892
1.88671
1.89287
1.89735
1.90049
1.90235
1.90334
1.90351
1.90311
1.90238
1.90151
1.90072
1.9002
1.89996
1.89995
1.90033
1.90105
1.90187
1.90315
1.90426
1.905
1.90545
1.90564
1.90555
1.90529
1.90478
1.90398
1.90252
1.90074
1.89855
1.89621
1.89342
1.89049
1.8874
1.88463
1.88253
1.88115
1.88068
1.88112
1.8819
1.88325
1.88473
1.88606
1.88731
1.88805
1.88833
1.88829
1.88836
1.88858
1.88942
1.89015
1.89124
1.89284
1.89513
1.89736
1.89909
1.90006
1.90054
1.89969
1.89715
1.89248
1.88561
1.87636
1.86507
1.853
1.84146
1.832
1.82538
1.82189
1.82065
1.82093
1.82282
1.8255
1.82944
1.83419
1.83967
1.84525
1.85029
1.85437
1.85706
1.85827
1.85839
1.85815
1.85809
1.85862
1.85999
1.86197
1.86462
1.86769
1.87092
1.87335
1.8752
1.87658
1.87768
1.87841
1.87863
1.87859
1.87847
1.87813
1.87788
1.87765
1.87746
1.87743
1.87744
1.87727
1.8772
1.87715
1.87694
1.87676
1.87645
1.87586
1.87523
1.87432
1.87303
1.87129
1.86916
1.86654
1.86358
1.86004
1.85602
1.85169
1.84704
1.84223
1.8378
1.83424
1.83203
1.83199
1.83481
1.84026
1.84787
1.85688
1.86606
1.87443
1.88127
1.88613
1.88891
1.88962
1.88816
1.88475
1.87989
1.87373
1.86704
1.86088
1.85598
1.85325
1.853
1.85511
1.85894
1.864
1.86942
1.87498
1.87993
1.88428
1.88767
1.89025
1.89188
1.89289
1.89321
1.89299
1.89268
1.89241
1.89268
1.894
1.89633
1.89976
1.90385
1.90848
1.91286
1.91682
1.92011
1.92247
1.92425
1.92513
1.92539
1.92499
1.92377
1.92211
1.91975
1.91665
1.91285
1.90844
1.90364
1.89853
1.89354
1.88938
1.88637
1.88498
1.88473
1.88524
1.88593
1.88615
1.88524
1.88306
1.87972
1.87557
1.87184
1.86977
1.86996
1.87327
1.87942
1.8
1.80788
1.81678
1.82541
1.83332
1.84028
1.84537
1.84888
1.85096
1.85201
1.85226
1.8517
1.85045
1.84853
1.84625
1.8439
1.8414
1.83873
1.83612
1.83384
1.83233
1.83145
1.83105
1.83091
1.83071
1.83
1.82884
1.82697
1.82428
1.82056
1.81579
1.81068
1.80672
1.80426
1.80413
1.80639
1.81082
1.81664
1.82311
1.82942
1.83459
1.83883
1.84229
1.84481
1.84659
1.84793
1.84903
1.84985
1.85044
1.85086
1.85111
1.85118
1.85141
1.85177
1.85229
1.85282
1.85308
1.85343
1.85392
1.85454
1.85496
1.85503
1.85497
1.85487
1.85445
1.85375
1.85276
1.85165
1.85045
1.84902
1.84763
1.84608
1.84451
1.843
1.84145
1.8401
1.83906
1.83837
1.83808
1.83808
1.83881
1.84005
1.84162
1.84316
1.84477
1.84616
1.84775
1.84915
1.85036
1.85159
1.85305
1.8548
1.85633
1.85818
1.85991
1.86161
1.86319
1.86425
1.86457
1.86431
1.86341
1.86209
1.86043
1.85859
1.85684
1.85516
1.85366
1.85206
1.85003
1.84714
1.84338
1.83941
1.83551
1.83217
1.82984
1.82868
1.82824
1.82818
1.82811
1.82811
1.82839
1.82953
1.83185
1.8352
1.83916
1.84313
1.84648
1.84881
1.84991
1.84982
1.8486
1.84657
1.84421
1.84203
1.84085
1.84096
1.84263
1.84555
1.84963
1.85432
1.85895
1.86322
1.86677
1.86959
1.87128
1.87182
1.87123
1.86934
1.86652
1.86252
1.85748
1.85123
1.84399
1.83599
1.82764
1.81965
1.81296
1.80797
1.80526
1.80462
1.80552
1.80764
1.81047
1.81393
1.81839
1.82389
1.83025
1.83703
1.8436
1.84936
1.85453
1.85855
1.86139
1.86298
1.86347
1.8626
1.86057
1.85739
1.85301
1.84744
1.8411
1.83419
1.82759
1.82234
1.819
1.8175
1.81724
1.8173
1.81646
1.81424
1.81059
1.80629
1.80246
1.79993
1.79953
1.80095
1.80378
1.80688
1.80937
1.81068
1.81081
1.81016
1.80955
1.80961
1.81054
1.81256
1.81552
1.81949
1.8244
1.83008
1.83606
1.84218
1.84769
1.85199
1.85495
1.85632
1.85598
1.85399
1.85012
1.84472
1.83851
1.83271
1.82851
1.82701
1.82819
1.8315
1.83595
1.8404
1.84395
1.84589
1.84644
1.84558
1.84337
1.83993
1.83589
1.83146
1.82673
1.82205
1.81775
1.81406
1.81157
1.81031
1.81018
1.8114
1.81366
1.81663
1.81997
1.82359
1.82713
1.83028
1.83299
1.83493
1.83631
1.83747
1.8386
1.83973
1.84077
1.8419
1.84322
1.84443
1.84563
1.84688
1.84785
1.8482
1.84827
1.84815
1.84785
1.84745
1.84708
1.84691
1.84704
1.84759
1.84884
1.8503
1.8521
1.85423
1.85638
1.85863
1.86123
1.8638
1.86611
1.8682
1.87002
1.87152
1.87267
1.87336
1.87376
1.87315
1.87174
1.86933
1.86563
1.86076
1.85523
1.8493
1.84385
1.83961
1.83733
1.83724
1.83898
1.84175
1.84487
1.84773
1.84989
1.85153
1.85279
1.85398
1.85518
1.85659
1.85834
1.8601
1.86239
1.86435
1.86604
1.86743
1.86854
1.86937
1.86958
1.86957
1.86916
1.86845
1.86729
1.86565
1.86366
1.86125
1.85847
1.85552
1.85227
1.84856
1.84437
1.84003
1.836
1.83198
1.82906
1.82714
1.82685
1.82852
1.83189
1.83611
1.84088
1.84546
1.84967
1.85343
1.85648
1.85891
1.8608
1.86177
1.86208
1.86206
1.86137
1.86029
1.85864
1.85616
1.85284
1.84862
1.84355
1.83793
1.83227
1.82729
1.82362
1.82229
1.82289
1.82486
1.82734
1.82975
1.83137
1.83158
1.83029
1.82744
1.82352
1.81891
1.81425
1.81012
1.80712
1.80572
1.80595
1.80753
1.80992
1.81305
1.81641
1.81962
1.82254
1.82508
1.82728
1.82913
1.8307
1.83203
1.83314
1.83409
1.83493
1.83551
1.83617
1.83671
1.83708
1.83731
1.83735
1.83712
1.83669
1.83622
1.8357
1.83493
1.83372
1.83213
1.83023
1.82793
1.82526
1.82221
1.81891
1.81533
1.81147
1.80749
1.80347
1.80001
1.79738
1.79586
1.79571
1.79706
1.79998
1.80407
1.80875
1.81364
1.81839
1.82285
1.82663
1.82959
1.83187
1.83339
1.83424
1.83476
1.83517
1.83502
1.83479
1.8347
1.8346
1.8348
1.83522
1.8359
1.83684
1.83769
1.83874
1.83991
1.84108
1.84241
1.84383
1.84502
1.84598
1.84672
1.84706
1.84735
1.84745
1.84729
1.847
1.84676
1.84658
1.84607
1.84551
1.84473
1.84374
1.84232
1.84056
1.83804
1.83519
1.83205
1.82931
1.82723
1.82618
1.82631
1.82772
1.83021
1.83355
1.83756
1.84186
1.84606
1.85024
1.85417
1.85748
1.86016
1.86278
1.86539
1.86794
1.87041
1.87304
1.87571
1.87811
1.88026
1.88214
1.88342
1.88413
1.884
1.88329
1.88167
1.87896
1.87554
1.87138
1.86669
1.86164
1.85653
1.85195
1.84823
1.84537
1.84398
1.84423
1.84538
1.84725
1.84941
1.85138
1.85294
1.8536
1.85308
1.85141
1.84894
1.84561
1.84145
1.83696
1.83232
1.82802
1.82421
1.82133
1.81943
1.81888
1.81968
1.82191
1.82545
1.83023
1.83575
1.84132
1.84702
1.85248
1.8575
1.86145
1.86474
1.86728
1.86927
1.87049
1.87075
1.87002
1.8689
1.86773
1.86617
1.86426
1.86226
1.86022
1.8584
1.85655
1.85444
1.85241
1.85059
1.84902
1.84741
1.84585
1.84436
1.8427
1.84065
1.83803
1.83486
1.83092
1.82625
1.82113
1.81579
1.81064
1.80587
1.80138
1.79723
1.7937
1.79072
1.78844
1.78697
1.78679
1.78813
1.79099
1.79538
1.80061
1.80582
1.81011
1.81258
1.81352
1.8132
1.81233
1.81184
1.81263
1.81523
1.81897
1.82349
1.82805
1.83224
1.83558
1.83782
1.83923
1.84013
1.84072
1.84123
1.8417
1.84218
1.84255
1.84276
1.84273
1.84249
1.84195
1.8413
1.84038
1.83954
1.83834
1.83716
1.83608
1.83486
1.8339
1.83297
1.83195
1.83061
1.82913
1.82746
1.82574
1.8243
1.82319
1.82256
1.82255
1.82368
1.8258
1.8285
1.8311
1.83303
1.83385
1.83302
1.83086
1.82711
1.82219
1.81628
1.81009
1.80424
1.79954
1.79689
1.79672
1.79894
1.80348
1.80954
1.81635
1.82332
1.82982
1.83562
1.84066
1.84485
1.84791
1.85007
1.85169
1.85279
1.85359
1.85374
1.85347
1.85272
1.85157
1.85011
1.8484
1.84644
1.84433
1.84182
1.83893
1.83578
1.83241
1.82881
1.8248
1.82071
1.81664
1.81277
1.80957
1.80712
1.8057
1.80551
1.80668
1.80889
1.81156
1.8146
1.81789
1.8211
1.82406
1.82648
1.82843
1.82983
1.83069
1.83116
1.83123
1.83099
1.83023
1.82905
1.82776
1.82645
1.82482
1.82288
1.82094
1.81911
1.81713
1.81537
1.81367
1.81206
1.81104
1.81019
1.80971
1.80964
1.80969
1.80993
1.81043
1.81113
1.81192
1.81295
1.81397
1.815
1.81611
1.81707
1.81805
1.81895
1.81992
1.8208
1.82164
1.82215
1.82261
1.82302
1.82326
1.8234
1.82364
1.8238
1.82378
1.82364
1.82358
1.82357
1.82377
1.82398
1.8242
1.82439
1.82466
1.82514
1.82598
1.82717
1.82862
1.83032
1.83226
1.83418
1.8361
1.83815
1.8401
1.84196
1.84373
1.84539
1.84657
1.84761
1.84836
1.84901
1.84928
1.84942
1.84898
1.8477
1.84581
1.84341
1.84077
1.83832
1.83673
1.83581
1.83544
1.83525
1.83478
1.83368
1.83165
1.82905
1.82604
1.82287
1.81983
1.81697
1.81448
1.81191
1.80935
1.80749
1.80712
1.80874
1.81258
1.81793
1.82402
1.83006
1.83527
1.83923
1.84144
1.84216
1.84128
1.83937
1.83685
1.83392
1.83054
1.82683
1.82333
1.81992
1.81666
1.81425
1.81283
1.81255
1.81299
1.81446
1.81645
1.81859
1.82111
1.8235
1.82609
1.82882
1.83188
1.83501
1.83797
1.84057
1.84268
1.84413
1.84504
1.84499
1.84403
1.84241
1.84043
1.83802
1.8354
1.83249
1.8295
1.82649
1.82359
1.82078
1.81772
1.81486
1.81223
1.8097
1.80757
1.80593
1.80493
1.80412
1.80378
1.80424
1.80526
1.80644
1.80804
1.81035
1.81257
1.81481
1.81695
1.81887
1.82057
1.82194
1.82324
1.82456
1.82576
1.82654
1.8271
1.82776
1.82788
1.82741
1.82624
1.82448
1.82223
1.81947
1.81649
1.81352
1.81106
1.80905
1.8077
1.80709
1.80709
1.8074
1.80836
1.81013
1.81332
1.81752
1.82219
1.82708
1.8314
1.83496
1.83718
1.83813
1.83765
1.83585
1.83339
1.83072
1.82799
1.82574
1.82451
1.82423
1.82484
1.82575
1.82664
1.82751
1.8284
1.82891
1.82873
1.8283
1.8277
1.82743
1.82764
1.82804
1.82872
1.8302
1.83196
1.83369
1.83558
1.83753
1.83905
1.83992
1.84049
1.8403
1.83934
1.83756
1.8354
1.8331
1.83102
1.82978
1.82935
1.82984
1.83116
1.83326
1.83601
1.83923
1.84233
1.84558
1.84857
1.85077
1.85242
1.85333
1.85355
1.85293
1.8515
1.84958
1.84718
1.84414
1.84109
1.83798
1.83496
1.83316
1.83264
1.83332
1.83535
1.8388
1.84349
1.84906
1.85515
1.8609
1.86633
1.87066
1.87416
1.87706
1.87905
1.87969
1.87929
1.87776
1.8754
1.87246
1.8686
1.86407
1.8596
1.8553
1.85153
1.8481
1.84546
1.84366
1.84255
1.84226
1.84255
1.8428
1.84288
1.84217
1.84094
1.8391
1.83705
1.83474
1.83216
1.83005
1.82862
1.82776
1.82735
1.82714
1.8272
1.82743
1.82824
1.8301
1.83298
1.83746
1.84281
1.84852
1.85397
1.85911
1.86376
1.86795
1.87112
1.87331
1.87444
1.87471
1.87436
1.87355
1.87247
1.87136
1.87058
1.8706
1.87147
1.87311
1.87485
1.87635
1.87695
1.87625
1.87408
1.87041
1.86598
1.86156
1.8582
1.85673
1.85707
1.8
1.80214
1.80515
1.80812
1.8102
1.81152
1.81219
1.81278
1.81352
1.81464
1.81634
1.81821
1.82021
1.82222
1.82411
1.8251
1.82526
1.82487
1.82358
1.82187
1.81964
1.81721
1.81499
1.81308
1.81185
1.81151
1.81208
1.81329
1.81469
1.81535
1.81529
1.81418
1.8116
1.80756
1.80221
1.79605
1.79008
1.78531
1.78265
1.78309
1.78667
1.79262
1.79939
1.80586
1.81126
1.81523
1.81769
1.81882
1.81867
1.81778
1.8164
1.81457
1.81243
1.8106
1.80917
1.80791
1.80671
1.80563
1.80455
1.80376
1.80321
1.80278
1.80236
1.80212
1.80216
1.8023
1.80232
1.80231
1.80201
1.80162
1.80097
1.80034
1.79959
1.79859
1.79737
1.79621
1.79501
1.79401
1.7932
1.79251
1.79198
1.79164
1.79151
1.792
1.79224
1.79261
1.79332
1.79407
1.7949
1.7956
1.79611
1.79649
1.7968
1.79721
1.79748
1.79786
1.79836
1.79869
1.79893
1.79923
1.79936
1.79949
1.79978
1.80012
1.80042
1.80076
1.80119
1.80161
1.80189
1.80203
1.80203
1.80175
1.80101
1.79974
1.79803
1.79551
1.79217
1.78773
1.78238
1.77673
1.7715
1.76737
1.76499
1.76452
1.76626
1.76974
1.77448
1.77933
1.78424
1.78866
1.79261
1.79584
1.79847
1.80023
1.80124
1.80133
1.8006
1.79937
1.79772
1.79612
1.79528
1.79566
1.79769
1.80132
1.80627
1.81192
1.81774
1.82292
1.82711
1.83001
1.83163
1.83189
1.83106
1.82922
1.82656
1.82325
1.81999
1.81727
1.81537
1.81473
1.81555
1.81777
1.82111
1.82497
1.8293
1.83349
1.8375
1.84121
1.84446
1.84741
1.84958
1.85111
1.85216
1.85253
1.85267
1.85223
1.85164
1.85112
1.85072
1.85017
1.84974
1.84858
1.84635
1.84282
1.83771
1.83131
1.82426
1.81763
1.81288
1.81133
1.81361
1.81911
1.82625
1.83372
1.84023
1.8456
1.84957
1.85237
1.85418
1.85512
1.85536
1.855
1.85421
1.85301
1.85128
1.8491
1.84692
1.84483
1.84301
1.84094
1.83918
1.83761
1.83618
1.83556
1.83629
1.83845
1.8425
1.84753
1.85332
1.85907
1.86446
1.8695
1.87376
1.87738
1.88036
1.88292
1.88543
1.88791
1.89047
1.89312
1.89541
1.89725
1.89886
1.89969
1.89952
1.89827
1.8959
1.8923
1.88738
1.88139
1.87414
1.86622
1.85811
1.85005
1.84249
1.83601
1.83093
1.82852
1.82937
1.83347
1.84095
1.85034
1.86041
1.86994
1.87797
1.88383
1.88731
1.88874
1.88811
1.88584
1.88312
1.88154
1.88178
1.88381
1.88708
1.89072
1.89356
1.89458
1.89363
1.89081
1.8866
1.88128
1.87562
1.86966
1.86392
1.85951
1.85725
1.85743
1.86029
1.86485
1.86956
1.87318
1.87462
1.87402
1.87166
1.8682
1.86486
1.86182
1.86014
1.86022
1.86225
1.86592
1.87069
1.87563
1.88
1.8836
1.88617
1.88793
1.88886
1.88945
1.88965
1.88986
1.88991
1.89003
1.88981
1.88931
1.88817
1.88669
1.88489
1.88263
1.88012
1.87754
1.87521
1.87333
1.87146
1.8696
1.86798
1.86662
1.86557
1.86479
1.86435
1.86452
1.86491
1.86534
1.86566
1.86572
1.86531
1.86441
1.86287
1.86089
1.85868
1.85601
1.85291
1.84922
1.84522
1.84131
1.83766
1.83423
1.83117
1.82838
1.82598
1.82343
1.82115
1.81932
1.81802
1.81728
1.81745
1.81853
1.82024
1.82245
1.82512
1.82791
1.83069
1.83331
1.83563
1.83775
1.83959
1.84104
1.84227
1.84316
1.84405
1.84501
1.84595
1.84646
1.84679
1.8471
1.84714
1.84669
1.84588
1.84511
1.84419
1.84309
1.84177
1.84028
1.83843
1.83629
1.83373
1.83071
1.82779
1.82492
1.82218
1.81977
1.81781
1.81657
1.81602
1.816
1.81656
1.81767
1.81901
1.82055
1.82184
1.82322
1.82439
1.82523
1.82581
1.82588
1.8255
1.82435
1.8227
1.82061
1.8185
1.81636
1.81485
1.81407
1.81471
1.81669
1.81996
1.82438
1.82951
1.83513
1.841
1.84635
1.85111
1.85516
1.85847
1.86124
1.86339
1.86515
1.86606
1.86598
1.86489
1.86299
1.86017
1.85661
1.85275
1.84918
1.84612
1.84433
1.84379
1.84433
1.8456
1.84708
1.8484
1.84943
1.84992
1.85011
1.85006
1.8502
1.85086
1.85206
1.85344
1.85482
1.85636
1.85784
1.85878
1.85934
1.85941
1.85899
1.85818
1.85744
1.85659
1.85599
1.8558
1.85591
1.85617
1.85645
1.85705
1.85728
1.85727
1.85734
1.85717
1.8569
1.85709
1.85751
1.85809
1.85858
1.85918
1.85924
1.85898
1.85809
1.85656
1.85453
1.85198
1.84956
1.84766
1.84672
1.84702
1.84824
1.84979
1.85141
1.85292
1.85424
1.85553
1.85663
1.85756
1.85839
1.85938
1.86009
1.86068
1.86135
1.86153
1.86061
1.85864
1.85558
1.85118
1.84524
1.83831
1.83103
1.82423
1.81906
1.81618
1.81551
1.81675
1.81909
1.82141
1.82301
1.82345
1.8229
1.82168
1.81991
1.81787
1.8163
1.81555
1.81602
1.81781
1.82104
1.8252
1.83016
1.83517
1.83972
1.84354
1.8461
1.84785
1.84868
1.84871
1.84794
1.84644
1.84456
1.84262
1.84016
1.83725
1.83406
1.83068
1.82732
1.82436
1.82229
1.82141
1.82182
1.82368
1.82649
1.83019
1.83427
1.83802
1.84115
1.8434
1.84462
1.84455
1.8437
1.8417
1.83865
1.83449
1.82928
1.82314
1.81669
1.81121
1.8078
1.80725
1.80986
1.8153
1.82263
1.83049
1.83788
1.84415
1.8491
1.85283
1.85534
1.8569
1.85757
1.85775
1.85761
1.85698
1.85598
1.85475
1.85333
1.8519
1.85061
1.8491
1.84772
1.84629
1.84493
1.84365
1.84242
1.84135
1.84023
1.839
1.83739
1.83617
1.83514
1.83464
1.83452
1.83486
1.83622
1.83846
1.84125
1.84472
1.84831
1.85197
1.85545
1.85848
1.86101
1.86295
1.8644
1.86533
1.86604
1.86662
1.86712
1.86766
1.86841
1.86899
1.8696
1.87018
1.87081
1.87142
1.87215
1.87295
1.87385
1.87483
1.87585
1.87701
1.87808
1.87932
1.88052
1.88105
1.88112
1.88091
1.87995
1.8782
1.87572
1.87243
1.86855
1.86455
1.86107
1.85871
1.85765
1.85827
1.86068
1.86437
1.86869
1.87351
1.87856
1.8835
1.8879
1.89161
1.89453
1.89663
1.89794
1.89854
1.89878
1.89874
1.89795
1.89688
1.89567
1.89429
1.89262
1.89088
1.88906
1.88719
1.88524
1.88299
1.88052
1.87805
1.87548
1.87347
1.87222
1.87144
1.87159
1.87238
1.87354
1.87474
1.8758
1.8767
1.8772
1.87732
1.87713
1.8767
1.87574
1.87399
1.87113
1.86719
1.86186
1.85573
1.84997
1.84576
1.84403
1.84506
1.84819
1.85249
1.85706
1.86162
1.866
1.87041
1.87505
1.87959
1.88407
1.88821
1.89205
1.89561
1.89823
1.90031
1.90212
1.90333
1.90403
1.90446
1.9044
1.90395
1.90285
1.90146
1.89996
1.89838
1.89688
1.8954
1.89433
1.8936
1.89271
1.89194
1.89099
1.88952
1.88769
1.88545
1.88305
1.88105
1.87945
1.87876
1.879
1.88034
1.88233
1.88508
1.88836
1.89189
1.89555
1.8992
1.90256
1.90557
1.90783
1.90898
1.90862
1.90669
1.90322
1.89788
1.89084
1.88335
1.87694
1.87307
1.87285
1.87611
1.88167
1.88853
1.89524
1.90138
1.90661
1.91112
1.91482
1.91784
1.9202
1.92201
1.92354
1.92498
1.92628
1.9278
1.9293
1.93072
1.93192
1.93285
1.93343
1.93366
1.93368
1.93295
1.93172
1.9298
1.92694
1.92335
1.91881
1.91338
1.90743
1.90139
1.89588
1.89163
1.88925
1.88861
1.88947
1.89107
1.8929
1.8948
1.89658
1.89834
1.90032
1.90257
1.90519
1.9083
1.91174
1.91424
1.91608
1.91678
1.91663
1.91576
1.9149
1.91435
1.91479
1.9167
1.91965
1.92324
1.92653
1.9286
1.92807
1.92408
1.91632
1.90576
1.89502
1.88756
1.88662
1.89221
1.90104
1.90945
1.91477
1.91605
1.91429
1.91019
1.90425
1.89772
1.89094
1.88446
1.87875
1.87424
1.87098
1.86886
1.86842
1.8695
1.87229
1.8765
1.8822
1.88892
1.89606
1.90289
1.90909
1.91421
1.9181
1.92094
1.92267
1.92345
1.92344
1.92275
1.92116
1.91943
1.91741
1.91525
1.91311
1.91136
1.9099
1.90858
1.90755
1.90699
1.90657
1.90598
1.9055
1.90517
1.90457
1.90336
1.90079
1.89625
1.88853
1.87693
1.86088
1.84176
1.82332
1.81048
1.80684
1.81197
1.82201
1.83279
1.84239
1.85071
1.8576
1.86388
1.86933
1.87376
1.87744
1.88025
1.88235
1.8836
1.88434
1.88448
1.88403
1.8832
1.88202
1.88044
1.87858
1.8769
1.87533
1.87396
1.87277
1.87193
1.8717
1.87209
1.87309
1.87438
1.87617
1.87826
1.88066
1.88318
1.88573
1.88835
1.89093
1.893
1.89469
1.89596
1.89663
1.89677
1.89653
1.89552
1.89393
1.8915
1.88805
1.88408
1.88
1.87587
1.87157
1.86721
1.86293
1.8593
1.85671
1.8555
1.85591
1.85784
1.8613
1.86605
1.87151
1.87716
1.88245
1.88675
1.88976
1.89165
1.89237
1.89229
1.8915
1.89046
1.8898
1.88989
1.89089
1.89272
1.89524
1.89765
1.89962
1.90079
1.90103
1.89993
1.89747
1.89377
1.8884
1.88096
1.87123
1.85899
1.84451
1.82918
1.81523
1.80561
1.80275
1.80719
1.81769
1.83123
1.84522
1.85738
1.8667
1.87317
1.87699
1.87875
1.87883
1.87777
1.87597
1.87432
1.87329
1.8725
1.87194
1.8719
1.87262
1.87394
1.87576
1.87791
1.88048
1.8829
1.88513
1.88664
1.88744
1.88748
1.8866
1.88455
1.88071
1.8742
1.86402
1.84936
1.83065
1.81073
1.79627
1.79337
1.8033
1.82048
1.83761
1.85031
1.85752
1.86056
1.86106
1.86037
1.8
1.79913
1.79918
1.80021
1.80245
1.80556
1.80927
1.81328
1.81746
1.82165
1.82538
1.82921
1.83267
1.83592
1.83864
1.84085
1.84285
1.84464
1.84627
1.84712
1.84784
1.84797
1.8475
1.84676
1.84561
1.84456
1.84354
1.8426
1.84176
1.84096
1.84015
1.83951
1.83905
1.83868
1.83851
1.83844
1.83882
1.83979
1.84152
1.84357
1.84601
1.84846
1.85084
1.85312
1.85495
1.85588
1.85563
1.85426
1.8517
1.84853
1.84512
1.84231
1.84075
1.84122
1.84321
1.84593
1.8488
1.85161
1.85373
1.85471
1.85492
1.85461
1.85386
1.85314
1.85288
1.85324
1.85452
1.85664
1.85956
1.86362
1.8688
1.8747
1.8813
1.88805
1.89473
1.901
1.90669
1.91118
1.91467
1.91738
1.9193
1.9204
1.92043
1.9196
1.91825
1.91597
1.91278
1.90878
1.90419
1.89964
1.89509
1.89097
1.8874
1.88474
1.88348
1.8835
1.88455
1.88638
1.88853
1.89061
1.89228
1.89354
1.8942
1.89396
1.89302
1.89162
1.88958
1.88727
1.8851
1.88294
1.8816
1.88089
1.88067
1.88136
1.8826
1.88465
1.88721
1.8897
1.89215
1.89408
1.89569
1.89668
1.89697
1.89656
1.89554
1.894
1.89268
1.89236
1.89307
1.89486
1.89766
1.90067
1.9032
1.90469
1.90496
1.90403
1.90155
1.89812
1.89422
1.88983
1.88559
1.8818
1.87852
1.87597
1.87436
1.87333
1.87297
1.8732
1.87398
1.87515
1.87647
1.87775
1.87902
1.88026
1.88141
1.88245
1.88354
1.88487
1.88597
1.88684
1.88756
1.88833
1.88899
1.88938
1.8894
1.88916
1.88897
1.88875
1.88819
1.88747
1.88695
1.88641
1.88572
1.88474
1.88369
1.88228
1.88019
1.87747
1.87394
1.86942
1.8638
1.85781
1.85186
1.84688
1.84354
1.84215
1.84197
1.84157
1.83982
1.83621
1.83162
1.82691
1.82322
1.82224
1.825
1.83138
1.84023
1.85004
1.85959
1.86824
1.87557
1.88136
1.88573
1.88926
1.89167
1.89322
1.89408
1.89467
1.89505
1.89565
1.89619
1.89692
1.89742
1.89757
1.89767
1.89733
1.89701
1.89646
1.89602
1.89553
1.895
1.89409
1.89337
1.89312
1.89286
1.89268
1.89247
1.8924
1.89193
1.89068
1.88809
1.88431
1.8787
1.87115
1.86171
1.85085
1.83932
1.8288
1.82125
1.81909
1.82361
1.83411
1.84756
1.86102
1.87216
1.88028
1.88567
1.88918
1.89131
1.89259
1.89383
1.89523
1.89692
1.89912
1.90145
1.90424
1.90721
1.91028
1.91346
1.91645
1.91896
1.92113
1.92279
1.92385
1.92402
1.92337
1.92222
1.92087
1.91882
1.91568
1.91233
1.90837
1.9042
1.89949
1.89447
1.88918
1.88404
1.87926
1.87492
1.87156
1.87006
1.87048
1.87294
1.87782
1.88391
1.89126
1.89887
1.90643
1.91343
1.91995
1.92529
1.92963
1.93314
1.9358
1.93745
1.93853
1.93857
1.93804
1.93688
1.93544
1.93343
1.93095
1.92809
1.92526
1.92276
1.92044
1.91874
1.91679
1.91484
1.91302
1.91124
1.90961
1.90794
1.90637
1.90529
1.90465
1.90464
1.90563
1.90749
1.91015
1.9135
1.91699
1.92005
1.92253
1.92449
1.92555
1.92478
1.92241
1.91869
1.91358
1.90747
1.90161
1.89714
1.89482
1.89549
1.89937
1.90587
1.91377
1.92166
1.92819
1.933
1.93633
1.93856
1.94026
1.94178
1.94378
1.94643
1.94915
1.95221
1.95511
1.95731
1.95826
1.95778
1.95571
1.95255
1.94894
1.94522
1.94202
1.93933
1.93746
1.93566
1.93401
1.93215
1.92986
1.92795
1.92697
1.92709
1.92827
1.93071
1.93369
1.93675
1.93964
1.94168
1.9433
1.94379
1.94351
1.94268
1.94115
1.93983
1.93879
1.93805
1.93823
1.93859
1.93921
1.93976
1.94061
1.94114
1.94125
1.94123
1.941
1.93998
1.93873
1.93775
1.93689
1.93623
1.93598
1.93594
1.93566
1.93496
1.93345
1.9318
1.92993
1.9281
1.92692
1.92708
1.92878
1.93228
1.9367
1.9422
1.94806
1.95343
1.95801
1.96215
1.96588
1.96884
1.97059
1.9711
1.97078
1.96956
1.96715
1.96374
1.95931
1.95423
1.94871
1.94312
1.93764
1.93243
1.92831
1.92532
1.92363
1.923
1.92353
1.9246
1.92648
1.92891
1.93137
1.93361
1.93561
1.93746
1.93903
1.93997
1.94018
1.93973
1.93902
1.93806
1.93671
1.93512
1.93338
1.93142
1.92916
1.92642
1.92344
1.92031
1.91739
1.91509
1.91386
1.91415
1.91599
1.91905
1.92223
1.9254
1.92786
1.92964
1.93043
1.93033
1.92953
1.92814
1.92641
1.92432
1.92205
1.92021
1.91828
1.91627
1.91448
1.91298
1.91209
1.91147
1.91117
1.91094
1.91082
1.91056
1.91013
1.90928
1.90838
1.90737
1.90617
1.90478
1.90378
1.90269
1.90177
1.9003
1.8985
1.89589
1.89183
1.88595
1.87894
1.87253
1.86794
1.86749
1.87128
1.87854
1.88737
1.89586
1.90266
1.90758
1.91046
1.91114
1.90998
1.90731
1.90321
1.89791
1.89165
1.8845
1.8771
1.8699
1.86353
1.85867
1.85564
1.85457
1.85491
1.85597
1.8572
1.85789
1.85817
1.85762
1.85662
1.85538
1.85398
1.85268
1.85166
1.851
1.85095
1.85171
1.85304
1.85491
1.85729
1.86013
1.86271
1.86523
1.86748
1.86968
1.87126
1.87265
1.87352
1.87403
1.87445
1.87462
1.87464
1.87463
1.87462
1.87457
1.87427
1.87396
1.87369
1.87317
1.87245
1.87162
1.87041
1.86869
1.8667
1.86413
1.86109
1.85745
1.85288
1.84759
1.84175
1.83552
1.82904
1.82241
1.81629
1.8111
1.80758
1.80604
1.80629
1.80822
1.81188
1.8168
1.82267
1.82894
1.83545
1.84172
1.84723
1.85198
1.85537
1.85764
1.85893
1.8595
1.85926
1.8584
1.85695
1.85463
1.85136
1.84717
1.84203
1.83618
1.83073
1.82678
1.82501
1.82582
1.82892
1.83354
1.83887
1.84366
1.84758
1.8504
1.85204
1.85269
1.85261
1.85224
1.85156
1.85087
1.85047
1.85044
1.85093
1.8517
1.85264
1.85326
1.85352
1.85295
1.85133
1.84874
1.84504
1.8405
1.83535
1.83014
1.82498
1.82085
1.81829
1.81717
1.81801
1.82061
1.82494
1.83014
1.83603
1.84163
1.84699
1.85156
1.85522
1.8582
1.86048
1.862
1.86315
1.86366
1.86362
1.86276
1.86133
1.85924
1.85621
1.85227
1.84763
1.84263
1.83728
1.83218
1.82807
1.82552
1.82466
1.82532
1.82682
1.82877
1.8306
1.83219
1.83375
1.83553
1.8375
1.83953
1.84149
1.8434
1.84561
1.84797
1.85045
1.85309
1.85596
1.85904
1.86239
1.8655
1.86837
1.87073
1.87268
1.87431
1.8755
1.87642
1.87715
1.87696
1.8762
1.87491
1.87304
1.87062
1.86819
1.86576
1.86377
1.86272
1.8626
1.86296
1.86388
1.86472
1.86494
1.86449
1.86308
1.8609
1.85837
1.85619
1.85521
1.85565
1.85756
1.86042
1.8638
1.86721
1.87027
1.87264
1.87399
1.87418
1.87353
1.87216
1.87001
1.86764
1.86517
1.86263
1.86082
1.85981
1.85978
1.86092
1.86271
1.8651
1.86752
1.8701
1.87295
1.87583
1.8786
1.88168
1.88531
1.88943
1.89419
1.89896
1.90351
1.90758
1.91076
1.91283
1.91379
1.91338
1.91203
1.90967
1.9062
1.90181
1.89685
1.89215
1.88816
1.88557
1.88448
1.88477
1.88649
1.8891
1.89143
1.89352
1.8946
1.89482
1.89399
1.89217
1.88934
1.88581
1.88181
1.87772
1.87355
1.86998
1.86733
1.86612
1.86666
1.86886
1.87249
1.8772
1.88235
1.88709
1.89116
1.89446
1.89675
1.8978
1.89768
1.89628
1.89382
1.89071
1.88721
1.88363
1.87999
1.87719
1.87542
1.87457
1.87443
1.87502
1.87529
1.8755
1.87545
1.87507
1.87485
1.87486
1.87497
1.87527
1.87589
1.87683
1.87791
1.87868
1.8792
1.87931
1.8792
1.8787
1.87829
1.87764
1.87705
1.87637
1.87555
1.87473
1.87362
1.87257
1.87183
1.8712
1.87065
1.87025
1.8702
1.87046
1.87099
1.87188
1.87303
1.8744
1.87572
1.87709
1.87849
1.87961
1.88057
1.88121
1.88161
1.88141
1.88076
1.87959
1.87807
1.876
1.87318
1.86977
1.86591
1.86159
1.85709
1.8529
1.84954
1.84771
1.8477
1.84951
1.85302
1.85767
1.86231
1.86636
1.8694
1.87143
1.8726
1.87341
1.87427
1.87497
1.87578
1.87678
1.87847
1.88055
1.88274
1.88504
1.88698
1.88889
1.89018
1.89099
1.8912
1.89085
1.89029
1.88923
1.88757
1.88575
1.88368
1.88173
1.87994
1.87891
1.87871
1.87916
1.88029
1.88175
1.88374
1.88599
1.88814
1.89058
1.89313
1.89569
1.89785
1.89985
1.90164
1.90337
1.90507
1.90673
1.90809
1.90932
1.91038
1.91131
1.91205
1.91248
1.91275
1.9127
1.91164
1.91033
1.90898
1.9074
1.90546
1.90272
1.89961
1.89613
1.89238
1.88823
1.88422
1.88063
1.87746
1.87549
1.8745
1.87484
1.87631
1.87881
1.88218
1.88657
1.8917
1.89733
1.90331
1.9092
1.91497
1.92017
1.92493
1.92923
1.93275
1.93534
1.93705
1.93794
1.93812
1.93757
1.93634
1.93447
1.93193
1.92891
1.92544
1.9212
1.91605
1.91006
1.9034
1.89652
1.89031
1.88567
1.88326
1.88361
1.88641
1.89085
1.89609
1.90131
1.90592
1.90958
1.912
1.91307
1.91349
1.91352
1.91336
1.91288
1.91285
1.91302
1.91357
1.91422
1.91502
1.91596
1.91696
1.91763
1.91822
1.91889
1.91973
1.92078
1.92168
1.92263
1.92373
1.92483
1.92567
1.92649
1.92731
1.92796
1.92846
1.92881
1.92858
1.92771
1.92649
1.92461
1.92218
1.91869
1.91385
1.90764
1.90037
1.89242
1.88488
1.87886
1.87532
1.8746
1.87665
1.8807
1.88616
1.89266
1.89991
1.90719
1.91414
1.92041
1.8
1.80491
1.80923
1.81265
1.81533
1.8175
1.81901
1.82002
1.82062
1.8209
1.82082
1.82041
1.81982
1.81869
1.8173
1.81549
1.8132
1.81051
1.80719
1.8031
1.79833
1.79292
1.78702
1.78102
1.77532
1.77019
1.76605
1.76378
1.76326
1.76482
1.76833
1.77313
1.77886
1.78516
1.79126
1.79712
1.80207
1.80614
1.80878
1.8099
1.80928
1.80691
1.80297
1.79794
1.79244
1.78694
1.78266
1.78007
1.77899
1.77896
1.77892
1.77834
1.77715
1.77623
1.77658
1.77875
1.78266
1.78765
1.79304
1.7979
1.80155
1.80363
1.80448
1.80431
1.80351
1.80241
1.80155
1.80094
1.80075
1.80098
1.80179
1.80278
1.80396
1.80534
1.80691
1.80863
1.80995
1.81079
1.81144
1.81184
1.81131
1.81069
1.80989
1.80869
1.80696
1.80503
1.80313
1.80119
1.79916
1.79706
1.79538
1.7943
1.79345
1.79318
1.79352
1.79418
1.7951
1.7964
1.7982
1.80008
1.80194
1.80405
1.80607
1.80788
1.80961
1.81148
1.81326
1.81484
1.81594
1.81692
1.81777
1.81803
1.81796
1.81775
1.81683
1.81505
1.8126
1.80967
1.80609
1.80183
1.79748
1.79313
1.7892
1.78601
1.78383
1.7827
1.78241
1.78287
1.78344
1.78368
1.78335
1.78231
1.78074
1.77906
1.7774
1.77571
1.77443
1.77371
1.77344
1.77375
1.77462
1.77618
1.77859
1.78185
1.78581
1.79027
1.79532
1.80052
1.80549
1.81022
1.81446
1.8181
1.82117
1.82375
1.82569
1.82702
1.82792
1.82856
1.82896
1.82891
1.82861
1.82845
1.82818
1.8278
1.82749
1.82712
1.82645
1.82573
1.82478
1.82354
1.82211
1.82054
1.81889
1.81701
1.81484
1.81245
1.80998
1.80753
1.80515
1.80341
1.80272
1.80318
1.80482
1.80749
1.81096
1.81465
1.81847
1.82186
1.82447
1.82641
1.82762
1.82801
1.82803
1.8273
1.82608
1.82394
1.82144
1.81875
1.81552
1.8118
1.8078
1.80412
1.80139
1.80029
1.80076
1.80296
1.80704
1.81211
1.81781
1.82378
1.82929
1.83418
1.83827
1.84138
1.84375
1.84542
1.84622
1.8463
1.84546
1.84348
1.84051
1.83664
1.8327
1.82973
1.82864
1.82924
1.83173
1.83541
1.83893
1.8418
1.84314
1.84262
1.84005
1.8361
1.83106
1.8257
1.82066
1.81744
1.81707
1.81914
1.82349
1.82926
1.8352
1.8405
1.84469
1.84758
1.84907
1.8498
1.84983
1.84894
1.84748
1.84561
1.84306
1.83989
1.83592
1.83116
1.8258
1.81958
1.81231
1.80402
1.79498
1.78515
1.77541
1.76631
1.75885
1.75342
1.74993
1.74834
1.74901
1.75248
1.75861
1.76692
1.7764
1.7856
1.79385
1.80026
1.80458
1.80714
1.80806
1.80763
1.80649
1.80459
1.80258
1.80073
1.79864
1.7962
1.79376
1.79122
1.78838
1.78554
1.78254
1.77928
1.77568
1.77158
1.76709
1.76218
1.75689
1.75137
1.74581
1.74078
1.73629
1.73262
1.72999
1.72871
1.72882
1.73003
1.7318
1.73387
1.73599
1.738
1.73947
1.74033
1.74066
1.74052
1.73964
1.73838
1.73712
1.73569
1.73432
1.73322
1.73261
1.73231
1.73226
1.73245
1.73283
1.73334
1.73374
1.73384
1.73392
1.73377
1.73346
1.73301
1.7325
1.73221
1.73192
1.73199
1.73186
1.7318
1.73133
1.73019
1.72793
1.72384
1.71737
1.70808
1.69679
1.68545
1.67793
1.67728
1.68431
1.69696
1.71089
1.72294
1.732
1.73797
1.74105
1.74194
1.74136
1.73971
1.73745
1.73521
1.73358
1.73276
1.73271
1.73349
1.73477
1.73618
1.73731
1.7378
1.73784
1.73747
1.73696
1.73674
1.73694
1.73767
1.73864
1.73965
1.74069
1.74142
1.74164
1.74148
1.74095
1.74036
1.73978
1.73945
1.73957
1.74006
1.74098
1.74216
1.74345
1.7444
1.74465
1.7444
1.74342
1.74167
1.73881
1.73561
1.73249
1.72946
1.7268
1.72551
1.72568
1.72714
1.72937
1.73168
1.73363
1.7347
1.73516
1.73549
1.73599
1.73669
1.73838
1.74107
1.74478
1.74865
1.75262
1.75661
1.76017
1.76337
1.76582
1.76764
1.76893
1.76979
1.77025
1.77024
1.76985
1.76877
1.76742
1.76564
1.76344
1.76097
1.75843
1.75603
1.75376
1.7521
1.75063
1.74986
1.74921
1.74901
1.7492
1.74971
1.75048
1.75139
1.75225
1.75269
1.75249
1.75168
1.7505
1.74902
1.74711
1.74479
1.74221
1.73917
1.73629
1.73361
1.7312
1.72932
1.72778
1.7267
1.726
1.72577
1.72588
1.72639
1.72715
1.72818
1.72913
1.73003
1.73105
1.73193
1.73265
1.73342
1.73425
1.73513
1.73625
1.73721
1.73814
1.73879
1.739
1.73873
1.73779
1.73587
1.73325
1.7303
1.72772
1.72592
1.72518
1.72594
1.72808
1.73128
1.73487
1.73798
1.74021
1.74141
1.74156
1.74058
1.73888
1.73703
1.73529
1.73406
1.73337
1.73348
1.7342
1.73477
1.73442
1.73316
1.7306
1.72726
1.72353
1.72038
1.71901
1.72062
1.72494
1.73131
1.73892
1.74669
1.75351
1.75874
1.76207
1.76389
1.76452
1.76405
1.76307
1.76203
1.76119
1.76034
1.75958
1.75911
1.75907
1.75915
1.75918
1.75907
1.75892
1.75861
1.75833
1.75787
1.75761
1.75757
1.75815
1.75931
1.76104
1.76344
1.76677
1.77088
1.77514
1.77955
1.78377
1.7877
1.7909
1.79364
1.79558
1.79635
1.79614
1.7948
1.79249
1.78885
1.78415
1.77845
1.77232
1.76717
1.7636
1.76206
1.76275
1.76533
1.76851
1.77155
1.77357
1.77442
1.77386
1.77216
1.77013
1.76827
1.76738
1.76777
1.76975
1.77287
1.77671
1.78105
1.78521
1.78904
1.79254
1.79553
1.79821
1.80048
1.80229
1.80369
1.80457
1.80521
1.80553
1.80597
1.80633
1.80602
1.80548
1.80444
1.80269
1.79984
1.79624
1.79164
1.78616
1.78041
1.77438
1.76902
1.76494
1.76266
1.76214
1.76296
1.76473
1.76691
1.76885
1.77046
1.77169
1.77235
1.77261
1.77246
1.77207
1.77173
1.77135
1.77089
1.77072
1.77016
1.76898
1.76707
1.76476
1.7624
1.76115
1.76149
1.76392
1.76847
1.77439
1.78076
1.78687
1.79215
1.79639
1.79959
1.8018
1.80329
1.8041
1.80447
1.80468
1.80491
1.80492
1.80492
1.80517
1.80547
1.80565
1.80575
1.80605
1.80635
1.8069
1.80742
1.80793
1.80829
1.8084
1.80841
1.80789
1.80717
1.80642
1.80497
1.80319
1.80123
1.79941
1.79739
1.79529
1.79332
1.79147
1.78983
1.78831
1.78711
1.78614
1.78551
1.78532
1.78539
1.78573
1.78645
1.78736
1.78831
1.78957
1.79114
1.79293
1.79466
1.79647
1.79808
1.79968
1.80147
1.80287
1.80416
1.80521
1.80606
1.80651
1.8067
1.80651
1.80592
1.80513
1.80401
1.80299
1.80164
1.8004
1.79926
1.79841
1.79779
1.79733
1.79668
1.79577
1.79488
1.79396
1.79297
1.79178
1.79053
1.78921
1.78772
1.78589
1.78382
1.78157
1.77939
1.77706
1.77454
1.77197
1.76939
1.76659
1.7636
1.76056
1.75774
1.75503
1.75277
1.75081
1.74944
1.74897
1.74971
1.75154
1.75404
1.75649
1.75855
1.75994
1.76019
1.75913
1.75706
1.75457
1.7524
1.75157
1.75258
1.75528
1.75927
1.76402
1.76858
1.77209
1.77476
1.77638
1.77723
1.77712
1.77612
1.77443
1.77221
1.7693
1.76557
1.76104
1.75576
1.75034
1.74534
1.74167
1.74008
1.7408
1.74351
1.74738
1.75158
1.75555
1.7589
1.76167
1.76413
1.76649
1.76901
1.77185
1.77492
1.77801
1.78106
1.7837
1.78573
1.78724
1.78789
1.78781
1.78701
1.78559
1.7842
1.78273
1.78177
1.78157
1.78171
1.78226
1.78282
1.78301
1.78245
1.78117
1.77927
1.77667
1.77395
1.77102
1.76823
1.76576
1.76402
1.76331
1.76412
1.76671
1.77076
1.7761
1.78197
1.78753
1.79248
1.79667
1.8001
1.80261
1.80472
1.80652
1.80837
1.81032
1.81257
1.81484
1.81705
1.81885
1.8204
1.82187
1.82302
1.82407
1.82514
1.82596
1.8265
1.82654
1.82618
1.82524
1.824
1.82241
1.8209
1.81978
1.81929
1.81963
1.82093
1.82305
1.8258
1.82869
1.83124
1.83346
1.8352
1.8363
1.83702
1.83715
1.83689
1.83662
1.83645
1.83627
1.83601
1.83586
1.83589
1.83594
1.83583
1.83574
1.83557
1.83516
1.83487
1.83423
1.8334
1.83237
1.83093
1.82902
1.82678
1.82415
1.82107
1.81711
1.81253
1.80782
1.80278
1.79742
1.79222
1.78705
1.7825
1.77859
1.77576
1.77425
1.77371
1.77429
1.77605
1.77862
1.782
1.78618
1.7907
1.79535
1.79996
1.8044
1.80852
1.81237
1.81577
1.81867
1.82123
1.82322
1.82461
1.82551
1.82607
1.82642
1.82668
1.82659
1.82614
1.8256
1.82513
1.82442
1.82372
1.82304
1.82227
1.82155
1.82101
1.82062
1.82052
1.82061
1.8207
1.82106
1.82151
1.82227
1.82318
1.82408
1.82496
1.8256
1.8263
1.82633
1.82594
1.82532
1.82423
1.82271
1.82094
1.81915
1.81737
1.81545
1.81384
1.81267
1.81238
1.8132
1.81537
1.81888
1.82296
1.82745
1.83193
1.83592
1.83915
1.84116
1.84172
1.841
1.83862
1.83463
1.82882
1.82133
1.81245
1.80334
1.79513
1.78962
1.78792
1.79016
1.79513
1.80093
1.8059
1.80914
1.8099
1.80854
1.80633
1.80423
1.80385
1.80597
1.81076
1.81776
1.82599
1.83444
1.84235
1.84898
1.85419
1.8577
1.85993
1.86107
1.86149
1.86125
1.86085
1.85977
1.85829
1.85694
1.85507
1.85279
1.85013
1.84694
1.84332
1.83921
1.8349
1.82999
1.82452
1.81898
1.81396
1.80936
1.80598
1.80352
1.80217
1.80202
1.80274
1.80414
1.80587
1.8075
1.80929
1.81111
1.81317
1.81515
1.81725
1.81944
1.8
1.80199
1.80409
1.80606
1.80735
1.80828
1.8089
1.80932
1.80902
1.80837
1.80731
1.80607
1.80469
1.80293
1.80102
1.79915
1.79745
1.79608
1.79503
1.79424
1.79403
1.79413
1.79435
1.79437
1.79439
1.79423
1.79372
1.79303
1.79224
1.79134
1.79047
1.78937
1.78786
1.78566
1.7824
1.77814
1.77301
1.76793
1.76401
1.76251
1.76417
1.76865
1.77489
1.78174
1.78833
1.79391
1.79848
1.80226
1.80537
1.80736
1.80853
1.80898
1.80865
1.80779
1.80611
1.80391
1.80124
1.79819
1.79468
1.79083
1.78649
1.78185
1.77713
1.77231
1.76733
1.76288
1.75898
1.75575
1.75341
1.75282
1.75422
1.75767
1.76348
1.77092
1.77951
1.78856
1.79776
1.80635
1.81409
1.82057
1.82576
1.82963
1.83219
1.83324
1.83297
1.83161
1.82933
1.82656
1.82348
1.82078
1.81857
1.81669
1.81541
1.81467
1.81431
1.81425
1.81462
1.81518
1.81541
1.81487
1.81315
1.81041
1.80622
1.80075
1.79425
1.78732
1.78125
1.77732
1.77664
1.77958
1.78571
1.79327
1.80096
1.80732
1.8116
1.81351
1.8131
1.81073
1.8072
1.80302
1.79874
1.79557
1.79384
1.79356
1.79472
1.79658
1.79869
1.80073
1.80285
1.80502
1.80748
1.81023
1.81324
1.81599
1.81825
1.81969
1.82016
1.81992
1.81926
1.81764
1.8155
1.81286
1.80992
1.80697
1.80434
1.80197
1.79985
1.79786
1.79602
1.79456
1.79319
1.79184
1.79047
1.78912
1.78785
1.7865
1.78509
1.78369
1.78207
1.78021
1.77821
1.77587
1.77374
1.77148
1.7694
1.76757
1.76576
1.7641
1.76264
1.76152
1.76088
1.76057
1.76063
1.76099
1.76143
1.76189
1.76206
1.76226
1.76251
1.76287
1.76329
1.76417
1.765
1.76551
1.76555
1.7647
1.763
1.76001
1.75519
1.74856
1.74006
1.73055
1.72132
1.71357
1.70894
1.70822
1.71179
1.71872
1.72737
1.73656
1.7451
1.75238
1.7581
1.76214
1.7648
1.76645
1.76728
1.76729
1.76662
1.76541
1.76385
1.76187
1.75954
1.75701
1.75424
1.75147
1.74882
1.74662
1.74508
1.7443
1.74441
1.74511
1.74634
1.74741
1.74822
1.74857
1.74839
1.7479
1.74713
1.74633
1.74586
1.74595
1.74675
1.74813
1.74991
1.75206
1.75425
1.75643
1.75852
1.75995
1.76088
1.76132
1.76143
1.76116
1.76036
1.75946
1.75826
1.75725
1.75668
1.7565
1.75736
1.75909
1.76164
1.76509
1.76905
1.77298
1.77683
1.78043
1.78368
1.7865
1.78906
1.79111
1.7931
1.79497
1.79715
1.79929
1.80143
1.80313
1.80468
1.80578
1.80655
1.80722
1.80778
1.80783
1.80767
1.80738
1.80707
1.80657
1.80629
1.80664
1.80705
1.80773
1.80839
1.80887
1.80885
1.80784
1.80572
1.80265
1.79896
1.79558
1.7937
1.79345
1.79503
1.79796
1.80174
1.80532
1.80798
1.80976
1.81068
1.81134
1.81195
1.81301
1.81467
1.8166
1.81864
1.82022
1.82077
1.81939
1.81582
1.80983
1.80148
1.79187
1.7826
1.77531
1.77244
1.77466
1.78129
1.79049
1.80027
1.80945
1.81711
1.82263
1.82605
1.82815
1.82934
1.82978
1.82958
1.82944
1.8293
1.82943
1.82992
1.8302
1.83064
1.831
1.83157
1.83224
1.83296
1.83368
1.83423
1.83482
1.83524
1.83531
1.83518
1.83491
1.83446
1.83383
1.83302
1.8321
1.83101
1.82953
1.82825
1.827
1.82549
1.82382
1.82175
1.81918
1.81615
1.81272
1.80918
1.80571
1.80339
1.80208
1.80191
1.80314
1.80523
1.80774
1.80973
1.81077
1.81119
1.8113
1.81104
1.81068
1.81029
1.8096
1.80907
1.80845
1.80778
1.80707
1.80641
1.80629
1.8064
1.80658
1.80666
1.80649
1.80593
1.80485
1.8032
1.80102
1.79854
1.79573
1.79303
1.79067
1.78887
1.78776
1.7878
1.78903
1.79162
1.79549
1.80011
1.80508
1.80973
1.81338
1.81612
1.81795
1.81843
1.81793
1.81645
1.81401
1.8114
1.80849
1.80553
1.8026
1.80021
1.79828
1.79667
1.79528
1.79406
1.79278
1.79166
1.79096
1.79079
1.79174
1.7934
1.7957
1.79807
1.80001
1.80093
1.80076
1.79967
1.79769
1.79541
1.79322
1.79125
1.78951
1.78794
1.78672
1.78583
1.78533
1.78523
1.78541
1.78557
1.78599
1.7865
1.78746
1.78904
1.79126
1.79361
1.79619
1.79869
1.80097
1.80336
1.8057
1.80824
1.81121
1.81432
1.81761
1.82106
1.82478
1.82864
1.83247
1.83602
1.83927
1.84216
1.8444
1.84571
1.84614
1.84513
1.84267
1.83838
1.83195
1.82282
1.81101
1.79731
1.78304
1.77062
1.76255
1.7606
1.76419
1.77183
1.78143
1.79098
1.79949
1.80665
1.81227
1.81599
1.81826
1.81951
1.82026
1.82048
1.82097
1.82182
1.82303
1.82453
1.82625
1.82824
1.8299
1.8312
1.83231
1.83254
1.83193
1.83065
1.82829
1.8248
1.82008
1.81409
1.8073
1.79982
1.7928
1.78697
1.7833
1.78234
1.78415
1.78812
1.79301
1.7982
1.80298
1.80687
1.8094
1.81057
1.81055
1.80938
1.80744
1.80501
1.80264
1.80088
1.80018
1.80025
1.80129
1.80294
1.80489
1.80705
1.80926
1.81106
1.8125
1.81356
1.81429
1.8143
1.81416
1.81398
1.81366
1.81318
1.81261
1.81206
1.81114
1.81009
1.8091
1.80811
1.80689
1.80531
1.80335
1.80127
1.7991
1.79696
1.79496
1.79274
1.79033
1.78769
1.78496
1.78234
1.78013
1.77819
1.77641
1.77519
1.77399
1.77271
1.77148
1.77063
1.77073
1.77224
1.77578
1.7814
1.78831
1.79579
1.8033
1.80993
1.81534
1.81944
1.82184
1.82278
1.82254
1.82105
1.81852
1.81543
1.81258
1.81038
1.80943
1.81005
1.81238
1.81604
1.82032
1.82468
1.82892
1.83228
1.83477
1.83637
1.83721
1.83743
1.83678
1.83573
1.8346
1.83333
1.83125
1.8283
1.82422
1.81872
1.81212
1.80478
1.79697
1.78981
1.78412
1.78115
1.78155
1.78535
1.79224
1.80107
1.81066
1.81933
1.82579
1.82967
1.8306
1.8288
1.82462
1.81898
1.81236
1.80586
1.80008
1.79589
1.79374
1.794
1.79623
1.80027
1.8056
1.81134
1.81669
1.82194
1.82686
1.83136
1.83526
1.83841
1.841
1.84276
1.8436
1.84365
1.84269
1.84116
1.83892
1.83563
1.83126
1.82607
1.81999
1.81329
1.80637
1.79967
1.79384
1.78935
1.78667
1.78547
1.78502
1.78464
1.78364
1.78186
1.77955
1.77717
1.77557
1.77568
1.77789
1.78217
1.78734
1.79247
1.79725
1.8009
1.80349
1.80507
1.80561
1.80542
1.8046
1.80307
1.80072
1.79817
1.79501
1.79148
1.7879
1.78428
1.78074
1.77748
1.77451
1.77205
1.76988
1.76805
1.76638
1.76492
1.76355
1.76218
1.76107
1.76019
1.75971
1.75864
1.75769
1.75724
1.75668
1.75637
1.75639
1.75642
1.75648
1.75699
1.75772
1.75875
1.75978
1.7607
1.76135
1.76138
1.76083
1.75972
1.75798
1.75604
1.75406
1.75241
1.75146
1.75144
1.75207
1.75341
1.7554
1.75762
1.75972
1.76141
1.76298
1.76408
1.76476
1.76494
1.76464
1.76393
1.76282
1.76131
1.75939
1.75705
1.75426
1.75096
1.74735
1.74358
1.73986
1.73646
1.73375
1.73204
1.73132
1.73144
1.73257
1.73449
1.73661
1.73886
1.74075
1.74236
1.74356
1.74414
1.74408
1.74373
1.74305
1.74186
1.74025
1.73881
1.7375
1.73616
1.73529
1.735
1.73508
1.7358
1.73657
1.73765
1.73891
1.74007
1.7411
1.74182
1.74259
1.743
1.74335
1.74341
1.74289
1.74177
1.7399
1.73751
1.73485
1.73246
1.73092
1.73042
1.73121
1.73362
1.73714
1.74147
1.74568
1.74952
1.75297
1.7557
1.75776
1.75881
1.75898
1.75858
1.75759
1.75613
1.75429
1.75173
1.74854
1.74503
1.74134
1.73775
1.73444
1.73189
1.73054
1.73047
1.73142
1.73329
1.73563
1.7382
1.74082
1.743
1.74425
1.74456
1.74434
1.74341
1.7417
1.73952
1.73709
1.73458
1.73212
1.72968
1.72795
1.72636
1.72502
1.72402
1.72331
1.72299
1.72299
1.72354
1.72458
1.72596
1.72741
1.72851
1.72897
1.7285
1.72674
1.72339
1.71871
1.71328
1.70795
1.704
1.70246
1.7042
1.70899
1.71593
1.72401
1.73198
1.7392
1.74499
1.74912
1.75215
1.75388
1.75432
1.75393
1.75297
1.75126
1.74883
1.74561
1.7415
1.73704
1.73247
1.72793
1.72397
1.72084
1.71852
1.71742
1.71794
1.72005
1.72363
1.72847
1.7343
1.74053
1.74683
1.75282
1.75811
1.76212
1.76472
1.76542
1.76461
1.7619
1.75764
1.75205
1.74597
1.74009
1.73508
1.73153
1.72914
1.72753
1.72554
1.72257
1.71886
1.71431
1.71036
1.70845
1.70988
1.71464
1.72155
1.72932
1.73683
1.74366
1.74868
1.75245
1.7548
1.75592
1.75637
1.756
1.75509
1.75406
1.75251
1.75074
1.74889
1.74685
1.7448
1.74291
1.74106
1.73894
1.73712
1.73557
1.73405
1.73265
1.7316
1.73073
1.7301
1.72975
1.72952
1.72941
1.72954
1.72962
1.72979
1.72986
1.7298
1.72985
1.72954
1.72908
1.72859
1.7278
1.72694
1.72572
1.72437
1.72277
1.72112
1.71934
1.71751
1.71553
1.71338
1.71126
1.70944
1.70791
1.70685
1.70651
1.70649
1.70678
1.70727
1.70789
1.70858
1.70917
1.70953
1.70976
1.70996
1.71016
1.71036
1.71071
1.7111
1.71159
1.71189
1.71219
1.71224
1.71205
1.71147
1.71046
1.70908
1.70739
1.70542
1.70327
1.70113
1.69926
1.69807
1.69764
1.69846
1.70014
1.70261
1.70588
1.70952
1.71313
1.71665
1.71937
1.72123
1.72209
1.72192
1.72091
1.71934
1.71701
1.71425
1.71058
1.70635
1.70146
1.69618
1.69118
1.68691
1.8
1.79811
1.79968
1.80457
1.81249
1.82175
1.83088
1.83873
1.84477
1.84898
1.8516
1.85303
1.85396
1.85451
1.85488
1.85512
1.8554
1.85578
1.85607
1.85623
1.85623
1.85621
1.8561
1.85583
1.8556
1.85562
1.85562
1.85578
1.85611
1.85638
1.85689
1.85772
1.85855
1.85926
1.85986
1.86046
1.86103
1.86149
1.86194
1.86232
1.86277
1.86343
1.8641
1.86511
1.86604
1.86704
1.86816
1.86955
1.87077
1.87207
1.87305
1.87377
1.87416
1.87418
1.87365
1.87273
1.87138
1.87001
1.86881
1.86814
1.86822
1.8688
1.87011
1.87184
1.87369
1.87549
1.87713
1.87838
1.87947
1.88012
1.88065
1.88105
1.88122
1.88146
1.88199
1.88269
1.88337
1.88417
1.88523
1.8865
1.8879
1.88916
1.89046
1.89196
1.89336
1.89478
1.89629
1.89748
1.89852
1.89954
1.90028
1.90064
1.90098
1.90126
1.90132
1.90116
1.90068
1.89992
1.89919
1.89832
1.89728
1.89621
1.89509
1.89419
1.89325
1.89259
1.89227
1.89215
1.89216
1.89243
1.89304
1.89362
1.89429
1.89504
1.89562
1.8962
1.89655
1.89671
1.89666
1.89667
1.89667
1.89671
1.89684
1.89702
1.89715
1.89735
1.89769
1.89784
1.89784
1.89787
1.89799
1.8981
1.89827
1.89872
1.89957
1.9009
1.90261
1.90451
1.90658
1.90897
1.9113
1.91348
1.91522
1.91681
1.91789
1.91856
1.91886
1.91868
1.91814
1.91744
1.91669
1.91594
1.91563
1.91568
1.91615
1.91712
1.91843
1.92002
1.92184
1.92364
1.92539
1.92697
1.92845
1.92969
1.93048
1.93117
1.93175
1.93244
1.93326
1.93402
1.93503
1.9359
1.93661
1.9374
1.93804
1.93841
1.93878
1.93891
1.93888
1.93908
1.93955
1.94029
1.94124
1.94259
1.94413
1.94583
1.94752
1.94929
1.95115
1.9531
1.95491
1.95636
1.95769
1.95904
1.96041
1.96157
1.96286
1.96443
1.96587
1.96712
1.96831
1.96952
1.97052
1.97117
1.97133
1.97084
1.96999
1.96866
1.96699
1.96471
1.96205
1.95917
1.95627
1.95365
1.95146
1.94996
1.94952
1.9499
1.95109
1.95241
1.95414
1.95585
1.95764
1.95955
1.9613
1.96327
1.96486
1.96618
1.96721
1.96782
1.96817
1.96855
1.96939
1.97038
1.97182
1.97386
1.97601
1.97822
1.98056
1.98222
1.98333
1.98371
1.98364
1.98319
1.98189
1.97979
1.9773
1.97441
1.97118
1.96736
1.96274
1.95762
1.95196
1.94606
1.94002
1.93385
1.92801
1.92318
1.92012
1.91931
1.92129
1.92545
1.93116
1.93715
1.94247
1.94664
1.94901
1.94956
1.94829
1.9455
1.9413
1.93641
1.93159
1.92771
1.92574
1.92567
1.92736
1.9303
1.93416
1.93821
1.942
1.94516
1.9475
1.94882
1.94935
1.94908
1.94808
1.94644
1.94461
1.94262
1.94043
1.93842
1.93646
1.93456
1.93298
1.93169
1.9306
1.92983
1.92931
1.92899
1.92884
1.92863
1.92832
1.92798
1.92751
1.92669
1.92589
1.92467
1.9229
1.92045
1.91713
1.91329
1.90893
1.90441
1.89955
1.89496
1.89094
1.88759
1.88528
1.88384
1.88314
1.88318
1.8838
1.88484
1.88592
1.88701
1.88797
1.88896
1.89007
1.89101
1.89165
1.8918
1.89176
1.89169
1.89131
1.89047
1.88916
1.88783
1.88629
1.88461
1.88277
1.88121
1.87988
1.87896
1.87829
1.87796
1.87791
1.87828
1.87905
1.88018
1.88142
1.88284
1.88439
1.886
1.88747
1.88893
1.89015
1.8913
1.89223
1.89292
1.89367
1.89421
1.89442
1.89475
1.89497
1.8949
1.8945
1.89387
1.89301
1.89148
1.88947
1.88704
1.88413
1.88096
1.87767
1.87473
1.87238
1.87113
1.87094
1.87176
1.87364
1.87628
1.87913
1.88202
1.88473
1.88717
1.88944
1.89155
1.89368
1.89592
1.89798
1.89956
1.90086
1.90162
1.90158
1.90083
1.89895
1.89579
1.89111
1.88518
1.87833
1.87147
1.8665
1.86487
1.86729
1.87346
1.882
1.89118
1.89987
1.90713
1.91289
1.91722
1.92013
1.92191
1.92279
1.92306
1.92305
1.92259
1.92188
1.9213
1.92114
1.92126
1.92168
1.92224
1.92289
1.92343
1.92403
1.9243
1.92447
1.92437
1.92402
1.92329
1.92208
1.92027
1.91821
1.91582
1.91332
1.91097
1.9089
1.9073
1.90639
1.90618
1.90663
1.90723
1.90784
1.9086
1.90909
1.90912
1.90884
1.90843
1.90818
1.90836
1.9093
1.91084
1.91254
1.91384
1.9145
1.9138
1.91097
1.90611
1.89944
1.89243
1.88712
1.88511
1.88718
1.89253
1.89928
1.90579
1.91064
1.91332
1.91436
1.91411
1.91345
1.91311
1.91374
1.91553
1.9182
1.92177
1.9257
1.9293
1.93246
1.93542
1.93787
1.93984
1.94145
1.94298
1.94428
1.94554
1.9465
1.94722
1.94753
1.94735
1.94654
1.94485
1.94217
1.9389
1.9347
1.93002
1.92528
1.92078
1.91698
1.91429
1.91277
1.91257
1.91353
1.91518
1.91706
1.91863
1.91982
1.92048
1.92054
1.92027
1.92014
1.92073
1.92217
1.92511
1.92924
1.93407
1.93931
1.94471
1.94939
1.95336
1.95645
1.95863
1.9601
1.9611
1.96126
1.96107
1.96051
1.95988
1.95935
1.95858
1.9579
1.95732
1.95656
1.95578
1.95506
1.9541
1.95342
1.95297
1.95259
1.9524
1.95243
1.95259
1.95267
1.95257
1.9519
1.95103
1.94979
1.94818
1.94638
1.94402
1.94167
1.9392
1.93656
1.93357
1.93026
1.92682
1.92394
1.92239
1.92264
1.92511
1.92957
1.93572
1.94272
1.94986
1.95613
1.96175
1.96628
1.96978
1.9724
1.97431
1.97569
1.97657
1.97724
1.9773
1.97716
1.97693
1.9763
1.97551
1.97452
1.97326
1.97165
1.96937
1.96625
1.96225
1.95786
1.95305
1.94809
1.94389
1.94147
1.94181
1.94461
1.94946
1.95515
1.96061
1.96479
1.96744
1.96862
1.96902
1.96918
1.96983
1.97174
1.97468
1.97865
1.98286
1.98705
1.99049
1.99285
1.99372
1.99294
1.99025
1.98542
1.97836
1.96949
1.95912
1.94842
1.93879
1.93178
1.92898
1.93106
1.93728
1.94633
1.95662
1.96649
1.97507
1.98237
1.98841
1.9934
1.99766
2.00111
2.00402
2.0061
2.00778
2.00899
2.00985
2.0108
2.01192
2.01312
2.01427
2.01495
2.01521
2.01493
2.01409
2.01223
2.00979
2.00714
2.00462
2.00245
2.00042
1.99912
1.9987
1.99912
2.00033
2.00213
2.00442
2.00749
2.01089
2.01433
2.01765
2.02055
2.02328
2.02548
2.02733
2.02844
2.02882
2.0284
2.02701
2.02465
2.02146
2.01794
2.01416
2.01
2.00569
2.0012
1.99701
1.993
1.98962
1.98733
1.98622
1.98663
1.98864
1.99242
1.99767
2.00381
2.01028
2.0166
2.02211
2.02681
2.03
2.03195
2.03277
2.03225
2.03081
2.02876
2.02638
2.02374
2.02103
2.01819
2.01527
2.01281
2.01035
2.00785
2.00522
2.00274
2.00052
1.99832
1.99647
1.99469
1.99335
1.99229
1.99122
1.99024
1.98964
1.9889
1.98757
1.98617
1.98464
1.98322
1.982
1.98075
1.97978
1.97904
1.97834
1.97793
1.9773
1.9767
1.9763
1.97602
1.97596
1.9761
1.97638
1.97696
1.97749
1.97792
1.97795
1.97764
1.9771
1.97603
1.97433
1.97225
1.97004
1.96725
1.96424
1.96126
1.95814
1.95524
1.95251
1.94997
1.94766
1.94529
1.94306
1.94073
1.93875
1.9376
1.93728
1.93787
1.93905
1.94076
1.94284
1.94497
1.94697
1.94872
1.94998
1.95079
1.95124
1.95121
1.95118
1.95085
1.95037
1.94983
1.94901
1.9481
1.94752
1.94697
1.94648
1.94598
1.94547
1.94508
1.94485
1.94439
1.94383
1.94317
1.9422
1.94094
1.93946
1.93769
1.93558
1.93316
1.93053
1.9275
1.92427
1.92138
1.91893
1.91718
1.91616
1.91608
1.91688
1.91835
1.9205
1.92311
1.92584
1.92876
1.93181
1.93482
1.93777
1.94023
1.94212
1.94342
1.94422
1.94422
1.94341
1.94151
1.9382
1.93324
1.92635
1.9171
1.90571
1.89308
1.88121
1.87283
1.87086
1.87606
1.88635
1.89855
1.90971
1.91848
1.92461
1.92856
1.93063
1.9315
1.93116
1.93014
1.92831
1.92593
1.92311
1.91967
1.91602
1.91229
1.90913
1.90706
1.9066
1.90833
1.91223
1.91791
1.92481
1.93218
1.93927
1.94544
1.9503
1.95379
1.95603
1.95718
1.95766
1.95775
1.95781
1.95789
1.95743
1.95583
1.95315
1.94909
1.94339
1.93667
1.93001
1.92484
1.92263
1.92373
1.92748
1.93293
1.93821
1.94246
1.94531
1.94725
1.9482
1.94851
1.94865
1.94901
1.95005
1.95145
1.9534
1.95599
1.95918
1.96293
1.96685
1.97096
1.97501
1.97865
1.98156
1.98357
1.9847
1.98468
1.98345
1.98112
1.97747
1.97279
1.96769
1.96277
1.95865
1.956
1.95576
1.95784
1.9617
1.96651
1.97165
1.97634
1.98011
1.98228
1.98317
1.98323
1.98275
1.98253
1.98307
1.98445
1.98685
1.98995
1.99353
1.99724
2.00021
2.00215
2.00293
2.00264
2.00147
1.99883
1.99472
1.98947
1.98331
1.97645
1.96931
1.96219
1.95597
1.95163
1.94937
1.94952
1.95139
1.9544
1.95804
1.96239
1.96685
1.97141
1.9761
1.98075
1.98532
1.98975
1.99376
1.99705
1.9995
2.00102
2.00162
2.00156
2.00096
1.99977
1.99817
1.99628
1.99448
1.99268
1.99138
1.99026
1.9895
1.98914
1.98926
1.98946
1.98978
1.99015
1.99034
1.99026
1.98984
1.98894
1.98748
1.98575
1.98398
1.9818
1.97926
1.97629
1.97312
1.96978
1.96657
1.96347
1.96074
1.95859
1.95725
1.95687
1.95732
1.95869
1.96105
1.96403
1.96727
1.97078
1.97413
1.97722
1.97985
1.98213
1.98406
1.98541
1.98595
1.98597
1.9854
1.98414
1.982
1.97921
1.97572
1.97158
1.8
1.79571
1.79089
1.78631
1.78246
1.77978
1.77861
1.77912
1.78133
1.78503
1.78984
1.79558
1.8016
1.80748
1.81289
1.81781
1.82222
1.82614
1.82923
1.83166
1.8335
1.83512
1.83659
1.8377
1.83855
1.83904
1.83931
1.83936
1.8392
1.83856
1.83759
1.83609
1.83389
1.8312
1.82806
1.82444
1.8206
1.81683
1.81374
1.81182
1.81107
1.81137
1.81258
1.81445
1.81675
1.81893
1.82096
1.82281
1.82447
1.82579
1.82708
1.82825
1.82896
1.8296
1.82994
1.82966
1.82852
1.82617
1.82215
1.81616
1.80838
1.79952
1.79021
1.78155
1.77456
1.76991
1.76775
1.76792
1.76999
1.77337
1.77798
1.78409
1.79147
1.8001
1.81006
1.821
1.8326
1.844
1.85441
1.86309
1.86971
1.87463
1.87753
1.87884
1.87914
1.87837
1.87691
1.87463
1.8719
1.86838
1.86443
1.86012
1.85581
1.85127
1.84673
1.84226
1.83764
1.83304
1.82872
1.82512
1.82233
1.82069
1.81999
1.82061
1.82209
1.82368
1.82513
1.82611
1.82649
1.82631
1.82507
1.82265
1.81919
1.81461
1.80891
1.80239
1.79553
1.7887
1.78247
1.77741
1.77308
1.77031
1.7695
1.77138
1.77551
1.78132
1.78786
1.79422
1.7998
1.80422
1.80756
1.80993
1.81147
1.81245
1.8134
1.81389
1.81399
1.81372
1.81326
1.81263
1.81177
1.81068
1.80932
1.80794
1.80668
1.80595
1.80564
1.80577
1.8062
1.80702
1.80828
1.80998
1.81181
1.81381
1.81562
1.81739
1.81903
1.82058
1.82176
1.82273
1.82331
1.82371
1.82373
1.82355
1.82318
1.82258
1.82176
1.82053
1.81898
1.81712
1.81517
1.8134
1.81185
1.81046
1.80902
1.80775
1.8065
1.8053
1.80385
1.80224
1.80037
1.79855
1.79722
1.79652
1.79674
1.79805
1.80036
1.80368
1.80757
1.81163
1.81581
1.81993
1.82413
1.82809
1.83185
1.83532
1.83871
1.84178
1.84462
1.84736
1.84985
1.85217
1.85418
1.85607
1.85775
1.85929
1.86056
1.86154
1.86268
1.86365
1.8645
1.86505
1.86549
1.86598
1.86634
1.86611
1.86542
1.86417
1.8622
1.8595
1.85601
1.8516
1.84627
1.84016
1.83377
1.82761
1.82225
1.81796
1.81444
1.81211
1.8105
1.80942
1.80944
1.81028
1.81249
1.81578
1.81996
1.82465
1.82945
1.83415
1.83882
1.84339
1.84758
1.85182
1.85589
1.85992
1.86351
1.86691
1.86956
1.87162
1.87314
1.87405
1.8745
1.87445
1.87357
1.8724
1.87125
1.86968
1.86799
1.8662
1.86427
1.86242
1.86045
1.85813
1.85561
1.85273
1.84962
1.84645
1.84395
1.84245
1.8423
1.84379
1.84686
1.85071
1.85485
1.85866
1.86179
1.86394
1.86486
1.8646
1.86319
1.86086
1.85794
1.85491
1.85194
1.8493
1.8474
1.84648
1.84638
1.84686
1.84766
1.84858
1.84951
1.85012
1.85021
1.84936
1.848
1.84622
1.84417
1.84188
1.83985
1.83813
1.83694
1.83636
1.83638
1.83689
1.83798
1.83967
1.84155
1.84334
1.8448
1.84612
1.84727
1.84814
1.84835
1.84803
1.84683
1.84491
1.84214
1.83846
1.83387
1.82865
1.82318
1.81748
1.8123
1.80804
1.80518
1.80364
1.80354
1.8045
1.80619
1.80819
1.81
1.81133
1.8119
1.8116
1.81052
1.80878
1.8068
1.80518
1.80447
1.80499
1.80692
1.81035
1.81427
1.81829
1.82191
1.82515
1.82777
1.8297
1.83099
1.83185
1.83228
1.83259
1.83264
1.83201
1.83114
1.83032
1.8298
1.82963
1.82982
1.83027
1.83109
1.83252
1.83424
1.83633
1.83826
1.84005
1.8414
1.84229
1.84235
1.84198
1.84139
1.84088
1.84078
1.84127
1.84208
1.84309
1.84425
1.84547
1.84682
1.84823
1.84995
1.85186
1.85391
1.85636
1.85943
1.86306
1.86686
1.87062
1.87435
1.87747
1.87994
1.88202
1.88348
1.8842
1.88448
1.88463
1.8851
1.88547
1.88627
1.88775
1.88968
1.89208
1.8945
1.89715
1.89998
1.90277
1.90505
1.90691
1.90842
1.90921
1.90931
1.90913
1.90828
1.90711
1.90537
1.90288
1.89971
1.89587
1.89123
1.88603
1.88044
1.87458
1.8691
1.86398
1.85979
1.85685
1.85548
1.85551
1.8564
1.85815
1.86024
1.86264
1.86526
1.86763
1.86971
1.87153
1.8729
1.87381
1.87425
1.87429
1.87428
1.87402
1.87382
1.87403
1.87465
1.8756
1.87732
1.87987
1.88294
1.88658
1.89033
1.89412
1.89781
1.90111
1.90403
1.90645
1.90841
1.91004
1.91122
1.91187
1.91224
1.91263
1.91265
1.91244
1.91205
1.91173
1.91112
1.91023
1.90934
1.90813
1.90654
1.90453
1.90218
1.89956
1.89665
1.89364
1.89065
1.88824
1.88585
1.88317
1.88035
1.87704
1.87293
1.86811
1.86276
1.85708
1.85141
1.84665
1.84321
1.84142
1.84168
1.84425
1.84861
1.85448
1.86133
1.86859
1.87582
1.88255
1.88853
1.89364
1.89776
1.90111
1.90355
1.90539
1.9068
1.90796
1.90882
1.90927
1.9101
1.91095
1.91169
1.91229
1.91272
1.91304
1.91343
1.91412
1.91469
1.91489
1.91527
1.91577
1.91653
1.91711
1.91734
1.91678
1.91551
1.91325
1.90976
1.90474
1.89797
1.88966
1.87947
1.86831
1.85696
1.84674
1.83906
1.83568
1.83686
1.84222
1.85065
1.86034
1.87044
1.87981
1.88786
1.89458
1.90032
1.9049
1.9084
1.91112
1.91272
1.91324
1.91303
1.91201
1.91057
1.9083
1.90502
1.9008
1.89617
1.89179
1.88832
1.886
1.88497
1.88549
1.8872
1.88992
1.89329
1.89672
1.89985
1.90234
1.90388
1.90514
1.90616
1.90665
1.90672
1.90648
1.90598
1.90522
1.90405
1.90268
1.90153
1.90063
1.90009
1.89994
1.90026
1.90103
1.90225
1.90339
1.90424
1.90487
1.9055
1.90588
1.90619
1.90657
1.90708
1.90757
1.9086
1.90982
1.91098
1.91199
1.91278
1.91341
1.91327
1.91238
1.91066
1.90842
1.90536
1.902
1.89892
1.8961
1.89367
1.89161
1.89031
1.88955
1.88952
1.89023
1.89166
1.89371
1.89593
1.89805
1.90008
1.90163
1.9029
1.90355
1.9036
1.90306
1.90215
1.90088
1.89908
1.89712
1.89512
1.89324
1.8918
1.89098
1.89106
1.89207
1.89376
1.89619
1.89854
1.90064
1.90218
1.90294
1.90318
1.90282
1.90228
1.90179
1.90115
1.90035
1.89871
1.89625
1.89227
1.88646
1.87896
1.87034
1.86182
1.85472
1.8507
1.85047
1.85389
1.85958
1.86638
1.87326
1.87968
1.88517
1.88961
1.89289
1.89506
1.89617
1.89587
1.89454
1.89176
1.8876
1.88248
1.87672
1.8717
1.86841
1.86741
1.86905
1.87256
1.87726
1.88191
1.88551
1.8879
1.88907
1.88904
1.88806
1.88653
1.88464
1.88286
1.88124
1.87986
1.87894
1.87842
1.87812
1.87809
1.87819
1.87848
1.87882
1.87872
1.87856
1.87812
1.87738
1.87637
1.87543
1.87445
1.87334
1.87218
1.87091
1.86971
1.86829
1.86695
1.86561
1.8642
1.86267
1.86106
1.85989
1.8586
1.85704
1.85525
1.85337
1.85138
1.8494
1.84725
1.84474
1.8422
1.83941
1.83636
1.8332
1.82994
1.82656
1.82312
1.81971
1.81644
1.81392
1.81244
1.81227
1.8132
1.81536
1.81831
1.8214
1.82392
1.82619
1.82802
1.82956
1.83077
1.83187
1.83272
1.83311
1.83312
1.833
1.83272
1.83211
1.83128
1.83039
1.82919
1.82753
1.82579
1.82386
1.82178
1.81956
1.81723
1.81482
1.81196
1.80903
1.80594
1.80269
1.79963
1.79679
1.79437
1.79244
1.79109
1.79012
1.78964
1.78939
1.78927
1.78914
1.7889
1.7885
1.78812
1.78765
1.78728
1.78687
1.78663
1.7865
1.78659
1.78682
1.7872
1.7877
1.78822
1.78882
1.78937
1.79
1.79059
1.79105
1.79154
1.79202
1.7924
1.79276
1.79306
1.79332
1.79357
1.79374
1.79385
1.79388
1.79382
1.79382
1.79378
1.79373
1.79373
1.79388
1.79406
1.7943
1.79471
1.79516
1.79555
1.7957
1.79587
1.79599
1.79594
1.79596
1.79572
1.79521
1.79441
1.79346
1.7921
1.79033
1.78828
1.78613
1.78417
1.78269
1.78184
1.78209
1.78348
1.78607
1.78979
1.7941
1.79857
1.80331
1.80784
1.81224
1.81633
1.8196
1.82266
1.82528
1.82742
1.82916
1.83061
1.83166
1.83253
1.83325
1.83393
1.83447
1.83471
1.83461
1.83446
1.83437
1.83414
1.834
1.83383
1.83365
1.83342
1.83297
1.83243
1.83192
1.83147
1.83105
1.83089
1.83076
1.83085
1.83143
1.83221
1.83395
1.83654
1.83959
1.84266
1.84555
1.84835
1.8511
1.85427
1.8579
1.86187
1.86624
1.87067
1.87478
1.87847
1.88153
1.88351
1.88455
1.88447
1.88352
1.88148
1.87842
1.87465
1.87026
1.86522
1.85985
1.85442
1.84929
1.8454
1.84305
1.8421
1.84227
1.84347
1.84542
1.84786
1.85025
1.85242
1.85411
1.85476
1.85474
1.85385
1.85208
1.84976
1.84686
1.84387
1.84141
1.83987
1.83981
1.84126
1.84431
1.84884
1.85428
1.86001
1.86563
1.8707
1.87508
1.8787
1.88127
1.88285
1.88372
1.88362
1.88271
1.88152
1.87979
1.87754
1.87484
1.87156
1.86776
1.86347
1.85894
1.85457
1.8508
1.84772
1.84552
1.84427
1.84396
1.84446
1.8453
1.84708
1.84934
1.85188
1.85473
1.85799
1.86134
1.86459
1.86763
1.87042
1.87296
1.87538
1.87759
1.87956
1.88133
1.88326
1.88529
1.88732
1.8893
1.89118
1.89301
1.89518
1.89747
1.89932
1.90117
1.90293
1.90472
1.90642
1.90748
1.90832
1.90894
1.90895
1.90841
1.90717
1.90569
1.90383
1.90139
1.89892
1.89649
1.89426
1.89193
1.89
1.88824
1.88697
1.88621
1.88607
1.88651
1.88821
1.89085
1.89422
1.89757
1.90082
1.90323
1.90444
1.8
1.7998
1.79843
1.79613
1.7936
1.79025
1.7872
1.78454
1.78269
1.78153
1.78146
1.78264
1.78471
1.78754
1.79099
1.79508
1.79939
1.8039
1.80849
1.81294
1.81691
1.82048
1.82341
1.8252
1.82603
1.82593
1.82459
1.82175
1.81771
1.81296
1.80831
1.80506
1.80427
1.80594
1.80974
1.8143
1.81864
1.82209
1.82405
1.82418
1.82264
1.82035
1.8176
1.8144
1.81143
1.80882
1.80632
1.80411
1.80225
1.8002
1.7979
1.79542
1.79289
1.79045
1.78792
1.78584
1.78415
1.78295
1.78286
1.78317
1.78377
1.78458
1.78509
1.78524
1.78496
1.78441
1.78363
1.78236
1.78105
1.77964
1.77795
1.77586
1.77349
1.77069
1.76775
1.76486
1.76204
1.75929
1.75711
1.75575
1.75496
1.7546
1.7545
1.75461
1.75543
1.75624
1.75744
1.75883
1.76059
1.76275
1.76505
1.76723
1.76943
1.77128
1.77277
1.7738
1.77414
1.774
1.7732
1.7721
1.77036
1.76809
1.76532
1.76234
1.75939
1.75684
1.75456
1.75284
1.75195
1.75208
1.75293
1.75439
1.75666
1.75898
1.76122
1.76348
1.76567
1.76774
1.76962
1.77115
1.77255
1.77308
1.77313
1.77265
1.77138
1.76916
1.76594
1.76155
1.75588
1.74862
1.7402
1.73098
1.72249
1.71641
1.71411
1.71659
1.72304
1.73181
1.74033
1.747
1.75097
1.7519
1.7505
1.74778
1.74512
1.74346
1.7435
1.74441
1.74565
1.74613
1.74506
1.74244
1.73905
1.73566
1.73328
1.73264
1.73399
1.73703
1.74128
1.74638
1.75194
1.75743
1.76246
1.76691
1.77095
1.77434
1.77682
1.77866
1.77935
1.77902
1.7776
1.77508
1.77146
1.76727
1.76245
1.75787
1.75356
1.74968
1.74687
1.74511
1.74406
1.74338
1.74344
1.74475
1.74782
1.75288
1.75971
1.76757
1.77526
1.78224
1.78803
1.79232
1.79526
1.79735
1.7983
1.79845
1.79797
1.79699
1.79577
1.79452
1.79334
1.79237
1.79168
1.79167
1.79212
1.7928
1.79367
1.79446
1.79468
1.79409
1.79236
1.78918
1.78476
1.77903
1.77261
1.76641
1.76131
1.75764
1.75593
1.75602
1.75778
1.7601
1.76222
1.76407
1.76555
1.76681
1.7679
1.76908
1.77056
1.77273
1.77487
1.7774
1.77947
1.78081
1.78089
1.77986
1.77773
1.77505
1.77234
1.77038
1.77008
1.77193
1.77533
1.78004
1.78553
1.79124
1.79684
1.80174
1.80563
1.80859
1.81042
1.81116
1.81093
1.80982
1.80786
1.80546
1.80222
1.79889
1.79552
1.79249
1.79006
1.78847
1.78776
1.78776
1.78845
1.78909
1.78938
1.78905
1.78796
1.78618
1.78424
1.78237
1.78072
1.77984
1.77981
1.78102
1.7831
1.7856
1.78846
1.79112
1.79368
1.7957
1.7971
1.79789
1.79843
1.79854
1.79783
1.79639
1.7944
1.79167
1.78863
1.7856
1.78232
1.77943
1.77731
1.77582
1.77522
1.77562
1.77668
1.7783
1.77997
1.78123
1.78177
1.78169
1.78113
1.77999
1.77864
1.77719
1.77566
1.7737
1.77164
1.76926
1.76706
1.76504
1.76347
1.76269
1.76306
1.76476
1.76721
1.77038
1.77377
1.77698
1.77961
1.78143
1.7824
1.78246
1.78185
1.78012
1.77792
1.77536
1.77247
1.76945
1.76689
1.76506
1.76425
1.76461
1.76578
1.76722
1.76884
1.77043
1.77173
1.77223
1.772
1.77102
1.769
1.76589
1.76194
1.75754
1.75271
1.74782
1.74283
1.73806
1.73373
1.73005
1.72749
1.72655
1.72724
1.72938
1.73251
1.73608
1.73956
1.7425
1.74454
1.74543
1.74502
1.74319
1.73994
1.73531
1.72942
1.72264
1.71526
1.70838
1.70322
1.70022
1.69974
1.70138
1.70452
1.70812
1.71123
1.71329
1.71408
1.71382
1.71284
1.71196
1.71149
1.71156
1.71229
1.71354
1.71521
1.71702
1.71892
1.72079
1.72258
1.72425
1.72564
1.72663
1.72721
1.72733
1.72701
1.72642
1.72554
1.72454
1.72356
1.72246
1.72146
1.72077
1.72043
1.72047
1.7209
1.72161
1.72277
1.72414
1.7258
1.72751
1.72901
1.73063
1.73226
1.73387
1.73514
1.73634
1.73745
1.73795
1.73821
1.73808
1.73749
1.73633
1.73489
1.73338
1.73143
1.72935
1.72706
1.72474
1.7225
1.72057
1.71924
1.7184
1.71815
1.71906
1.72146
1.72532
1.73073
1.73724
1.74433
1.75155
1.7579
1.76352
1.76809
1.77147
1.77299
1.7729
1.77129
1.76837
1.76457
1.76035
1.75641
1.75343
1.75211
1.75279
1.7554
1.7594
1.76392
1.76819
1.77176
1.77443
1.77596
1.77671
1.77709
1.77739
1.77782
1.7787
1.78014
1.78202
1.7844
1.78739
1.79038
1.79344
1.79619
1.79812
1.79907
1.7987
1.79765
1.79571
1.79282
1.78939
1.78513
1.781
1.7775
1.77477
1.77316
1.77232
1.77194
1.77184
1.77201
1.77259
1.77316
1.77346
1.77378
1.77415
1.77446
1.7752
1.77642
1.77855
1.78157
1.78573
1.7903
1.79489
1.79869
1.80172
1.80341
1.80358
1.80217
1.79937
1.796
1.79276
1.79035
1.7895
1.79016
1.79184
1.79392
1.79592
1.79735
1.79802
1.79789
1.79712
1.79615
1.79504
1.79417
1.79352
1.79302
1.79292
1.79338
1.7941
1.79523
1.79637
1.79754
1.79852
1.79938
1.80018
1.80109
1.80215
1.80323
1.80452
1.80598
1.80746
1.80917
1.81096
1.81263
1.81419
1.81572
1.81726
1.8183
1.81931
1.82016
1.82121
1.8219
1.82236
1.82248
1.82227
1.82173
1.82037
1.81756
1.81354
1.80812
1.80101
1.79249
1.78265
1.77379
1.76822
1.76769
1.7726
1.78122
1.79109
1.80015
1.80704
1.81164
1.81371
1.81362
1.81175
1.80824
1.80332
1.79777
1.79122
1.7843
1.77771
1.77167
1.76698
1.7641
1.76337
1.76437
1.76694
1.77066
1.775
1.77945
1.78395
1.78815
1.79207
1.79577
1.79893
1.80195
1.80467
1.80721
1.80949
1.81153
1.81361
1.81543
1.81725
1.81905
1.8205
1.82171
1.82292
1.82363
1.82415
1.82439
1.82433
1.82383
1.82264
1.8208
1.81826
1.81501
1.81093
1.806
1.80012
1.7934
1.78593
1.77826
1.77091
1.76465
1.76006
1.75778
1.75788
1.76061
1.76549
1.77196
1.77925
1.78656
1.79323
1.79899
1.80331
1.80633
1.80799
1.80863
1.80809
1.80649
1.80419
1.80135
1.79825
1.79507
1.79217
1.78979
1.78832
1.7881
1.789
1.79067
1.79272
1.79461
1.79586
1.79599
1.79487
1.79294
1.79069
1.7891
1.78883
1.79046
1.79368
1.79806
1.80303
1.80789
1.81192
1.8146
1.81616
1.81677
1.81656
1.81545
1.81403
1.81286
1.81231
1.81294
1.81476
1.81759
1.82124
1.82491
1.82866
1.83202
1.83477
1.83681
1.83817
1.8391
1.83964
1.84002
1.84006
1.8399
1.83931
1.83831
1.83699
1.83523
1.83287
1.82919
1.8242
1.81791
1.81055
1.80217
1.79412
1.78725
1.78241
1.78009
1.78041
1.78277
1.78671
1.79185
1.79754
1.80389
1.8105
1.81742
1.82494
1.83252
1.83992
1.84693
1.85354
1.859
1.86352
1.86664
1.86822
1.86843
1.86691
1.86321
1.85774
1.85014
1.8405
1.82923
1.81712
1.80542
1.79545
1.7881
1.78382
1.78221
1.78302
1.78556
1.78928
1.79409
1.8003
1.80732
1.81481
1.82256
1.83022
1.83729
1.84298
1.84697
1.84933
1.84978
1.8487
1.84623
1.84237
1.83742
1.83201
1.82733
1.82383
1.82196
1.82209
1.82388
1.82715
1.83096
1.83489
1.83848
1.84163
1.84465
1.84724
1.84986
1.85224
1.85437
1.8567
1.85914
1.8617
1.86433
1.86687
1.86944
1.87154
1.87325
1.8747
1.87615
1.87738
1.87829
1.8788
1.87905
1.87908
1.87883
1.87835
1.87762
1.87651
1.87498
1.87336
1.87167
1.86987
1.86823
1.867
1.86645
1.86663
1.86696
1.86788
1.86893
1.87004
1.87121
1.8724
1.87384
1.87544
1.87724
1.87949
1.8821
1.88471
1.88744
1.89021
1.89281
1.8954
1.89772
1.89977
1.90168
1.90339
1.90499
1.90663
1.90819
1.90959
1.9108
1.912
1.91358
1.91507
1.91635
1.91748
1.91862
1.91976
1.92092
1.9222
1.92388
1.92543
1.92713
1.92905
1.93108
1.93276
1.93384
1.93462
1.93484
1.93412
1.93224
1.92936
1.9256
1.92087
1.91515
1.90876
1.90244
1.89634
1.89107
1.88696
1.88502
1.88499
1.88718
1.8909
1.89569
1.90112
1.90694
1.91251
1.91735
1.92139
1.9245
1.92638
1.92726
1.92698
1.92543
1.92288
1.91918
1.91472
1.90976
1.90482
1.90006
1.89582
1.89219
1.88936
1.88705
1.88527
1.88371
1.88198
1.88022
1.8787
1.87741
1.87652
1.87604
1.87594
1.87631
1.87719
1.87833
1.8799
1.88174
1.8837
1.88576
1.88774
1.88978
1.89165
1.89288
1.89323
1.89264
1.89101
1.88875
1.88588
1.88278
1.87992
1.87787
1.87716
1.87756
1.87886
1.88026
1.88084
1.87996
1.87721
1.87282
1.86727
1.86167
1.85694
1.85344
1.85152
1.85041
1.85032
1.85102
1.85236
1.85471
1.85771
1.86102
1.86427
1.86695
1.86865
1.86932
1.86908
1.86787
1.86606
1.86432
1.86301
1.86205
1.8623
1.86346
1.86555
1.86836
1.87126
1.87426
1.87677
1.87868
1.87986
1.8802
1.87963
1.87822
1.87636
1.87441
1.87233
1.87078
1.87008
1.87017
1.87084
1.87185
1.87295
1.87399
1.87442
1.87374
1.87223
1.86997
1.86719
1.86459
1.86263
1.8616
1.86151
1.86191
1.86232
1.86258
1.86215
1.86106
1.85967
1.85801
1.85659
1.85558
1.85516
1.85551
1.85674
1.85826
1.86023
1.86181
1.86289
1.86303
1.86227
1.86103
1.86013
1.86038
1.86221
1.86574
1.87041
1.87556
1.8803
1.88446
1.88813
1.89135
1.89431
1.89716
1.90004
1.9026
1.9046
1.90578
1.9057
1.90461
