0.8
0.811849
0.820621
0.824854
0.823998
0.817899
0.806982
0.792423
0.776282
0.761336
0.750647
0.746867
0.751572
0.764658
0.784293
0.807384
0.830446
0.850541
0.865906
0.87603
0.88124
0.882295
0.879957
0.874727
0.866877
0.856614
0.844189
0.830087
0.815068
0.800257
0.787043
0.776751
0.770249
0.767498
0.767509
0.76863
0.769198
0.768305
0.766277
0.764558
0.764755
0.767479
0.772087
0.777463
0.782914
0.788377
0.79382
0.798796
0.802304
0.803153
0.800432
0.79385
0.784015
0.772384
0.760989
0.752026
0.747351
0.748045
0.75414
0.76469
0.777949
0.791777
0.804007
0.813035
0.818049
0.81903
0.816555
0.811582
0.805086
0.797795
0.790134
0.782483
0.775723
0.771242
0.770618
0.775012
0.784717
0.798902
0.815877
0.833479
0.849669
0.862837
0.872064
0.877131
0.87835
0.876153
0.871073
0.863709
0.854717
0.844578
0.833414
0.820923
0.806671
0.790585
0.773372
0.756709
0.74294
0.734307
0.732134
0.73652
0.746479
0.760511
0.776821
0.793629
0.809189
0.821934
0.830572
0.834058
0.831677
0.823246
0.809611
0.792796
0.775667
0.760979
0.750631
0.745311
0.744733
0.748019
0.754038
0.761668
0.769973
0.778374
0.786577
0.794363
0.801316
0.806812
0.810231
0.811211
0.809846
0.80672
0.80269
0.798588
0.794881
0.791586
0.78836
0.78477
0.780648
0.776007
0.771163
0.766624
0.76304
0.761093
0.761474
0.764859
0.771841
0.782837
0.797688
0.815055
0.832284
0.846179
0.854097
0.854914
0.849071
0.838147
0.824355
0.810173
0.797956
0.789468
0.785567
0.786067
0.789895
0.79544
0.801028
0.805297
0.807636
0.808387
0.80864
0.809759
0.812647
0.817242
0.822415
0.82642
0.82745
0.824272
0.816804
0.806191
0.794607
0.784645
0.778445
0.777028
0.780155
0.786835
0.795974
0.806745
0.818654
0.830952
0.842279
0.850871
0.855357
0.855257
0.850941
0.843272
0.833334
0.822165
0.810653
0.799427
0.788935
0.779547
0.771732
0.765931
0.762115
0.759659
0.757333
0.753645
0.74736
0.737998
0.726228
0.713846
0.703565
0.698372
0.700558
0.71109
0.729262
0.753069
0.779832
0.806872
0.832019
0.853824
0.871267
0.883517
0.889998
0.890797
0.887004
0.880523
0.873256
0.866528
0.860914
0.856633
0.853839
0.852622
0.852786
0.853591
0.853844
0.85214
0.847459
0.839455
0.828581
0.815698
0.801776
0.787689
0.774262
0.762228
0.752007
0.743595
0.736528
0.730213
0.724402
0.719485
0.716613
0.717244
0.722721
0.73377
0.750115
0.770462
0.792686
0.814238
0.83263
0.845922
0.852861
0.852982
0.846458
0.834221
0.817887
0.799643
0.78175
0.766003
0.753334
0.743869
0.737372
0.733561
0.732261
0.733381
0.736784
0.742059
0.748475
0.755013
0.760718
0.764989
0.767714
0.769303
0.770486
0.772182
0.775327
0.780578
0.788358
0.798658
0.810977
0.824276
0.837149
0.848071
0.855746
0.859442
0.85907
0.855116
0.848369
0.839731
0.829976
0.819678
0.809201
0.798789
0.788642
0.779184
0.770976
0.764775
0.761489
0.761967
0.766852
0.776473
0.790547
0.807902
0.826176
0.842169
0.8526
0.855454
0.850819
0.840588
0.827651
0.814709
0.803494
0.794466
0.786986
0.779899
0.772057
0.763089
0.753477
0.744387
0.737208
0.732949
0.732003
0.734348
0.739763
0.748099
0.759295
0.773266
0.789641
0.807543
0.825543
0.841837
0.854778
0.863549
0.868402
0.870631
0.871793
0.872602
0.872219
0.868774
0.860737
0.848182
0.833008
0.817832
0.804556
0.794041
0.786606
0.782703
0.782821
0.787035
0.794712
0.804495
0.814384
0.822273
0.826534
0.82639
0.821746
0.81284
0.800705
0.788253
0.78025
0.780601
0.789034
0.80147
0.813139
0.820948
0.823917
0.822533
0.818269
0.813039
0.8087
0.806614
0.807537
0.811719
0.81899
0.828769
0.84
0.851193
0.860535
0.866204
0.866754
0.86113
0.848658
0.829131
0.803039
0.771995
0.738945
0.707757
0.682656
0.667486
0.665088
0.676461
0.699791
0.73023
0.761338
0.787304
0.804568
0.812302
0.811807
0.805587
0.796254
0.785681
0.774862
0.764357
0.754849
0.747427
0.74323
0.743038
0.746854
0.753888
0.762943
0.772902
0.783115
0.793574
0.804604
0.816323
0.82814
0.838828
0.846875
0.850942
0.850173
0.844317
0.833841
0.820124
0.805489
0.792663
0.783766
0.779455
0.778874
0.780254
0.78189
0.782904
0.783369
0.784066
0.786384
0.791839
0.801522
0.815368
0.831965
0.849228
0.865156
0.878087
0.886561
0.889259
0.885184
0.874275
0.858129
0.839993
0.823768
0.812197
0.805743
0.80308
0.80234
0.801875
0.800513
0.797474
0.792301
0.784856
0.775466
0.765062
0.755084
0.747389
0.743715
0.745198
0.752199
0.764124
0.779456
0.796027
0.81136
0.823138
0.829704
0.830364
0.825576
0.816866
0.806412
0.796333
0.787996
0.781638
0.776744
0.772746
0.769478
0.767205
0.766417
0.767569
0.770812
0.775884
0.781986
0.78799
0.792878
0.79613
0.79785
0.79848
0.798418
0.797791
0.796467
0.794207
0.79062
0.785218
0.777521
0.767348
0.755135
0.742208
0.730678
0.72309
0.721837
0.728481
0.743313
0.765183
0.791751
0.820021
0.846965
0.869996
0.887103
0.896893
0.898618
0.892209
0.878489
0.859435
0.838196
0.818531
0.803793
0.795735
0.793899
0.796372
0.800722
0.804957
0.807924
0.809109
0.80847
0.80611
0.802098
0.796479
0.789536
0.782174
0.776214
0.774114
0.778032
0.788709
0.804915
0.82382
0.842143
0.857098
0.866881
0.870736
0.868806
0.862028
0.85166
0.838897
0.824528
0.808851
0.792184
0.775193
0.75892
0.744475
0.73281
0.724566
0.719982
0.719005
0.721403
0.726922
0.735329
0.746406
0.759791
0.774814
0.790443
0.805331
0.818252
0.828374
0.835342
0.83912
0.839742
0.837204
0.831516
0.822772
0.811132
0.796987
0.781247
0.765589
0.752421
0.744388
0.743431
0.750182
0.764107
0.783952
0.808298
0.835821
0.865059
0.893946
0.919636
0.938987
0.94929
0.948927
0.937569
0.916274
0.887247
0.853492
0.818469
0.785728
0.758598
0.739749
0.730575
0.730587
0.737614
0.74855
0.760206
0.770044
0.776422
0.778701
0.777131
0.772604
0.766219
0.758978
0.751601
0.744456
0.737731
0.73171
0.72709
0.724925
0.726521
0.733014
0.745124
0.762671
0.784318
0.807726
0.829916
0.848036
0.860018
0.86504
0.863551
0.857234
0.848479
0.839766
0.833211
0.830053
0.830578
0.834217
0.839896
0.84636
0.852472
0.857337
0.860213
0.860299
0.856783
0.849136
0.837666
0.823796
0.809665
0.797016
0.786413
0.777396
0.769291
0.761926
0.755628
0.750834
0.747767
0.746405
0.746615
0.748388
0.75201
0.758075
0.767127
0.779173
0.793353
0.807945
0.820833
0.830163
0.834712
0.834015
0.828296
0.81825
0.80512
0.790714
0.777326
0.767382
0.762818
0.764558
0.77239
0.785319
0.801833
0.819988
0.837247
0.850731
0.857677
0.856155
0.845591
0.827085
0.803118
0.777023
0.752365
0.732319
0.719281
0.714554
0.718205
0.729092
0.745062
0.763487
0.78192
0.79838
0.811685
0.821404
0.827702
0.831117
0.83218
0.831419
0.82939
0.826857
0.824894
0.824715
0.82734
0.833107
0.841226
0.849976
0.857151
0.860699
0.859522
0.853844
0.845055
0.835305
0.826697
0.820581
0.817328
0.816285
0.816042
0.814746
0.810519
0.801805
0.787912
0.769405
0.748414
0.728207
0.712042
0.701839
0.697656
0.698096
0.701322
0.705751
0.710339
0.714847
0.720046
0.727603
0.739357
0.756149
0.777158
0.800226
0.822737
0.842561
0.858291
0.869152
0.874833
0.875556
0.872006
0.865054
0.855401
0.843384
0.82935
0.814119
0.799162
0.786239
0.776774
0.771425
0.769911
0.771339
0.774639
0.779134
0.784755
0.791931
0.801317
0.81324
0.827282
0.842145
0.855908
0.866605
0.87279
0.873784
0.869726
0.861369
0.849885
0.836466
0.822144
0.807748
0.794003
0.781571
0.771167
0.763552
0.759303
0.758535
0.760627
0.7643
0.767917
0.7699
0.769266
0.765751
0.759949
0.753111
0.746829
0.742655
0.741732
0.744473
0.750358
0.758229
0.766903
0.775653
0.784346
0.793094
0.801838
0.810104
0.817009
0.82139
0.822239
0.819067
0.812202
0.802853
0.792896
0.784298
0.778402
0.775619
0.775409
0.777062
0.780156
0.784938
0.792177
0.802479
0.815875
0.831523
0.848055
0.863922
0.8777
0.888313
0.89506
0.897477
0.895381
0.888668
0.877364
0.861792
0.842762
0.821791
0.801169
0.783428
0.770576
0.763191
0.760497
0.761074
0.763715
0.767669
0.772435
0.777463
0.782061
0.785458
0.786952
0.786244
0.783524
0.779502
0.775195
0.771674
0.76979
0.769985
0.772196
0.775897
0.780236
0.784213
0.786918
0.787772
0.786627
0.78377
0.779991
0.776446
0.774349
0.774605
0.777483
0.782547
0.788681
0.794339
0.79804
0.798803
0.796514
0.792094
0.787285
0.784116
0.784306
0.788838
0.797995
0.811648
0.829385
0.850496
0.873714
0.896757
0.916581
0.930286
0.935935
0.932981
0.921986
0.904314
0.881852
0.856914
0.831919
0.808986
0.789556
0.774126
0.762347
0.753376
0.746353
0.741008
0.737588
0.73675
0.73892
0.743784
0.750432
0.757719
0.764653
0.770405
0.77425
0.7757
0.774745
0.771994
0.768509
0.765284
0.762778
0.760814
0.75892
0.756596
0.753584
0.749942
0.745918
0.741958
0.738668
0.736913
0.737724
0.742095
0.750807
0.764145
0.781649
0.802002
0.823056
0.842235
0.857099
0.865897
0.867932
0.863705
0.854762
0.843096
0.830395
0.817521
0.804653
0.791938
0.780061
0.770242
0.763925
0.762385
0.766395
0.776021
0.79043
0.807902
0.826157
0.842789
0.855775
0.863663
0.865788
0.862371
0.854361
0.843106
0.830096
0.816775
0.804481
0.794635
0.788815
0.788603
0.794705
0.806248
0.820945
0.835917
0.848447
0.856085
0.85711
0.850868
0.837957
0.820089
0.799703
0.779463
0.761657
0.747834
0.73878
0.734635
0.734929
0.738809
0.745284
0.753421
0.762549
0.772156
0.781601
0.790083
0.796916
0.801851
0.805241
0.807749
0.809864
0.811622
0.812584
0.812124
0.809731
0.805301
0.799215
0.792338
0.785816
0.780891
0.778503
0.779066
0.782238
0.786938
0.791647
0.794673
0.79476
0.79141
0.785159
0.777555
0.770696
0.766706
0.767031
0.772135
0.781285
0.792813
0.804554
0.814284
0.820331
0.821992
0.819716
0.815045
0.809999
0.806402
0.805358
0.807132
0.811253
0.816744
0.82236
0.826699
0.828588
0.82756
0.823989
0.819081
0.814388
0.811244
0.810366
0.811737
0.814837
0.818837
0.822816
0.825833
0.827093
0.826002
0.822317
0.81612
0.807948
0.798626
0.789072
0.780119
0.772321
0.766072
0.761733
0.759568
0.759497
0.761
0.763117
0.764717
0.764929
0.763404
0.760305
0.756073
0.751491
0.747728
0.746314
0.748637
0.755318
0.7659
0.779256
0.79412
0.809424
0.824284
0.837987
0.849797
0.859153
0.86582
0.869993
0.872321
0.873528
0.874108
0.874159
0.873219
0.870531
0.86521
0.856741
0.845367
0.831964
0.817844
0.804195
0.791613
0.779978
0.76874
0.757819
0.748379
0.74286
0.743388
0.749796
0.759481
0.769496
0.778133
0.785002
0.790393
0.794559
0.797398
0.798437
0.797346
0.794264
0.790039
0.785825
0.782527
0.780462
0.779325
0.778499
0.77726
0.774974
0.771448
0.767136
0.763186
0.761208
0.76283
0.769181
0.780505
0.79595
0.813784
0.831728
0.84759
0.859865
0.86814
0.872947
0.875384
0.876397
0.876402
0.875252
0.872627
0.868299
0.862288
0.854753
0.845714
0.835015
0.822421
0.807917
0.792099
0.776346
0.762908
0.754422
0.752994
0.759212
0.771869
0.788643
0.806841
0.823866
0.837215
0.844715
0.844853
0.837469
0.82403
0.807288
0.790562
0.776764
0.767778
0.76445
0.766708
0.773851
0.784599
0.796953
0.808443
0.816608
0.819714
0.817414
0.810944
0.802389
0.793593
0.785411
0.77779
0.770273
0.762574
0.754811
0.74745
0.741143
0.736547
0.734147
0.73429
0.737139
0.742767
0.751127
0.762076
0.775342
0.790408
0.806263
0.821221
0.833273
0.840692
0.842674
0.839827
0.834108
0.82818
0.824623
0.825003
0.82951
0.836945
0.845247
0.852058
0.85539
0.853664
0.84577
0.831224
0.810494
0.785455
0.759839
0.738691
0.726737
0.726536
0.73756
0.756643
0.779505
0.802002
0.821062
0.834947
0.843358
0.847055
0.847335
0.845469
0.842365
0.838455
0.833799
0.828277
0.821836
0.814551
0.806632
0.798471
0.790497
0.78308
0.77645
0.770608
0.765604
0.76159
0.758674
0.756794
0.755684
0.75509
0.755035
0.75605
0.759174
0.765554
0.775721
0.789154
0.804206
0.81852
0.829757
0.836268
0.837489
0.833954
0.826951
0.818199
0.809352
0.801659
0.795797
0.79189
0.789775
0.789357
0.790986
0.795236
0.802499
0.81256
0.824331
0.836019
0.845492
0.850707
0.85023
0.843476
0.830862
0.813891
0.795077
0.777587
0.764507
0.75809
0.759213
0.767375
0.781091
0.798317
0.816766
0.834248
0.848805
0.858913
0.863747
0.863185
0.857576
0.847521
0.833704
0.817239
0.79995
0.7844
0.77296
0.766675
0.764668
0.764813
0.765061
0.764363
0.762983
0.762284
0.763964
0.769103
0.777305
0.786839
0.795451
0.801403
0.804098
0.803992
0.801972
0.798882
0.795319
0.791731
0.788656
0.786593
0.785863
0.786205
0.78689
0.787065
0.786143
0.784316
0.782935
0.784576
0.792152
0.807343
0.829224
0.854074
0.876752
0.892638
0.898895
0.894803
0.881475
0.86124
0.837108
0.812233
0.789383
0.77061
0.757008
0.748622
0.744683
0.743853
0.744575
0.745301
0.744758
0.742216
0.737613
0.731553
0.725145
0.719539
0.715448
0.712931
0.711568
0.710911
0.710774
0.711455
0.713629
0.717981
0.725198
0.735704
0.749552
0.76639
0.785339
0.805082
0.824208
0.841424
0.855873
0.867286
0.875857
0.882062
0.886346
0.888928
0.889779
0.888608
0.884938
0.87827
0.868191
0.85459
0.837626
0.817933
0.796759
0.775875
0.757428
0.743455
0.735426
0.733821
0.738199
0.747475
0.759996
0.77384
0.787004
0.797854
0.805681
0.810918
0.814729
0.818218
0.821844
0.825571
0.829025
0.831819
0.833625
0.834472
0.834899
0.835904
0.838395
0.842796
0.848718
0.854906
0.859647
0.861362
0.859054
0.852479
0.842417
0.830594
0.819399
0.811128
0.807241
0.807834
0.811626
0.816362
0.819212
0.817637
0.810116
0.796667
0.779006
0.760179
0.743749
0.732642
0.728308
0.730551
0.737844
0.748162
0.759551
0.770562
0.780322
0.788584
0.795562
0.801649
0.807197
0.812339
0.816971
0.820938
0.824109
0.826501
0.828217
0.829322
0.829848
0.829815
0.829503
0.82953
0.830687
0.833613
0.83833
0.843997
0.848994
0.851512
0.850187
0.844325
0.834003
0.819826
0.802681
0.783458
0.763001
0.742172
0.721956
0.703423
0.687813
0.676421
0.670435
0.670654
0.67717
0.689214
0.705219
0.723203
0.741323
0.75822
0.773124
0.785783
0.796262
0.80458
0.81057
0.813904
0.814258
0.811479
0.80579
0.797805
0.788618
0.779935
0.773952
0.772939
0.778495
0.790725
0.808077
0.827808
0.846659
0.861594
0.870349
0.871826
0.866256
0.855122
0.840769
0.825664
0.811694
0.800063
0.791406
0.786011
0.783842
0.784456
0.786978
0.790397
0.793896
0.796986
0.799441
0.801098
0.801679
0.800858
0.798499
0.794843
0.7905
0.78637
0.783391
0.782289
0.783353
0.786304
0.790316
0.794103
0.796312
0.795944
0.79275
0.787348
0.780996
0.775156
0.771038
0.769257
0.769753
0.771901
0.774861
0.777803
0.780239
0.781979
0.78291
0.782889
0.781735
0.779357
0.775898
0.772096
0.769333
0.769314
0.773263
0.781201
0.792044
0.804422
0.817329
0.83008
0.842097
0.852588
0.860525
0.864724
0.864216
0.85862
0.848452
0.835282
0.821371
0.809089
0.80022
0.795671
0.795592
0.799461
0.806334
0.815089
0.824436
0.833107
0.840067
0.84457
0.846287
0.845209
0.841549
0.83569
0.828116
0.819446
0.810268
0.801066
0.792297
0.784427
0.77783
0.772652
0.768453
0.764385
0.759427
0.75301
0.745406
0.737926
0.732519
0.731264
0.735764
0.746582
0.763005
0.78325
0.804827
0.825211
0.842299
0.854542
0.861065
0.861497
0.856028
0.845325
0.830554
0.813226
0.795171
0.77837
0.764964
0.756958
0.755924
0.762301
0.775097
0.791956
0.809821
0.825961
0.838642
0.847274
0.852218
0.854178
0.853843
0.851723
0.847947
0.842357
0.834637
0.82458
0.812394
0.798815
0.785107
0.772641
0.762458
0.755098
0.750554
0.748472
0.748303
0.749556
0.751871
0.755187
0.759834
0.766381
0.775238
0.78623
0.798503
0.810678
0.821199
0.828686
0.832035
0.830658
0.82464
0.814736
0.802107
0.788107
0.774022
0.761213
0.751009
0.744617
0.742906
0.746128
0.753785
0.764593
0.776974
0.789833
0.803027
0.817208
0.83307
0.850468
0.868111
0.883789
0.895101
0.90021
0.898401
0.890018
0.876316
0.858952
0.839591
0.819772
0.800803
0.783981
0.77054
0.761302
0.756371
0.755076
0.75625
0.758732
0.761811
0.765468
0.770155
0.776345
0.784095
0.792834
0.801476
0.808676
0.813219
0.814262
0.811467
0.805151
0.796173
0.785658
0.774821
0.764839
0.756819
0.751851
0.750876
0.754516
0.762838
0.775239
0.790632
0.80778
0.825592
0.843309
0.860404
0.876249
0.8899
0.900123
0.905549
0.904963
0.897481
0.882778
0.861284
0.834296
0.804055
0.773525
0.745827
0.723426
0.707495
0.697771
0.693191
0.692598
0.695329
0.701223
0.71029
0.722235
0.73607
0.750195
0.762984
0.773329
0.781072
0.787073
0.792829
0.799811
0.808829
0.819536
0.830622
0.840307
0.847026
0.84969
0.847891
0.841831
0.83233
0.820674
0.808654
0.798237
0.79112
0.788324
0.789694
0.794197
0.800261
0.806408
0.811577
0.815072
0.816525
0.815737
0.812762
0.807902
0.801758
0.795127
0.788661
0.782836
0.77787
0.773843
0.770649
0.768123
0.766263
0.76553
0.766674
0.770364
0.776784
0.785265
0.794479
0.802914
0.80933
0.813239
0.815054
0.815987
0.817573
0.820974
0.826428
0.833054
0.839183
0.842944
0.843011
0.839079
0.831999
0.823465
0.815431
0.809284
0.805443
0.803302
0.801626
0.799033
0.794486
0.787617
0.778916
0.76954
0.760962
0.754369
0.750301
0.748695
0.749129
0.751156
0.754474
0.758861
0.763924
0.769121
0.774072
0.778889
0.784503
0.792342
0.803834
0.819727
0.839704
0.862297
0.884814
0.903929
0.916431
0.920264
0.915175
0.902615
0.885234
0.866014
0.847533
0.831486
0.818639
0.808856
0.801237
0.794349
0.786766
0.777632
0.767106
0.75638
0.747433
0.742397
0.742717
0.748649
0.759192
0.772391
0.785969
0.797946
0.807075
0.812898
0.815546
0.815577
0.813687
0.810549
0.806762
0.802719
0.798558
0.794224
0.789438
0.78397
0.777781
0.771338
0.765721
0.762406
0.762672
0.767147
0.775319
0.785531
0.795608
0.803481
0.807812
0.808316
0.805835
0.801914
0.798002
0.794609
0.791487
0.788439
0.785819
0.784673
0.786142
0.79094
0.799105
0.809976
0.822225
0.834114
0.843633
0.848929
0.848755
0.842839
0.832248
0.819473
0.807928
0.800823
0.799943
0.804939
0.813801
0.824095
0.833908
0.841998
0.847426
0.849433
0.847499
0.841685
0.83276
0.822139
0.811623
0.80286
0.796714
0.792867
0.789784
0.785456
0.778276
0.768107
0.756856
0.748164
0.745555
0.749973
0.759192
0.769631
0.778343
0.783979
0.786559
0.786824
0.785803
0.784315
0.782765
0.780994
0.778361
0.774262
0.768666
0.762896
0.759626
0.762071
0.77245
0.790637
0.813941
0.838225
0.859517
0.87503
0.883449
0.884519
0.878737
0.867044
0.850737
0.831417
0.811017
0.791577
0.775179
0.763618
0.757991
0.758126
0.762641
0.76964
0.777385
0.784539
0.790162
0.793633
0.794768
0.793856
0.791812
0.790004
0.789882
0.792655
0.799019
0.808977
0.821615
0.835233
0.847911
0.858038
0.8646
0.866925
0.864671
0.857847
0.846783
0.832195
0.815088
0.796639
0.778066
0.760545
0.74516
0.73301
0.725207
0.722731
0.725926
0.734126
0.745311
0.756425
0.764082
0.765806
0.761279
0.752802
0.744802
0.741937
0.747249
0.761287
0.782564
0.808258
0.834856
0.858748
0.876742
0.886662
0.887548
0.879897
0.865573
0.847617
0.829746
0.815629
0.807984
0.807896
0.814689
0.82639
0.840453
0.854237
0.865386
0.87206
0.872982
0.867487
0.855399
0.836974
0.81313
0.785668
0.7575
0.732429
0.714513
0.707041
0.711282
0.72582
0.746933
0.769993
0.790977
0.807278
0.817827
0.822709
0.822698
0.819059
0.813419
0.807614
0.803519
0.802741
0.806228
0.813985
0.824936
0.837134
0.848021
0.854863
0.855343
0.848161
0.833559
0.813466
0.791161
0.770536
0.755169
0.747582
0.748772
0.758439
0.775175
0.796797
0.82071
0.84418
0.864655
0.879925
0.888393
0.889165
0.882279
0.868682
0.850255
0.829389
0.808626
0.7904
0.776772
0.7692
0.768295
0.773472
0.782971
0.794318
0.805019
0.813057
0.817144
0.816731
0.812042
0.803963
0.793973
0.783706
0.774541
0.76728
0.762032
0.758392
0.755712
0.753395
0.75113
0.749055
0.747755
0.748325
0.752258
0.76084
0.774387
0.791708
0.810318
0.82723
0.83989
0.846782
0.8476
0.843198
0.835288
0.82582
0.816391
0.807817
0.800226
0.793626
0.788299
0.785185
0.785482
0.790356
0.800171
0.814254
0.830818
0.847415
0.861595
0.871341
0.875357
0.873106
0.865034
0.852311
0.83655
0.819438
0.802333
0.786022
0.770871
0.757123
0.745262
0.736275
0.731479
0.73183
0.737274
0.746476
0.757113
0.766517
0.772482
0.773723
0.770134
0.762905
0.75429
0.747233
0.744575
0.748445
0.759708
0.777833
0.801089
0.826989
0.852703
0.875422
0.892723
0.902766
0.904541
0.897882
0.883569
0.863166
0.838862
0.813151
0.788624
0.767653
0.752148
0.743195
0.740985
0.744859
0.753499
0.765251
0.77834
0.790915
0.801309
0.808264
0.811222
0.810316
0.806305
0.800265
0.793335
0.786834
0.782375
0.781766
0.786411
0.796589
0.811243
0.828181
0.844768
0.85866
0.86835
0.87356
0.875023
0.873859
0.871096
0.867059
0.861306
0.852854
0.840691
0.824122
0.803047
0.778122
0.751125
0.72515
0.704393
0.692986
0.693258
0.704635
0.724335
0.748749
0.774711
0.799713
0.821785
0.839323
0.85111
0.856442
0.855281
0.848243
0.836451
0.821243
0.803987
0.785809
0.767604
0.750169
0.734248
0.720498
0.709413
0.701359
0.696738
0.696174
0.700474
0.710389
0.726269
0.74757
0.772765
0.799518
0.825185
0.847448
0.864774
0.87677
0.883847
0.886925
0.886997
0.88475
0.880383
0.873547
0.863719
0.850621
0.834682
0.817318
0.800688
0.787037
0.778089
0.774565
0.776313
0.782607
0.792074
0.802609
0.811916
0.818255
0.821051
0.820847
0.818654
0.815498
0.812275
0.809645
0.808177
0.808228
0.809576
0.81109
0.810945
0.80719
0.798564
0.785221
0.768876
0.752434
0.739292
0.732296
0.732901
0.740771
0.754002
0.769825
0.785675
0.799834
0.811457
0.820452
0.827187
0.832183
0.835781
0.837886
0.837812
0.834628
0.827904
0.818485
0.808653
0.801302
0.798342
0.799671
0.803372
0.807117
0.809455
0.810498
0.811632
0.814514
0.819902
0.826977
0.833637
0.837474
0.836874
0.8317
0.823209
0.813494
0.804761
0.798512
0.795188
0.794142
0.794181
0.794141
0.793324
0.791507
0.788645
0.784519
0.778855
0.772195
0.766286
0.763211
0.763591
0.765951
0.76815
0.768977
0.768688
0.768525
0.769958
0.773886
0.780119
0.787509
0.794738
0.801266
0.807643
0.814931
0.823677
0.833502
0.843257
0.851569
0.857148
0.858828
0.855475
0.846091
0.830197
0.808446
0.783227
0.758654
0.739143
0.727367
0.7233
0.725153
0.731016
0.739747
0.750839
0.763907
0.778252
0.792805
0.806246
0.817238
0.824658
0.828047
0.82793
0.825757
0.823625
0.823582
0.82677
0.832664
0.839107
0.84345
0.843937
0.840348
0.833713
0.825597
0.817432
0.810241
0.804411
0.799752
0.795734
0.791765
0.787577
0.783382
0.779608
0.776851
0.775599
0.776075
0.77829
0.782019
0.786938
0.792462
0.797852
0.80219
0.804525
0.803992
0.800143
0.793445
0.785436
0.778408
0.774309
0.773994
0.777065
0.78253
0.78931
0.796349
0.802563
0.80692
0.808692
0.807529
0.803626
0.797563
0.790145
0.782338
0.775071
0.76925
0.765661
0.764861
0.767066
0.772153
0.7796
0.788645
0.79842
0.808135
0.817146
0.824756
0.830177
0.832704
0.832068
0.828661
0.823392
0.817551
0.812578
0.809885
0.810936
0.816867
0.828005
0.843373
0.860798
0.877452
0.890571
0.897974
0.898406
0.891569
0.878002
0.858976
0.836325
0.812247
0.789098
0.768982
0.753492
0.743527
0.739203
0.739943
0.74463
0.751627
0.759008
0.764825
0.767612
0.76686
0.763108
0.757545
0.751511
0.746006
0.741571
0.738474
0.736957
0.737367
0.740257
0.7463
0.756007
0.769386
0.785747
0.803576
0.820787
0.835148
0.844771
0.848776
0.84755
0.842613
0.835942
0.829102
0.822935
0.817644
0.813204
0.809713
0.807494
0.806998
0.808464
0.811458
0.814794
0.816872
0.816276
0.812366
0.805432
0.796338
0.78608
0.775409
0.764958
0.755757
0.749507
0.748324
0.753892
0.766584
0.785045
0.80653
0.827698
0.845453
0.857745
0.864073
0.8656
0.864602
0.863545
0.864142
0.866836
0.870909
0.874873
0.877122
0.876367
0.871862
0.863491
0.851752
0.837717
0.822934
0.809245
0.798418
0.791676
0.789377
0.790798
0.794156
0.797091
0.797189
0.792641
0.782553
0.767165
0.747826
0.726717
0.706374
0.689213
0.676867
0.669754
0.666997
0.667118
0.669007
0.672671
0.67906
0.689075
0.702536
0.71814
0.73433
0.750226
0.765839
0.781559
0.79774
0.814278
0.830748
0.84659
0.86139
0.874907
0.886984
0.897115
0.904448
0.908014
0.907097
0.901539
0.891741
0.878723
0.863963
0.849046
0.835452
0.824205
0.815816
0.810158
0.806543
0.803862
0.80076
0.796093
0.789327
0.780817
0.771712
0.763375
0.756858
0.752643
0.750569
0.750259
0.751386
0.753863
0.757802
0.76316
0.769654
0.776591
0.783118
0.788618
0.793104
0.797321
0.802406
0.809102
0.817371
0.826539
0.83576
0.844195
0.850944
0.855153
0.856107
0.853624
0.848064
0.840205
0.830881
0.820801
0.810533
0.800544
0.791222
0.783033
0.77657
0.772609
0.771793
0.77399
0.777968
0.781718
0.783448
0.782228
0.778263
0.772665
0.767049
0.763106
0.762062
0.764191
0.768791
0.774395
0.779291
0.782027
0.781755
0.778419
0.772672
0.765622
0.758527
0.752599
0.748855
0.748174
0.751136
0.757876
0.767973
0.78047
0.794119
0.807836
0.821019
0.833383
0.844661
0.854098
0.860514
0.86272
0.86003
0.852584
0.841463
0.828295
0.814946
0.803031
0.793718
0.78745
0.784054
0.782842
0.782912
0.783546
0.784434
0.785637
0.787348
0.789601
0.792044
0.793951
0.794791
0.794591
0.794084
0.794329
0.79631
0.800448
0.80646
0.813334
0.819496
0.823252
0.823314
0.819284
0.81181
0.80266
0.794519
0.79025
0.791832
0.79931
0.810492
0.821742
0.829333
0.830761
0.825296
0.814036
0.799657
0.785618
0.775016
0.769503
0.769261
0.773579
0.781347
0.79091
0.800088
0.806559
0.808581
0.805439
0.797561
0.786316
0.77361
0.761534
0.751906
0.745831
0.743568
0.744706
0.74859
0.754814
0.763323
0.774183
0.787221
0.801733
0.8164
0.829592
0.83968
0.845495
0.846542
0.842938
0.835422
0.825353
0.814395
0.804379
0.796779
0.792455
0.791443
0.793163
0.796658
0.800784
0.804469
0.806787
0.807119
0.805222
0.801298
0.795946
0.79025
0.785512
0.782887
0.782908
0.785167
0.788555
0.791697
0.793476
0.793379
0.791769
0.78975
0.788812
0.790239
0.794532
0.8011
0.808548
0.815268
0.820004
0.822029
0.821024
0.81681
0.80912
0.798099
0.78473
0.770888
0.758813
0.750459
0.747133
0.749464
0.75745
0.770476
0.787385
0.806574
0.826098
0.843937
0.858377
0.868135
0.872674
0.872165
0.867227
0.858719
0.847419
0.834128
0.819711
0.805269
0.792164
0.781775
0.775279
0.773381
0.77627
0.783669
0.794996
0.809223
0.824788
0.839429
0.850347
0.854713
0.850333
0.836366
0.813719
0.785016
0.754119
0.725446
0.70313
0.690242
0.688289
0.697123
0.714957
0.738872
0.765548
0.79209
0.816429
0.837604
0.855424
0.869959
0.880995
0.888028
0.890444
0.887971
0.880866
0.869966
0.856608
0.842355
0.828788
0.817118
0.808082
0.801803
0.797685
0.794706
0.791685
0.78762
0.782105
0.775383
0.768025
0.760543
0.753158
0.745834
0.738593
0.731783
0.726337
0.723649
0.725244
0.732135
0.74448
0.761462
0.781536
0.802836
0.823364
0.841238
0.854695
0.862485
0.864045
0.859668
0.850411
0.837569
0.822269
0.805322
0.787421
0.769576
0.753375
0.740523
0.73217
0.728254
0.727652
0.729006
0.731712
0.736239
0.743758
0.755144
0.77015
0.787233
0.80408
0.818516
0.829298
0.836432
0.840939
0.844439
0.848628
0.854691
0.862567
0.870887
0.877455
0.880031
0.877292
0.869197
0.856851
0.842062
0.826756
0.812602
0.800577
0.791003
0.783808
0.778998
0.777043
0.778448
0.783326
0.790898
0.799532
0.807304
0.812583
0.814131
0.811112
0.803206
0.791033
0.776737
0.763933
0.756697
0.757698
0.766927
0.781811
0.798609
0.813847
0.825189
0.831532
0.832642
0.828815
0.82068
0.80922
0.795754
0.781793
0.768787
0.757952
0.750117
0.745756
0.745091
0.748034
0.754184
0.762739
0.772581
0.782577
0.791683
0.799006
0.803874
0.805858
0.805004
0.801838
0.797361
0.792746
0.78916
0.787579
0.788614
0.792549
0.799277
0.808289
0.81867
0.82902
0.837592
0.842609
0.84267
0.83729
0.827306
0.814899
0.803191
0.795203
0.792954
0.796664
0.804632
0.814085
0.822496
0.828856
0.833656
0.837761
0.841174
0.84287
0.841615
0.836783
0.828845
0.819303
0.810351
0.804162
0.802092
0.804163
0.808935
0.813933
0.81648
0.814426
0.806753
0.793842
0.777269
0.759236
0.742099
0.728278
0.720198
0.719734
0.727422
0.742167
0.761792
0.783899
0.80651
0.828142
0.847398
0.862721
0.872507
0.875434
0.871
0.859684
0.842941
0.822956
0.802151
0.782695
0.76628
0.754061
0.746764
0.744892
0.748854
0.758853
0.774426
0.794059
0.815001
0.833877
0.847569
0.85401
0.852748
0.845009
0.833168
0.819935
0.807522
0.797356
0.790169
0.786342
0.786132
0.789519
0.79571
0.803293
0.81057
0.816177
0.819571
0.821104
0.8217
0.822381
0.823838
0.826351
0.829765
0.833719
0.837668
0.841037
0.843214
0.843596
0.841545
0.836382
0.82744
0.814211
0.796761
0.776138
0.754801
0.736464
0.725003
0.723031
0.730962
0.747057
0.768155
0.79072
0.811784
0.829354
0.842339
0.850118
0.852145
0.847946
0.837556
0.822026
0.803602
0.78527
0.769988
0.759748
0.755193
0.7557
0.759721
0.765405
0.770901
0.77485
0.776612
0.776358
0.775007
0.773937
0.774599
0.777853
0.783781
0.79159
0.799937
0.807419
0.813055
0.816438
0.81745
0.815888
0.811288
0.803224
0.791734
0.777653
0.762828
0.749956
0.741798
0.740288
0.745788
0.756923
0.770988
0.784793
0.795408
0.800812
0.800166
0.794117
0.784684
0.775099
0.769239
0.770396
0.779998
0.796923
0.817982
0.839238
0.857251
0.869763
0.875792
0.875488
0.86967
0.859554
0.846541
0.83197
0.817028
0.802697
0.789844
0.77931
0.771902
0.76829
0.768757
0.772826
0.779092
0.785519
0.78991
0.790527
0.786623
0.778688
0.768131
0.756871
0.746826
0.739528
0.736097
0.737258
0.743247
0.753601
0.767182
0.782309
0.797124
0.810011
0.819795
0.825774
0.827652
0.825507
0.819703
0.81092
0.800041
0.788147
0.776325
0.76566
0.757255
0.752075
0.75073
0.753322
0.75957
0.769094
0.781616
0.796968
0.814932
0.835022
0.856213
0.876937
0.895279
0.909104
0.916477
0.915879
0.906577
0.88862
0.863122
0.832262
0.799364
0.768626
0.744316
0.729653
0.725728
0.731128
0.742523
0.755919
0.767877
0.776369
0.780985
0.782705
0.783361
0.784824
0.788427
0.794479
0.802397
0.811005
0.818841
0.824507
0.826904
0.82538
0.819892
0.810974
0.799739
0.787793
0.776913
0.768476
0.763043
0.760326
0.759569
0.759974
0.761012
0.762525
0.76453
0.767026
0.769967
0.773287
0.777052
0.78142
0.78644
0.79176
0.796644
0.800292
0.80241
0.803349
0.803862
0.80437
0.804633
0.804052
0.80231
0.799848
0.798087
0.79918
0.804934
0.815359
0.828255
0.840359
0.849043
0.853261
0.853338
0.850275
0.845114
0.838771
0.831993
0.82559
0.820547
0.817783
0.817575
0.819019
0.819884
0.817271
0.80881
0.793859
0.774221
0.7542
0.739418
0.734556
0.741468
0.75866
0.782485
0.808811
0.83419
0.856217
0.873347
0.884642
0.889513
0.887747
0.87969
0.866411
0.849517
0.830879
0.81229
0.795158
0.78033
0.768285
0.759246
0.753199
0.749905
0.748923
0.749754
0.752075
0.7558
0.761028
0.767875
0.776168
0.785284
0.794073
0.801231
0.805666
0.806897
0.805141
0.801041
0.795347
0.788622
0.781215
0.773351
0.765399
0.757996
0.751818
0.747214
0.743883
0.741147
0.738631
0.736678
0.736294
0.738722
0.744888
0.755157
0.769343
0.786965
0.807258
0.829182
0.851387
0.872164
0.889654
0.902046
0.907873
0.906231
0.897026
0.881243
0.860824
0.838425
0.816865
0.798465
0.784718
0.776133
0.772749
0.774294
0.779815
0.787337
0.794268
0.798561
0.799562
0.798034
0.795515
0.793556
0.793218
0.794862
0.798195
0.802441
0.806518
0.809264
0.809821
0.807783
0.803199
0.796286
0.787399
0.777191
0.766761
0.757696
0.751733
0.75007
0.752859
0.759172
0.767488
0.776324
0.784579
0.791601
0.797002
0.800503
0.801988
0.80138
0.798856
0.794607
0.788833
0.781634
0.773229
0.764233
0.755732
0.749102
0.74553
0.745541
0.748777
0.75422
0.760603
0.766843
0.772394
0.777296
0.781977
0.786842
0.79207
0.797356
0.802004
0.805167
0.806194
0.804888
0.801699
0.797463
0.793229
0.790026
0.789082
0.791928
0.800078
0.814414
0.83443
0.857962
0.881616
0.901724
0.915398
0.921251
0.919501
0.911483
0.89892
0.883288
0.865659
0.846762
0.827125
0.807215
0.78738
0.768018
0.749555
0.732316
0.716576
0.702535
0.690382
0.680458
0.67322
0.66924
0.669082
0.673271
0.682019
0.695
0.711361
0.729974
0.749685
0.769611
0.789204
0.808208
0.826409
0.843384
0.858412
0.870597
0.879008
0.882913
0.882052
0.876737
0.868029
0.857745
0.848182
0.841353
0.838194
0.838045
0.839062
0.839242
0.837563
0.834444
0.83136
0.829902
0.830826
0.833695
0.837241
0.839858
0.840105
0.837001
0.829992
0.818984
0.804449
0.787636
0.770479
0.755327
0.744203
0.73819
0.737287
0.74084
0.747941
0.757467
0.768038
0.778224
0.786934
0.793749
0.798862
0.802705
0.80571
0.807936
0.809093
0.809033
0.808049
0.806973
0.806537
0.806807
0.806953
0.805606
0.801619
0.794694
0.78572
0.776632
0.769508
0.765669
0.765151
0.766903
0.769708
0.77273
0.775573
0.777967
0.779608
0.780086
0.77908
0.776589
0.773112
0.769774
0.768172
0.769859
0.7755
0.784127
0.793511
0.801451
0.806991
0.810448
0.812764
0.814724
0.816643
0.818497
0.81998
0.820792
0.820805
0.820324
0.82021
0.821728
0.825864
0.832655
0.840883
0.848539
0.853666
0.85516
0.852827
0.84708
0.838357
0.826849
0.812563
0.795826
0.777606
0.759513
0.743486
0.731359
0.724835
0.725217
0.733191
0.748385
0.769318
0.7937
0.818795
0.84181
0.860064
0.871336
0.874244
0.868624
0.85567
0.837875
0.818544
0.801043
0.787916
0.780023
0.776593
0.775812
0.775842
0.775595
0.774904
0.774224
0.774165
0.775067
0.776953
0.779455
0.782014
0.784108
0.785484
0.78626
0.786806
0.787577
0.788746
0.789978
0.790385
0.788856
0.784284
0.776021
0.764173
0.749835
0.735244
0.723503
0.717771
0.720181
0.731057
0.749109
0.772219
0.798234
0.825133
0.850993
0.873879
0.891785
0.902969
0.90649
0.902545
0.892378
0.877915
0.861112
0.843668
0.826829
0.811516
0.798388
0.787948
0.780484
0.776113
0.774871
0.77686
0.78221
0.790708
0.801524
0.813087
0.823185
0.829493
0.83019
0.824466
0.812806
0.796951
0.779627
0.763833
0.752158
0.745975
0.745233
0.748918
0.755738
0.764685
0.775206
0.786805
0.798823
0.81035
0.820345
0.827827
0.83192
0.831993
0.827762
0.819486
0.808195
0.795745
0.784607
0.777276
0.775462
0.779515
0.788284
0.799516
0.810526
0.81893
0.823286
0.823322
0.819702
0.813701
0.806801
0.800373
0.795451
0.79248
0.791321
0.791336
0.791845
0.792579
0.793773
0.795868
0.798998
0.802671
0.806091
0.808586
0.809919
0.810372
0.810438
0.810532
0.810588
0.809766
0.806842
0.800706
0.791001
0.778327
0.764385
0.751762
0.743255
0.740988
0.745632
0.756094
0.769926
0.784115
0.796094
0.804353
0.808499
0.809094
0.807267
0.804245
0.800988
0.798145
0.796076
0.794963
0.79493
0.79604
0.798297
0.801562
0.805616
0.810171
0.814846
0.819002
0.821766
0.822101
0.819152
0.812643
0.803176
0.792168
0.7816
0.773553
0.769821
0.771521
0.77864
0.789814
0.802724
0.814727
0.823594
0.827824
0.826826
0.820744
0.810493
0.79756
0.783642
0.770348
0.759111
0.75131
0.748354
0.751598
0.761869
0.77895
0.801464
0.827054
0.85274
0.875267
0.891747
0.900242
0.900007
0.891594
0.876542
0.856955
0.835193
0.813558
0.794133
0.778588
0.767988
0.762648
0.762337
0.76642
0.774164
0.784674
0.796777
0.808869
0.819004
0.825244
0.826177
0.821409
0.811746
0.799187
0.786432
0.776112
0.769698
0.766993
0.766394
0.765886
0.764121
0.760854
0.756855
0.753444
0.751904
0.752997
0.756897
0.763261
0.771369
0.780307
0.789036
0.796524
0.801735
0.803752
0.801865
0.795963
0.786639
0.775238
0.763619
0.753679
0.746755
0.743498
0.744061
0.748422
0.756485
0.767812
0.781338
0.795407
0.80827
0.818719
0.826461
0.831919
0.835767
0.838391
0.839615
0.838796
0.835093
0.827914
0.817391
0.804758
0.792616
0.784561
0.784109
0.793124
0.810799
0.833827
0.857409
0.876747
0.8882
0.890046
0.882717
0.868729
0.851868
0.835712
0.822346
0.81223
0.804971
0.799792
0.795693
0.791668
0.786916
0.781281
0.775482
0.770896
0.769194
0.771642
0.778482
0.788643
0.800081
0.810551
0.818247
0.822249
0.822655
0.820217
0.815765
0.809677
0.801661
0.791135
0.777872
0.762605
0.747219
0.734204
0.725819
0.723132
0.725501
0.730611
0.735726
0.738906
0.739485
0.737905
0.735031
0.731703
0.728628
0.726524
0.726215
0.728537
0.734048
0.742963
0.755152
0.770295
0.787921
0.807293
0.827375
0.846979
0.865003
0.880518
0.892875
0.901635
0.9063
0.906247
0.901157
0.891246
0.877448
0.861164
0.844009
0.827634
0.813634
0.803382
0.79781
0.79704
0.800444
0.806756
0.814366
0.821569
0.82677
0.828643
0.826219
0.819149
0.807854
0.793508
0.777801
0.762466
0.748942
0.738186
0.730808
0.727095
0.727127
0.73058
0.736687
0.744318
0.752512
0.761012
0.770439
0.781814
0.795746
0.811848
0.828688
0.844176
0.856071
0.862485
0.862346
0.855558
0.843257
0.827637
0.811573
0.797998
0.78913
0.785922
0.788022
0.794096
0.8023
0.810682
0.817601
0.822046
0.823666
0.822697
0.81974
0.815601
0.811246
0.80763
0.805603
0.805625
0.807452
0.810146
0.812438
0.813123
0.811319
0.806519
0.798746
0.788602
0.777238
0.766203
0.757064
0.751197
0.749437
0.751803
0.757558
0.765488
0.774435
0.783735
0.793174
0.802504
0.811146
0.818193
0.822751
0.824136
0.822102
0.816853
0.809129
0.800154
0.79145
0.78445
0.780184
0.779274
0.782089
0.788575
0.798049
0.809067
0.819843
0.828792
0.834936
0.83797
0.838059
0.835458
0.830372
0.823088
0.814174
0.804606
0.795606
0.788417
0.783776
0.781681
0.781384
0.781888
0.782431
0.782796
0.783054
0.783405
0.78395
0.784685
0.785577
0.786603
0.787794
0.789235
0.791069
0.793469
0.796396
0.799309
0.801073
0.80038
0.79656
0.790151
0.782943
0.777392
0.775746
0.779161
0.787376
0.798895
0.81165
0.823677
0.833521
0.840181
0.843168
0.842283
0.837592
0.829442
0.818455
0.805474
0.791489
0.777604
0.765049
0.754898
0.7479
0.744157
0.743017
0.743316
0.743977
0.744528
0.745407
0.747884
0.753503
0.763499
0.778181
0.796454
0.81605
0.834062
0.847894
0.855904
0.857754
0.854344
0.847262
0.838464
0.8297
0.822216
0.816516
0.812243
0.80849
0.804435
0.799974
0.795812
0.793275
0.793741
0.797949
0.805746
0.816079
0.827359
0.837949
0.84645
0.851949
0.853926
0.852239
0.84711
0.839129
0.829288
0.818894
0.80936
0.801821
0.796887
0.794494
0.794067
0.794734
0.795728
0.796642
0.797428
0.798353
0.799655
0.801247
0.802573
0.802703
0.800911
0.796964
0.791364
0.785012
0.778862
0.773495
0.768978
0.765018
0.761245
0.757461
0.753649
0.749806
0.745951
0.742179
0.738763
0.736179
0.734985
0.735517
0.737742
0.741253
0.745431
0.749792
0.754179
0.758935
0.764705
0.772125
0.781553
0.792729
0.804743
0.816234
0.825758
0.832258
0.835249
0.83472
0.831117
0.825038
0.817284
0.808771
0.800554
0.793928
0.79033
0.790907
0.796012
0.805034
0.816504
0.828534
0.839205
0.846829
0.850107
0.848376
0.841976
0.832356
0.821878
0.812845
0.806572
0.802891
0.800581
0.798441
0.795946
0.793435
0.7917
0.79154
0.793385
0.797109
0.80198
0.806822
0.81026
0.811178
0.809009
0.803842
0.796329
0.787359
0.777843
0.768427
0.75948
0.751133
0.743707
0.738219
0.736224
0.73873
0.745107
0.753568
0.762308
0.770326
0.777359
0.783499
0.788853
0.79338
0.797057
0.800022
0.802552
0.805082
0.808021
0.811596
0.815879
0.82079
0.826214
0.832031
0.837952
0.84348
0.847785
0.849757
0.84828
0.842715
0.833363
0.821751
0.81042
0.802106
0.798443
0.799282
0.803322
0.809213
0.816066
0.823082
0.828968
0.832181
0.83162
0.827099
0.819352
0.809582
0.798904
0.788196
0.778294
0.770272
0.765382
0.764712
0.768775
0.77733
0.789318
0.803076
0.816655
0.828177
0.836191
0.839794
0.838724
0.833257
0.823959
0.811701
0.797808
0.784097
0.772562
0.764899
0.761852
0.763014
0.767144
0.772832
0.778876
0.784323
0.788354
0.790375
0.790389
0.789355
0.788859
0.789975
0.792323
0.794336
0.794398
0.791843
0.787292
0.782397
0.779257
0.779831
0.78565
0.797577
0.815478
0.837549
0.860283
0.879621
0.89235
0.896932
0.893306
0.88218
0.86457
0.841541
0.814371
0.784907
0.755824
0.73057
0.712698
0.704404
0.705403
0.713363
0.725418
0.739243
0.753296
0.76635
0.777244
0.784792
0.788114
0.787141
0.782962
0.777687
0.77372
0.772834
0.775572
0.781361
0.788918
0.796852
0.803936
0.809328
0.812519
0.813349
0.811827
0.807992
0.801947
0.793951
0.784582
0.775006
0.767087
0.763042
0.764762
0.772967
0.78689
0.804514
0.823206
0.8402
0.853091
0.860053
0.860189
0.853711
0.841985
0.827433
0.812971
0.801189
0.793669
0.790762
0.791914
0.796103
0.802078
0.808503
0.814076
0.817729
0.818888
0.817562
0.814465
0.810838
0.808091
0.807291
0.808677
0.811604
0.814689
0.816345
0.815166
0.810233
0.801209
0.788474
0.773192
0.75725
0.742864
0.732166
0.726688
0.727046
0.732906
0.743136
0.756132
0.770155
0.783689
0.795463
0.80458
0.810454
0.812749
0.811364
0.806614
0.799408
0.791298
0.78407
0.77904
0.77649
0.775903
0.776535
0.778072
0.780635
0.7843
0.788801
0.793568
0.797905
0.801154
0.802805
0.802453
0.799947
0.795381
0.789133
0.781897
0.774662
0.768789
0.765763
0.766801
0.772478
0.782689
0.79685
0.814116
0.833312
0.852842
0.870697
0.884611
0.892512
0.892967
0.885459
0.870561
0.849899
0.826019
0.802011
0.780901
0.76494
0.75504
0.750893
0.751597
0.756278
0.764433
0.775666
0.789299
0.804015
0.817916
0.829017
0.835705
0.837082
0.833035
0.824213
0.812007
0.798337
0.785361
0.775016
0.768637
0.766723
0.768994
0.77469
0.782804
0.792269
0.801896
0.810304
0.815838
0.816976
0.812646
0.802761
0.788375
0.771475
0.754654
0.740482
0.730857
0.726567
0.727445
0.73267
0.741256
0.752255
0.764797
0.778012
0.791185
0.803867
0.815837
0.827004
0.837176
0.845906
0.852662
0.857006
0.85887
0.858572
0.856767
0.854074
0.850835
0.84685
0.841337
0.833299
0.821934
0.807291
0.79043
0.773271
0.75807
0.746727
0.7404
0.73941
0.743434
0.751735
0.763378
0.777193
0.791781
0.805546
0.816891
0.824436
0.827095
0.824145
0.815387
0.801615
0.784963
0.769012
0.757831
0.754396
0.759214
0.770401
0.78493
0.799852
0.812905
0.822674
0.828432
0.82988
0.826991
0.81987
0.809003
0.795456
0.781048
0.768114
0.758735
0.753872
0.752996
0.754666
0.757424
0.760472
0.763728
0.767662
0.773093
0.780819
0.791374
0.804886
0.820921
0.838302
0.855264
0.869684
0.8796
0.883769
0.882012
0.875345
0.865688
0.855245
0.845962
0.83887
0.833893
0.829997
0.82584
0.820259
0.812688
0.803233
0.792493
0.781421
0.7711
0.76266
0.75705
0.754773
0.755702
0.759224
0.76469
0.771709
0.780292
0.790645
0.802765
0.816202
0.829932
0.842394
0.851871
0.856671
0.855576
0.848208
0.835113
0.817726
0.798292
0.7794
0.763739
0.75354
0.750124
0.753513
0.762311
0.774117
0.786095
0.795841
0.801946
0.804391
0.804325
0.803504
0.803611
0.805731
0.810025
0.815865
0.821922
0.826445
0.827738
0.824676
0.816997
0.805489
0.791911
0.778569
0.767747
0.76117
0.759564
0.762502
0.768782
0.776909
0.785556
0.793662
0.800403
0.805068
0.807125
0.806436
0.803437
0.798987
0.794016
0.789065
0.784122
0.778968
0.773537
0.768284
0.764064
0.761872
0.762477
0.766225
0.772913
0.781772
0.79144
0.800075
0.805823
0.807563
0.805261
0.800034
0.793872
0.789023
0.787323
0.789529
0.794974
0.802012
0.808723
0.813573
0.815581
0.814326
0.809893
0.802961
0.794915
0.787545
0.782492
0.780744
0.782247
0.786067
0.790925
0.795576
0.799191
0.801541
0.803062
0.804882
0.808394
0.814553
0.823195
0.832858
0.841421
0.846993
0.84867
0.846728
0.842355
0.83695
0.831442
0.825988
0.820261
0.814032
0.807623
0.801606
0.796547
0.792649
0.789873
0.787953
0.786801
0.786545
0.787274
0.788924
0.7911
0.793176
0.794371
0.794078
0.792086
0.788824
0.785448
0.783536
0.784472
0.788825
0.796136
0.804966
0.813203
0.81862
0.819381
0.814313
0.803347
0.787529
0.768954
0.750638
0.735928
0.727602
0.726756
0.732236
0.741351
0.751593
0.761655
0.771231
0.780122
0.787845
0.793642
0.796948
0.797791
0.796889
0.795266
0.794065
0.7942
0.796362
0.801171
0.809116
0.820368
0.834504
0.850197
0.865227
0.876774
0.882113
0.879531
0.868939
0.852196
0.832594
0.814015
0.799606
0.79075
0.78693
0.786298
0.786559
0.785687
0.782193
0.775281
0.765111
0.753034
0.741386
0.732762
0.72896
0.730477
0.736838
0.747169
0.76046
0.775587
0.791301
0.806326
0.81961
0.830473
0.838865
0.845299
0.8506
0.855624
0.861062
0.867203
0.873809
0.880109
0.884939
0.886985
0.885084
0.878567
0.867415
0.852201
0.834106
0.814487
0.794736
0.776056
0.759477
0.746004
0.736763
0.732885
0.735106
0.743142
0.755084
0.767754
0.777726
0.782447
0.780878
0.77358
0.762254
0.749175
0.736585
0.726354
0.720007
0.718798
0.723602
0.734689
0.751372
0.772096
0.794663
0.816686
0.835906
0.85079
0.860801
0.866477
0.869007
0.869489
0.868522
0.866235
0.862586
0.857686
0.851761
0.845
0.837499
0.829128
0.819831
0.809841
0.799829
0.790652
0.782827
0.776052
0.769548
0.762689
0.75561
0.749308
0.745167
0.744296
0.746878
0.752088
0.758479
0.764769
0.770559
0.776446
0.783283
0.79143
0.800499
0.809579
0.817631
0.823885
0.827867
0.829322
0.828202
0.824806
0.819857
0.814573
0.810381
0.80862
0.810012
0.814563
0.821501
0.829442
0.836794
0.841958
0.843481
0.840374
0.832239
0.819282
0.802332
0.782594
0.761405
0.740118
0.72008
0.702628
0.689135
0.680767
0.67825
0.681792
0.691135
0.70586
0.725468
0.749317
0.776306
0.804806
0.832591
0.857172
0.876252
0.88814
0.892143
0.888687
0.879157
0.865552
0.850111
0.834922
0.821739
0.811699
0.805188
0.801861
0.800671
0.800376
0.799865
0.798668
0.797191
0.796548
0.798019
0.802305
0.80901
0.816539
0.822826
0.82623
0.825978
0.82244
0.816847
0.81074
0.805453
0.801779
0.79991
0.799625
0.800644
0.802999
0.806883
0.812283
0.81848
0.823979
0.82686
0.825463
0.819107
0.808296
0.794601
0.780077
0.766726
0.755985
0.748524
0.744505
0.743744
0.745962
0.750676
0.75707
0.764056
0.770551
0.77591
0.780231
0.784096
0.788045
0.791938
0.79491
0.795842
0.794106
0.790079
0.785036
0.780673
0.778394
0.778751
0.781486
0.785727
0.790498
0.795016
0.798769
0.801453
0.802974
0.803569
0.803989
0.805378
0.808699
0.814142
0.820724
0.826574
0.829589
0.828347
0.822688
0.813665
0.803213
0.793612
0.78682
0.783958
0.785136
0.789487
0.795613
0.802121
0.807939
0.812595
0.816155
0.818898
0.82089
0.821774
0.820849
0.817377
0.81089
0.801491
0.790014
0.777951
0.767264
0.760044
0.757883
0.761259
0.76912
0.779161
0.788394
0.794261
0.795503
0.792478
0.786887
0.781049
0.777091
0.776519
0.780147
0.788055
0.799724
0.81413
0.829791
0.844784
0.856916
0.864071
0.864697
0.858453
0.846327
0.830332
0.812846
0.796054
0.781598
0.770532
0.763557
0.761263
0.764237
0.772805
0.786723
0.804991
0.825959
0.847824
0.868841
0.88737
0.901945
0.911247
0.914176
0.910229
0.8997
0.883901
0.864933
0.845044
0.826078
0.809113
0.794429
0.781738
0.770668
0.760893
0.751975
0.743331
0.734532
0.725957
0.71909
0.716071
0.718719
0.727627
0.741933
0.759506
0.777692
0.793839
0.80595
0.812818
0.814036
0.809985
0.801649
0.790372
0.777585
0.764518
0.752197
0.74176
0.735007
0.734251
0.741324
0.756237
0.776834
0.799504
0.820487
0.836958
0.847486
0.851967
0.851272
0.846754
0.839661
0.83076
0.820374
0.808784
0.796594
0.784879
0.77495
0.768117
0.765339
0.766774
0.771646
0.778454
0.785399
0.791051
0.794653
0.796213
0.796448
0.796411
0.797191
0.79961
0.804111
0.810697
0.818993
0.828232
0.837307
0.844946
0.849994
0.851508
0.848974
0.842301
0.831625
0.817029
0.798546
0.776536
0.752355
0.728744
0.709554
0.698805
0.699408
0.712224
0.735734
0.766449
0.799832
0.831402
0.857523
0.875689
0.884564
0.883818
0.873979
0.856576
0.834417
0.811202
0.790587
0.774849
0.764212
0.75753
0.753505
0.751515
0.751777
0.754897
0.761768
0.773557
0.791093
0.813553
0.838036
0.860849
0.87928
0.892381
0.900518
0.904587
0.905359
0.903031
0.897139
0.886859
0.87172
0.852078
0.829071
0.804364
0.779825
0.757409
0.739327
0.727924
0.725144
0.731669
0.746348
0.766551
0.788934
0.810139
0.827368
0.838663
0.843074
0.840483
0.831507
0.817463
0.800414
0.783056
0.768187
0.758147
0.754289
0.75662
0.763981
0.774395
0.78547
0.794962
0.801184
0.80337
0.801802
0.7977
0.792868
0.789063
0.787426
0.7882
0.790844
0.794473
0.798126
0.801028
0.802619
0.802489
0.800265
0.795817
0.78955
0.782701
0.777404
0.776313
0.781771
0.794798
0.814343
0.837287
0.859337
0.876248
0.88504
0.884456
0.874827
0.857691
0.835212
0.80982
0.783879
0.759341
0.737827
0.720664
0.709306
0.705481
0.710748
0.725407
0.747601
0.773575
0.799102
0.820859
0.837022
0.847023
0.851086
0.849917
0.844361
0.835156
0.822894
0.808462
0.793477
0.780562
0.77293
0.773261
0.782235
0.798007
0.817186
0.836243
0.85261
0.864734
0.871767
0.873404
0.869894
0.861918
0.850579
0.837199
0.823123
0.80989
0.799101
0.792119
0.789614
0.791375
0.796445
0.803511
0.811354
0.818927
0.825369
0.830123
0.83295
0.83371
0.832048
0.827107
0.818009
0.804648
0.788331
0.771666
0.75768
0.748779
0.746052
0.749064
0.756279
0.765632
0.774972
0.782433
0.786728
0.787258
0.784187
0.778606
0.772411
0.767643
0.765765
0.766962
0.770113
0.773576
0.776082
0.777278
0.777696
0.778303
0.780023
0.783546
0.789184
0.796971
0.806751
0.818201
0.830749
0.843568
0.855723
0.86627
0.874252
0.878751
0.878939
0.874238
0.864517
0.850224
0.832434
0.812777
0.793153
0.775419
0.761074
0.751135
0.746151
0.746442
0.751976
0.762191
0.775908
0.791528
0.807479
0.822569
0.83605
0.847366
0.855825
0.860691
0.861359
0.857591
0.849623
0.838071
0.823652
0.806903
0.788278
0.768353
0.74824
0.729949
0.716027
0.708964
0.710091
0.718832
0.73284
0.748727
0.763113
0.773396
0.778203
0.777488
0.772449
0.765284
0.758881
0.756286
0.759749
0.769683
0.784242
0.800221
0.814453
0.825015
0.831462
0.834586
0.835871
0.836687
0.83772
0.838933
0.839905
0.840274
0.839879
0.839007
0.838266
0.838588
0.84107
0.846634
0.855433
0.866358
0.877049
0.884557
0.886372
0.881044
0.868253
0.848597
0.823416
0.794464
0.763927
0.734436
0.708841
0.68974
0.678857
0.676661
0.682419
0.694521
0.710854
0.729179
0.747471
0.76407
0.777965
0.788974
0.797463
0.804171
0.809837
0.814913
0.819353
0.822617
0.823942
0.822673
0.818742
0.812986
0.806853
0.801968
0.799436
0.799356
0.801117
0.803982
0.807403
0.811253
0.815623
0.820452
0.825377
0.829736
0.832752
0.833904
0.832929
0.829826
0.824824
0.818451
0.811734
0.80618
0.803321
0.803924
0.8076
0.813013
0.818746
0.824069
0.828997
0.833678
0.837803
0.840552
0.84119
0.839534
0.83582
0.830451
0.823781
0.816008
0.807169
0.797315
0.786845
0.777001
0.769805
0.767208
0.769807
0.776252
0.783798
0.789729
0.792578
0.792493
0.790585
0.787917
0.784702
0.780407
0.774562
0.767402
0.760038
0.753943
0.750277
0.749317
0.750537
0.753195
0.756746
0.761275
0.767297
0.775391
0.785865
0.79845
0.812218
0.825692
0.83727
0.845542
0.849589
0.849227
0.844927
0.837758
0.829024
0.820024
0.811801
0.804979
0.799792
0.796185
0.793991
0.793015
0.792931
0.793366
0.793937
0.794488
0.795251
0.796776
0.799736
0.804561
0.810945
0.817709
0.823161
0.82567
0.824268
0.818831
0.809966
0.798743
0.786461
0.774638
0.764733
0.758025
0.755186
0.756067
0.759737
0.764734
0.769488
0.772858
0.774492
0.774962
0.775512
0.777592
0.782225
0.789511
0.798361
0.806823
0.81261
0.813841
0.809733
0.801084
0.790408
0.781336
0.777349
0.780442
0.790628
0.806251
0.824894
0.844039
0.861477
0.875342
0.884304
0.88756
0.884953
0.87691
0.864465
0.849056
0.832365
0.815969
0.80132
0.789702
0.782039
0.778633
0.779018
0.782048
0.786206
0.789874
0.79152
0.789898
0.784406
0.775235
0.763573
0.751485
0.741636
0.736544
0.737691
0.744899
0.75626
0.768951
0.780276
0.788536
0.793348
0.795252
0.794993
0.792919
0.78901
0.78331
0.77629
0.768944
0.762511
0.758149
0.756757
0.758824
0.764404
0.773039
0.783871
0.795904
0.80827
0.82035
0.831743
0.842102
0.850926
0.857714
0.862011
0.863416
0.861807
0.857327
0.850207
0.8406
0.828393
0.813253
0.794887
0.773585
0.750683
0.728616
0.710244
0.697787
0.692185
0.692942
0.69871
0.708046
0.719939
0.733783
0.748992
0.764742
0.779962
0.793704
0.805586
0.815912
0.825524
0.835184
0.844991
0.854495
0.863225
0.871162
0.878721
0.886292
0.893625
0.899605
0.902553
0.900695
0.892743
0.8781
0.857065
0.830885
0.801607
0.772011
0.745253
0.724272
0.711108
0.706493
0.709816
0.719458
0.733217
0.748822
0.764281
0.778012
0.789063
0.797009
0.801802
0.803449
0.801842
0.796939
0.789014
0.778976
0.768514
0.759791
0.754986
0.755694
0.762458
0.774508
0.790025
0.806866
0.823085
0.837331
0.848936
0.85771
0.863724
0.866946
0.867172
0.864145
0.857711
0.847958
0.835133
0.819595
0.801808
0.782334
0.762003
0.741954
0.723678
0.70894
0.699635
0.697421
0.703187
0.716727
0.736877
0.761862
0.789484
0.817115
0.84182
0.860802
0.87228
0.875905
0.872519
0.863685
0.851163
0.836627
0.821668
0.807824
0.796561
0.789147
0.78649
0.788895
0.795874
0.806201
0.817984
0.829001
0.837058
0.840637
0.83919
0.833117
0.82346
0.811577
0.798978
0.787042
0.77668
0.768028
0.760683
0.754291
0.749184
0.746379
0.747152
0.752521
0.762747
0.776821
0.792437
0.80677
0.81725
0.822483
0.822392
0.817921
0.810583
0.802072
0.793922
0.787501
0.783729
0.782928
0.784864
0.789058
0.795095
0.802863
0.812266
0.823053
0.834612
0.846317
0.857623
0.867755
0.875312
0.878751
0.877289
0.871506
0.86299
0.853663
0.844959
0.83747
0.831038
0.825173
0.819532
0.814123
0.809317
0.805447
0.802495
0.799993
0.796916
0.792131
0.784657
0.774051
0.760732
0.745953
0.731578
0.719647
0.711977
0.709834
0.713696
0.723254
0.737416
0.754506
0.772448
0.789171
0.802953
0.812546
0.817351
0.817416
0.813236
0.805643
0.795599
0.784091
0.772245
0.761393
0.753203
0.749521
0.751872
0.760729
0.775241
0.793363
0.812477
0.83002
0.843973
0.853119
0.856924
0.855481
0.849418
0.839898
0.828405
0.81661
0.806045
0.79785
0.792521
0.789916
0.789343
0.789807
0.790362
0.79039
0.78973
0.788581
0.787269
0.785954
0.784485
0.78232
0.778858
0.774031
0.768868
0.765497
0.766301
0.7726
0.783781
0.797731
0.812085
0.825027
0.835393
0.842361
0.845427
0.844701
0.840893
0.835117
0.828508
0.821978
0.816198
0.811658
0.808622
0.806983
0.806404
0.806601
0.80747
0.809
0.811075
0.813332
0.815317
0.816646
0.817136
0.816688
0.81524
0.812726
0.808973
0.803767
0.79716
0.789805
0.783115
0.778963
0.77899
0.783895
0.793156
0.805127
0.817625
0.82854
0.836469
0.840981
0.842504
0.841676
0.838794
0.833595
0.825507
0.814404
0.801242
0.788186
0.777974
0.772748
0.772988
0.777062
0.781779
0.783754
0.780735
0.772262
0.75947
0.744412
0.729388
0.716353
0.706642
0.701154
0.700707
0.706104
0.718047
0.736417
0.759838
0.785833
0.811528
0.834637
0.853993
0.8694
0.881197
0.889733
0.895017
0.896893
0.895311
0.890609
0.883669
0.875793
0.868312
0.862162
0.857425
0.853512
0.849334
0.843808
0.8362
0.826469
0.815475
0.804799
0.796238
0.791082
0.789674
0.791219
0.793941
0.795688
0.794676
0.790093
0.782288
0.772598
0.762789
0.754272
0.74764
0.742653
0.738723
0.735445
0.733041
0.732406
0.73481
0.741515
0.753197
0.769647
0.789669
0.81131
0.8322
0.849994
0.862589
0.868219
0.865567
0.853946
0.833643
0.806182
0.774344
0.74184
0.712676
0.690472
0.677909
0.676454
0.686063
0.705204
0.731155
0.760625
0.790424
0.817913
0.841183
0.859119
0.871209
0.877501
0.878549
0.875302
0.869049
0.86121
0.853089
0.845828
0.840227
0.83641
0.833746
0.831072
0.82714
0.821304
0.813783
0.805509
0.797802
0.791882
0.788292
0.786599
0.785311
0.782507
0.776588
0.766945
0.754105
0.739501
0.724977
0.712542
0.704114
0.701337
0.70507
0.714938
0.729254
0.74564
0.762074
0.777589
0.792279
0.806882
0.822065
0.837966
0.854099
0.869298
0.881817
0.889692
0.891184
0.885242
0.872149
0.853798
0.833601
0.815559
0.80292
0.797017
0.796922
0.800247
0.804206
0.806684
0.806811
0.805074
0.803048
0.802861
0.80652
0.815284
0.829186
0.846863
0.865746
0.882623
0.894275
0.898089
0.892643
0.878023
0.855741
0.828484
0.79947
0.77166
0.746994
0.726493
0.710713
0.700183
0.695346
0.696208
0.702092
0.711672
0.723287
0.735289
0.746449
0.756217
0.764822
0.773189
0.782364
0.792791
0.803621
0.812779
0.817585
0.81586
0.80689
0.791895
0.773948
0.757336
0.746203
0.743149
0.748367
0.759925
0.774855
0.790289
0.804064
0.81485
0.821911
0.824991
0.824077
0.819524
0.812019
0.802431
0.79186
0.781356
0.771757
0.763629
0.75718
0.752506
0.749817
0.749665
0.752899
0.760285
0.771805
0.786305
0.801755
0.816054
0.827733
0.836368
0.842405
0.846695
0.84995
0.852533
0.854554
0.855979
0.856576
0.855831
0.852982
0.847165
0.837888
0.825316
0.810539
0.795425
0.782259
0.773051
0.768977
0.769958
0.774811
0.781658
0.788511
0.793823
0.796716
0.796852
0.794253
0.789239
0.782446
0.774856
0.767771
0.762502
0.760185
0.761472
0.766487
0.774714
0.785216
0.796896
0.808809
0.820306
0.830991
0.840659
0.849274
0.856815
0.863199
0.868167
0.871411
0.872652
0.871805
0.868699
0.86295
0.853775
0.840411
0.822778
0.802217
0.781515
0.764117
0.752442
0.746656
0.744925
0.744699
0.743779
0.740844
0.735413
0.727748
0.718739
0.709945
0.703374
0.701305
0.705792
0.717798
0.736577
0.759813
0.784471
0.807775
0.827902
0.844112
0.856507
0.865569
0.871806
0.87556
0.877112
0.876724
0.874896
0.872413
0.870481
0.870467
0.873158
0.878227
0.884073
0.88823
0.887956
0.881013
0.866318
0.844284
0.816932
0.787557
0.759895
0.737141
0.721293
0.713082
0.712106
0.717039
0.725896
0.736515
0.746961
0.7559
0.762639
0.767105
0.76991
0.772396
0.776715
0.784928
0.797824
0.814143
0.831224
0.846477
0.858272
0.86589
0.869288
0.868987
0.866057
0.861947
0.858065
0.855449
0.854562
0.855335
0.857234
0.859271
0.860026
0.857801
0.851055
0.838914
0.821476
0.800035
0.77677
0.754359
0.735412
0.7218
0.714322
0.712654
0.715491
0.720966
0.727259
0.733069
0.737863
0.741956
0.746204
0.75154
0.758514
0.767003
0.776239
0.785159
0.792827
0.798853
0.803374
0.80687
0.810074
0.81384
0.818981
0.826015
0.834868
0.845107
0.856106
0.867136
0.877429
0.886007
0.891636
0.893006
0.889145
0.879798
0.86554
0.847514
0.827126
0.805712
0.784566
0.765081
0.748811
0.737216
0.731302
0.731243
0.736323
0.745179
0.756202
0.76787
0.778942
0.788548
0.796027
0.800947
0.803141
0.802804
0.800709
0.798071
0.796103
0.795589
0.796789
0.799816
0.804872
0.812096
0.821054
0.83043
0.838257
0.842717
0.842721
0.838288
0.830354
0.820458
0.810281
0.801312
0.794639
0.790644
0.788941
0.788244
0.786665
0.782518
0.775377
0.766796
0.760172
0.759484
0.76744
0.783849
0.805319
0.82669
0.843102
0.851303
0.850231
0.840758
0.825158
0.806408
0.787376
0.770489
0.75758
0.750031
0.748774
0.753853
0.764462
0.779028
0.795604
0.812228
0.827126
0.838727
0.845949
0.848496
0.847267
0.84405
0.840893
0.839181
0.839201
0.840259
0.841075
0.840169
0.836076
0.827691
0.814499
0.7969
0.776366
0.755594
0.738169
0.727743
0.726903
0.736273
0.754553
0.779038
0.806177
0.831867
0.852004
0.863289
0.863935
0.8542
0.836324
0.813802
0.790638
0.7708
0.757821
0.754149
0.760084
0.773499
0.790939
0.809171
0.826066
0.840647
0.852627
0.86211
0.869529
0.875271
0.879549
0.882185
0.882761
0.880742
0.87544
0.86604
0.851705
0.831974
0.807253
0.779327
0.751176
0.726411
0.708155
0.698027
0.695769
0.699581
0.706783
0.714798
0.721742
0.726877
0.730624
0.734279
0.739348
0.746897
0.757189
0.769609
0.782866
0.795477
0.806128
0.813909
0.818466
0.819952
0.819026
0.816545
0.813461
0.81086
0.809756
0.810956
0.814907
0.821459
0.82986
0.838983
0.847765
0.855519
0.86196
0.867
0.870562
0.872458
0.872377
0.870016
0.86515
0.857611
0.847289
0.834151
0.818338
0.800219
0.780331
0.759365
0.73809
0.717418
0.698617
0.6834
0.673757
0.671491
0.677626
0.692048
0.713504
0.739836
0.768247
0.795736
0.819485
0.837228
0.847684
0.850645
0.847005
0.838676
0.828316
0.818809
0.812618
0.811183
0.814443
0.820799
0.827547
0.831767
0.831203
0.824906
0.813356
0.798311
0.782319
0.768252
0.758593
0.754669
0.756284
0.761875
0.769196
0.776171
0.781344
0.784153
0.78489
0.784507
0.784238
0.785155
0.788009
0.793051
0.800213
0.809044
0.818931
0.829175
0.839077
0.848063
0.855709
0.861772
0.866063
0.86842
0.868574
0.866171
0.860762
0.852038
0.839942
0.824879
0.807685
0.789763
0.772956
0.759282
0.750359
0.746856
0.748311
0.753291
0.759885
0.766105
0.770344
0.771551
0.769474
0.764973
0.759969
0.757206
0.759307
0.767751
0.782082
0.800178
0.819131
0.836398
0.850232
0.859367
0.862565
0.858323
0.845354
0.823778
0.795828
0.765951
0.739675
0.721771
0.714627
0.717949
0.729754
0.747804
0.770341
0.795929
0.822522
0.846849
0.864988
0.873592
0.870947
0.857354
0.835209
0.808698
0.783054
0.763388
0.753277
0.753891
0.763862
0.779942
0.798188
0.815047
0.828185
0.836739
0.841123
0.842402
0.841586
0.839094
0.834691
0.827768
0.818024
0.805914
0.792657
0.780037
0.769754
0.762905
0.759716
0.759586
0.761454
0.764186
0.766955
0.769477
0.771929
0.774643
0.777837
0.781507
0.785425
0.789251
0.792644
0.795501
0.798042
0.80059
0.803278
0.805866
0.80779
0.808501
0.807856
0.80603
0.803451
0.800622
0.798074
0.796184
0.795091
0.794525
0.79398
0.7934
0.793813
0.797284
0.805657
0.818917
0.834472
0.848187
0.856383
0.857062
0.850291
0.837715
0.821746
0.804846
0.789127
0.776131
0.766725
0.761088
0.758772
0.759319
0.762638
0.769062
0.778909
0.791921
0.807003
0.822499
0.836676
0.848253
0.856717
0.862418
0.866118
0.868576
0.870175
0.870838
0.870069
0.867311
0.862068
0.854137
0.843457
0.830013
0.814074
0.7963
0.777953
0.760805
0.746804
0.737706
0.734631
0.738007
0.747625
0.762686
0.781998
0.803994
0.826605
0.847341
0.863541
0.872691
0.873054
0.864113
0.846882
0.823863
0.798324
0.773348
0.751051
0.732355
0.717435
0.706532
0.700371
0.699938
0.705957
0.718378
0.73614
0.757468
0.780267
0.802336
0.821752
0.83685
0.846263
0.84931
0.846213
0.838196
0.82744
0.816434
0.807035
0.799964
0.795031
0.791941
0.790753
0.791761
0.795134
0.800363
0.806283
0.811437
0.81473
0.81599
0.815948
0.815749
0.816529
0.819215
0.824221
0.831331
0.839585
0.84761
0.854081
0.858418
0.860839
0.861931
0.862013
0.860937
0.858076
0.852544
0.84339
0.829874
0.81189
0.790029
0.765721
0.741021
0.718291
0.699763
0.687368
0.682512
0.685943
0.697414
0.71548
0.737741
0.761291
0.783274
0.801398
0.814125
0.820912
0.822029
0.818386
0.811277
0.802159
0.792498
0.783668
0.776959
0.773498
0.774201
0.779623
0.789707
0.803645
0.8199
0.836316
0.850504
0.860273
0.864233
0.862111
0.854859
0.84426
0.832369
0.820789
0.810356
0.801153
0.792726
0.784417
0.775793
0.766894
0.758242
0.750848
0.745977
0.744757
0.747844
0.755226
0.766244
0.779943
0.795419
0.811928
0.828723
0.844848
0.858993
0.86965
0.875355
0.87482
0.867366
0.853332
0.834347
0.812994
0.792193
0.774423
0.761503
0.754479
0.753777
0.759289
0.770407
0.786096
0.805142
0.826267
0.8481
0.869217
0.888147
0.903372
0.913368
0.916892
0.913053
0.901389
0.882093
0.856508
0.827247
0.798044
0.772792
0.754049
0.742192
0.735779
0.732521
0.730239
0.727433
0.723633
0.71937
0.716009
0.715242
0.718451
0.726259
0.73836
0.753577
0.770079
0.785739
0.798587
0.807214
0.811137
0.81091
0.807902
0.803824
0.80014
0.797837
0.797506
0.799423
0.803544
0.80939
0.815928
0.821773
0.825437
0.825742
0.822244
0.815432
0.806786
0.79865
0.793636
0.793877
0.800254
0.811821
0.826261
0.84059
0.851964
0.858308
0.858584
0.853054
0.843098
0.830901
0.818877
0.809152
0.803014
0.800734
0.801581
0.804238
0.807296
0.80987
0.811789
0.813644
0.816284
0.820224
0.825257
0.830482
0.83468
0.836761
0.835944
0.831849
0.824382
0.81374
0.800576
0.786037
0.771529
0.758219
0.746698
0.737017
0.72903
0.722644
0.717854
0.714709
0.713222
0.71338
0.715147
0.718546
0.72356
0.730093
0.737914
0.746687
0.756135
0.766211
0.777025
0.788673
0.800953
0.813182
0.824209
0.832542
0.836673
0.835489
0.828709
0.817163
0.802865
0.788564
0.777163
0.770968
0.771223
0.777909
0.789845
0.804908
0.820604
0.834737
0.845836
0.853214
0.856687
0.856344
0.852479
0.845827
0.837842
0.8307
0.826587
0.826282
0.828303
0.829592
0.82724
0.819657
0.80675
0.789474
0.769594
0.749766
0.733588
0.724945
0.726317
0.737235
0.754256
0.772769
0.78911
0.801504
0.809674
0.813956
0.814776
0.812632
0.808232
0.802728
0.797593
0.794306
0.794
0.797226
0.803815
0.8131
0.823922
0.834798
0.84393
0.849548
0.850477
0.846343
0.837799
0.826265
0.813556
0.801485
0.791533
0.784621
0.780931
0.779894
0.780273
0.780463
0.778998
0.775023
0.768518
0.760266
0.751575
0.743821
0.738263
0.735805
0.736926
0.741749
0.750124
0.761679
0.775695
0.791204
0.806816
0.820959
0.832064
0.838817
0.840526
0.837297
0.83007
0.82033
0.809801
0.800103
0.792468
0.787654
0.786106
0.787857
0.792689
0.800169
0.809584
0.819887
0.829586
0.836984
0.840744
0.840413
0.836785
0.831632
0.82721
0.825312
0.826239
0.828571
0.82997
0.828475
0.823359
0.815099
0.804841
0.793915
0.783581
0.77511
0.769883
0.768858
0.771865
0.777239
0.782487
0.785536
0.785788
0.784298
0.783186
0.784533
0.789393
0.797303
0.806553
0.814841
0.820145
0.821558
0.819811
0.817088
0.815933
0.817828
0.822413
0.827889
0.832081
0.833138
0.829812
0.821698
0.809351
0.794256
0.778729
0.765259
0.755817
0.751338
0.751506
0.754997
0.76012
0.765471
0.770196
0.774204
0.77804
0.782616
0.788837
0.797217
0.807523
0.818791
0.829516
0.838011
0.842786
0.842844
0.83769
0.827575
0.813788
0.798662
0.785317
0.776652
0.77406
0.776753
0.782441
0.78863
0.793565
0.796351
0.796614
0.794302
0.789728
0.783793
0.778023
0.774232
0.773769
0.77684
0.782514
0.789198
0.795388
0.800238
0.80391
0.807254
0.811186
0.81605
0.82126
0.825486
0.827327
0.825803
0.820487
0.811516
0.799499
0.785472
0.771128
0.758965
0.752126
0.753493
0.7645
0.784402
0.810384
0.838263
0.863435
0.881955
0.891239
0.890474
0.880522
0.863523
0.842344
0.820231
0.800294
0.785242
0.776976
0.77602
0.781278
0.79004
0.798678
0.803689
0.802678
0.795005
0.781902
0.766091
0.751041
0.74004
0.735212
0.736975
0.744113
0.754489
0.765967
0.776867
0.786142
0.793299
0.798394
0.801922
0.80472
0.807692
0.811531
0.8165
0.822195
0.827678
0.83173
0.833185
0.831282
0.826052
0.81838
0.809673
0.801527
0.795275
0.791371
0.789107
0.786962
0.783309
0.777191
0.768807
0.75946
0.751226
0.746226
0.745894
0.750411
0.75874
0.769096
0.779619
0.788722
0.795406
0.799272
0.800457
0.799686
0.798145
0.797337
0.798457
0.80159
0.805444
0.807776
0.806509
0.800547
0.790149
0.776975
0.763642
0.753031
0.747507
0.748457
0.756099
0.769554
0.787182
0.806853
0.826427
0.844221
0.859109
0.870407
0.877768
0.880991
0.880109
0.875409
0.867477
0.857181
0.845407
0.833087
0.821062
0.810003
0.800212
0.791493
0.783299
0.775109
0.766953
0.759625
0.754256
0.751806
0.752394
0.755251
0.759087
0.762469
0.764328
0.764237
0.762752
0.761448
0.762253
0.766614
0.774761
0.785682
0.797701
0.809241
0.819084
0.826451
0.830786
0.831649
0.828926
0.822954
0.814447
0.804359
0.793845
0.784096
0.77629
0.771368
0.769803
0.771387
0.775316
0.780616
0.786601
0.792919
0.799338
0.805429
0.810319
0.81298
0.812826
0.809883
0.804875
0.798966
0.793485
0.789657
0.788264
0.789684
0.793834
0.800276
0.808238
0.816697
0.824616
0.83119
0.835947
0.83881
0.839919
0.83947
0.837443
0.83356
0.827314
0.818134
0.805808
0.790848
0.774679
0.759287
0.746714
0.738405
0.734968
0.73617
0.741319
0.749688
0.760686
0.773908
0.789074
0.805717
0.82298
0.839477
0.853386
0.862826
0.86625
0.862948
0.853236
0.838638
0.821697
0.805459
0.792657
0.784899
0.782082
0.78283
0.785435
0.788659
0.791724
0.794026
0.795084
0.794966
0.794672
0.795602
0.79883
0.804386
0.811253
0.817863
0.822613
0.824126
0.82142
0.814257
0.803509
0.791309
0.780471
0.77357
0.771967
0.775353
0.782116
0.79029
0.798299
0.805132
0.810299
0.813764
0.815788
0.816746
0.816894
0.816219
0.814508
0.811718
0.808194
0.804602
0.801585
0.799514
0.798424
0.798243
0.799098
0.801329
0.805222
0.810785
0.817617
0.824913
0.83167
0.836966
0.840375
0.841925
0.842172
0.841936
0.842055
0.843044
0.844764
0.846063
0.84495
0.839294
0.827638
0.809897
0.787467
0.762944
0.739654
0.720826
0.708868
0.70494
0.708726
0.71859
0.73207
0.746366
0.758828
0.767265
0.770157
0.767084
0.758809
0.747386
0.735774
0.72711
0.724033
0.728104
0.739456
0.75695
0.778733
0.802641
0.82655
0.848524
0.866833
0.880079
0.887301
0.888031
0.882479
0.871678
0.85753
0.842393
0.828631
0.818121
0.81192
0.810062
0.811502
0.814487
0.817117
0.817922
0.816341
0.812738
0.808189
0.803891
0.800643
0.798669
0.797717
0.797524
0.798211
0.800214
0.803718
0.808112
0.81195
0.813663
0.812332
0.808052
0.801621
0.793963
0.785579
0.776465
0.766249
0.754799
0.742653
0.731054
0.721668
0.716136
0.715458
0.719756
0.728212
0.739378
0.751674
0.763879
0.775256
0.785488
0.794554
0.802506
0.80936
0.815018
0.819389
0.822586
0.825104
0.827797
0.831424
0.836092
0.841219
0.845743
0.848403
0.848198
0.844599
0.837642
0.827914
0.816504
0.804832
0.794573
0.787294
0.783864
0.783944
0.786143
0.78879
0.79083
0.792152
0.79322
0.794469
0.796241
0.798831
0.802304
0.806389
0.81057
0.814573
0.818582
0.823073
0.828334
0.834039
0.839267
0.842797
0.843676
0.841232
0.835022
0.824812
0.810652
0.793144
0.773517
0.753673
0.735887
0.722322
0.714555
0.713341
0.71838
0.728273
0.740731
0.753065
0.762984
0.769158
0.771707
0.772146
0.772988
0.776933
0.785716
0.799306
0.815844
0.832563
0.846779
0.856632
0.861298
0.860922
0.856386
0.849024
0.840533
0.83257
0.826407
0.822687
0.821447
0.822471
0.825251
0.829076
0.832905
0.835525
0.836101
0.83444
0.831026
0.82664
0.822049
0.817709
0.813597
0.809416
0.804826
0.799516
0.79319
0.785539
0.776479
0.766353
0.75627
0.748094
0.743767
0.744623
0.750624
0.760402
0.771899
0.783246
0.793382
0.802056
0.809454
0.815593
0.820113
0.822417
0.822061
0.819039
0.813693
0.806694
0.798875
0.791015
0.783748
0.777598
0.772975
0.770153
0.769447
0.771124
0.775203
0.781272
0.788653
0.796699
0.805156
0.814348
0.82476
0.836549
0.849152
0.861195
0.870916
0.876579
0.876867
0.87128
0.860147
0.844513
0.825921
0.806273
0.787784
0.772803
0.763358
0.760804
0.765476
0.776516
0.792095
0.809806
0.827219
0.842164
0.853046
0.859017
0.860014
0.856602
0.849814
0.840605
0.829794
0.817923
0.805575
0.793857
0.784282
0.778243
0.775879
0.775702
0.775343
0.772763
0.767085
0.758804
0.74974
0.742698
0.740429
0.744525
0.754615
0.768571
0.783717
0.798121
0.811082
0.822853
0.833929
0.844433
0.853629
0.860211
0.86278
0.860633
0.854085
0.844318
0.832954
0.821507
0.811115
0.802327
0.795293
0.789934
0.786102
0.783653
0.782448
0.782366
0.783223
0.784684
0.78635
0.78772
0.788307
0.787688
0.785474
0.781321
0.775098
0.766957
0.757296
0.746477
0.734733
0.722339
0.710009
0.699156
0.691706
0.689719
0.694791
0.707557
0.727281
0.751967
0.778729
0.804603
0.827268
0.845551
0.859568
0.870427
0.879489
0.88763
0.894787
0.89985
0.901245
0.897643
0.888309
0.873439
0.854203
0.832345
0.810027
0.78948
0.772516
0.760153
0.752366
0.748361
0.747055
0.74747
0.748996
0.751497
0.755168
0.760313
0.76699
0.774757
0.782634
0.789283
0.79337
0.794119
0.791585
0.786638
0.780572
0.774594
0.769621
0.766192
0.764755
0.765628
0.769022
0.774988
0.783334
0.793703
0.805287
0.816863
0.827001
0.834486
0.838857
0.840548
0.840578
0.840214
0.840272
0.840848
0.841398
0.841088
0.839316
0.836133
0.832117
0.82774
0.822893
0.816816
0.808671
0.798135
0.785666
0.772512
0.760372
0.750812
0.744735
0.742058
0.741862
0.742894
0.744233
0.74576
0.748162
0.752529
0.759727
0.769805
0.781959
0.794697
0.806322
0.815327
0.820899
0.823
0.822336
0.820019
0.817296
0.815206
0.814381
0.814969
0.816826
0.819631
0.823009
0.826506
0.829677
0.832184
0.833868
0.834778
0.835077
0.834825
0.833761
0.831187
0.826078
0.817385
0.804688
0.788655
0.771039
0.753981
0.7392
0.727927
0.721602
0.722085
0.730826
0.747476
0.769545
0.793411
0.815753
0.834298
0.847936
0.856364
0.859945
0.859524
0.856327
0.851795
0.847368
0.84409
0.842384
0.841919
0.841667
0.840133
0.835675
0.826929
0.813
0.793793
0.770362
0.74506
0.721432
0.703797
0.696005
0.699953
0.7147
0.736901
0.762166
0.786316
0.806043
0.819309
0.82544
0.825052
0.819797
0.811892
0.803557
0.796248
0.790323
0.78515
0.779505
0.77232
0.763192
0.752603
0.741759
0.732263
0.725575
0.72271
0.7241
0.729801
0.739722
0.753864
0.772292
0.794725
0.819957
0.845868
0.86975
0.889075
0.902151
0.90839
0.908019
0.901956
0.891464
0.878059
0.863345
0.848969
0.836485
0.827301
0.822515
0.822734
0.827806
0.836414
0.846041
0.853465
0.855569
0.850198
0.836491
0.814938
0.787269
0.756205
0.725029
0.697241
0.676012
0.663721
0.661656
0.669886
0.687323
0.711931
0.741074
0.771928
0.801796
0.828301
0.84934
0.863086
0.868246
0.864463
0.852986
0.836879
0.820525
0.808344
0.803321
0.806309
0.816177
0.830612
0.846918
0.86261
0.875633
0.884531
0.888338
0.886346
0.87807
0.863315
0.842582
0.817163
0.78918
0.761383
0.736727
0.717833
0.706257
0.702121
0.704571
0.712427
0.724556
0.739863
0.756914
0.773905
0.788733
0.799527
0.805094
0.805324
0.801236
0.794809
0.788405
0.784029
0.782908
0.78537
0.791183
0.800085
0.812004
0.826897
0.844358
0.863236
0.881675
0.897488
0.908692
0.913779
0.911864
0.902855
0.887318
0.866638
0.843051
0.819373
0.798457
0.782463
0.772235
0.767215
0.765842
0.766272
0.767008
0.767243
0.766885
0.76645
0.766685
0.768243
0.771524
0.776522
0.782807
0.789401
0.794893
0.797671
0.796519
0.791042
0.782033
0.771343
0.761559
0.755439
0.755203
0.761793
0.774481
0.791
0.808198
0.822715
0.832316
0.836466
0.836506
0.834556
0.831998
0.828905
0.824437
0.817785
0.808732
0.797845
0.786242
0.77514
0.765281
0.756868
0.749924
0.744913
0.742761
0.744144
0.749016
0.756921
0.767488
0.780483
0.795283
0.810533
0.824381
0.835149
0.841808
0.843958
0.841663
0.83522
0.825256
0.81283
0.799322
0.786149
0.774655
0.766043
0.761334
0.761178
0.765698
0.774359
0.786015
0.799218
0.812655
0.825452
0.837226
0.847885
0.85722
0.86463
0.869123
0.869855
0.86655
0.859723
0.850464
0.840116
0.830072
0.821481
0.815197
0.811535
0.81027
0.810734
0.811889
0.812547
0.811647
0.80835
0.801912
0.791627
0.777237
0.75959
0.740937
0.724628
0.714008
0.711061
0.715829
0.726608
0.740915
0.75634
0.771143
0.784277
0.795276
0.804005
0.810518
0.814984
0.817565
0.818344
0.817345
0.814741
0.811191
0.807924
0.806352
0.807504
0.811549
0.817795
0.825064
0.832083
0.837678
0.840905
0.841029
0.837496
0.83004
0.818638
0.803481
0.784918
0.763671
0.741185
0.719772
0.702349
0.691844
0.690424
0.698954
0.716656
0.741368
0.770078
0.799661
0.827563
0.852157
0.872606
0.888531
0.899713
0.906
0.90739
0.904159
0.89702
0.886955
0.874876
0.861412
0.846779
0.830786
0.813266
0.794284
0.774402
0.754747
0.736915
0.72273
0.713991
0.712057
0.717538
0.730045
0.748182
0.769727
0.79184
0.811421
0.825783
0.833361
0.833935
0.828474
0.818725
0.806727
0.794422
0.783417
0.774798
0.769319
0.76747
0.769461
0.775013
0.783417
0.793771
0.805144
0.816729
0.827722
0.8373
0.84459
0.848875
0.849774
0.847469
0.842475
0.835293
0.825991
0.8144
0.800694
0.785714
0.770801
0.757466
0.746896
0.739661
0.73575
0.734755
0.736089
0.739343
0.744445
0.751631
0.761112
0.772715
0.785604
0.798404
0.809538
0.817891
0.823174
0.826296
0.828918
0.832503
0.837269
0.841724
0.843445
0.840311
0.831411
0.817266
0.799702
0.781528
0.765854
0.755434
0.751923
0.755514
0.764878
0.777706
0.791476
0.804118
0.814379
0.821861
0.826813
0.829637
0.830476
0.829178
0.825716
0.820379
0.813689
0.806095
0.797717
0.788506
0.778499
0.767986
0.757335
0.746792
0.736739
0.728122
0.722805
0.723368
0.732059
0.749556
0.774356
0.803254
0.832279
0.857734
0.876871
0.888258
0.89193
0.889175
0.882047
0.872596
0.862309
0.851878
0.841106
0.82924
0.81544
0.799453
0.782003
0.764974
0.75097
0.742488
0.741031
0.746442
0.757035
0.770404
0.784219
0.796744
0.806939
0.814338
0.8189
0.820816
0.820552
0.818739
0.81603
0.81301
0.810017
0.80701
0.803816
0.800354
0.796787
0.793465
0.790926
0.789854
0.790926
0.794555
0.800731
0.808782
0.817643
0.826022
0.83263
0.8363
0.836171
0.831884
0.823558
0.811861
0.797864
0.782818
0.768118
0.755264
0.745653
0.740261
0.73925
0.741985
0.747325
0.754276
0.762295
0.771193
0.780756
0.790468
0.799425
0.806575
0.811151
0.813046
0.812926
0.811894
0.81079
0.809591
0.807422
0.803226
0.796929
0.789884
0.784503
0.78326
0.787553
0.797351
0.811354
0.827495
0.843443
0.857239
0.867749
0.874799
0.878837
0.880356
0.879432
0.875687
0.868414
0.857079
0.841565
0.822246
0.799851
0.775525
0.750818
0.727675
0.708334
0.694974
0.689275
0.692026
0.702682
0.719301
0.739032
0.758968
0.776952
0.791875
0.803598
0.812598
0.819659
0.82555
0.830789
0.83534
0.838552
0.839414
0.836885
0.830489
0.820536
0.808091
0.79474
0.782185
0.772025
0.765367
0.762642
0.763651
0.76788
0.774732
0.783512
0.793406
0.80337
0.812288
0.819261
0.823887
0.826316
0.827086
0.826872
0.826257
0.825605
0.825086
0.824796
0.824748
0.824799
0.824718
0.824394
0.823852
0.823242
0.82269
0.822432
0.822992
0.824995
0.828912
0.83476
0.841998
0.849569
0.856145
0.860335
0.860975
0.857401
0.849552
0.838186
0.824849
0.811518
0.800068
0.791714
0.786741
0.78434
0.782752
0.77981
0.773558
0.762997
0.748534
0.73188
0.715541
0.701936
0.692885
0.68935
0.691498
0.698843
0.710471
0.725224
0.741772
0.75878
0.774971
0.789049
0.799792
0.806173
0.807693
0.804541
0.79769
0.788905
0.780487
0.774828
0.773685
0.777805
0.786872
0.799946
0.815927
0.833847
0.852592
0.870477
0.884797
0.892571
0.891762
0.882182
0.865516
0.844825
0.823939
0.806678
0.795893
0.792453
0.795096
0.80143
0.809348
0.817675
0.82613
0.834682
0.842985
0.849985
0.854105
0.853634
0.847428
0.835542
0.81954
0.802294
0.787273
0.777514
0.774668
0.778578
0.787268
0.797606
0.806163
0.810128
0.807841
0.799272
0.785931
0.770497
0.756202
0.745898
0.741246
0.742425
0.748443
0.757863
0.769159
0.780703
0.790893
0.798331
0.802231
0.802845
0.801745
0.801645
0.805341
0.814173
0.82723
0.841726
0.854362
0.862684
0.865476
0.862592
0.854599
0.842639
0.828117
0.81287
0.799095
0.788978
0.783966
0.784109
0.788046
0.793609
0.798568
0.801126
0.800167
0.795386
0.787414
0.777854
0.768859
0.762503
0.760073
0.761544
0.765848
0.771478
0.77711
0.781838
0.785154
0.786983
0.787681
0.787992
0.788702
0.790283
0.79247
0.794335
0.794736
0.793007
0.789452
0.785405
0.782865
0.783827
0.789614
0.800405
0.814985
0.831166
0.846429
0.858406
0.865332
0.865937
0.859338
0.845061
0.823269
0.795246
0.764183
0.735636
0.716736
0.713174
0.725697
0.749507
0.777485
0.803513
0.823705
0.836292
0.840983
0.838487
0.830318
0.81884
0.807027
0.797899
0.793709
0.795286
0.801707
0.810677
0.819533
0.826162
0.829443
0.829172
0.825556
0.819043
0.810329
0.800629
0.791511
0.784557
0.780922
0.781147
0.785011
0.791705
0.799967
0.808168
0.814563
0.817637
0.81646
0.810749
0.801003
0.788544
0.77538
0.763726
0.755349
0.750915
0.749875
0.751013
0.753285
0.756211
0.7598
0.764267
0.769849
0.776722
0.784926
0.794323
0.804512
0.814873
0.824695
0.833319
0.840328
0.845484
0.84842
0.848771
0.846265
0.840972
0.833414
0.824579
0.815733
0.808014
0.802127
0.798051
0.795207
0.792879
0.790591
0.78837
0.786811
0.786772
0.788892
0.793188
0.79889
0.804562
0.808621
0.80971
0.806897
0.799697
0.788181
0.773257
0.756783
0.741737
0.731588
0.729196
0.735749
0.750255
0.770424
0.793634
0.817326
0.838859
0.855528
0.86538
0.867775
0.86359
0.854676
0.843346
0.832019
0.822786
0.816828
0.814145
0.813583
0.813348
0.811748
0.807672
0.800687
0.790993
0.779401
0.76703
0.754923
0.743725
0.733737
0.725258
0.719065
0.716426
0.718834
0.727515
0.742853
0.763913
0.78846
0.813298
0.834886
0.850131
0.856898
0.854415
0.843465
0.826353
0.806673
0.788607
0.776144
0.772005
0.77697
0.789515
0.806306
0.823503
0.838098
0.848613
0.855098
0.85869
0.860766
0.862396
0.864013
0.865438
0.866081
0.865161
0.861816
0.855404
0.845662
0.832958
0.818165
0.802286
0.786144
0.770215
0.75489
0.740825
0.729228
0.721759
0.720039
0.724942
0.736356
0.753083
0.773171
0.794293
0.814149
0.830613
0.841963
0.847113
0.845633
0.83772
0.824203
0.806381
0.786122
0.765862
0.74834
0.736228
0.731611
0.735364
0.746781
0.763627
0.782667
0.800389
0.813757
0.820666
0.819999
0.811546
0.796065
0.775577
0.753537
0.734444
0.72274
0.721158
0.729646
0.745694
0.765524
0.785523
0.803083
0.816844
0.826511
0.832653
0.836334
0.838745
0.840848
0.843079
0.845346
0.847357
0.848833
0.849676
0.849841
0.849108
0.847103
0.84358
0.83864
0.832692
0.826352
0.820387
0.815537
0.812074
0.809581
0.807479
0.805557
0.80409
0.803515
0.803899
0.804739
0.805049
0.803809
0.800426
0.794891
0.787704
0.779861
0.772627
0.767431
0.765464
0.767229
0.77221
0.779092
0.78628
0.792506
0.797103
0.799899
0.800949
0.800297
0.797918
0.793971
0.788903
0.783654
0.779297
0.776504
0.775145
0.774335
0.772789
0.769569
0.764501
0.758159
0.751721
0.746487
0.743452
0.742889
0.74433
0.746932
0.750152
0.754242
0.760254
0.769486
0.782557
0.799104
0.818008
0.837964
0.85751
0.874843
0.887983
0.895132
0.895129
0.887783
0.874192
0.856882
0.839371
0.824924
0.815351
0.810579
0.809177
0.809595
0.810785
0.812228
0.81352
0.81391
0.812306
0.807276
0.797676
0.783136
0.764624
0.744619
0.727026
0.71627
0.715875
0.727299
0.749336
0.77857
0.810454
0.840507
0.865344
0.883376
0.894684
0.900544
0.902455
0.901295
0.896832
0.888008
0.87362
0.853243
0.82789
0.80028
0.774285
0.753577
0.740078
0.733316
0.731224
0.731698
0.733602
0.736925
0.7422
0.749782
0.759333
0.769785
0.779498
0.786722
0.790054
0.788798
0.783306
0.775013
0.766189
0.759274
0.756254
0.758034
0.764373
0.774171
0.786035
0.798757
0.811526
0.823915
0.835595
0.846147
0.854868
0.860879
0.863255
0.861381
0.855133
0.84495
0.831818
0.817169
0.802891
0.791301
0.784744
0.784867
0.791735
0.803576
0.817432
0.83031
0.839889
0.844698
0.843886
0.836989
0.823851
0.805038
0.782113
0.757647
0.734807
0.716689
0.705576
0.702555
0.707459
0.718958
0.734917
0.752708
0.769777
0.784057
0.794321
0.800244
0.802238
0.801152
0.79817
0.794617
0.791874
0.791002
0.792539
0.796599
0.80287
0.810734
0.819443
0.828321
0.836834
0.844483
0.850621
0.854315
0.854717
0.85166
0.845808
0.838668
0.832108
0.827691
0.826183
0.827499
0.830866
0.835014
0.838366
0.839373
0.837096
0.831392
0.822867
0.81256
0.801534
0.790654
0.780758
0.772651
0.767122
0.764778
0.765966
0.770764
0.778907
0.789734
0.802216
0.815214
0.827673
0.838723
0.847499
0.853264
0.855581
0.854515
0.850573
0.844248
0.835652
0.824423
0.810294
0.793902
0.777166
0.7629
0.753849
0.751596
0.756264
0.766715
0.780984
0.79678
0.811857
0.824483
0.833609
0.838705
0.839491
0.835662
0.827084
0.814217
0.798594
0.782757
0.769346
0.759957
0.754762
0.753174
0.754541
0.758324
0.763538
0.768873
0.773415
0.777477
0.782639
0.790899
0.803319
0.819223
0.836289
0.851266
0.861132
0.864202
0.860681
0.852588
0.842786
0.833904
0.827652
0.824608
0.824489
0.826575
0.830061
0.834027
0.837249
0.838201
0.835496
0.828441
0.817362
0.803491
0.78849
0.773807
0.760427
0.74887
0.73955
0.732978
0.729805
0.730486
0.735087
0.743045
0.753283
0.764387
0.774988
0.784067
0.790922
0.795263
0.79723
0.797378
0.796503
0.795374
0.794379
0.793526
0.792576
0.79133
0.78999
0.789258
0.790074
0.793197
0.798848
0.806479
0.814876
0.822501
0.827948
0.830301
0.82933
0.825456
0.819385
0.811888
0.803466
0.794446
0.785134
0.776181
0.768848
0.765034
0.766893
0.775786
0.791237
0.811006
0.83206
0.851516
0.867165
0.877424
0.881275
0.878225
0.868317
0.852245
0.831413
0.808024
0.784848
0.764681
0.749624
0.740482
0.736715
0.736816
0.738984
0.741783
0.744695
0.748447
0.75469
0.7651
0.780409
0.79993
0.821701
0.842813
0.85993
0.869895
0.870456
0.860833
0.841944
0.816328
0.787863
0.761036
0.74018
0.728518
0.72767
0.737345
0.755651
0.779434
0.804885
0.828109
0.845707
0.855357
0.85607
0.848362
0.83429
0.817058
0.800086
0.785992
0.775795
0.769026
0.76448
0.761228
0.759164
0.758988
0.761735
0.768262
0.778631
0.792104
0.807425
0.823172
0.838027
0.850854
0.860685
0.866578
0.867679
0.863519
0.854274
0.840862
0.824753
0.807435
0.790164
0.77395
0.759674
0.748013
0.739424
0.734109
0.732003
0.732854
0.736247
0.741767
0.749126
0.758081
0.768232
0.778906
0.789264
0.798687
0.806851
0.813635
0.818889
0.822493
0.824553
0.825575
0.826127
0.826304
0.825357
0.821977
0.814988
0.804265
0.791278
0.778801
0.770028
0.767348
0.77152
0.78174
0.79627
0.813056
0.830203
0.846068
0.859206
0.868394
0.872723
0.871786
0.86564
0.8547
0.839761
0.821793
0.801805
0.780937
0.760335
0.741176
0.724694
0.712163
0.704784
0.703513
0.708886
0.720754
0.738215
0.759773
0.783644
0.808064
0.831329
0.851879
0.868335
0.879588
0.884971
0.884358
0.878101
0.867005
0.852391
0.836255
0.821098
0.809388
0.802971
0.802426
0.80702
0.814915
0.823767
0.831303
0.835742
0.835963
0.831503
0.822444
0.809294
0.793224
0.776106
0.760375
0.74828
0.741069
0.738536
0.739424
0.742545
0.74767
0.755682
0.767784
0.784192
0.803394
0.822506
0.838571
0.849577
0.854869
0.854918
0.850871
0.843896
0.83491
0.8245
0.813199
0.801705
0.790941
0.781907
0.775464
0.772111
0.771928
0.774714
0.780041
0.787192
0.795178
0.802715
0.808542
0.811943
0.813233
0.813733
0.815335
0.819662
0.827291
0.837652
0.84937
0.860633
0.869528
0.874228
0.873149
0.865469
0.85158
0.833265
0.813592
0.796
0.783299
0.776783
0.776241
0.780459
0.787919
0.797156
0.806756
0.81536
0.821593
0.824191
0.82213
0.814974
0.80322
0.788339
0.77264
0.758765
0.749092
0.745326
0.748153
0.757135
0.771071
0.788288
0.806916
0.825047
0.840704
0.851907
0.856924
0.854751
0.845329
0.829655
0.809613
0.787729
0.766714
0.748839
0.735557
0.727372
0.724031
0.724776
0.728563
0.734534
0.742275
0.751865
0.763669
0.777883
0.794259
0.812134
0.830413
0.847771
0.862679
0.873587
0.879521
0.880079
0.875515
0.866553
0.854398
0.840574
0.826844
0.814905
0.806108
0.801091
0.799584
0.80058
0.80263
0.804265
0.804381
0.802471
0.79865
0.793566
0.788308
0.784308
0.783139
0.78594
0.792473
0.800555
0.806832
0.808492
0.804726
0.797017
0.788333
0.781936
0.780213
0.783908
0.792042
0.802528
0.812804
0.820458
0.823593
0.820949
0.811996
0.79717
0.777963
0.756689
0.73627
0.719702
0.709605
0.707527
0.713469
0.725768
0.741522
0.757591
0.771643
0.782695
0.791143
0.79839
0.806468
0.817228
0.831483
0.848413
0.865863
0.881455
0.893324
0.900436
0.902355
0.899094
0.890936
0.87838
0.862125
0.843008
0.822054
0.800522
0.780013
0.762321
0.749025
0.740704
0.736665
0.735412
0.735833
0.738086
0.743519
0.753614
0.768674
0.7874
0.807475
0.826675
0.843479
0.856977
0.86643
0.871081
0.87022
0.863684
0.852283
0.837879
0.822943
0.809783
0.799892
0.793852
0.791455
0.792081
0.794904
0.799072
0.803713
0.807995
0.811064
0.811997
0.8098
0.803551
0.79281
0.778098
0.76138
0.745856
0.734822
0.730104
0.731543
0.737924
0.748075
0.761198
0.776437
0.792627
0.808276
0.82187
0.832083
0.838052
0.839587
0.837289
0.832549
0.827191
0.823039
0.821356
0.822176
0.824493
0.826762
0.827642
0.826359
0.822901
0.817928
0.81265
0.808324
0.805875
0.805624
0.80731
0.810249
0.813704
0.817029
0.819642
0.821041
0.820669
0.817939
0.812367
0.803871
0.792773
0.779777
0.765912
0.752592
0.741621
0.734838
0.733449
0.737504
0.746018
0.757389
0.770067
0.78292
0.795282
0.806819
0.817127
0.825611
0.831523
0.834197
0.833437
0.829652
0.823635
0.81637
0.808777
0.801686
0.795754
0.791451
0.788988
0.788385
0.789534
0.792357
0.796719
0.802085
0.807241
0.810553
0.810283
0.805256
0.795245
0.781055
0.764499
0.748116
0.734796
0.727211
0.727038
0.734308
0.747565
0.764493
0.782733
0.800353
0.81601
0.829036
0.839417
0.847822
0.855258
0.862263
0.868318
0.872142
0.872769
0.870233
0.865586
0.86017
0.85507
0.85073
0.846965
0.843197
0.838758
0.833275
0.826662
0.818956
0.81015
0.800111
0.788685
0.775983
0.762344
0.74827
0.734328
0.721085
0.709414
0.700735
0.696941
0.699733
0.710184
0.728416
0.753454
0.78313
0.814165
0.842819
0.865823
0.881328
0.889028
0.889815
0.88511
0.87632
0.864644
0.851102
0.836637
0.82218
0.808681
0.796972
0.787707
0.781236
0.777444
0.775795
0.775518
0.775869
0.776478
0.777451
0.779072
0.781477
0.78452
0.787821
0.791056
0.794165
0.797452
0.801291
0.805723
0.810115
0.813342
0.814376
0.812717
0.808573
0.802625
0.79565
0.788283
0.780837
0.773476
0.766406
0.760061
0.755281
0.753158
0.754765
0.760887
0.771733
0.786779
0.804814
0.824156
0.842854
0.858893
0.870481
0.876261
0.875544
0.868468
0.856004
0.839867
0.822212
0.805316
0.791213
0.781353
0.776407
0.776309
0.780529
0.788238
0.798657
0.81115
0.825171
0.840136
0.854934
0.867853
0.87711
0.881445
0.880507
0.874625
0.864387
0.850432
0.833524
0.814863
0.796223
0.779716
0.767054
0.758853
0.754493
0.752591
0.751722
0.750811
0.749323
0.747195
0.744733
0.742351
0.740394
0.739149
0.739022
0.740881
0.745944
0.755148
0.768335
0.784128
0.800261
0.814367
0.824761
0.830708
0.832406
0.830696
0.826503
0.820679
0.813911
0.806917
0.800607
0.796073
0.794217
0.795448
0.799301
0.804373
0.808689
0.810296
0.807954
0.801696
0.792823
0.783311
0.775125
0.769631
0.767518
0.769116
0.774442
0.783135
0.794063
0.805408
0.81522
0.822209
0.826124
0.827566
0.827455
0.826505
0.82501
0.823075
0.82106
0.819809
0.82052
0.82417
0.830753
0.839014
0.846661
0.851215
0.850904
0.845241
0.834959
0.821525
0.806577
0.79154
0.777505
0.765118
0.75461
0.746072
0.73966
0.735646
0.734316
0.735983
0.740849
0.748952
0.759798
0.772328
0.785148
0.797032
0.807301
0.815779
0.822437
0.827054
0.829203
0.828479
0.824808
0.818702
0.811111
0.803235
0.796103
0.790183
0.785145
0.78001
0.773827
0.766135
0.757413
0.749018
0.742606
0.739598
0.740725
0.745794
0.753819
0.763551
0.774022
0.784827
0.795849
0.806774
0.816919
0.825397
0.831571
0.835382
0.837341
0.838196
0.838516
0.838303
0.837196
0.834743
0.830754
0.825479
0.81957
0.813847
0.808925
0.805061
0.802072
0.799732
0.798159
0.79788
0.799592
0.803607
0.809534
0.816192
0.822004
0.825665
0.826809
0.826004
0.824321
0.822536
0.820628
0.817798
0.812981
0.805668
0.796494
0.78723
0.780073
0.776656
0.777507
0.782015
0.78925
0.79836
0.808782
0.820136
0.831858
0.842977
0.852048
0.857474
0.857772
0.852038
0.84004
0.822231
0.799714
0.774193
0.747886
0.723404
0.703352
0.689898
0.684379
0.686934
0.696195
0.709671
0.724326
0.737594
0.748032
0.75553
0.760955
0.765761
0.771502
0.779487
0.790459
0.804393
0.820332
0.836652
0.851488
0.863166
0.870577
0.873446
0.872108
0.867407
0.860485
0.852543
0.84458
0.837284
0.831024
0.826007
0.822267
0.819766
0.818286
0.817517
0.81704
0.816445
0.815594
0.814638
0.813828
0.813203
0.812538
0.811464
0.809686
0.806926
0.802766
0.796752
0.788816
0.779478
0.769679
0.760289
0.751729
0.743825
0.735998
0.727677
0.718744
0.709769
0.702102
0.697417
0.697252
0.70233
0.712313
0.725886
0.741254
0.756713
0.771091
0.783919
0.795302
0.805533
0.814871
0.823315
0.830593
0.836169
0.83936
0.839487
0.836121
0.829204
0.819281
0.807587
0.79589
0.786164
0.780126
0.778749
0.782034
0.789076
0.798335
0.808134
0.817186
0.824826
0.831015
0.836086
0.840573
0.845019
0.850041
0.856099
0.863307
0.871215
0.878945
0.885522
0.890239
0.892845
0.893022
0.89024
0.883682
0.872763
0.857481
0.838797
0.818409
0.798431
0.780924
0.767477
0.758859
0.75496
0.755001
0.75766
0.76147
0.765137
0.767697
0.768564
0.767481
0.764441
0.75959
0.753351
0.74656
0.74034
0.735706
0.733279
0.732985
0.734185
0.735982
0.737751
0.739343
0.741039
0.743289
0.74638
0.750357
0.755119
0.760499
0.766226
0.771927
0.777197
0.781925
0.786402
0.791197
0.797039
0.804317
0.812853
0.821939
0.830658
0.838124
0.843864
0.84786
0.850573
0.852692
0.854852
0.857316
0.859846
0.86177
0.86232
0.86085
0.857006
0.850736
0.842374
0.83268
0.822864
0.814268
0.808022
0.804592
0.803402
0.803002
0.801517
0.797404
0.789926
0.779257
0.766354
0.752601
0.739545
0.728677
0.721316
0.718309
0.719926
0.725909
0.735724
0.748707
0.763863
0.779822
0.795
0.808038
0.818042
0.824597
0.827539
0.826808
0.822426
0.814829
0.804972
0.794488
0.785414
0.779571
0.778036
0.780878
0.787298
0.795941
0.805196
0.81363
0.820299
0.824843
0.827371
0.828183
0.827488
0.825197
0.821186
0.815508
0.808658
0.801596
0.795442
0.791147
0.789244
0.789762
0.792531
0.797268
0.803693
0.811226
0.818766
0.824775
0.827724
0.826598
0.821326
0.812868
0.802925
0.793528
0.786451
0.782713
0.78231
0.784488
0.788268
0.79272
0.797066
0.800609
0.802604
0.802305
0.799126
0.792879
0.784046
0.773762
0.763572
0.754859
0.748421
0.744552
0.743315
0.744818
0.749206
0.756352
0.765854
0.776863
0.788148
0.798367
0.806237
0.810801
0.811725
0.809389
0.80482
0.799341
0.794234
0.790371
0.788103
0.787277
0.787532
0.788515
0.790071
0.792279
0.795407
0.799642
0.805065
0.811604
0.819241
0.828043
0.838104
0.849373
0.861276
0.872416
0.880716
0.883984
0.880758
0.870867
0.855439
0.836381
0.815835
0.795637
0.777073
0.761007
0.748255
0.739846
0.736956
0.74036
0.749899
0.764044
0.780391
0.796383
0.809989
0.820029
0.826174
0.828739
0.828339
0.825439
0.820103
0.812003
0.800693
0.786032
