108
-0.241429   0.0464123   -0.468122
0.333373   0.0860769   -0.424616
-0.474006   0.498367   -0.336796
0.323427   0.467151   -0.345762
-0.227394   -0.0492371   0.185888
0.21516   0.299593   -0.410971
-0.495295   0.306682   -0.434644
-0.41704   0.426707   0.109938
0.335565   -0.0541887   0.103536
0.0359366   0.0790716   0.000128882
-0.0466528   0.489999   0.0863415
0.388634   -0.0183947   -0.228639
0.0662748   0.303838   0.094459
-0.151636   0.153612   0.101162
0.0260621   -0.07631   0.344919
-0.0280305   -0.434734   -0.481227
-0.296069   -0.225242   0.384239
-0.0155621   -0.301284   0.367749
0.059652   -0.284763   0.198743
0.193741   0.0992873   0.132311
-0.441737   -0.375223   -0.00360865
0.105554   -0.272469   -0.455608
-0.297479   -0.307788   -0.205618
-0.314926   0.488205   -0.140251
0.215209   0.235012   0.278672
-0.0609951   0.0812811   0.475636
-0.22807   -0.437839   0.101223
0.165086   -0.22803   -0.152095
0.421147   -0.102741   0.317529
-0.43364   -0.253635   0.221586
0.499238   -0.319891   0.393686
-0.284634   0.301446   0.209512
0.337491   -0.291659   -0.029046
0.448744   0.220944   -0.213652
-0.426613   0.0801063   0.185633
0.169315   0.424531   -0.034667
-0.466256   -0.0965623   -0.395801
0.337649   -0.357576   -0.46537
-0.402612   -0.0353402   0.390363
-0.115888   0.373296   0.236514
-0.451629   -0.187325   -0.162519
0.400078   0.424544   -0.164995
-0.303793   0.379604   -0.343122
0.0351335   0.478822   -0.185535
0.0459957   0.259968   -0.113373
-0.332999   0.157039   -0.0156419
0.238069   -0.452366   -0.166568
0.0291614   -0.485522   0.284553
0.22318   0.331001   -0.207181
-0.272448   -0.114457   -0.363761
0.153948   -0.0253075   -0.250262
-0.0208491   -0.202251   0.0175571
-0.14222   -0.121858   0.469651
0.158117   0.394889   0.403702
-0.45449   0.095657   -0.345797
-0.444925   0.35298   -0.0640397
0.25235   -0.360953   0.147134
0.285691   0.0500592   0.348465
0.488071   0.115287   0.465072
0.467539   0.246174   0.0568024
0.189164   0.435522   0.207656
-0.326016   0.207259   0.434503
-0.152192   0.143595   -0.144557
-0.0248607   -0.0614227   -0.155247
0.196902   -0.132236   0.268534
-0.253499   0.348639   0.0178807
-0.370294   0.0159436   -0.167824
-0.349503   0.234368   -0.184846
-0.400437   -0.268957   -0.404115
-0.152272   -0.497614   -0.345103
-0.188319   -0.298092   -0.420122
0.142143   -0.00617438   0.494538
0.158071   -0.467425   -0.45574
-0.0563687   0.359517   0.475799
-0.160448   -0.27833   0.217543
0.380715   0.486176   0.0464604
-0.164351   -0.45248   0.346723
-0.21441   -0.0294159   -0.0034474
-0.468959   0.330232   0.354063
0.30356   -0.169891   -0.324276
0.144044   -0.0879809   0.0348342
-0.423671   -0.497093   0.466104
0.0397598   0.12391   0.241854
0.463868   -0.360254   -0.231295
0.243006   -0.336729   0.362596
0.107283   0.211888   0.440414
-0.11047   -0.375163   -0.0883609
-0.216705   0.0858797   0.318531
0.0123624   0.314424   -0.333043
-0.0941362   -0.0429857   -0.347299
-0.1606   0.233437   -0.394814
0.268334   0.12877   -0.119248
0.336559   0.271634   0.437472
-0.208584   -0.131986   -0.156192
0.355631   0.481567   0.433876
0.381453   0.394724   0.226899
-0.254694   0.403366   0.434912
0.000907971   0.104495   -0.25723
-0.0304406   -0.337615   -0.282947
0.29164   -0.138628   0.479312
0.100439   -0.387885   -0.00779947
0.459502   0.0617388   -0.0122283
0.258981   0.27197   0.0530751
-0.388819   -0.433192   0.271597
-0.393994   -0.089095   0.0666303
-0.164685   0.361092   -0.188299
0.386876   0.162485   0.212665
-0.233982   -0.227939   0.0305577
