108
-0.0288985   -0.00217883   -0.0105777
0.138338   0.145939   -0.0341596
-0.0182674   0.139942   0.149581
0.147962   -0.0355183   0.1326
-0.0333937   0.314398   -0.0158513
0.12183   0.474738   -0.0418927
-0.0159413   0.498592   0.139265
0.130652   0.314594   0.121992
-0.0118165   -0.350826   -0.0187324
0.123062   -0.175911   -0.0230103
-0.0400209   -0.195145   0.1474
0.143538   -0.344173   0.138229
0.307492   -0.0173582   -0.027671
0.465746   0.150132   -0.0301254
0.308376   0.167077   0.158426
0.465376   -0.0287093   0.149683
0.312824   0.311899   -0.021615
0.476162   0.460246   -0.0287035
0.292458   0.462115   0.142522
0.472359   0.312206   0.132691
0.300295   -0.354882   -0.0316684
0.465669   -0.187192   -0.0318303
0.301311   -0.192081   0.122128
0.453339   -0.365535   0.130141
-0.394991   -0.026191   -0.0180188
-0.195411   0.14171   -0.00452098
-0.367679   0.141848   0.147004
-0.205241   -0.0231178   0.145347
-0.355064   0.294315   -0.00190921
-0.200963   0.465313   -0.00588874
-0.352235   0.479226   0.150822
-0.194049   0.314863   0.172425
-0.355399   -0.350832   -0.00445656
-0.174928   -0.205372   -0.0313939
-0.36934   -0.177515   0.140895
-0.190342   -0.367505   0.131643
-0.0385795   -0.0237481   0.304753
0.130714   0.143184   0.300585
-0.0465201   0.155024   0.465242
0.120141   -0.0169748   0.466767
-0.0241895   0.326591   0.307528
0.13734   0.489711   0.296582
-0.0247892   0.478056   0.499958
0.124029   0.315763   0.47442
-0.0349395   -0.360039   0.315923
0.157678   -0.194351   0.301675
-0.0247936   -0.210771   0.473871
0.158655   -0.367089   0.46288
0.298752   -0.0104852   0.306892
0.482581   0.143604   0.294441
0.292663   0.14307   0.489365
0.470675   -0.033484   0.461167
0.300991   0.315895   0.313725
0.46341   0.467687   0.288922
0.305883   0.473505   0.471669
0.44846   0.310479   0.471163
0.302297   -0.34983   0.294765
0.470124   -0.187208   0.312253
0.304839   -0.181637   0.469112
0.470911   -0.346315   0.465185
-0.369766   -0.0210651   0.31842
-0.19632   0.152782   0.304375
-0.345109   0.1575   0.482994
-0.185445   -0.0414381   0.458247
-0.364063   0.301052   0.306803
-0.193805   0.473342   0.312133
-0.385438   0.47995   0.453553
-0.197676   0.322724   0.47504
-0.365   -0.341926   0.308597
-0.201445   -0.183722   0.308156
-0.364342   -0.196547   0.467009
-0.211302   -0.355433   0.474232
-0.0307115   -0.0271232   -0.376366
0.123449   0.137369   -0.38554
-0.0509487   0.167903   -0.178988
0.118857   -0.0195402   -0.188987
-0.0612802   0.300391   -0.345381
0.152654   0.486475   -0.359697
-0.0503023   0.48401   -0.199198
0.129816   0.323107   -0.201422
-0.0364697   -0.355249   -0.345189
0.129615   -0.193743   -0.352476
-0.0248057   -0.171122   -0.188354
0.117767   -0.35073   -0.191977
0.288923   -0.0185182   -0.355778
0.463469   0.142927   -0.361313
0.290467   0.137756   -0.193377
0.467895   -0.00565062   -0.189251
0.315771   0.320197   -0.352635
0.468101   0.498722   -0.361102
0.314593   0.490286   -0.188554
0.489575   0.314829   -0.20359
0.290084   -0.348587   -0.357418
0.479793   -0.166599   -0.363614
0.299319   -0.202876   -0.200925
-0.497223   -0.354616   -0.194888
-0.359069   -0.0199382   -0.382654
-0.193587   0.128009   -0.349489
-0.361968   0.138756   -0.178803
-0.217894   -0.0229892   -0.187728
-0.35242   0.322751   -0.353436
-0.210492   -0.497646   -0.364115
-0.355092   0.475555   -0.157777
-0.217507   0.31834   -0.175539
-0.361929   -0.330796   -0.365879
-0.198323   -0.186886   -0.360223
-0.378609   -0.169926   -0.191896
-0.20862   -0.332063   -0.195746
