0.8
0.814296
0.830743
0.848033
0.865065
0.880154
0.891736
0.898727
0.900861
0.898471
0.892771
0.884994
0.876107
0.866331
0.854993
0.841042
0.823744
0.803418
0.78154
0.760409
0.742449
0.729772
0.723349
0.722904
0.727305
0.734414
0.741899
0.747753
0.750631
0.750452
0.747936
0.744567
0.741906
0.741054
0.74236
0.74554
0.750108
0.755707
0.762276
0.76969
0.777695
0.785694
0.792877
0.798586
0.802467
0.804813
0.806396
0.808204
0.810848
0.814081
0.816618
0.816684
0.812471
0.802851
0.788042
0.769659
0.750579
0.734007
0.722768
0.718337
0.720814
0.729206
0.742153
0.758336
0.776986
0.797253
0.818268
0.83875
0.856816
0.87011
0.876226
0.873925
0.863369
0.846205
0.825284
0.80383
0.784766
0.770584
0.762636
0.761266
0.765538
0.773647
0.78343
0.793288
0.802433
0.810715
0.818169
0.824432
0.828944
0.831273
0.831758
0.831421
0.832105
0.835406
0.841815
0.850236
0.858376
0.863629
0.863747
0.857671
0.845571
0.828612
0.808715
0.787706
0.767005
0.747336
0.729256
0.713685
0.702017
0.696243
0.698083
0.708432
0.726909
0.752063
0.781386
0.81157
0.839123
0.860953
0.87519
0.881097
0.878905
0.869468
0.853689
0.832581
0.807794
0.781573
0.75695
0.736969
0.724154
0.719732
0.723519
0.734278
0.749675
0.767126
0.7838
0.797298
0.805831
0.808701
0.806383
0.800587
0.79356
0.787628
0.784456
0.784812
0.788612
0.794934
0.802368
0.809448
0.815044
0.818599
0.820142
0.820372
0.819915
0.819261
0.818413
0.816934
0.814275
0.810108
0.804547
0.798301
0.79205
0.786491
0.782219
0.779746
0.779614
0.78225
0.787479
0.794132
0.800349
0.804373
0.805181
0.803031
0.799028
0.794766
0.79122
0.788628
0.786817
0.785696
0.78564
0.787275
0.791005
0.796745
0.80398
0.811773
0.81896
0.824156
0.826216
0.824195
0.817905
0.807798
0.795341
0.78247
0.770941
0.761842
0.755264
0.750704
0.747828
0.746786
0.7484
0.753438
0.761851
0.772802
0.784895
0.796454
0.806062
0.81276
0.816081
0.816237
0.814227
0.811702
0.810312
0.810889
0.812387
0.812548
0.809177
0.8016
0.79119
0.780588
0.772377
0.767924
0.767529
0.770905
0.7779
0.788111
0.801163
0.816374
0.832939
0.849612
0.864625
0.876056
0.882162
0.881881
0.874361
0.859677
0.838596
0.813204
0.786877
0.763634
0.747215
0.739827
0.741594
0.750057
0.761621
0.772824
0.781903
0.788574
0.793929
0.799242
0.805496
0.81304
0.821762
0.83114
0.840644
0.849857
0.858043
0.864303
0.867395
0.866048
0.859422
0.846927
0.828688
0.805495
0.779035
0.751564
0.725969
0.705239
0.6923
0.689245
0.696975
0.714874
0.740758
0.771496
0.80361
0.833535
0.858127
0.87455
0.880776
0.875615
0.859022
0.832378
0.798614
0.761795
0.726609
0.697566
0.678516
0.671653
0.677446
0.694433
0.719828
0.750035
0.78125
0.81015
0.834403
0.852769
0.865155
0.872152
0.874636
0.873445
0.868865
0.860864
0.849441
0.835083
0.818962
0.803248
0.790683
0.783474
0.78271
0.787936
0.797563
0.809545
0.82213
0.834288
0.845618
0.856162
0.866098
0.875426
0.883765
0.890244
0.893729
0.892825
0.886267
0.873264
0.853698
0.828402
0.799056
0.768334
0.739475
0.716064
0.701016
0.696169
0.701646
0.715523
0.734184
0.75326
0.769062
0.779485
0.784412
0.785132
0.783477
0.78102
0.778729
0.776886
0.775337
0.773814
0.77185
0.769073
0.765304
0.760563
0.755132
0.749533
0.744414
0.740595
0.738655
0.738968
0.741804
0.747677
0.757168
0.770226
0.78546
0.800596
0.813704
0.823776
0.830826
0.835233
0.837363
0.837464
0.835599
0.831977
0.827133
0.821718
0.816519
0.812277
0.80944
0.808285
0.808805
0.81069
0.813304
0.816111
0.818648
0.82062
0.821711
0.82152
0.819525
0.815505
0.80984
0.803743
0.79905
0.797329
0.799353
0.804703
0.81233
0.821143
0.830057
0.838183
0.844774
0.849041
0.850313
0.848113
0.842547
0.83444
0.825105
0.816294
0.809477
0.80538
0.803464
0.802063
0.798753
0.791429
0.778573
0.760195
0.738078
0.715794
0.697968
0.688443
0.68807
0.69486
0.705748
0.718267
0.7312
0.744216
0.757417
0.770872
0.784422
0.7977
0.810207
0.821588
0.831723
0.840639
0.848358
0.854787
0.859621
0.862543
0.863234
0.861357
0.856715
0.849032
0.83815
0.824109
0.807672
0.790218
0.773684
0.760079
0.751019
0.747738
0.750969
0.760419
0.775002
0.792714
0.810961
0.827166
0.839108
0.845656
0.846701
0.843288
0.837483
0.831443
0.826929
0.824821
0.82494
0.826364
0.827874
0.82817
0.826387
0.822004
0.815106
0.806476
0.79724
0.788608
0.781515
0.776361
0.773096
0.771272
0.770135
0.768753
0.766423
0.762844
0.758181
0.752899
0.747616
0.742439
0.737211
0.731683
0.725829
0.720548
0.717319
0.717528
0.721468
0.727893
0.734826
0.74044
0.744105
0.746127
0.747435
0.749087
0.752188
0.757963
0.767122
0.779652
0.794949
0.811685
0.828345
0.843375
0.855256
0.862551
0.864203
0.859833
0.849972
0.836428
0.821784
0.808657
0.798883
0.793114
0.790787
0.791078
0.793367
0.797039
0.801626
0.806417
0.810891
0.815001
0.819062
0.823511
0.828263
0.832784
0.836301
0.838382
0.839172
0.839296
0.839393
0.839712
0.839799
0.838647
0.835274
0.829232
0.820904
0.811138
0.800942
0.790963
0.781464
0.772877
0.766023
0.761946
0.76154
0.764843
0.770932
0.778178
0.784561
0.788486
0.788994
0.786265
0.781065
0.774622
0.768362
0.763493
0.761023
0.761405
0.764459
0.769317
0.77479
0.779363
0.781867
0.781604
0.778589
0.773347
0.766664
0.759335
0.751878
0.74468
0.738143
0.732887
0.729875
0.730242
0.734923
0.744321
0.758006
0.77471
0.792635
0.809881
0.825388
0.83885
0.850651
0.861543
0.871963
0.881543
0.889269
0.893487
0.892764
0.886281
0.873968
0.856431
0.834864
0.811051
0.787403
0.766768
0.751949
0.744757
0.745372
0.752583
0.764334
0.778496
0.793399
0.807858
0.820789
0.831126
0.837838
0.839947
0.836843
0.828943
0.817478
0.804736
0.793694
0.787396
0.787617
0.79397
0.804175
0.815001
0.823722
0.82865
0.829161
0.825189
0.817254
0.806268
0.793594
0.781069
0.770695
0.764489
0.764139
0.770333
0.782575
0.798758
0.815675
0.829813
0.83828
0.839504
0.833503
0.821899
0.807498
0.793274
0.782097
0.77585
0.775331
0.780201
0.789196
0.800362
0.811219
0.819501
0.823319
0.821829
0.815138
0.804592
0.792317
0.780724
0.771908
0.767193
0.767056
0.771264
0.77912
0.789731
0.801957
0.81455
0.826142
0.835461
0.8417
0.844612
0.844506
0.841981
0.837708
0.831908
0.824655
0.815672
0.804857
0.792789
0.780079
0.767601
0.755828
0.744901
0.734792
0.725551
0.717666
0.711635
0.707833
0.706301
0.706939
0.709675
0.714556
0.721793
0.731749
0.7449
0.761501
0.781401
0.803627
0.826343
0.847132
0.86369
0.874218
0.877836
0.875021
0.86702
0.856041
0.844382
0.834181
0.826672
0.822221
0.819988
0.818629
0.816395
0.811914
0.804587
0.79492
0.784474
0.775034
0.768361
0.765269
0.765506
0.768013
0.771341
0.77432
0.77617
0.776642
0.776012
0.774832
0.774008
0.774274
0.776132
0.779665
0.784252
0.788981
0.793101
0.796131
0.798251
0.799988
0.802005
0.804725
0.808428
0.813372
0.819213
0.825209
0.830227
0.832737
0.83144
0.825423
0.814797
0.80066
0.785055
0.770565
0.759667
0.753898
0.7538
0.758407
0.766
0.774357
0.781965
0.788367
0.794238
0.800851
0.808951
0.81817
0.827433
0.835428
0.841127
0.843666
0.842692
0.83838
0.831515
0.823207
0.814515
0.806806
0.801347
0.798833
0.799014
0.80083
0.80291
0.804234
0.804475
0.804193
0.804296
0.805669
0.808598
0.812565
0.816587
0.819507
0.820482
0.819159
0.815445
0.809642
0.802138
0.793177
0.782975
0.771744
0.75983
0.748104
0.737839
0.730643
0.728125
0.731339
0.740686
0.755786
0.77545
0.797536
0.819225
0.837906
0.851902
0.860509
0.863805
0.862515
0.85738
0.849385
0.839198
0.827808
0.816452
0.806615
0.799758
0.796601
0.796683
0.79849
0.800267
0.800389
0.798088
0.793709
0.788385
0.783618
0.781009
0.781619
0.785692
0.79247
0.800369
0.807504
0.812561
0.815069
0.815433
0.814516
0.812921
0.810784
0.807876
0.803747
0.797761
0.789648
0.779285
0.766946
0.753539
0.740426
0.729244
0.721906
0.719862
0.723506
0.732157
0.744105
0.757255
0.769826
0.780686
0.789421
0.796337
0.801876
0.806244
0.809178
0.810181
0.808874
0.805279
0.799947
0.793952
0.788555
0.785147
0.784815
0.788349
0.795695
0.806197
0.818461
0.830938
0.842314
0.851883
0.859201
0.863947
0.865553
0.86345
0.857316
0.847422
0.834609
0.820363
0.806329
0.793972
0.784469
0.778342
0.775563
0.77528
0.776208
0.777049
0.776844
0.775241
0.772748
0.77033
0.769157
0.770129
0.773357
0.77824
0.783436
0.787259
0.788168
0.785253
0.778613
0.769484
0.760313
0.75417
0.753311
0.758069
0.766531
0.77622
0.785149
0.79257
0.7986
0.803885
0.80909
0.814908
0.822071
0.83135
0.843044
0.856154
0.868106
0.875594
0.876221
0.86908
0.85481
0.835244
0.813273
0.792666
0.777073
0.76882
0.767635
0.77066
0.774657
0.777415
0.778501
0.778706
0.778778
0.779063
0.779553
0.779976
0.780143
0.78019
0.780322
0.780803
0.781843
0.783419
0.785666
0.78893
0.794112
0.802205
0.813702
0.828341
0.844753
0.860773
0.874109
0.882821
0.885676
0.882271
0.873068
0.859141
0.841811
0.822358
0.802143
0.782685
0.765699
0.752751
0.744913
0.742577
0.745285
0.752152
0.761814
0.772814
0.783575
0.792857
0.799588
0.803095
0.802899
0.798971
0.791666
0.781732
0.770694
0.76025
0.752409
0.748532
0.749167
0.753875
0.7618
0.771938
0.783302
0.794943
0.805997
0.815775
0.823812
0.82989
0.833962
0.83588
0.835431
0.832269
0.826219
0.817698
0.8079
0.798511
0.790992
0.785835
0.782417
0.77957
0.776624
0.773679
0.771419
0.770303
0.770319
0.770472
0.769373
0.765985
0.760506
0.754256
0.749335
0.747906
0.751288
0.75961
0.771903
0.7863
0.800494
0.812432
0.820407
0.823519
0.821799
0.816252
0.808666
0.801213
0.795862
0.793933
0.795986
0.802113
0.812224
0.82603
0.842638
0.860396
0.877189
0.890861
0.89957
0.902036
0.897437
0.885359
0.866252
0.841193
0.811933
0.781055
0.751484
0.726544
0.709529
0.702508
0.70542
0.715877
0.729741
0.742781
0.752283
0.757665
0.760075
0.761588
0.76415
0.768887
0.776108
0.784946
0.79404
0.801804
0.806946
0.80892
0.807786
0.804213
0.799029
0.793131
0.787312
0.782079
0.777514
0.773534
0.769999
0.767282
0.766253
0.768386
0.774878
0.786159
0.801339
0.818453
0.8352
0.849186
0.858618
0.862379
0.860342
0.853296
0.842924
0.831261
0.820258
0.811297
0.805077
0.80162
0.800189
0.799614
0.79859
0.796155
0.791897
0.78615
0.779791
0.773904
0.769409
0.766791
0.765999
0.766299
0.766643
0.765966
0.763655
0.759729
0.754812
0.749896
0.746076
0.744168
0.744745
0.748152
0.754635
0.764102
0.776188
0.790116
0.804814
0.819013
0.83129
0.840075
0.843984
0.842118
0.834688
0.822929
0.809107
0.795829
0.785352
0.779064
0.777139
0.778651
0.782045
0.785684
0.788197
0.788696
0.786802
0.782726
0.777137
0.771128
0.765969
0.762962
0.763267
0.767528
0.775976
0.788186
0.803347
0.82005
0.836586
0.850902
0.860918
0.865095
0.862841
0.854629
0.841518
0.824817
0.805719
0.78542
0.765107
0.746018
0.729519
0.716943
0.709519
0.708158
0.713296
0.724958
0.742771
0.765876
0.79291
0.821877
0.850374
0.87567
0.895302
0.907462
0.91108
0.906189
0.893792
0.875665
0.854186
0.831874
0.811058
0.793667
0.781111
0.7743
0.773604
0.778744
0.788588
0.801317
0.815049
0.828377
0.840716
0.851721
0.86058
0.865565
0.864626
0.856284
0.840066
0.816757
0.788248
0.757365
0.727345
0.701391
0.682301
0.671812
0.670644
0.678242
0.693267
0.714069
0.739291
0.767376
0.796736
0.825395
0.85098
0.87126
0.884482
0.889682
0.886905
0.877162
0.862173
0.843912
0.824476
0.805592
0.788647
0.774573
0.76349
0.754817
0.747785
0.741671
0.736648
0.73394
0.735027
0.740883
0.751252
0.764835
0.780449
0.797171
0.813963
0.82913
0.840261
0.844974
0.841766
0.830898
0.814567
0.796476
0.780549
0.769725
0.765313
0.766935
0.773042
0.781627
0.791099
0.800353
0.808783
0.816279
0.823269
0.830414
0.838221
0.846743
0.855221
0.862306
0.866952
0.868796
0.868178
0.865656
0.861696
0.856477
0.850137
0.842743
0.834356
0.825068
0.815109
0.805133
0.795768
0.787484
0.780468
0.77455
0.769279
0.764246
0.758945
0.752779
0.745403
0.737023
0.728797
0.722712
0.720864
0.724476
0.733314
0.745763
0.759607
0.772688
0.78357
0.791593
0.796753
0.799465
0.800484
0.80052
0.800276
0.800341
0.801168
0.803109
0.806225
0.810327
0.814692
0.818364
0.820333
0.819922
0.81667
0.810685
0.802456
0.793033
0.783801
0.776247
0.771314
0.769281
0.769715
0.771748
0.774441
0.776841
0.778322
0.778546
0.777816
0.777348
0.779038
0.785185
0.797293
0.815371
0.837313
0.859522
0.878032
0.889528
0.892077
0.885609
0.871685
0.853188
0.833465
0.815579
0.801465
0.791794
0.786129
0.783626
0.783354
0.784698
0.787288
0.790913
0.795134
0.799177
0.802218
0.803292
0.801833
0.797422
0.789684
0.778607
0.764598
0.748916
0.733544
0.721051
0.71356
0.712482
0.718034
0.72953
0.745578
0.764246
0.783288
0.800357
0.813986
0.823313
0.828383
0.829807
0.828507
0.825224
0.8207
0.815847
0.811287
0.807584
0.805087
0.803655
0.802527
0.800561
0.796695
0.790572
0.782948
0.775755
0.771144
0.770798
0.775277
0.783589
0.79393
0.804126
0.812254
0.816763
0.816491
0.810943
0.800649
0.787285
0.773137
0.760861
0.752583
0.749758
0.753037
0.762235
0.776106
0.792793
0.809934
0.825517
0.837804
0.845719
0.848918
0.847462
0.841609
0.832157
0.820113
0.806883
0.794425
0.784453
0.778341
0.776672
0.779484
0.786097
0.795592
0.806475
0.817241
0.826639
0.833904
0.838694
0.840959
0.840712
0.83799
0.832597
0.824514
0.81369
0.800375
0.785166
0.769134
0.753706
0.740537
0.731473
0.728283
0.731897
0.742131
0.75742
0.77494
0.791573
0.804862
0.813732
0.81812
0.81888
0.816724
0.812429
0.806861
0.80091
0.795949
0.793356
0.794463
0.79992
0.809655
0.822652
0.837074
0.850667
0.860981
0.865785
0.863464
0.853361
0.836086
0.813348
0.787693
0.761909
0.738625
0.7196
0.706025
0.698757
0.698183
0.704281
0.716112
0.732084
0.750093
0.767953
0.784094
0.797527
0.808267
0.816691
0.823456
0.829257
0.834603
0.839782
0.844854
0.849446
0.852914
0.854463
0.853575
0.850331
0.845292
0.839003
0.831685
0.823083
0.812665
0.800069
0.785432
0.769568
0.753767
0.739742
0.729187
0.723409
0.723081
0.727998
0.737228
0.749306
0.762593
0.775701
0.787574
0.797367
0.804463
0.80868
0.810136
0.8092
0.806749
0.803694
0.800826
0.798739
0.797641
0.797533
0.798231
0.799527
0.80115
0.802695
0.803685
0.803439
0.801251
0.796554
0.789663
0.781577
0.773854
0.767811
0.764291
0.763127
0.76338
0.763514
0.762282
0.759167
0.754684
0.750012
0.74685
0.746332
0.748928
0.754312
0.761603
0.769986
0.779144
0.788906
0.79922
0.809866
0.820256
0.829782
0.838042
0.84491
0.850469
0.854822
0.857853
0.859426
0.859314
0.857391
0.853634
0.848209
0.84139
0.833397
0.824524
0.815073
0.80578
0.79729
0.789832
0.782657
0.77462
0.764966
0.754044
0.743053
0.733701
0.727458
0.725191
0.726847
0.731528
0.737902
0.744534
0.750366
0.755181
0.759418
0.764325
0.771372
0.781214
0.793288
0.806165
0.817977
0.827219
0.832986
0.835039
0.834024
0.831128
0.827909
0.825751
0.825719
0.828159
0.832862
0.839044
0.845474
0.850888
0.854053
0.853775
0.849017
0.838976
0.823581
0.803367
0.779765
0.755046
0.732442
0.715885
0.709017
0.713023
0.726021
0.743359
0.760482
0.774713
0.785638
0.794369
0.802381
0.810587
0.818922
0.826517
0.831967
0.833971
0.831822
0.825484
0.815742
0.804205
0.792733
0.783125
0.7768
0.774142
0.774671
0.777327
0.780912
0.784467
0.787453
0.789788
0.791664
0.793389
0.795348
0.797867
0.801328
0.806044
0.812139
0.819426
0.827218
0.834143
0.838565
0.838915
0.834167
0.824774
0.812752
0.801285
0.79304
0.788904
0.787719
0.787405
0.785862
0.781907
0.77514
0.766097
0.755929
0.74621
0.738502
0.734273
0.734555
0.739814
0.749887
0.763958
0.780658
0.79825
0.814714
0.828182
0.837321
0.841252
0.839845
0.833394
0.822756
0.809326
0.794728
0.780733
0.7688
0.76012
0.755439
0.75469
0.756883
0.76067
0.764673
0.767862
0.769821
0.770544
0.770432
0.770343
0.77111
0.773843
0.77934
0.788174
0.800281
0.81494
0.830528
0.845034
0.85682
0.865137
0.869995
0.871856
0.87073
0.866134
0.857153
0.84311
0.824211
0.801984
0.778602
0.75654
0.737795
0.723927
0.716021
0.714799
0.72072
0.73364
0.752356
0.774583
0.797354
0.817557
0.832774
0.84157
0.843763
0.84026
0.832744
0.823195
0.81325
0.804018
0.796257
0.790577
0.7876
0.787616
0.790584
0.79603
0.803159
0.811258
0.819479
0.826977
0.83285
0.835939
0.834984
0.828852
0.817132
0.800709
0.781544
0.76255
0.746725
0.736355
0.732689
0.735888
0.744892
0.757726
0.77179
0.784412
0.793604
0.798145
0.797805
0.793019
0.78489
0.774738
0.76388
0.753418
0.744
0.735918
0.729033
0.723307
0.718878
0.716347
0.716537
0.720454
0.72869
0.741169
0.756984
0.774504
0.791782
0.807263
0.819911
0.829574
0.836762
0.842439
0.847661
0.853146
0.859247
0.865661
0.871358
0.87508
0.875705
0.872636
0.866599
0.859427
0.853347
0.849911
0.848892
0.848396
0.845763
0.838776
0.826662
0.810205
0.791718
0.774014
0.759601
0.749849
0.744597
0.742846
0.743052
0.743625
0.743193
0.741111
0.737843
0.735207
0.735807
0.74191
0.754213
0.771463
0.791075
0.81003
0.825562
0.836018
0.840702
0.840177
0.835816
0.829656
0.82369
0.819695
0.818562
0.82026
0.824029
0.82875
0.833137
0.836109
0.836813
0.834491
0.82868
0.819093
0.8058
0.789323
0.77074
0.752265
0.737097
0.72847
0.727555
0.732493
0.739738
0.74639
0.750906
0.752941
0.752547
0.74999
0.745612
0.74008
0.734125
0.728616
0.724538
0.722797
0.72411
0.728689
0.736437
0.74729
0.761186
0.778179
0.797619
0.818387
0.838708
0.856928
0.871922
0.883339
0.891572
0.896994
0.899919
0.899938
0.896351
0.888449
0.875978
0.859561
0.840367
0.819862
0.799531
0.780576
0.76406
0.750912
0.741852
0.737221
0.73689
0.740316
0.746602
0.754722
0.763354
0.771293
0.777491
0.781197
0.782322
0.781491
0.780072
0.780108
0.783791
0.792793
0.807257
0.825444
0.844286
0.86043
0.871349
0.875831
0.87368
0.865023
0.850339
0.830401
0.806646
0.781378
0.757645
0.738594
0.726449
0.722006
0.724109
0.730655
0.739431
0.74858
0.756956
0.7638
0.768616
0.771131
0.771261
0.769218
0.765679
0.761963
0.760068
0.762548
0.7717
0.788619
0.812151
0.839553
0.866907
0.890746
0.908905
0.920332
0.925068
0.923671
0.916809
0.905014
0.888878
0.869069
0.84664
0.823147
0.800355
0.780037
0.763585
0.751808
0.744909
0.742763
0.744899
0.750677
0.759391
0.769792
0.780098
0.788146
0.792219
0.791785
0.787625
0.78195
0.777551
0.776947
0.781398
0.790567
0.802444
0.814059
0.82233
0.825173
0.822096
0.814428
0.804774
0.79641
0.79207
0.793201
0.799721
0.810128
0.821928
0.832344
0.838972
0.839985
0.834703
0.823572
0.808126
0.790827
0.774542
0.76157
0.752918
0.748148
0.745828
0.744683
0.744268
0.745136
0.748254
0.75474
0.765155
0.779317
0.796473
0.815262
0.834327
0.852274
0.867822
0.879701
0.886597
0.88768
0.882612
0.871883
0.856844
0.839256
0.821223
0.804805
0.791764
0.783214
0.779395
0.779433
0.781331
0.782423
0.780152
0.77276
0.75969
0.741898
0.721901
0.702877
0.688025
0.679616
0.678635
0.685023
0.697665
0.714977
0.735164
0.756475
0.777368
0.796443
0.81269
0.825714
0.835819
0.843827
0.850467
0.855913
0.859676
0.861004
0.859219
0.854261
0.846643
0.837115
0.826692
0.81651
0.80763
0.801243
0.798203
0.799036
0.803632
0.81115
0.820273
0.829504
0.83765
0.843927
0.847901
0.84928
0.847939
0.844008
0.837898
0.830388
0.822208
0.813649
0.804493
0.793946
0.780874
0.764685
0.745445
0.724199
0.702821
0.683766
0.669265
0.66113
0.66055
0.667845
0.682418
0.702682
0.726055
0.749355
0.769405
0.78377
0.791087
0.791165
0.78515
0.775172
0.764031
0.754814
0.750145
0.751738
0.759997
0.774032
0.791866
0.810987
0.828831
0.843085
0.851959
0.854292
0.850037
0.840283
0.827601
0.81545
0.807446
0.806207
0.812468
0.824768
0.840258
0.85545
0.867151
0.872626
0.870232
0.859298
0.840556
0.815881
0.788324
0.761415
0.738502
0.722251
0.714037
0.713795
0.720162
0.731196
0.744751
0.759204
0.773644
0.787762
0.801635
0.815251
0.828027
0.838831
0.8462
0.848885
0.846276
0.838826
0.827768
0.814833
0.801597
0.788948
0.777135
0.766195
0.756852
0.750769
0.750126
0.756119
0.768183
0.783898
0.80036
0.815207
0.826987
0.835026
0.839105
0.839456
0.836563
0.831235
0.824363
0.816895
0.809449
0.802121
0.794568
0.786114
0.775955
0.763529
0.749135
0.73399
0.720085
0.709501
0.703348
0.701518
0.703685
0.710415
0.723061
0.742609
0.768329
0.79761
0.826751
0.852237
0.871681
0.883868
0.888935
0.887779
0.88167
0.871857
0.859567
0.845595
0.830755
0.815615
0.801139
0.788387
0.778894
0.774286
0.775657
0.782912
0.794318
0.807106
0.818219
0.824926
0.825582
0.819804
0.808417
0.793135
0.776145
0.759671
0.74596
0.737146
0.735306
0.741826
0.756566
0.777482
0.800948
0.823022
0.840319
0.850907
0.854327
0.851354
0.843593
0.833017
0.821579
0.810802
0.801652
0.794416
0.789053
0.785181
0.782445
0.780296
0.778066
0.775035
0.77049
0.764135
0.756323
0.748088
0.740873
0.736193
0.735507
0.739539
0.748273
0.760767
0.775498
0.79082
0.805551
0.818739
0.829591
0.83724
0.840721
0.83923
0.832284
0.820183
0.804262
0.787041
0.772003
0.762466
0.760603
0.766552
0.778501
0.793121
0.806866
0.81693
0.821694
0.821084
0.816278
0.809242
0.802224
0.797239
0.796034
0.799482
0.807523
0.81942
0.834227
0.850741
0.867737
0.883502
0.895948
0.902872
0.90264
0.894754
0.879705
0.859227
0.835586
0.810719
0.786093
0.762792
0.74204
0.725258
0.713921
0.708892
0.710147
0.716848
0.727468
0.740388
0.754097
0.767481
0.779671
0.790304
0.799409
0.807287
0.814536
0.82149
0.828084
0.833767
0.837549
0.83835
0.835381
0.828529
0.818443
0.806303
0.793482
0.781007
0.76951
0.759086
0.749602
0.740961
0.733422
0.727859
0.725719
0.728491
0.736621
0.748717
0.761884
0.773147
0.78053
0.783926
0.784446
0.783463
0.78187
0.779882
0.777299
0.774159
0.771027
0.768906
0.768858
0.771549
0.77724
0.785703
0.796339
0.808166
0.820168
0.831224
0.840226
0.846649
0.850528
0.852464
0.853293
0.853722
0.854145
0.854327
0.853959
0.852585
0.849992
0.846119
0.841197
0.835557
0.829897
0.825083
0.821915
0.820566
0.820223
0.819115
0.815015
0.806077
0.791409
0.771773
0.749539
0.72836
0.712156
0.703742
0.703963
0.711283
0.723055
0.736758
0.751232
0.766541
0.783095
0.80088
0.818861
0.835317
0.848906
0.858761
0.864632
0.866725
0.865533
0.861958
0.857384
0.852948
0.84894
0.844721
0.839305
0.83201
0.822525
0.810681
0.796443
0.779869
0.761209
0.741308
0.72184
0.705164
0.693958
0.690425
0.695891
0.710307
0.73234
0.759718
0.789637
0.819519
0.846965
0.870035
0.887173
0.897246
0.8997
0.894485
0.882114
0.863862
0.841858
0.818803
0.797545
0.780464
0.768493
0.760889
0.756172
0.753114
0.751267
0.75102
0.753007
0.757704
0.765131
0.775007
0.786785
0.799487
0.811894
0.822484
0.830153
0.83422
0.834488
0.831358
0.82553
0.817729
0.808552
0.798568
0.788511
0.779331
0.771966
0.767202
0.765259
0.765957
0.768532
0.772246
0.776231
0.779804
0.782403
0.78378
0.784011
0.783203
0.781615
0.779136
0.775648
0.770783
0.764119
0.755671
0.746226
0.737725
0.732829
0.734137
0.743087
0.759239
0.779949
0.801461
0.820409
0.835357
0.846989
0.857265
0.867588
0.877741
0.886123
0.89103
0.891284
0.886455
0.876833
0.863448
0.847787
0.831765
0.8172
0.805223
0.79648
0.790804
0.787543
0.785591
0.783805
0.781361
0.777841
0.773538
0.769179
0.765708
0.764516
0.76662
0.772375
0.780631
0.789052
0.795156
0.797413
0.795454
0.790164
0.78293
0.775404
0.769206
0.765218
0.763472
0.762922
0.762162
0.759883
0.755559
0.749624
0.743287
0.737974
0.7352
0.735825
0.740109
0.747535
0.757182
0.768067
0.77937
0.790644
0.80179
0.813002
0.824496
0.83644
0.848649
0.860425
0.870501
0.877119
0.878731
0.874237
0.863443
0.847457
0.82824
0.808576
0.791466
0.779447
0.773591
0.773457
0.77719
0.78252
0.787527
0.791233
0.793805
0.796101
0.799014
0.803054
0.808025
0.813095
0.817139
0.819006
0.817874
0.81363
0.806684
0.798366
0.790144
0.783531
0.779385
0.777902
0.77868
0.780668
0.783002
0.784873
0.78601
0.786378
0.786125
0.785602
0.785141
0.785344
0.786891
0.790124
0.794668
0.799229
0.801902
0.800994
0.795535
0.785667
0.772738
0.758713
0.745548
0.734939
0.728068
0.725541
0.727956
0.735884
0.749426
0.767988
0.789665
0.811525
0.829997
0.842432
0.847431
0.845063
0.837069
0.826076
0.814918
0.805722
0.799492
0.795978
0.794308
0.793371
0.792087
0.789727
0.786492
0.783839
0.784443
0.790986
0.804985
0.825586
0.849961
0.874021
0.894004
0.906985
0.911603
0.907712
0.896292
0.879053
0.858058
0.83547
0.813249
0.792844
0.774966
0.760093
0.748513
0.740697
0.737123
0.737648
0.741448
0.746938
0.752592
0.757319
0.760843
0.763313
0.764903
0.765461
0.764403
0.76145
0.756731
0.751152
0.745914
0.742436
0.741751
0.744501
0.751123
0.761463
0.774826
0.78988
0.804678
0.817072
0.825157
0.827813
0.825047
0.818126
0.809386
0.80145
0.796279
0.794668
0.796102
0.799435
0.803441
0.807227
0.810303
0.812481
0.813976
0.814907
0.81546
0.815774
0.815979
0.815982
0.81559
0.81461
0.812715
0.809935
0.806862
0.804558
0.804454
0.80736
0.813019
0.819961
0.826025
0.829413
0.829229
0.825734
0.820317
0.814675
0.81006
0.806834
0.804508
0.80247
0.800426
0.798774
0.798422
0.800211
0.804399
0.810386
0.817092
0.823096
0.827186
0.828267
0.825225
0.817052
0.803351
0.784729
0.763015
0.741183
0.7226
0.710358
0.706367
0.710857
0.722143
0.736804
0.750712
0.760151
0.763203
0.759702
0.751491
0.741532
0.733108
0.729039
0.731271
0.740844
0.757644
0.780513
0.807228
0.834824
0.860313
0.881221
0.89617
0.904613
0.906955
0.904147
0.897537
0.888606
0.878596
0.868376
0.858489
0.848902
0.839489
0.830061
0.820513
0.811009
0.801888
0.79367
0.786874
0.781958
0.779076
0.7778
0.777164
0.776033
0.773422
0.768883
0.762871
0.756462
0.750842
0.746768
0.74452
0.743845
0.744569
0.746605
0.750088
0.755278
0.762112
0.770514
0.780766
0.793205
0.807958
0.824101
0.839555
0.85168
0.858274
0.858363
0.852391
0.841863
0.828435
0.812943
0.795541
0.776027
0.754474
0.731957
0.710604
0.693754
0.684912
0.686615
0.699412
0.721458
0.749191
0.77845
0.805638
0.828484
0.846034
0.858319
0.865862
0.869099
0.868317
0.863905
0.856686
0.84826
0.84058
0.835298
0.833252
0.834329
0.837676
0.842143
0.8466
0.850375
0.853432
0.855937
0.857686
0.857842
0.855146
0.84872
0.838625
0.825853
0.811767
0.797545
0.783756
0.770268
0.756564
0.741945
0.726083
0.709435
0.693449
0.680075
0.671245
0.66848
0.672562
0.683763
0.701952
0.726243
0.754751
0.784898
0.813889
0.838992
0.858476
0.871459
0.877733
0.877867
0.87275
0.863368
0.850641
0.835427
0.818703
0.801563
0.785461
0.771821
0.76178
0.756033
0.754395
0.75577
0.758453
0.760722
0.761737
0.761662
0.761901
0.764387
0.770748
0.781468
0.795903
0.812202
0.828045
0.841196
0.85007
0.854059
0.853604
0.849667
0.843835
0.837781
0.832915
0.829786
0.828212
0.827017
0.82477
0.820193
0.81268
0.80254
0.791068
0.780197
0.771546
0.766261
0.76462
0.766062
0.769601
0.774278
0.779129
0.78341
0.786295
0.787098
0.78532
0.780801
0.773939
0.765409
0.75635
0.748008
0.741683
0.738344
0.738447
0.741906
0.747933
0.755478
0.763351
0.770931
0.778049
0.7851
0.792489
0.800666
0.809653
0.819447
0.829867
0.840877
0.852504
0.864716
0.877044
0.888598
0.897922
0.903266
0.902945
0.895916
0.882322
0.863357
0.841119
0.818105
0.796663
0.778513
0.764668
0.755377
0.750003
0.747465
0.746612
0.746669
0.747275
0.748563
0.750791
0.754101
0.758475
0.763438
0.768686
0.773312
0.776413
0.777133
0.774988
0.770254
0.763995
0.758042
0.754078
0.753262
0.755713
0.760466
0.765999
0.770819
0.774066
0.77568
0.776299
0.776969
0.778705
0.782534
0.789239
0.799034
0.811474
0.825398
0.839082
0.850524
0.857909
0.86026
0.857364
0.850067
0.839679
0.828001
0.81648
0.806051
0.797089
0.789845
0.784437
0.781115
0.780076
0.781243
0.784144
0.787821
0.791009
0.7925
0.791373
0.787475
0.781557
0.775251
0.770696
0.769763
0.773274
0.780937
0.791298
0.802008
0.810344
0.813783
0.810599
0.800118
0.783073
0.761512
0.738739
0.718911
0.706362
0.704461
0.714426
0.734899
0.762708
0.793956
0.824643
0.851231
0.870782
0.881375
0.882456
0.875037
0.861396
0.844647
0.827809
0.81335
0.802718
0.796139
0.793071
0.792383
0.792912
0.793473
0.793128
0.791241
0.78784
0.783744
0.780438
0.779434
0.781757
0.787585
0.796138
0.805989
0.815668
0.823938
0.829953
0.833573
0.835133
0.835288
0.834858
0.834489
0.834607
0.835243
0.836201
0.837206
0.837654
0.836887
0.834189
0.828998
0.821148
0.811348
0.800946
0.791778
0.785137
0.781599
0.780749
0.781913
0.78442
0.787918
0.792223
0.797262
0.802677
0.80796
0.812081
0.813671
0.811446
0.804575
0.793158
0.778417
0.76261
0.74846
0.738582
0.734825
0.737999
0.747508
0.761297
0.776405
0.789663
0.79857
0.801633
0.798445
0.789673
0.776609
0.761033
0.744986
0.730596
0.720234
0.715969
0.718843
0.72834
0.742423
0.758223
0.773072
0.785059
0.793643
0.799104
0.802498
0.804957
0.807157
0.809149
0.810381
0.810157
0.808186
0.804908
0.801385
0.799019
0.798903
0.801287
0.805814
0.81173
0.81843
0.825588
0.833371
0.841813
0.850346
0.857782
0.862828
0.864374
0.861772
0.854595
0.842794
0.826977
0.808713
0.790644
0.775823
0.766726
0.764218
0.767332
0.773698
0.780262
0.784003
0.782903
0.776507
0.766212
0.754649
0.744586
0.738096
0.736199
0.739221
0.74723
0.759789
0.775655
0.793049
0.810049
0.825511
0.838813
0.849657
0.857482
0.861523
0.861069
0.856038
0.847233
0.835995
0.823942
0.812629
0.803365
0.79695
0.793543
0.792856
0.794397
0.797845
0.803005
0.809354
0.815883
0.820973
0.823228
0.821941
0.817194
0.809752
0.800708
0.791183
0.782131
0.774142
0.767609
0.762409
0.758513
0.755836
0.754627
0.755587
0.759678
0.767711
0.779986
0.795643
0.812683
0.828463
0.840634
0.847588
0.848876
0.844609
0.835632
0.82287
0.807722
0.792191
0.778201
0.766688
0.757162
0.748679
0.741464
0.737285
0.737993
0.744462
0.756055
0.771098
0.787898
0.805248
0.822296
0.838044
0.851194
0.860349
0.864805
0.864961
0.862067
0.857495
0.85173
0.844432
0.83455
0.821451
0.80541
0.787634
0.770122
0.755287
0.74497
0.740194
0.740641
0.74537
0.753178
0.763329
0.775266
0.788417
0.801765
0.813438
0.821542
0.82472
0.822676
0.816527
0.808626
0.801698
0.798167
0.799457
0.805333
0.814168
0.82335
0.830141
0.832266
0.828449
0.818711
0.804362
0.787863
0.772203
0.760033
0.753143
0.752007
0.755912
0.763515
0.773243
0.783722
0.79392
0.802984
0.810249
0.815074
0.816681
0.814709
0.809201
0.800923
0.790989
0.780433
0.77014
0.760645
0.752495
0.746601
0.743932
0.744816
0.748882
0.755062
0.762405
0.770555
0.779803
0.790589
0.802828
0.815606
0.82724
0.835758
0.839617
0.838101
0.831816
0.822212
0.811435
0.801807
0.794888
0.791473
0.791025
0.792306
0.793942
0.795137
0.795776
0.796287
0.797421
0.800116
0.804791
0.811206
0.818519
0.825382
0.830371
0.832321
0.830462
0.824626
0.815289
0.803598
0.79119
0.77957
0.769802
0.762075
0.756134
0.751697
0.748751
0.747421
0.747672
0.749189
0.751445
0.753879
0.756256
0.758796
0.761986
0.766593
0.773368
0.782573
0.793811
0.805644
0.816397
0.825123
0.832049
0.838513
0.846013
0.855124
0.865073
0.874189
0.880652
0.882786
0.879734
0.87147
0.859292
0.845089
0.830657
0.816624
0.802235
0.786337
0.76883
0.751268
0.736586
0.727896
0.727079
0.734322
0.748402
0.76742
0.789437
0.812266
0.833499
0.8507
0.861791
0.865702
0.862516
0.853742
0.841494
0.828025
0.815235
0.804207
0.795135
0.787803
0.781679
0.776802
0.773485
0.77229
0.773724
0.777531
0.782957
0.788792
0.79387
0.797597
0.799861
0.800776
0.800491
0.79908
0.796688
0.793605
0.790344
0.78762
0.786133
0.786385
0.78857
0.79252
0.797829
0.803917
0.810273
0.816188
0.82095
0.823848
0.824473
0.822712
0.81889
0.813704
0.807916
0.802327
0.797348
0.793252
0.790313
0.78874
0.788794
0.790464
0.793311
0.796258
0.797992
0.797443
0.79439
0.790002
0.786312
0.785301
0.787866
0.793643
0.80156
0.810298
0.81867
0.825602
0.830168
0.831462
0.828965
0.822664
0.813032
0.801205
0.788719
0.777378
0.768946
0.764851
0.765374
0.768986
0.772984
0.77397
0.769625
0.759393
0.744656
0.728504
0.714765
0.707238
0.708474
0.719155
0.738223
0.763178
0.790637
0.817343
0.840375
0.857872
0.868964
0.874187
0.874956
0.873323
0.871226
0.869426
0.867372
0.863466
0.855952
0.844014
0.828072
0.809838
0.791586
0.775478
0.763045
0.755201
0.751994
0.752552
0.75531
0.758397
0.760558
0.761311
0.761011
0.760432
0.760734
0.763533
0.770184
0.78144
0.796647
0.81424
0.831678
0.84662
0.857684
0.864367
0.866825
0.8656
0.861328
0.854473
0.845297
0.834367
0.822346
0.810359
0.799661
0.791254
0.785474
0.782179
0.780471
0.779531
0.778447
0.7766
0.773807
0.770142
0.766046
0.7622
0.759507
0.758755
0.760681
0.765499
0.772793
0.781833
0.791379
0.800269
0.807373
0.811797
0.812929
0.810551
0.804895
0.796593
0.786916
0.777698
0.770877
0.768049
0.769734
0.77534
0.783668
0.793688
0.804901
0.816926
0.829189
0.84069
0.850179
0.856726
0.859619
0.858841
0.854486
0.84677
0.836013
0.822692
0.807612
0.791817
0.776736
0.763889
0.754587
0.749927
0.750588
0.756545
0.76688
0.779626
0.79207
0.801565
0.806017
0.804349
0.796551
0.783527
0.767015
0.749097
0.73214
0.718355
0.709581
0.707006
0.710949
0.720922
0.735837
0.754128
0.774434
0.795486
0.816352
0.836127
0.853937
0.86899
0.88029
0.887021
0.888626
0.884828
0.875527
0.860829
0.84121
0.818106
0.793883
0.771526
0.753913
0.743023
0.739428
0.742157
0.749161
0.757884
0.765961
0.771615
0.774073
0.77341
0.770453
0.766286
0.761991
0.758161
0.754965
0.752299
0.749951
0.748019
0.747063
0.748245
0.753216
0.763472
0.779562
0.800282
0.822775
0.843234
0.858391
0.866208
0.866285
0.859462
0.847679
0.83356
0.820495
0.811425
0.808407
0.812272
0.822266
0.836073
0.850469
0.862085
0.86846
0.868585
0.862827
0.852633
0.839994
0.826827
0.814555
0.803739
0.794151
0.785167
0.776471
0.768145
0.760975
0.755647
0.75258
0.751563
0.751977
0.753373
0.75553
0.758712
0.763541
0.770697
0.780279
0.791327
0.80226
0.811176
0.816922
0.819184
0.818417
0.815445
0.811278
0.806698
0.802235
0.798358
0.795381
0.793528
0.792802
0.79293
0.793536
0.794028
0.793879
0.792613
0.789915
0.785661
0.780314
0.774977
0.771246
0.770644
0.774071
0.781547
0.79239
0.80525
0.818399
0.829595
0.836629
0.837798
0.832669
0.822139
0.808186
0.793294
0.779708
0.769177
0.762912
0.761806
0.766174
0.775633
0.788951
0.803979
0.818205
0.829232
0.835656
0.837431
0.835657
0.831357
0.824974
0.816874
0.807664
0.798633
0.791183
0.786045
0.78299
0.780935
0.778516
0.775124
0.771141
0.767966
0.767344
0.77048
0.777762
0.788628
0.801741
0.815468
0.82804
0.838048
0.844675
0.847723
0.8477
0.845532
0.842142
0.838335
0.834553
0.830633
0.826265
0.820942
0.814518
0.807195
0.799299
0.790933
0.781503
0.77022
0.756561
0.740846
0.724674
0.71052
0.701099
0.698585
0.703903
0.716665
0.735118
0.75679
0.778997
0.799063
0.814897
0.825163
0.82934
0.828099
0.822935
0.815621
0.807601
0.799833
0.792867
0.787015
0.782435
0.77913
0.776802
0.775517
0.775808
0.778768
0.785507
0.796245
0.810191
0.825984
0.842475
0.858973
0.874955
0.889746
0.902147
0.91058
0.913409
0.909317
0.897906
0.880009
0.857359
0.832494
0.808127
0.786461
0.768593
0.754384
0.742715
0.732527
0.722988
0.713838
0.705475
0.698802
0.695036
0.695542
0.701081
0.711286
0.725036
0.740451
0.755793
0.769733
0.781898
0.792533
0.80246
0.81239
0.822126
0.830711
0.836596
0.838737
0.836852
0.831525
0.823754
0.814555
0.804974
0.795798
0.787934
0.782241
0.77944
0.779791
0.7831
0.7885
0.794864
0.801089
0.806129
0.80894
0.808518
0.80418
0.795686
0.783699
0.769999
0.757102
0.748063
0.745396
0.750278
0.762244
0.779448
0.799249
0.819023
0.836394
0.849595
0.857545
0.859958
0.857086
0.849793
0.839379
0.827484
0.815968
0.806816
0.801641
0.801231
0.805221
0.811934
0.819066
0.824365
0.826327
0.824586
0.819843
0.813527
0.807132
0.801682
0.797284
0.793375
0.789365
0.784863
0.779767
0.774083
0.767852
0.761174
0.754096
0.746796
0.739717
0.733577
0.729189
0.727438
0.729015
0.734184
0.742834
0.754356
0.767576
0.781038
0.793092
0.802263
0.807519
0.808659
0.806269
0.801497
0.79585
0.790765
0.787373
0.786252
0.787413
0.790482
0.794586
0.798737
0.80215
0.804067
0.804004
0.801641
0.797104
0.7911
0.784889
0.78012
0.778507
0.781359
0.788827
0.799767
0.812041
0.822929
0.830061
0.831886
0.828168
0.819816
0.808641
0.796856
0.78662
0.779535
0.776649
0.77811
0.783337
0.791007
0.799365
0.806734
0.81189
0.814294
0.814072
0.811666
0.807661
0.802378
0.795875
0.788111
0.779403
0.770533
0.763229
0.759646
0.761616
0.769712
0.782759
0.798315
0.813603
0.826003
0.833838
0.836227
0.833211
0.825736
0.815506
0.804731
0.795383
0.788592
0.784293
0.781496
0.77893
0.775829
0.77216
0.7689
0.767604
0.769637
0.775709
0.785214
0.796674
0.808041
0.817771
0.825002
0.829455
0.831302
0.830597
0.827109
0.820443
0.810273
0.79661
0.779939
0.761451
0.742943
0.726422
0.714104
0.707865
0.708836
0.7171
0.731529
0.750315
0.771308
0.792484
0.811778
0.827323
0.837413
0.841133
0.83848
0.830686
0.820009
0.80924
0.800554
0.794969
0.792566
0.793107
0.796642
0.803152
0.812099
0.822454
0.832894
0.842002
0.84862
0.85193
0.851682
0.848145
0.842006
0.83435
0.826009
0.817488
0.80909
0.800965
0.793476
0.787039
0.782096
0.779081
0.778127
0.779154
0.781924
0.785903
0.790268
0.793766
0.79523
0.793684
0.789013
0.781937
0.773741
0.765714
0.758599
0.752712
0.748187
0.745457
0.745325
0.748621
0.755496
0.764721
0.774213
0.781796
0.786444
0.788564
0.789749
0.792016
0.797181
0.805913
0.817947
0.831926
0.846267
0.859415
0.86997
0.876529
0.877944
0.873619
0.86379
0.849672
0.833319
0.817169
0.80321
0.792422
0.784681
0.779176
0.775123
0.772149
0.770341
0.770223
0.772142
0.776021
0.780921
0.785136
0.787065
0.785838
0.781948
0.776929
0.772645
0.770539
0.771362
0.775453
0.782155
0.790165
0.797974
0.804279
0.808466
0.810499
0.810806
0.80991
0.808166
0.805763
0.802892
0.799798
0.796734
0.79422
0.792889
0.793343
0.795933
0.800399
0.80571
0.810607
0.81381
0.814724
0.813276
0.80978
0.8045
0.797606
0.789138
0.779171
0.768334
0.757747
0.748869
0.743105
0.741314
0.743581
0.749064
0.756818
0.765968
0.775967
0.786238
0.795954
0.803931
0.809083
0.810854
0.809789
0.807416
0.805716
0.806033
0.808891
0.813774
0.819728
0.826025
0.832264
0.838425
0.844389
0.849781
0.853592
0.854372
0.85054
0.840888
0.825046
0.803459
0.777542
0.74978
0.72344
0.70217
0.688935
0.685269
0.69065
0.702968
0.719202
0.736407
0.7522
0.765025
0.774168
0.779856
0.783194
0.78577
0.78953
0.796086
0.806396
0.820363
0.837141
0.855145
0.872552
0.887685
0.899072
0.905984
0.908121
0.905543
0.898448
0.886754
0.870631
0.850526
0.827538
0.803566
0.780671
0.760621
0.744271
0.731552
0.721902
0.715068
0.711419
0.711784
0.716656
0.7257
0.73743
0.749772
0.760714
0.768901
0.773984
0.776463
0.777362
0.777678
0.778536
0.78068
0.784817
0.791476
0.800621
0.811877
0.824388
0.837052
0.848392
0.856752
0.860502
0.858476
0.850566
0.837774
0.822189
0.806071
0.791729
0.780743
0.774309
0.773077
0.77691
0.784688
0.794462
0.804022
0.811476
0.815575
0.815936
0.813119
0.808114
0.801878
0.795023
0.787758
0.780755
0.774902
0.771208
0.770815
0.774584
0.783078
0.796105
0.812455
0.8301
0.846749
0.860496
0.86988
0.874045
0.872715
0.866067
0.855039
0.841019
0.825662
0.810981
0.798694
0.790057
0.785391
0.783724
0.783204
0.781365
0.776189
0.766576
0.752588
0.735566
0.717897
0.702664
0.693391
0.693074
0.703317
0.723516
0.75095
0.781468
0.810378
0.833663
0.848644
0.853876
0.849193
0.835844
0.816116
0.793184
0.770317
0.750224
0.734694
0.724504
0.71983
0.720678
0.727055
0.738688
0.75507
0.775105
0.797219
0.819522
0.839994
0.856767
0.868296
0.873513
0.871914
0.86365
0.849385
0.830436
0.808619
0.786283
0.765919
0.749653
0.739013
0.734355
0.734734
0.738556
0.744037
0.750116
0.756626
0.764386
0.774509
0.787863
0.804523
0.823277
0.841958
0.857891
0.868622
0.872839
0.870437
0.862352
0.85001
0.835142
0.819067
0.802942
0.787562
0.773778
0.762347
0.754028
0.749091
0.747152
0.747012
0.747837
0.749581
0.753478
0.761181
0.773791
0.790828
0.810116
0.828662
0.8435
0.85247
0.854662
0.850837
0.842507
0.831056
0.816726
0.799374
0.779884
0.760696
0.745144
0.736051
0.734761
0.740717
0.751537
0.764467
0.777
0.78723
0.794241
0.798033
0.799181
0.798554
0.796934
0.795231
0.794231
0.794534
0.796315
0.799286
0.80251
0.80509
0.806327
0.806057
0.80437
0.801171
0.796077
0.78913
0.780698
0.771839
0.764045
0.758737
0.756854
0.758446
0.762886
0.769109
0.776089
0.782813
0.788591
0.793238
0.796966
0.800403
0.804401
0.809528
0.815653
0.821985
0.827116
0.829427
0.827648
0.821341
0.811181
0.798606
0.785559
0.773881
0.765235
0.760966
0.762196
0.769778
0.783523
0.801712
0.821282
0.838859
0.851706
0.858444
0.858965
0.853691
0.843613
0.830044
0.814496
0.798499
0.783196
0.76931
0.757167
0.747155
0.740163
0.737242
0.739316
0.74681
0.759364
0.775774
0.794391
0.81336
0.830852
0.845211
0.855367
0.860846
0.861956
0.859561
0.854717
0.848333
0.840815
0.831957
0.821228
0.808282
0.793426
0.777765
0.763114
0.751762
0.745768
0.746146
0.752717
0.76397
0.777379
0.790306
0.800692
0.807623
0.811342
0.812608
0.81224
0.81041
0.806758
0.801114
0.793715
0.785347
0.777011
0.769537
0.763192
0.757554
0.752165
0.747486
0.745108
0.746568
0.751858
0.759678
0.768828
0.778969
0.790714
0.804409
0.819899
0.836225
0.851777
0.864857
0.874037
0.878201
0.876667
0.869346
0.856828
0.840544
0.82267
0.805771
0.792221
0.783686
0.780721
0.783118
0.790034
0.800261
0.812065
0.823049
0.830807
0.833585
0.830757
0.822573
0.810086
0.794566
0.777499
0.76032
0.744178
0.729749
0.717244
0.706758
0.698843
0.694538
0.695572
0.70367
0.719392
0.741135
0.765355
0.787948
0.805676
0.8169
0.82179
0.821656
0.818751
0.815585
0.814084
0.815315
0.819507
0.826119
0.834477
0.843722
0.852868
0.860905
0.86693
0.870442
0.871569
0.870756
0.868576
0.865494
0.8615
0.85635
0.849518
0.840802
0.830546
0.819091
0.806579
0.792837
0.777758
0.762179
0.747563
0.735899
0.728917
0.727567
0.731834
0.740667
0.75229
0.765079
0.777821
0.789833
0.800613
0.809389
0.815305
0.817694
0.816505
0.812576
0.807299
0.801889
0.797004
0.79262
0.788397
0.784054
0.779777
0.776151
0.773854
0.773205
0.774284
0.776994
0.781037
0.786356
0.792585
0.798539
0.801997
0.800546
0.792908
0.779644
0.762997
0.746182
0.732557
0.724756
0.724235
0.730985
0.743875
0.760753
0.779278
0.797222
0.8131
0.826304
0.837052
0.845955
0.853554
0.860268
0.866097
0.87102
0.87483
0.877246
0.877856
0.876162
0.87161
0.863656
0.85207
0.836862
0.818916
0.799739
0.781655
0.767019
0.75794
0.755138
0.758065
0.764714
0.772335
0.778034
0.779467
0.775467
0.766823
0.756053
0.746657
0.741462
0.74147
0.74613
0.754539
0.765917
0.779214
0.792978
0.805381
0.814835
0.820339
0.82175
0.819825
0.81569
0.810525
0.805536
0.801332
0.798192
0.796113
0.795008
0.794725
0.795339
0.796622
0.798413
0.80045
0.802572
0.804797
0.807034
0.80929
0.811155
0.812059
0.811424
0.808872
0.804558
0.799369
0.794755
0.791925
0.791371
0.792877
0.795627
0.798771
0.801718
0.804426
0.807212
0.810356
0.813633
0.816507
0.81817
0.817967
0.815659
0.811329
0.805782
0.800226
0.79598
0.794027
0.794631
0.797334
0.800795
0.803595
0.804388
0.802503
0.798054
0.791444
0.783586
0.775389
0.767708
0.761475
0.75759
0.756769
0.759195
0.764567
0.772083
0.780664
0.789
0.796084
0.801106
0.803679
0.803585
0.800799
0.795523
0.788086
0.779336
0.770602
0.763705
0.760441
0.761815
0.767789
0.777104
0.788035
0.799026
0.808815
0.81656
0.821915
0.824629
0.824554
0.821539
0.815645
0.807296
0.797447
0.787609
0.779599
0.775126
0.775346
0.78026
0.78867
0.798386
0.806817
0.811612
0.811243
0.805304
0.794546
0.780657
0.766112
0.7535
0.74506
0.741952
0.744285
0.751429
0.762484
0.776384
0.791807
0.807097
0.820464
0.830725
0.837137
0.839584
0.838178
0.833173
0.824952
0.814122
0.801692
0.789145
0.778175
0.770064
0.765501
0.76422
0.765086
0.766334
0.765977
0.762559
0.755615
0.745933
0.735103
0.725373
0.71886
0.717189
0.721139
0.730349
0.74367
0.759371
0.775393
0.789568
0.799858
0.804706
0.80344
0.796605
0.786477
0.776601
0.770166
0.768561
0.771007
0.775741
0.781103
0.786417
0.791483
0.7965
0.801902
0.808129
0.815631
0.824556
0.834856
0.846054
0.857183
0.867035
0.874126
0.87721
0.875425
0.868584
0.857261
0.842554
0.826053
0.809392
0.794444
0.782966
0.776248
0.774664
0.777449
0.782805
0.788875
0.79425
0.798297
0.800597
0.800749
0.798282
0.792793
0.784381
0.773824
0.762533
0.752203
0.744414
0.740352
0.740531
0.744634
0.751775
0.760793
0.770459
0.779869
0.788516
0.796306
0.803592
0.810906
0.818494
0.826089
0.832804
0.837448
0.838821
0.836266
0.829408
0.818156
0.802728
0.783892
0.763112
0.742757
0.725664
0.714707
0.712124
0.718808
0.73405
0.755605
0.780282
0.804759
0.826065
0.842155
0.851976
0.855254
0.852938
0.846515
0.838076
0.8295
0.822235
0.816712
0.812802
0.809994
0.808272
0.808156
0.810666
0.816745
0.826807
0.840144
0.855172
0.86955
0.880991
0.887394
0.88722
0.879577
0.864069
0.841252
0.812621
0.780934
0.749737
0.722879
0.703758
0.694241
0.694381
0.702483
0.715792
0.731215
0.746107
0.758393
0.766617
0.769924
0.76832
0.762633
0.754799
0.747562
0.743868
0.745896
0.754419
0.768742
0.78675
0.805641
0.822693
0.835625
0.842838
0.843741
0.838619
0.828522
0.815013
0.799959
0.785119
0.772033
0.761878
0.755464
0.753349
0.755959
0.763393
0.775371
0.791012
0.80872
0.826465
0.842489
0.855592
0.865696
0.87336
0.879011
0.882611
0.883655
0.881426
0.875628
0.866675
0.855673
0.844172
0.833913
0.82659
0.823289
0.823855
0.826725
0.829318
0.828952
0.823743
0.81291
0.796871
0.777231
0.75606
0.735421
0.716847
0.701149
0.68882
0.680172
0.675569
0.675179
0.678701
0.685291
0.694107
0.704533
0.716379
0.730014
0.745975
0.764232
0.783923
0.803243
0.820057
0.83249
0.83954
0.8415
0.839761
0.836443
0.833462
0.832247
0.833122
0.835434
0.837663
0.838344
0.836402
0.831372
0.823556
0.813998
0.804305
0.796071
0.790807
0.78938
0.791905
0.797761
0.80564
0.813962
0.821
0.825293
0.825784
0.821833
0.81343
0.801135
0.786127
0.770038
0.754672
0.741523
0.731581
0.725418
0.723203
0.724776
0.729586
0.736878
0.746018
0.75674
0.769282
0.783904
0.800783
0.819633
0.839683
0.859575
0.87751
0.891822
0.901063
0.904197
0.900835
0.891142
0.875854
0.856226
0.833882
0.810662
0.788255
0.76803
0.750608
0.736256
0.724845
0.716026
0.709641
0.705567
0.704139
0.705824
0.711335
0.721164
0.735064
0.751999
0.770201
0.787579
0.80258
0.814448
0.823166
0.82936
0.833534
0.836258
0.838137
0.839668
0.841379
0.843443
0.845558
0.846987
0.846725
0.843909
0.83798
0.829037
0.817967
0.806505
0.796799
0.790803
0.789587
0.792844
0.798979
0.805683
0.810694
0.812616
0.810861
0.805896
0.798733
0.790625
0.782483
0.774549
0.766343
0.757402
0.747455
0.736928
0.726685
0.717693
0.710982
0.707644
0.708825
0.71576
0.729156
0.748492
0.771709
0.795804
0.817506
0.834476
0.845358
0.850164
0.849741
0.845441
0.839022
0.832525
0.827722
0.825668
0.826343
0.828996
0.8323
0.834937
0.835591
0.833374
0.828176
0.820747
0.812118
0.803538
0.795867
0.78962
0.785346
0.783616
0.784805
0.788561
0.793585
0.798215
0.800768
0.800291
0.796477
0.789643
0.780653
0.771014
0.762317
0.75616
0.753951
0.756316
0.762709
0.771787
0.782082
0.792543
0.803104
0.814214
0.826123
0.838349
0.849855
0.859239
0.865396
0.86797
0.86735
0.864235
0.859496
0.853475
0.846255
0.837836
0.827977
0.816349
0.802809
0.787663
0.771939
0.757434
0.746335
0.740385
0.740283
0.745547
0.754903
0.766527
0.778619
0.789508
0.797963
0.803191
0.804861
0.803388
0.799446
0.794156
0.788634
0.783968
0.781073
0.780666
0.783245
0.788969
0.797607
0.808284
0.819704
0.830309
0.838532
0.843135
0.843535
0.840084
0.833805
0.826301
0.819137
0.813369
0.809352
0.80652
0.803805
0.799867
0.793466
0.783735
0.770474
0.754526
0.737764
0.722992
0.713483
0.711928
0.719604
0.735813
0.758104
0.783187
0.807523
0.828341
0.843652
0.852492
0.854726
0.850725
0.841276
0.827546
0.810835
0.792858
0.775652
0.761522
0.752582
0.750183
0.754753
0.765689
0.781383
0.799328
0.816552
0.830021
0.837498
0.837933
0.831919
0.8213
0.808779
0.797324
0.78932
0.786073
0.787682
0.793316
0.801566
0.81095
0.820136
0.82793
0.833371
0.835687
0.834383
0.829255
0.820745
0.809985
0.798831
0.789586
0.784238
0.784131
0.788883
0.796828
0.805
0.810468
0.811137
0.806292
0.797033
0.785937
0.776232
0.770824
0.770977
0.775997
0.783434
0.790338
0.79439
0.794554
0.791189
0.785478
0.778935
0.772742
0.767566
0.763683
0.76123
0.760305
0.761146
0.763748
0.767914
0.77275
0.776796
0.77864
0.777055
0.771731
0.763059
0.751976
0.739649
0.727182
0.715704
0.70652
0.700897
0.699946
0.704064
0.712784
0.725027
0.739436
0.754557
0.769303
0.783119
0.796108
0.808704
0.821743
0.835343
0.849045
0.862029
0.873351
0.882068
0.887403
0.888713
0.885475
0.877531
0.865341
0.850192
0.834061
0.819112
0.807084
0.79889
0.794527
0.793493
0.794964
0.798181
0.802589
0.807835
0.813279
0.818157
0.821192
0.821268
0.817757
0.810961
0.802083
0.792584
0.783345
0.774557
0.766313
0.759364
0.755178
0.755704
0.762328
0.775316
0.793332
0.813729
0.833315
0.849034
0.858508
0.860397
0.854619
0.84216
0.825072
0.80629
0.788955
0.775842
0.768315
0.766057
0.76758
0.771003
0.774546
0.77688
0.777362
0.775877
0.772974
0.769732
0.767315
0.766456
0.76764
0.771036
0.77681
0.784978
0.795498
0.807788
0.820942
0.833796
0.8451
0.85405
0.859903
0.862336
0.861439
0.857545
0.851269
0.843462
0.834794
0.825659
0.816254
0.806733
0.797466
0.788862
0.781443
0.775293
0.770161
0.765539
0.76113
0.757076
0.753924
0.752359
0.752715
0.754744
0.757573
0.760169
0.761587
0.761451
0.759933
0.757828
0.756314
0.756686
0.760058
0.766858
0.776726
0.788431
0.80032
0.810812
0.818806
0.823974
0.826513
0.826915
0.825471
0.822239
0.817159
0.810405
0.802661
0.794938
0.788549
0.784595
0.783814
0.786321
0.791518
0.798151
0.804651
0.809309
0.811117
0.809707
0.805753
0.800669
0.796225
0.793903
0.794683
0.798639
0.805131
0.813011
0.820989
0.82821
0.833972
0.837787
0.839089
0.837153
0.831352
0.821375
0.807472
0.790803
0.773321
0.757703
0.746526
0.741527
0.743172
0.750532
0.761457
0.773388
0.783975
0.791543
0.795128
0.7947
0.790905
0.785142
0.778956
0.773954
0.77134
0.771262
0.773164
0.776244
0.779742
0.783377
0.787351
0.791964
0.797539
0.803878
0.810431
0.816048
0.819525
0.819772
0.816414
0.80993
0.801755
0.793796
0.788037
0.785879
0.787817
0.793071
0.79974
0.805389
0.807789
0.805398
0.798101
0.787102
0.774667
0.763307
0.755041
0.750637
0.74963
0.75097
0.754113
0.759445
0.768179
0.781163
0.798241
0.818078
0.838542
0.857222
0.872223
0.882719
0.888978
0.891875
0.892572
0.892143
0.891224
0.890065
0.888649
0.886454
0.882861
0.877362
0.869911
0.860725
0.850086
0.837974
0.823959
0.807674
0.789228
0.769637
0.750447
0.733414
0.719907
0.710537
0.704945
0.701976
0.70005
0.697832
0.694549
0.690113
0.685038
0.6801
0.675911
0.672855
0.671078
0.670923
0.673391
0.680109
0.692569
0.71128
0.734949
0.760978
0.786421
0.808944
0.827044
0.840188
0.848449
0.852456
0.85302
0.850998
0.84749
0.843434
0.839656
0.836815
0.834945
0.833858
0.833061
0.832221
0.831141
0.829708
0.827919
0.825934
0.823944
0.822592
0.822798
0.825567
0.83151
0.84017
0.849766
0.857708
0.861596
0.859905
0.852374
0.84012
0.824932
0.809064
0.794631
0.783261
0.775798
0.772164
0.771572
0.772667
0.774096
0.774592
0.773705
0.771817
0.770114
0.770304
0.773891
0.781725
0.793813
0.80947
0.827754
0.847377
0.866841
0.884384
0.898012
0.905803
0.90621
0.89846
0.882589
0.859787
0.831995
0.801993
0.772467
0.745994
0.724366
0.708672
0.699206
0.695528
0.696737
0.701406
0.708393
0.717117
0.727759
0.740712
0.75603
0.772643
0.78899
0.80366
0.816011
0.826014
0.83382
0.839318
0.842252
0.842531
0.840455
0.836636
0.831391
0.824473
0.815506
0.80426
0.791255
0.777821
0.765916
0.757438
0.753693
0.755068
0.760935
0.769991
0.780659
0.791542
0.801649
0.81039
0.817869
0.824487
0.830875
0.837661
0.845104
0.853012
0.860629
0.866727
0.870044
0.869484
0.864288
0.854535
0.841016
0.825168
0.808697
0.793442
0.781043
0.772752
0.768993
0.769314
0.772576
0.7774
0.782434
0.786695
0.789232
0.789371
0.786745
0.781341
0.773835
0.765542
0.75812
0.753184
0.751662
0.753331
0.756775
0.760193
0.76229
0.763034
0.763428
0.76473
0.767887
0.772938
0.779079
0.785017
0.789502
0.791684
0.791242
0.788409
0.78389
0.778619
0.773588
0.7694
0.766531
0.765524
0.767092
0.772099
0.780922
0.793236
0.808016
0.823628
0.838351
0.850367
0.858175
0.86096
0.858813
0.852873
0.845042
0.837263
0.830979
0.826432
0.822907
0.81901
0.813417
0.805725
0.796406
0.786969
0.779343
0.775267
0.775295
0.778356
0.782224
0.784515
0.783562
0.7791
0.771923
0.76399
0.75747
0.754304
0.755498
0.760978
0.769639
0.78
0.790478
0.799787
0.806954
0.811175
0.812152
0.810107
0.80649
0.803272
0.802578
0.805807
0.813215
0.823871
0.836166
0.848459
0.859357
0.867842
0.872962
0.874227
0.871328
0.864783
0.855874
0.846315
0.837322
0.828905
0.819578
0.807209
0.790514
0.769583
0.745967
0.722034
0.700635
0.684335
0.674758
0.672414
0.676452
0.68498
0.69579
0.707062
0.717878
0.728161
0.738474
0.749401
0.761587
0.775283
0.790298
0.806365
0.822861
0.839022
0.854161
0.86762
0.878739
0.887135
0.892199
0.893741
0.891886
0.887155
0.880527
0.873054
0.86559
0.858573
0.851904
0.845251
0.838205
0.830345
0.821299
0.811095
0.800079
0.788708
0.777407
0.766113
0.754634
0.743076
0.732352
0.723628
0.718251
0.717089
0.720567
0.728667
0.741092
0.757157
0.775601
0.794658
0.811924
0.825297
0.832925
0.833949
0.828441
0.817569
0.8035
0.789408
0.778675
0.77397
0.776287
0.784825
0.797335
0.811034
0.823407
0.832903
0.838806
0.84101
0.839829
0.835702
0.828931
0.819667
0.808107
0.794446
0.779331
0.763983
0.74977
0.73836
0.731135
0.72895
0.73171
0.738536
0.747939
0.758461
0.769014
0.779083
0.788502
0.797144
0.804684
0.810523
0.814106
0.815055
0.813532
0.810242
0.806054
0.80202
0.799239
0.798765
0.801355
0.80707
0.815223
0.824361
0.832724
0.838661
0.841191
0.839762
0.834409
0.8258
0.814895
0.802972
0.791546
0.78198
0.775295
0.771822
0.77125
0.772766
0.775703
0.779621
0.784699
0.791268
0.799467
0.808516
0.816807
0.822441
0.823724
0.819558
0.809558
0.794024
0.774263
0.752596
0.732615
0.71831
0.712952
0.717773
0.731766
0.752221
0.776347
0.801693
0.826205
0.848262
0.866382
0.879232
0.885793
0.885775
0.879856
0.869568
0.857271
0.845368
0.835958
0.830451
0.829066
0.831356
0.83619
0.841999
0.847028
0.849712
0.848822
0.843645
0.834143
0.821045
0.805748
0.790353
0.777138
0.767856
0.76293
0.761107
0.759958
0.757155
0.751564
0.743439
0.734335
0.726333
0.721367
0.720713
0.724801
0.733481
0.746237
0.762461
0.78109
0.800583
0.818767
0.83349
0.84305
0.846633
0.844398
0.837533
0.828004
0.818035
0.809432
0.803373
0.800317
0.80065
0.804743
0.812852
0.824259
0.837274
0.849225
0.857001
0.857781
0.849761
0.832888
0.809243
0.782545
0.757325
0.737576
0.725933
0.723164
0.728462
0.739683
0.754551
0.770997
0.787305
0.802223
0.814605
0.823613
0.828626
0.829598
0.827203
0.822526
0.816978
0.81235
0.810294
0.812192
0.818429
0.828366
0.84028
0.852078
0.861333
0.865949
0.864391
0.856111
0.841664
0.822661
0.801662
0.781632
0.765152
0.754134
0.749613
0.75154
0.759114
0.770961
0.784952
0.79843
0.808674
0.813232
0.811013
0.802971
0.792108
0.782846
0.778591
0.779654
0.783492
0.786857
0.787979
0.786851
0.784611
0.782663
0.782023
0.783297
0.786713
0.792314
0.799604
0.807471
0.814307
0.818706
0.820058
0.818422
0.814551
0.809246
0.803221
0.796885
0.790587
0.784538
0.778644
0.772735
0.766943
0.761747
0.758182
0.75731
0.759133
0.762647
0.766494
0.769946
0.773454
0.777861
0.78359
0.790354
0.797432
0.80416
0.810438
0.816363
0.822221
0.827961
0.833303
0.837805
0.840863
0.841748
0.839705
0.834248
0.8254
0.813967
0.801464
0.789912
0.781147
0.77649
0.776238
0.779722
0.785255
0.790376
0.792728
0.79075
0.784478
0.7753
0.765754
0.758726
0.756714
0.761363
0.772954
0.790324
0.811203
0.832502
0.851045
0.864123
0.869631
0.866432
0.854484
0.834773
0.809306
0.780973
0.753334
0.730062
0.714252
0.707682
0.710821
0.722702
0.741373
0.764243
0.788319
0.810996
0.830027
0.843821
0.851262
0.851765
0.845237
0.831913
0.812736
0.789344
0.764547
0.74203
0.725785
0.718563
0.720587
0.730122
0.744913
0.763064
0.783096
0.803824
0.824257
0.843438
0.860365
0.874057
0.883852
0.889465
0.890704
0.887439
0.879467
0.866766
0.849986
0.830309
0.80982
0.791086
0.776487
0.767546
0.764474
0.766677
0.773092
0.78255
0.793799
0.805436
0.815636
0.822547
0.82453
0.820843
0.811752
0.798836
0.784489
0.771001
0.760248
0.753164
0.749753
0.749548
0.751815
0.755897
0.761418
0.767794
0.774427
0.780657
0.785851
0.78956
0.791767
0.793098
0.794956
0.798746
0.804997
0.812743
0.819966
0.824573
0.824935
0.820485
0.81174
0.800332
0.788387
0.778143
0.771543
0.769805
0.773135
0.780878
0.7916
0.803799
0.816031
0.826964
0.835386
0.840237
0.8407
0.836561
0.827863
0.815073
0.799058
0.781271
0.76424
0.751045
0.744706
0.747
0.75769
0.774589
0.794404
0.813536
0.829
0.838911
0.842566
0.840546
0.834567
0.826776
0.819183
0.812831
0.807794
0.803605
0.79959
0.795296
0.790369
0.784872
0.779421
0.775222
0.773695
0.775683
0.781037
0.789014
0.798685
0.80938
0.820545
0.831577
0.841523
0.849308
0.8538
0.854042
0.849568
0.840649
0.828274
0.814103
0.800057
0.787553
0.777019
0.768133
0.760053
0.752644
0.746664
0.743856
0.74571
0.752628
0.763143
0.774704
0.784962
0.792285
0.79623
0.797871
0.799272
0.802634
0.808585
0.815806
0.822261
0.826421
0.827998
0.827332
0.824885
0.821012
0.81598
0.810209
0.804451
0.799419
0.795776
0.793925
0.794003
0.795776
0.79875
0.801925
0.803884
0.803364
0.799642
0.793209
0.785894
0.780083
0.778049
0.780967
0.788428
0.798306
0.807426
0.813087
0.814667
0.813655
0.812568
0.812646
0.813385
0.812934
0.80999
0.804677
0.798702
0.794228
0.793129
0.795949
0.802429
0.811845
0.823051
0.834121
0.842817
0.847283
0.847022
0.843065
0.837167
0.831074
0.826135
0.823011
0.821852
0.822078
0.822435
0.821175
0.816771
0.808385
0.795995
0.780706
0.764118
0.748115
0.734393
0.72404
0.717503
0.714446
0.714276
0.71645
0.720758
0.726961
0.734605
0.743056
0.751722
0.760401
0.769264
0.778911
0.790217
0.804483
0.822648
0.844216
0.866621
0.886032
0.899378
0.90521
0.903961
0.896828
0.885134
0.869954
0.852305
0.833389
0.814617
0.797636
0.784137
0.77559
0.773212
0.777432
0.78765
0.801921
0.817124
0.829862
0.837618
0.839523
0.836021
0.828237
0.817433
0.804585
0.790745
0.77736
0.766181
0.758734
0.755862
0.757248
0.761622
0.766763
0.770679
0.77184
0.770307
0.767786
0.766931
0.769645
0.776051
0.784611
0.793084
0.799495
0.802816
0.803034
0.800699
0.797052
0.793348
0.790805
0.790185
0.791425
0.793377
0.794257
0.792026
0.785387
0.774033
0.759144
0.742889
0.727977
0.716821
0.711043
0.711273
0.717119
0.727646
0.741622
0.757591
0.77398
0.789217
0.801893
0.810929
0.815868
0.816995
0.815182
0.811944
0.808791
0.806878
0.806491
0.806964
0.807522
0.807866
0.808916
0.812511
0.820435
0.833319
0.849698
0.866722
0.881055
0.890063
0.892307
0.887898
0.878143
0.865146
0.851225
0.83853
0.828474
0.821485
0.817142
0.814344
0.811714
0.807794
0.801434
0.792129
0.780321
0.767373
0.755331
0.745864
0.739651
0.736201
0.734633
0.733972
0.733829
0.734215
0.73557
0.738498
0.743677
0.751492
0.761739
0.773562
0.78527
0.794667
0.799459
0.798284
0.791754
0.782726
0.775194
0.772028
0.773562
0.778675
0.786092
0.795133
0.805168
0.815271
0.824213
0.830662
0.833536
0.832414
0.827564
0.819772
0.810459
0.801216
0.793556
0.78863
0.787077
0.789098
0.794459
0.802678
0.812647
0.822716
0.830827
0.835338
0.835046
0.829713
0.819846
0.806464
0.791226
0.775772
0.761913
0.751369
0.745668
0.745805
0.752021
0.763624
0.778986
0.795861
0.811887
0.824837
0.832923
0.834901
0.830393
0.820339
0.807482
0.795921
0.789488
0.789608
0.794975
0.803005
0.811787
0.820463
0.828693
0.835734
0.840158
0.839954
0.833515
0.820695
0.803181
0.784251
0.767742
0.756588
0.752465
0.755567
0.764906
0.778497
0.793731
0.807833
0.818355
0.823744
0.823418
0.817581
0.807255
0.793961
0.779296
0.764921
0.752396
0.743076
0.73804
0.737829
0.742625
0.752228
0.766158
0.783326
0.802027
0.820468
0.837049
0.850599
0.860497
0.866456
0.86868
0.867322
0.862552
0.854483
0.843287
0.829874
0.815586
0.80217
0.791395
0.784314
0.781097
0.781177
0.783835
0.788574
0.794944
0.80248
0.810298
0.817193
0.821787
0.823189
0.82094
0.815099
0.806356
0.795766
0.784427
0.77329
0.763041
0.754202
0.747415
0.743179
0.741804
0.743254
0.747309
0.753563
0.761459
0.77049
0.779822
0.788743
0.796595
0.802597
0.806114
0.80616
0.802042
0.793477
0.780995
0.766319
0.752284
0.742208
0.738952
0.74382
0.755889
0.77231
0.789259
0.803284
0.812239
0.815661
0.814534
0.810669
0.806198
0.803052
0.802658
0.805705
0.812009
0.820526
0.829482
0.836801
0.840751
0.840404
0.835931
0.828467
0.819345
0.809953
0.801237
0.793869
0.788463
0.785374
0.784889
0.786992
0.791001
0.795644
0.799336
0.800406
0.797443
0.789625
0.777047
0.760989
0.74415
0.730125
0.722342
0.722623
0.73064
0.744217
0.760502
0.776929
0.79189
0.804982
0.81666
0.827455
0.837343
0.845895
0.85219
0.855527
0.85577
0.853595
0.850273
0.847048
0.844476
0.84183
0.837414
0.829362
0.816525
0.799044
0.77852
0.757759
0.740345
0.729774
0.728029
0.734894
0.747929
0.763528
0.777942
0.78826
0.792774
0.791101
0.784491
0.775616
0.76732
0.761416
0.758475
0.758221
0.76013
0.763279
0.76684
0.769937
0.772206
0.77374
0.775233
0.778041
0.783694
0.79356
0.807755
0.825023
0.843271
0.859892
0.872729
0.880053
0.880959
0.875252
0.86319
0.845937
0.82545
0.804248
0.785311
0.771253
0.763748
0.763313
0.769384
0.780558
0.795026
0.810516
0.824632
0.835261
0.840985
0.841406
0.837411
0.830743
0.823258
0.816179
0.810109
0.805388
0.802047
0.799962
0.798611
0.797421
0.796048
0.794581
0.79351
0.793325
0.794293
0.796254
0.798631
0.800633
0.80146
0.800643
0.797902
0.793281
0.787081
0.779723
0.771472
0.762245
0.75179
0.740162
0.728047
0.717176
0.709943
0.708563
0.714229
0.726677
0.744546
0.765719
0.787937
0.808904
0.826335
0.838311
0.843801
0.84293
0.836813
0.827282
0.816354
0.805674
0.796207
0.788402
0.782344
0.777988
0.775561
0.775287
0.777549
0.782257
0.788906
0.796615
0.804154
0.81033
0.814267
0.81544
0.813786
0.809885
0.804888
0.800414
0.798157
0.799243
0.803637
0.810102
0.816768
0.821877
0.82459
0.824761
0.822998
0.819958
0.816342
0.812983
0.811064
0.811859
0.816085
0.82332
0.831985
0.839694
0.844012
0.843317
0.837148
0.82629
0.812455
0.79811
0.785634
0.776682
0.771678
0.769928
0.770301
0.771585
0.772901
0.773595
0.773206
0.771516
0.768463
0.764134
0.758878
0.753505
0.749033
0.746825
0.748128
0.753984
0.764825
0.780118
0.798257
0.816911
0.833483
0.845782
0.852659
0.854156
0.851004
0.844187
0.834293
0.821462
0.806044
0.788964
0.771603
0.755954
0.743997
0.737097
0.735984
0.740926
0.751902
0.768783
0.790906
0.816613
0.843114
0.867225
0.886194
0.898158
0.902253
0.898448
0.887348
0.869934
0.847637
0.822275
0.796276
0.772275
0.753066
0.741061
0.737715
0.743186
0.756079
0.773648
0.79248
0.809
0.820602
0.826181
0.825749
0.820208
0.810725
0.79862
0.785439
0.77278
0.761887
0.753806
0.749183
0.748283
0.750768
0.755868
0.762097
0.767399
0.769795
0.768098
0.762509
0.754747
0.747648
0.744454
0.747905
0.759574
0.778936
0.80317
0.828136
0.850097
0.86672
0.877056
0.881159
0.879433
0.872617
0.861169
0.845892
0.827944
0.809408
0.79299
0.78079
0.773332
0.769089
0.765577
0.760811
0.754238
0.746978
0.740946
0.738027
0.739192
0.744036
0.751108
0.758418
0.764332
0.768244
0.77081
0.773627
0.778706
0.787561
0.800625
0.816873
0.834185
0.849959
0.861873
0.868405
0.868989
0.863847
0.853809
0.84021
0.824785
0.809468
0.796183
0.78649
0.781357
0.780853
0.78424
0.790054
0.796838
0.803351
0.809
0.813555
0.816856
0.818569
0.817939
0.814158
0.806365
0.794288
0.778655
0.761401
0.745783
0.735868
0.735108
0.744841
0.763548
0.787344
0.811551
0.831933
0.845645
0.851139
0.848297
0.838092
0.822408
0.804009
0.786058
0.771743
0.763481
0.762485
0.76876
0.781201
0.798008
0.816722
0.834886
0.850195
0.860746
0.865177
0.86285
0.853785
0.83871
0.819091
0.796782
0.774071
0.753444
0.737313
0.727634
0.725325
0.730343
0.741384
0.755856
0.7706
0.782323
0.788564
0.788204
0.781443
0.769359
0.753711
0.736766
0.721229
0.709953
0.705727
0.710583
0.725313
0.7488
0.778252
0.809853
0.839725
0.864583
0.882241
0.891758
0.893232
0.887861
0.877464
0.864202
0.850214
0.836956
0.825111
0.814448
0.804361
0.7943
0.784129
0.774197
0.765217
0.758005
0.753466
0.752484
0.755528
0.762905
0.773999
0.787394
0.801121
0.813315
0.822586
0.828253
0.830444
0.829883
0.827875
0.825576
0.823991
0.823196
0.822432
0.82055
0.816444
0.809419
0.799504
0.787162
0.773373
0.759477
0.747044
0.737307
0.730891
0.727549
0.727092
0.730115
0.737765
0.750677
0.768177
0.788522
0.809653
0.829843
0.847652
0.862063
0.872381
0.87847
0.880509
0.878744
0.873542
0.865373
0.854891
0.842782
0.82996
0.817162
0.804985
0.7942
0.785681
0.780517
0.779568
0.782836
0.789516
0.797944
0.805815
0.810733
0.810806
0.80508
0.793921
0.779003
0.762782
0.747918
0.73665
0.730267
0.728645
0.73069
0.734748
0.739505
0.744322
0.749178
0.754516
0.761279
0.770354
0.782659
0.798309
0.816282
0.834601
0.850821
0.862891
0.869244
0.868936
0.86179
0.848356
0.830317
0.810141
0.790961
0.775816
0.767303
0.766976
0.774884
0.78946
0.807573
0.825459
0.839474
0.84679
0.846098
0.837781
0.823825
0.8073
0.791558
0.779426
0.772527
0.771253
0.775131
0.782961
0.793191
0.804226
0.814606
0.823155
0.829229
0.832693
0.83379
0.832907
0.830377
0.82662
0.822116
0.81729
0.812572
0.808151
0.803892
0.799146
0.792793
0.783624
0.771091
0.755689
0.739023
0.722918
0.708597
0.696648
0.687826
0.683118
0.68379
0.690574
0.703518
0.721885
0.744266
0.768949
0.794383
0.819137
0.842274
0.863063
0.880665
0.893832
0.901229
0.902129
0.896519
0.885244
0.869702
0.85166
0.832894
0.815429
0.801177
0.791556
0.786896
0.786036
0.786864
0.78707
0.785055
0.780407
0.773872
0.767101
0.761771
0.759254
0.760175
0.764175
0.770239
0.776903
0.782996
0.78768
0.790946
0.793224
0.79517
0.797335
0.800117
0.803485
0.806944
0.809862
0.81151
0.811404
0.80931
0.805603
0.801301
0.798047
0.797466
0.800307
0.806016
0.813335
0.820844
0.827343
0.832008
0.8341
0.833425
0.830253
0.825547
0.820581
0.816582
0.814461
0.814533
0.816719
0.820486
0.825103
0.829882
0.8341
0.836987
0.837611
0.835014
0.828476
0.818035
0.8045
0.789267
0.773631
0.758518
0.744163
0.730689
0.718376
0.708082
0.701192
0.699205
0.702963
0.71237
0.726472
0.743735
0.762677
0.781981
0.80034
0.81643
0.828879
0.836751
0.839677
0.838461
0.834886
0.831063
0.828166
0.825999
0.823815
0.821341
0.819214
0.81853
0.820373
0.82483
0.831114
0.837858
0.843486
0.846955
0.847813
0.846532
0.843666
0.839903
0.835477
0.830375
0.824079
0.816269
0.806731
0.795617
0.783481
0.770941
0.758628
0.746925
0.736229
0.72668
0.718488
0.71172
0.706352
0.702409
0.699794
0.698491
0.698519
0.700026
0.703098
0.707817
0.714198
0.72216
0.731466
0.741665
0.75214
0.762362
0.77229
0.782205
0.792694
0.804154
0.816497
0.829037
0.840628
0.850086
0.856455
0.859683
0.860243
0.858711
0.855192
0.849347
0.841015
0.831081
0.821503
0.814646
0.812392
0.815424
0.822949
0.833005
0.843126
0.851032
0.855458
0.856027
0.853325
0.848346
0.841818
0.834144
0.825192
0.814826
0.803482
0.792594
0.784385
0.781049
0.783712
0.791605
0.802565
0.814006
0.823717
0.830074
0.832169
0.830037
0.82473
0.818152
0.812526
0.809187
0.808049
0.807535
0.805295
0.799295
0.788593
0.773474
0.755504
0.737341
0.721773
0.711061
0.70658
0.708814
0.717417
0.731261
0.748694
0.767705
0.786155
0.802284
0.814867
0.823335
0.827817
0.828782
0.826824
0.822409
0.816236
0.808981
0.801591
0.794934
0.789981
0.787632
0.788869
0.794587
0.805233
0.820518
0.839353
0.859618
0.878735
0.894218
0.904024
0.907125
0.903467
0.893799
0.879609
0.862658
0.844709
0.827137
0.810637
0.795391
0.780937
0.766584
0.752229
0.738799
0.728578
0.724359
0.728128
0.739417
0.755351
0.771804
0.785118
0.793423
0.796718
0.796586
0.794925
0.793043
0.791152
0.788875
0.785394
0.780301
0.773905
0.767381
0.762467
0.760825
0.763544
0.770649
0.781153
0.793768
0.806699
0.818048
0.825984
0.828924
0.825919
0.816828
0.802571
0.78487
0.766198
0.749376
0.737517
0.733189
0.737609
0.750256
0.769211
0.791869
0.815323
0.83708
0.855109
0.868153
0.875575
0.877054
0.872522
0.862493
0.847952
0.830438
0.81192
0.794591
0.780436
0.770949
0.766538
0.766751
0.770689
0.776914
0.784041
0.790754
0.795995
0.799454
0.8017
0.803594
0.805957
0.80899
0.812333
0.815136
0.816978
0.818009
0.819191
0.821774
0.826378
0.83223
0.83711
0.838389
0.834249
0.824616
0.81108
0.795891
0.781
0.767827
0.757224
0.749911
0.745879
0.744649
0.745228
0.746414
0.747479
0.748156
0.74881
0.749775
0.751732
0.755271
0.760835
0.76851
0.777918
0.78825
0.798513
0.807988
0.816212
0.823039
0.828607
0.832957
0.836222
0.838378
0.839374
0.839174
0.837734
0.835084
0.831283
0.826605
0.821437
0.816187
0.811161
0.806569
0.802508
0.799073
0.796485
0.794885
0.794441
0.795072
0.796699
0.799011
0.80143
0.802819
0.801725
0.796846
0.78764
0.774436
0.758631
0.742065
0.726629
0.713762
0.704543
0.699801
0.700507
0.707585
0.721551
0.742102
0.767891
0.796703
0.825609
0.851262
0.870613
0.881277
0.88213
0.87353
0.85709
0.835245
0.810803
0.786738
0.765709
0.749963
0.741133
0.74004
0.746379
0.758749
0.775037
0.792973
0.810891
0.827906
0.843604
0.857656
0.869301
0.877194
0.879905
0.87607
0.864993
0.847026
0.82333
0.795872
0.767025
0.739283
0.715123
0.697004
0.68712
0.686977
0.696948
0.715933
0.741749
0.771744
0.803158
0.833169
0.859094
0.878567
0.889978
0.892654
0.887042
0.874729
0.858143
0.840217
0.823828
0.811114
0.803194
0.800143
0.801242
0.805547
0.81184
0.819087
0.826173
0.831914
0.834844
0.833739
0.827501
0.81595
0.799514
0.779754
0.758641
0.738452
0.720929
0.707352
0.698365
0.694254
0.694989
0.700696
0.711296
0.726296
0.744568
0.764045
0.782083
0.795874
0.803265
0.803226
0.796247
0.784098
0.769588
0.75556
0.744683
0.738351
0.737011
0.739991
0.74578
0.752535
0.758805
0.763831
0.767719
0.77112
0.774763
0.779178
0.784119
0.789095
0.793577
0.797307
0.800123
0.802125
0.803314
0.803576
0.802989
0.801838
0.800716
0.8005
0.802267
0.807104
0.815868
0.828806
0.844687
0.86098
0.874698
0.883261
0.885322
0.8809
0.871106
0.857498
0.841857
0.825761
0.810779
0.797985
0.788016
0.780824
0.775976
0.773086
0.771771
0.771788
0.772606
0.773445
0.773417
0.772084
0.769631
0.767219
0.766231
0.767989
0.772863
0.780258
0.788682
0.796517
0.802168
0.804495
0.803136
0.798348
0.791389
0.783899
0.777371
0.773049
0.771648
0.773409
0.778226
0.785522
0.794377
0.803595
0.812047
0.819041
0.824425
0.828484
0.831438
0.833107
0.833191
0.831395
0.827608
0.822001
0.814992
0.807017
0.798631
0.790656
0.784384
0.78106
0.781367
0.785098
0.791214
0.798674
0.806969
0.815905
0.825576
0.835615
0.844917
0.851758
0.854556
0.852254
0.844749
0.833032
0.818668
0.803305
0.788281
0.77446
0.762717
0.753854
0.748088
0.744866
0.743348
0.742583
0.742263
0.742853
0.745513
0.751661
0.762169
0.776856
0.794376
0.812486
0.828735
0.840893
0.847325
0.846903
0.839032
0.823756
0.802038
0.775871
0.748824
0.7255
0.710718
0.707995
0.718262
0.739472
0.767384
0.797071
0.824402
0.846551
0.862106
0.870747
0.872628
0.86834
0.858623
0.844557
0.827623
0.809543
0.792077
0.776826
0.765086
0.757616
0.754501
0.75523
0.758915
0.764913
0.772654
0.781892
0.792149
0.802689
0.812349
0.819564
0.823032
0.821955
0.81648
0.80778
0.797778
0.788741
0.782619
0.780646
0.783363
0.790219
0.799973
0.811027
0.822261
0.833158
0.843173
0.851562
0.856986
0.857982
0.853651
0.843798
0.829163
0.811805
0.79484
0.781696
0.774348
0.772117
0.772518
0.773138
0.773174
0.773015
0.773407
0.774655
0.776666
0.779091
0.781604
0.783973
0.786033
0.787719
0.789056
0.790605
0.793452
0.798673
0.806626
0.816583
0.827086
0.836505
0.843915
0.848675
0.850446
0.848886
0.843406
0.83345
0.81894
0.800571
0.779906
0.759218
0.741208
0.7285
0.722926
0.724963
0.733532
0.746356
0.760576
0.77354
0.783378
0.789224
0.791254
0.790497
0.788444
0.786505
0.785797
0.78676
0.789549
0.793869
0.799431
0.80571
0.81191
0.816914
0.819413
0.818353
0.813599
0.805636
0.795563
0.784849
0.774956
0.76731
0.763127
0.763241
0.76794
0.776901
0.789179
0.803404
0.817746
0.83019
0.838938
0.842588
0.840263
0.831661
0.81687
0.796585
0.772273
0.746597
0.723102
0.705524
0.696633
0.697299
0.706351
0.721216
0.738828
0.756657
0.773034
0.787178
0.799183
0.809705
0.819589
0.829499
0.839905
0.851036
0.862723
0.874407
0.885021
0.892891
0.895994
0.892691
0.881916
0.863959
0.840293
0.813718
0.787652
0.76545
0.749676
0.741598
0.74101
0.746535
0.755995
0.766896
0.776959
0.784534
0.788667
0.789261
0.786813
0.782414
0.777298
0.772646
0.769416
0.768205
0.769307
0.772709
0.778397
0.786433
0.797121
0.810616
0.826407
0.843013
0.858323
0.869896
0.875961
0.875576
0.869049
0.857559
0.842861
0.826786
0.810618
0.795193
0.780858
0.767587
0.755479
0.744917
0.736507
0.730866
0.728228
0.728271
0.730443
0.733836
0.738088
0.743297
0.75025
0.759957
0.772713
0.787312
0.801415
0.812579
0.819159
0.820753
0.817949
0.811934
0.804184
0.796151
0.789255
0.784616
0.782797
0.783737
0.787032
0.791839
0.79733
0.802829
0.808055
0.81319
0.818892
0.826032
0.835137
0.845744
0.856376
0.86481
0.86893
0.867335
0.859759
0.846719
0.829428
0.809744
0.789926
0.772225
0.758233
0.74865
0.743407
0.742002
0.743866
0.748523
0.755578
0.764587
0.774706
0.784767
0.793295
0.798894
0.801025
0.800677
0.800004
0.801335
0.806211
0.814548
0.825146
0.83629
0.846223
0.853612
0.85746
0.857351
0.853354
0.845882
0.835924
0.824837
0.814216
0.805549
0.799718
0.796823
0.796324
0.796789
0.79651
0.793785
0.787487
0.777695
0.76568
0.753609
0.743864
0.738478
0.738525
0.744033
0.754356
0.768298
0.784364
0.800996
0.81671
0.830172
0.840539
0.84785
0.852984
0.857351
0.862073
0.867422
0.872565
0.87597
0.876118
0.871955
0.863175
0.850238
0.834065
0.815964
0.797527
0.780299
0.765483
0.753829
0.745382
0.740032
0.737586
0.738013
0.741243
0.746939
0.754317
0.762246
0.769473
0.775003
0.77847
0.78019
0.781352
0.783231
0.786581
0.791214
0.795911
0.798721
0.797581
0.790923
0.778061
0.759566
0.737432
0.71477
0.695244
0.682098
0.677445
0.682277
0.696446
0.718908
0.74793
0.780986
0.814818
0.846106
0.872116
0.8911
0.902665
0.907587
0.907187
0.903025
0.896635
0.889507
0.882823
0.877204
0.872603
0.868168
0.862544
0.854444
0.84326
0.829791
0.815841
0.803672
0.794788
0.789722
0.788023
0.788985
0.792087
0.797359
0.804791
0.814154
0.82457
0.834712
0.8427
0.846599
0.844697
0.836305
0.821875
0.803152
0.78273
0.763204
0.746707
0.735
0.729364
0.73048
0.738098
0.751279
0.76808
0.785954
0.802094
0.813955
0.820064
0.820046
0.814927
0.806552
0.797081
0.788403
0.781605
0.776967
0.774555
0.774243
0.776055
0.780025
0.78581
0.792592
0.799452
0.805858
0.811901
0.818062
0.824668
0.831342
0.837206
0.841082
0.842004
0.839685
0.834491
0.827473
0.819874
0.812834
0.806944
0.802073
0.797612
0.792729
0.7871
0.780945
0.775259
0.771063
0.769362
0.770618
0.774722
0.781117
0.788629
0.795713
0.800798
0.802292
0.799084
0.790277
0.775801
0.756664
0.735233
0.71522
0.700509
0.693981
0.696485
0.706889
0.723135
0.743105
0.765052
0.787621
0.809744
0.830523
0.849116
0.86473
0.876513
0.883446
0.884734
0.879968
0.869531
0.854522
0.837024
0.819521
0.804345
0.79301
0.786144
0.783457
0.784086
0.787191
0.792046
0.798283
0.805518
0.81303
0.819806
0.824673
0.826707
0.825507
0.821229
0.814523
0.80632
0.797493
0.788897
0.781243
0.77469
0.769066
0.76385
0.758697
0.75356
0.748687
0.74463
0.741826
0.740286
0.739644
0.739308
0.738909
0.738618
0.739174
0.741683
0.747031
0.755583
0.766959
0.780454
0.795253
0.810836
0.826918
0.843143
0.85899
0.873574
0.885733
0.894054
0.897259
0.894637
0.886466
0.873987
0.859035
0.843559
0.829353
0.81773
0.809112
0.802838
0.797496
0.791649
0.784269
0.77524
0.7651
0.755123
0.746758
0.741734
0.741474
0.746802
0.75727
0.77132
0.786685
0.801401
0.814118
0.824125
0.830905
0.834123
0.834062
0.831909
0.829849
0.829896
0.832655
0.8364
0.838318
0.836348
0.829957
0.819834
0.807454
0.794343
0.781718
0.770546
0.761164
0.753457
0.747164
0.742072
0.738375
0.736261
0.735809
0.736699
0.738549
0.741195
0.744582
0.748577
0.752664
0.756142
0.75871
0.760802
0.763235
0.76669
0.771119
0.775622
0.779057
0.780854
0.781371
0.781901
0.783328
0.785313
0.786586
0.785804
0.782616
0.778014
0.773936
0.772429
0.774889
0.781608
0.791676
0.803586
0.815332
0.825226
0.832137
0.835989
0.837828
0.839496
0.842379
0.846336
0.850058
0.852266
0.852831
0.852374
0.851705
0.851303
0.851137
0.851022
0.850663
0.849927
0.848708
0.847004
0.844495
0.840654
0.834354
0.824323
0.809715
0.790742
0.769289
0.7489
0.733669
0.72728
0.731693
0.746356
0.768538
0.794046
0.81831
0.837406
0.848593
0.850711
0.844298
0.831133
0.813834
0.795103
0.776965
0.760339
0.745184
0.731112
0.717903
0.706325
0.698199
0.696305
0.703254
0.719405
0.742053
0.766614
0.789211
0.808208
0.823346
0.834886
0.842788
0.847008
0.847882
0.846119
0.842609
0.83838
0.833981
0.829767
0.82581
0.822172
0.818944
0.816333
0.81447
0.81376
0.814595
0.81734
0.821923
0.827568
0.833076
0.837496
0.840614
0.843151
0.84588
0.848996
0.851575
0.851999
0.848508
0.840288
0.827802
0.812728
0.797532
0.78452
0.77508
0.769737
0.768537
0.771225
0.777046
0.784471
0.79157
0.796439
0.798062
0.796269
0.791624
0.784963
0.777081
0.768286
0.75888
0.749335
0.740655
0.734169
0.730969
0.731627
0.735771
0.74249
0.750671
0.759693
0.76915
0.778888
0.78888
0.798741
0.808062
0.816289
0.822887
0.827492
0.829854
0.829975
0.827961
0.824188
0.819226
0.814044
0.809732
0.807129
0.806106
0.806381
0.807748
0.810165
0.813306
0.816468
0.818602
0.818811
0.816633
0.812008
0.8052
0.796731
0.787522
0.778702
0.771452
0.766755
0.765476
0.767946
0.774069
0.78328
0.794648
0.806962
0.819024
0.829714
0.837942
0.842671
0.842647
0.836723
0.824105
0.805381
0.782853
0.760283
0.740945
0.726677
0.717923
0.71483
0.717522
0.725794
0.738648
0.754911
0.773527
0.793389
0.813293
0.83162
0.84652
0.856448
0.860267
0.8574
0.847881
0.832399
0.812366
0.790047
0.768139
0.748986
0.734457
0.72581
0.724254
0.730939
0.746146
0.768768
0.796054
0.824595
0.851359
0.873985
0.89087
0.901145
0.904458
0.901051
0.891869
0.878688
0.863518
0.848232
0.834072
0.821493
0.810539
0.801008
0.792872
0.786096
0.780562
0.775898
0.771709
0.767352
0.762505
0.757076
0.751538
0.746944
0.744535
0.745565
0.750817
0.76042
0.773866
0.789983
0.807124
0.823685
0.838066
0.849099
0.855916
0.857829
0.854419
0.84549
0.831302
0.81274
0.791508
0.769897
0.750596
0.735992
0.727798
0.726573
0.731837
0.742161
0.755626
0.770342
0.784827
0.79817
0.809925
0.819576
0.826469
0.829802
0.829188
0.824667
0.816999
0.807214
0.796583
0.786525
0.778479
0.773875
0.773659
0.778255
0.787532
0.800548
0.815732
0.830846
0.843558
0.85211
0.855535
0.853718
0.847341
0.837303
0.824835
0.811321
0.798611
0.788486
0.782238
0.780269
0.781754
0.784856
0.787381
0.787584
0.784654
0.779073
0.772557
0.767578
0.766513
0.770721
0.779817
0.791804
0.804341
0.815516
0.82428
0.830308
0.833727
0.834731
0.833516
0.830186
0.82492
0.818011
0.810034
0.80177
0.794151
0.787864
0.783237
0.780101
0.778195
0.777489
0.778483
0.782059
0.788939
0.799015
0.811285
0.824075
0.835499
0.843679
0.8469
0.843721
0.833154
0.815251
0.791153
0.763233
0.734973
0.710251
0.692698
0.684685
0.686577
0.696531
0.711228
0.727062
0.74134
0.75264
0.761026
0.767791
0.77507
0.784923
0.798503
0.815385
0.833891
0.851917
0.867226
0.877861
0.882148
0.879203
0.869185
0.853514
0.834671
0.815574
0.799172
0.787721
0.782245
0.782588
0.787603
0.79554
0.804426
0.812639
0.819136
0.823421
0.825392
0.825238
0.823295
0.820105
0.816081
0.811665
0.807355
0.803611
0.800922
0.799398
0.798377
0.796948
0.79453
0.791063
0.78718
0.783965
0.782462
0.783446
0.78688
0.792119
0.798219
0.804192
0.80915
0.812556
0.814091
0.813863
0.812175
0.809513
0.806203
0.802336
0.797876
0.792625
0.786322
0.778907
0.770262
0.760478
0.749862
0.739038
0.728857
0.720198
0.714106
0.711577
0.71348
0.72025
0.731709
0.747141
0.765533
0.785565
0.805911
0.825427
0.843117
0.858389
0.870795
0.880102
0.885899
0.887699
0.884893
0.876836
0.863399
0.845289
0.824125
0.802455
0.783031
0.768375
0.759835
0.757653
0.761118
0.768954
0.780014
0.793133
0.806819
0.819213
0.82848
0.833433
0.833921
0.830467
0.823716
0.814169
0.802078
0.787483
0.77037
0.751066
0.730531
0.710898
0.69524
0.687072
0.688855
0.701106
0.72249
0.750366
0.781704
0.813624
0.843397
0.868612
0.887487
0.898675
0.901354
0.895444
0.881294
0.860115
0.834023
0.805934
0.779215
0.756976
0.741867
0.735646
0.738658
0.749482
0.765236
0.782411
0.798042
0.80998
0.817159
0.819213
0.81657
0.810471
0.802886
0.795798
0.790893
0.788907
0.789654
0.792535
0.79643
0.800049
0.8022
0.802299
0.801112
0.800287
0.801637
0.805952
0.812855
0.820972
0.828587
0.834189
0.836638
0.83566
0.831456
0.824531
0.815525
0.805003
0.793487
0.781637
0.770175
0.759934
0.751799
0.74664
0.744928
0.746746
0.751495
0.758125
0.765529
0.772732
0.77885
0.783424
0.786073
0.786646
0.785191
0.781896
0.777193
0.771643
0.766232
0.762509
0.762558
0.76815
0.779606
0.795481
0.813085
0.829928
0.844295
0.855195
0.862254
0.865482
0.865145
0.861925
0.856916
0.851405
0.846694
0.843579
0.842092
0.841684
0.841191
0.839121
0.833933
0.824589
0.810722
0.792784
0.772285
0.751384
0.732651
0.718565
0.711108
0.711216
0.718782
0.732576
0.750729
0.770998
0.791402
0.810201
0.826087
0.837922
0.845031
0.847104
0.84444
0.837878
0.828439
0.817546
0.80656
0.797121
0.790592
0.788217
0.790505
0.797125
0.806737
0.81728
0.826421
0.832327
0.833885
0.830635
0.822823
0.811044
0.796364
0.780038
0.76343
0.747857
0.734384
0.723957
0.71734
0.71517
0.717697
0.724685
0.735258
0.748351
0.762706
0.777294
0.791277
0.804078
0.815155
0.824126
0.830732
0.834878
0.836585
0.835651
0.832006
0.825842
0.817662
0.808788
0.800665
0.795054
0.793566
0.797163
0.805783
0.818295
0.832547
0.84626
0.857423
0.864658
0.8672
0.864856
0.857695
0.84616
0.831091
0.813702
0.795332
0.777248
0.760463
0.74588
0.73432
0.726524
0.72313
0.724286
0.729221
0.736783
0.745498
0.75402
0.76127
0.766703
0.769795
0.770182
0.768128
0.764697
0.761708
0.761198
0.764544
0.771991
0.782505
0.794259
0.805246
0.81387
0.819286
0.821423
0.820965
0.818867
0.816357
0.814238
0.813178
0.813544
0.81569
0.819923
0.826503
0.835356
0.845871
0.856873
0.866546
0.872893
0.87402
0.868487
0.855773
0.836317
0.811602
0.784057
0.756888
0.733721
0.718145
0.712671
0.718024
0.732731
0.753533
0.776386
0.797588
0.814532
0.825841
0.831412
0.832152
0.829664
0.825684
0.821599
0.817977
0.814534
0.810698
0.805994
0.8007
0.795714
0.792334
0.791648
0.793976
0.798703
0.804502
0.809769
0.81304
0.813455
0.810709
0.804832
0.796291
0.785967
0.774926
0.764594
0.756456
0.751858
0.751742
0.756326
0.765223
0.77779
0.793299
0.810998
0.829812
0.847647
0.861752
0.869437
0.868873
0.859755
0.843053
0.821045
0.796906
0.77428
0.756469
0.745499
0.741599
0.743317
0.748205
0.753992
0.759842
0.766851
0.777093
0.791618
0.808914
0.825172
0.8361
0.838659
0.832152
0.818326
0.800638
0.783562
0.77103
0.765723
0.768049
0.776654
0.789143
0.802526
0.813797
0.820249
0.82018
0.813277
0.800895
0.786085
0.773026
0.765937
0.767529
0.778029
0.7951
0.814903
0.833575
0.848294
0.857619
0.861483
0.860494
0.85572
0.848073
0.838206
0.82664
0.814125
0.801689
0.790372
0.78084
0.773311
0.767855
0.7647
0.7646
0.768293
0.775717
0.786046
0.797695
0.808762
0.817483
0.822525
0.823065
0.818574
0.808882
0.794152
0.775107
0.753231
0.730929
0.711242
0.697432
0.692212
0.69681
0.710713
0.732001
0.758149
0.78666
0.815341
0.842395
0.866523
0.886753
0.902328
0.912472
0.916575
0.914173
0.905271
0.890457
0.870962
0.84856
0.825205
0.802649
0.782076
0.763977
0.748766
0.736932
0.729481
0.727869
0.733312
0.746095
0.764932
0.787001
0.808797
0.827168
0.840285
0.848088
0.851842
0.852711
0.851241
0.847322
0.840696
0.83146
0.8203
0.808349
0.796846
0.786912
0.779302
0.774363
0.772192
0.772441
0.774661
0.778105
0.78195
0.785621
0.788792
0.791555
0.79427
0.796781
0.798397
0.797779
0.793286
0.783707
0.768989
0.750349
0.730379
0.712507
0.700131
0.695652
0.699735
0.71108
0.72698
0.744257
0.760488
0.774483
0.78608
0.795933
0.804727
0.812937
0.820574
0.827457
0.833243
0.837844
0.841269
0.843188
0.843041
0.84048
0.835782
0.830052
0.824962
0.822226
0.823022
0.827766
0.836329
0.847783
0.860709
0.873528
0.884346
0.891316
0.893024
0.888538
0.877843
0.861741
0.841645
0.819356
0.796469
0.774367
0.753876
0.73556
0.720227
0.708804
0.702344
0.701632
0.706711
0.717017
0.731497
0.748707
0.767311
0.78585
0.803311
0.818959
0.832122
0.842042
0.847681
0.84807
0.842838
0.832528
0.818755
0.803542
0.788759
0.775812
0.765471
0.758298
0.754686
0.7553
0.760607
0.770432
0.783288
0.796754
0.80831
0.816125
0.819229
0.817641
0.812119
0.804198
0.795841
0.788902
0.784991
0.785087
0.789239
0.796181
0.803619
0.80898
0.810363
0.807197
0.800213
0.791352
0.783059
0.777799
0.777425
0.78258
0.792548
0.805413
0.818729
0.830385
0.838979
0.844046
0.845946
0.845285
0.842735
0.838722
0.83355
0.827391
0.820361
0.812656
0.804723
0.797318
0.791178
0.786813
0.784282
0.782954
0.781793
0.779737
0.776081
0.77108
0.765489
0.760348
0.756246
0.753076
0.75032
0.747526
0.744837
0.742974
0.743005
0.745904
0.752006
0.761103
0.772734
0.786384
0.801457
0.817243
0.832751
0.846546
0.857091
0.863104
0.863838
0.859051
0.849203
0.835163
0.818563
0.80174
0.787423
0.778138
0.775713
0.780682
0.791654
0.805848
0.819786
0.830108
0.8345
0.832286
0.824636
0.814079
0.803559
0.795367
0.790682
0.789857
0.792784
0.798845
0.807031
0.815896
0.82383
0.829353
0.831456
0.829268
0.822379
0.810516
0.793667
0.7723
0.747497
0.721444
0.697143
0.678404
0.668478
0.668695
0.677698
0.692089
0.707876
0.722026
0.73301
0.740691
0.745994
0.750238
0.7545
0.759217
0.76431
0.769549
0.774691
0.779899
0.785595
0.792355
0.800392
0.809614
0.819218
0.828212
0.836369
0.844483
0.8539
0.865221
0.876981
0.88608
0.889693
0.887001
0.878763
0.866644
0.852099
0.83559
0.817139
0.796909
0.776188
0.757628
0.74459
0.739588
0.742982
0.752876
0.766189
0.78022
0.793163
0.804272
0.812986
0.818643
0.820598
0.818508
0.81271
0.804397
0.795727
0.78959
0.788599
0.79422
0.805773
0.820673
0.83564
0.847733
0.854635
0.855127
0.848901
0.83669
0.819811
0.799927
0.778573
0.757478
0.739029
0.72624
0.722083
0.72805
0.742688
0.76202
0.780901
0.794765
0.800748
0.797988
0.787674
0.772649
0.756989
0.745026
0.740515
0.745234
0.758273
0.776543
0.795885
0.812558
0.824149
0.829879
0.830506
0.827788
0.823807
0.820466
0.818885
0.819397
0.821707
0.825285
0.829823
0.835281
0.841734
0.84885
0.855771
0.861052
0.86327
0.861506
0.855621
0.846152
0.834142
0.820662
0.80665
0.792703
0.77932
0.767038
0.756429
0.748114
0.742555
0.739927
0.740041
0.742235
0.745451
0.748609
0.7509
0.752219
0.753053
0.754212
0.756088
0.758461
0.760873
0.762868
0.764189
0.764562
0.763803
0.762293
0.761205
0.762322
0.767424
0.77749
0.79221
0.810032
0.828777
0.846118
0.859794
0.868081
0.869813
0.864764
0.853666
0.837832
0.819383
0.800569
0.78387
0.771445
0.765174
0.766084
0.774207
0.787994
0.804786
0.821189
0.833673
0.839641
0.837894
0.828581
0.813382
0.794622
0.774881
0.756294
0.740547
0.728871
0.722248
0.721357
0.726205
0.735937
0.748944
0.763357
0.777491
0.790152
0.800907
0.809923
0.817681
0.824948
0.832279
0.839698
0.846791
0.852673
0.856235
0.856384
0.851933
0.84198
0.826425
0.806203
0.783531
0.761502
0.743154
0.730991
0.726155
0.728241
0.735798
0.747072
0.760883
0.776589
0.79395
0.812763
0.832446
0.85191
0.869743
0.884142
0.893458
0.896394
0.892907
0.883725
0.870498
0.855047
0.83897
0.823515
0.809195
0.796478
0.785854
0.77785
0.77302
0.771363
0.77213
0.773896
0.774807
0.773224
0.768349
0.760648
0.751615
0.74325
0.737799
0.737284
0.743001
0.755314
0.773167
0.794449
0.816424
0.836274
0.851936
0.862146
0.866472
0.865322
0.859422
0.84962
0.836971
0.822346
0.806746
0.791434
0.778172
0.768624
0.764044
0.764673
0.769513
0.77662
0.783761
0.788981
0.791068
0.789819
0.786103
0.781673
0.778664
0.778812
0.782961
0.791007
0.802109
0.815064
0.828471
0.84083
0.850732
0.857065
0.859106
0.856926
0.851114
0.842833
0.833377
0.8238
0.814601
0.805814
0.797056
0.787915
0.777994
0.767499
0.756968
0.747463
0.739868
0.735069
0.733178
0.73355
0.735251
0.737333
0.739471
0.741773
0.74466
0.748436
0.753255
0.759143
0.766147
0.774124
0.78299
0.792755
0.803486
0.814964
0.826352
0.836219
0.843076
0.845861
0.844459
0.839415
0.831871
0.822848
0.813487
0.804677
0.797144
0.791411
0.788054
0.787488
0.790048
0.795698
0.803878
0.813677
0.823851
0.832887
0.839367
0.842349
0.841587
0.83755
0.831158
0.823786
0.816594
0.810373
0.805491
0.802012
0.799973
0.799874
0.802103
0.806539
0.812289
0.81787
0.821577
0.822226
0.81953
0.813852
0.805947
0.796621
0.786205
0.774529
0.76135
0.746868
0.732439
0.720434
0.713559
0.713538
0.72069
0.733963
0.751256
0.769704
0.786321
0.798719
0.80573
0.807548
0.805385
0.800877
0.795722
0.791215
0.788149
0.78682
0.787295
0.789638
0.793794
0.799718
0.807134
0.815581
0.82457
0.833554
0.842017
0.849364
0.854948
0.858088
0.858395
0.855553
0.849678
0.841022
0.830174
0.818022
0.805732
0.794925
0.78715
0.783554
0.784305
0.788472
0.79415
0.799239
0.802128
0.80213
0.799891
0.796846
0.794696
0.794361
0.795572
0.796972
0.796762
0.793493
0.786707
0.776998
0.765617
0.754001
0.743261
0.734061
0.72671
0.721748
0.71992
0.721976
0.728093
0.737359
0.748397
0.760078
0.772003
0.78401
0.795515
0.805319
0.81196
0.814341
0.81204
0.805883
0.797707
0.789997
0.784865
0.783081
0.784265
0.787619
0.792767
0.799733
0.808759
0.819887
0.832415
0.845012
0.856014
0.863788
0.867249
0.86586
0.859497
0.84831
0.832895
0.814246
0.793943
0.774002
0.756652
0.743824
0.736908
0.736524
0.742528
0.753999
0.769442
0.786938
0.804405
0.819901
0.831951
0.83952
0.842107
0.839727
0.832921
0.82277
0.810809
0.798631
0.787888
0.780031
0.776156
0.776646
0.781244
0.788757
0.797661
0.806663
0.814658
0.820795
0.824335
0.82463
0.821406
0.814932
0.80617
0.796444
0.787189
0.779521
0.773993
0.7707
0.769384
0.769957
0.772327
0.776344
0.781328
0.785923
0.78864
0.78837
0.784907
0.779268
0.773209
0.768643
0.766791
0.767852
0.770948
0.774682
0.777582
0.778859
0.778331
0.776538
0.774554
0.773672
0.775173
0.779899
0.788059
0.798987
0.811287
0.823136
0.832644
0.838455
0.840055
0.837906
0.833311
0.828032
0.82405
0.822886
0.825271
0.830857
0.838606
0.847096
0.855128
0.862002
0.867295
0.870698
0.871822
0.870144
0.865149
0.856452
0.844227
0.829143
0.812414
0.79523
0.778675
0.763382
0.749819
0.738483
0.72981
0.724134
0.721625
0.72217
0.725471
0.731217
0.739177
0.748904
0.759857
0.771167
0.781879
0.791198
0.799057
0.806068
0.813005
0.820102
0.826605
0.831044
0.831725
0.827365
0.81763
0.803466
0.786721
0.769718
0.754315
0.741768
0.732606
0.72724
0.725975
0.728977
0.736041
0.746709
0.760198
0.775744
0.792813
0.81099
0.829847
0.848773
0.86685
0.883036
0.896424
0.906498
0.912938
0.915603
0.914074
0.90795
0.896995
0.881674
0.863441
0.844437
0.826916
0.81275
0.802635
0.796443
0.793241
0.791992
0.791594
0.791139
0.789853
0.787322
0.783405
0.778472
0.773185
0.768155
0.763894
0.760566
0.758182
0.756806
0.75648
0.757124
0.758234
0.758782
0.757752
0.754231
0.748026
0.739795
0.730643
0.72199
0.714917
0.710187
0.708628
0.711152
0.718858
0.73224
0.750624
0.772223
0.794477
0.814788
0.831105
0.842149
0.847106
0.845678
0.83815
0.825451
0.809108
0.791165
0.773814
0.759136
0.748645
0.743379
0.743605
0.748922
0.758361
0.770307
0.783034
0.794739
0.804059
0.810404
0.813877
0.815327
0.816109
0.817876
0.822028
0.829386
0.839994
0.852995
0.866943
0.880078
0.890879
0.898397
0.902223
0.902489
0.899605
