108
-0.260801   0.122703   -0.236517
0.202005   0.183922   -0.186386
-0.232168   -0.304091   0.183316
0.204557   -0.305886   0.317382
0.0332125   0.274489   -0.295065
-0.19049   -0.308303   -0.0108276
-0.320588   -0.0765355   -0.334535
-0.280791   -0.273184   -0.32447
-0.413778   0.318587   0.0429997
-0.440968   0.087764   0.302345
-0.454185   -0.283795   0.23973
0.430863   0.154481   -0.486082
0.299127   0.0349918   0.407424
-0.423955   0.254254   -0.163036
0.102718   -0.422614   0.495712
-0.0425134   0.43785   -0.441578
0.468738   -0.0596665   0.181827
0.192695   -0.0571118   0.0390566
0.136359   0.406026   -0.149554
-0.231003   0.258668   0.421107
0.250706   -0.0629872   0.243927
-0.377465   -0.106495   0.330743
0.411536   0.361579   0.315604
0.301468   -0.476456   0.270746
-0.0959503   -0.44415   0.422461
0.22266   -0.285655   -0.383685
0.318786   0.177194   -0.0149687
-0.02765   -0.0508251   0.0929962
0.0576975   -0.0409726   0.323721
-0.303043   0.0845425   0.487856
0.401778   -0.180108   0.340358
-0.207857   -0.138405   -0.165911
-0.113213   0.028739   -0.068795
-0.0845629   0.478558   -0.0542517
-0.119665   -0.31055   -0.213227
0.0735272   -0.488179   0.283757
-0.0403223   -0.409703   0.117708
0.119594   -0.200693   0.13583
0.0235927   -0.10622   -0.110437
0.161443   0.328233   0.234505
-0.28051   -0.444019   -0.44829
0.239033   0.426048   0.433719
0.49812   0.149559   0.0893433
-0.115853   0.170114   -0.430364
-0.258655   0.0333834   0.0952719
0.335284   -0.43774   -0.0225281
0.473246   0.389216   -0.406721
-0.199015   0.30689   0.221474
0.223277   -0.167239   0.441001
0.361419   0.14335   0.257384
-0.309379   -0.431004   -0.121501
-0.264217   -0.478325   0.311398
-0.2674   0.340217   -0.361017
0.364976   0.314249   -0.246023
-0.058348   0.186401   0.120556
0.356598   -0.277942   0.127031
-0.358477   -0.161111   0.0861866
-0.209577   0.230028   -0.00180168
-0.287698   -0.2853   0.372921
0.0430386   0.114494   -0.0326083
-0.448193   -0.248053   -0.446073
-0.194184   -0.115856   -0.481388
0.448351   -0.442989   -0.318791
-0.119907   0.436603   -0.265262
0.263803   -0.488355   -0.358236
-0.469753   0.071353   -0.31887
-0.0316444   0.28444   -0.115669
-0.462684   -0.452572   0.405462
-0.222989   0.0982905   0.303785
0.197913   0.312973   -0.400884
-0.492495   -0.497098   0.165453
-0.374559   0.487491   -0.287812
0.0662898   -0.439453   -0.289317
0.133535   -0.0590247   -0.418155
0.477165   -0.216083   -0.2678
-0.0256548   0.377557   0.098203
-0.492677   -0.359566   -0.00751622
0.212446   0.223997   0.413485
-0.00959626   -0.217552   0.45098
0.222142   -0.0114059   -0.157393
0.0653285   0.0430706   -0.266517
-0.0219401   0.149737   0.342083
0.331416   -0.10046   -0.381543
0.210982   -0.367147   -0.169646
-0.39195   0.0142625   -0.120737
-0.0378772   0.00857956   0.491738
-0.142079   -0.0878089   0.287118
-0.305301   -0.478206   0.11228
-0.485655   0.455552   -0.0859273
0.270366   0.085337   -0.35387
-0.0651209   -0.123367   -0.339267
0.385002   -0.364265   -0.496022
0.137926   0.134313   0.233441
0.475065   -0.0636672   0.493013
0.102604   0.128247   -0.459049
-0.0169575   -0.255847   0.257642
-0.385658   -0.197708   -0.104031
0.251795   -0.20144   -0.0814827
-0.422418   0.249779   0.442216
-0.0408623   0.3651   0.367646
0.431853   -0.052308   -0.0142426
0.136369   0.306264   0.0109738
0.0430034   -0.348821   -0.0896905
-0.0941765   -0.356438   -0.395304
0.347218   0.358663   0.0580468
-0.26017   0.37037   -0.153545
-0.407615   0.299001   0.246537
0.130167   -0.178728   -0.24676
