108
-0.00574625   0.462058   0.400508
-0.140759   0.371468   -0.15869
0.104533   -0.324366   0.0855178
-0.073182   0.31271   0.128774
-0.434956   -0.194096   -0.227761
-0.242991   -0.281532   0.296199
0.399443   -0.0198039   0.000669748
-0.445611   -0.0885488   0.104431
0.0975739   -0.426172   -0.0640356
-0.24854   -0.415971   0.151069
0.349942   0.201715   -0.150491
-0.482671   -0.0772028   -0.306189
-0.140895   -0.181852   -0.0885871
-0.117412   -0.286243   0.293992
-0.071419   0.205871   0.49106
0.367879   -0.466493   0.276872
0.212073   -0.423291   0.119634
0.342799   -0.28005   -0.344038
-0.0800494   -0.229412   -0.382833
0.214586   -0.318325   0.295918
-0.462631   -0.196696   0.103694
0.308677   -0.0864572   0.410544
0.260377   0.0299969   0.313439
0.354012   0.0663353   0.0337271
0.276191   -0.39736   -0.103194
-0.13882   0.446752   0.207743
-0.241434   -0.261745   0.04907
-0.161636   0.0192706   -0.0995047
0.293709   0.258401   -0.217422
0.210912   -0.475878   0.00453491
-0.0619439   0.178477   -0.207775
0.379225   0.35128   -0.149835
-0.059826   -0.27593   0.0378458
-0.107273   -0.412898   0.354611
-0.164516   -0.389588   0.223766
0.139004   0.281412   0.0304492
-0.353721   -0.0296119   -0.451013
-0.203999   -0.0978288   0.291978
-0.362971   -0.0347247   0.100145
0.00685791   0.0709698   -0.044668
-0.279068   -0.13349   -0.0129576
-0.42317   -0.282457   -0.0522865
0.428339   -0.180329   -0.0616641
0.229039   0.420869   0.0264983
0.319228   -0.490491   -0.164399
-0.190834   -0.216224   -0.0104135
0.215613   -0.386241   0.431226
0.182495   0.287695   0.342339
-0.0502466   -0.0816193   -0.467208
0.289223   0.473678   -0.37982
-0.387383   0.350062   0.281582
-0.333848   -0.286918   -0.410837
0.24894   0.332777   -0.235151
-0.0503772   -0.253078   -0.496895
-0.485934   0.225125   0.287912
-0.147214   0.130223   -0.410293
0.0635922   0.414535   0.2287
0.42455   0.269797   -0.125569
-0.113028   -0.0381884   -0.240258
0.191302   -0.435504   -0.494832
0.245294   -0.407244   0.268141
0.0985603   -0.0018292   0.0421537
0.284707   -0.367281   0.340091
-0.214348   -0.0150664   0.314491
-0.127541   0.496988   0.131605
0.287148   0.331206   -0.305071
0.0419542   -0.128683   0.393995
-0.27384   0.125399   -0.351617
-0.495888   -0.182599   0.240646
0.444898   0.0967048   0.26527
-0.400518   0.470231   -0.123525
-0.354777   0.197786   0.0681972
0.27814   -0.422929   0.480727
-0.105567   0.416559   -0.407532
-0.119759   -0.356587   0.135576
0.227447   -0.319634   0.0908855
-0.191042   0.0367878   0.181499
0.431327   0.16089   0.0922134
0.449499   -0.483531   -0.303714
0.313414   0.378036   -0.196066
-0.482878   -0.164754   0.0148322
-0.14715   -0.299665   -0.449177
-0.305582   0.214522   -0.222144
0.078355   0.482461   -0.0927905
0.145292   -0.0114114   -0.0364574
0.373358   -0.474601   0.0110199
0.436927   -0.291458   0.198086
0.137688   -0.478884   -0.157334
0.336136   0.350643   0.303673
-0.213639   -0.337604   -0.22426
-0.324702   -0.191264   -0.353046
-0.22542   0.0370182   0.442652
0.0058224   0.161029   0.0499364
0.197347   0.426653   0.169106
-0.282167   -0.433306   0.289974
-0.417113   -0.106342   0.0119419
-0.213396   -0.230623   0.223197
-0.194841   0.294693   -0.287559
-0.455552   0.266246   -0.129368
0.176746   -0.354648   0.0214837
0.374769   0.081713   0.118393
-0.261738   0.467793   0.206985
-0.01448   -0.166425   -0.012888
-0.443707   -0.154368   0.292168
-0.24863   0.301871   -0.348739
0.432023   -0.227239   0.252201
0.0639814   -0.0814314   -0.470945
-0.0109339   -0.17406   -0.33895
