1.35             1.0                  6.16929 0.00959167          2.2
1.35             0.8                  2.59612 0.0153168
1.35             0.75                 1.70569 0.0135852           2.5  
1.35             0.7                  1.11963 0.01459
1.35             0.65                 0.641669 0.013946 
1.35             0.60                 0.423842 0.0135242
1.35             0.55                 0.303474 0.0117687 
1.35             0.5                  0.193485 0.00974636          
1.35             0.45                 0.205415 0.0111509           rcut 4
1.35             0.4                  0.153087 0.00794075
1.35             0.35                 0.159634 0.00672547
1.35             0.3                  0.152883 0.00587686 
1.35             0.25                 0.15316 0.00377598
1.35             0.2                  0.143647 0.00392808
1.35             0.15                 0.12081 0.00261122           rcut 5
1.35             0.1                  0.0974422 0.00127897 
1.35             0.05                 0.0583601 0.000347194
