-6.01338
-6.00078
-5.96411
-5.90274
-5.81508
-5.69842
-5.55141
-5.37161
-5.15776
-4.90943
-4.62599
-4.30793
-3.95787
-3.5837
-3.19346
-2.80069
-2.42382
-2.08111
-1.79016
-1.56024
-1.40192
-1.30846
-1.27306
-1.28313
-1.3253
-1.38699
-1.46065
-1.53347
-1.6036
-1.66569
-1.71898
-1.76273
-1.8019
-1.83282
-1.86044
-1.88949
-1.91417
-1.93852
-1.96446
-1.99275
-2.02179
-2.05303
-2.08239
-2.11054
-2.13359
-2.15163
-2.16225
-2.16472
-2.15928
-2.14285
-2.11746
-2.08464
-2.04363
-1.99715
-1.95017
-1.90387
-1.85969
-1.81863
-1.7798
-1.74167
-1.70177
-1.66153
-1.62147
-1.57939
-1.53513
-1.49021
-1.44539
-1.40863
-1.3788
-1.35816
-1.34766
-1.34695
-1.35317
-1.3641
-1.37528
-1.38068
-1.37947
-1.37159
-1.35554
-1.33441
-1.30842
-1.28339
-1.25736
-1.23276
-1.2101
-1.19109
-1.17513
-1.16295
-1.15659
-1.15284
-1.153
-1.15602
-1.15971
-1.16539
-1.17323
-1.1808
-1.19123
-1.20175
-1.21713
-1.2351
-1.25482
-1.27619
-1.29724
-1.31772
-1.33709
-1.35419
-1.36759
-1.37603
-1.38236
-1.38393
-1.38405
-1.37978
-1.37079
-1.36223
-1.35258
-1.34293
-1.33436
-1.32992
-1.33091
-1.33989
-1.35694
-1.38086
-1.40939
-1.4404
-1.46837
-1.48836
-1.4975
-1.49463
-1.48019
-1.45708
-1.42861
-1.39959
-1.37382
-1.35816
-1.35455
-1.36702
-1.39155
-1.4261
-1.46668
-1.50906
-1.54918
-1.5823
-1.60837
-1.62408
-1.63068
-1.62891
-1.61841
-1.60091
-1.57823
-1.55553
-1.53411
-1.51373
-1.49777
-1.48521
-1.47327
-1.46359
-1.45262
-1.43909
-1.42114
-1.39709
-1.37331
-1.34556
-1.32085
-1.30115
-1.28813
-1.28399
-1.28729
-1.29661
-1.30756
-1.32031
-1.33287
-1.34594
-1.35682
-1.36902
-1.37713
-1.37973
-1.37714
-1.36325
-1.33781
-1.30016
-1.24866
-1.18881
-1.12198
-1.05271
-0.983113
-0.916941
-0.859804
-0.815363
-0.785248
-0.773636
-0.776503
-0.795123
-0.822703
-0.855602
-0.887748
-0.921067
-0.948956
-0.97243
-0.990688
-1.00167
-1.00825
-1.0113
-1.01114
-1.01631
-1.02593
-1.04288
-1.07018
-1.10424
-1.14012
-1.17584
-1.20911
-1.2354
-1.2548
-1.26453
-1.26332
-1.25431
-1.24087
-1.22485
-1.21024
-1.19805
-1.19023
-1.18398
-1.17461
-1.15988
-1.13831
-1.10628
-1.06389
-1.01277
-0.956694
-0.899185
-0.849983
-0.811857
-0.790424
-0.785326
-0.799141
-0.825467
-0.861407
-0.900347
-0.937059
-0.965016
-0.980746
-0.982529
-0.970959
-0.952799
-0.930436
-0.91014
-0.895229
-0.890506
-0.894657
-0.905615
-0.921422
-0.93863
-0.950074
-0.95391
-0.948919
-0.93426
-0.910522
-0.88362
-0.855463
-0.829112
-0.812905
-0.805418
-0.80837
-0.819373
-0.836722
-0.854797
-0.872989
-0.889
-0.903642
-0.918178
-0.932009
-0.949088
-0.969344
-0.991843
-1.01932
-1.04731
-1.07648
-1.1057
-1.13387
-1.1603
-1.18319
-1.20426
-1.22062
-1.23399
-1.24441
-1.25168
-1.25791
-1.26129
-1.26434
-1.26676
-1.26825
-1.27255
-1.27856
-1.28537
-1.29281
-1.29573
-1.29233
-1.28468
-1.27168
-1.25652
-1.23884
-1.22438
-1.21746
-1.21613
-1.2226
-1.23189
-1.24078
-1.249
-1.25047
-1.24294
-1.22412
-1.19481
-1.15828
-1.1163
-1.07304
-1.03596
-1.00625
-0.986217
-0.973515
-0.966889
-0.965966
-0.967762
-0.975403
-0.987459
-1.00552
-1.02986
-1.06118
-1.09913
-1.14614
-1.19968
-1.25621
-1.31503
-1.37491
-1.43334
-1.48966
-1.54077
-1.58841
-1.63064
-1.66657
-1.69949
-1.72983
-1.75644
-1.77862
-1.79531
-1.80769
-1.80971
-1.80618
-1.79408
-1.7772
-1.7579
-1.73663
-1.71213
-1.68883
-1.66487
-1.6416
-1.61924
-1.59624
-1.57163
-1.54612
-1.51787
-1.48285
-1.44243
-1.39492
-1.34308
-1.29059
-1.24144
-1.19833
-1.16375
-1.13774
-1.119
-1.10573
-1.09794
-1.09296
-1.09122
-1.09307
-1.09822
-1.10274
-1.1057
-1.10457
-1.0965
-1.08116
-1.05815
-1.03029
-1.00004
-0.967052
-0.938792
-0.915805
-0.900202
-0.895394
-0.899954
-0.913553
-0.935334
-0.962098
-0.99059
-1.0188
-1.04131
-1.05646
-1.06283
-1.06021
-1.04978
-1.03386
-1.01722
-1.00229
-0.992949
-0.995591
-1.00748
-1.02989
-1.06146
-1.1018
-1.14905
-1.19824
-1.24971
-1.30005
-1.34725
-1.38997
-1.42768
-1.45763
-1.47929
-1.4924
-1.4949
-1.48986
-1.47805
-1.46125
-1.44348
-1.4262
-1.4126
-1.40589
-1.40494
-1.40821
-1.41917
-1.43047
-1.44289
-1.45461
-1.46423
-1.46917
-1.47418
-1.47938
-1.48787
-1.4998
-1.51553
-1.53463
-1.55493
-1.57495
-1.595
-1.6125
-1.62835
-1.64024
-1.64471
-1.6416
-1.6309
-1.60955
-1.58141
-1.54767
-1.51175
-1.47882
-1.44644
-1.42258
-1.40407
-1.39056
-1.38178
-1.37544
-1.36956
-1.36255
-1.35182
-1.33923
-1.3246
-1.30734
-1.28605
-1.26224
-1.23561
-1.20632
-1.17476
-1.14212
-1.1098
-1.0791
-1.05341
-1.03494
-1.02338
-1.02168
-1.03026
-1.05098
-1.08197
-1.11956
-1.15934
-1.20035
-1.24053
-1.27545
-1.30611
-1.33116
-1.35227
-1.36918
-1.38073
-1.3875
-1.38985
-1.3866
-1.37856
-1.36585
-1.3501
-1.33065
-1.31196
-1.29264
-1.27464
-1.25599
-1.23974
-1.22602
-1.21487
-1.20324
-1.19127
-1.18182
-1.17663
-1.17349
-1.17428
-1.17824
-1.18718
-1.20052
-1.21621
-1.23661
-1.25959
-1.28459
-1.3097
-1.33459
-1.35565
-1.37347
-1.38607
-1.39364
-1.39599
-1.39232
-1.38501
-1.37536
-1.36553
-1.35428
-1.34627
-1.34102
-1.34212
-1.3536
-1.37467
-1.40192
-1.43383
-1.47047
-1.51019
-1.55028
-1.59193
-1.62863
-1.66059
-1.68547
-1.70074
-1.70851
-1.70996
-1.7068
-1.70007
-1.68964
-1.68172
-1.67022
-1.65995
-1.64689
-1.63104
-1.61384
-1.59268
-1.56789
-1.53988
-1.5079
-1.47509
-1.44256
-1.41319
-1.38666
-1.36812
-1.35616
-1.35046
-1.35189
-1.35646
-1.36346
-1.37201
-1.38204
-1.38971
-1.39197
-1.38986
-1.38254
-1.36761
-1.34497
-1.3149
-1.27755
-1.23257
-1.1828
-1.13138
-1.08379
-1.04173
-1.0072
-0.980705
-0.964848
-0.957301
-0.955386
-0.956107
-0.954918
-0.952438
-0.948578
-0.943115
-0.941216
-0.946891
-0.963375
-0.990545
-1.02537
-1.06547
-1.1128
-1.15851
-1.2031
-1.24643
-1.28861
-1.33157
-1.37367
-1.41638
-1.46006
-1.50687
-1.55317
-1.5962
-1.63843
-1.67277
-1.70007
-1.71843
-1.72885
-1.73131
-1.72771
-1.71968
-1.7078
-1.69375
-1.67765
-1.65852
-1.63255
-1.59838
-1.55457
-1.50198
-1.44052
-1.37439
-1.30591
-1.23853
-1.17848
-1.13016
-1.09548
-1.07557
-1.06846
-1.07374
-1.08393
-1.09577
-1.10631
-1.11127
-1.10529
-1.0882
-1.06236
-1.03031
-0.99643
-0.967824
-0.945781
-0.933391
-0.925364
-0.922861
-0.924315
-0.927141
-0.92573
-0.922769
-0.913822
-0.899468
-0.878427
-0.850507
-0.817133
-0.781042
-0.742832
-0.707669
-0.674378
-0.648148
-0.627713
-0.615458
-0.610547
-0.611099
-0.618275
-0.630422
-0.645008
-0.665684
-0.68992
-0.716715
-0.744182
-0.770952
-0.796508
-0.818918
-0.839581
-0.858272
-0.874677
-0.892722
-0.911121
-0.930607
-0.954921
-0.980473
-1.00646
-1.03522
-1.06415
-1.0956
-1.12949
-1.16788
-1.2103
-1.25423
-1.3009
-1.34798
-1.39492
-1.4419
-1.48781
-1.53294
-1.5763
-1.61602
-1.65274
-1.68325
-1.70873
-1.7265
-1.73739
-1.74313
-1.74298
-1.73669
-1.72533
-1.71009
-1.69385
-1.67626
-1.65623
-1.63776
-1.62372
-1.61181
-1.60361
-1.59974
-1.59672
-1.59396
-1.59181
-1.58851
-1.58396
-1.57798
-1.57161
-1.56377
-1.55554
-1.5457
-1.53398
-1.51969
-1.50556
-1.48927
-1.47463
-1.45915
-1.4451
-1.43537
-1.42733
-1.42087
-1.41591
-1.41522
-1.41758
-1.42358
-1.43286
-1.4444
-1.45883
-1.47078
-1.48257
-1.48949
-1.49037
-1.48322
-1.46686
-1.43839
-1.40389
-1.36219
-1.31907
-1.27755
-1.24319
-1.2146
-1.19356
-1.17891
-1.17237
-1.17073
-1.17467
-1.18282
-1.19558
-1.21272
-1.22973
-1.24825
-1.26588
-1.28168
-1.29701
-1.31034
-1.32569
-1.34094
-1.36046
-1.38422
-1.41262
-1.44248
-1.47493
-1.50351
-1.52688
-1.54601
-1.56079
-1.57189
-1.58196
-1.59205
-1.60355
-1.61989
-1.64469
-1.67273
-1.706
-1.73512
-1.76281
-1.78457
-1.7987
-1.80565
-1.80318
-1.79503
-1.77781
-1.75361
-1.72294
-1.68754
-1.64583
-1.59947
-1.55285
-1.50763
-1.46901
-1.43622
-1.41545
-1.40547
-1.40358
-1.40726
-1.4087
-1.40383
-1.39444
-1.37678
-1.35153
-1.32481
-1.29494
-1.26721
-1.24421
-1.22938
-1.22481
-1.23171
-1.25329
-1.28768
-1.33464
-1.39069
-1.45318
-1.51572
-1.57779
-1.63381
-1.68507
-1.72997
-1.7669
-1.79751
-1.82202
-1.83931
-1.85152
-1.85572
-1.85442
-1.84623
-1.83252
-1.81469
-1.79547
-1.77496
-1.75702
-1.73935
-1.72349
-1.70811
-1.68942
-1.66808
-1.64308
-1.61584
-1.58421
-1.55168
-1.51881
-1.49051
-1.47018
-1.4602
-1.46163
-1.4727
-1.49066
-1.5118
-1.53204
-1.54922
-1.56009
-1.56343
-1.55778
-1.54438
-1.52542
-1.50352
-1.48002
-1.45624
-1.43146
-1.4089
-1.3869
-1.36395
-1.34266
-1.31978
-1.29294
-1.26317
-1.22838
-1.19081
-1.15028
-1.10903
-1.07262
-1.04431
-1.02212
-1.00823
-1.00239
-1.00609
-1.01799
-1.03575
-1.06288
-1.09911
-1.14262
-1.19365
-1.24685
-1.29748
-1.34144
-1.37341
-1.39073
-1.39315
-1.37981
-1.35463
-1.31998
-1.27851
-1.23298
-1.1832
-1.13284
-1.08391
-1.03791
-0.997526
-0.965289
-0.940624
-0.923111
-0.916756
-0.922547
-0.940079
-0.967155
-1.00568
-1.053
-1.10853
-1.16705
-1.23031
-1.29263
-1.35219
-1.40673
-1.45272
-1.4919
-1.52129
-1.54505
-1.56458
-1.57949
-1.59448
-1.60969
-1.62971
-1.65003
-1.67188
-1.69532
-1.71739
-1.73872
-1.75708
-1.77282
-1.7864
-1.79647
-1.80302
-1.80566
-1.80597
-1.80266
-1.79412
-1.78244
-1.76562
-1.74419
-1.71397
-1.67923
-1.63884
-1.59685
-1.55442
-1.51534
-1.48688
-1.46755
-1.45835
-1.45308
-1.4523
-1.45224
-1.44985
-1.44886
-1.44711
-1.44417
-1.43976
-1.43107
-1.41854
-1.40367
-1.38361
-1.36239
-1.33794
-1.31176
-1.28724
-1.26159
-1.23948
-1.2259
-1.22392
-1.23499
-1.26305
-1.30632
-1.36121
-1.42168
-1.4846
-1.54051
-1.58967
-1.62843
-1.65443
-1.66777
-1.27766
-1.26166
-1.20316
-1.10492
-0.971236
-0.81064
-0.626233
-0.431665
-0.234022
-0.0475828
0.120588
0.266429
0.380424
0.464525
0.514789
0.536843
0.528814
0.498214
0.444997
0.380464
0.307575
0.232794
0.161947
0.0980592
0.0416948
-0.00773782
-0.0522208
-0.089161
-0.118804
-0.141315
-0.155422
-0.158704
-0.145777
-0.114265
-0.0637006
0.00370651
0.0882325
0.182636
0.285287
0.387041
0.485386
0.571361
0.637352
0.680184
0.702705
0.712165
0.722129
0.738008
0.760513
0.787983
0.812875
0.827312
0.825398
0.801959
0.759418
0.698015
0.629394
0.55617
0.488423
0.434989
0.398611
0.37788
0.375061
0.387407
0.41068
0.441037
0.472483
0.49986
0.521142
0.536452
0.545395
0.544248
0.531922
0.507756
0.472379
0.424001
0.368852
0.31088
0.257947
0.216799
0.191966
0.180674
0.184169
0.201224
0.226606
0.254176
0.280519
0.302532
0.312863
0.312261
0.303547
0.28759
0.265619
0.241788
0.221091
0.207104
0.195401
0.191804
0.195217
0.199754
0.197471
0.178131
0.136905
0.0815027
0.0275845
-0.0146667
-0.043641
-0.0587538
-0.0631323
-0.0618178
-0.0534855
-0.0371049
-0.0131661
0.016923
0.0524834
0.0879358
0.119153
0.140901
0.145538
0.129232
0.086646
0.0140258
-0.084155
-0.203532
-0.332371
-0.464073
-0.586699
-0.694307
-0.78171
-0.841267
-0.876992
-0.888616
-0.878534
-0.848654
-0.808725
-0.756398
-0.698154
-0.635407
-0.564727
-0.489816
-0.411489
-0.332378
-0.254303
-0.180883
-0.11592
-0.0628124
-0.0207162
0.010395
0.0325601
0.0428252
0.0412981
0.0285875
0.00486648
-0.0307062
-0.0754874
-0.133421
-0.203821
-0.286183
-0.372305
-0.454634
-0.522524
-0.569881
-0.587111
-0.573096
-0.524838
-0.439935
-0.326512
-0.200667
-0.0906953
-0.0203544
0.00784832
0.00787687
0.000455678
-0.00607109
-0.00491881
0.00262713
0.0117232
0.0191516
0.0179418
0.00406301
-0.0226613
-0.0594514
-0.100459
-0.137329
-0.160649
-0.164098
-0.144397
-0.0982358
-0.0316187
0.0445881
0.122037
0.189536
0.239492
0.264553
0.267801
0.252979
0.225021
0.190073
0.152963
0.117735
0.0839795
0.0561182
0.0299162
0.00514054
-0.0176704
-0.0354821
-0.0501698
-0.0585638
-0.0628623
-0.0633655
-0.0580889
-0.0507712
-0.0422038
-0.0315487
-0.0229596
-0.0164943
-0.00898945
0.00233173
0.0193691
0.043706
0.0758007
0.114008
0.15855
0.208323
0.264593
0.325543
0.386821
0.443288
0.479924
0.486157
0.452322
0.383629
0.295454
0.205612
0.131108
0.0819793
0.0600224
0.0605484
0.0826564
0.113752
0.150277
0.183206
0.206522
0.216404
0.211848
0.195664
0.170246
0.138829
0.101309
0.058236
0.0122857
-0.0337896
-0.0737215
-0.102255
-0.112967
-0.103311
-0.0725535
-0.0222802
0.0420684
0.113641
0.187613
0.258569
0.322754
0.377236
0.424653
0.462881
0.488514
0.501368
0.502078
0.488622
0.466809
0.438236
0.404372
0.372119
0.339281
0.303693
0.266194
0.224154
0.179003
0.133832
0.0896712
0.0529778
0.0233433
0.00824541
0.00757074
0.0202841
0.0409393
0.0627865
0.0820841
0.0975779
0.114412
0.134926
0.154573
0.170606
0.181185
0.185243
0.187705
0.191018
0.198814
0.216747
0.245214
0.285304
0.332325
0.384207
0.437614
0.489002
0.530945
0.557318
0.566799
0.554772
0.520696
0.46395
0.390784
0.307257
0.220724
0.143071
0.0808215
0.0382634
0.0137963
0.00985593
0.0236651
0.0482953
0.0766517
0.104896
0.125242
0.136051
0.137958
0.130248
0.11653
0.0999203
0.0847128
0.0708755
0.0608122
0.0517317
0.0434873
0.0364825
0.0341915
0.0381657
0.0489041
0.0668846
0.0870446
0.110385
0.130603
0.149135
0.165194
0.178394
0.186759
0.189408
0.181107
0.155827
0.114807
0.0645243
0.0100802
-0.0471768
-0.101983
-0.150471
-0.194561
-0.228993
-0.250519
-0.255149
-0.244396
-0.213816
-0.163291
-0.0941946
-0.00812203
0.0879601
0.184041
0.278917
0.359842
0.417245
0.451256
0.459223
0.448487
0.428627
0.409691
0.396657
0.389564
0.384833
0.380081
0.370164
0.351441
0.31974
0.277487
0.223974
0.163166
0.0989694
0.0394799
-0.0143965
-0.0565215
-0.0845519
-0.0963899
-0.0910067
-0.0691181
-0.0333541
0.0137464
0.0680624
0.127759
0.191065
0.251882
0.306066
0.348717
0.378352
0.392063
0.390567
0.376802
0.35468
0.324589
0.293201
0.262766
0.239299
0.222979
0.211222
0.209219
0.207411
0.207255
0.205929
0.201496
0.194616
0.187498
0.185819
0.198331
0.224614
0.270813
0.332789
0.406997
0.482685
0.546701
0.586149
0.597821
0.586168
0.556265
0.518398
0.485067
0.460574
0.44689
0.444521
0.451357
0.464857
0.480939
0.494423
0.502979
0.50408
0.498969
0.487526
0.472767
0.453277
0.427193
0.392076
0.346898
0.289333
0.225784
0.157476
0.0948607
0.045325
0.0161971
0.00409895
0.00791174
0.0217142
0.0404177
0.0594299
0.0814658
0.105282
0.137952
0.174198
0.212349
0.247941
0.279421
0.305051
0.323266
0.336325
0.341596
0.342692
0.341558
0.342883
0.34792
0.356682
0.368655
0.381184
0.395418
0.409629
0.42916
0.453307
0.488388
0.532077
0.582484
0.64088
0.702811
0.765951
0.826552
0.879275
0.915446
0.929573
0.907299
0.848936
0.755282
0.639514
0.51513
0.399432
0.301806
0.231781
0.184823
0.164447
0.160343
0.169298
0.185137
0.199753
0.2124
0.219556
0.223904
0.228243
0.239404
0.256941
0.283487
0.316013
0.354099
0.394717
0.434745
0.471084
0.504851
0.529704
0.543717
0.54505
0.529301
0.498746
0.45313
0.396548
0.333762
0.270662
0.215567
0.169567
0.135046
0.114579
0.105148
0.104728
0.113248
0.126024
0.140825
0.157875
0.171721
0.180638
0.17983
0.162127
0.126421
0.0725628
0.00847226
-0.0569544
-0.113485
-0.149641
-0.16043
-0.144481
-0.103719
-0.0395416
0.0403695
0.127707
0.215131
0.296454
0.369008
0.427778
0.472475
0.505326
0.528098
0.542078
0.548181
0.546628
0.536602
0.515068
0.481627
0.440354
0.389446
0.330267
0.264807
0.195255
0.122842
0.0515895
-0.0177205
-0.0826473
-0.142274
-0.193092
-0.232114
-0.261528
-0.283834
-0.297765
-0.309633
-0.32677
-0.348328
-0.373161
-0.392471
-0.400276
-0.389343
-0.354633
-0.290532
-0.199224
-0.0859478
0.0381478
0.160631
0.267709
0.349038
0.39885
0.413328
0.3984
0.359531
0.306169
0.246034
0.186843
0.132161
0.0881871
0.0541742
0.0278032
0.0114002
0.00412482
0.00716275
0.0231341
0.0529112
0.0963497
0.152936
0.21797
0.284798
0.349621
0.406269
0.450264
0.477603
0.486208
0.47663
0.451929
0.415717
0.374931
0.332611
0.290947
0.251563
0.216466
0.186926
0.164281
0.148645
0.130256
0.10893
0.083194
0.0488188
0.00962991
-0.0256767
-0.058387
-0.0819275
-0.0994629
-0.104646
-0.102236
-0.0905688
-0.0709325
-0.044663
-0.017159
0.0117187
0.035205
0.0534139
0.0678467
0.0827666
0.100688
0.120822
0.141564
0.156246
0.16526
0.167234
0.166598
0.167735
0.175916
0.195457
0.231251
0.284698
0.355281
0.436279
0.523208
0.603894
0.664132
0.69576
0.699778
0.682061
0.644213
0.59564
0.541901
0.488598
0.439104
0.398927
0.370028
0.351358
0.338546
0.328761
0.31581
0.303422
0.288677
0.278297
0.275971
0.282817
0.298592
0.319445
0.338032
0.349944
0.349964
0.334779
0.309729
0.278265
0.24356
0.208303
0.174803
0.143734
0.123789
0.117395
0.128655
0.157706
0.199241
0.250235
0.310493
0.375218
0.440713
0.504744
0.563431
0.608856
0.635889
0.641135
0.622015
0.581139
0.52657
0.46401
0.399166
0.333827
0.27139
0.215754
0.16743
0.133184
0.111929
0.109167
0.123475
0.153995
0.19769
0.252999
0.316884
0.386079
0.456806
0.519753
0.569321
0.599231
0.604032
0.587995
0.557434
0.521126
0.48694
0.457582
0.43801
0.429006
0.431651
0.445648
0.466005
0.490132
0.513113
0.530939
0.539477
0.535682
0.520366
0.49974
0.477469
0.456115
0.436982
0.42273
0.413069
0.411372
0.415156
0.427492
0.445098
0.46523
0.48644
0.507326
0.526088
0.538818
0.54786
0.548278
0.544508
0.536846
0.521992
0.501957
0.473126
0.438837
0.405862
0.380081
0.367593
0.368609
0.377664
0.388507
0.393731
0.391028
0.37809
0.354353
0.319597
0.281943
0.243643
0.209202
0.179377
0.163331
0.158079
0.169357
0.191409
0.220455
0.248317
0.270079
0.286124
0.299494
0.319723
0.346057
0.376882
0.406908
0.429811
0.442959
0.440564
0.425405
0.397098
0.357259
0.311461
0.259411
0.206327
0.154296
0.106999
0.0673695
0.0387968
0.0248143
0.0284426
0.0486488
0.0868737
0.1385
0.200916
0.265327
0.327395
0.379154
0.423153
0.4557
0.472776
0.476351
0.467011
0.445192
0.418218
0.393569
0.369466
0.353508
0.345754
0.343979
0.346176
0.356855
0.369355
0.386043
0.406285
0.433675
0.466857
0.502161
0.536191
0.562126
0.570761
0.556476
0.516108
0.453435
0.377448
0.299442
0.224137
0.160544
0.113569
0.0851352
0.0753737
0.0834972
0.108105
0.145175
0.193297
0.241975
0.28327
0.309228
0.31907
0.319722
0.317754
0.321388
0.336086
0.363866
0.400081
0.443044
0.490337
0.538181
0.584667
0.625831
0.660794
0.688861
0.712317
0.731791
0.74718
0.756826
0.757405
0.746205
0.719856
0.680279
0.627599
0.568395
0.506127
0.445757
0.397425
0.362281
0.345261
0.347912
0.370018
0.409261
0.458506
0.514647
0.574334
0.627424
0.6734
0.704673
0.717714
0.710076
0.681879
0.633867
0.569683
0.497002
0.416089
0.332142
0.248668
0.168793
0.0941376
0.0294734
-0.0216485
-0.059807
-0.0797877
-0.0858294
-0.0788201
-0.0679836
-0.0529338
-0.0383049
-0.0229905
-0.00810969
0.00796515
0.0271526
0.0538238
0.086248
0.122152
0.159793
0.191565
0.211986
0.214669
0.202022
0.179284
0.15372
0.134008
0.128208
0.138678
0.168031
0.212753
0.269626
0.333757
0.400254
0.461766
0.508787
0.536017
0.543174
0.534222
0.517789
0.504579
0.498721
0.508603
0.532597
0.571455
0.61585
0.658705
0.690038
0.698676
0.679695
0.630516
0.556761
0.462682
0.362907
0.27105
0.189828
0.12876
0.0907232
0.0779154
0.0881827
0.118736
0.163748
0.212591
0.254112
0.280906
0.291556
0.292329
0.285594
0.276536
0.274855
0.278717
0.289632
0.307584
0.333191
0.364442
0.397892
0.434583
0.473614
0.513044
0.553385
0.594541
0.636222
0.671062
0.698147
0.70967
0.701223
0.669565
0.616477
0.860443
0.789946
0.731206
0.686917
0.65958
0.653185
0.667617
0.701293
0.751394
0.813596
0.877941
0.93768
0.987245
1.02336
1.04301
1.05139
1.05405
1.05845
1.06899
1.08688
1.11021
1.13478
1.16345
1.1987
1.23684
1.27733
1.31172
1.33594
1.34699
1.34063
1.3186
1.28337
1.23898
1.19316
1.14968
1.11284
1.08743
1.07436
1.07168
1.0793
1.0931
1.10799
1.1148
1.11056
1.09839
1.084
1.0797
1.09359
1.12415
1.16178
1.1947
1.21459
1.21419
1.18744
1.14069
1.07615
1.00626
0.940835
0.891246
0.868131
0.882524
0.933578
1.01673
1.11182
1.20662
1.29205
1.36673
1.43392
1.48946
1.53124
1.56009
1.57126
1.56762
1.54975
1.51939
1.47989
1.43664
1.39913
1.37501
1.36742
1.37273
1.38774
1.4051
1.4166
1.41635
1.4008
1.37376
1.33664
1.2965
1.25847
1.22234
1.18636
1.15548
1.13057
1.11387
1.10139
1.08741
1.06605
1.03079
0.980819
0.919003
0.857872
0.804421
0.76783
0.759812
0.77787
0.818563
0.871218
0.923258
0.962876
0.981651
0.98518
0.982833
0.9861
1.00717
1.0559
1.13165
1.22793
1.33402
1.43415
1.51011
1.55912
1.57489
1.56263
1.52344
1.46457
1.39704
1.33548
1.28479
1.25189
1.23589
1.22343
1.20492
1.17401
1.12771
1.07036
1.00947
0.951178
0.904225
0.8715
0.856588
0.852292
0.854264
0.849726
0.828417
0.793114
0.751539
0.715621
0.699161
0.711048
0.757843
0.838021
0.945931
1.07918
1.2265
1.3863
1.54767
1.70901
1.86463
2.01276
2.14579
2.26325
2.36271
2.43791
2.48789
2.50729
2.49305
2.44383
2.35905
2.24428
2.10932
1.96668
1.82959
1.71424
1.62938
1.58098
1.5644
1.57197
1.59001
1.60997
1.62271
1.62817
1.6268
1.62592
1.62521
1.62726
1.63001
1.62915
1.62456
1.61426
1.59794
1.57975
1.56274
1.55789
1.57349
1.60953
1.66492
1.73297
1.80661
1.87316
1.92405
1.95157
1.95276
1.92953
1.88984
1.84747
1.81909
1.8188
1.8445
1.89209
1.942
1.97794
1.98317
1.95276
1.88762
1.79408
1.68365
1.5707
1.46632
1.38123
1.32106
1.28516
1.26339
1.24975
1.23161
1.20209
1.16046
1.10796
1.04893
0.990787
0.950366
0.933018
0.946806
0.995537
1.07952
1.18634
1.30514
1.42147
1.51902
1.58755
1.62879
1.64158
1.6309
1.60284
1.56409
1.51826
1.47348
1.44251
1.43628
1.46696
1.53576
1.63444
1.72883
1.78703
1.80419
1.78725
1.75353
1.70495
1.64088
1.56394
1.47321
1.38256
1.29898
1.2329
1.19162
1.17622
1.18237
1.21039
1.25094
1.29465
1.33561
1.37147
1.40059
1.42912
1.46239
1.50436
1.55179
1.60138
1.64304
1.67601
1.69022
1.68771
1.6708
1.64653
1.6191
1.59559
1.58061
1.58288
1.60033
1.63124
1.66627
1.7019
1.73268
1.75285
1.75809
1.74343
1.70229
1.63286
1.53654
1.42152
1.29953
1.1855
1.09369
1.03284
1.00946
1.02212
1.0682
1.14417
1.24297
1.35369
1.4616
1.55207
1.61213
1.64165
1.63918
1.61071
1.55854
1.49255
1.42268
1.35258
1.28504
1.21833
1.15619
1.09682
1.04356
0.999719
0.968087
0.95073
0.945346
0.957953
0.981616
1.01249
1.04511
1.07347
1.0972
1.11475
1.12992
1.1472
1.16728
1.19177
1.22204
1.25814
1.2902
1.31523
1.32584
1.31908
1.29117
1.24025
1.17263
1.09864
1.02641
0.965016
0.921769
0.902405
0.905024
0.927626
0.971039
1.02719
1.08958
1.15992
1.23827
1.31991
1.40117
1.47232
1.52245
1.54619
1.53685
1.49491
1.43158
1.35713
1.28932
1.24035
1.2195
1.23016
1.2698
1.33294
1.41227
1.49706
1.58023
1.64936
1.69445
1.70511
1.68809
1.65037
1.60222
1.54834
1.48738
1.41629
1.32996
1.22975
1.12449
1.01247
0.901306
0.798481
0.718061
0.675856
0.673999
0.718289
0.793585
0.890374
0.999686
1.11114
1.22629
1.34159
1.45674
1.56185
1.65329
1.72372
1.76817
1.78744
1.78675
1.77239
1.75039
1.72318
1.69264
1.65627
1.61226
1.55836
1.49622
1.43091
1.36801
1.31192
1.26873
1.23934
1.22345
1.21522
1.20792
1.20143
1.19324
1.18815
1.18397
1.1771
1.16875
1.16447
1.1683
1.18397
1.21934
1.27522
1.34924
1.43887
1.54213
1.65581
1.77124
1.87377
1.95115
1.99393
1.99044
1.93841
1.84327
1.71173
1.56086
1.40216
1.25445
1.12767
1.02473
0.95048
0.903641
0.886109
0.891418
0.923033
0.97322
1.03226
1.09225
1.13957
1.16188
1.15199
1.1128
1.06241
1.01546
0.989645
0.992287
1.02408
1.0814
1.15435
1.23263
1.30266
1.35552
1.38895
1.39694
1.38735
1.36357
1.33495
1.31211
1.30179
1.30953
1.33675
1.38421
1.44942
1.5259
1.60628
1.68572
1.77162
1.85805
1.94749
2.03477
2.11284
2.17236
2.20175
2.20085
2.16272
2.09393
2.00222
1.89663
1.78988
1.68827
1.59709
1.52041
1.45594
1.40214
1.3611
1.3339
1.32608
1.33336
1.3538
1.37556
1.38983
1.38818
1.37244
1.34426
1.30992
1.27743
1.25678
1.24939
1.25534
1.2652
1.27566
1.27145
1.25032
1.20909
1.15062
1.08485
1.01815
0.960581
0.915343
0.891438
0.891019
0.914729
0.962923
1.02928
1.11081
1.19216
1.26255
1.31559
1.35208
1.37455
1.38804
1.39457
1.39157
1.38221
1.36184
1.336
1.31859
1.31763
1.33537
1.36851
1.4078
1.44243
1.46397
1.4706
1.46232
1.43766
1.39819
1.35059
1.29891
1.25389
1.22389
1.21741
1.24022
1.29281
1.36958
1.46008
1.55101
1.63037
1.69159
1.73103
1.74491
1.73315
1.69431
1.62624
1.5311
1.4096
1.27045
1.13009
0.997203
0.882757
0.795849
0.739882
0.713264
0.709444
0.72012
0.731463
0.735416
0.728063
0.711766
0.692308
0.6852
0.701456
0.743459
0.806948
0.883328
0.96719
1.05042
1.13736
1.22435
1.30788
1.37431
1.41086
1.40819
1.36738
1.29875
1.21719
1.14085
1.07808
1.03331
1.00402
0.990264
0.991698
1.00447
1.03234
1.07403
1.12764
1.19285
1.26265
1.32564
1.37439
1.408
1.42888
1.43803
1.43605
1.42662
1.40861
1.3856
1.36209
1.33772
1.31153
1.28375
1.25102
1.21016
1.16062
1.09914
1.03027
0.958166
0.887475
0.827014
0.783783
0.763909
0.770452
0.802643
0.860282
0.942585
1.03985
1.14688
1.26067
1.37195
1.47337
1.56063
1.62351
1.66227
1.6787
1.68103
1.68306
1.6917
1.71719
1.76074
1.81887
1.88716
1.95109
2.00176
2.02607
2.00715
1.9384
1.82582
1.68133
1.52411
1.37588
1.24929
1.15534
1.09578
1.06759
1.06313
1.07896
1.10546
1.13509
1.16098
1.17614
1.17624
1.1594
1.12649
1.08879
1.04742
1.0059
0.972032
0.948138
0.938309
0.946028
0.973972
1.02879
1.10812
1.19958
1.28993
1.35468
1.37564
1.34478
1.27199
1.17901
1.08529
1.007
0.953258
0.923763
0.916378
0.926898
0.950773
0.980545
1.01798
1.05887
1.10072
1.14212
1.18478
1.2254
1.26401
1.30033
1.33229
1.35807
1.3715
1.37234
1.36107
1.33885
1.31199
1.28159
1.25234
1.23551
1.23236
1.24831
1.28347
1.33125
1.38545
1.43654
1.4762
1.50076
1.50919
1.5084
1.50268
1.4958
1.49341
1.48805
1.47562
1.44858
1.39812
1.32144
1.22605
1.12374
1.03808
0.99156
1.00101
1.07149
1.19698
1.36406
1.55387
1.74064
1.9009
2.01745
2.08658
2.1096
2.0988
2.05877
1.99662
1.92036
1.84165
1.77039
1.71282
1.67718
1.66161
1.6625
1.67559
1.69639
1.71519
1.73201
1.74534
1.75607
1.7668
1.77937
1.78828
1.78748
1.77043
1.73119
1.67434
1.61203
1.55273
1.50692
1.47786
1.46432
1.45601
1.44561
1.42648
1.39601
1.36304
1.33776
1.33215
1.35521
1.40575
1.47926
1.56071
1.6411
1.70692
1.752
1.77934
1.79902
1.81851
1.84647
1.88672
1.93344
1.98026
2.01572
2.03314
2.02977
2.00819
1.97768
1.9475
1.9227
1.91011
1.90601
1.90584
1.90604
1.89763
1.88314
1.86713
1.84908
1.83381
1.81957
1.80796
1.7977
1.79109
1.79041
1.79576
1.80288
1.80475
1.79372
1.76442
1.72116
1.66586
1.60685
1.54958
1.49428
1.44378
1.39755
1.35588
1.32308
1.29771
1.27989
1.26742
1.25823
1.25668
1.26543
1.28523
1.31439
1.35244
1.40077
1.46411
1.54133
1.62631
1.70168
1.75129
1.7612
1.72797
1.66174
1.57339
1.47838
1.3919
1.32113
1.27153
1.24794
1.25045
1.27347
1.31572
1.36593
1.41456
1.44905
1.4611
1.44682
1.4079
1.34889
1.28095
1.21805
1.16627
1.13291
1.11607
1.10821
1.10088
1.08584
1.06027
1.02388
0.977357
0.923934
0.873323
0.831072
0.805509
0.799724
0.814309
0.849394
0.901543
0.969171
1.05038
1.14388
1.24222
1.34419
1.44172
1.52956
1.60328
1.65468
1.68905
1.70469
1.70568
1.69319
1.67069
1.63368
1.58074
1.50977
1.42008
1.31732
1.20473
1.0936
0.990895
0.904425
0.837582
0.793937
0.774341
0.781111
0.808798
0.859448
0.93462
1.0305
1.14597
1.27651
1.41533
1.55356
1.68401
1.79702
1.88851
1.94872
1.98249
1.99637
2.00273
2.01314
2.02916
2.03544
2.01767
1.97582
1.92159
1.87624
1.84464
1.82551
1.80865
1.78876
1.7639
1.73805
1.71018
1.68121
1.64241
1.59132
1.52413
1.44004
1.33947
1.22697
1.11089
1.00382
0.914052
0.850441
0.821588
0.829631
0.865695
0.927627
1.00058
1.07621
1.14543
1.20751
1.26475
1.31959
1.37955
1.44935
1.52584
1.60197
1.66712
1.70902
1.72302
1.70681
1.67118
1.62352
1.57116
1.52046
1.47265
1.42909
1.39053
1.3555
1.33038
1.3111
1.30056
1.29651
1.30077
1.30827
1.31498
1.31335
1.37366
1.35558
1.32298
1.27804
1.23009
1.18852
1.15411
1.12393
1.09591
1.07251
1.05154
1.03966
1.03492
1.03359
1.02884
1.02479
1.02259
1.02953
1.0537
1.09972
1.16522
1.24614
1.33145
1.41385
1.48175
1.52588
1.54037
1.52963
1.51348
1.50327
1.50571
1.51483
1.52179
1.52328
1.52016
1.52222
1.5367
1.56995
1.62651
1.70265
1.79497
1.89644
1.99556
2.08192
2.14383
2.17078
2.16048
2.11545
2.04552
1.96696
1.89789
1.85446
1.83967
1.85604
1.89413
1.94063
1.97802
1.98418
1.95861
1.90656
1.84035
1.77416
1.71965
1.68328
1.66964
1.67259
1.68555
1.69768
1.70031
1.69026
1.66584
1.62974
1.5836
1.52771
1.46738
1.40545
1.34529
1.29477
1.25943
1.24354
1.25482
1.28952
1.34251
1.40984
1.47553
1.52649
1.55412
1.55446
1.52701
1.4816
1.43405
1.39353
1.36995
1.36226
1.36514
1.37793
1.40128
1.43049
1.44767
1.44314
1.41135
1.36191
1.3085
1.26007
1.21755
1.17728
1.13682
1.0954
1.05891
1.03707
1.03616
1.05791
1.10494
1.16781
1.24237
1.3157
1.37607
1.41819
1.44223
1.45157
1.44872
1.43275
1.40521
1.3686
1.32935
1.29153
1.25672
1.23088
1.2182
1.21889
1.23336
1.24984
1.25644
1.23883
1.19345
1.12157
1.04126
0.970652
0.917449
0.889882
0.886562
0.903833
0.934917
0.970197
1.0072
1.03808
1.06353
1.08818
1.11568
1.14285
1.17173
1.20085
1.23372
1.27678
1.33227
1.40144
1.47725
1.55042
1.61504
1.66277
1.69557
1.70668
1.69445
1.65902
1.60128
1.52392
1.43058
1.33125
1.2339
1.1535
1.09487
1.0671
1.06631
1.09318
1.14196
1.21239
1.30047
1.39787
1.50007
1.59709
1.68359
1.74845
1.79121
1.80712
1.79436
1.7519
1.68949
1.61762
1.54965
1.50228
1.48625
1.50404
1.55048
1.61105
1.66497
1.71007
1.74273
1.7645
1.78243
1.79961
1.81741
1.83472
1.84944
1.84972
1.82537
1.77155
1.69553
1.61015
1.52119
1.42963
1.33966
1.25348
1.176
1.11645
1.07908
1.06563
1.07784
1.11168
1.15706
1.2055
1.25166
1.2892
1.31698
1.33665
1.35305
1.36776
1.38356
1.39718
1.40542
1.40728
1.39971
1.38086
1.35177
1.31275
1.26905
1.22643
1.1908
1.16696
1.15493
1.15532
1.16704
1.18649
1.2143
1.2457
1.28052
1.31063
1.32756
1.31669
1.27176
1.19032
1.07895
0.950217
0.815916
0.694481
0.595767
0.528351
0.501348
0.515898
0.573979
0.668371
0.784677
0.902966
1.00094
1.0595
1.0782
1.06701
1.03486
0.990043
0.942798
0.900065
0.867874
0.851036
0.859623
0.891356
0.944241
1.01579
1.09907
1.18887
1.28559
1.38414
1.48185
1.56489
1.62119
1.64064
1.61996
1.56751
1.50152
1.43698
1.3858
1.35415
1.34027
1.33839
1.33988
1.34478
1.34742
1.3478
1.34433
1.34089
1.34122
1.35098
1.37919
1.42496
1.48307
1.54652
1.6005
1.64217
1.66402
1.66067
1.63532
1.58609
1.51395
1.4223
1.31948
1.21223
1.10804
1.01659
0.942328
0.888454
0.849828
0.830412
0.828256
0.847519
0.88924
0.9574
1.04746
1.16152
1.28832
1.41723
1.53206
1.61555
1.65659
1.65297
1.61106
1.54471
1.47237
1.41125
1.36597
1.33774
1.31746
1.29998
1.27286
1.23488
1.18485
1.12834
1.0738
1.02905
1.0015
0.993193
1.00458
1.038
1.08714
1.14538
1.20748
1.26705
1.32337
1.37157
1.41247
1.44328
1.46574
1.48129
1.49114
1.49426
1.49314
1.48612
1.47423
1.46024
1.4474
1.44076
1.44311
1.45156
1.46143
1.46937
1.47005
1.46641
1.45262
1.43017
1.39575
1.34793
1.29044
1.22933
1.17415
1.13081
1.10707
1.1025
1.11923
1.14991
1.18853
1.23015
1.26807
1.29545
1.30969
1.30913
1.29344
1.27264
1.2493
1.23208
1.2198
1.21637
1.22336
1.24231
1.27368
1.32064
1.38004
1.44688
1.50598
1.54943
1.56945
1.56557
1.54508
1.5214
1.50496
1.50302
1.52069
1.55265
1.58843
1.61697
1.63185
1.62625
1.60306
1.57195
1.5407
1.51881
1.51073
1.52015
1.55005
1.59856
1.66485
1.74104
1.82049
1.88287
1.92416
1.9376
1.91722
1.86525
1.79223
1.70033
1.5989
1.49192
1.38162
1.27227
1.16007
1.05171
0.955197
0.876195
0.826271
0.811527
0.839335
0.908327
1.00772
1.12749
1.24724
1.34962
1.41796
1.44608
1.4386
1.40494
1.35982
1.31429
1.28212
1.26331
1.25306
1.25097
1.25091
1.25479
1.26586
1.28537
1.31494
1.3532
1.39132
1.42706
1.45523
1.47323
1.4801
1.47443
1.45832
1.43307
1.39188
1.33892
1.2805
1.22308
1.17276
1.12929
1.10174
1.08349
1.07468
1.06556
1.05983
1.05717
1.06481
1.09446
1.14875
1.23324
1.337
1.44979
1.55511
1.64012
1.70097
1.73899
1.76316
1.78006
1.7949
1.8113
1.8218
1.82315
1.81025
1.77812
1.72464
1.64769
1.54513
1.41956
1.27422
1.12526
0.979449
0.846058
0.733642
0.641728
0.575069
0.531394
0.513443
0.522344
0.554862
0.611961
0.685423
0.773927
0.870734
0.978368
1.09463
1.21453
1.33401
1.44051
1.52469
1.5823
1.60989
1.61163
1.59958
1.58696
1.5815
1.59274
1.61169
1.63625
1.65651
1.66281
1.6506
1.62283
1.58246
1.54109
1.51262
1.50527
1.5269
1.57408
1.63737
1.70407
1.75835
1.79038
1.79522
1.7717
1.72037
1.64986
1.56428
1.47148
1.37984
1.29841
1.22756
1.17347
1.14268
1.13504
1.15032
1.1846
1.23611
1.30372
1.38949
1.49248
1.59955
1.70806
1.80537
1.88757
1.94772
1.97666
1.96829
1.9194
1.83666
1.73199
1.62618
1.53343
1.45716
1.38895
1.32094
1.25701
1.20797
1.18232
1.18717
1.21981
1.26615
1.3189
1.36932
1.40986
1.44709
1.47684
1.50472
1.52424
1.54269
1.56572
1.59299
1.62794
1.67368
1.72586
1.78814
1.85664
1.93331
2.0125
2.08467
2.14075
2.17141
2.17309
2.14865
2.10313
2.04631
1.98176
1.91253
1.84171
1.76776
1.69599
1.62956
1.57299
1.532
1.50772
1.50265
1.51344
1.53526
1.55975
1.58536
1.61096
1.63457
1.65478
1.66578
1.66404
1.64586
1.61444
1.57707
1.54027
1.51094
1.49333
1.49252
1.50586
1.5318
1.55905
1.58347
1.59591
1.59444
1.57502
1.53927
1.48895
1.42393
1.34672
1.26484
1.18476
1.11507
1.06679
1.04613
1.05465
1.09299
1.15323
1.22251
1.28562
1.32381
1.32945
1.30121
1.25397
1.21067
1.18507
1.1844
1.20184
1.2287
1.24972
1.26042
1.26037
1.25816
1.26206
1.27721
1.30262
1.33685
1.37111
1.40063
1.41638
1.41829
1.40241
1.37069
1.32005
1.25453
1.17855
1.09698
1.02001
0.958592
0.922112
0.915988
0.939993
0.998015
1.08327
1.18609
1.28966
1.37915
1.44017
1.4741
1.49208
1.50192
1.51544
1.53569
1.56362
1.60073
1.64534
1.69182
1.73547
1.77387
1.79674
1.80378
1.79719
1.78076
1.76008
1.74197
1.72518
1.71147
1.69855
1.68669
1.67664
1.66406
1.65112
1.6354
1.61364
1.58459
1.54912
1.51324
1.47825
1.44661
1.41199
1.37315
1.33176
1.28895
1.24642
1.21339
1.18978
1.17782
1.1735
1.1753
1.17968
1.18203
1.18542
1.18896
1.19634
1.21207
1.23385
1.2588
1.28779
1.32648
1.36961
1.42152
1.48352
1.55769
1.63688
1.72294
1.80811
1.88009
1.92661
1.93847
1.91477
1.86058
1.78641
1.70409
1.61654
1.53819
1.47715
1.43829
1.42513
1.44135
1.47601
1.52214
1.56527
1.58826
1.58321
1.54747
1.48767
1.42119
1.36118
1.31745
1.30072
1.30841
1.34769
1.40791
1.48157
1.55663
1.62258
1.66984
1.69254
1.69295
1.66841
1.62747
1.5808
1.54303
1.51854
1.50754
1.50612
1.50468
1.49754
1.48772
1.46719
1.44196
1.41274
1.38209
1.36053
1.35618
1.37022
1.40035
1.4329
1.4578
1.47125
1.47135
1.46638
1.45628
1.45033
1.45002
1.45495
1.46385
1.47236
1.48186
1.48783
1.49957
1.51471
1.52805
1.53627
1.54215
1.551
1.55661
1.55857
1.53845
1.48207
1.38769
1.26412
1.13485
1.02331
0.946787
0.916779
0.932593
0.990529
1.07737
1.16949
1.23438
1.24112
1.18379
1.08823
0.986041
0.890866
0.817057
0.767556
0.74364
0.739864
0.752627
0.781232
0.822815
0.878302
0.946099
1.02479
1.10796
1.19096
1.26719
1.32952
1.37695
1.41327
1.43875
1.46248
1.48375
1.50867
1.53434
1.56381
1.59418
1.62215
1.64715
1.66772
1.68962
1.7057
1.72444
1.74542
1.7674
1.78028
1.78015
1.7638
1.74057
1.7191
1.70848
1.70892
1.72046
1.73889
1.76318
1.79883
1.84888
1.91582
1.99733
2.08592
2.17432
2.24985
2.30206
2.32472
2.30626
2.2485
2.15381
2.0271
1.88348
1.73472
1.5932
1.46364
1.35163
1.26011
1.1855
1.12489
1.07338
1.02908
0.997327
0.986302
1.00244
1.04761
1.11868
1.20794
1.30224
1.39378
1.47256
1.53554
1.58375
1.61793
1.64208
1.65946
1.6668
1.66299
1.65308
1.64379
1.64599
1.67018
1.71616
1.77436
1.83012
1.86164
1.8528
1.80001
1.70709
1.59015
1.4705
1.36521
1.28853
1.24615
1.22744
1.22466
1.22791
1.22573
1.21242
1.18775
1.15151
1.11404
1.08281
1.07183
1.09035
1.14216
1.23161
1.35177
1.4916
1.62924
1.74315
1.8124
1.82443
1.78149
1.70296
1.61438
1.53683
1.48867
1.47489
1.49692
1.54227
1.5936
1.62497
1.62067
1.58418
1.52957
1.47296
1.42416
1.3885
1.36392
1.35023
1.35161
1.37029
1.41123
1.47453
1.55514
1.64555
1.7215
1.76562
1.76369
1.71569
1.63599
1.54631
1.46206
1.39323
1.34244
1.3099
1.2902
1.27993
