1.1
1.09966
1.09687
1.09144
1.08346
1.07266
1.05834
1.0402
1.01738
0.98939
0.955677
0.915926
0.870164
0.81892
0.763678
0.706805
0.651245
0.60047
0.557656
0.525303
0.504468
0.494855
0.49481
0.502107
0.514216
0.528777
0.543973
0.558304
0.570924
0.581429
0.589832
0.596307
0.601207
0.604981
0.608038
0.610838
0.613702
0.616816
0.620438
0.624642
0.629355
0.634466
0.639749
0.644942
0.649729
0.653737
0.65671
0.658394
0.65866
0.657326
0.654377
0.649969
0.64438
0.638128
0.631591
0.625334
0.619783
0.61492
0.610674
0.60675
0.602853
0.598746
0.594156
0.58897
0.583291
0.577321
0.571361
0.566019
0.561984
0.559771
0.559604
0.561332
0.564443
0.568173
0.571679
0.574297
0.575509
0.575154
0.573342
0.570226
0.566302
0.561943
0.557615
0.553541
0.549914
0.546862
0.544438
0.542663
0.541543
0.540989
0.541
0.541453
0.542264
0.543165
0.544153
0.54512
0.54627
0.547646
0.549497
0.55189
0.55483
0.558235
0.561771
0.565224
0.568456
0.571362
0.573813
0.575771
0.577197
0.57798
0.578145
0.577756
0.576827
0.575566
0.573964
0.572183
0.570558
0.569407
0.569161
0.570255
0.572864
0.576859
0.581752
0.586738
0.590944
0.593497
0.593916
0.591963
0.587639
0.581423
0.574012
0.566322
0.559344
0.55414
0.551394
0.551543
0.554419
0.559558
0.566043
0.57291
0.579302
0.584549
0.588246
0.590209
0.590394
0.588983
0.586127
0.582244
0.577792
0.573198
0.568972
0.565397
0.562739
0.561077
0.560184
0.559851
0.559579
0.558989
0.557689
0.555615
0.552791
0.549782
0.54719
0.545715
0.545853
0.5478
0.551331
0.555919
0.561145
0.566611
0.572138
0.577725
0.583304
0.588791
0.593835
0.598061
0.601007
0.602313
0.601453
0.598309
0.592951
0.585603
0.576694
0.566713
0.556355
0.546368
0.537609
0.530831
0.526693
0.525506
0.527159
0.531107
0.536592
0.542815
0.549076
0.554805
0.559682
0.56338
0.565628
0.566397
0.565865
0.564387
0.562608
0.561306
0.561219
0.562767
0.566124
0.570852
0.576547
0.582464
0.587847
0.592126
0.594858
0.595868
0.595136
0.593096
0.590192
0.587056
0.584245
0.582241
0.581144
0.580655
0.580225
0.57914
0.576631
0.572199
0.565569
0.5571
0.547369
0.537481
0.528726
0.522176
0.518623
0.518447
0.521527
0.527326
0.534907
0.543079
0.55071
0.556643
0.560116
0.560858
0.559078
0.555414
0.550859
0.546585
0.543664
0.542734
0.543966
0.546825
0.550719
0.554734
0.557941
0.559657
0.559382
0.557004
0.552754
0.547197
0.541168
0.535704
0.531661
0.529613
0.529625
0.531232
0.533879
0.536784
0.539409
0.541551
0.54328
0.544721
0.546193
0.547958
0.550173
0.552982
0.55623
0.559831
0.563561
0.56711
0.570317
0.573029
0.575046
0.576344
0.576954
0.576856
0.576151
0.574943
0.573372
0.571547
0.569656
0.567941
0.566658
0.565927
0.56572
0.565986
0.56637
0.566403
0.565641
0.563873
0.561122
0.557718
0.554289
0.551368
0.549669
0.549453
0.55042
0.552338
0.554568
0.556358
0.556969
0.555816
0.552619
0.547311
0.540271
0.53218
0.524065
0.516947
0.511557
0.508113
0.506408
0.505924
0.506337
0.507373
0.508918
0.511114
0.514076
0.517909
0.522827
0.528912
0.536112
0.544302
0.553162
0.562412
0.571631
0.580404
0.588477
0.595763
0.602102
0.607623
0.612437
0.616746
0.620673
0.624335
0.627604
0.630158
0.6319
0.632563
0.632164
0.630799
0.628597
0.625908
0.622852
0.619735
0.616718
0.613891
0.61135
0.609107
0.607092
0.605043
0.602699
0.599744
0.595835
0.590707
0.584425
0.577168
0.569522
0.562184
0.555927
0.551232
0.548152
0.546485
0.545936
0.546033
0.54657
0.547708
0.54945
0.551652
0.554019
0.556049
0.557167
0.556856
0.55492
0.551355
0.546426
0.540636
0.534577
0.528909
0.524157
0.520758
0.519101
0.519365
0.521476
0.525059
0.52977
0.534899
0.539721
0.543575
0.546018
0.54665
0.545418
0.542533
0.538441
0.53383
0.529474
0.526181
0.524517
0.524872
0.527332
0.531598
0.537324
0.544061
0.551372
0.558859
0.566138
0.573056
0.579253
0.584489
0.588432
0.590846
0.591562
0.590525
0.587945
0.584072
0.579336
0.574252
0.569363
0.565077
0.56188
0.559896
0.559093
0.559322
0.560151
0.561027
0.56159
0.561609
0.561106
0.560227
0.559462
0.559302
0.56006
0.561867
0.564521
0.56778
0.571294
0.574921
0.578406
0.581564
0.584115
0.585734
0.586133
0.585174
0.582733
0.578987
0.574316
0.569269
0.564535
0.560609
0.557988
0.556832
0.55693
0.55799
0.559504
0.561001
0.562268
0.56299
0.563131
0.562569
0.561354
0.559417
0.556761
0.553379
0.54927
0.544547
0.539383
0.533896
0.5285
0.523469
0.519239
0.516131
0.514603
0.514996
0.517375
0.521619
0.527269
0.533659
0.540154
0.546268
0.551746
0.556502
0.560569
0.56394
0.566598
0.568596
0.569824
0.570208
0.569771
0.568531
0.566586
0.564089
0.561229
0.558156
0.555033
0.552092
0.549421
0.547024
0.544849
0.542896
0.541062
0.539275
0.537571
0.536018
0.53478
0.533979
0.533738
0.534133
0.535167
0.536791
0.539098
0.541954
0.545314
0.548789
0.552075
0.554922
0.556969
0.558202
0.558551
0.557918
0.556365
0.553893
0.550714
0.547085
0.543307
0.539955
0.537424
0.536201
0.53657
0.538595
0.542044
0.54663
0.552114
0.558234
0.564686
0.571165
0.577297
0.582587
0.586649
0.58926
0.590537
0.590707
0.590108
0.589008
0.587843
0.586777
0.585803
0.584943
0.584004
0.582847
0.581267
0.579205
0.576499
0.57321
0.569272
0.565085
0.5609
0.557119
0.554102
0.552047
0.551246
0.551688
0.553217
0.555676
0.558707
0.562011
0.565211
0.568025
0.570134
0.571344
0.571492
0.570248
0.567489
0.563025
0.556962
0.549424
0.540853
0.53183
0.522926
0.514839
0.508145
0.50317
0.499917
0.498153
0.497277
0.496713
0.495824
0.494279
0.492015
0.489498
0.487524
0.486844
0.488171
0.491634
0.496794
0.503161
0.510108
0.517183
0.524046
0.530546
0.536678
0.54262
0.54853
0.55454
0.5609
0.567565
0.574467
0.581356
0.587849
0.593478
0.597963
0.601035
0.602645
0.603029
0.602435
0.601355
0.600123
0.598924
0.597741
0.596204
0.593818
0.590088
0.58466
0.577309
0.5682
0.557794
0.546646
0.535601
0.525663
0.517588
0.51195
0.509127
0.508919
0.510816
0.514107
0.517881
0.521187
0.523205
0.523395
0.52155
0.517929
0.51333
0.508767
0.505197
0.503196
0.502977
0.504202
0.506529
0.509382
0.512232
0.514616
0.516094
0.516434
0.515346
0.512824
0.50893
0.503924
0.498178
0.492082
0.486161
0.480749
0.47633
0.47306
0.471017
0.470162
0.470443
0.471669
0.47378
0.476632
0.480097
0.484024
0.48817
0.492373
0.496408
0.500031
0.503097
0.505582
0.50747
0.508943
0.510212
0.511502
0.512919
0.514662
0.516645
0.518869
0.521276
0.523889
0.526761
0.530105
0.534094
0.538799
0.544201
0.550192
0.556514
0.562939
0.569424
0.575784
0.582061
0.588101
0.593796
0.598949
0.60338
0.606879
0.609372
0.610769
0.611116
0.610419
0.608699
0.606144
0.602826
0.598944
0.594762
0.590475
0.586454
0.582927
0.579999
0.577793
0.576206
0.5751
0.574253
0.573437
0.572466
0.571314
0.569946
0.568393
0.566719
0.564945
0.562993
0.560899
0.558667
0.55631
0.553823
0.551478
0.549462
0.547991
0.54706
0.546714
0.546906
0.547571
0.548772
0.550667
0.553265
0.55649
0.560301
0.564525
0.56872
0.572565
0.575698
0.577625
0.577878
0.57617
0.572608
0.567302
0.560849
0.554038
0.547515
0.541901
0.537579
0.534561
0.532911
0.532362
0.532798
0.534058
0.535954
0.53837
0.541146
0.544077
0.546906
0.549348
0.551309
0.552608
0.55339
0.554007
0.554943
0.556452
0.558857
0.562114
0.56599
0.570091
0.573884
0.57701
0.579161
0.580275
0.580599
0.580543
0.580678
0.581599
0.58356
0.586814
0.591191
0.596262
0.601427
0.606125
0.609857
0.612255
0.613131
0.612574
0.610648
0.60747
0.603086
0.597588
0.590893
0.583231
0.574803
0.566011
0.557588
0.550189
0.54449
0.540811
0.539268
0.539375
0.540456
0.541487
0.541644
0.540365
0.53757
0.533376
0.528223
0.522641
0.517105
0.512322
0.508732
0.506784
0.506746
0.508983
0.513583
0.520411
0.528963
0.538595
0.548539
0.558155
0.566908
0.574573
0.581127
0.586664
0.59124
0.595003
0.597979
0.600224
0.601576
0.601919
0.601275
0.599809
0.597733
0.595467
0.593208
0.591264
0.589754
0.588494
0.587317
0.585877
0.583672
0.580557
0.576252
0.571004
0.565166
0.559097
0.553555
0.549174
0.546619
0.546141
0.547798
0.55117
0.555643
0.560458
0.564784
0.567876
0.569466
0.569537
0.568422
0.566443
0.564081
0.561622
0.559324
0.557191
0.555247
0.553546
0.552026
0.5505
0.548689
0.546263
0.542942
0.538618
0.533319
0.527491
0.521579
0.516148
0.511701
0.508607
0.506948
0.506681
0.507788
0.510104
0.513696
0.518693
0.525177
0.533176
0.54247
0.552423
0.562184
0.570792
0.577346
0.581396
0.582707
0.581399
0.577865
0.572657
0.566276
0.559115
0.551457
0.543725
0.536212
0.529155
0.522822
0.517423
0.513177
0.510285
0.508903
0.50926
0.511387
0.515206
0.520641
0.52746
0.535324
0.543845
0.552696
0.561473
0.569586
0.576633
0.582323
0.58634
0.588732
0.589815
0.589929
0.589655
0.589617
0.590086
0.591321
0.593302
0.595966
0.599089
0.602414
0.605812
0.609055
0.61203
0.61459
0.616715
0.618427
0.619685
0.620522
0.620842
0.620577
0.619531
0.617577
0.61448
0.610212
0.604623
0.597808
0.590246
0.582531
0.57552
0.570066
0.566604
0.564874
0.5644
0.564432
0.564614
0.564768
0.5649
0.565174
0.565456
0.565577
0.56522
0.564184
0.562331
0.559856
0.55691
0.553682
0.550091
0.546168
0.542046
0.538224
0.535414
0.534388
0.536002
0.540652
0.548172
0.557914
0.568874
0.579969
0.590138
0.598699
0.605186
0.609424
0.611297
1.1
1.09731
1.08745
1.07069
1.0478
1.01971
0.987886
0.953961
0.919809
0.887275
0.858163
0.833778
0.814912
0.801794
0.794217
0.791986
0.794616
0.801501
0.811816
0.824481
0.838288
0.852038
0.864857
0.876318
0.886259
0.89476
0.901966
0.908145
0.913384
0.917832
0.921208
0.922978
0.922392
0.918687
0.911518
0.900879
0.887101
0.871032
0.853465
0.835399
0.818172
0.803097
0.79165
0.784921
0.782544
0.782675
0.782845
0.781347
0.77761
0.772397
0.767179
0.763568
0.762985
0.766309
0.773776
0.78474
0.797925
0.811873
0.825009
0.836006
0.844048
0.848627
0.849769
0.848063
0.844312
0.839431
0.834309
0.829726
0.826107
0.823615
0.822387
0.822643
0.824761
0.829101
0.835975
0.84513
0.855866
0.866996
0.877105
0.885105
0.890199
0.892126
0.890963
0.887188
0.881605
0.875242
0.86913
0.864247
0.861227
0.860295
0.8614
0.863976
0.867363
0.870851
0.873857
0.875934
0.876465
0.87525
0.872231
0.868327
0.865608
0.866508
0.872051
0.880824
0.889831
0.896822
0.900936
0.902482
0.90209
0.900348
0.897326
0.89296
0.88722
0.880099
0.871702
0.862645
0.853589
0.845717
0.84035
0.838897
0.842408
0.851132
0.864949
0.882763
0.903043
0.924092
0.944142
0.961819
0.97597
0.986019
0.991764
0.993345
0.991254
0.986365
0.97958
0.971611
0.962882
0.953646
0.943782
0.933152
0.92186
0.910107
0.898576
0.887858
0.878364
0.870512
0.864377
0.859853
0.856867
0.855486
0.855816
0.857967
0.861804
0.867274
0.874468
0.883848
0.89577
0.910095
0.925608
0.940616
0.953137
0.961835
0.965492
0.963345
0.954611
0.938914
0.917078
0.892476
0.870831
0.857324
0.853238
0.85547
0.859758
0.863363
0.864997
0.864808
0.863669
0.862838
0.863592
0.866708
0.872695
0.881076
0.890519
0.899434
0.906042
0.908883
0.906961
0.900016
0.888782
0.874676
0.860071
0.847309
0.838248
0.833643
0.833425
0.836604
0.841987
0.848472
0.855112
0.861132
0.8664
0.870903
0.87482
0.878209
0.88114
0.883491
0.885072
0.885869
0.885686
0.884753
0.883162
0.881231
0.879374
0.877848
0.876965
0.876599
0.876537
0.876227
0.875065
0.872657
0.868867
0.863727
0.857319
0.849637
0.840779
0.830672
0.819641
0.809027
0.801347
0.799689
0.805985
0.819651
0.837638
0.855829
0.870881
0.880831
0.885188
0.884592
0.88011
0.873343
0.865705
0.858689
0.85359
0.851119
0.851418
0.854091
0.858571
0.864308
0.871159
0.879107
0.887967
0.897241
0.905956
0.912884
0.916755
0.916789
0.912686
0.904747
0.893937
0.881452
0.868473
0.856001
0.844662
0.834628
0.825925
0.818726
0.813235
0.809757
0.808594
0.809693
0.812528
0.816442
0.820647
0.824627
0.828304
0.832246
0.836909
0.842607
0.849263
0.856441
0.863579
0.870147
0.875426
0.878636
0.879363
0.877725
0.87471
0.871821
0.869963
0.869003
0.868082
0.86679
0.865305
0.864434
0.864824
0.866563
0.869118
0.871342
0.872249
0.871334
0.868155
0.862784
0.855368
0.846452
0.836786
0.827463
0.819351
0.813566
0.810909
0.811918
0.81698
0.8259
0.837964
0.851815
0.865667
0.877925
0.887161
0.89248
0.893585
0.890838
0.884818
0.876591
0.867368
0.858702
0.851948
0.847732
0.846086
0.846571
0.848417
0.8509
0.853344
0.855379
0.856883
0.858011
0.859219
0.860428
0.861218
0.860976
0.859478
0.856823
0.853491
0.849996
0.846922
0.844294
0.841992
0.840075
0.838676
0.838552
0.840719
0.845942
0.854098
0.864494
0.875999
0.887701
0.898971
0.909573
0.919152
0.927269
0.933322
0.936656
0.936746
0.933229
0.925832
0.914896
0.900845
0.88462
0.867507
0.851205
0.837325
0.827296
0.822344
0.822505
0.82659
0.83239
0.83786
0.841829
0.843995
0.844823
0.845212
0.846191
0.848597
0.852944
0.859416
0.867823
0.877722
0.888406
0.898957
0.908393
0.91584
0.920665
0.922563
0.921619
0.918054
0.912207
0.904471
0.895364
0.885316
0.874934
0.865017
0.856356
0.849808
0.84574
0.844455
0.845858
0.84963
0.855088
0.861595
0.868181
0.874081
0.878699
0.881811
0.883315
0.883548
0.882999
0.882217
0.881894
0.882289
0.883505
0.885047
0.885844
0.884687
0.880441
0.872539
0.861156
0.84742
0.833241
0.821225
0.813727
0.811962
0.815515
0.822664
0.831169
0.839053
0.84489
0.84815
0.848718
0.847028
0.843802
0.839982
0.836305
0.833446
0.831671
0.83107
0.831358
0.832402
0.834072
0.836699
0.840902
0.847344
0.856262
0.867271
0.879269
0.890429
0.899187
0.90453
0.906183
0.904777
0.901528
0.897837
0.8944
0.891179
0.887385
0.882663
0.877057
0.871474
0.866578
0.862799
0.860171
0.858742
0.858631
0.859759
0.861704
0.863891
0.865636
0.866361
0.865903
0.864537
0.862605
0.860313
0.857699
0.854278
0.849494
0.842961
0.834558
0.824521
0.813219
0.801052
0.78831
0.775485
0.763684
0.754618
0.750278
0.752499
0.762275
0.779094
0.800903
0.824437
0.846641
0.86516
0.878791
0.887085
0.890685
0.890569
0.888126
0.884739
0.881576
0.879392
0.878471
0.878573
0.878822
0.878473
0.876837
0.87362
0.868898
0.863013
0.856417
0.849581
0.842848
0.836702
0.831645
0.828278
0.827224
0.828947
0.833784
0.841581
0.851705
0.863062
0.874405
0.884453
0.892418
0.897963
0.90096
0.901729
0.900684
0.898196
0.894836
0.890824
0.886658
0.88275
0.879763
0.878586
0.880434
0.886097
0.895586
0.908004
0.921287
0.933305
0.942166
0.94653
0.945808
0.940221
0.930436
0.917591
0.903308
0.888888
0.875575
0.864147
0.854932
0.847934
0.842808
0.839073
0.83639
0.834374
0.83297
0.83236
0.83284
0.834796
0.838326
0.843382
0.849838
0.85743
0.86579
0.874909
0.884424
0.893995
0.903217
0.911573
0.918618
0.924079
0.927775
0.929825
0.931074
0.932439
0.934722
0.938293
0.942636
0.946828
0.949323
0.948403
0.942678
0.931492
0.914839
0.893756
0.870273
0.846929
0.82634
0.810749
0.801383
0.798681
0.802056
0.810186
0.821411
0.833917
0.846076
0.856778
0.865593
0.872565
0.878039
0.882118
0.884574
0.885095
0.883176
0.878545
0.871259
0.861619
0.850115
0.837786
0.825638
0.814834
0.806168
0.800443
0.798094
0.799087
0.802946
0.808901
0.815954
0.823284
0.830399
0.837018
0.84283
0.847541
0.85111
0.853741
0.856223
0.859498
0.864314
0.870802
0.878314
0.885919
0.892753
0.898135
0.901827
0.903709
0.903676
0.901709
0.897997
0.892878
0.887054
0.881434
0.876739
0.873163
0.870352
0.867592
0.864443
0.860836
0.85737
0.855019
0.854417
0.855753
0.85824
0.860665
0.861863
0.860767
0.856582
0.848821
0.837238
0.822575
0.806427
0.791283
0.779679
0.773127
0.77185
0.775026
0.781582
0.790216
0.799933
0.809739
0.81877
0.8263
0.831861
0.835667
0.83833
0.840874
0.844048
0.848013
0.852304
0.855988
0.858098
0.858029
0.855732
0.852014
0.848024
0.845136
0.844383
0.846004
0.849524
0.854266
0.859594
0.865122
0.870508
0.875047
0.877889
0.877913
0.874532
0.867872
0.858421
0.847109
0.834375
0.820781
0.806692
0.792778
0.780176
0.770044
0.763703
0.762092
0.765409
0.77306
0.783772
0.796217
0.809463
0.822881
0.836067
0.848563
0.859467
0.868173
0.873978
0.876586
0.875754
0.871727
0.864818
0.855453
0.844155
0.831411
0.818192
0.805671
0.795531
0.789203
0.787484
0.790115
0.79586
0.803044
0.810135
0.815989
0.819927
0.821745
0.821355
0.818841
0.814607
0.80946
0.804447
0.800811
0.799363
0.800444
0.803643
0.808306
0.813637
0.818956
0.823826
0.827978
0.831042
0.832782
0.833035
0.831914
0.829549
0.826276
0.822493
0.818721
0.815423
0.812802
0.811043
0.810011
0.809788
0.810252
0.811703
0.814681
0.819331
0.825262
0.831206
0.835692
0.837523
0.836589
0.833705
0.830229
0.827615
0.826813
0.828132
0.83145
0.836396
0.842485
0.848984
0.855095
0.859982
0.862851
0.862955
0.860032
0.854609
0.847773
0.841348
0.836445
0.83313
0.83035
0.826699
0.821677
0.8155
0.809373
0.804511
0.801934
0.802102
0.805152
0.810703
0.818353
0.827779
0.838475
0.849782
0.861003
0.871395
0.880272
0.887239
0.891709
0.893173
0.891276
0.886007
0.877945
0.868145
0.857785
0.848027
0.839616
0.832985
0.828606
0.826794
0.827637
0.830838
0.835986
0.842117
0.848253
0.853619
0.857638
0.860132
0.861145
0.860952
0.860005
0.858423
0.856194
0.853114
0.848757
0.842956
0.835987
0.828819
0.822845
0.819835
0.821266
0.827505
0.83818
0.85168
0.866162
0.879811
0.891129
0.899314
0.903916
0.904861
0.902202
0.896166
0.887294
0.876406
0.865035
0.855217
0.848579
0.845716
0.845462
0.845967
0.845582
0.843432
0.839326
0.833579
0.826664
0.819058
0.811301
0.803939
0.797532
0.792342
0.788397
0.785365
0.782813
0.78063
0.779006
0.778681
0.780322
0.784486
0.791397
0.800675
0.811622
0.823332
0.834618
0.844342
0.851355
0.854973
0.854934
0.851418
0.844876
0.835977
0.825587
0.814694
0.804282
0.795441
0.789074
0.785943
0.786521
0.790804
0.798474
0.808828
0.821022
0.834233
0.847755
0.861031
0.873585
0.885138
0.895096
0.902807
0.907661
0.909459
0.908303
0.90514
0.901019
0.896871
0.893113
0.889911
0.887167
0.884706
0.882064
0.878775
0.874445
0.869011
0.863181
0.858231
0.855547
0.856143
0.860061
0.866292
0.873135
0.878587
0.881193
0.880191
0.875574
0.867774
0.857426
0.845408
0.832708
0.820831
0.811471
0.805956
0.804557
0.806466
0.809958
0.813236
0.814444
0.812523
0.807106
0.798807
0.788809
0.778947
0.771226
0.767591
0.76951
0.777543
0.791025
0.808321
0.827249
0.845597
0.86158
0.873901
0.881695
0.88463
0.882728
0.876639
0.867791
0.858201
0.850131
0.84492
0.842985
0.843715
0.845818
0.84812
0.849628
0.849761
0.848303
0.845211
0.840698
0.835047
0.828685
0.821943
0.815086
0.808028
0.800712
0.793145
0.785509
0.778362
0.772834
0.77009
0.771202
0.77673
0.786469
1.1
1.11315
1.12534
1.13487
1.1411
1.14343
1.14159
1.1356
1.12615
1.11425
1.10139
1.08914
1.07908
1.07213
1.06863
1.06782
1.06827
1.0686
1.06766
1.06527
1.06202
1.05847
1.0546
1.04991
1.0442
1.03799
1.03244
1.02894
1.02816
1.03078
1.03636
1.04447
1.05417
1.0643
1.07374
1.08137
1.08654
1.08892
1.08885
1.08656
1.08281
1.07881
1.07597
1.07544
1.07699
1.07903
1.0793
1.07596
1.06879
1.05942
1.05064
1.04481
1.04358
1.04738
1.05603
1.06851
1.08324
1.09769
1.10927
1.11544
1.11435
1.10562
1.09049
1.07197
1.05328
1.03633
1.02149
1.00812
0.996051
0.985737
0.977866
0.972867
0.970983
0.972073
0.975814
0.981396
0.987831
0.993481
0.997084
0.997688
0.995457
0.991473
0.987259
0.98457
0.984574
0.987708
0.993523
1.00117
1.00966
1.01826
1.02637
1.03383
1.0403
1.04543
1.04906
1.05163
1.05421
1.05835
1.06522
1.07533
1.08817
1.10209
1.11467
1.12385
1.12796
1.12644
1.12026
1.11172
1.10351
1.09827
1.09735
1.10023
1.10508
1.10892
1.10908
1.10356
1.09203
1.07554
1.05669
1.03877
1.02467
1.01616
1.01388
1.01743
1.0261
1.03865
1.05294
1.06635
1.07684
1.08333
1.08645
1.08797
1.09013
1.09474
1.1025
1.11274
1.12394
1.13426
1.14202
1.14629
1.1468
1.14444
1.14115
1.13936
1.14113
1.14694
1.15526
1.16364
1.16923
1.16994
1.1647
1.15327
1.13629
1.11494
1.09031
1.06389
1.03657
1.00923
0.982644
0.957263
0.933741
0.912728
0.894782
0.880571
0.870757
0.866087
0.86735
0.875184
0.889651
0.90998
0.934591
0.96101
0.986395
1.00768
1.02281
1.03074
1.0321
1.02872
1.02303
1.01744
1.01353
1.01167
1.01125
1.01127
1.01105
1.01041
1.00956
1.00908
1.00945
1.01113
1.0142
1.018
1.02126
1.02231
1.01966
1.01245
1.00099
0.986533
0.97103
0.956703
0.945545
0.939003
0.937911
0.942202
0.950558
0.960024
0.966993
0.96853
0.963724
0.954113
0.942884
0.93409
0.930933
0.935144
0.946611
0.96387
0.984563
1.00603
1.02561
1.0411
1.05128
1.05633
1.0577
1.05768
1.05853
1.06162
1.06771
1.07658
1.08745
1.09858
1.10775
1.11267
1.11149
1.10328
1.08836
1.06825
1.04544
1.02298
1.00383
0.989792
0.981672
0.9789
0.980506
0.985516
0.992922
1.0017
1.01024
1.01656
1.01806
1.0121
0.997495
0.976292
0.954894
0.940401
0.935504
0.937421
0.942817
0.950547
0.961136
0.97501
0.991322
1.00844
1.02431
1.03711
1.04559
1.04933
1.04862
1.04421
1.03761
1.03053
1.02447
1.02041
1.01804
1.01621
1.01352
1.00913
1.00319
0.99641
0.990159
0.98577
0.984101
0.985539
0.989699
0.995678
1.00205
1.00737
1.01029
1.00993
1.00611
0.999379
0.990762
0.981561
0.972921
0.965922
0.961525
0.960921
0.965262
0.975381
0.991481
1.01198
1.0345
1.05577
1.07318
1.08475
1.08977
1.0879
1.07948
1.06531
1.0465
1.02528
1.00431
0.986519
0.974198
0.968339
0.968642
0.974355
0.984214
0.996307
1.00909
1.02129
1.03256
1.04318
1.0533
1.06282
1.07125
1.07796
1.08239
1.08429
1.08338
1.07992
1.07437
1.06789
1.06172
1.0569
1.05385
1.05237
1.05169
1.05108
1.04994
1.0479
1.04469
1.04047
1.03585
1.03217
1.03083
1.03302
1.03943
1.04987
1.06354
1.07895
1.09425
1.10757
1.11754
1.12293
1.12357
1.11967
1.1121
1.10191
1.08997
1.07648
1.0616
1.04539
1.02898
1.01405
1.00287
0.997355
0.998472
1.00604
1.01865
1.03371
1.04808
1.05889
1.06417
1.06332
1.0568
1.04587
1.0319
1.01633
1.00105
0.988273
0.980314
0.97856
0.982613
0.990703
1.00057
1.01088
1.02202
1.0352
1.05122
1.06988
1.09032
1.11207
1.1345
1.15604
1.17362
1.18439
1.18663
1.18031
1.16711
1.14948
1.12988
1.10947
1.08853
1.06695
1.04532
1.0246
1.00612
0.991439
0.981382
0.975955
0.974402
0.975346
0.977638
0.980515
0.983882
0.988118
0.993788
1.00119
1.01018
1.02017
1.03025
1.03914
1.04587
1.05
1.0518
1.05235
1.05263
1.05312
1.05383
1.05463
1.05569
1.0573
1.05942
1.0614
1.06195
1.06005
1.05471
1.04582
1.03341
1.01772
0.999051
0.97826
0.956832
0.936946
0.921345
0.912367
0.911888
0.920466
0.937426
0.961291
0.989276
1.01841
1.04563
1.06887
1.08707
1.09984
1.10737
1.11003
1.10804
1.10186
1.09232
1.08065
1.06888
1.05955
1.05528
1.05776
1.06642
1.0782
1.08935
1.09659
1.09808
1.09333
1.08331
1.06992
1.05555
1.04251
1.03267
1.02729
1.02657
1.0301
1.03638
1.04361
1.04986
1.05356
1.05355
1.04922
1.04052
1.02836
1.01412
0.999118
0.983868
0.967937
0.950894
0.932893
0.91476
0.897915
0.884236
0.875659
0.873498
0.878356
0.889674
0.905892
0.924818
0.944061
0.961728
0.976972
0.989656
1.00023
1.00891
1.01528
1.01862
1.01834
1.01439
1.00793
1.00072
0.994981
0.992299
0.993415
0.99769
1.00366
1.00924
1.01282
1.01352
1.01154
1.00804
1.00503
1.00429
1.00732
1.01467
1.02557
1.03844
1.05136
1.06272
1.07139
1.0765
1.07735
1.07337
1.06461
1.05191
1.03689
1.02203
1.00938
1.00035
0.99508
0.992777
0.992136
0.992576
0.994136
0.997496
1.00283
1.00909
1.01418
1.01608
1.01391
1.00828
1.0011
0.994559
0.990243
0.989023
0.990972
0.99581
1.00323
1.01267
1.02289
1.03214
1.03843
1.04008
1.03599
1.02605
1.01139
0.993834
0.976011
0.960136
0.947847
0.939876
0.936484
0.937702
0.943743
0.954995
0.971638
0.993076
1.01766
1.04305
1.06681
1.08661
1.10078
1.10877
1.11095
1.10853
1.10358
1.09838
1.09512
1.09506
1.09806
1.1023
1.10516
1.10441
1.099
1.0897
1.07816
1.066
1.05391
1.04154
1.02861
1.01607
1.00614
1.00185
1.00513
1.01608
1.03261
1.05156
1.06975
1.08494
1.09623
1.1038
1.10812
1.1097
1.10886
1.10539
1.09908
1.08983
1.07803
1.06498
1.05249
1.04228
1.03505
1.03039
1.02782
1.02688
1.02724
1.02899
1.03167
1.03463
1.03775
1.04095
1.04455
1.04927
1.05555
1.0639
1.07452
1.08699
1.10058
1.11425
1.12664
1.13627
1.14186
1.14267
1.13837
1.1292
1.11585
1.09923
1.08052
1.06069
1.04103
1.02288
1.00782
0.997222
0.991758
0.99072
0.992425
0.994426
0.994489
0.991175
0.983968
0.973385
0.960553
0.947261
0.935897
0.929422
0.930683
0.941562
0.961877
0.98902
1.019
1.04768
1.07177
1.0894
1.10014
1.10445
1.10355
1.09907
1.09236
1.08497
1.07824
1.0736
1.07193
1.07341
1.0776
1.08359
1.09024
1.09675
1.10205
1.1056
1.10655
1.10422
1.09751
1.08585
1.06927
1.04919
1.02881
1.01284
1.00564
1.00919
1.02185
1.03949
1.05756
1.07271
1.08325
1.08905
1.09091
1.08988
1.08679
1.08236
1.07711
1.07151
1.06598
1.06079
1.05569
1.05051
1.04504
1.03962
1.03475
1.03089
1.02878
1.02886
1.03119
1.03548
1.04111
1.04734
1.05311
1.05736
1.05882
1.05662
1.0507
1.04192
1.03196
1.02281
1.01619
1.01309
1.0133
1.01572
1.01882
1.02156
1.02354
1.02522
1.02783
1.03312
1.04291
1.05829
1.07868
1.1014
1.12188
1.13539
1.13835
1.12931
1.1091
1.0802
1.04637
1.0125
0.983429
0.962781
0.951964
0.949961
0.954892
0.965162
0.979339
0.995764
1.01246
1.02732
1.03889
1.04608
1.04886
1.04775
1.04393
1.0387
1.03314
1.02783
1.02288
1.0179
1.0125
1.00658
1.00092
0.997019
0.996403
1.00006
1.00767
1.01723
1.02629
1.03286
1.03606
1.03629
1.0352
1.03511
1.03769
1.04334
1.05066
1.05725
1.06059
1.05891
1.05178
1.04015
1.0263
1.01306
1.00303
0.997324
0.995352
0.995203
0.994563
0.991775
0.986404
0.978911
0.970991
0.964634
0.961542
0.962544
0.967253
0.974126
0.981046
0.986283
0.988982
0.989434
0.988831
0.988303
0.988916
0.99081
0.993646
0.996574
0.999014
1.00088
1.00236
1.00352
1.00386
1.00285
1.00027
0.996805
0.993941
0.993244
0.995668
1.00108
1.00843
1.01645
1.02408
1.03088
1.03676
1.04164
1.04546
1.0481
1.04949
1.04988
1.04965
1.04899
1.04747
1.04458
1.03987
1.03385
1.02683
1.01811
1.00641
0.991309
0.9742
0.95829
0.94741
0.944416
0.950244
0.963605
0.981563
1.00102
1.01923
1.03422
1.04482
1.05041
1.0508
1.04639
1.03817
1.02779
1.0173
1.00902
1.00489
1.00594
1.0123
1.02276
1.03535
1.04744
1.05669
1.06215
1.06414
1.06425
1.0642
1.06554
1.06914
1.07525
1.08378
1.09396
1.1042
1.11281
1.1184
1.12029
1.11846
1.11321
1.10492
1.09383
1.08023
1.06439
1.04709
1.0292
1.01183
0.996166
0.983157
0.973482
0.967222
0.964149
0.963522
0.96479
0.967626
0.97248
0.980053
0.991136
1.00602
1.02423
1.0445
1.0651
1.08453
1.10148
1.11503
1.1246
1.13007
1.13165
1.1294
1.12328
1.11326
1.09932
1.0817
1.06108
1.03876
1.01628
0.995156
0.976946
0.962939
0.953927
0.949784
0.94906
0.949074
0.947451
0.943709
0.940344
0.941378
0.947947
0.957131
0.96483
0.96934
0.971326
0.972517
0.974323
0.977044
0.98037
0.983791
0.98752
0.992282
0.999301
1.00954
1.02351
1.04093
1.06092
1.08204
1.10242
1.11967
1.13184
1.13781
1.13729
1.13097
1.12043
1.10761
1.09472
1.08319
1.07375
1.0659
1.05814
1.04892
1.03736
1.02357
1.00901
0.995796
0.986306
0.982208
0.983506
0.989007
0.996677
1.00476
1.01226
1.01886
1.02453
1.02934
1.03303
1.0355
1.03653
1.03629
1.03481
1.03217
1.02865
1.0251
1.0231
1.1
1.10158
1.10663
1.11441
1.12283
1.1301
1.13569
1.14005
1.14374
1.14699
1.14932
1.15021
1.14961
1.14832
1.14726
1.14695
1.14695
1.14576
1.14147
1.13281
1.11995
1.10443
1.08809
1.07257
1.05986
1.0524
1.05188
1.0572
1.0647
1.07073
1.07424
1.07635
1.07874
1.0824
1.08693
1.09089
1.09248
1.09017
1.08312
1.07159
1.05641
1.03912
1.02154
1.00583
0.994231
0.988921
0.991038
1.00034
1.01465
1.03047
1.04419
1.05272
1.05443
1.04923
1.03874
1.02623
1.01571
1.01081
1.01291
1.02085
1.03197
1.04331
1.05232
1.05752
1.05835
1.05531
1.05012
1.04495
1.042
1.04237
1.04593
1.05213
1.06035
1.07042
1.08186
1.09386
1.10547
1.11555
1.12283
1.12619
1.12492
1.11872
1.10827
1.09533
1.08226
1.07179
1.06627
1.06686
1.07315
1.0833
1.09428
1.10332
1.10906
1.11171
1.11215
1.11047
1.10636
1.10086
1.09673
1.0971
1.10299
1.11262
1.12313
1.1326
1.14071
1.14815
1.15581
1.16366
1.17083
1.17584
1.17719
1.17373
1.16534
1.15296
1.13851
1.12442
1.11269
1.10448
1.09975
1.09804
1.09856
1.1012
1.10582
1.11176
1.11835
1.1246
1.1297
1.1329
1.13347
1.13096
1.12576
1.11957
1.11511
1.11549
1.12237
1.13513
1.15051
1.16488
1.17545
1.18126
1.18251
1.17991
1.17484
1.16895
1.16388
1.16064
1.15905
1.15821
1.1572
1.15611
1.1553
1.15484
1.15412
1.15182
1.14683
1.13906
1.12923
1.11886
1.10953
1.1023
1.09784
1.09645
1.0985
1.10423
1.114
1.12725
1.14324
1.16057
1.17739
1.19167
1.2015
1.20595
1.20485
1.19875
1.18839
1.17421
1.15689
1.13735
1.11696
1.0972
1.07977
1.06595
1.05694
1.05346
1.05585
1.06388
1.07662
1.09202
1.10686
1.11796
1.12267
1.12025
1.11216
1.10136
1.09114
1.08359
1.07911
1.07676
1.07542
1.07396
1.07199
1.06938
1.06693
1.06667
1.07109
1.08116
1.09554
1.11197
1.12882
1.1456
1.16216
1.17803
1.19202
1.20301
1.20959
1.21109
1.20759
1.19973
1.18926
1.17781
1.16701
1.15774
1.15018
1.14414
1.13881
1.13371
1.12848
1.12338
1.11901
1.11593
1.11495
1.11641
1.12045
1.12674
1.13453
1.1426
1.14962
1.15457
1.1568
1.15646
1.15387
1.14949
1.14345
1.13592
1.1274
1.11907
1.11295
1.11143
1.11647
1.12878
1.14742
1.17006
1.19369
1.21541
1.2328
1.24403
1.24777
1.24314
1.22995
1.20921
1.18357
1.15721
1.13511
1.12088
1.11533
1.11684
1.12286
1.13155
1.14135
1.15101
1.15905
1.16406
1.16508
1.16163
1.15406
1.14314
1.12981
1.11495
1.09885
1.08197
1.06504
1.05021
1.04037
1.03811
1.04413
1.05656
1.0722
1.08751
1.10005
1.10852
1.11315
1.11487
1.11512
1.11504
1.1155
1.11674
1.11862
1.12081
1.12238
1.12196
1.11831
1.11094
1.10059
1.08897
1.0783
1.07037
1.06627
1.06657
1.07108
1.07982
1.09255
1.10896
1.1281
1.14817
1.16711
1.18326
1.19576
1.20447
1.20964
1.21164
1.21045
1.20576
1.19702
1.18381
1.16591
1.14384
1.11874
1.09291
1.0693
1.05157
1.04244
1.04281
1.05112
1.06422
1.07836
1.09053
1.09917
1.10412
1.10667
1.1089
1.11286
1.11967
1.12917
1.14036
1.15166
1.16136
1.16792
1.17051
1.16876
1.16307
1.15439
1.14381
1.13263
1.12172
1.11176
1.10308
1.09603
1.09076
1.08713
1.08503
1.08407
1.08401
1.08502
1.08721
1.09061
1.09466
1.09849
1.10101
1.10153
1.10029
1.09807
1.09584
1.09437
1.09392
1.09463
1.0972
1.1022
1.11009
1.12048
1.13208
1.14325
1.15229
1.15795
1.15985
1.15809
1.15323
1.14647
1.1391
1.13239
1.12755
1.12539
1.12612
1.12937
1.13428
1.13947
1.14385
1.14662
1.14759
1.14672
1.14374
1.13792
1.12891
1.11702
1.10388
1.09181
1.08323
1.07977
1.08157
1.08707
1.09398
1.09964
1.10197
1.10025
1.09522
1.08854
1.08267
1.07982
1.08095
1.08579
1.09281
1.10007
1.10568
1.10837
1.10754
1.10274
1.09395
1.08168
1.06698
1.05174
1.03835
1.02905
1.02551
1.0283
1.03695
1.05024
1.06669
1.08491
1.10374
1.1226
1.14149
1.1605
1.17921
1.19661
1.2109
1.21998
1.22228
1.21665
1.2031
1.18286
1.15838
1.13339
1.11193
1.09713
1.09072
1.09219
1.09936
1.10911
1.11867
1.12614
1.13086
1.13338
1.13472
1.13558
1.13579
1.13468
1.13157
1.126
1.11842
1.10977
1.10133
1.0941
1.08859
1.0848
1.08256
1.0821
1.08384
1.08829
1.09533
1.10416
1.11342
1.1218
1.12848
1.13312
1.13596
1.1379
1.13992
1.14247
1.14503
1.14594
1.14314
1.13517
1.12178
1.10407
1.08456
1.06627
1.05192
1.04278
1.03844
1.03703
1.0364
1.03519
1.033
1.03065
1.02922
1.02967
1.03275
1.03898
1.04922
1.06409
1.08353
1.10637
1.13067
1.15438
1.17573
1.19362
1.20757
1.21756
1.22363
1.2257
1.22359
1.2173
1.20738
1.19487
1.18082
1.16549
1.14888
1.13077
1.11169
1.09279
1.07587
1.06266
1.05474
1.05261
1.05543
1.06107
1.06686
1.07055
1.07107
1.06877
1.0651
1.06198
1.0613
1.06431
1.0711
1.08058
1.09048
1.09805
1.10111
1.09832
1.08984
1.07729
1.06358
1.05179
1.04443
1.04241
1.04614
1.05517
1.06871
1.08545
1.10357
1.12167
1.13855
1.15317
1.16468
1.17221
1.17528
1.17412
1.16933
1.16146
1.15005
1.13463
1.11545
1.0939
1.07202
1.0512
1.03255
1.0175
1.00791
1.00561
1.01143
1.02455
1.04225
1.06064
1.07642
1.08868
1.09907
1.1097
1.12056
1.12935
1.13349
1.13153
1.12415
1.11355
1.10202
1.09165
1.08318
1.07642
1.07131
1.0678
1.06588
1.06481
1.06356
1.06123
1.05748
1.05242
1.04588
1.03768
1.02751
1.01547
1.00251
0.99029
0.980754
0.975815
0.976353
0.981959
0.991341
1.00298
1.01566
1.02873
1.04196
1.05526
1.06841
1.08076
1.09152
1.09975
1.10463
1.10593
1.10417
1.10048
1.09592
1.09112
1.08642
1.08188
1.07797
1.07552
1.07564
1.07871
1.0843
1.09121
1.09798
1.10324
1.10572
1.10471
1.10021
1.09322
1.08514
1.07751
1.07173
1.06869
1.06894
1.07255
1.07925
1.08874
1.10062
1.11402
1.12769
1.13973
1.14827
1.15162
1.14891
1.14032
1.12711
1.11182
1.09797
1.08921
1.08785
1.09375
1.10389
1.11414
1.12092
1.12255
1.11965
1.11465
1.11062
1.10937
1.11072
1.11295
1.11397
1.11248
1.10837
1.1025
1.09616
1.09074
1.08751
1.08709
1.08986
1.09592
1.10522
1.11747
1.13218
1.14814
1.16347
1.17595
1.1839
1.18608
1.182
1.17163
1.15559
1.1356
1.115
1.09733
1.08523
1.07873
1.07598
1.07452
1.07235
1.0686
1.06288
1.05536
1.04644
1.03686
1.02767
1.02005
1.01508
1.01327
1.01443
1.01785
1.02227
1.02659
1.03018
1.03283
1.03499
1.03721
1.03953
1.04203
1.04446
1.0473
1.05138
1.05703
1.06378
1.07048
1.07648
1.0818
1.08721
1.0934
1.10058
1.10827
1.11557
1.12158
1.12569
1.12773
1.12814
1.12756
1.12683
1.12639
1.12615
1.12567
1.12444
1.1221
1.11887
1.11471
1.10972
1.10382
1.09663
1.08792
1.07743
1.06492
1.05054
1.03485
1.01892
1.00488
0.995282
0.992316
0.996432
1.00667
1.0211
1.0378
1.05488
1.07051
1.08293
1.09083
1.09332
1.09051
1.08318
1.07315
1.06344
1.05739
1.05734
1.06384
1.07502
1.08823
1.10054
1.10984
1.11448
1.11361
1.1073
1.09625
1.08215
1.06737
1.05425
1.04461
1.0395
1.03941
1.04418
1.05246
1.06192
1.07014
1.07546
1.07782
1.07824
1.07825
1.07927
1.08199
1.08628
1.09218
1.09915
1.10608
1.11123
1.11286
1.11053
1.10511
1.09871
1.0936
1.09117
1.0915
1.09357
1.09615
1.09781
1.09806
1.09669
1.09432
1.09169
1.08916
1.08658
1.08344
1.07991
1.07671
1.0744
1.07279
1.07087
1.06836
1.06645
1.06789
1.07584
1.09183
1.11407
1.13789
1.15836
1.17195
1.17676
1.17231
1.15913
1.13913
1.11684
1.09975
1.09521
1.10453
1.12258
1.14299
1.16172
1.17664
1.18686
1.19259
1.19456
1.19375
1.19086
1.18597
1.17901
1.16975
1.15851
1.14613
1.13377
1.12281
1.11422
1.1084
1.10499
1.10315
1.10184
1.10014
1.09767
1.09428
1.09021
1.0857
1.08129
1.07728
1.07405
1.07129
1.06856
1.06522
1.06103
1.05647
1.05307
1.05247
1.05505
1.05953
1.06355
1.0655
1.06505
1.06266
1.0592
1.05471
1.04854
1.03976
1.02769
1.01253
0.995395
0.978016
0.962492
0.950878
0.945164
0.946713
0.955972
0.972394
0.9945
1.02023
1.04727
1.07337
1.09667
1.11621
1.13162
1.14353
1.15325
1.1615
1.1687
1.17407
1.17605
1.17303
1.16434
1.15059
1.13329
1.11467
1.09698
1.0818
1.06993
1.06124
1.05512
1.05094
1.04834
1.04736
1.04816
1.05031
1.05223
1.05156
1.04631
1.0358
1.02162
1.00727
0.997349
0.995542
1.00326
1.01956
1.04127
1.06411
1.084
1.09826
1.10616
1.10862
1.10782
1.10629
1.10603
1.10823
1.11339
1.12106
1.13003
1.13837
1.14373
1.14389
1.13736
1.12362
1.10343
1.07888
1.0536
1.03258
1.02057
1.02027
1.03112
1.04948
1.07043
1.08896
1.10154
1.10615
1.10286
1.09383
1.08332
1.07618
1.07598
1.08282
1.09377
1.10519
1.11467
1.12152
1.12588
1.12803
1.12777
1.12438
1.11689
1.10483
1.0888
1.07104
1.05538
1.04601
1.04611
1.05577
1.07217
1.09099
1.10861
1.12285
1.13299
1.13935
1.14275
1.14414
