108
-0.224657   -0.137028   -0.373529
0.102663   0.429461   -0.00657021
-0.484137   0.3909   -0.394062
0.266151   0.417858   -0.179413
-0.310696   0.30496   -0.451626
-0.411244   -0.102673   -0.455742
-0.124382   0.271223   -0.265716
-0.310532   -0.44978   0.188517
-0.449543   0.13128   -0.151419
0.31564   0.480159   0.419291
-0.474125   0.281791   0.166244
0.210364   -0.26826   -0.174005
0.164995   0.151542   -0.402209
-0.0997579   -0.0586452   -0.23324
0.113456   -0.120654   -0.0566374
-0.388512   -0.359416   -0.0516225
-0.00720261   0.152563   0.0846038
0.083517   0.108459   -0.0912514
-0.25039   -0.22979   0.446271
-0.421324   0.15638   -0.345711
-0.186308   -0.334564   -0.352271
-0.220022   0.444849   -0.0820858
-0.29247   -0.18045   -0.113442
0.410271   0.0448231   -0.0412352
0.0346082   0.107347   0.434484
0.242802   0.270497   0.412388
0.301485   0.0760027   0.440075
0.176734   -0.396502   0.466496
-0.264551   -0.000741915   0.465792
-0.200798   0.363101   0.101408
-0.220432   0.139706   0.118437
-0.125131   -0.412785   0.304012
-0.050805   -0.0800968   0.341857
0.345726   -0.171306   0.26034
-0.235644   0.106412   -0.303843
0.406913   0.100442   0.278547
-0.204282   -0.343611   -0.152043
0.173083   0.37059   0.190291
-0.441292   0.216514   0.432539
-0.428689   0.0937417   0.068629
0.45849   -0.0496404   0.1489
0.379679   -0.442545   -0.366695
0.115199   -0.44288   -0.180624
0.431988   -0.479613   -0.118929
0.401355   -0.338728   0.369494
-0.0376788   -0.196198   -0.494663
0.307822   0.176606   0.109976
-0.415314   0.473088   0.381465
0.0552718   0.409364   0.409931
-0.00669696   -0.249727   0.194934
0.0113526   0.339558   -0.398355
-0.220315   0.358958   0.351978
0.251525   0.136135   -0.174428
0.136634   -0.0496211   -0.483936
-0.00667268   0.496271   0.177337
-0.42416   -0.359608   -0.489155
0.493458   -0.29685   0.12816
0.404443   0.334863   0.332432
0.469592   0.253697   -0.00705162
0.3138   -0.216007   0.0517102
0.295847   -0.182621   0.479375
0.139404   0.171726   0.245096
-0.198281   -0.304984   0.101679
0.156256   -0.260045   0.31605
-0.0662937   -0.490547   -0.466445
0.242055   -0.404574   0.192916
0.308499   -0.0366009   -0.358683
-0.134599   0.211011   0.488429
0.376598   0.179088   -0.354268
-0.254954   -0.0846355   0.267607
0.350149   -0.131063   -0.158684
-0.0550136   0.263997   0.244331
0.0321124   -0.0468246   0.156378
-0.3474   -0.0355919   -0.248599
-0.362546   -0.469256   -0.226993
-0.350105   0.348254   -0.241005
-0.447835   0.46983   0.0401169
-0.0748067   -0.213093   -0.0269917
0.121677   -0.0659938   -0.250735
-0.369843   -0.26232   -0.276232
-0.0070549   -0.292805   -0.192171
0.437776   -0.46657   0.236883
0.13673   -0.304155   0.0161295
0.183803   -0.0458892   0.300959
0.234676   0.0065262   0.0773788
0.365299   0.392967   0.0750412
-0.12713   -0.0121011   -0.00229346
0.0589165   0.341302   -0.197514
-0.458579   -0.110021   0.33277
0.209043   0.280007   -0.0476727
-0.0898235   0.258358   -0.0591984
0.126459   -0.21762   -0.362726
-0.122267   0.0896662   0.287935
-0.389323   0.0780556   0.274968
-0.381813   -0.299223   0.309655
0.303539   0.362494   -0.380735
0.450919   0.311457   -0.195686
-0.0920419   -0.497748   -0.247177
-0.00721355   0.11861   -0.27523
-0.069724   -0.425112   -0.0184342
0.145511   0.48323   -0.362691
-0.0878079   -0.0213521   -0.444919
0.405794   -0.225954   -0.355512
-0.256316   -0.44962   0.44476
-0.29731   0.0426887   -0.0721832
-0.350011   0.290834   -0.0185611
-0.352469   -0.179167   0.109184
0.265635   -0.435553   -0.0188024
