108
0.00811576   0.00929993   0.00717536
0.162775   0.167931   0.00764969
-0.00443174   0.154566   0.179608
0.174053   -0.00634023   0.18756
0.0138578   0.330488   0.00203407
0.169014   0.497564   0.00302674
-0.00114696   0.488577   0.165973
0.175043   0.333502   0.184005
0.0126043   -0.321784   0.00240102
0.176661   -0.163281   0.00133132
0.0116387   -0.153975   0.162204
0.161717   -0.32943   0.168891
0.329917   -0.000103197   -0.00365694
0.494401   0.175986   0.00026891
0.331413   0.175042   0.171171
0.490805   0.00531132   0.166508
0.336614   0.337142   0.00532028
0.499662   -0.495835   -0.00604256
0.336821   -0.49388   0.160834
0.490161   0.340087   0.158815
0.332366   -0.334105   -0.00865675
0.498317   -0.17633   -0.0211326
0.346537   -0.175862   0.164895
-0.492546   -0.332838   0.171991
-0.34357   0.000652731   -0.0105297
-0.162896   0.156769   0.00398058
-0.327547   0.159048   0.174405
-0.165104   0.00156163   0.167619
-0.336469   0.337116   -0.0029744
-0.149692   0.498357   0.00615921
-0.32822   -0.496506   0.167843
-0.170638   0.319994   0.157253
-0.335721   -0.346564   0.00879699
-0.17395   -0.155102   0.0160965
-0.334988   -0.17927   0.159031
-0.154541   -0.329371   0.16203
0.00194168   -0.00893949   0.335833
0.166503   0.160101   0.349012
-0.00485316   0.154294   0.491329
0.165205   -0.00587261   -0.497764
0.0036906   0.334098   0.334667
0.159206   -0.493495   0.327424
-0.0113225   -0.495338   0.494618
0.165038   0.345404   0.498773
-0.00936634   -0.336674   0.330611
0.176073   -0.169749   0.330961
-0.0106463   -0.176477   0.492605
0.158476   -0.32928   0.488276
0.349981   0.00326062   0.337594
0.492283   0.172686   0.33392
0.322119   0.167201   -0.488704
-0.495741   -0.00127787   0.494668
0.341455   0.340422   0.348062
-0.49567   -0.494081   0.327956
0.321   -0.489827   0.485207
-0.493151   0.338203   0.494124
0.322991   -0.325029   0.324487
-0.493213   -0.160468   0.326341
0.337377   -0.169721   0.497869
0.482622   -0.343533   -0.498567
-0.343192   -0.0030446   0.336015
-0.164357   0.15311   0.325984
-0.328869   0.176666   0.488637
-0.178752   -0.0108701   0.490448
-0.335451   0.340771   0.329602
-0.177415   0.491828   0.33632
-0.326096   0.498972   -0.48814
-0.168204   0.330755   0.489138
-0.332044   -0.33986   0.322621
-0.172318   -0.170742   0.331046
-0.333798   -0.180333   -0.486932
-0.176868   -0.338962   0.493023
-0.00519382   -0.013475   -0.332527
0.158264   0.171489   -0.339216
-0.000215793   0.15882   -0.165561
0.167689   -0.000151843   -0.167055
-0.00351671   0.333544   -0.348299
0.153733   -0.492267   -0.335273
0.00548571   0.494928   -0.181157
0.159335   0.331392   -0.17791
-0.0119843   -0.33669   -0.346158
0.156087   -0.174979   -0.346812
-0.00130508   -0.167914   -0.163345
0.163801   -0.322857   -0.167842
0.324612   -0.00559592   -0.327624
-0.478965   0.161297   -0.326867
0.3274   0.168085   -0.179471
0.494146   0.00849012   -0.166912
0.334929   0.321647   -0.341405
0.491984   -0.497553   -0.341443
0.332111   0.499839   -0.168178
0.498444   0.34401   -0.169196
0.327602   -0.332862   -0.329518
0.486013   -0.160719   -0.321633
0.33132   -0.160698   -0.158249
-0.489268   -0.340329   -0.173986
-0.323088   0.000363116   -0.32586
-0.160862   0.179044   -0.335702
-0.332682   0.163547   -0.162701
-0.161303   -0.00642327   -0.163328
-0.344576   0.342281   -0.326973
-0.183903   0.499969   -0.322202
-0.330397   -0.495974   -0.163592
-0.167413   0.345256   -0.164825
-0.334113   -0.333607   -0.330142
-0.167281   -0.171046   -0.335532
-0.339057   -0.178498   -0.164002
-0.154646   -0.340897   -0.157704
