108
0.00575702   -0.26152   0.258737
-0.22471   0.0479998   -0.321178
-0.492158   0.40779   -0.422225
0.170434   -0.231492   -0.0894633
0.342857   0.0876096   -0.475125
0.0420171   -0.143492   0.273358
0.321196   -0.0607424   0.268207
-0.427129   -0.108431   -0.215796
-0.28645   0.369156   0.100348
0.00271734   -0.385774   -0.0885364
0.112878   0.401697   0.15831
0.0732301   -0.476354   0.223522
-0.172024   -0.213681   -0.182298
-0.112873   0.279543   0.462468
-0.18078   0.343894   0.0774016
0.278067   -0.195531   0.382928
0.464123   0.256464   0.286697
-0.272773   -0.226839   -0.140008
0.0950869   -0.189589   0.346867
0.0573015   0.3057   0.448608
0.0529147   0.403758   0.441401
0.0665596   0.160971   -0.201883
-0.158456   -0.473213   -0.488124
-0.426096   -0.312696   -0.134948
0.21474   -0.397412   0.0319069
0.132888   -0.489784   0.124586
0.189262   -0.346931   0.324155
-0.000191662   0.0894273   -0.421984
0.186484   0.363307   0.204766
0.182123   0.273157   0.4325
-0.142826   -0.240662   0.168508
-0.339342   0.100879   -0.486314
-0.318239   -0.146012   -0.0555735
0.478708   0.0131123   -0.391005
-0.405194   -0.0214277   -0.396159
0.195029   0.0482154   0.400664
0.487652   0.0410475   0.249108
0.411533   0.33078   0.0701399
0.334647   -0.123763   -0.445164
0.343989   0.266957   -0.132655
-0.0469525   0.393701   -0.470337
0.115375   0.287201   -0.498538
-0.419386   -0.269128   -0.0703284
-0.263051   0.197614   0.158167
0.0111639   0.163896   -0.144138
0.477988   -0.349472   -0.0681151
0.254682   0.475547   0.203839
0.159957   -0.15552   -0.364904
-0.469145   -0.2879   -0.363076
0.0276186   0.0348092   0.0781543
0.404061   -0.347152   0.130391
0.23328   0.46097   -0.221075
0.0478426   0.431587   -0.0553145
0.297713   -0.268958   0.430128
0.0419401   -0.105574   0.190038
-0.0289227   0.216211   0.472512
-0.189181   -0.284128   -0.210823
0.235293   -0.468853   0.286304
-0.441567   0.20239   0.40516
-0.248505   0.336647   -0.0410736
-0.452461   -0.127838   0.207102
-0.443922   0.407006   -0.491503
-0.386831   -0.00916125   0.0671439
-0.409348   0.218844   -0.0954373
-0.0622731   0.14155   -0.22762
0.261935   -0.348044   -0.460391
0.269048   -0.169577   -0.294209
0.0937454   -0.202212   -0.341037
-0.485975   0.187566   -0.0255261
0.343732   -0.328616   0.444286
0.112542   -0.428976   0.0308423
-0.184375   -0.327837   -0.311549
-0.47368   -0.148494   -0.0081957
0.195276   0.0191958   0.140956
-0.383814   0.324379   0.444755
-0.357557   0.316072   0.313144
0.1221   0.203522   0.348875
-0.208181   -0.298766   0.400612
0.474152   0.161545   -0.161648
-0.375967   -0.162957   0.0226927
0.0201855   0.44617   -0.485797
0.272164   0.417898   0.0323597
0.222511   -0.220682   -0.48028
-0.0198671   -0.032126   0.0216978
0.112158   -0.134377   0.228818
-0.103166   -0.336752   0.271576
0.329166   0.0488493   -0.397258
0.100086   -0.247667   0.0980624
0.497918   0.118624   -0.255216
-0.0465932   -0.386754   -0.473004
-0.281894   -0.378313   -0.364385
-0.482023   -0.256991   -0.20675
0.384255   0.246766   -0.0320072
0.167068   0.335006   0.0878055
0.260735   0.211839   0.394822
0.15298   0.0365797   0.231275
-0.00577831   0.322225   0.413603
-0.0856059   -0.470473   0.144973
0.175361   0.0730501   -0.0727635
-0.473921   -0.00108221   0.00881957
-0.279974   -0.000477805   0.0997101
0.0386385   0.0654604   -0.140289
-0.265512   0.360094   -0.118579
0.488617   0.244515   0.172482
0.193671   -0.152193   -0.131891
0.166676   -0.499313   0.198704
0.248788   -0.232836   0.0426073
-0.443861   0.38047   -0.252749
