0.0595288
0.0588802
0.0580731
0.0570343
0.0557581
0.0543255
0.0528808
0.0515872
0.0505833
0.0499549
0.049725
0.0498567
0.0502571
0.0507873
0.0512844
0.0515988
0.0516411
0.0514103
0.0509899
0.0505142
0.0501198
0.0499022
0.0499055
0.0501219
0.0505039
0.050976
0.0514571
0.0518689
0.0521517
0.0522674
0.0522007
0.0519584
0.051562
0.0510436
0.050439
0.0497843
0.049111
0.0484453
0.0478108
0.0472201
0.0466829
0.0462024
0.0457783
0.0454075
0.0450866
0.044813
0.044584
0.0443966
0.0442537
0.0441589
0.044117
0.0441336
0.0442131
0.0443597
0.0445726
0.0448498
0.0451871
0.0455735
0.0459961
0.0464379
0.0468819
0.0473101
0.0477074
0.0480603
0.0483567
0.0485874
0.0487455
0.0488217
0.0488105
0.0487078
0.0485133
0.0482321
0.0478751
0.0474561
0.0469889
0.0464844
0.0459531
0.0454002
0.0448323
0.0442566
0.0436834
0.0431257
0.0426011
0.0421271
0.041718
0.0413934
0.0411635
0.0410395
0.0410246
0.0411206
0.0413216
0.041621
0.0420071
0.0424658
0.0429798
0.04353
0.0440957
0.0446569
0.0451944
0.0456925
0.0461383
0.0465248
0.0468515
0.0471232
0.0473503
0.0475474
0.0477338
0.0479246
0.0481333
0.0483663
0.0486229
0.0488902
0.0491505
0.0493772
0.0495425
0.0496237
0.0496096
0.0495072
0.0493395
0.0491417
0.04896
0.0488432
0.0488389
0.048996
0.0493526
0.0499445
0.050792
0.051885
0.0531772
0.0545739
0.0559283
0.0570695
0.0578446
0.0581718
0.0580748
0.0576748
0.057152
0.0566945
0.0564592
0.056544
0.0569723
0.0576764
0.0585012
0.0592416
0.0597005
0.0597692
0.0594658
0.0589038
0.0582254
0.0575342
0.0568722
0.0562245
0.0555474
0.0547953
0.0539427
0.0529894
0.0519615
0.0509012
0.0498589
0.0488855
0.0480223
0.0472995
0.0467344
0.0463271
0.0460669
0.0459343
0.0459054
0.0459567
0.0460687
0.0462303
0.0464415
0.0467134
0.0470614
0.0475045
0.0480584
0.0487344
0.0495362
0.0504585
0.0514881
0.0526019
0.0537677
0.0549395
0.0560644
0.0570842
0.0579514
0.0586363
0.0591397
0.0594875
0.0597284
0.0599104
0.0600759
0.0602438
0.0604108
0.0605473
0.0606075
0.0605406
0.0603077
0.0598884
0.0592873
0.0585296
0.0576538
0.0567048
0.0557247
0.0547514
0.053823
0.0529765
0.052247
0.0516651
0.0512511
0.0510039
0.0509014
0.0508973
0.0509295
0.050937
0.0508717
0.050709
0.0504465
0.0501035
0.0497044
0.0492808
0.0488656
0.0484942
0.0482032
0.0480251
0.0479856
0.0480988
0.0483656
0.0487635
0.0492575
0.0497937
0.0503006
0.0507003
0.0509196
0.050906
0.0506448
0.0501602
0.0495109
0.0487751
0.0480262
0.0473194
0.0466859
0.046135
0.0456549
0.0452286
0.0448355
0.0444589
0.0440888
0.0437211
0.0433547
0.0429938
0.0426405
0.0422975
0.0419641
0.0416397
0.041326
0.0410249
0.0407433
0.0404914
0.0402775
0.0401143
0.0400083
0.0399608
0.0399673
0.040017
0.0400934
0.0401758
0.0402475
0.0402955
0.0403171
0.040319
0.0403185
0.0403403
0.0404083
0.0405463
0.0407701
0.0410893
0.0415014
0.0419979
0.0425579
0.0431545
0.0437565
0.0443324
0.0448524
0.045301
0.0456755
0.045999
0.0463177
0.0467041
0.0472531
0.0480714
0.0492674
0.0509265
0.053079
0.0556499
0.0584036
0.0609385
0.0627744
0.0635465
0.0631874
0.0619462
0.0602305
0.0584235
0.0567891
0.0554673
0.0545105
0.0539246
0.0536892
0.0537711
0.0541407
0.0547688
0.0556316
0.0567145
0.0580115
0.0595277
0.0612643
0.0632151
0.0653445
0.0675709
0.0697503
0.0716838
0.0731458
0.0739373
0.073945
0.0731632
0.0716938
0.0697197
0.0674703
0.0651908
0.0631025
0.061374
0.0601094
0.0593345
0.0589954
0.0589478
0.0589693
0.058801
0.0582319
0.0571812
0.0557341
0.0540941
0.0524913
0.0511071
0.0500494
0.049358
0.0490244
0.0490221
0.0493149
0.0498669
0.0506335
0.0515626
0.0525723
0.0535474
0.0543371
0.0547885
0.0547915
0.0543246
0.0534709
0.0523911
0.0512673
0.0502609
0.0494873
0.049022
0.0489109
0.049176
0.0498159
0.0507825
0.0519482
0.0530803
0.053874
0.0540424
0.0534504
0.0521871
0.0505243
0.0487887
0.0472447
0.0460503
0.045273
0.0449104
0.0449251
0.0452573
0.0458389
0.0465941
0.0474416
0.0482981
0.0490751
0.0496824
0.0500358
0.0500734
0.0497699
0.0491486
0.0482682
0.0472057
0.0460397
0.0448359
0.0436422
0.0425021
0.0414464
0.0405029
0.0396943
0.0390352
0.0385365
0.0382032
0.0380368
0.038038
0.0382028
0.0385271
0.0390072
0.0396355
0.0404035
0.0412906
0.0422729
0.0433124
0.0443606
0.0453628
0.0462571
0.0469911
0.0475259
0.0478466
0.0479646
0.047916
0.0477576
0.0475543
0.047382
0.0473137
0.0474236
0.0477796
0.0484444
0.0494634
0.0508549
0.0525884
0.054559
0.0565701
0.0583638
0.0596901
0.0604097
0.0605591
0.0603206
0.0599315
0.0595888
0.0594087
0.0594285
0.0596308
0.0599784
0.0604369
0.0609828
0.0616146
0.0623436
0.0631797
0.0641223
0.0651382
0.0661537
0.0670557
0.0677029
0.0679539
0.0676951
0.0668788
0.0655328
0.0637635
0.0617286
0.0596018
0.057542
0.0556689
0.0540649
0.0527743
0.0518059
0.0511425
0.0507411
0.050531
0.0504223
0.050308
0.0500837
0.0496654
0.0490161
0.048143
0.0471003
0.0459704
0.044839
0.0437815
0.0428564
0.042101
0.0415386
0.0411802
0.0410282
0.0410826
0.0413366
0.04178
0.0423941
0.0431479
0.0439971
0.0448749
0.0457042
0.0463964
0.0468723
0.0470727
0.0469777
0.046605
0.0460073
0.0452619
0.0444534
0.0436633
0.0429579
0.0423887
0.041992
0.0417874
0.041781
0.0419675
0.0423296
0.0428402
0.0434603
0.0441422
0.0448325
0.0454717
0.0460115
0.0464173
0.0466749
0.0467939
0.0468087
0.046759
0.0466912
0.0466433
0.0466443
0.0467079
0.0468422
0.0470437
0.0473077
0.0476273
0.0479976
0.0484126
0.0488671
0.0493527
0.0498587
0.0503697
0.0508641
0.0513164
0.0516984
0.0519794
0.0521312
0.0521297
0.0519641
0.0516413
0.0511818
0.0506195
0.0499881
0.0493123
0.0486038
0.0478648
0.0470977
0.0463139
0.0455437
0.0448327
0.0442415
0.0438374
0.0436827
0.0438384
0.0443504
0.0452493
0.0465294
0.0481317
0.0499162
0.0516508
0.0530461
0.0538449
0.0539228
0.0533446
0.052323
0.0511183
0.0499487
0.0489515
0.0481949
0.0477017
0.0474794
0.0475296
0.0478612
0.04849
0.0494273
0.0506645
0.0521511
0.0537632
0.055299
0.0564984
0.0571157
0.0570026
0.0561769
0.0548127
0.0531679
0.0514998
0.050003
0.0487838
0.0478735
0.0472515
0.0468593
0.046621
0.0464551
0.0462832
0.046039
0.0456757
0.0451739
0.0445386
0.0437991
0.0429994
0.0421862
0.0414041
0.0406894
0.0400649
0.0395469
0.0391438
0.0388597
0.0386994
0.0386661
0.0387679
0.039019
0.0394385
0.0400593
0.0409185
0.042066
0.0435606
0.0454665
0.0478322
0.050666
0.0538886
0.0572822
0.0604846
0.0630652
0.0646951
0.0652923
0.0650332
0.0642191
0.063114
0.061882
0.0605926
0.0592738
0.0579503
0.056665
0.0554763
0.0544461
0.0536237
0.053035
0.0526757
0.052514
0.0524951
0.0525509
0.0526114
0.0526108
0.052505
0.0522718
0.0519176
0.0514695
0.0509743
0.0504836
0.0500519
0.0497298
0.0495651
0.0495973
0.0498695
0.0504172
0.0512744
0.0524668
0.0539989
0.0558415
0.0579182
0.0600985
0.0622129
0.0640901
0.0656
0.0666752
0.0672819
0.0674002
0.0670117
0.0661321
0.0648373
0.0632826
0.061666
0.0601876
0.0589999
0.0581965
0.0578065
0.0578158
0.0581938
0.0589074
0.0599235
0.0612079
0.0627146
0.0643716
0.0660829
0.0677374
0.0692248
0.0704572
0.0713945
0.07206
0.0725497
0.0730089
0.0735733
0.0742788
0.0749813
0.0753527
0.075023
0.0738048
0.0718484
0.0695504
0.0673305
0.0654604
0.064035
0.0630197
0.0623258
0.0618454
0.0614764
0.0611229
0.060705
0.0601564
0.0594296
0.0585044
0.0573868
0.0561105
0.0547202
0.0532671
0.0517994
0.0503571
0.0489707
0.0476628
0.0464495
0.0453434
0.0443491
0.0434666
0.0426929
0.0420185
0.0414346
0.0409326
0.0405072
0.0401565
0.0398855
0.0396999
0.0396062
0.0396121
0.039719
0.039922
0.040206
0.0405467
0.0409084
0.0412429
0.0414909
0.0415954
0.0415042
0.0411887
0.0406526
0.039934
0.0390959
0.0382163
0.0373744
0.0366408
0.0360715
0.035714
0.0356017
0.035764
0.0362195
0.0369755
0.0380152
0.039295
0.0407301
0.0422078
0.0436249
0.0449341
0.0461936
0.0475771
0.0493177
0.0515965
0.0543862
0.0573144
0.0596797
0.0607531
0.0602416
0.0584603
0.0560486
0.0535456
0.0512274
0.0491625
0.0473401
0.0457479
0.0443931
0.0432993
0.0424875
0.0419673
0.04173
0.041747
0.04197
0.0423388
0.04278
0.0432267
0.0436284
0.0439571
0.0442187
0.0444429
0.0446731
0.0449563
0.0453216
0.0457823
0.0463288
0.0469341
0.0475644
0.0481835
0.0487663
0.0492978
0.0497805
0.050228
0.0506603
0.0510997
0.051565
0.0520715
0.0526298
0.0532446
0.0539226
0.054667
0.055483
0.0563725
0.0573286
0.0583241
0.0593053
0.0601786
0.0608257
0.0611364
0.0610509
0.0605932
0.0598671
0.0590169
0.0581768
0.0574396
0.0568463
0.0563927
0.0560456
0.0557527
0.0554555
0.0550896
0.0545924
0.0539137
0.0530269
0.0519384
0.0506919
0.04936
0.0480269
0.0467724
0.0456584
0.0447235
0.0439826
0.0434302
0.0430438
0.0427914
0.0426351
0.0425364
0.0424649
0.0423983
0.0423314
0.0422711
0.0422331
0.0422329
0.0422847
0.0423929
0.0425501
0.0427435
0.0429682
0.0432268
0.0435426
0.0439624
0.0445495
0.0453756
0.0465145
0.0480271
0.0499489
0.0522778
0.0549489
0.0578203
0.0606632
0.0631794
0.0650555
0.0660376
0.0660157
0.0650473
0.0633321
0.0611396
0.0587313
0.05632
0.0540492
0.0520002
0.0502053
0.0486659
0.0473675
0.0462856
0.0453984
0.044683
0.0441311
0.0437353
0.0435012
0.043439
0.043566
0.0439051
0.0444786
0.0453062
0.0463967
0.0477391
0.0492906
0.0509657
0.0526356
0.0541395
0.0553196
0.056057
0.0563116
0.0561261
0.0556043
0.0548757
0.0540544
0.0532265
0.052446
0.0517413
0.05113
0.0506236
0.0502363
0.0499868
0.0498909
0.0499563
0.0501688
0.050487
0.0508327
0.0511038
0.0511948
0.0510269
0.0505781
0.0498898
0.0490471
0.0481488
0.0472827
0.0465052
0.0458412
0.0452903
0.0448364
0.0444547
0.0441189
0.0438126
0.0435271
0.043266
0.0430432
0.0428819
0.0428112
0.0428584
0.0430483
0.0433992
0.0439159
0.0445886
0.0453922
0.0462848
0.0472095
0.0481062
0.0489129
0.0495845
0.0500929
0.0504345
0.0506205
0.0506723
0.0506123
0.0504604
0.0502305
0.0499364
0.0495925
0.0492169
0.0488354
0.0484767
0.0481758
0.0479691
0.0478832
0.0479375
0.0481338
0.0484553
0.0488547
0.0492626
0.0495922
0.0497517
0.0496709
0.0493233
0.048731
0.0479567
0.0470866
0.0462068
0.0453863
0.0446739
0.0441018
0.0436848
0.0434267
0.0433288
0.0433869
0.0435928
0.0439365
0.0444005
0.0449607
0.0455861
0.0462385
0.0468789
0.0474708
0.0479875
0.0484125
0.0487419
0.0489775
0.0491219
0.0491712
0.0491156
0.0489436
0.0486499
0.0482426
0.0477493
0.0472092
0.0466731
0.0461898
0.0458004
0.0455354
0.0454147
0.0454492
0.0456409
0.045986
0.0464742
0.0470893
0.0478082
0.0486032
0.0494374
0.0502677
0.0510522
0.0517475
0.0523203
0.0527464
0.0530169
0.0531304
0.0530985
0.0529334
0.0526489
0.052257
0.0517726
0.051214
0.050605
0.0499752
0.0493543
0.0487689
0.048238
0.0477714
0.047367
0.0470183
0.0467112
0.0464348
0.0461823
0.0459554
0.0457655
0.0456312
0.045572
0.0456086
0.0457556
0.0460206
0.0463973
0.0468707
0.0474118
0.0479823
0.0485396
0.0490435
0.0494644
0.0497892
0.0500252
0.050195
0.0503212
0.050411
0.0504467
0.0503832
0.0501551
0.0496991
0.0489739
0.0479759
0.0467405
0.0453402
0.043869
0.0424262
0.0411054
0.0399885
0.0391366
0.0385879
0.0383716
0.0385001
0.0389739
0.0397847
0.0409131
0.0423197
0.0439496
0.0457225
0.0475413
0.0492968
0.0508869
0.052227
0.0532697
0.0539984
0.0544246
0.0545791
0.0544959
0.0542112
0.0537643
0.0531975
0.0525547
0.0518804
0.0512129
0.0505815
0.0499993
0.049466
0.0489597
0.0484504
0.0478962
0.0472619
0.0465235
0.04568
0.044757
0.0437989
0.0428646
0.0420161
0.0413094
0.0407903
0.04049
0.040429
0.0406103
0.0410187
0.0416108
0.0423176
0.043037
0.0436509
0.0440489
0.0441583
0.0439707
0.043538
0.042957
0.042337
0.0417755
0.0413448
0.0410872
0.0410261
0.041172
0.0415302
0.0420987
0.0428714
0.0438265
0.0449223
0.0460855
0.047208
0.0481603
0.0488148
0.0490799
0.0489365
0.0484365
0.0476883
0.0468248
0.0459685
0.0452125
0.0446133
0.044201
0.0439798
0.0439414
0.0440689
0.0443378
0.0447253
0.0452092
0.0457656
0.0463685
0.0469935
0.0476153
0.0482114
0.0487686
0.0492775
0.0497346
0.0501229
0.0504056
0.0505126
0.0503574
0.0498666
0.0490275
0.0479085
0.0466532
0.0454291
0.0443881
0.0436252
0.0431738
0.0430045
0.0430484
0.0432172
0.0434249
0.0436148
0.0437689
0.0439082
0.0440804
0.0443459
0.0447657
0.0454006
0.0463121
0.0475609
0.0492088
0.0513067
0.0538743
0.0568694
0.0601497
0.0634471
0.0663732
0.0684896
0.0694349
0.0690591
0.0674954
0.0651128
0.0623793
0.0597237
0.057458
0.0557537
0.0546744
0.0542138
0.0543282
0.0549578
0.0560469
0.0575371
0.0593702
0.061476
0.0637705
0.0661399
0.0684168
0.0703459
0.0715879
0.0718109
0.0708592
0.0688777
0.0662775
0.0635535
0.0611192
0.0592399
0.0580445
0.0575704
0.0577861
0.0585878
0.0597624
0.0609642
0.0617552
0.0617427
0.0607541
0.058917
0.0565611
0.054042
0.0516199
0.049431
0.0475244
0.0458988
0.0445412
0.043434
0.0425634
0.0419185
0.0414944
0.0412884
0.0412984
0.0415299
0.0419874
0.0426811
0.0436222
0.0448199
0.0462785
0.047992
0.0499306
0.0520355
0.0542068
0.0563046
0.0581582
0.0595898
0.0604573
0.0606876
0.0602936
0.0593734
0.058079
0.0565889
0.0550751
0.0536882
0.0525481
0.0517434
0.0513296
0.0513258
0.051718
0.0524568
0.0534502
0.0545747
0.0556821
0.0566176
0.0572453
0.0574686
0.0572481
0.0565959
0.05557
0.0542551
0.0527509
0.0511535
0.0495474
0.048005
0.0465786
0.0453068
0.0442113
0.0433022
0.0425764
0.042027
0.0416405
0.0413994
0.0412894
0.0412953
0.0414019
0.0415945
0.0418601
0.042181
0.0425387
0.0429118
0.0432751
0.0436027
0.0438744
0.0440744
0.0441971
0.0442447
0.0442294
0.0441706
0.0440928
0.0440242
0.043995
0.0440401
0.0441904
0.0444824
0.0449502
0.0456237
0.0465219
0.0476498
0.0489893
0.0505015
0.0521181
0.0537366
0.0552055
0.056313
0.0568071
0.056486
0.0553046
0.0534314
0.0511849
0.0488993
0.0468176
0.0450637
0.0436616
0.0425786
0.0417567
0.0411368
0.0406678
0.0403085
0.0400359
0.0398278
0.0396786
0.0395838
0.0395461
0.0395691
0.0396571
0.0398132
0.0400382
0.0403276
0.0406742
0.041064
0.041479
0.0418967
0.0422957
0.0426581
0.0429753
0.0432508
0.0434999
0.0437476
0.0440307
0.0443806
0.044829
0.0453977
0.046094
0.0469054
0.0477982
0.0487128
0.0495672
0.0502663
0.0507159
0.0508444
0.0506157
0.0500374
0.049162
0.0480716
0.0468641
0.0456312
0.0444563
0.0433958
0.0424903
0.041759
0.0412058
0.0408265
0.040612
0.0405465
0.0406151
0.0407974
0.0410727
0.041419
0.0418147
0.0422353
0.0426621
0.0430747
0.0434568
0.0437932
0.0440748
0.0442902
0.0444318
0.0445002
0.0444972
0.044433
0.0443237
0.0441901
0.0440556
0.0439427
0.0438674
0.043837
0.0438536
0.0439103
0.0439986
0.0441067
0.0442304
0.0443705
0.0445392
0.0447596
0.0450643
0.0454903
0.0460748
0.0468575
0.0478663
0.0491162
0.050605
0.0523082
0.0541793
0.0561717
0.0582353
0.0603288
0.0624004
0.064346
0.0659724
0.0670118
0.06721
0.0664535
0.0648441
0.0626524
0.060204
0.0577697
0.055534
0.0535918
0.0519828
0.0507087
0.0497583
0.0491101
0.0487396
0.0486233
0.0487345
0.0490414
0.0495078
0.0500844
0.050715
0.0513429
0.0519106
0.052367
0.0526735
0.0528125
0.0527908
0.0526539
0.0524797
0.0523623
0.0523835
0.0525969
0.0530107
0.0535879
0.0542518
0.0549072
0.055459
0.0558319
0.0559841
0.0559115
0.0556372
0.0552004
0.0546502
0.0540319
0.0533896
0.0527574
0.0521697
0.0516538
0.0512337
0.0509264
0.0507457
0.0507025
0.0508024
0.0510483
0.0514385
0.0519682
0.0526265
0.0533945
0.0542432
0.0551292
0.0559991
0.0567951
0.0574612
0.0579548
0.0582545
0.0583635
0.0583039
0.058107
0.0578035
0.0574158
0.0569543
0.0564171
0.0557989
0.0550934
0.0542954
0.0534071
0.05244
0.0514083
0.050329
0.0492253
0.0481174
0.0470281
0.0459783
0.0449918
0.044088
0.0432846
0.0425986
0.0420442
0.0416345
0.0413794
0.0412897
0.0413766
0.0416544
0.0421351
0.0428307
0.0437471
0.0448732
0.0461748
0.0475792
0.0489706
0.0502019
0.0511254
0.0516439
0.0517466
0.0515156
0.051094
0.0506335
0.050253
0.050022
0.0499551
0.0500287
0.0501921
0.0503874
0.0505649
0.0506971
0.0507838
0.0508538
0.0509563
0.0511536
0.0515024
0.0520535
0.0528381
0.0538548
0.055075
0.0564322
0.0578387
0.0592045
0.0604579
0.0615495
0.0624246
0.0629734
0.063024
0.0624056
0.0610824
0.0592249
0.0571609
0.0552289
0.0536651
0.052563
0.0518977
0.0515738
0.0514744
0.0514928
0.0515526
0.0516107
0.0516433
0.0516386
0.0515817
0.0514538
0.0512321
0.0509044
0.0504647
0.0499238
0.0493016
0.0486294
0.047938
0.0472592
0.04662
0.0460433
0.0455394
0.0451079
0.0447408
0.0444225
0.044133
0.0438544
0.0435746
0.04329
0.0430049
0.0427333
0.0424937
0.0422993
0.0421667
0.0421023
0.0421071
0.0421769
0.0423036
0.042475
0.0426817
0.0429168
0.043174
0.0434519
0.0437489
0.0440595
0.0443763
0.0446826
0.0449537
0.0451645
0.045289
0.0453094
0.0452164
0.045015
0.0447206
0.0443597
0.0439597
0.043551
0.0431584
0.042802
0.042494
0.0422425
0.04205
0.0419147
0.0418315
0.0417946
0.0417948
0.0418235
0.0418762
0.0419526
0.0420571
0.0422008
0.0424049
0.0426967
0.0431084
0.0436755
0.0444324
0.0454044
0.0466001
0.0480037
0.0495628
0.0511885
0.052759
0.0541433
0.0552262
0.0559349
0.0562496
0.0562012
0.0558454
0.0552478
0.0544714
0.0535622
0.0525578
0.0514852
0.0503652
0.0492228
0.0480822
0.0469683
0.0459074
0.0449244
0.0440405
0.043273
0.0426313
0.0421228
0.0417513
0.0415144
0.0414072
0.0414193
0.0415379
0.0417466
0.0420209
0.0423386
0.0426727
0.0429968
0.0432913
0.0435414
0.0437418
0.0438949
0.0440112
0.0441008
0.0441778
0.044253
0.0443328
0.0444224
0.044524
0.0446398
0.0447729
0.044931
0.0451242
0.045364
0.0456624
0.0460284
0.0464679
0.0469787
0.0475506
0.0481679
0.0488052
0.0494391
0.0500445
0.0506011
0.0510934
0.0515125
0.0518502
0.052096
0.0522284
0.0522129
0.0519977
0.0515293
0.0507642
0.0496875
0.0483282
0.0467631
0.045095
0.043434
0.0418706
0.0404652
0.0392519
0.0382398
0.0374232
0.0367889
0.0363196
0.0360002
0.0358152
0.0357543
0.0358081
0.0359694
0.0362312
0.0365869
0.0370316
0.0375596
0.0381643
0.0388408
0.0395892
0.0404141
0.0413232
0.0423349
0.0434709
0.0447542
0.0462007
0.0478125
0.0495652
0.0513994
0.0532151
0.0548725
0.0562151
0.0571015
0.0574729
0.0573907
0.0570286
0.0566144
0.056357
0.0563949
0.0567807
0.0575023
0.0585108
0.0597483
0.0611708
0.062751
0.0644787
0.0663423
0.0683018
0.0702654
0.072076
0.0735207
0.0743714
0.074444
0.0736546
0.072048
0.0697791
0.067068
0.0641554
0.0612635
0.0585686
0.056193
0.0542057
0.052631
0.0514546
0.0506387
0.0501267
0.0498546
0.0497541
0.049761
0.0498212
0.049892
0.0499454
0.0499697
0.0499622
0.0499266
0.0498654
0.0497753
0.0496476
0.0494642
0.0492146
0.0488921
0.0485065
0.048084
0.0476676
0.0473123
0.0470772
0.0470189
0.0471884
0.0476257
0.0483537
0.049366
0.0506158
0.0520004
0.0533491
0.0544394
0.0550585
0.0550704
0.0544758
0.0534053
0.0520621
0.0506456
0.0493067
0.0481371
0.0471798
0.0464524
0.0459565
0.045691
0.045658
0.0458607
0.0463067
0.046999
0.04794
0.0491188
0.0505089
0.0520647
0.0537194
0.0553919
0.0570103
0.058534
0.0599747
0.0613825
0.0628166
0.0642979
0.0657665
0.0670718
0.0680184
0.0684414
0.0682814
0.0676071
0.0665865
0.0654186
0.0642811
0.0633061
0.0625767
0.0621358
0.0619977
0.0621484
0.0625389
0.0630762
0.0636231
0.0640006
0.0640178
0.0635224
0.062445
0.060824
0.0587893
0.0565189
0.0541879
0.0519357
0.0498543
0.0479922
0.0463649
0.0449687
0.0437894
0.0428073
0.0420034
0.041363
0.0408722
0.0405202
0.0402967
0.0401933
0.0402032
0.0403153
0.0405162
0.0407909
0.0411183
0.0414734
0.0418306
0.0421622
0.0424394
0.0426451
0.0427629
0.0427899
0.0427298
0.0425938
0.0423943
0.0421454
0.0418569
0.0415366
0.0411913
0.0408207
0.0404266
0.0400147
0.0395924
0.0391688
0.038758
0.0383756
0.0380393
0.037769
0.0375845
0.0375057
0.0375542
0.0377551
0.0381322
0.0387157
0.0395367
0.0406175
0.0419754
0.0435997
0.0454347
0.0473638
0.0491993
0.0507052
0.0516413
0.0518382
0.0512604
0.0500188
0.0483254
0.0464294
0.0445495
0.0428412
0.0413925
0.0402364
0.0393715
0.0387753
0.0384172
0.0382691
0.0383038
0.0384977
0.0388334
0.0392958
0.0398761
0.0405671
0.0413636
0.0422648
0.0432702
0.044383
0.0456124
0.046971
0.0484784
0.0501615
0.0520466
0.0541491
0.0564517
0.0588835
0.0613065
0.0635468
0.0654672
0.0670457
0.0683863
0.0695899
0.0705824
0.0710497
0.0706096
0.0691308
0.0668801
0.064359
0.0620099
0.0600505
0.0584841
0.0571895
0.0560145
0.0548384
0.0535942
0.0522744
0.0509053
0.0495303
0.048188
0.0469093
0.0457168
0.0446174
0.0436185
0.0427244
0.0419355
0.0412561
0.0406855
0.040225
0.039875
0.0396345
0.039499
0.0394667
0.0395333
0.039692
0.039934
0.0402518
0.0406313
0.041062
0.0415261
0.0420116
0.0424985
0.0429745
0.0434262
0.0438444
0.0442253
0.044569
0.0448798
0.0451686
0.0454483
0.0457371
0.0460569
0.0464316
0.0468912
0.047472
0.0482087
0.0491338
0.050261
0.0515667
0.0529648
0.0542961
0.055341
0.055886
0.0558187
0.0551815
0.0541646
0.0530292
0.0520233
0.0513397
0.0511223
0.0514896
0.0525689
0.0545047
0.0574332
0.0613654
0.0659701
0.0703637
0.0732531
0.0737017
0.0718739
0.0688431
0.0657062
0.06305
0.0609864
0.059395
0.0580965
0.0569275
0.0557676
0.0545402
0.0532109
0.0517882
0.0503096
0.0488295
0.0474053
0.0460836
0.0448959
0.0438584
0.0429731
0.0422319
0.0416232
0.0411317
0.040741
0.0404375
0.0402067
0.0400373
0.0399154
0.0398339
0.0397852
0.0397639
0.0397678
0.0397995
0.0398647
0.0399735
0.0401403
0.0403822
0.0407171
0.0411596
0.0417196
0.0423942
0.0431671
0.044003
0.044858
0.0456851
0.0464553
0.0471761
0.0479019
0.0487316
0.0497857
0.0511789
0.0529717
0.0551407
0.0575445
0.0599308
0.0619994
0.0635032
0.0643425
0.0645866
0.0644219
0.0640537
0.0636476
0.0632983
0.0630429
0.0628861
0.0628235
0.0628587
0.0630024
0.0632669
0.0636534
0.064151
0.0647374
0.0653803
0.0660477
0.0667021
0.0672954
0.0677596
0.0680113
0.0679567
0.0675101
0.0666133
0.0652512
0.0634532
0.061295
0.0588824
0.056335
0.0537739
0.0513001
0.0489928
0.046908
0.0450786
0.0435182
0.0422308
0.0412124
0.0404504
0.0399313
0.0396415
0.0395605
0.0396666
0.0399335
0.0403286
0.0408122
0.0413442
0.0418881
0.0424127
0.0429031
0.0433616
0.0438105
0.0442839
0.0448243
0.0454714
0.0462528
0.0471836
0.0482561
0.0494365
0.0506679
0.0518613
0.0529078
0.0536867
0.054093
0.0540575
0.0535738
0.0526997
0.051544
0.0502389
0.0489207
0.0476997
0.0466607
0.045864
0.0453394
0.0450995
0.0451451
0.0454606
0.046021
0.0467911
0.0477255
0.0487706
0.0498648
0.0509401
0.0519226
0.0527358
0.0533119
0.0535943
0.053555
0.0531982
0.0525663
0.0517307
0.0507765
0.0497974
0.0488751
0.048073
0.0474367
0.0469913
0.0467484
0.0467077
0.0468598
0.0471909
0.0476821
0.0483072
0.0490365
0.0498317
0.050652
0.0514495
0.0521761
0.0527888
0.0532609
0.0535768
0.0537468
0.0537966
0.0537663
0.0537077
0.0536677
0.0536937
0.0538172
0.0540548
0.0544022
0.0548359
0.0553169
0.0557987
0.0562356
0.0565871
0.0568108
0.056866
0.0567126
0.0563345
0.0557496
0.0550074
0.05417
0.0532916
0.0524029
0.0515191
0.050653
0.0498274
0.0490738
0.0484271
0.0479146
0.0475498
0.0473314
0.0472419
0.0472588
0.0473504
0.0474831
0.0476219
0.0477331
0.0477884
0.0477683
0.0476663
0.0474861
0.047242
0.0469568
0.04665
0.0463426
0.0460489
0.0457768
0.0455235
0.0452829
0.0450462
0.044799
0.0445352
0.0442491
0.0439444
0.0436287
0.043318
0.0430313
0.0427927
0.0426269
0.0425604
0.0426231
0.042847
0.043265
0.0439176
0.0448427
0.0460681
0.0475954
0.0493793
0.0513033
0.0531776
0.0547579
0.0558087
0.0561789
0.0558465
0.0549241
0.0536096
0.0521222
0.0506545
0.0493436
0.0482743
0.0474833
0.0469826
0.046773
0.0468506
0.0472081
0.0478315
0.0486974
0.0497619
0.0509567
0.0521903
0.0533606
0.0543716
0.055156
0.0556901
0.0559931
0.0561127
0.0561139
0.0560618
0.0560209
0.0560493
0.0562004
0.0565078
0.0569874
0.05762
0.0583491
0.0590831
0.0597037
0.0600859
0.060123
0.0597493
0.0589503
0.0577653
0.0562781
0.0545991
0.052841
0.0511021
0.0494552
0.047931
0.0465305
0.0452316
0.0440026
0.0428178
0.0416643
0.0405448
0.0394722
0.0384664
0.0375444
0.0367174
0.0359929
0.0353707
0.0348466
0.0344135
0.0340639
0.0337892
0.0335808
0.0334327
0.0333403
0.0332988
0.0333063
0.0333613
0.0334636
0.0336119
0.0338084
0.0340539
0.0343495
0.0346965
0.0350945
0.035544
0.0360427
0.0365922
0.0371896
0.0378316
0.0385161
0.0392414
0.0400039
0.0408021
0.0416347
0.0424918
0.0433656
0.0442377
0.0450825
0.0458641
0.0465393
0.0470693
0.0474193
0.0475746
0.0475451
0.0473646
0.0470855
0.046768
0.0464717
0.0462424
0.0461112
0.0460894
0.0461721
0.0463428
0.0465761
0.0468399
0.0471066
0.0473502
0.0475501
0.0476991
0.0477938
0.0478414
0.0478587
0.047866
0.0478858
0.0479415
0.0480532
0.048232
0.0484775
0.0487785
0.0491077
0.0494248
0.0496834
0.0498287
0.0498086
0.0495815
0.0491316
0.0484748
0.0476577
0.0467546
0.045847
0.0450127
0.0443097
0.0437791
0.0434404
0.0432937
0.043329
0.0435238
0.0438492
0.0442727
0.0447599
0.0452728
0.0457802
0.0462532
0.0466658
0.0469992
0.0472434
0.0473929
0.0474477
0.0474158
0.047305
0.0471303
0.0469054
0.0466439
0.0463561
0.0460525
0.0457394
0.0454252
0.0451166
0.0448236
0.0445603
0.0443413
0.0441864
0.0441175
0.0441554
0.0443167
0.0446187
0.0450761
0.0457033
0.0465144
0.0475289
0.0487683
0.0502496
0.0519626
0.0538497
0.0557641
0.0574789
0.05873
0.0592984
0.0590959
0.0581706
0.0566567
0.0547168
0.0525179
0.0502176
0.0479598
0.0458561
0.0439785
0.042356
0.0409857
0.0398484
0.0389121
0.0381499
0.0375334
0.0370431
0.0366633
0.0363857
0.0362069
0.0361279
0.0361553
0.0363002
0.0365784
0.0370117
0.0376249
0.0384425
0.0394925
0.0407916
0.0423443
0.0441292
0.0460906
0.0481431
0.0501794
0.0520991
0.0538218
0.0553095
0.0565439
0.0574986
0.0581221
0.0583402
0.0580858
0.0573487
0.0561951
0.0547573
0.0532012
0.0516821
0.0503196
0.049195
0.048353
0.0478108
0.0475684
0.0476061
0.0478883
0.0483669
0.048981
0.049677
0.0504133
0.0511723
0.0519526
0.0527587
0.0535791
0.054376
0.055088
0.0556479
0.056007
0.0561431
0.0560582
0.0557607
0.0552614
0.0545636
0.0536795
0.0526324
0.0514661
0.0502446
0.049046
0.0479497
0.0470318
0.0463536
0.0459666
0.0459011
0.0461745
0.0467859
0.0477122
0.0489056
0.0502838
0.0517287
0.0530943
0.0542322
0.0550188
0.0553981
0.0553939
0.0550977
0.0546408
0.0541591
0.0537697
0.0535583
0.0535764
0.0538403
0.0543354
0.055008
0.0557608
0.0564459
0.0568831
0.0568993
0.0563924
0.0553805
0.0539961
0.0524268
0.050846
0.0493687
0.0480489
0.0468999
0.0459143
0.0450799
0.0443886
0.0438316
0.0434002
0.0430805
0.042852
0.042692
0.0425758
0.0424778
0.0423797
0.0422659
0.0421267
0.0419608
0.0417699
0.0415613
0.0413417
0.0411186
0.0408968
0.04068
0.0404685
0.0402603
0.0400528
0.0398432
0.0396295
0.0394099
0.0391874
0.0389621
0.0387373
0.0385177
0.0383053
0.0381033
0.0379121
0.0377319
0.0375621
0.0374008
0.0372462
0.0370982
0.0369563
0.0368211
0.036697
0.0365903
0.036508
0.0364642
0.0364734
0.0365522
0.0367234
0.0370107
0.0374431
0.0380511
0.0388699
0.0399323
0.0412643
0.0428756
0.0447423
0.046795
0.0489023
0.0508878
0.0525603
0.0537682
0.0544461
0.0546216
0.0543868
0.0538507
0.0531141
0.0522592
0.0513533
0.0504548
0.0496113
0.0488611
0.0482256
0.0477192
0.0473391
0.0470756
0.0469092
0.0468164
0.0467724
0.0467522
0.0467292
0.0466872
0.0466117
0.046494
0.0463346
0.0461311
0.0458913
0.045621
0.0453274
0.0450166
0.0446972
0.044371
0.0440452
0.0437247
0.0434129
0.0431161
0.0428418
0.0425973
0.0423945
0.0422407
0.0421503
0.0421408
0.0422259
0.0424231
0.0427437
0.0431921
0.0437543
0.0443947
0.0450483
0.0456237
0.0460177
0.0461429
0.0459508
0.0454519
0.0447109
0.043823
0.0428843
0.041972
0.0411348
0.040392
0.0397475
0.0391902
0.038708
0.0382897
0.0379308
0.0376295
0.0373938
0.0372324
0.0371611
0.0371965
0.037354
0.0376517
0.0381036
0.0387198
0.0395073
0.0404673
0.0415924
0.0428628
0.044249
0.0457025
0.0471519
0.0485032
0.0496462
0.0504761
0.0509218
0.0509743
0.0507009
0.0502185
0.0496622
0.0491539
0.0487822
0.0485958
0.0486144
0.048841
0.0492698
0.0498925
0.050704
0.0516965
0.0528483
0.0541156
0.0554056
0.0565704
0.0574206
0.0577748
0.0575215
0.0566771
0.0553738
0.0538061
0.0521573
0.0505728
0.0491471
0.0479394
0.0469862
0.0463118
0.0459293
0.0458428
0.0460405
0.0464941
0.0471531
0.047942
0.0487574
0.0494772
0.0499798
0.0501641
0.0499777
0.0494323
0.0485948
0.0475686
0.0464685
0.0453934
0.0444208
0.043601
0.0429642
0.0425219
0.0422834
0.042247
0.0424126
0.0427808
0.043351
0.0441262
0.045103
0.0462838
0.047662
0.0492265
0.050956
0.0528252
0.0547998
0.0568371
0.0588944
0.060926
0.0628843
0.0647146
0.0663578
0.0677488
0.0688191
0.0695191
0.0698244
0.0697416
0.0692998
0.0685387
0.0675011
0.0662357
0.0648043
0.0632848
0.0617608
0.0603155
0.0590155
0.0579112
0.0570383
0.05643
0.0561158
0.0561351
0.0565304
0.0573509
0.0586421
0.0604353
0.0627316
0.0654736
0.0685206
0.071621
0.0744307
0.0765792
0.0777869
0.077956
0.0771773
0.0756534
0.0735931
0.0711534
0.0684393
0.0655416
0.0625659
0.0596368
0.0568916
0.0544547
0.0524269
0.0508772
0.0498421
0.04931
0.0492092
0.0493976
0.0496589
0.0497515
0.0494848
0.0487916
0.047753
0.0465534
0.0454002
0.0444547
0.0438144
0.0435151
0.0435553
0.0439093
0.0445364
0.0453843
0.0463876
0.047467
0.0485301
0.0494736
0.0502046
0.0506472
0.0507576
0.050535
0.0500182
0.0492755
0.0483939
0.0474625
0.0465612
0.0457533
0.0450841
0.0445803
0.0442545
0.0441062
0.0441267
0.0442976
0.0445974
0.0450019
0.0454797
0.0459997
0.0465293
0.0470394
0.0475058
0.0479239
0.0483059
0.0486882
0.0491223
0.0496614
0.0503354
0.0511265
0.0519461
0.0526272
0.0529755
0.0528347
0.0521635
0.0510586
0.0497044
0.0483015
0.0470038
0.0458968
0.0450061
0.044318
0.043799
0.0434078
0.0431073
0.042869
0.0426752
0.0425264
0.0424383
0.0424467
0.0425993
0.0429532
0.0435594
0.0444466
0.0455839
0.0468521
0.048031
0.0488328
0.0490124
0.0484845
0.0473692
0.0459317
0.0444616
0.0431757
0.0421868
0.0415221
0.0411573
0.0410424
0.0411186
0.0413286
0.0416219
0.0419531
0.0422845
0.0425881
0.0428412
0.04303
0.0431463
0.0431858
0.0431505
0.0430448
0.0428737
0.0426433
0.0423627
0.0420428
0.0417001
0.0413504
0.0410165
0.0407194
0.0404813
0.0403193
0.0402486
0.0402778
0.0404097
0.0406405
0.0409576
0.0413475
0.0417889
0.0422602
0.0427386
0.0432039
0.043635
0.0440164
0.0443348
0.0445803
0.0447467
0.0448333
0.0448462
0.0448014
0.0447232
0.0446464
0.0446102
0.0446599
0.0448429
0.045203
0.0457791
0.0466
0.0476775
0.0489946
0.0504988
0.052092
0.0536327
0.0549616
0.0559299
0.0564528
0.0565367
0.0562782
0.0558279
0.0553492
0.0549817
0.0548173
0.0548957
0.0552038
0.0556832
0.0562429
0.0567754
0.0571789
0.0573759
0.0573296
0.0570455
0.0565543
0.0559025
0.0551417
0.0543134
0.053452
0.0525817
0.051721
0.0508854
0.0500843
0.0493257
0.0486163
0.0479603
0.0473611
0.0468216
0.0463434
0.0459277
0.0455779
0.0452962
0.045085
0.0449486
0.0448892
0.0449086
0.0450059
0.0451786
0.0454226
0.0457364
0.0461155
0.0465538
0.0470433
0.0475672
0.0481021
0.0486234
0.0491178
0.0495975
0.0501055
0.0507186
0.0515243
0.0525918
0.0539475
0.0555454
0.0572681
0.0589378
0.060356
0.0613561
0.0618293
0.0617474
0.0611458
0.0601071
0.0587506
0.0572135
0.0556411
0.0541657
0.0528958
0.0519082
0.0512487
0.0509349
0.0509635
0.0513179
0.0519699
0.0528822
0.0540122
0.0553157
0.0567419
0.0582426
0.0597708
0.0612824
0.0627371
0.0640943
0.0653094
0.0663283
0.0670828
0.0674906
0.0674641
0.066913
0.0657661
0.0640003
0.0616746
0.0589368
0.0559969
0.0530836
0.0503834
0.0480193
0.0460466
0.0444656
0.0432418
0.0423213
0.0416396
0.0411299
0.040729
0.0403768
0.0400201
0.0396144
0.0391313
0.0385632
0.0379221
0.0372374
0.0365489
0.0359027
0.0353406
0.0348973
0.0346017
0.0344742
0.0345305
0.0347802
0.0352328
0.0358951
0.0367729
0.0378699
0.0391864
0.0407174
0.0424516
0.0443681
0.0464352
0.0486064
0.0508239
0.0530155
0.055101
0.0569917
0.0586005
0.0598513
0.0606879
0.0610838
0.061053
0.0606542
0.0599812
0.0591568
0.058312
0.0575738
0.0570372
0.0567603
0.05674
0.056913
0.0571597
0.0573291
0.0572693
0.0568671
0.0560809
0.0549538
0.053596
0.0521493
0.0507465
0.0494796
0.0483909
0.0474798
0.0467155
0.0460551
0.045459
0.0448933
0.0443452
0.0438159
0.0433206
0.0428853
0.0425438
0.0423241
0.0422534
0.0423506
0.0426249
0.0430716
0.0436704
0.0443847
0.0451591
0.0459248
0.0466038
0.0471269
0.0474481
0.0475566
0.0474824
0.0472841
0.0470361
0.0468098
0.0466679
0.0466544
0.0467937
0.0470971
0.047559
0.0481634
0.0488814
0.0496752
0.0505043
0.0513237
0.0520923
0.0527815
0.0533712
0.0538561
0.0542413
0.0545364
0.0547552
0.0549081
0.0550077
0.0550568
0.0550557
0.0549995
0.0548827
0.0547038
0.0544671
0.0541854
0.0538813
0.0535784
0.053301
0.0530664
0.0528798
0.052733
0.0526074
0.0524762
0.052315
0.0521022
0.0518235
0.0514738
0.0510509
0.050557
0.0499954
0.0493634
0.0486604
0.0478861
0.0470443
0.0461492
0.045224
0.0443019
0.0434142
0.0425967
0.0418773
0.0412802
0.0408191
0.0405034
0.0403384
0.0403294
0.0404789
0.040788
0.0412585
0.041888
0.0426701
0.0435937
0.0446395
0.0457892
0.0470207
0.0483107
0.0496454
0.0510085
0.0523766
0.0537068
0.054937
0.0559803
0.0567548
0.0572129
0.057367
0.0572775
0.0570298
0.0566984
0.0563203
0.0558884
0.0553698
0.0547195
0.0539065
0.0529251
0.0517974
0.0505667
0.0492846
0.0480082
0.0467809
0.0456398
0.0446066
0.0436954
0.0429113
0.0422535
0.041717
0.0412967
0.0409827
0.0407657
0.0406379
0.04059
0.0406116
0.0406939
0.0408239
0.0409912
0.0411875
0.0414041
0.0416341
0.0418709
0.0421093
0.0423428
0.0425615
0.0427543
0.0429096
0.0430153
0.0430642
0.0430557
0.0430026
0.0429206
0.0428369
0.0427824
0.0427859
0.0428769
0.0430814
0.0434238
0.0439401
0.0446828
0.0457291
0.0471846
0.0491504
0.0516478
0.0544812
0.0571052
0.0586994
0.058596
0.0567955
0.0540024
0.0511273
0.0488241
0.0473715
0.0467826
0.0469382
0.0476757
0.0488129
0.0501565
0.0515208
0.0527388
0.0536931
0.0543269
0.054635
0.0546456
0.0543856
0.053875
0.0531287
0.0521792
0.0510861
0.0499269
0.0487892
0.0477411
0.0468179
0.0460184
0.0453098
0.0446438
0.0439761
0.0432782
0.0425468
0.0418015
0.0410771
0.0404126
0.0398438
0.0393969
0.0390875
0.0389197
0.0388889
0.0389864
0.0391957
0.0395026
0.0398928
0.0403534
0.0408755
0.041452
0.0420806
0.0427541
0.0434667
0.0442039
0.0449478
0.0456708
0.0463456
0.0469456
0.0474503
0.0478561
0.0481714
0.0484291
0.048675
0.0489649
0.0493631
0.0499304
0.0507234
0.0517772
0.0530988
0.0546502
0.0563339
0.0579951
0.0594427
0.0604948
0.0610418
0.0610633
0.0606239
0.0598284
0.0587873
0.0576072
0.0563953
0.0552633
0.054315
0.0536297
0.0532268
0.0530398
0.0529155
0.0526593
0.0521108
0.0512213
0.0500737
0.0488439
0.0477211
0.0468465
0.046295
0.0460818
0.0461851
0.0465606
0.0471552
0.0479117
0.0487723
0.0496824
0.0505926
0.0514599
0.052252
0.0529501
0.0535503
0.0540579
0.0544922
0.0548829
0.0552683
0.0556937
0.05619
0.0567518
0.0573152
0.0577439
0.0578562
0.0574847
0.0565565
0.0551281
0.0533696
0.0514976
0.0496978
0.0481009
0.0467681
0.0457121
0.044905
0.0443086
0.0438742
0.0435582
0.0433296
0.0431645
0.0430569
0.0430107
0.043038
0.0431573
0.0433857
0.0437377
0.0442224
0.0448421
0.0455891
0.0464434
0.0473695
0.0483149
0.0492114
0.0499817
0.0505533
0.0508742
0.0509249
0.0507294
0.0503457
0.0498562
0.0493489
0.0489001
0.0485657
0.0483772
0.0483413
0.0484427
0.048644
0.0488966
0.0491387
0.0493101
0.0493552
0.0492307
0.0489127
0.048398
0.0477005
0.0468555
0.045907
0.0449081
0.0439093
0.0429573
0.0420927
0.0413437
0.0407306
0.0402622
0.0399416
0.0397646
0.0397243
0.0398084
0.039998
0.0402756
0.0406204
0.0410077
0.0414147
0.0418186
0.0422008
0.0425442
0.04284
0.0430847
0.0432764
0.0434231
0.0435328
0.0436181
0.0436941
0.0437773
0.0438855
0.04404
0.0442596
0.0445628
0.0449621
0.04546
0.0460414
0.0466759
0.0473078
0.0478634
0.0482683
0.048466
0.0484335
0.0481909
0.0477988
0.047335
0.0468727
0.0464714
0.0461664
0.0459725
0.0458872
0.0459015
0.0460008
0.0461718
0.0464041
0.0466937
0.0470383
0.0474388
0.0478933
0.0483993
0.048948
0.0495211
0.0500898
0.0506143
0.0510441
0.0513226
0.0514015
0.0512471
0.0508506
0.0502304
0.049432
0.0485149
0.0475391
0.0465602
0.0456192
0.0447445
0.0439531
0.0432499
0.0426325
0.0420962
0.0416311
0.0412276
0.0408755
0.0405656
0.0402918
0.0400504
0.0398385
0.0396626
0.0395326
0.0394641
0.0394793
0.0396098
0.0398906
0.0403679
0.0410867
0.0420894
0.0433872
0.0449329
0.046587
0.0480998
0.0491563
0.0494828
0.0489797
0.0477777
0.0461638
0.0444438
0.0428486
0.0415003
0.0404385
0.0396483
0.0390984
0.038753
0.0385813
0.0385643
0.0386878
0.0389473
0.0393395
0.0398612
0.0405102
0.0412703
0.042116
0.0430086
0.0438959
0.0447206
0.0454268
0.0459791
0.0463681
0.0466185
0.0467736
0.0468907
0.0470249
0.0472182
0.0474951
0.0478612
0.0483051
0.0488055
0.0493274
0.049838
0.0503006
0.0506884
0.0509863
0.0511915
0.0513173
0.051387
0.0514319
0.051482
0.0515616
0.0516933
0.0518945
0.0521746
0.052542
0.0529926
0.0535085
0.0540473
0.0545384
0.0548939
0.0550308
0.0548926
0.0544748
0.0538211
0.0530072
0.0521192
0.0512263
0.0503736
0.0495828
0.048854
0.0481798
0.0475416
0.046925
0.0463198
0.0457236
0.0451376
0.0445696
0.0440308
0.0435346
0.0430916
0.042713
0.0424043
0.042172
0.0420161
0.0419369
0.0419299
0.0419914
0.0421162
0.0422954
0.042524
0.0427903
0.0430884
0.0434061
0.0437327
0.0440587
0.0443701
0.0446575
0.0449108
0.045126
0.0453005
0.0454376
0.0455505
0.0456572
0.0457853
0.0459672
0.0462424
0.0466521
0.0472371
0.0480359
0.0490759
0.0503688
0.0519004
0.0536253
0.0554617
0.0573046
0.0590408
0.0605785
0.0618634
0.0628669
0.0635633
0.063898
0.0637894
0.0631683
0.0620259
0.0604368
0.0585354
0.0564786
0.0544028
0.0524171
0.0506005
0.0490029
0.0476547
0.0465669
0.0457354
0.0451438
0.0447694
0.0445837
0.0445521
0.0446396
0.0448079
0.0450239
0.0452512
0.0454624
0.0456326
0.045749
0.045806
0.045808
0.045765
0.0456902
0.0455972
0.0454988
0.0454035
0.0453134
0.0452264
0.0451345
0.0450281
0.0448962
0.0447284
0.0445204
0.0442722
0.043993
0.0436923
0.0433859
0.0430907
0.0428251
0.042605
0.0424469
0.0423658
0.0423728
0.0424818
0.0426985
0.0430291
0.0434663
0.0439952
0.0445827
0.0451823
0.0457302
0.0461616
0.0464187
0.0464688
0.0463102
0.0459732
0.0455097
0.0449806
0.0444432
0.043944
0.0435185
0.0431915
0.0429806
0.042897
0.0429507
0.043148
0.0434895
0.0439754
0.0445983
0.0453496
0.0462131
0.0471709
0.048202
0.04928
0.0503818
0.0514763
0.0525276
0.053496
0.0543294
0.0549758
0.0553889
0.055546
0.0554626
0.0551931
0.054818
0.0544294
0.0541063
0.0539035
0.0538459
0.0539386
0.0541652
0.0545044
0.0549337
0.0554341
0.055987
0.0565648
0.0571389
0.0576681
0.0581127
0.0584491
0.058676
0.0588161
0.0588972
0.0589273
0.0588734
0.0586618
0.0582002
0.057427
0.0563436
0.0550209
0.0535753
0.0521302
0.0507845
0.0495982
0.0485984
0.047788
0.0471531
0.0466776
0.046341
0.0461265
0.0460172
0.0460013
0.0460631
0.0461862
0.0463519
0.0465418
0.0467351
0.0469156
0.0470705
0.0471895
0.0472618
0.0472743
0.0472087
0.047047
0.0467663
0.0463508
0.0457924
0.0450987
0.044287
0.0433878
0.0424357
0.0414693
0.0405198
0.0396155
0.0387758
0.0380148
0.0373406
0.0367549
0.0362564
0.0358437
0.035514
0.0352624
0.0350876
0.0349868
0.0349589
0.0350064
0.0351326
0.0353412
0.0356409
0.0360394
0.0365494
0.0371841
0.0379572
0.0388825
0.0399779
0.0412558
0.0427297
0.0444129
0.0463228
0.048479
0.0508987
0.0535755
0.0564297
0.0592464
0.0616556
0.063226
0.0636856
0.0631161
0.0619186
0.0605685
0.0593995
0.0585277
0.057903
0.0574047
0.056912
0.0563443
0.0556804
0.0549411
0.0541765
0.0534383
0.0527635
0.0521655
0.0516455
0.0512003
0.0508353
0.0505595
0.0503869
0.0503247
0.0503697
0.0505048
0.0506977
0.0509148
0.0511191
0.0512824
0.0513848
0.0514236
0.0514113
0.0513723
0.0513452
0.0513741
0.0515028
0.0517659
0.0521781
0.0527252
0.053363
0.0540234
0.0546234
0.0550844
0.0553439
0.0553631
0.0551194
0.0546046
0.0538228
0.0527931
0.0515518
0.0501621
0.0487032
0.0472685
0.0459525
0.0448393
0.0439937
0.0434594
0.0432558
0.0433802
0.0438117
0.0445071
0.0454054
0.0464307
0.0474984
0.0485336
0.0494835
0.0503285
0.0510851
0.0517988
0.0525283
0.0533214
0.05421
0.0552013
0.0562918
0.0574711
0.0587421
0.0601246
0.0616432
0.0632992
0.0650387
0.0667218
0.068134
0.0690428
0.0692687
0.0687339
0.0674812
0.0656409
0.0634106
0.0610056
0.0586192
0.0563862
0.0543776
0.0526062
0.0510517
0.0496779
0.0484464
0.0473233
0.0462833
0.0453098
0.0443905
0.0435236
0.0427096
0.0419548
0.0412681
0.0406634
0.0401558
0.0397619
0.0395008
0.0393888
0.0394448
0.0396856
0.0401207
0.0407559
0.0415811
0.0425734
0.0436951
0.044886
0.046078
0.0472027
0.0482089
0.0490822
0.0498495
0.050583
0.051389
0.0523826
0.0536586
0.0552532
0.0571159
0.0590889
0.0609374
0.0624221
0.0633963
0.0638623
0.0639425
0.0638038
0.0635773
0.0633312
0.063079
0.0627993
0.0624579
0.0620177
0.0614396
0.0606861
0.0597271
0.0585513
0.0571761
0.0556424
0.0540053
0.0523289
0.0506665
0.0490626
0.0475466
0.0461381
0.0448497
0.0436884
0.0426594
0.0417692
0.0410244
0.040432
0.0399946
0.0397107
0.0395754
0.039571
0.0396683
0.0398324
0.0400218
0.0401963
0.0403252
0.0403963
0.0404169
0.0404119
0.0404186
0.0404766
0.0406234
0.0408881
0.0412938
0.0418496
0.0425573
0.043406
0.0443734
0.0454231
0.0465004
0.047536
0.0484462
0.0491464
0.0495655
0.0496675
0.0494606
0.0489957
0.0483515
0.0476083
0.0468319
0.0460616
0.0453147
0.0445917
0.0438857
0.0431927
0.0425213
0.0418846
0.0413069
0.0408162
0.0404372
0.0401924
0.0400939
0.0401448
0.0403358
0.0406418
0.0410278
0.0414464
0.0418485
0.0421871
0.0424252
0.0425431
0.0425372
0.0424165
0.0421962
0.0418958
0.0415366
0.0411355
0.0407151
0.0402941
0.0398906
0.0395237
0.039212
0.0389685
0.0388072
0.0387362
0.0387625
0.0388954
0.039141
0.0395036
0.0399893
0.0406021
0.0413458
0.0422224
0.0432273
0.0443566
0.0455967
0.0469328
0.048342
0.0497994
0.0512791
0.0527529
0.0541966
0.0555859
0.0568995
0.0581178
0.0592048
0.0601015
0.0607143
0.0609332
0.0606811
0.0599727
0.0589352
0.0577712
0.056687
0.0558359
0.0552951
0.0550729
0.0551298
0.0553995
0.0558062
0.0562833
0.0567706
0.0572288
0.0576327
0.057971
0.0582385
0.0584324
0.0585441
0.0585628
0.0584775
0.0582843
0.0579969
0.0576478
0.0572846
0.0569667
0.0567473
0.0566686
0.0567556
0.057012
0.0574254
0.057976
0.0586395
0.0593914
0.0602116
0.061083
0.0619856
0.0628913
0.0637544
0.0645124
0.0650894
0.0654224
0.0654828
0.0652887
0.0649118
0.0644408
0.0639467
0.0634431
0.0628674
0.0620949
0.0609918
0.0594751
0.0575683
0.0553999
0.0531571
0.051033
0.049178
0.0476932
0.0466381
0.0460309
0.0458663
0.0461066
0.0466886
0.0475126
0.0484554
0.0493916
0.0502204
0.0508886
0.0513927
0.0517542
0.051992
0.052115
0.0521273
0.0520375
0.0518624
0.0516001
0.0512183
0.0506468
0.049813
0.0486905
0.0473284
0.0458426
0.044377
0.0430613
0.0419807
0.0411747
0.0406455
0.040373
0.0403259
0.0404705
0.0407745
0.0412167
0.0417815
0.0424665
0.0432771
0.0442262
0.0453286
0.0465922
0.0480101
0.049547
0.0511331
0.0526667
0.0540239
0.0550857
0.055769
0.0560401
0.055929
0.0555174
0.0549303
0.0543133
0.0538079
0.0535324
0.053561
0.0539151
0.054559
0.0553953
0.0562758
0.0570172
0.0574455
0.0574412
0.0569727
0.0561079
0.0549785
0.0537445
0.0525533
0.051521
0.0507247
0.0502056
0.0499753
0.0500221
0.0503189
0.0508212
0.0514779
0.0522329
0.0530306
0.0538217
0.0545663
0.055233
0.055792
0.0562055
0.0564176
0.0563579
0.0559499
0.0551493
0.0539751
0.0525246
0.0509526
0.0494344
0.0481276
0.0471479
0.0465695
0.0464257
0.0467149
0.0474006
0.0484048
0.0496016
0.0508188
0.0518568
0.0525356
0.0527624
0.0525666
0.0520962
0.0515767
0.0512438
0.0512957
0.0518565
0.0529428
0.0544395
0.0560822
0.0575075
0.0583676
0.0584911
0.0579479
0.056976
0.0558367
0.0547093
0.0536736
0.0527463
0.0519298
0.0512437
0.0507351
0.0504766
0.0505472
0.0510291
0.0519926
0.0534883
0.0555292
0.058075
0.0610072
0.0641105
0.0670906
0.0696255
0.071461
0.0724967
0.0728189
0.0726542
0.0722743
0.0719167
0.0717329
0.0717533
0.0718888
0.0719503
0.0717066
0.0709708
0.0696557
0.0677893
0.0654838
0.0628859
0.0601504
0.0574281
0.0548532
0.0525352
0.0505466
0.0489209
0.0476565
0.0467211
0.0460635
0.0456258
0.0453482
0.0451813
0.045084
0.0450276
0.0449917
0.0449629
0.044934
0.0448975
0.0448497
0.04479
0.0447214
0.044655
0.0446097
0.0446184
0.0447172
0.0449535
0.0453779
0.0460363
0.0469725
0.0482082
0.0497399
0.0515263
0.0534788
0.0554559
0.0572786
0.0587576
0.059741
0.0601665
0.0600811
0.0596224
0.058969
0.0582866
0.0576942
0.0572506
0.0569623
0.0567945
0.0566877
0.0565738
0.0563916
0.0560957
0.055668
0.0551219
0.0544953
0.0538452
0.0532357
0.0527284
0.0523692
0.0521827
0.0521656
0.0522821
0.0524782
0.0526841
0.0528396
0.0529102
0.0528945
0.0528262
0.0527535
0.0527293
0.0527858
0.0529379
0.0531683
0.0534392
0.0536986
0.0538969
0.0539939
0.0539782
0.0538715
0.0537254
0.0536105
0.0535975
0.0537377
0.05405
0.0545165
0.0550828
0.0556726
0.0562013
0.0565973
0.0568113
0.0568287
0.0566546
0.0563132
0.0558305
0.0552282
0.0545244
0.0537341
0.0528731
0.0519606
0.0510177
0.0500698
0.0491422
0.0482547
0.0474254
0.0466629
0.0459737
0.0453605
0.0448259
0.0443782
0.044028
0.0437891
0.0436725
0.0436743
0.0437686
0.0438989
0.0439792
0.0439073
0.0435934
0.0429867
0.0421054
0.0410235
0.0398547
0.0387156
0.0377034
0.0368882
0.0363087
0.0359851
0.0359236
0.0361221
0.0365758
0.0372767
0.0382142
0.039373
0.0407271
0.0422452
0.0438844
0.0455946
0.0473218
0.0490075
0.0505953
0.0520369
0.05329
0.0543254
0.0551202
0.0556528
0.0558958
0.055817
0.0553885
0.0545977
0.0534787
0.0521193
0.0506521
0.0492341
0.0480181
0.0471326
0.0466725
0.0467041
0.0472543
0.0483013
0.0497386
0.0513474
0.0527952
0.0537039
0.0538149
0.0531209
0.0518648
0.0504045
0.049051
0.0479803
0.0472376
0.0467732
0.0464892
0.0462786
0.0460572
0.045781
0.0454522
0.0451167
0.0448445
0.0447124
0.0447908
0.0451316
0.0457747
0.0467336
0.0480055
0.0495634
0.0513589
0.0533186
0.0553446
0.057329
0.0591684
0.0607822
0.0621225
0.0631842
0.0639933
0.0646008
0.0650626
0.065433
0.0657544
0.0660549
0.0663375
0.0665755
0.06671
0.0666479
0.0662806
0.0655155
0.0643108
0.0626937
0.0607544
0.0586216
0.0564362
0.0543252
0.0523866
0.0506905
0.0492704
0.0481369
0.0472808
0.0466817
0.0463105
0.046138
0.0461335
0.0462675
0.046509
0.0468259
0.0471856
0.0475548
0.047898
0.0481818
0.0483787
0.0484741
0.0484636
0.0483636
0.0482014
0.0480141
0.0478443
0.0477371
0.0477343
0.0478753
0.0481929
0.0487085
0.0494391
0.0503862
0.0515352
0.052854
0.0542935
0.0557915
0.0572774
0.058682
0.059952
0.0610458
0.0619391
0.0626013
0.0629939
0.0630631
0.0627561
0.0620477
0.0609633
0.0595815
0.0580181
0.0563926
0.0548079
0.0533351
0.0520176
0.0508746
0.049914
0.0491313
0.0485174
0.0480575
0.0477325
0.0475157
0.0473735
0.0472663
0.0471546
0.0469999
0.0467727
0.0464573
0.0460523
0.0455677
0.0450218
0.0444339
0.0438216
0.0432021
0.0425893
0.041997
0.0414432
0.0409466
0.0405314
0.0402194
0.0400337
0.0399955
0.0401209
0.0404218
0.0409107
0.0415947
0.0424801
0.0435692
0.0448534
0.0463162
0.0479234
0.0496196
0.0513261
0.0529536
0.0544097
0.0556214
0.0565376
0.0571177
0.0573224
0.0571034
0.0564255
0.0553032
0.0538325
0.0521812
0.0505514
0.0491313
0.0480635
0.0474303
0.0472461
0.0474578
0.0479339
0.0484833
0.0488795
0.048928
0.0485382
0.0477526
0.0467225
0.0456386
0.0446704
0.0439249
0.0434577
0.0432782
0.0433724
0.0437154
0.0442724
0.0450128
0.0459036
0.0469154
0.0480148
0.0491744
0.0503718
0.0515852
0.0528004
0.0540124
0.0552228
0.0564308
0.0576297
0.0587954
0.0598763
0.0607937
0.0614441
0.0617237
0.0615584
0.0609318
0.059891
0.0585342
0.0569802
0.0553421
0.0537082
0.0521323
0.050647
0.0492637
0.0479865
0.0468137
0.0457412
0.0447648
0.043881
0.0430881
0.0423829
0.041764
0.041232
0.0407868
0.0404307
0.0401637
0.0399899
0.0399131
0.0399376
0.0400668
0.0403041
0.0406519
0.0411135
0.0416916
0.0423892
0.0432088
0.044156
0.0452349
0.0464501
0.047805
0.049294
0.0508993
0.0525866
0.0542932
0.0559298
0.0573774
0.058498
0.059155
0.0592484
0.0587484
0.0577139
0.0562789
0.0546196
0.0529061
0.0512726
0.0498068
0.0485517
0.0475185
0.046695
0.0460573
0.0455792
0.0452342
0.0450031
0.0448726
0.0448419
0.0449162
0.0451091
0.0454416
0.0459361
0.0466153
0.0474995
0.0486004
0.0499156
0.0514257
0.0530831
0.0548154
0.0565213
0.0580763
0.0593498
0.060215
0.0605771
0.0603891
0.0596613
0.058458
0.0568914
0.055094
0.0532044
0.0513518
0.0496429
0.0481602
0.0469575
0.0460649
0.0454907
0.0452267
0.0452521
0.0455354
0.0460407
0.0467287
0.0475584
0.0484879
0.04948
0.0504966
0.0515004
0.0524552
0.0533207
0.0540513
0.0545976
0.0549091
0.0549498
0.0547109
0.0542197
0.0535423
0.0527662
0.0519919
0.0513064
0.0507771
0.0504493
0.0503416
0.0504484
0.0507495
0.0512082
0.0517833
0.05243
0.0531091
0.053781
0.0544158
0.0549855
0.0554643
0.0558297
0.0560614
0.0561413
0.0560543
0.0557893
0.0553433
0.0547169
0.0539252
0.0529904
0.0519478
0.050844
0.0497286
0.0486536
0.0476643
0.0468002
0.0460909
0.04556
0.0452176
0.0450681
0.0451091
0.0453269
0.0457033
0.0462089
0.0468066
0.0474525
0.0480976
0.0486939
0.0491982
0.0495805
0.0498333
0.0499743
0.0500582
0.0501636
0.0503887
0.0508191
0.0514922
0.0523513
0.053207
0.0537594
0.0536924
0.0528304
0.0512414
0.0492027
0.0470591
0.0450913
0.0434584
0.0422128
0.0413366
0.0407777
0.040474
0.040358
0.0403724
0.0404645
0.0405928
0.0407295
0.0408625
0.0409956
0.0411456
0.0413382
0.0416046
0.0419753
0.0424735
0.043116
0.043908
0.0448419
0.0458954
0.0470321
0.0481985
0.0493339
0.0503707
0.0512504
0.0519275
0.0523854
0.0526314
0.0526968
0.0526279
0.0524771
0.0523036
0.0521651
0.0521233
0.0522414
0.0525906
0.0532391
0.0542481
0.0556471
0.0573947
0.0593377
0.0611871
0.0625621
0.0631237
0.0627588
0.0616268
0.0600726
0.0584481
0.05699
0.055798
0.05486
0.0541057
0.0534431
0.0527888
0.0520859
0.0513168
0.0505031
0.0497017
0.048993
0.0484697
0.0482202
0.0483186
0.0488069
0.0496778
0.0508612
0.0522176
0.0535627
0.0547276
0.0556317
0.0563301
0.0569917
0.0578313
0.0590338
0.0607123
0.0629026
0.0655746
0.0686441
0.0719927
0.0754553
0.0788185
0.0818058
0.0840779
0.0852732
0.0850925
0.0834126
0.0803651
0.076317
0.0717546
0.0671413
0.0628157
0.0589751
0.0556939
0.0529688
0.0507535
0.0489871
0.0476066
0.0465511
0.0457679
0.0452108
0.0448392
0.0446164
0.044508
0.0444866
0.0445276
0.0446064
0.0447008
0.0447922
0.044865
0.0449088
0.044923
0.044916
0.0449077
0.0449225
0.0449932
0.0451489
0.0454152
0.045805
0.0463183
0.0469332
0.0476053
0.048271
0.0488605
0.0493066
0.049563
0.0496172
0.0494905
0.0492341
0.0489111
0.0485863
0.0483087
0.0481097
0.0480002
0.0479709
0.0480024
0.0480739
0.0481682
0.0482762
0.0484049
0.0485782
0.0488298
0.0492027
0.0497352
0.0504441
0.0513045
0.0522141
0.0529828
0.0533618
0.0531266
0.0521884
0.0506456
0.0487374
0.0467408
0.0448746
0.0432641
0.0419519
0.0409255
0.0401461
0.0395677
0.0391441
0.0388377
0.0386185
0.0384648
0.0383609
0.0382982
0.0382734
0.0382832
0.0383293
0.0384133
0.0385375
0.0387037
0.038913
0.0391671
0.0394663
0.0398134
0.0402096
0.0406587
0.0411675
0.0417394
0.0423791
0.0430901
0.0438762
0.0447405
0.0456797
0.0466855
0.0477469
0.0488371
0.0499193
0.0509452
0.051853
0.0525798
0.0530727
0.0533069
0.0532845
0.0530379
0.0526105
0.0520448
0.0513608
0.0505638
0.049652
0.0486303
0.0475242
0.0463849
0.0452808
0.0442839
0.043461
0.0428627
0.0425262
0.0424764
0.042725
0.0432777
0.044128
0.0452562
0.0466199
0.0481452
0.0497217
0.0511979
0.0524085
0.0531971
0.0534675
0.0532131
0.052519
0.0515348
0.0504287
0.0493495
0.0484013
0.0476464
0.047105
0.0467685
0.046607
0.04658
0.0466455
0.0467649
0.0469119
0.0470739
0.0472588
0.0474942
0.047823
0.0482996
0.0489842
0.0499409
0.0512263
0.0528915
0.0549656
0.0574428
0.0602536
0.0632338
0.0660987
0.0684671
0.0699585
0.070334
0.0695928
0.0679496
0.065721
0.0632074
0.0606443
0.0582084
0.0560283
0.0542134
0.0528488
0.0519979
0.0516969
0.051936
0.0526447
0.0536715
0.0547784
0.0556592
0.0560088
0.0556193
0.0544537
0.0526565
0.0504955
0.0482581
0.0461792
0.0444105
0.0430267
0.0420433
0.0414473
0.041207
0.0412886
0.0416548
0.0422642
0.0430674
0.0440105
0.0450269
0.0460474
0.047007
0.0478473
0.0485283
0.0490229
0.0493167
0.0494012
0.0492669
0.0489176
0.0483741
0.0476838
0.0469275
0.046207
0.045623
0.045262
0.0451828
0.045415
0.0459602
0.0467942
0.0478716
0.0491274
0.0504715
0.0517886
0.0529342
0.0537546
0.0541211
0.0539749
0.0533547
0.052382
0.0512187
0.0500125
0.0488693
0.0478513
0.0469821
0.0462656
0.0456938
0.0452574
0.0449465
0.0447505
0.0446611
0.0446695
0.0447625
0.0449269
0.0451484
0.0454105
0.0457011
0.0460057
0.0463139
0.0466176
0.0469133
0.0471971
0.0474686
0.047733
0.0479949
0.0482635
0.0485496
0.04886
0.0491953
0.0495452
0.0498848
0.0501775
0.0503777
0.0504418
0.0503372
0.0500509
0.0495896
0.0489799
0.0482614
0.0474815
0.0466879
0.0459214
0.045219
0.0446103
0.0441159
0.0437498
0.0435142
0.0434119
0.0434408
0.0435917
0.043855
0.0442207
0.0446754
0.0452098
0.0458126
0.0464803
0.0472115
0.0480152
0.0489057
0.0499092
0.0510535
0.0523654
0.053859
0.0555175
0.057271
0.0589893
0.0604996
0.0616492
0.062375
0.0627426
0.0629067
0.0630129
0.0630995
0.0630558
0.0626638
0.0617064
0.0600829
0.0578653
0.0552606
0.0525305
0.0499007
0.0475279
0.0454925
0.0438187
0.0424948
0.041497
0.0407934
0.0403576
0.0401704
0.0402167
0.0404909
0.0409924
0.0417239
0.0426883
0.0438901
0.0453238
0.0469817
0.0488389
0.0508564
0.0529752
0.0551123
0.0571604
0.0589879
0.0604538
0.0614362
0.0618711
0.0617661
0.0612026
0.060302
0.0591901
0.0579782
0.0567494
0.0555658
0.0544783
0.0535308
0.0527594
0.0521871
0.0518269
0.0516721
0.0516985
0.0518651
0.0521147
0.0523807
0.0525969
0.0526981
0.0526344
0.0523789
0.0519284
0.0513071
0.0505627
0.0497589
0.048968
0.0482541
0.0476748
0.0472653
0.0470403
0.0469899
0.0470849
0.0472778
0.0475096
0.0477203
0.0478648
0.047919
0.047884
0.0477838
0.0476621
0.0475643
0.0475304
0.047584
0.047727
0.0479434
0.0481987
0.0484541
0.0486829
0.0488836
0.0490963
0.0493856
0.0498332
0.050492
0.0513533
0.0523124
0.0531773
0.0537213
0.0537698
0.0532878
0.0523813
0.0512346
0.0500256
0.048869
0.0478115
0.046851
0.0459645
0.0451249
0.0443194
0.0435454
0.0428168
0.0421495
0.0415644
0.0410759
0.0406949
0.0404276
0.0402749
0.0402317
0.0402932
0.040454
0.0407088
0.0410557
0.0414941
0.0420246
0.0426476
0.0433573
0.0441373
0.044958
0.0457723
0.0465218
0.0471478
0.0476052
0.0478811
0.0480063
0.0480493
0.0481039
0.0482695
0.0486354
0.0492657
0.0501879
0.0513806
0.0527576
0.0541579
0.055359
0.056124
0.0562743
0.0557559
0.0546535
0.0531444
0.051431
0.049689
0.0480518
0.0466079
0.045413
0.0444975
0.0438788
0.0435617
0.0435397
0.0437939
0.0442967
0.0450035
0.0458558
0.04678
0.0477003
0.0485429
0.0492511
0.0497989
0.0501883
0.0504474
0.0506224
0.0507731
0.0509582
0.0512255
0.0515936
0.0520406
0.0525006
0.0528866
0.0531301
0.0532195
0.0532135
0.0532267
0.0533812
0.0537724
0.0544376
0.0553551
0.0564412
0.0575681
0.0585844
0.0593373
0.059711
0.0596481
0.0591613
0.0583239
0.0572468
0.0560481
0.0548274
0.0536579
0.0525802
0.0516095
0.0507368
0.0499435
0.049203
0.0484901
0.0477802
0.047056
0.0463075
0.0455327
0.0447383
0.0439366
0.0431421
0.0423724
0.0416449
0.0409742
0.0403746
0.0398573
0.039433
0.0391082
0.0388867
0.0387746
0.0387738
0.0388889
0.0391199
0.0394681
0.0399323
0.0405075
0.0411866
0.0419582
0.0428007
0.0436903
0.044596
0.0454779
0.0462961
0.0470103
0.0475883
0.0480115
0.0482743
0.048388
0.0483799
0.0482882
0.0481593
0.0480389
0.0479762
0.0480138
0.0481932
0.0485517
0.0491229
0.0499345
0.0510016
0.0523271
0.0538825
0.0556106
0.0574057
0.0591122
0.0605367
0.0614831
0.0618136
0.0614937
0.0606041
0.0593036
0.057776
0.0561843
0.0546559
0.0532833
0.0521363
0.0512635
0.0506999
0.0504633
0.0505541
0.0509526
0.0516141
0.0524698
0.0534333
0.0544046
0.0552928
0.0560246
0.0565633
0.0569124
0.0571093
0.0572052
0.0572513
0.0572703
0.0572475
0.0571233
0.05681
0.0562215
0.0553025
0.0540613
0.0525638
0.0509217
0.0492509
0.0476493
0.0461937
0.044928
0.043879
0.0430565
0.0424634
0.0420991
0.0419646
0.0420586
0.0423783
0.0429226
0.043687
0.0446628
0.0458291
0.0471433
0.0485246
0.0498427
0.0509136
0.0515349
0.0515558
0.0509441
0.0498161
0.0483901
0.0469074
0.0455578
0.0444589
0.0436547
0.0431419
0.0428868
0.0428406
0.0429519
0.0431665
0.0434361
0.0437172
0.043977
0.0441927
0.0443535
0.0444625
0.0445282
0.0445647
0.044587
0.0446079
0.0446358
0.0446728
0.044716
0.0447586
0.0447905
0.0447999
0.0447798
0.0447169
0.0446087
0.0444545
0.0442545
0.0440172
0.04375
0.0434674
0.0431838
0.0429144
0.0426772
0.0424917
0.0423791
0.0423611
0.0424604
0.0427025
0.0431096
0.0437015
0.0444935
0.045486
0.0466571
0.0479594
0.049311
0.0506018
0.0517058
0.0525057
0.0529277
0.0529545
0.0526274
0.0520278
0.0512519
0.0503878
0.0495015
0.0486361
0.0478147
0.0470424
0.0463129
0.0456157
0.0449412
0.044283
0.0436396
0.0430138
0.0424157
0.0418615
0.0413717
0.0409719
0.0406893
0.040558
0.0406093
0.0408815
0.0414112
0.0422316
0.0433577
0.0447699
0.046389
0.0480611
0.0495634
0.0506524
0.0511501
0.0510221
0.0503867
0.0494488
0.0484125
0.0474262
0.0465598
0.045831
0.0452215
0.0447013
0.0442413
0.0438199
0.043422
0.0430376
0.0426652
0.0423065
0.0419612
0.0416283
0.0413056
0.0409908
0.0406784
0.0403633
0.0400432
0.0397183
0.0393958
0.0390864
0.0388088
0.0385869
0.0384488
0.0384289
0.0385589
0.0388761
0.0394116
0.0401896
0.0412217
0.042492
0.0439521
0.0455072
0.0470271
0.0483418
0.0492801
0.0497046
0.0495454
0.0488269
0.0476584
0.0462052
0.0446463
0.0431359
0.0417827
0.0406486
0.0397619
0.0391261
0.038734
0.038574
0.0386309
0.038895
0.0393521
0.039994
0.0408023
0.0417561
0.0428295
0.0439834
0.0451702
0.0463381
0.0474301
0.0483981
0.0492032
0.0498243
0.0502614
0.0505306
0.0506582
0.0506782
0.0506245
0.0505319
0.0504349
0.050361
0.0503401
0.0503894
0.0505143
0.0507062
0.0509375
0.0511679
0.0513492
0.0514419
0.0514221
0.0512917
0.0510764
0.0508184
0.0505668
0.050357
0.050206
0.050097
0.0499821
0.0497872
0.0494343
0.0488669
0.0480687
0.0470775
0.0459686
0.0448349
0.0437631
0.0428196
0.0420423
0.0414497
0.0410437
0.0408148
0.0407489
0.0408302
0.0410441
0.0413725
0.0417977
0.0423034
0.0428677
0.0434696
0.044086
0.0447007
0.0452977
0.0458759
0.0464468
0.0470336
0.047666
0.0483667
0.0491266
0.0498926
0.0505546
0.0509679
0.050996
0.0505708
0.0497306
0.0486036
0.0473619
0.0461645
0.0451275
0.0443102
0.0437341
0.0433916
0.0432597
0.0433139
0.0435269
0.04388
0.0443535
0.0449353
0.0456226
0.0464097
0.0472983
0.0482938
0.0494009
0.0506224
0.0519545
0.0533868
0.0549022
0.0564682
0.0580479
0.059592
0.0610537
0.0623832
0.0635402
0.0644923
0.0652262
0.0657417
0.0660547
0.06619
0.0661754
0.0660312
0.0657704
0.0653872
0.064861
0.0641667
0.0632819
0.0621958
0.0609173
0.0594752
0.0579145
0.0562896
0.0546654
0.0531027
0.0516595
0.0503818
0.0493042
0.0484512
0.0478317
0.047441
0.0472665
0.0472818
0.0474522
0.0477413
0.0481182
0.0485613
0.0490695
0.0496542
0.050331
0.051107
0.0519659
0.0528593
0.053717
0.0544533
0.0549964
0.0552974
0.0553429
0.0551571
0.0548011
0.054352
0.0538817
0.0534295
0.0529863
0.0524954
0.0518773
0.0510695
0.0500628
0.0489094
0.0476998
0.0465281
0.0454602
0.0445203
0.0437007
0.042975
0.0423163
0.0417087
0.0411532
0.0406648
0.0402659
0.0399829
0.0398296
0.039817
0.039943
0.0401931
0.0405459
0.0409736
0.0414488
0.0419439
0.0424373
0.0429154
0.0433764
0.043826
0.0442784
0.0447576
0.0452871
0.0458928
0.0466016
0.0474377
0.0484229
0.0495808
0.050936
0.0525029
0.0542585
0.056106
0.0578352
0.0591308
0.0596693
0.0592907
0.0581022
0.0564395
0.0547044
0.0532181
0.0521535
0.0515579
0.0513896
0.0515505
0.0519092
0.0523203
0.0526469
0.0527857
0.0526903
0.0523751
0.0518977
0.0513315
0.0507386
0.0501503
0.0495705
0.0489865
0.0483785
0.0477432
0.0470913
0.0464466
0.04584
0.0453049
0.0448649
0.0445364
0.0443264
0.0442366
0.0442633
0.0443966
0.0446313
0.0449544
0.0453541
0.04581
0.0463043
0.0468144
0.0473236
0.0478226
0.0483122
0.0488067
0.0493267
0.0498949
0.0505268
0.0512217
0.0519617
0.0527073
0.0534012
0.0539766
0.0543715
0.0545433
0.0544909
0.0542517
0.0538977
0.0535211
0.0532104
0.053046
0.0530859
0.0533676
0.0539153
0.0547337
0.0558126
0.0570984
0.0584747
0.059745
0.0606605
0.0610104
0.0607342
0.0599749
0.0590239
0.0581988
0.0577372
0.0577576
0.0582761
0.0592392
0.0605606
0.0621523
0.0639505
0.0659174
0.0680329
0.0702607
0.0725072
0.074579
0.0761837
0.0769782
0.0766879
0.0752364
0.0728082
0.0697799
0.0665859
0.0635909
0.0610342
0.0590323
0.0576042
0.0567015
0.0562347
0.0560909
0.0561495
0.0563072
0.0564905
0.0566661
0.0568358
0.0570222
0.0572521
0.0575356
0.057864
0.0582068
0.0585222
0.0587615
0.0588796
0.0588418
0.058619
0.0581936
0.0575644
0.0567472
0.0557748
0.0546935
0.0535534
0.0523973
0.0512546
0.050141
0.0490605
0.0480105
0.046996
0.0460281
0.0451281
0.0443223
0.0436416
0.0431108
0.0427474
0.0425618
0.0425532
0.0427135
0.0430251
0.0434647
0.0440009
0.0446032
0.0452378
0.0458722
0.046482
0.0470486
0.0475621
0.0480244
0.0484418
0.0488225
0.0491723
0.049491
0.0497702
0.0499893
0.0501245
0.0501453
0.0500297
0.0497694
0.0493784
0.0488994
0.0483958
0.0479454
0.0476246
0.0474988
0.0476151
0.0479922
0.0486236
0.0494812
0.0505113
0.0516379
0.0527685
0.0537988
0.054622
0.0551386
0.0552762
0.0550002
0.0543264
0.0533197
0.0520824
0.0507396
0.0494158
0.0482199
0.0472362
0.0465191
0.0460943
0.0459627
0.0461017
0.0464725
0.0470218
0.047678
0.048347
0.0489136
0.0492436
0.0492111
0.0487446
0.0478536
0.0466343
0.0452356
0.0438146
0.0424941
0.0413487
0.0404111
0.039682
0.0391448
0.0387774
0.0385572
0.0384635
0.0384828
0.0386042
0.0388236
0.0391391
0.0395523
0.0400662
0.0406849
0.0414138
0.0422564
0.0432092
0.0442635
0.0454018
0.0465976
0.0478111
0.0489958
0.0501044
0.0510989
0.0519561
0.0526711
0.0532512
0.0536973
0.0539892
0.0540865
0.0539332
0.0534915
0.0527743
0.0518534
0.0508449
0.0498757
0.0490577
0.0484625
0.0481264
0.0480511
0.0482145
0.0485792
0.0490966
0.0497124
0.0503693
0.0510131
0.051596
0.0520855
0.0524632
0.0527306
0.0529078
0.0530237
0.0531083
0.0531863
0.0532692
0.0533574
0.05343
0.0534615
0.0534203
0.053279
0.0530224
0.0526494
0.052175
0.05162
0.0510047
0.0503474
0.0496514
0.048915
0.048124
0.0472711
0.046358
0.045404
0.0444453
0.0435272
0.0427022
0.0420146
0.0415017
0.0411852
0.0410803
0.0411888
0.0415046
0.0420166
0.0427045
0.0435467
0.0445168
0.045586
0.0467261
0.047912
0.0491199
0.0503278
0.0515128
0.0526476
0.053705
0.0546527
0.0554645
0.0561256
0.0566382
0.0570187
0.0572866
0.0574612
0.0575488
0.0575428
0.0574256
0.0571845
0.0568158
0.0563392
0.055796
0.055241
0.0547268
0.0542947
0.0539592
0.0537031
0.0534785
0.0532169
0.052844
0.0522976
0.051544
0.0505845
0.0494485
0.0481887
0.0468659
0.0455393
0.0442598
0.0430699
0.042005
0.0410908
0.0403468
0.0397882
0.0394217
0.0392431
0.0392419
0.0393964
0.0396761
0.0400496
0.0404892
0.0409798
0.0415209
0.0421227
0.0427922
0.043508
0.0442064
0.0447757
0.045077
0.0449983
0.0445004
0.0436456
0.0425696
0.041435
0.0403836
0.0395132
0.0388683
0.0384638
0.0382926
0.038337
0.0385812
0.0390138
0.0396287
0.0404297
0.0414275
0.0426382
0.0440769
0.0457497
0.0476371
0.0496781
0.0517603
0.053729
0.055407
0.056656
0.057419
0.0577347
0.0577051
0.0574407
0.0570205
0.0564771
0.0558024
0.0549813
0.0540025
0.0528788
0.0516488
0.0503701
0.0491109
0.0479365
0.0469048
0.0460623
0.0454388
0.0450526
0.0449066
0.0449942
0.045299
0.0457976
0.0464611
0.0472595
0.0481652
0.0491534
0.0502133
0.051347
0.0525735
0.0539274
0.0554514
0.0571925
0.0591832
0.061424
0.0638488
0.0663102
0.0685776
0.0703819
0.0715096
0.0718949
0.0716577
0.0710505
0.0703486
0.0697503
0.0693221
0.0689967
0.0686319
0.0681074
0.0674052
0.0666339
0.0659705
0.0655623
0.0654363
0.065464
0.0653848
0.0649227
0.0639232
0.0624297
0.0606538
0.0588618
0.0572748
0.0560194
0.0551366
0.0546052
0.0543708
0.0543665
0.054516
0.0547485
0.0550004
0.0552226
0.0553918
0.0555121
0.0556308
0.0558279
0.0562179
0.0569336
0.0581093
0.0598642
0.0622831
0.065395
0.0691474
0.0733816
0.0778049
0.081972
0.085311
0.0872296
0.0873168
0.0855382
0.0822667
0.0781093
0.0736721
0.0694214
0.0656339
0.0624366
0.0598435
0.0578031
0.0562185
0.0549823
0.0539952
0.0531928
0.0525548
0.0521123
0.0519297
0.0520842
0.0526311
0.053554
0.0547166
0.0558265
0.0564777
0.0562872
0.0550843
0.0530055
0.0504091
0.0476877
0.0451318
0.042896
0.0410287
0.0395169
0.0383247
0.0374103
0.0367339
0.0362619
0.0359651
0.0358195
0.0357989
0.0358823
0.0360459
0.036269
0.0365309
0.0368132
0.0371
0.0373804
0.0376467
0.0378966
0.0381363
0.0383733
0.0386177
0.0388826
0.0391806
0.0395228
0.0399199
0.0403768
0.0408931
0.0414661
0.042084
0.0427314
0.0433897
0.0440309
0.0446325
0.0451691
0.0456189
0.0459677
0.0462041
0.0463221
0.0463268
0.0462241
0.0460291
0.045757
0.045428
0.0450594
0.0446683
0.044265
0.0438545
0.0434352
0.0430013
0.0425458
0.0420632
0.0415521
0.0410195
0.0404798
0.0399513
0.0394581
0.0390244
0.0386697
0.0384131
0.0382679
0.0382441
0.038346
0.0385741
0.0389265
0.0393999
0.0399856
0.0406756
0.0414559
0.0423133
0.0432313
0.0441875
0.0451613
0.0461332
0.0470843
0.048003
0.0488823
0.0497199
0.0505204
0.0512802
0.051993
0.0526436
0.0532056
0.053643
0.0539152
0.0539864
0.0538308
0.0534435
0.0528441
0.0520743
0.0511872
0.0502423
0.0492921
0.048379
0.047535
0.0467812
0.0461289
0.0455861
0.0451557
0.0448412
0.0446469
0.0445763
0.0446319
0.0448161
0.0451293
0.0455644
0.0461083
0.0467349
0.0474061
0.048075
0.0486888
0.0491982
0.0495708
0.0497922
0.0498692
0.0498238
0.0496808
0.0494615
0.0491738
0.0488173
0.0483839
0.0478671
0.0472685
0.0466031
0.0459008
0.0452042
0.044561
0.0440217
0.0436296
0.0434146
0.0433963
0.0435784
0.0439465
0.0444722
0.0451083
0.0458024
0.0464979
0.0471481
0.0477283
0.0482393
0.0487108
0.049185
0.0497098
0.050322
0.051039
0.051864
0.0527776
0.0537544
0.0547699
0.0558087
0.05687
0.0579632
0.0591001
0.0602801
0.0614846
0.0626784
0.0638104
0.064814
0.0655991
0.0660548
0.0660742
0.0655777
0.0645413
0.062999
0.0610334
0.0587515
0.0562743
0.0537266
0.0512256
0.0488713
0.0467401
0.0448822
0.0433272
0.0420934
0.0411993
0.0406711
0.0405499
0.0408986
0.0417967
0.0433335
0.0455719
0.048478
0.0518204
0.0551045
0.0576534
0.0589175
0.0588057
0.0577033
0.0561565
0.0545567
0.0530535
0.0516402
0.050272
0.0489368
0.0476651
0.0465182
0.045554
0.044817
0.0443317
0.0440985
0.0441007
0.0443044
0.0446605
0.0451095
0.0455857
0.0460295
0.0463955
0.0466663
0.0468544
0.0469976
0.0471486
0.047367
0.047704
0.0481977
0.0488643
0.0496876
0.0506064
0.0515065
0.0522225
0.0525696
0.052402
0.0516786
0.0504832
0.0489964
0.0474275
0.0459562
0.0447038
0.0437355
0.0430727
0.0427134
0.0426415
0.0428351
0.0432725
0.0439292
0.0447813
0.0458017
0.0469629
0.0482321
0.0495738
0.0509469
0.0523029
0.0535831
0.05472
0.0556317
0.0562311
0.0564349
0.0561795
0.055443
0.0542585
0.0527107
0.0509224
0.049033
0.0471747
0.0454608
0.043983
0.0428107
0.0419957
0.0415856
0.0416247
0.0421655
0.0432611
0.0449618
0.04728
0.0501454
0.0533284
0.0564019
0.058797
0.0600199
0.0599244
0.0588
0.0571871
0.0555767
0.0542178
0.0530777
0.0519367
0.050555
0.048831
0.0468749
0.0449436
0.0433224
0.0422342
0.0418302
0.0422065
0.0434428
0.0456151
0.0487621
0.0527695
0.0572204
0.0612992
0.0640399
0.0649099
0.0642082
0.0627847
0.0614125
0.0604481
0.0598781
0.0595113
0.0591448
0.058648
0.0579794
0.0571635
0.0562642
0.0553542
0.0545039
0.053779
0.0532278
0.0528844
0.052756
0.0528245
0.0530447
0.0533541
0.0536784
0.0539549
0.0541404
0.0542293
0.054244
0.0542331
0.0542485
0.0543358
0.0545236
0.0548188
0.0552158
0.0556984
0.056248
0.0568358
0.0574136
0.0578975
0.0581754
0.0581311
0.0576979
0.0568974
0.0558358
0.0546748
0.0535751
0.0526562
0.0519866
0.0515876
0.0514497
0.0515441
0.0518313
0.0522682
0.0528091
0.0534067
0.0540074
0.0545521
0.0549814
0.0552388
0.0552873
0.0551132
0.0547371
0.0542115
0.053607
0.0529995
0.0524563
0.0520311
0.0517595
0.0516573
0.0517298
0.0519704
0.0523641
0.0528934
0.0535316
0.0542563
0.0550411
0.0558558
0.0566665
0.0574254
0.0580654
0.0585001
0.0586355
0.058394
0.0577489
0.056737
0.0554514
0.0540119
0.0525378
0.0511243
0.0498382
0.048734
0.0478564
0.0472406
0.0469201
0.0469189
0.047256
0.0479393
0.0489677
0.050324
0.0519759
0.0538635
0.055902
0.0579716
0.0599276
0.0616259
0.0629548
0.0638686
0.0644025
0.0646679
0.0648072
0.0649607
0.0652275
0.0656404
0.0661755
0.0667538
0.0672683
0.0676087
0.0676894
0.0674678
0.0669411
0.0661338
0.0650814
0.0638175
0.0623751
0.060799
0.0591546
0.0575324
0.0560409
0.0547952
0.0539001
0.0534431
0.0534844
0.054059
0.0551757
0.056817
0.0589407
0.0614768
0.0643157
0.0673013
0.0702163
0.0727868
0.0747136
0.0757316
0.0756932
0.0746195
0.0726975
0.0702164
0.0674906
0.0647866
0.0622814
0.0600633
0.0581546
0.0565312
0.0551544
0.0539841
0.0529914
0.0521583
0.0514793
0.0509526
0.0505787
0.0503508
0.0502562
0.0502717
0.0503668
0.0505045
0.0506442
0.0507509
0.0507929
0.0507506
0.050617
0.0504031
0.0501369
0.049858
0.049614
0.049449
0.0494012
0.0494974
0.0497443
0.0501334
0.0506347
0.0511999
0.0517575
0.0522266
0.0525164
0.0525514
0.0522839
0.0517053
0.0508479
0.0497777
0.0485765
0.047323
0.0460842
0.0449107
0.0438322
0.0428675
0.0420222
0.0413006
0.0407008
0.0402219
0.0398629
0.0396225
0.039504
0.0395086
0.0396415
0.0399036
0.0402967
0.0408183
0.0414606
0.0422081
0.0430353
0.043904
0.0447666
0.0455692
0.0462592
0.046793
0.0471516
0.0473379
0.0473859
0.0473445
0.0472743
0.0472299
0.0472506
0.0473593
0.0475601
0.0478442
0.0481908
0.048575
0.0489689
0.0493373
0.0496428
0.0498516
0.0499442
0.0499217
0.0498134
0.049668
0.0495495
0.0495205
0.0496323
0.0499131
0.0503556
0.0509162
0.0515142
0.0520456
0.0524086
0.0525334
0.0523982
0.052029
0.051485
0.0508356
0.0501402
0.0494435
0.0487726
0.0481461
0.0475817
0.0471041
0.0467474
0.0465544
0.0465721
0.0468419
0.0473743
0.0481349
0.0490196
0.0498686
0.0505106
0.0508315
0.0508399
0.050669
0.0505274
0.0506194
0.0510911
0.0520103
0.0533725
0.0551306
0.0572079
0.0595191
0.0619834
0.0645315
0.06711
0.0696683
0.0721483
0.0744685
0.0765044
0.0780786
0.0789722
0.0789741
0.077973
0.076036
0.0734198
0.0704897
0.0675951
0.0649848
0.0627888
0.0610527
0.0597714
0.05892
0.058461
0.0583271
0.0584013
0.05851
0.0584454
0.0580148
0.0570948
0.0556576
0.0537691
0.051555
0.0491626
0.0467403
0.0444154
0.0422863
0.0404146
0.0388302
0.0375366
0.0365201
0.0357583
0.0352222
0.0348837
0.0347166
0.0346948
0.0347968
0.0350022
0.0352947
0.0356574
0.0360786
0.0365493
0.0370596
0.0376059
0.0381885
0.0388079
0.0394696
0.0401787
0.0409388
0.0417543
0.0426258
0.0435504
0.0445214
0.0455298
0.046561
0.0475925
0.0486023
0.0495599
0.0504325
0.0511913
0.0518097
0.0522739
0.052581
0.0527456
0.0527939
0.0527646
0.0527027
0.0526552
0.0526611
0.0527561
0.0529632
0.0533001
0.0537775
0.0543969
0.0551561
0.0560408
0.0570263
0.0580701
0.059114
0.060088
0.0609204
0.0615489
0.0619363
0.0620756
0.0619862
0.0617036
0.0612761
0.0607576
0.0602097
0.0596881
0.0592398
0.0588859
0.0586131
0.058376
0.0581036
0.0577238
0.0571766
0.0564287
0.0554809
0.0543619
0.0531269
0.0518419
0.0505798
0.0494074
0.0483788
0.0475331
0.0468911
0.0464616
0.0462419
0.0462176
0.0463682
0.04667
0.0470985
0.0476306
0.0482485
0.0489372
0.0496863
0.050493
0.0513493
0.0522458
0.053159
0.0540501
0.0548683
0.0555549
0.0560594
0.0563491
0.0564166
0.056269
0.0559225
0.055394
0.0547095
0.0539128
0.053066
0.0522436
0.0515156
0.0509367
0.0505353
0.0503117
0.0502448
0.0502946
0.0504141
0.0505581
0.0506936
0.0508055
0.0508974
0.0509876
0.0511013
0.0512591
0.0514745
0.0517438
0.0520471
0.0523559
0.0526399
0.0528761
0.0530562
0.0531941
0.0533189
0.0534589
0.0536251
0.0537808
0.0538416
0.0536975
0.0532571
0.0525074
0.0515249
0.0504511
0.0494526
0.0486692
0.0482002
0.0480998
0.0483884
0.049066
0.0501056
0.0514348
0.0529115
0.0543048
0.0553217
0.0556949
0.0553048
0.054246
0.0527822
0.0512247
0.0498181
0.0487053
0.0479337
0.0474907
0.0473357
0.0474181
0.0476915
0.0481071
0.0486156
0.0491618
0.0496732
0.0500692
0.0502678
0.0502095
0.0498709
0.0492777
0.0484991
0.0476188
0.0467119
0.0458276
0.0449839
0.0441773
0.0433944
0.0426301
0.0418946
0.0412125
0.0406177
0.0401428
0.0398179
0.0396612
0.0396874
0.0399034
0.0403128
0.0409206
0.0417353
0.0427712
0.0440495
0.0456043
0.047479
0.0497264
0.052391
0.0554782
0.0588992
0.0624015
0.0655465
0.0678115
0.0688342
0.068623
0.0675307
0.0660182
0.0644342
0.0629355
0.0615462
0.0602326
0.058963
0.0577336
0.0565589
0.0554635
0.0544678
0.0535768
0.0527843
0.0520701
0.051411
0.0507848
0.0501809
0.0495998
0.0490591
0.0485905
0.0482286
0.0480094
0.0479603
0.0480892
0.0483836
0.0488093
0.0493123
0.0498311
0.0503052
0.0506933
0.0509703
0.0511351
0.0512008
0.0511906
0.0511303
0.0510417
0.0509443
0.0508557
0.0507859
0.0507391
0.0506999
0.0506423
0.0505264
0.0503079
0.0499466
0.0494269
0.0487538
0.047961
0.0470937
0.0462031
0.0453364
0.0445311
0.0438136
0.0432004
0.0427064
0.0423419
0.0421203
0.0420572
0.0421697
0.0424814
0.0430154
0.0438019
0.0448668
0.046237
0.0479306
0.0499555
0.0522992
0.0549248
0.057766
0.0607283
0.0636994
0.0665623
0.0692089
0.0715565
0.0735426
0.0751158
0.076215
0.0767585
0.0766483
0.075794
0.0741531
0.0717613
0.0687465
0.0653085
0.0616741
0.0580626
0.0546556
0.0515803
0.0489101
0.046676
0.0448754
0.0434865
0.0424814
0.0418291
0.0414998
0.0414665
0.0417043
0.0421855
0.0428699
0.0437037
0.0446146
0.045514
0.0463085
0.0469197
0.047305
0.0474665
0.0474437
0.0472948
0.04708
0.0468429
0.0466156
0.0464194
0.0462745
0.0462113
0.0462716
0.0465094
0.046988
0.0477704
0.0489108
0.0504363
0.0523214
0.0544666
0.0566735
0.0586656
0.0601569
0.0609481
0.0609798
0.0603151
0.0590691
0.0573616
0.0553234
0.0531051
0.0508777
0.0487953
0.0469737
0.0454733
0.0443131
0.0434835
0.042965
0.0427343
0.0427803
0.0430996
0.0436976
0.0445842
0.045776
0.0472767
0.0490645
0.0510717
0.0531668
0.0551502
0.0567896
0.0578834
0.0583333
0.0581769
0.0575602
0.0566586
0.0556219
0.0545402
0.0534552
0.0523866
0.0513529
0.0503899
0.0495511
0.0489007
0.0485039
0.0484174
0.0486857
0.0493339
0.0503599
0.0517252
0.0533369
0.0550472
0.056662
0.0579884
0.0589096
0.0594292
0.0596656
0.0597899
0.0599438
0.0601872
0.060484
0.0607261
0.0607771
0.0605239
0.0599152
0.0589718
0.0577798
0.0564593
0.0551364
0.0539141
0.0528605
0.0520119
0.0513641
0.050888
0.0505338
0.050239
0.0499432
0.0495965
0.0491728
0.0486711
0.0481134
0.0475369
0.046977
0.0464684
0.0460327
0.0456788
0.0454099
0.0452192
0.0451011
0.0450461
0.0450499
0.0451065
0.0452179
0.0453807
0.0455971
0.0458673
0.0461949
0.0465818
0.0470305
0.047542
0.0481131
0.0487322
0.049375
0.0499992
0.0505431
0.0509351
0.0511032
0.051
0.0506147
0.0499838
0.0491811
0.0483015
0.0474411
0.0466785
0.0460736
0.0456612
0.0454513
0.0454282
0.0455438
0.0457252
0.0458815
0.045919
0.0457715
0.0454181
0.0449006
0.0443046
0.043741
0.0433172
0.0431192
0.0432022
0.0435885
0.0442677
0.0451944
0.0462985
0.0474799
0.0486302
0.0496494
0.0504617
0.0510331
0.0513575
0.0514448
0.051308
0.0509488
0.0503686
0.0495809
0.0486201
0.0475482
0.0464355
0.0453521
0.0443431
0.0434267
0.0425982
0.0418367
0.0411202
0.0404348
0.0397804
0.0391685
0.038621
0.0381574
0.0377968
0.0375474
0.0374108
0.0373822
0.0374471
0.0375875
0.0377817
0.0380069
0.0382401
0.0384609
0.0386523
0.0388032
0.038908
0.0389703
0.0389962
0.0389999
0.0390012
0.0390214
0.0390875
0.0392253
0.0394668
0.0398417
0.040381
0.0411139
0.04207
0.0432727
0.0447391
0.0464779
0.0484797
0.0507172
0.053141
0.0556752
0.0582261
0.0606869
0.0629523
0.0649338
0.0665648
0.0678137
0.0686749
0.069163
0.0693041
0.0691199
0.0686338
0.0678625
0.0668261
0.0655481
0.0640683
0.0624461
0.0607539
0.0590751
0.0574955
0.0560928
0.0549339
0.0540712
0.05354
0.05336
0.0535423
0.0540874
0.0549814
0.0562019
0.0577071
0.059433
0.0612822
0.0631216
0.0647834
0.0660804
0.0668374
0.0669295
0.0663141
0.0650415
0.0632455
0.0611136
0.0588538
0.0566604
0.0546908
0.0530502
0.0517963
0.0509325
0.0504268
0.0502081
0.0501803
0.0502336
0.0502567
0.0501608
0.0498943
0.0494516
0.0488773
0.04825
0.0476642
0.0472201
0.0470038
0.0470835
0.0474923
0.0482079
0.0491299
0.0500623
0.0507259
0.0508344
0.0502025
0.0488484
0.0469832
0.0449126
0.0429187
0.0412001
0.0398585
0.0389261
0.038393
0.0382227
0.0383623
0.0387459
0.0392867
0.0398837
0.040427
0.0408156
0.04098
0.0409001
0.0406032
0.0401539
0.0396317
0.0391103
0.038648
0.0382785
0.0380193
0.0378768
0.0378486
0.0379284
0.038109
0.0383806
0.0387347
0.039162
0.0396565
0.0402088
0.0408141
0.0414705
0.0421769
0.0429382
0.0437586
0.0446427
0.0455875
0.0465843
0.0476091
0.0486235
0.0495777
0.0504164
0.0510855
0.0515494
0.0517933
0.0518305
0.0516982
0.051449
0.0511398
0.0508235
0.0505419
0.050322
0.0501748
0.050093
0.0500557
0.0500292
0.049974
0.0498511
0.0496324
0.0493042
0.0488712
0.0483529
0.047781
0.0471932
0.046617
0.0460834
0.0456069
0.0451978
0.0448585
0.0445889
0.0443868
0.0442509
0.0441803
0.0441762
0.0442434
0.0443835
0.0446037
0.044912
0.0453142
0.0458194
0.0464351
0.0471701
0.0480277
0.049004
0.0500808
0.051215
0.0523287
0.0533071
0.0540125
0.0543148
0.0541319
0.0534669
0.0524104
0.0511119
0.0497366
0.0484284
0.0472906
0.0463867
0.0457449
0.0453726
0.0452567
0.0453726
0.0456822
0.0461414
0.0467024
0.0473249
0.0479852
0.0486836
0.0494407
0.0502784
0.051203
0.0521801
0.0531304
0.0539415
0.0545071
0.0547526
0.0546533
0.0542195
0.0534857
0.0525065
0.051368
0.0501849
0.0490828
0.0481748
0.0475411
0.0472161
0.0471956
0.0474467
0.0479108
0.0485163
0.0491853
0.0498439
0.0504275
0.0508871
0.0511979
0.0513607
0.0513957
0.0513438
0.051253
0.0511789
0.0511748
0.0512988
0.0516048
0.0521448
0.0529627
0.0540906
0.0555319
0.0572644
0.0592455
0.0614438
0.0638666
0.0665715
0.0696106
0.0729219
0.0762264
0.0790394
0.0808459
0.0813664
0.0807118
0.0793125
0.0777037
0.0763468
0.0755358
0.0753692
0.0757615
0.0764539
0.0770702
0.0772063
0.0765555
0.0750355
0.0728493
0.0704522
0.0684293
0.0673446
0.0675799
0.0690846
0.0710646
0.0719877
0.0704573
0.0664179
0.0611702
0.0561767
0.0522174
0.0494235
0.0476086
0.0465174
0.0459288
0.0456704
0.0456172
0.0456832
0.0458083
0.0459521
0.0460922
0.0462186
0.0463291
0.0464291
0.0465318
0.0466534
0.0468158
0.0470445
0.0473642
0.0477991
0.0483626
0.0490531
0.0498428
0.0506681
0.0514303
0.0520095
0.0522933
0.0522121
0.0517651
0.0510172
0.0500781
0.0490624
0.0480646
0.0471478
0.0463445
0.0456631
0.0450985
0.0446404
0.0442731
0.0439832
0.0437516
0.0435657
0.0434064
0.0432579
0.0431063
0.0429384
0.0427453
0.042521
0.0422657
0.041986
0.0416907
0.0413952
0.0411119
0.0408552
0.0406367
0.0404628
0.0403362
0.0402521
0.0402029
0.0401775
0.0401633
0.0401488
0.0401255
0.0400894
0.040042
0.0399869
0.0399339
0.0398914
0.0398747
0.0398955
0.0399682
0.0401091
0.0403373
0.0406744
0.0411484
0.0417957
0.042658
0.0437825
0.0452083
0.04695
0.0489666
0.051116
0.053142
0.0547082
0.0555169
0.0554537
0.0546442
0.0533833
0.051987
0.0506884
0.0496107
0.0487914
0.0482226
0.0478758
0.0477221
0.0477369
0.0479032
0.0482122
0.0486666
0.0492857
0.0501081
0.0511953
0.0526306
0.0544918
0.0568165
0.0595388
0.0624235
0.0650432
0.0668495
0.0673621
0.0663893
0.0641257
0.0610401
0.0576666
0.0544245
0.0515584
0.0491601
0.0472226
0.0456914
0.0445019
0.0435915
0.0429141
0.0424373
0.0421411
0.0420166
0.0420596
0.0422696
0.042647
0.0431917
0.0439031
0.0447739
0.045792
0.0469356
0.0481647
0.0494201
0.0506202
0.0516772
0.0525238
0.0531424
0.0535852
0.0539704
0.0544529
0.0551883
0.0562937
0.0578278
0.059769
0.0620069
0.0643251
0.06641
0.0678904
0.0684325
0.067842
0.0661539
0.0636192
0.0606054
0.0574827
0.054533
0.0519293
0.0497435
0.0479822
0.0466128
0.0455813
0.0448256
0.0442835
0.0438925
0.0435937
0.0433311
0.0430626
0.0427588
0.0424104
0.0420237
0.0416202
0.0412298
0.0408828
0.0406033
0.0404103
0.0403123
0.0403094
0.0403945
0.0405584
0.0407877
0.0410726
0.0414041
0.0417768
0.0421901
0.0426475
0.0431587
0.0437366
0.0443955
0.0451512
0.0460202
0.0470106
0.048125
0.0493504
0.0506531
0.0519715
0.0532113
0.054256
0.0549928
0.0553443
0.0552963
0.0549032
0.054267
0.0534982
0.0526932
0.0519141
0.0511959
0.0505553
0.0499988
0.0495387
0.049184
0.0489505
0.0488466
0.0488721
0.0490159
0.0492513
0.0495422
0.0498457
0.0501323
0.0503914
0.0506365
0.0508993
0.0512221
0.0516369
0.0521652
0.0528008
0.0535192
0.0542835
0.0550475
0.0557716
0.0564214
0.0569757
0.0574224
0.0577501
0.0579476
0.0580015
0.0579022
0.0576509
0.0572652
0.0567804
0.0562462
0.0557127
0.0552179
0.0547836
0.0544086
0.0540765
0.053759
0.0534291
0.0530642
0.0526519
0.0521854
0.0516654
0.0510964
0.0504819
0.0498318
0.0491603
0.0484889
0.0478445
0.0472686
0.046805
0.0465036
0.0464143
0.046582
0.0470343
0.0477679
0.0487331
0.0498218
0.0508703
0.0516919
0.0521338
0.0521374
0.0517601
0.0511485
0.0504738
0.0498799
0.0494608
0.049258
0.0492722
0.0494819
0.0498534
0.0503474
0.0509136
0.0515004
0.0520504
0.0525068
0.0528172
0.0529401
0.052853
0.052556
0.0520726
0.0514447
0.0507249
0.0499716
0.0492358
0.0485599
0.0479783
0.0475145
0.0471834
0.0469981
0.0469648
0.0470867
0.0473647
0.0477959
0.0483724
0.0490812
0.0498985
0.0507936
0.0517245
0.0526382
0.0534769
0.054176
0.054679
0.0549392
0.0549271
0.0546397
0.0540979
0.0533493
0.0524532
0.0514794
0.0504924
0.0495511
0.0487003
0.0479688
0.0473703
0.0469047
0.0465562
0.0462995
0.0461027
0.0459255
0.0457296
0.0454866
0.0451781
0.0448023
0.0443761
0.0439309
0.043509
0.0431606
0.0429405
0.0429016
0.0430957
0.0435712
0.044367
0.0455097
0.0470033
0.0488177
0.0508718
0.0530323
0.0551173
0.0569242
0.0582856
0.0591211
0.0594561
0.0593992
0.0590957
0.058684
0.0582879
0.058021
0.057999
0.0583333
0.0591194
0.0604057
0.0621726
0.0643059
0.0665962
0.0687729
0.0705694
0.0717786
0.0722816
0.0720396
0.0710773
0.0694622
0.0672985
0.06473
0.0619289
0.0590855
0.0563806
0.0539666
0.0519476
0.0503839
0.049294
0.04867
0.0484718
0.0486338
0.0490641
0.0496458
0.0502561
0.0507827
0.0511497
0.051328
0.051327
0.0511821
0.0509276
0.050594
0.0502021
0.0497658
0.0493001
0.04882
0.0483416
0.0478859
0.0474689
0.0471061
0.0468077
0.0465725
0.0463958
0.0462634
0.046151
0.0460321
0.0458813
0.0456819
0.0454301
0.0451389
0.0448365
0.0445595
0.0443458
0.0442317
0.0442429
0.0443947
0.0446935
0.0451355
0.0457075
0.0463934
0.0471686
0.048
0.0488447
0.0496466
0.0503381
0.0508452
0.0510999
0.0510601
0.0507188
0.0501129
0.0493114
0.0484009
0.0474698
0.0465967
0.0458414
0.0452448
0.0448317
0.0446175
0.0446065
0.0447962
0.0451782
0.0457415
0.0464676
0.0473379
0.0483221
0.0493894
0.0505026
0.0516251
0.0527169
0.0537463
0.0546826
0.0555018
0.0561857
0.0567165
0.0570813
0.0572691
0.0572732
0.0570958
0.0567489
0.0562597
0.0556592
0.0549857
0.0542721
0.0535507
0.0528418
0.0521616
0.0515211
0.0509269
0.0503864
0.0499097
0.0495031
0.0491711
0.0489105
0.0487061
0.048535
0.048368
0.0481754
0.0479344
0.0476319
0.0472714
0.0468627
0.0464271
0.0459868
0.0455633
0.0451759
0.0448394
0.0445631
0.0443556
0.0442228
0.0441636
0.0441783
0.044267
0.0444252
0.0446474
0.0449273
0.0452573
0.0456295
0.0460365
0.0464698
0.0469225
0.0473894
0.0478659
0.048348
0.0488327
0.0493153
0.0497939
0.0502626
0.0507139
0.0511378
0.0515247
0.0518622
0.052141
0.0523545
0.0525032
0.052593
0.0526388
0.0526611
0.0526827
0.0527263
0.0528138
0.052957
0.0531598
0.0534121
0.0536947
0.0539797
0.054234
0.0544253
0.0545277
0.0545298
0.0544356
0.0542734
0.0540909
0.0539579
0.053955
0.054167
0.0546633
0.0554758
0.0565708
0.0578138
0.0589819
0.0598054
0.0600755
0.0597346
0.0588997
0.0577908
0.0566208
0.0555305
0.0545712
0.0537354
0.0529859
0.052286
0.0516094
0.0509457
0.0502998
0.0496843
0.0491167
0.048614
0.0481949
0.0478712
0.0476574
0.047559
0.0475799
0.0477142
0.0479543
0.0482842
0.0486805
0.049114
0.0495482
0.0499437
0.0502632
0.0504776
0.0505706
0.050537
0.0503852
0.0501353
0.0498101
0.0494366
0.0490394
0.0486464
0.048285
0.0479821
0.0477629
0.0476441
0.0476271
0.0476944
0.0478041
0.0478942
0.0478982
0.0477635
0.0474694
0.047039
0.0465331
0.0460322
0.0456105
0.0453182
0.0451754
0.045168
0.0452636
0.0454274
0.0456401
0.0459103
0.046274
0.0467847
0.0474851
0.048389
0.0494657
0.0506283
0.0517537
0.0527077
0.0533872
0.0537497
0.0538198
0.053665
0.0533608
0.0529585
0.0524823
0.051925
0.0512739
0.0505211
0.049676
0.0487625
0.0478128
0.0468613
0.0459401
0.0450696
0.044261
0.0435265
0.0428706
0.0422969
0.0418124
0.0414248
0.041146
0.0409894
0.0409728
0.0411166
0.0414409
0.0419679
0.042709
0.0436661
0.0448148
0.0460869
0.0473695
0.0485088
0.0493464
0.0497675
0.0497506
0.0493775
0.0488007
0.0481919
0.0476928
0.047399
0.0473573
0.0475786
0.0480466
0.0487225
0.0495527
0.050472
0.0514067
0.0522853
0.0530502
0.0536686
0.0541393
0.0544851
0.0547516
0.0549822
0.0552107
0.0554495
0.0556904
0.0559037
0.0560494
0.0560781
0.0559455
0.0556201
0.0550854
0.0543444
0.0534212
0.052349
0.0511753
0.049949
0.0487178
0.0475239
0.0464015
0.0453788
0.0444692
0.0436858
0.0430273
0.042493
0.042076
0.0417679
0.0415605
0.0414502
0.0414277
0.0414904
0.04163
0.0418411
0.0421109
0.0424213
0.0427482
0.0430636
0.0433386
0.0435473
0.0436743
0.0437172
0.0436882
0.0436098
0.0435096
0.0434185
0.0433609
0.0433576
0.0434216
0.0435632
0.0437842
0.0440873
0.0444702
0.0449279
0.0454532
0.0460325
0.046647
0.0472689
0.0478663
0.0483986
0.0488242
0.0491011
0.0491938
0.0490744
0.0487333
0.0481781
0.0474338
0.0465432
0.0455551
0.0445254
0.0435055
0.0425395
0.041659
0.040882
0.04022
0.0396741
0.0392432
0.0389204
0.0387022
0.0385875
0.0385758
0.0386732
0.0388858
0.0392212
0.0396837
0.0402753
0.0409898
0.041815
0.0427278
0.043698
0.0446876
0.045655
0.0465552
0.0473472
0.0479996
0.048494
0.0488302
0.049031
0.0491422
0.0492269
0.0493597
0.0496158
0.0500632
0.050739
0.0516426
0.0527178
0.0538526
0.0548941
0.0556859
0.0561201
0.0561738
0.0559171
0.0554806
0.0550031
0.0545874
0.05429
0.0541141
0.054027
0.0539808
0.0539292
0.0538395
0.0536991
0.0535148
0.0533045
0.0530898
0.0528908
0.0527192
0.0525765
0.052459
0.0523509
0.052236
0.0520928
0.0519021
0.0516486
0.0513252
0.0509343
0.05049
0.0500148
0.0495363
0.0490857
0.0486928
0.0483888
0.0482009
0.0481568
0.0482814
0.0485969
0.04911
0.0498069
0.0506353
0.0514986
0.0522526
0.0527411
0.0528427
0.052518
0.0518238
0.0508748
0.049788
0.0486458
0.0474805
0.0463026
0.0451259
0.0439889
0.0429493
0.0420745
0.0414251
0.0410417
0.0409464
0.0411428
0.0416243
0.0423797
0.0433983
0.0446752
0.046205
0.0479821
0.0499828
0.0521484
0.0543689
0.0564629
0.058193
0.0592977
0.0595745
0.0589603
0.0575798
0.0557046
0.0536577
0.0517134
0.050051
0.0487477
0.0478028
0.0471594
0.0467354
0.0464386
0.0461832
0.0459073
0.0455732
0.045175
0.0447294
0.0442683
0.0438272
0.0434399
0.0431311
0.0429148
0.0427982
0.0427792
0.0428491
0.0429937
0.0431912
0.0434174
0.0436468
0.0438527
0.0440166
0.0441308
0.0441998
0.0442459
0.0443078
0.0444343
0.0446784
0.0450923
0.045717
0.0465754
0.0476545
0.0488954
0.0501763
0.051318
0.0521197
0.0524205
0.0521658
0.0514373
0.0504225
0.0493429
0.0483901
0.0476944
0.0473202
0.0472795
0.0475485
0.0480849
0.0488295
0.0497201
0.050692
0.0516868
0.0526548
0.0535603
0.0543882
0.0551366
0.055818
0.056451
0.0570596
0.0576684
0.0583035
0.0589862
0.0597192
0.0604708
0.061158
0.0616331
0.0617185
0.0612687
0.0602308
0.0586804
0.0567918
0.0547674
0.0527823
0.050951
0.0493356
0.0479547
0.046807
0.0458834
0.0451727
0.0446721
0.0443823
0.0443073
0.0444528
0.0448152
0.0453836
0.0461226
0.0469728
0.0478525
0.0486584
0.0492822
0.0496146
0.0495547
0.0490245
0.0479929
0.0465077
0.0446953
0.0427341
0.040809
0.0390685
0.0376135
0.0364882
0.0357083
0.0352662
0.0351505
0.0353511
0.0358632
0.0366881
0.0378399
0.0393379
0.0412078
0.0434783
0.0461775
0.0493259
0.0529193
0.0569113
0.0611706
0.0654399
0.0693151
0.0723055
0.0740138
0.0743503
0.0735966
0.0722567
0.0708163
0.0695925
0.068712
0.068159
0.0678298
0.0675876
0.0673044
0.0668985
0.0663463
0.0656896
0.0650058
0.064381
0.0638792
0.0635265
0.063313
0.0631971
0.0631252
0.0630424
0.0628969
0.0626502
0.062285
0.0618097
0.0612591
0.0606914
0.0601748
0.0597738
0.0595415
0.0595116
0.0597018
0.0601169
0.0607539
0.0616051
0.0626514
0.0638612
0.0651747
0.0665003
0.0677003
0.0685995
0.0690105
0.0687818
0.0678536
0.0662954
0.0642865
0.0620662
0.0598699
0.0578838
0.0562306
0.0549708
0.0541164
0.0536424
0.0534964
0.0536097
0.0539012
0.054281
0.0546585
0.0549461
0.0550663
0.0549605
0.0545912
0.0539472
0.0530433
0.0519139
0.0506143
0.0492007
0.0477361
0.0462753
0.0448625
0.0435345
0.0423154
0.0412198
0.0402555
0.0394255
0.0387296
0.0381653
0.0377305
0.0374218
0.037233
0.0371628
0.037207
0.0373604
0.0376167
0.0379678
0.0384038
0.0389073
0.0394612
0.0400415
0.0406239
0.0411825
0.0416925
0.0421334
0.0424921
0.0427636
0.0429521
0.0430682
0.04313
0.0431566
0.0431714
0.0431914
0.0432337
0.0433107
0.0434256
0.0435809
0.0437717
0.0439877
0.0442159
0.0444415
0.0446463
0.0448192
0.0449537
0.0450527
0.0451283
0.0452038
0.0453066
0.0454643
0.045702
0.0460399
0.0464876
0.0470459
0.047704
0.0484437
0.0492337
0.0500316
0.0507878
0.0514482
0.0519643
0.0523029
0.0524584
0.0524506
0.0523231
0.052132
0.0519305
0.0517641
0.0516636
0.0516474
0.051728
0.0519139
0.0522159
0.0526491
0.0532304
0.0539749
0.054896
0.0559952
0.0572607
0.0586618
0.0601505
0.0616616
0.0631203
0.0644541
0.0655969
0.0665057
0.0671648
0.0675799
0.067776
0.067777
0.0675925
0.0672086
0.0665842
0.0656632
0.0643914
0.062742
0.0607511
0.0585231
0.0562139
0.0539904
0.0519918
0.0503042
0.0489566
0.0479282
0.0471674
0.0466042
0.046167
0.0457887
0.0454157
0.0450141
0.0445676
0.0440786
0.0435584
0.0430255
0.042497
0.041986
0.0414988
0.0410401
0.0406089
0.0401988
0.0398098
0.0394361
0.0390773
0.038733
0.0384041
0.0380934
0.0378023
0.0375323
0.0372835
0.0370566
0.0368506
0.0366663
0.0365023
0.0363571
0.0362319
0.0361266
0.0360397
0.0359711
0.0359225
0.0358961
0.0358912
0.0359101
0.0359538
0.0360245
0.0361243
0.0362563
0.0364225
0.0366257
0.0368698
0.0371581
0.0374932
0.0378793
0.0383188
0.0388157
0.0393723
0.0399903
0.040672
0.0414128
0.0422101
0.0430587
0.0439509
0.044881
0.0458399
0.0468208
0.0478164
0.0488133
0.0497898
0.050706
0.0515022
0.052109
0.0524583
0.0525119
0.0522727
0.0517861
0.0511257
0.0503757
0.0496088
0.0488803
0.0482239
0.0476589
0.0471939
0.0468355
0.0465882
0.0464532
0.0464382
0.0465428
0.0467665
0.0471042
0.0475431
0.0480613
0.048628
0.0491986
0.0497233
0.0501494
0.0504337
0.0505516
0.0505002
0.0503022
0.0499989
0.0496376
0.0492692
0.0489324
0.048656
0.0484561
0.0483391
0.0483114
0.0483775
0.048551
0.0488579
0.0493431
0.0500746
0.0511419
0.052651
0.0547064
0.0573598
0.0605241
0.063864
0.0667461
0.0683961
0.0683012
0.0665485
0.0637634
0.0607006
0.0579166
0.0556781
0.0540399
0.052946
0.0522979
0.0519933
0.0519376
0.0520539
0.0522803
0.0525702
0.0528954
0.0532388
0.0535946
0.0539583
0.0543175
0.0546458
0.0548991
0.0550227
0.0549683
0.0547072
0.0542446
0.0536119
0.0528585
0.0520285
0.0511542
0.0502516
0.0493262
0.0483803
0.047419
0.0464537
0.0455044
0.0445925
0.043741
0.0429709
0.0422976
0.0417309
0.0412776
0.0409377
0.0407087
0.0405837
0.0405574
0.0406205
0.0407666
0.0409857
0.041268
0.0416045
0.0419838
0.0423971
0.0428303
0.0432743
0.0437211
0.0441682
0.044621
0.0450927
0.0456079
0.0462003
0.0469105
0.0477788
0.0488404
0.0501186
0.0516126
0.053282
0.0550354
0.0567299
0.058184
0.0592065
0.0596576
0.0594921
0.0587769
0.0576616
0.0563282
0.0549387
0.0536092
0.0524094
0.0513722
0.0505144
0.0498423
0.0493583
0.0490546
0.0489135
0.0488968
0.0489494
0.0490116
0.0490278
0.0489744
0.0488703
0.0487705
0.0487362
0.0488038
0.0489514
0.0490919
0.0491029
0.0488786
0.0483833
0.0476652
0.0468257
0.0459773
0.0452012
0.0445287
0.0439592
0.0434755
0.0430608
0.0427137
0.0424387
0.0422512
0.0421655
0.0421872
0.0423171
0.0425441
0.0428486
0.0432061
0.0435866
0.043959
0.0442948
0.0445677
0.0447596
0.044861
0.0448689
0.0447909
0.0446392
0.0444331
0.044192
0.0439367
0.0436868
0.0434575
0.0432613
0.0431056
0.0429956
0.0429334
0.0429212
0.0429627
0.0430573
0.04321
0.0434229
0.0437013
0.0440469
0.0444642
0.0449527
0.0455114
0.0461358
0.0468156
0.0475414
0.0482987
0.0490773
0.0498747
0.0506997
0.0515866
0.0525899
0.0537856
0.055264
0.0571078
0.0593696
0.0620091
0.0648223
0.0673705
0.0690422
0.0692984
0.0680023
0.0655296
0.0625288
0.0595915
0.0570745
0.0551077
0.0536742
0.0526765
0.0519919
0.051497
0.0510905
0.0507072
0.050326
0.0499537
0.0496142
0.0493253
0.049088
0.0488795
0.0486681
0.0484192
0.0481121
0.0477528
0.0473656
0.0469915
0.0466761
0.046458
0.0463669
0.0464173
0.0466082
0.046927
0.0473499
0.04784
0.0483492
0.0488226
0.0492034
0.0494373
0.0494856
0.0493311
0.0489848
0.0484848
0.0478924
0.0472823
0.0467316
0.0463201
0.0461155
0.0461827
0.0465782
0.0473511
0.04854
0.0501683
0.0522187
0.0546195
0.0572214
0.0597877
0.0620235
0.0636342
0.0644318
0.0644067
0.0637306
0.0626806
0.0615293
0.0604605
0.0595442
0.0587584
0.0580345
0.0573053
0.0565426
0.0557672
0.0550479
0.0544843
0.0541869
0.0542562
0.0547666
0.0557539
0.0571885
0.0589591
0.0608533
0.0625718
0.0637762
0.0641849
0.0636701
0.0622984
0.0602908
0.0579253
0.0554493
0.0530362
0.0507855
0.0487522
0.0469612
0.0454301
0.0441703
0.0431924
0.0424987
0.0420898
0.0419552
0.0420793
0.042439
0.043003
0.0437351
0.0445963
0.0455513
0.0465671
0.0476197
0.0486944
0.0497863
0.0508876
0.0519859
0.0530508
0.0540203
0.0548092
0.0553086
0.0554165
0.0550666
0.0542563
0.0530502
0.0515623
0.0499313
0.0482836
0.0467156
0.0452878
0.0440311
0.042952
0.0420414
0.0412845
0.0406618
0.0401552
0.0397467
0.0394211
0.0391669
0.0389736
0.038832
0.038736
0.0386791
0.0386586
0.0386703
0.0387126
0.0387822
0.0388797
0.0390029
0.0391524
0.0393271
0.0395275
0.0397527
0.0400034
0.040279
0.0405775
0.0408971
0.0412396
0.0415994
0.0419758
0.0423657
0.042767
0.0431783
0.0435962
0.0440211
0.0444497
0.0448841
0.0453223
0.0457615
0.0461948
0.046614
0.0470015
0.047337
0.047598
0.0477597
0.0478013
0.0477146
0.0475009
0.0471753
0.0467607
0.0462881
0.0457875
0.0452862
0.0448043
0.0443577
0.0439527
0.0435942
0.0432813
0.0430146
0.0427895
0.042605
0.0424605
0.0423549
0.0422903
0.0422679
0.0422923
0.0423659
0.0424938
0.0426767
0.0429146
0.0432052
0.0435413
0.0439149
0.0443141
0.0447272
0.0451439
0.0455547
0.0459537
0.0463374
0.0467037
0.0470461
0.0473514
0.0475997
0.0477634
0.0478197
0.0477489
0.0475494
0.0472318
0.0468258
0.0463695
0.0459054
0.0454689
0.0450841
0.0447613
0.0445021
0.0442969
0.0441369
0.0440165
0.0439409
0.0439207
0.0439762
0.0441205
0.0443586
0.0446825
0.0450675
0.0454722
0.0458511
0.046162
0.0463678
0.046454
0.0464217
0.0462861
0.0460711
0.0458032
0.0455027
0.0451842
0.0448576
0.0445281
0.0441985
0.0438722
0.0435536
0.0432502
0.042968
0.0427161
0.0425037
0.0423372
0.0422214
0.0421594
0.0421521
0.0421955
0.0422845
0.0424128
0.0425727
0.0427536
0.0429464
0.043147
0.0433494
0.0435528
0.0437613
0.0439795
0.0442158
0.0444812
0.0447891
0.0451527
0.0455868
0.0461027
0.0467087
0.0474086
0.0481978
0.0490601
0.0499675
0.050883
0.0517569
0.0525328
0.0531602
0.053594
0.0538055
0.0537849
0.0535399
0.0530978
0.0524952
0.0517738
0.0509777
0.0501506
0.0493346
0.0485689
0.0478894
0.047326
0.0469003
0.0466245
0.0464967
0.0465059
0.0466354
0.0468666
0.0471892
0.0476019
0.0481141
0.0487432
0.0494995
0.0503798
0.0513573
0.0523785
0.0533646
0.054228
0.0548831
0.055268
0.0553534
0.0551447
0.0546733
0.0539913
0.0531752
0.0523092
0.0514907
0.0508194
0.0503864
0.0502663
0.0505057
0.0511167
0.0520609
0.0532521
0.0545526
0.0557831
0.0567468
0.0572537
0.057155
0.0563901
0.0550168
0.053202
0.0511756
0.0491619
0.0473273
0.0457702
0.0445232
0.0435822
0.0429174
0.0424923
0.0422678
0.0422095
0.0422905
0.0424879
0.042784
0.043166
0.0436234
0.0441487
0.044731
0.0453598
0.0460176
0.0466882
0.0473479
0.0479712
0.0485316
0.0490038
0.0493688
0.0496147
0.049743
0.0497602
0.0496888
0.04956
0.0494131
0.0492901
0.0492362
0.0492984
0.0495221
0.0499517
0.050622
0.0515607
0.0527723
0.0542281
0.0558557
0.0575346
0.0591083
0.0604074
0.0612901
0.0616774
0.0615641
0.0610118
0.0601267
0.0590311
0.057847
0.0566913
0.0556725
0.0548844
0.0544038
0.0542823
0.0545459
0.0551868
0.0561616
0.0573889
0.0587518
0.0601103
0.0613268
0.0622899
0.0629437
0.0632996
0.0634342
0.0634713
0.0635586
0.0638212
0.0642954
0.0648471
0.0651328
0.0646744
0.0631234
0.0605145
0.0572704
0.0539636
0.0510479
0.0487626
0.0471657
0.0462151
0.0458241
0.0458995
0.046348
0.0470809
0.0480111
0.0490531
0.0501299
0.0511753
0.0521476
0.0530352
0.0538575
0.054656
0.0554778
0.0563607
0.0573132
0.0583074
0.0592783
0.0601481
0.0608366
0.0612793
0.0614378
0.0613044
0.0609117
0.0603661
0.0598565
0.0596413
0.0599693
0.0609486
0.0623949
0.0637689
0.0643589
0.06372
0.0620078
0.0598476
0.0578921
0.0565184
0.0557967
0.0556038
0.0557353
0.0559796
0.0561564
0.0561364
0.0558447
0.0552561
0.0543867
0.0532782
0.0519838
0.0505659
0.049081
0.0475831
0.0461227
0.0447414
0.0434716
0.0423407
0.0413663
0.0405642
0.039939
0.0394951
0.0392312
0.0391443
0.0392295
0.0394787
0.0398851
0.0404375
0.04112
0.0419158
0.0428026
0.0437547
0.0447429
0.0457395
0.0467202
0.0476686
0.0485767
0.0494408
0.0502645
0.0510511
0.051806
0.0525334
0.0532391
0.0539337
0.0546319
0.0553504
0.0561074
0.0569227
0.0578304
0.05888
0.0601411
0.0616639
0.0634033
0.0651268
0.0663584
0.06651
0.0652008
0.0625431
0.0590847
0.0554972
0.0522848
0.0496982
0.0477991
0.0465435
0.0458462
0.0456132
0.045756
0.0461898
0.0468361
0.0476205
0.0484644
0.0492955
0.050044
0.0506523
0.0510754
0.0512895
0.0512913
0.0510969
0.0507354
0.0502463
0.04967
0.0490473
0.0484148
0.0478056
0.0472454
0.0467569
0.0463578
0.0460573
0.0458644
0.0457795
0.0458036
0.0459342
0.0461715
0.0465151
0.0469686
0.0475388
0.0482327
0.0490544
0.0499923
0.0510107
0.0520407
0.0529746
0.0536845
0.0540573
0.0540399
0.0536674
0.0530599
0.0523834
0.0518129
0.0514974
0.0515462
0.0520218
0.0529491
0.0542914
0.0559451
0.0577269
0.059375
0.0605878
0.0611052
0.0607984
0.0597354
0.0581568
0.0563865
0.0547279
0.0534002
0.0525181
0.0521105
0.0521509
0.0525753
0.0532972
0.054214
0.0552177
0.0561952
0.057041
0.0576678
0.0580179
0.0580785
0.057883
0.0574959
0.0569866
0.0563933
0.0557045
0.054866
0.0538115
0.052509
0.0509844
0.0493282
0.0476642
0.0461115
0.044763
0.0436777
0.0428794
0.0423741
0.042155
0.0422102
0.0425278
0.0430967
0.0439077
0.044954
0.0462268
0.0477234
0.049438
0.0513642
0.0534812
0.0557455
0.0580724
0.0603333
0.0623781
0.0640962
0.0654821
0.0666649
0.0678645
0.0692992
0.0710901
0.0731995
0.0754154
0.0773886
0.0787239
0.0791067
0.0784289
0.0768223
0.0746035
0.0721315
0.0696924
0.067439
0.0654005
0.063528
0.0617444
0.0599798
0.0581981
0.0563909
0.0545794
0.052802
0.0511019
0.0495256
0.0481154
0.046906
0.04593
0.0452103
0.0447636
0.0445987
0.0447166
0.0451111
0.0457695
0.0466724
0.0477896
0.0490871
0.0505273
0.0520673
0.0536681
0.0553014
0.0569532
0.0586259
0.0603356
0.0621021
0.0639275
0.0657822
0.0675907
0.0692418
0.0706102
0.0715927
0.0721332
0.0722222
0.0718792
0.0711295
0.069998
0.0685168
0.0667359
0.0647291
0.0625863
0.0603916
0.0582156
0.0561006
0.0540703
0.0521371
0.0503058
0.0485904
0.0470093
0.0455828
0.0443274
0.0432509
0.0423517
0.0416205
0.0410413
0.0405926
0.0402541
0.0400054
0.0398304
0.0397171
0.0396592
0.0396529
0.0396998
0.0398086
0.0399886
0.0402498
0.0406056
0.0410703
0.0416533
0.042368
0.0432204
0.0442065
0.0453065
0.0464717
0.047623
0.0486519
0.0494379
0.0498763
0.0499058
0.0495285
0.0488061
0.0478422
0.0467506
0.0456447
0.0446135
0.0437192
0.0429996
0.0424713
0.0421332
0.0419764
0.0419879
0.0421529
0.0424604
0.0429027
0.0434791
0.0441923
0.0450514
0.0460625
0.0472338
0.0485666
0.0500567
0.0516911
0.0534531
0.0553132
0.0572232
0.0591129
0.0608643
0.062321
0.0633106
0.0636989
0.0634519
0.0626628
0.0615105
0.0601999
0.0589007
0.0577192
0.0566989
0.0558363
0.0551059
0.0544844
0.0539687
0.0535876
0.0534074
0.0535116
0.0539629
0.054757
0.0557732
0.0567487
0.057328
0.0571943
0.0562189
0.0545189
0.0523896
0.0501576
0.0480761
0.0462888
0.0448485
0.0437485
0.0429528
0.042414
0.042094
0.0419662
0.0420163
0.04224
0.0426268
0.043146
0.0437313
0.0442785
0.0446608
0.044762
0.0445155
0.0439323
0.0430939
0.0421205
0.0411318
0.0402221
0.0394474
0.0388367
0.0383954
0.0381175
0.0379919
0.0380094
0.0381617
0.0384433
0.0388519
0.0393872
0.0400501
0.0408396
0.041755
0.0427927
0.0439432
0.0451893
0.046506
0.047861
0.0492147
0.0505262
0.0517563
0.0528723
0.0538537
0.0546896
0.0553756
0.0559081
0.0562842
0.0564939
0.0565256
0.0563694
0.0560239
0.0555028
0.0548372
0.0540713
0.0532569
0.0524421
0.0516627
0.0509437
0.0502896
0.0496938
0.0491412
0.0486075
0.0480718
0.0475167
0.0469335
0.0463179
0.0456765
0.0450221
0.0443724
0.0437466
0.0431604
0.0426287
0.0421601
0.0417589
0.0414216
0.0411425
0.0409126
0.0407219
0.0405563
0.0404032
0.0402537
0.0400986
0.0399346
0.039757
0.0395712
0.0393811
0.0391973
0.0390318
0.0388983
0.0388099
0.0387825
0.0388317
0.0389708
0.0392164
0.0395843
0.0400935
0.0407635
0.0416179
0.0426807
0.0439787
0.0455408
0.0473958
0.0495734
0.0521115
0.0550484
0.058407
0.062133
0.0660002
0.0695294
0.072079
0.0731409
0.0726738
0.0710997
0.0689767
0.0666961
0.064427
0.0622347
0.060184
0.058361
0.0568457
0.0556675
0.0548003
0.054168
