1.8
1.80167
1.80404
1.80749
1.81214
1.81767
1.82343
1.82859
1.83248
1.83465
1.83497
1.83359
1.83094
1.8277
1.82466
1.8226
1.822
1.8229
1.82489
1.82729
1.82938
1.83065
1.83083
1.82993
1.82816
1.82587
1.82344
1.82124
1.81957
1.8186
1.8184
1.81894
1.8201
1.82175
1.82372
1.82584
1.82797
1.83001
1.83187
1.83351
1.83488
1.83601
1.8369
1.83758
1.83808
1.83842
1.83864
1.83874
1.83871
1.83854
1.83822
1.83771
1.83698
1.83601
1.83478
1.83329
1.83155
1.82961
1.8275
1.82528
1.82303
1.82081
1.81869
1.81671
1.81493
1.81336
1.81204
1.811
1.81028
1.80988
1.80983
1.8101
1.81065
1.81142
1.81237
1.81344
1.81461
1.81587
1.81721
1.81861
1.82007
1.82152
1.82292
1.82419
1.82526
1.82607
1.82658
1.82673
1.82651
1.82591
1.82496
1.82368
1.8221
1.8203
1.81833
1.81628
1.81421
1.81223
1.81039
1.80878
1.80745
1.80642
1.80569
1.80525
1.80503
1.80496
1.80496
1.80494
1.80484
1.80462
1.80428
1.80386
1.80346
1.80322
1.80328
1.80377
1.80476
1.80624
1.80814
1.81028
1.81248
1.8145
1.81612
1.81712
1.81729
1.81645
1.81447
1.81132
1.80718
1.80245
1.79779
1.79405
1.79201
1.79213
1.79435
1.79809
1.80247
1.80652
1.80944
1.81068
1.81009
1.80793
1.80492
1.80209
1.80046
1.80062
1.80255
1.80566
1.80921
1.81261
1.81564
1.81838
1.82108
1.824
1.82731
1.83106
1.83516
1.83945
1.8437
1.84769
1.85124
1.85423
1.8566
1.85835
1.85954
1.86029
1.86072
1.86095
1.86108
1.86118
1.86125
1.86124
1.86105
1.86058
1.85972
1.85841
1.85661
1.85429
1.8515
1.84829
1.84479
1.84116
1.83765
1.83449
1.83191
1.83005
1.82891
1.82833
1.82808
1.82789
1.82754
1.8269
1.82598
1.82491
1.8239
1.82322
1.82307
1.82359
1.82478
1.82654
1.82869
1.83107
1.83349
1.83581
1.83788
1.83955
1.84068
1.84112
1.84079
1.83968
1.83789
1.83564
1.83322
1.83095
1.82909
1.82776
1.827
1.82671
1.82679
1.82709
1.82747
1.82777
1.82781
1.82742
1.82648
1.82489
1.82262
1.81973
1.81636
1.81274
1.80918
1.80603
1.80365
1.80231
1.8021
1.80292
1.80448
1.80643
1.8084
1.81012
1.81144
1.81236
1.81294
1.81328
1.81351
1.81373
1.81399
1.81434
1.81476
1.81526
1.81581
1.81641
1.81707
1.81779
1.81858
1.81942
1.8203
1.82118
1.82201
1.82274
1.82334
1.82378
1.8241
1.82434
1.82459
1.82494
1.8255
1.82633
1.82745
1.82884
1.83042
1.83209
1.83371
1.83518
1.8364
1.83733
1.83795
1.83831
1.83848
1.83857
1.83874
1.83913
1.83987
1.84108
1.84276
1.84485
1.84712
1.84925
1.85078
1.85116
1.84982
1.84622
1.84007
1.83157
1.82169
1.8123
1.80583
1.80428
1.80817
1.81639
1.82688
1.8377
1.84752
1.8557
1.86204
1.8666
1.86954
1.87105
1.8713
1.87045
1.86858
1.86575
1.86191
1.857
1.8509
1.84353
1.83493
1.82536
1.81538
1.80589
1.79796
1.7926
1.79044
1.79161
1.7957
1.80191
1.80919
1.8164
1.82253
1.82677
1.82864
1.82802
1.82515
1.82073
1.81585
1.81185
1.80989
1.81048
1.8133
1.81735
1.82148
1.82474
1.8266
1.82687
1.8256
1.82294
1.81906
1.81412
1.80826
1.8017
1.79474
1.78791
1.78189
1.77745
1.77518
1.77524
1.77728
1.78052
1.78406
1.7871
1.78907
1.78961
1.7885
1.7856
1.78087
1.77445
1.76688
1.75921
1.75295
1.74961
1.75004
1.75392
1.75993
1.76644
1.77208
1.77606
1.77809
1.77818
1.77656
1.77351
1.76935
1.76443
1.7591
1.75372
1.74868
1.7444
1.74126
1.73957
1.73948
1.7409
1.74355
1.74708
1.75111
1.75536
1.75963
1.76376
1.76762
1.77114
1.77424
1.77687
1.77899
1.78062
1.78174
1.78236
1.78251
1.78218
1.78139
1.78014
1.77845
1.77637
1.77398
1.77143
1.7689
1.76663
1.7649
1.76395
1.76395
1.76501
1.76706
1.76996
1.77345
1.77723
1.78096
1.78429
1.7869
1.78844
1.7886
1.78713
1.78385
1.77883
1.77247
1.76564
1.75959
1.7556
1.75445
1.75604
1.75947
1.76355
1.76723
1.76993
1.77147
1.77195
1.77161
1.77063
1.76915
1.76716
1.76458
1.76132
1.75729
1.75261
1.74754
1.7426
1.73845
1.73578
1.73519
1.73697
1.74105
1.74697
1.754
1.76132
1.7682
1.77407
1.77858
1.78154
1.78294
1.78287
1.78155
1.77929
1.77655
1.77383
1.77167
1.77048
1.77051
1.77174
1.77392
1.77668
1.77961
1.78234
1.78461
1.78627
1.78721
1.78741
1.78684
1.78553
1.78346
1.78068
1.77722
1.7732
1.76877
1.76418
1.75979
1.75597
1.75311
1.75147
1.75119
1.75219
1.75424
1.75698
1.76002
1.76301
1.76565
1.76769
1.76901
1.76953
1.76922
1.76811
1.76628
1.76384
1.76097
1.75788
1.7548
1.75201
1.74973
1.74814
1.7473
1.74715
1.74756
1.7483
1.74915
1.74992
1.75048
1.75074
1.75068
1.7503
1.74964
1.74872
1.74756
1.74618
1.74458
1.74279
1.74083
1.73876
1.73666
1.73464
1.7328
1.73131
1.73029
1.72986
1.73009
1.73097
1.73241
1.73427
1.7364
1.7387
1.74115
1.74377
1.7466
1.74964
1.7528
1.75589
1.75864
1.76076
1.76193
1.76187
1.76031
1.75705
1.75204
1.74547
1.73791
1.73042
1.72442
1.72125
1.72164
1.72535
1.73134
1.73831
1.74515
1.75119
1.75612
1.75987
1.76247
1.76392
1.76417
1.76313
1.76065
1.75665
1.75126
1.7449
1.73844
1.73308
1.73007
1.73023
1.7336
1.73941
1.74644
1.75347
1.75955
1.76419
1.76728
1.76897
1.76957
1.76947
1.76908
1.7688
1.76896
1.76979
1.77142
1.77383
1.77689
1.7804
1.78414
1.78793
1.7916
1.79505
1.79825
1.80117
1.80383
1.80623
1.80837
1.81023
1.81178
1.81291
1.8135
1.81334
1.81218
1.80969
1.80548
1.79919
1.79061
1.77993
1.768
1.75646
1.74741
1.74259
1.74254
1.74641
1.75267
1.75994
1.76742
1.77481
1.78209
1.78924
1.79614
1.80256
1.80822
1.81291
1.81649
1.81899
1.82056
1.82146
1.82202
1.8226
1.82351
1.82498
1.82716
1.83002
1.83345
1.83726
1.84121
1.84504
1.84855
1.85154
1.8538
1.85517
1.85545
1.85447
1.85206
1.84812
1.8427
1.83609
1.82882
1.82167
1.81542
1.8107
1.80781
1.80687
1.80796
1.8112
1.81659
1.82385
1.83231
1.84107
1.84919
1.85591
1.86083
1.86384
1.86504
1.86461
1.86272
1.8595
1.85508
1.84963
1.84342
1.83686
1.83042
1.82461
1.81984
1.81628
1.81382
1.81194
1.80984
1.80676
1.80233
1.79716
1.79285
1.79143
1.7941
1.80033
1.80819
1.81549
1.82081
1.82366
1.82424
1.82305
1.82066
1.81759
1.81431
1.81121
1.80863
1.8068
1.80583
1.8057
1.80628
1.80736
1.80872
1.81013
1.81144
1.81253
1.8133
1.81371
1.81373
1.81336
1.81261
1.81152
1.81013
1.80852
1.80673
1.80479
1.80271
1.80048
1.79805
1.79537
1.79241
1.78914
1.78555
1.78168
1.77761
1.77351
1.76957
1.76607
1.76329
1.76149
1.76084
1.76136
1.7629
1.76519
1.76787
1.77059
1.77303
1.77495
1.77615
1.77649
1.77585
1.77412
1.77127
1.76731
1.76244
1.75703
1.7516
1.74669
1.74255
1.73892
1.73488
1.72912
1.7205
1.7088
1.69561
1.68434
1.6789
1.6812
1.68987
1.70162
1.71357
1.72428
1.73349
1.74141
1.74823
1.75403
1.75874
1.76229
1.76466
1.76589
1.76612
1.76557
1.76453
1.76334
1.76234
1.76178
1.7618
1.76236
1.76332
1.76444
1.76548
1.76625
1.76668
1.7668
1.7667
1.76655
1.76653
1.76674
1.76727
1.76808
1.76911
1.77023
1.77133
1.7723
1.77305
1.77352
1.77367
1.77345
1.77283
1.77174
1.77014
1.76802
1.76543
1.76258
1.75988
1.75788
1.75716
1.75806
1.7605
1.76402
1.7679
1.77148
1.77429
1.77615
1.7771
1.77732
1.77708
1.7767
1.77651
1.77683
1.77794
1.78003
1.78309
1.78695
1.79131
1.79576
1.79995
1.80357
1.80646
1.80856
1.80991
1.81063
1.81088
1.81085
1.81074
1.8107
1.81085
1.8112
1.81174
1.81238
1.81303
1.81362
1.81414
1.81462
1.81512
1.81571
1.81637
1.81702
1.81745
1.81734
1.81631
1.81397
1.80995
1.80399
1.79598
1.78609
1.77486
1.76328
1.75273
1.74473
1.74056
1.74088
1.74546
1.75338
1.76333
1.77403
1.78449
1.79405
1.80241
1.80947
1.81532
1.82012
1.82402
1.82722
1.82984
1.83197
1.83367
1.83493
1.83569
1.83588
1.83538
1.83403
1.83171
1.82832
1.82382
1.81833
1.81218
1.80592
1.80026
1.79598
1.79366
1.79354
1.79541
1.79877
1.80298
1.80748
1.81187
1.8159
1.81948
1.82257
1.82514
1.82715
1.82852
1.82916
1.82903
1.82814
1.82666
1.82494
1.82347
1.82277
1.82327
1.82509
1.82808
1.83181
1.83578
1.83958
1.84291
1.84565
1.84783
1.84956
1.85096
1.85218
1.85333
1.85447
1.85561
1.85668
1.85758
1.85818
1.85834
1.85794
1.85687
1.85508
1.8526
1.8495
1.84597
1.84223
1.83857
1.83526
1.8325
1.83042
1.82902
1.82823
1.82795
1.82806
1.82847
1.82911
1.82996
1.83096
1.83206
1.83315
1.83412
1.83482
1.83508
1.83478
1.8338
1.83211
1.82979
1.82701
1.82411
1.8215
1.81964
1.81888
1.81941
1.82115
1.82381
1.82699
1.83028
1.83337
1.83602
1.83813
1.83963
1.84053
1.84083
1.84056
1.83975
1.83844
1.83668
1.83458
1.83225
1.82986
1.82757
1.82553
1.82387
1.82264
1.82185
1.82146
1.82145
1.82183
1.82263
1.82394
1.8258
1.82819
1.83102
1.83411
1.83724
1.84018
1.84275
1.84481
1.84626
1.84707
1.84723
1.84673
1.84563
1.84396
1.84181
1.83928
1.83651
1.83368
1.83094
1.82849
1.82647
1.82497
1.82402
1.82361
1.82369
1.82419
1.82506
1.82624
1.8277
1.82935
1.83113
1.83291
1.83458
1.83603
1.83719
1.83804
1.8386
1.83894
1.83914
1.83928
1.83943
1.83958
1.83971
1.83972
1.83953
1.83902
1.83811
1.83674
1.83493
1.83271
1.8302
1.82757
1.82498
1.82264
1.82066
1.81909
1.81787
1.81689
1.81598
1.81508
1.81424
1.81368
1.81373
1.81473
1.81695
1.82046
1.82514
1.83071
1.83677
1.84286
1.84858
1.85358
1.85759
1.86043
1.86202
1.86228
1.86121
1.85881
1.85515
1.85035
1.84463
1.83828
1.83174
1.82546
1.81991
1.81545
1.8123
1.81048
1.80992
1.81043
1.81183
1.81392
1.81652
1.81944
1.82247
1.82541
1.82808
1.83036
1.83217
1.83353
1.83453
1.83536
1.83623
1.83734
1.83884
1.84078
1.84308
1.84555
1.84796
1.85001
1.85148
1.85216
1.8519
1.85061
1.84826
1.84491
1.84073
1.83603
1.83127
1.82702
1.82384
1.82212
1.82194
1.82307
1.82504
1.82732
1.82943
1.83102
1.83189
1.83194
1.83113
1.82944
1.82684
1.82335
1.81901
1.81397
1.80851
1.80311
1.79837
1.79494
1.79328
1.79354
1.7955
1.79864
1.80234
1.80601
1.80921
1.81168
1.81331
1.81409
1.8141
1.81343
1.8122
1.81052
1.80848
1.8062
1.80376
1.80128
1.79884
1.79654
1.79442
1.79248
1.79074
1.78921
1.78806
1.78761
1.78832
1.7906
1.79462
1.8001
1.8064
1.81269
1.81824
1.82254
1.82546
1.82713
1.82792
1.82829
1.82869
1.82945
1.83067
1.83229
1.83407
1.83574
1.83698
1.8375
1.83701
1.83516
1.83162
1.82603
1.81816
1.80805
1.79619
1.78371
1.77239
1.76441
1.76164
1.76502
1.77403
1.78694
1.80144
1.81542
1.82736
1.83646
1.84249
1.84555
1.84592
1.84391
1.8398
1.83383
1.82621
1.81719
1.80708
1.7963
1.78555
1.77597
1.76924
1.76712
1.77062
1.77921
1.79095
1.80331
1.81418
1.82222
1.82678
1.82768
1.82505
1.81929
1.81134
1.80279
1.79582
1.7925
1.79386
1.7994
1.80751
1.81637
1.82466
1.83174
1.83747
1.84193
1.84529
1.8477
1.84929
1.85013
1.8503
1.84982
1.8487
1.84693
1.84446
1.84125
1.8372
1.83221
1.82622
1.81917
1.81111
1.80224
1.79291
1.78374
1.77549
1.76901
1.76499
1.76384
1.76554
1.76964
1.77544
1.7821
1.7888
1.79486
1.79971
1.80296
1.80435
1.80377
1.80126
1.79703
1.79146
1.78509
1.7786
1.7727
1.76806
1.76513
1.76413
1.76502
1.76752
1.77125
1.77576
1.78062
1.78545
1.78995
1.79389
1.79715
1.79965
1.80138
1.80238
1.80271
1.80244
1.80165
1.80044
1.79886
1.79698
1.79486
1.79254
1.79008
1.78756
1.78507
1.78271
1.78058
1.77878
1.77739
1.77644
1.77592
1.77578
1.77593
1.77627
1.77667
1.777
1.7771
1.77682
1.776
1.77444
1.772
1.76852
1.76395
1.7583
1.75167
1.74433
1.73666
1.7293
1.72325
1.71975
1.71992
1.72413
1.73167
1.741
1.75043
1.75875
1.76535
1.77017
1.77344
1.7755
1.77669
1.77729
1.77752
1.77753
1.77739
1.77715
1.7768
1.77635
1.77576
1.775
1.77405
1.77288
1.7715
1.76994
1.76824
1.76649
1.76479
1.76323
1.7619
1.76086
1.76009
1.75952
1.75902
1.75844
1.75759
1.75631
1.75448
1.75203
1.74897
1.74545
1.74171
1.73811
1.73511
1.73314
1.73259
1.73365
1.73629
1.74029
1.74527
1.75076
1.75633
1.7616
1.76633
1.77034
1.7736
1.77608
1.77783
1.77893
1.77945
1.77948
1.7791
1.77842
1.77752
1.7765
1.77545
1.77447
1.77363
1.77299
1.77262
1.77253
1.77279
1.77339
1.77435
1.77566
1.77727
1.77909
1.78104
1.78299
1.78485
1.78653
1.78801
1.78928
1.79038
1.79137
1.79233
1.7933
1.79428
1.79524
1.7961
1.79671
1.79689
1.79645
1.7952
1.79298
1.78966
1.78523
1.77976
1.7734
1.76635
1.75876
1.75075
1.74246
1.73428
1.72705
1.72209
1.72077
1.72381
1.73087
1.74067
1.75163
1.76241
1.77215
1.78044
1.78716
1.79236
1.79616
1.79871
1.80012
1.80052
1.80002
1.79874
1.79683
1.79449
1.79195
1.78947
1.78731
1.7857
1.78482
1.78479
1.78558
1.78699
1.78864
1.79007
1.79083
1.79065
1.78943
1.78733
1.7847
1.78201
1.7797
1.77817
1.77762
1.77809
1.77946
1.78154
1.78412
1.78697
1.78992
1.79279
1.79547
1.79784
1.79981
1.8013
1.80227
1.80268
1.80249
1.80169
1.80027
1.79824
1.79563
1.79251
1.78897
1.7852
1.78141
1.77787
1.77483
1.77248
1.77092
1.77012
1.76997
1.77028
1.7709
1.77171
1.77264
1.77372
1.77497
1.77646
1.77822
1.78028
1.7826
1.78515
1.78787
1.79068
1.79353
1.79633
1.79902
1.80152
1.80378
1.80572
1.8073
1.80848
1.80921
1.80947
1.80921
1.80837
1.80691
1.80473
1.80175
1.79792
1.7932
1.78772
1.78174
1.77578
1.77053
1.76673
1.76489
1.76512
1.76705
1.76997
1.77311
1.77586
1.77788
1.77909
1.77963
1.77976
1.77979
1.77998
1.7805
1.78137
1.78246
1.78353
1.78425
1.78432
1.78344
1.78144
1.77822
1.77387
1.76866
1.76296
1.75717
1.75161
1.74647
1.74197
1.73858
1.73719
1.73876
1.74366
1.75121
1.75984
1.76784
1.77398
1.77779
1.77942
1.77938
1.77829
1.77669
1.77499
1.77337
1.77193
1.77069
1.76969
1.76899
1.7687
1.76887
1.76952
1.77063
1.77208
1.77376
1.77551
1.77719
1.77867
1.77987
1.78072
1.78125
1.78148
1.78152
1.78145
1.78139
1.78139
1.7815
1.78168
1.78188
1.78203
1.78204
1.78185
1.78142
1.78074
1.77984
1.77875
1.77752
1.7762
1.77483
1.77341
1.77194
1.77041
1.76883
1.76722
1.76564
1.76419
1.76299
1.76217
1.76181
1.76198
1.76266
1.76378
1.76523
1.76689
1.76863
1.77034
1.77194
1.77337
1.77462
1.77569
1.77659
1.77735
1.77802
1.77866
1.7793
1.77997
1.7807
1.78147
1.78222
1.78286
1.78326
1.78326
1.78266
1.78127
1.7789
1.77546
1.77093
1.76549
1.75948
1.75343
1.74794
1.74355
1.74061
1.73924
1.73929
1.7405
1.74255
1.74516
1.74813
1.75133
1.75467
1.75809
1.76152
1.7649
1.76813
1.77113
1.77382
1.77612
1.77797
1.77935
1.78024
1.78062
1.78052
1.77996
1.77897
1.77763
1.776
1.77416
1.77223
1.77032
1.76854
1.76698
1.7657
1.76472
1.76403
1.76358
1.76329
1.7631
1.76296
1.76283
1.76269
1.76254
1.76236
1.76214
1.76186
1.76145
1.76087
1.76004
1.7589
1.75742
1.75559
1.75343
1.751
1.74839
1.7457
1.74305
1.74049
1.73809
1.73587
1.73382
1.73199
1.73045
1.72936
1.72895
1.72951
1.7313
1.73446
1.73891
1.74433
1.75027
1.75623
1.7618
1.76673
1.77089
1.77428
1.77698
1.77909
1.78072
1.78196
1.78291
1.78362
1.78415
1.78454
1.78481
1.78499
1.7851
1.78516
1.78519
1.78521
1.78521
1.78517
1.78503
1.78467
1.78397
1.78277
1.78094
1.7784
1.77519
1.77152
1.7678
1.76465
1.76284
1.7631
1.76579
1.77068
1.77695
1.78348
1.78921
1.79342
1.79584
1.79655
1.7958
1.79387
1.79097
1.7872
1.78253
1.77691
1.77042
1.76337
1.75641
1.75051
1.74678
1.74617
1.74916
1.75565
1.76493
1.77601
1.78775
1.79916
1.80944
1.81807
1.82478
1.82954
1.83246
1.83376
1.83374
1.83273
1.83106
1.82904
1.82693
1.82493
1.82315
1.82164
1.82039
1.81937
1.81855
1.81792
1.81755
1.81749
1.81785
1.81865
1.8199
1.82148
1.8232
1.82482
1.82605
1.82663
1.8263
1.82483
1.82207
1.81799
1.81272
1.80668
1.80063
1.79564
1.79278
1.7928
1.79578
1.80111
1.80779
1.81484
1.82151
1.8274
1.83234
1.83631
1.83934
1.8415
1.84279
1.84322
1.84277
1.84138
1.83903
1.83574
1.83158
1.82674
1.8215
1.81622
1.81123
1.80673
1.80263
1.79862
1.79432
1.78949
1.78432
1.77948
1.77594
1.77456
1.77573
1.77916
1.78404
1.7894
1.79434
1.79823
1.80068
1.80148
1.80057
1.79798
1.79391
1.78875
1.78312
1.77784
1.77385
1.77195
1.77255
1.77556
1.78038
1.78618
1.79216
1.79767
1.80233
1.80596
1.80855
1.81019
1.81099
1.81109
1.8106
1.80962
1.80821
1.80644
1.80434
1.80193
1.79924
1.79629
1.79312
1.78978
1.78633
1.78287
1.77949
1.77631
1.77343
1.77095
1.76891
1.76732
1.76617
1.76538
1.76489
1.76465
1.76459
1.7647
1.76496
1.76538
1.76595
1.76669
1.76758
1.76858
1.76966
1.77076
1.77181
1.77273
1.77345
1.77389
1.77395
1.77351
1.77246
1.77063
1.76786
1.76396
1.75881
1.75236
1.74477
1.73649
1.72834
1.72144
1.71699
1.71589
1.71841
1.72407
1.73187
1.7406
1.74919
1.75692
1.76341
1.76856
1.77245
1.77525
1.77714
1.77831
1.77891
1.77906
1.77886
1.77838
1.77766
1.77672
1.77559
1.77425
1.7727
1.7709
1.76879
1.76628
1.76326
1.75954
1.75494
1.7493
1.74259
1.73506
1.72728
1.72007
1.71413
1.70953
1.70568
1.70188
1.69828
1.6964
1.69833
1.70506
1.71548
1.72705
1.73742
1.74542
1.75104
1.75495
1.758
1.76089
1.76402
1.76749
1.77118
1.7749
1.77847
1.78178
1.78474
1.78733
1.78956
1.79145
1.79299
1.79421
1.7951
1.79569
1.79598
1.79598
1.7957
1.79515
1.79437
1.79336
1.79215
1.79079
1.7893
1.78774
1.78616
1.78463
1.7832
1.78195
1.78091
1.78014
1.77965
1.77943
1.77947
1.77972
1.78011
1.78058
1.78101
1.7813
1.78129
1.78081
1.77967
1.77765
1.77464
1.77066
1.76606
1.76156
1.75823
1.75719
1.75913
1.76396
1.77081
1.7784
1.78552
1.79122
1.79485
1.79586
1.79363
1.78735
1.77616
1.75963
1.73891
1.71802
1.70355
1.7009
1.70985
1.72498
1.74033
1.75263
1.7613
1.76706
1.77099
1.774
1.7768
1.77983
1.7833
1.78722
1.79146
1.79576
1.79986
1.80357
1.80675
1.80934
1.81136
1.81286
1.81393
1.81465
1.81511
1.81538
1.81553
1.81562
1.81571
1.81584
1.81605
1.81636
1.81679
1.81734
1.81797
1.81865
1.8193
1.81984
1.82018
1.82024
1.81996
1.81934
1.81843
1.81739
1.81645
1.81584
1.81572
1.8161
1.81672
1.81709
1.81656
1.81451
1.81051
1.80455
1.79719
1.78961
1.78327
1.77948
1.7788
1.78092
1.78492
1.7897
1.79443
1.79862
1.8021
1.8049
1.80706
1.8086
1.80947
1.80962
1.80901
1.80767
1.8057
1.80321
1.80034
1.79723
1.79407
1.79113
1.78881
1.78756
1.78779
1.78984
1.79383
1.79966
1.80702
1.81546
1.82444
1.83345
1.84204
1.84988
1.85676
1.8626
1.86735
1.87106
1.87378
1.87558
1.87655
1.87675
1.87628
1.87521
1.87367
1.87178
1.8697
1.8676
1.86566
1.86399
1.86268
1.86169
1.8609
1.86013
1.85916
1.85775
1.85573
1.853
1.84953
1.84543
1.84093
1.83641
1.83237
1.82938
1.82798
1.82852
1.83111
1.83549
1.84118
1.84754
1.85396
1.8599
1.86499
1.86899
1.87175
1.87323
1.87345
1.87249
1.87044
1.86744
1.86369
1.8594
1.85483
1.85026
1.84602
1.84243
1.83984
1.83849
1.83856
1.84005
1.84277
1.84642
1.85059
1.85485
1.85884
1.86226
1.86492
1.86671
1.86761
1.86762
1.86681
1.86522
1.86296
1.86012
1.85684
1.85325
1.84955
1.84595
1.84265
1.83986
1.83772
1.83629
1.83556
1.83538
1.83557
1.83589
1.83609
1.83595
1.8353
1.83404
1.83217
1.82979
1.82707
1.82421
1.82142
1.81887
1.81674
1.81524
1.81456
1.8148
1.81591
1.81767
1.81976
1.82194
1.82408
1.82614
1.82809
1.82987
1.83135
1.83237
1.83281
1.8326
1.83176
1.83035
1.82851
1.82635
1.82406
1.82178
1.81967
1.81787
1.81645
1.81546
1.81488
1.81464
1.81463
1.81475
1.8149
1.81502
1.81506
1.81504
1.81501
1.81501
1.81511
1.81538
1.81585
1.81652
1.81738
1.81836
1.81938
1.82036
1.82118
1.82173
1.82188
1.8215
1.8204
1.81838
1.81521
1.8107
1.80476
1.79749
1.78934
1.78118
1.77416
1.76945
1.76788
1.76961
1.77414
1.78051
1.78765
1.79462
1.80076
1.80572
1.80935
1.81165
1.81266
1.81243
1.81099
1.8084
1.80474
1.8002
1.79507
1.78975
1.78473
1.78046
1.77729
1.77535
1.77453
1.77459
1.7752
1.77604
1.77678
1.77712
1.77679
1.77556
1.77331
1.77007
1.76606
1.76167
1.75743
1.75395
1.75175
1.75117
1.75233
1.75506
1.75898
1.76361
1.76839
1.77289
1.77678
1.77994
1.78241
1.78434
1.78593
1.78736
1.78873
1.79006
1.79132
1.79242
1.7933
1.79392
1.79425
1.7943
1.79412
1.79374
1.79321
1.79258
1.79189
1.79117
1.79045
1.78975
1.78906
1.78841
1.78778
1.78717
1.78658
1.78598
1.78538
1.78475
1.78408
1.78337
1.7826
1.78177
1.78087
1.77991
1.77886
1.77774
1.77652
1.77519
1.77373
1.77215
1.77046
1.76871
1.76699
1.76544
1.76425
1.76361
1.76368
1.76454
1.76617
1.76842
1.77105
1.77378
1.77633
1.77849
1.78011
1.78115
1.78164
1.78167
1.78137
1.7809
1.78039
1.77998
1.77976
1.77979
1.78006
1.78056
1.7812
1.78189
1.7825
1.78292
1.78305
1.78281
1.78218
1.78121
1.78
1.77873
1.77761
1.7769
1.77687
1.77773
1.77959
1.78241
1.78599
1.79
1.79406
1.79782
1.80099
1.80339
1.80495
1.80566
1.80558
1.80483
1.80352
1.8018
1.79982
1.79775
1.79572
1.79385
1.79226
1.791
1.79014
1.78967
1.78961
1.78991
1.79053
1.79142
1.7925
1.79373
1.79506
1.79647
1.79792
1.79942
1.80093
1.80244
1.80391
1.80526
1.80642
1.80732
1.80785
1.80793
1.80748
1.80643
1.8047
1.80219
1.79879
1.79432
1.78864
1.78167
1.77357
1.76493
1.75677
1.75041
1.74697
1.74695
1.75019
1.75603
1.7637
1.77244
1.78153
1.79033
1.79834
1.80526
1.81102
1.81567
1.81937
1.82231
1.82466
1.82659
1.82821
1.82962
1.83087
1.83199
1.83298
1.83382
1.83444
1.83479
1.83474
1.83418
1.83294
1.83088
1.82786
1.82378
1.81869
1.81275
1.80631
1.79982
1.79372
1.78832
1.78376
1.78002
1.77713
1.7753
1.77486
1.77621
1.77948
1.78447
1.79063
1.79723
1.80359
1.80917
1.81366
1.81689
1.81882
1.81948
1.81896
1.81742
1.81511
1.81227
1.80915
1.80592
1.80265
1.79927
1.79569
1.79192
1.78808
1.78442
1.78127
1.77888
1.77735
1.77669
1.77683
1.77774
1.77944
1.78191
1.78509
1.78883
1.79287
1.79687
1.8005
1.80342
1.80534
1.80606
1.80542
1.80333
1.79978
1.79482
1.78863
1.78155
1.77408
1.76688
1.76068
1.75608
1.75338
1.7525
1.75299
1.75422
1.7555
1.75625
1.75605
1.75465
1.75193
1.74796
1.74296
1.73736
1.73185
1.72733
1.7247
1.72455
1.72686
1.73102
1.73609
1.74119
1.74575
1.7495
1.75244
1.75462
1.75615
1.75708
1.75748
1.75738
1.75686
1.75599
1.7549
1.75368
1.75246
1.75132
1.75033
1.74953
1.74892
1.74848
1.74818
1.74798
1.74783
1.74771
1.7476
1.74749
1.7474
1.74734
1.74732
1.74736
1.74747
1.74766
1.74791
1.74823
1.74859
1.74899
1.74943
1.74991
1.75044
1.75102
1.75168
1.75243
1.7533
1.75428
1.75538
1.75661
1.75794
1.75936
1.7608
1.76223
1.76356
1.7647
1.76554
1.76594
1.76575
1.76477
1.76282
1.7597
1.7553
1.74962
1.74291
1.7357
1.72878
1.72307
1.71931
1.71785
1.71855
1.72094
1.72449
1.72869
1.73317
1.73765
1.74188
1.74566
1.74886
1.75138
1.75319
1.75431
1.75481
1.75481
1.7544
1.75374
1.75294
1.75213
1.7514
1.75083
1.75045
1.75029
1.75034
1.75057
1.75098
1.75151
1.75216
1.75289
1.75369
1.75454
1.75543
1.75633
1.75724
1.75812
1.75894
1.75967
1.76025
1.76063
1.76072
1.76045
1.75971
1.75844
1.75657
1.75413
1.75126
1.74822
1.74544
1.74341
1.74259
1.74325
1.74537
1.74865
1.75264
1.75687
1.76097
1.76471
1.76803
1.77094
1.77352
1.77587
1.77807
1.78018
1.7822
1.78414
1.78596
1.7876
1.78898
1.79003
1.79067
1.79082
1.79041
1.78937
1.78769
1.78533
1.78235
1.77882
1.77491
1.7709
1.76718
1.76426
1.76265
1.76271
1.76453
1.76783
1.77204
1.77652
1.78067
1.7841
1.78657
1.78802
1.78846
1.78794
1.78649
1.78412
1.78083
1.77666
1.77175
1.76647
1.76146
1.75766
1.75599
1.75708
1.76095
1.767
1.77428
1.78191
1.78919
1.79571
1.80123
1.80564
1.80886
1.81083
1.81156
1.81107
1.80947
1.80698
1.80391
1.80071
1.79796
1.79624
1.79606
1.79771
1.80118
1.80616
1.81216
1.81864
1.82514
1.8313
1.83692
1.84188
1.84616
1.84977
1.85271
1.85503
1.85672
1.85779
1.85821
1.85798
1.85707
1.85548
1.85322
1.85032
1.84687
1.84298
1.83877
1.83439
1.82999
1.82573
1.82178
1.81836
1.81574
1.8142
1.81397
1.81515
1.81773
1.82158
1.82651
1.83237
1.83898
1.84611
1.85345
1.86066
1.8674
1.87341
1.8785
1.88255
1.88546
1.88715
1.88744
1.88614
1.88299
1.87771
1.87006
1.85991
1.84735
1.83289
1.81758
1.80299
1.79092
1.7828
1.77917
1.77962
1.78313
1.78866
1.79546
1.80313
1.81135
1.81976
1.82787
1.83513
1.84099
1.84503
1.84694
1.84655
1.84389
1.83927
1.83334
1.82713
1.82185
1.81854
1.8176
1.8187
1.82091
1.8232
1.82471
1.82497
1.82379
1.82117
1.81725
1.81221
1.80625
1.79964
1.79271
1.78587
1.77958
1.77426
1.77028
1.76786
1.767
1.76755
1.76918
1.77149
1.77406
1.77654
1.77862
1.78013
1.78094
1.78102
1.78038
1.77909
1.77722
1.77488
1.77217
1.76923
1.76619
1.7632
1.76039
1.75786
1.75565
1.75367
1.75175
1.74961
1.74694
1.74353
1.73937
1.73485
1.73074
1.72803
1.72758
1.72969
1.73393
1.73941
1.74511
1.75027
1.75446
1.7576
1.75978
1.76121
1.76212
1.76273
1.7632
1.76363
1.76404
1.76435
1.7644
1.76393
1.76264
1.76021
1.75643
1.75132
1.74538
1.73961
1.73543
1.73418
1.73642
1.74165
1.74856
1.75567
1.76189
1.76664
1.7698
1.77154
1.77213
1.77188
1.77107
1.76995
1.76871
1.76753
1.76652
1.76579
1.76537
1.7653
1.76559
1.76622
1.76717
1.76843
1.76996
1.77175
1.77374
1.77589
1.77812
1.78036
1.78251
1.78449
1.78621
1.78761
1.78866
1.78933
1.78966
1.78967
1.78945
1.78908
1.78864
1.78825
1.78799
1.78794
1.78818
1.78877
1.78975
1.79115
1.79299
1.79525
1.79787
1.80075
1.80375
1.80669
1.80937
1.81155
1.81303
1.8136
1.81308
1.81139
1.80852
1.80465
1.8002
1.79578
1.79216
1.79007
1.78996
1.79184
1.79526
1.79947
1.80367
1.80716
1.80947
1.8104
1.81001
1.80858
1.80655
1.80445
1.8028
1.80199
1.80222
1.80348
1.80561
1.80838
1.81156
1.81494
1.81837
1.82176
1.82505
1.82818
1.83114
1.83392
1.83649
1.83887
1.84105
1.84304
1.84485
1.84648
1.84794
1.84921
1.8503
1.8512
1.85188
1.85236
1.85262
1.85269
1.85257
1.85227
1.8518
1.85118
1.85043
1.84963
1.84887
1.84829
1.84797
1.84786
1.84777
1.84729
1.84598
1.84342
1.8394
1.83405
1.82787
1.8217
1.81648
1.81307
1.812
1.81344
1.81724
1.82302
1.83024
1.83826
1.84643
1.85413
1.86088
1.86635
1.87034
1.87281
1.87378
1.87333
1.8716
1.86873
1.86489
1.86026
1.85503
1.84936
1.84343
1.83737
1.83131
1.82536
1.81967
1.81444
1.80993
1.80649
1.80454
1.80455
1.8069
1.81183
1.81915
1.82826
1.83821
1.84793
1.85655
1.86353
1.86864
1.87195
1.87367
1.87413
1.87366
1.8726
1.87127
1.86996
1.86894
1.86843
1.86859
1.86945
1.87099
1.87308
1.87552
1.87813
1.8807
1.88307
1.88514
1.88681
1.88802
1.88872
1.88888
1.88845
1.88739
1.88566
1.88322
1.88004
1.87612
1.8715
1.86627
1.86057
1.8546
1.84864
1.84299
1.83803
1.83413
1.83163
1.8308
1.83177
1.8345
1.83873
1.84405
1.84986
1.85556
1.86054
1.86431
1.86657
1.86733
1.86685
1.86571
1.86466
1.86449
1.86581
1.86887
1.87354
1.87929
1.88544
1.89133
1.89651
1.90079
1.90419
1.90689
1.90915
1.9112
1.91321
1.9153
1.91746
1.91965
1.92173
1.92358
1.92503
1.92597
1.92628
1.92591
1.92486
1.92319
1.92104
1.91865
1.91633
1.91445
1.91334
1.91324
1.9142
1.91612
1.9187
1.9216
1.92445
1.92697
1.92893
1.93021
1.93077
1.93062
1.92983
1.92852
1.92684
1.92498
1.92314
1.9215
1.92017
1.91924
1.91872
1.91856
1.9187
1.91905
1.91955
1.92012
1.92075
1.92143
1.92217
1.92301
1.92397
1.92503
1.92615
1.92722
1.92813
1.92877
1.92904
1.92892
1.92844
1.9277
1.92683
1.92596
1.92519
1.92462
1.92426
1.92414
1.92426
1.92461
1.92521
1.92609
1.92728
1.9288
1.93061
1.93263
1.93474
1.9368
1.93867
1.94024
1.94143
1.94218
1.94246
1.94225
1.94156
1.94037
1.93867
1.93645
1.9337
1.93043
1.92667
1.92248
1.91791
1.91304
1.90794
1.90262
1.89712
1.89147
1.8858
1.88039
1.87561
1.87186
1.86938
1.86814
1.86782
1.86798
1.86821
1.86833
1.86835
1.86848
1.86895
1.86998
1.87165
1.8739
1.87656
1.8794
1.8822
1.88476
1.88696
1.8887
1.88996
1.89074
1.89106
1.89097
1.89051
1.88972
1.88865
1.88734
1.88582
1.88414
1.88233
1.88043
1.87848
1.87651
1.87454
1.8726
1.8707
1.86886
1.8671
1.86544
1.86395
1.86268
1.86169
1.86103
1.86071
1.86071
1.86094
1.8613
1.86164
1.86185
1.8618
1.86138
1.86048
1.85894
1.8565
1.85276
1.84713
1.83897
1.82792
1.81464
1.80162
1.79304
1.79269
1.8011
1.81493
1.82942
1.84105
1.84836
1.85134
1.85063
1.8471
1.84164
1.83517
1.82858
1.82267
1.81798
1.81476
1.81298
1.81248
1.81307
1.81466
1.81718
1.82051
1.82442
1.82853
1.83245
1.83585
1.83856
1.84061
1.8422
1.84359
1.84503
1.84671
1.84869
1.85089
1.85317
1.85534
1.85725
1.85878
1.85985
1.86045
1.86061
1.86038
1.85983
1.85902
1.85803
1.8569
1.85565
1.8543
1.85286
1.85131
1.84968
1.84799
1.84632
1.84478
1.84349
1.84259
1.84215
1.84223
1.84278
1.84365
1.84465
1.84549
1.84585
1.84542
1.8439
1.84106
1.83681
1.83123
1.82473
1.818
1.81195
1.80748
1.80517
1.80516
1.80714
1.81061
1.81504
1.81994
1.82485
1.82927
1.83271
1.83478
1.83537
1.8348
1.83383
1.83348
1.83466
1.83774
1.84237
1.8477
1.85274
1.85677
1.85939
1.86052
1.86028
1.85888
1.85655
1.85357
1.85017
1.8466
1.84307
1.83975
1.83677
1.8342
1.83204
1.83023
1.82866
1.82718
1.82557
1.82357
1.82099
1.81775
1.81413
1.81073
1.80849
1.80829
1.81062
1.81529
1.82153
1.82829
1.83466
1.84001
1.84408
1.84687
1.84853
1.84931
1.84946
1.84923
1.84879
1.84826
1.84767
1.84701
1.8462
1.84515
1.84376
1.84193
1.83959
1.8367
1.83325
1.8293
1.82496
1.82044
1.81603
1.81208
1.80892
1.80683
1.8059
1.80605
1.807
1.80836
1.80973
1.81073
1.8111
1.81068
1.80944
1.80746
1.80491
1.80202
1.79907
1.79637
1.79418
1.79271
1.79209
1.79236
1.79345
1.79523
1.7975
1.80004
1.80261
1.80502
1.8071
1.80874
1.80986
1.81043
1.81045
1.80995
1.80897
1.80756
1.80581
1.80378
1.80158
1.79929
1.79701
1.79485
1.79287
1.79115
1.78973
1.7886
1.78778
1.78722
1.78688
1.78671
1.78662
1.78655
1.7864
1.78608
1.78549
1.78453
1.78313
1.78125
1.77893
1.7763
1.77361
1.7712
1.76945
1.76866
1.76898
1.77032
1.77241
1.77488
1.77734
1.77953
1.78125
1.78246
1.78316
1.78341
1.7833
1.78288
1.7822
1.78127
1.78008
1.77862
1.77686
1.77479
1.77243
1.76982
1.76707
1.76436
1.76191
1.75998
1.75882
1.75862
1.75945
1.76124
1.7638
1.76686
1.77015
1.77342
1.77649
1.77924
1.78162
1.78364
1.7853
1.78667
1.7878
1.78875
1.78957
1.79033
1.79106
1.79179
1.79254
1.79328
1.79398
1.79458
1.79497
1.79501
1.7945
1.7932
1.79085
1.78719
1.78206
1.77555
1.76823
1.76123
1.75613
1.75439
1.75665
1.76238
1.77016
1.77845
1.78608
1.79246
1.79746
1.80121
1.80392
1.80582
1.8071
1.80786
1.80819
1.8081
1.8076
1.80668
1.80533
1.8036
1.80155
1.79935
1.79721
1.7954
1.79418
1.79371
1.79405
1.79509
1.7966
1.7983
1.79991
1.80121
1.80207
1.80247
1.80245
1.80212
1.80162
1.80113
1.80082
1.80082
1.80121
1.802
1.80313
1.8045
1.80595
1.80733
1.80852
1.8094
1.8099
1.80994
1.80948
1.80849
1.80703
1.80526
1.80351
1.80218
1.80171
1.8024
1.80429
1.80719
1.81074
1.81452
1.81819
1.82152
1.82445
1.82697
1.82918
1.83117
1.83303
1.83485
1.83666
1.83847
1.84026
1.84199
1.84361
1.84507
1.84633
1.84736
1.84815
1.8487
1.84902
1.84911
1.84901
1.84873
1.84829
1.84774
1.84711
1.84642
1.84572
1.84506
1.84447
1.84402
1.84374
1.84369
1.8439
1.84439
1.84514
1.84613
1.84726
1.84844
1.8495
1.85027
1.85055
1.85014
1.84883
1.84645
1.84291
1.8382
1.83248
1.82608
1.81946
1.81312
1.80747
1.80273
1.79896
1.79621
1.79468
1.79474
1.79678
1.80091
1.8068
1.81385
1.82133
1.82862
1.83524
1.8409
1.84543
1.84875
1.85086
1.85183
1.85177
1.85082
1.84912
1.84684
1.84415
1.84119
1.83815
1.83516
1.83235
1.82982
1.82762
1.82577
1.82426
1.82301
1.82196
1.82104
1.82018
1.81933
1.81849
1.81767
1.81689
1.81622
1.81571
1.81542
1.81538
1.8156
1.81606
1.81671
1.81749
1.81832
1.81912
1.81982
1.82036
1.82066
1.82067
1.82032
1.81957
1.81838
1.81675
1.81473
1.81244
1.8101
1.80798
1.8064
1.80565
1.8059
1.80717
1.80934
1.81215
1.81533
1.81859
1.82174
1.82461
1.82711
1.82918
1.83076
1.83183
1.83237
1.83236
1.83181
1.83072
1.82913
1.82709
1.82466
1.82192
1.81894
1.81582
1.81266
1.8096
1.80682
1.80454
1.80302
1.80251
1.80313
1.80486
1.80746
1.81056
1.81371
1.81653
1.81876
1.82026
1.82102
1.82112
1.82065
1.81973
1.81842
1.8168
1.81495
1.81299
1.8111
1.80946
1.80818
1.80724
1.80652
1.80584
1.80512
1.80447
1.80426
1.80496
1.80696
1.81031
1.81472
1.81966
1.82452
1.82884
1.83234
1.83492
1.83662
1.83751
1.83772
1.83735
1.8365
1.83523
1.83362
1.83173
1.82961
1.82734
1.82499
1.82265
1.82038
1.81822
1.8162
1.81436
1.81274
1.8114
1.81043
1.80995
1.81005
1.81076
1.81209
1.81396
1.81625
1.81882
1.82151
1.82419
1.82675
1.82911
1.83123
1.83311
1.83476
1.83619
1.83744
1.83854
1.83952
1.84041
1.84122
1.84197
1.84265
1.84327
1.84379
1.8442
1.84444
1.84445
1.84418
1.84355
1.84245
1.84081
1.83852
1.83549
1.8316
1.82672
1.82067
1.81324
1.80434
1.79419
1.78367
1.77457
1.76914
1.769
1.77398
1.78212
1.79092
1.79855
1.80436
1.80859
1.81189
1.81494
1.81817
1.82177
1.82564
1.82955
1.83327
1.83662
1.83956
1.8421
1.84429
1.84614
1.84761
1.84865
1.84922
1.84932
1.84903
1.8485
1.84791
1.84742
1.84719
1.84731
1.8478
1.84862
1.84964
1.85068
1.8515
1.85187
1.8516
1.85058
1.84883
1.84653
1.84398
1.84156
1.83964
1.83852
1.83839
1.83936
1.84147
1.84473
1.8491
1.85444
1.86052
1.86701
1.8735
1.87958
1.88488
1.88911
1.89208
1.89371
1.89401
1.89309
1.89112
1.88838
1.88522
1.88202
1.87914
1.87685
1.87522
1.87416
1.87344
1.87274
1.87179
1.87041
1.86853
1.86617
1.86335
1.86002
1.85605
1.85124
1.84544
1.83879
1.83187
1.82565
1.82127
1.81965
1.82122
1.82585
1.83293
1.84154
1.85065
1.85934
1.86698
1.87329
1.87827
1.88208
1.88497
1.8872
1.88897
1.89045
1.89176
1.89297
1.89413
1.89525
1.89633
1.89733
1.89823
1.89895
1.89945
1.89963
1.89943
1.89875
1.89753
1.89568
1.89317
1.89002
1.8863
1.88216
1.87788
1.87375
1.8701
1.8672
1.86512
1.86374
1.8627
1.86146
1.85939
1.85595
1.85085
1.84425
1.83682
1.82971
1.82413
1.82088
1.81999
1.82082
1.82247
1.82421
1.82566
1.82673
1.82752
1.82819
1.82893
1.82993
1.83138
1.83345
1.83623
1.83969
1.84365
1.8479
1.85216
1.8562
1.85985
1.86302
1.86567
1.86778
1.86936
1.87042
1.87096
1.87098
1.87046
1.86938
1.86776
1.86561
1.86301
1.86008
1.85698
1.85391
1.85106
1.84858
1.84653
1.84489
1.84354
1.8423
1.84096
1.83934
1.83728
1.83466
1.83142
1.82753
1.82299
1.8179
1.81237
1.80663
1.80097
1.79576
1.7914
1.78825
1.7865
1.78613
1.7869
1.78844
1.79036
1.79234
1.79419
1.79587
1.79742
1.79891
1.80038
1.80185
1.80328
1.80456
1.8056
1.80626
1.80645
1.8061
1.80517
1.80372
1.80182
1.79964
1.79739
1.79528
1.79354
1.79234
1.79177
1.79185
1.79253
1.79373
1.79535
1.79732
1.79955
1.80197
1.8045
1.80708
1.80962
1.81206
1.81436
1.81648
1.81837
1.82002
1.8214
1.8225
1.82327
1.82371
1.82378
1.82345
1.8227
1.82152
1.81992
1.81792
1.81556
1.81291
1.81005
1.80708
1.80408
1.80113
1.7983
1.79565
1.79322
1.79112
1.7896
1.7891
1.79018
1.7933
1.79847
1.80516
1.81237
1.8191
1.82456
1.82837
1.83052
1.83122
1.83081
1.82968
1.82817
1.82657
1.82507
1.82378
1.82273
1.82195
1.82144
1.82123
1.82138
1.82196
1.82302
1.82452
1.82634
1.82825
1.82999
1.83129
1.83195
1.83184
1.83093
1.82927
1.82693
1.82404
1.82069
1.81694
1.81284
1.80844
1.80383
1.79918
1.79478
1.79096
1.78806
1.78624
1.7854
1.78522
1.78521
1.78499
1.78444
1.78384
1.78385
1.78522
1.78847
1.79362
1.80013
1.80713
1.81371
1.81916
1.82301
1.82502
1.82513
1.82335
1.81987
1.81495
1.80904
1.80271
1.79655
1.79104
1.78643
1.7827
1.77969
1.77726
1.77534
1.77389
1.77286
1.77215
1.77173
1.77175
1.77258
1.77464
1.77814
1.78294
1.7885
1.79417
1.79931
1.80352
1.80663
1.80866
1.80974
1.81005
1.80977
1.80906
1.80803
1.80674
1.80518
1.8033
1.80101
1.79819
1.79472
1.79058
1.78585
1.78079
1.77586
1.77161
1.76861
1.76729
1.76782
1.77009
1.77373
1.77813
1.7826
1.78644
1.78907
1.7901
1.78938
1.78706
1.78356
1.7796
1.77605
1.77381
1.77352
1.77541
1.77921
1.78428
1.78987
1.79525
1.7999
1.80345
1.80572
1.8067
1.80643
1.80506
1.8028
1.79988
1.79655
1.79305
1.78958
1.78632
1.78337
1.78085
1.77889
1.77773
1.77772
1.77927
1.78267
1.78791
1.79458
1.80199
1.80929
1.81573
1.82076
1.82403
1.82539
1.82483
1.8225
1.81873
1.81408
1.80936
1.80554
1.80354
1.80389
1.80653
1.81074
1.81541
1.81932
1.82143
1.82103
1.81793
1.81258
1.80619
1.80056
1.79752
1.79807
1.80195
1.80799
1.81482
1.82152
1.82772
1.83342
1.83872
1.8436
1.84791
1.85136
1.85357
1.85416
1.85275
1.84903
1.84284
1.83426
1.82372
1.81212
1.80081
1.79133
1.78496
1.78225
1.78278
1.78539
1.78865
1.79129
1.79246
1.79194
1.79013
1.78794
1.78658
1.78708
1.78999
1.79526
1.80242
1.81082
1.81976
1.82859
1.83672
1.84368
1.84916
1.85305
1.85539
1.85637
1.85624
1.85533
1.85391
1.85223
1.85049
1.84883
1.84733
1.84604
1.845
1.84423
1.84376
1.84361
1.84376
1.84418
1.84478
1.84545
1.84599
1.84619
1.8458
1.84456
1.84223
1.83864
1.83372
1.82757
1.82053
1.81319
1.80637
1.80096
1.79773
1.79702
1.79863
1.80188
1.80589
1.8098
1.81302
1.81524
1.81645
1.81683
1.81669
1.8164
1.81628
1.8166
1.81746
1.81885
1.8206
1.82245
1.8241
1.82526
1.8257
1.8253
1.82407
1.82216
1.81986
1.8175
1.81541
1.81377
1.8126
1.81175
1.81097
1.80999
1.80861
1.80676
1.8045
1.80201
1.79955
1.79738
1.79571
1.79462
1.79403
1.79369
1.79324
1.79234
1.79068
1.78816
1.78481
1.78089
1.77676
1.77282
1.76944
1.76683
1.76508
1.76415
1.76391
1.76421
1.76496
1.76606
1.76746
1.76911
1.77094
1.77286
1.77478
1.7766
1.77823
1.77962
1.78073
1.78156
1.78211
1.78239
1.78236
1.78197
1.78115
1.77983
1.77799
1.77573
1.77329
1.77107
1.76959
1.76934
1.7706
1.77336
1.77729
1.78187
1.78654
1.79084
1.79447
1.79726
1.79914
1.80011
1.80019
1.79941
1.79779
1.79536
1.79216
1.78827
1.78378
1.77885
1.77364
1.76837
1.76326
1.75852
1.75433
1.75084
1.74815
1.74633
1.74546
1.74563
1.74701
1.74979
1.75408
1.7598
1.76661
1.77394
1.78107
1.78731
1.79205
1.79483
1.79533
1.79339
1.78902
1.78263
1.77517
1.76825
1.76378
1.76319
1.76669
1.77313
1.78069
1.78776
1.7934
1.79739
1.80004
1.80187
1.80347
1.80534
1.80773
1.81069
1.81402
1.81737
1.82039
1.82271
1.82407
1.82427
1.8232
1.82085
1.81727
1.81266
1.8073
1.8016
1.79603
1.79105
1.78703
1.78417
1.78247
1.78176
1.78178
1.78221
1.78276
1.78318
1.78332
1.78313
1.78268
1.78227
1.78233
1.78342
1.78605
1.7905
1.79672
1.80433
1.81275
1.82133
1.82952
1.83685
1.84305
1.84799
1.85167
1.85415
1.85556
1.85606
1.85578
1.85489
1.8535
1.85175
1.84975
1.84765
1.8456
1.84373
1.8422
1.84114
1.84063
1.84068
1.84123
1.84216
1.8433
1.84445
1.84541
1.84598
1.84598
1.84525
1.84366
1.84112
1.8376
1.83313
1.82783
1.82188
1.81555
1.80914
1.80294
1.79718
1.79202
1.78753
1.78381
1.781
1.77937
1.77919
1.78064
1.78366
1.78791
1.79286
1.79797
1.80276
1.80692
1.81028
1.81278
1.81445
1.81533
1.81549
1.815
1.81397
1.81252
1.81079
1.80898
1.80727
1.80585
1.80486
1.80437
1.80439
1.80489
1.80577
1.80694
1.80833
1.80986
1.8115
1.8132
1.8149
1.81654
1.81803
1.81927
1.82017
1.82064
1.82062
1.82004
1.81883
1.81695
1.81435
1.81098
1.80682
1.8019
1.7963
1.79024
1.78401
1.77799
1.77258
1.76809
1.76474
1.76268
1.7621
1.76324
1.76635
1.77145
1.77817
1.78577
1.7933
1.79984
1.8047
1.80746
1.80804
1.80666
1.80392
1.80074
1.79827
1.79752
1.79903
1.80266
1.80768
1.81314
1.8182
1.82231
1.82522
1.82691
1.82746
1.82702
1.82574
1.82377
1.82125
1.81829
1.81502
1.81153
1.80791
1.80423
1.80049
1.79669
1.79279
1.78873
1.78449
1.78012
1.77581
1.77192
1.76893
1.76737
1.76762
1.76983
1.7738
1.77908
1.7851
1.79132
1.79736
1.80297
1.80805
1.8126
1.81665
1.82025
1.82347
1.82635
1.82895
1.8313
1.83344
1.83539
1.83716
1.83878
1.84024
1.84154
1.84267
1.84362
1.84438
1.84491
1.84521
1.84524
1.84499
1.84443
1.84354
1.84226
1.84055
1.83836
1.83562
1.83225
1.82824
1.82357
1.81835
1.8128
1.80727
1.80228
1.79846
1.7965
1.79691
1.79992
1.80529
1.81241
1.82046
1.82862
1.83627
1.84303
1.84871
1.85334
1.857
1.85988
1.86212
1.86389
1.86531
1.86645
1.86733
1.86793
1.86818
1.86799
1.86722
1.86575
1.86344
1.86018
1.85593
1.85072
1.84469
1.83811
1.83141
1.82512
1.81985
1.81617
1.81457
1.81532
1.81839
1.82353
1.83024
1.83794
1.84599
1.85383
1.86101
1.86717
1.8721
1.87571
1.87799
1.87899
1.87884
1.87768
1.87567
1.87297
1.86976
1.86619
1.8624
1.85853
1.85471
1.85105
1.84772
1.84488
1.84277
1.8416
1.84158
1.84277
1.84507
1.84821
1.85178
1.85531
1.85839
1.8607
1.86204
1.86232
1.86157
1.85988
1.85743
1.8544
1.85099
1.84738
1.84373
1.84017
1.83682
1.83379
1.83117
1.82905
1.82753
1.82669
1.82659
1.82728
1.82876
1.83102
1.83396
1.83744
1.84127
1.84523
1.8491
1.85267
1.85576
1.85824
1.86001
1.86102
1.86126
1.86072
1.85945
1.85753
1.85508
1.85224
1.8492
1.84617
1.84339
1.84104
1.83928
1.83814
1.83755
1.83724
1.83681
1.83576
1.83358
1.83
1.82519
1.81997
1.81584
1.81447
1.81693
1.82303
1.83147
1.84052
1.84873
1.85532
1.86007
1.8631
1.86474
1.86532
1.86519
1.86466
1.86398
1.86336
1.86293
1.86276
1.86283
1.86304
1.86327
1.86336
1.86315
1.8625
1.86131
1.85954
1.85718
1.85431
1.85107
1.84768
1.84442
1.84159
1.83947
1.83827
1.8381
1.83892
1.8406
1.84292
1.84563
1.84848
1.85121
1.85354
1.85516
1.85575
1.85494
1.85236
1.84778
1.84126
1.8334
1.82553
1.81954
1.81722
1.81935
1.82522
1.83312
1.84125
1.84835
1.85394
1.85812
1.8613
1.86401
1.86673
1.86981
1.87338
1.87739
1.88159
1.88562
1.88903
1.89139
1.89232
1.89158
1.88916
1.88535
1.88082
1.87647
1.8732
1.8715
1.87114
1.87128
1.87079
1.86866
1.86421
1.85718
1.84763
1.83582
1.82224
1.80753
1.79258
1.77861
1.76719
1.7601
1.75889
1.76434
1.77597
1.79207
1.81027
1.8283
1.84451
1.85802
1.86859
1.87637
1.88171
1.885
1.88663
1.88694
1.88622
1.88471
1.8826
1.88007
1.87725
1.87426
1.87121
1.86818
1.86527
1.86255
1.86009
1.85792
1.85606
1.85446
1.85303
1.85164
1.85014
1.84837
1.84618
1.84349
1.84025
1.83656
1.83259
1.8286
1.82494
1.82193
1.8198
1.81862
1.81829
1.81858
1.81915
1.8197
1.81998
1.81983
1.81921
1.81816
1.81679
1.81521
1.81353
1.8118
1.80999
1.808
1.80563
1.80268
1.7989
1.79415
1.78849
1.78234
1.77659
1.77248
1.77124
1.77345
1.77873
1.78591
1.79359
1.80066
1.80648
1.81087
1.81392
1.81587
1.81698
1.8175
1.81763
1.81752
1.81728
1.81698
1.81667
1.81636
1.81605
1.81574
1.81542
1.81508
1.81469
1.81426
1.81377
1.81322
1.8126
1.81188
1.81105
1.81007
1.8089
1.8075
1.80585
1.80388
1.80158
1.79891
1.79587
1.79247
1.78879
1.78495
1.78115
1.77765
1.77472
1.77262
1.77148
1.77129
1.7719
1.7731
1.7747
1.77661
1.77885
1.7815
1.78461
1.78811
1.79184
1.7955
1.7988
1.80144
1.8032
1.80393
1.80352
1.80191
1.79907
1.79499
1.78972
1.7834
1.7763
1.7689
1.76186
1.75598
1.75202
1.7505
1.75151
1.75467
1.75926
1.76446
1.76954
1.77401
1.77758
1.7802
1.78193
1.78295
1.78349
1.78377
1.78401
1.78436
1.78491
1.78564
1.78643
1.78709
1.78735
1.78692
1.78548
1.7827
1.77828
1.77197
1.76367
1.75352
1.74215
1.73076
1.7211
1.71501
1.71374
1.71737
1.72485
1.73462
1.74523
1.7556
1.76502
1.77298
1.77909
1.78303
1.78455
1.78347
1.7798
1.77381
1.76615
1.75791
1.75057
1.74567
1.74434
1.74688
1.75265
1.76036
1.76859
1.77617
1.78238
1.7869
1.78969
1.79089
1.79065
1.78918
1.78663
1.78318
1.77904
1.77442
1.7696
1.76486
1.76049
1.75673
1.75376
1.75166
1.7505
1.75031
1.75111
1.75295
1.75574
1.75931
1.7633
1.76724
1.77066
1.77314
1.77438
1.77425
1.77271
1.76984
1.76583
1.76094
1.75553
1.75011
1.74531
1.7419
1.7405
1.74146
1.74463
1.74944
1.75509
1.76084
1.76618
1.77082
1.7747
1.77783
1.78029
1.78217
1.78353
1.78444
1.78495
1.7851
1.78496
1.78459
1.78405
1.78341
1.78272
1.78205
1.78144
1.7809
1.78046
1.78012
1.77987
1.77968
1.77951
1.7793
1.77899
1.77852
1.77786
1.77703
1.77614
1.77534
1.77484
1.77487
1.77558
1.77708
1.77934
1.78225
1.78566
1.78935
1.79312
1.79681
1.80025
1.80334
1.806
1.8082
1.80992
1.81118
1.812
1.81242
1.8125
1.81229
1.81185
1.81122
1.81046
1.80957
1.80854
1.80733
1.80585
1.80395
1.80145
1.79816
1.79394
1.78878
1.78292
1.77692
1.77161
1.76774
1.76569
1.76514
1.76524
1.76515
1.76457
1.76397
1.76448
1.7673
1.77311
1.7817
1.79214
1.80319
1.81373
1.82306
1.83084
1.83704
1.84177
1.84524
1.84765
1.84915
1.84989
1.84993
1.8493
1.848
1.84599
1.84322
1.83963
1.83518
1.82985
1.82367
1.81674
1.80925
1.8015
1.79393
1.78711
1.78168
1.77823
1.77709
1.77826
1.78136
1.7858
1.79098
1.79637
1.80161
1.80645
1.81068
1.81416
1.81673
1.81831
1.81884
1.81836
1.81699
1.8149
1.81237
1.80971
1.80724
1.80527
1.80405
1.80373
1.80436
1.80583
1.80794
1.8104
1.81288
1.81505
1.81666
1.81754
1.8176
1.81689
1.81554
1.81377
1.81187
1.81012
1.80875
1.8079
1.80757
1.80762
1.80787
1.80808
1.80803
1.80761
1.80679
1.80565
1.80435
1.8031
1.80205
1.80122
1.80043
1.79932
1.79747
1.79451
1.7904
1.78557
1.78091
1.77759
1.77654
1.77802
1.78155
1.78618
1.791
1.7954
1.79917
1.80235
1.80511
1.80761
1.80999
1.81227
1.81443
1.81641
1.81814
1.81955
1.8206
1.82128
1.82158
1.82155
1.82121
1.82058
1.81968
1.81853
1.8171
1.81539
1.81336
1.81102
1.8084
1.80563
1.8029
1.80049
1.79867
1.7977
1.79765
1.79839
1.7996
1.80081
1.80152
1.80126
1.79967
1.79655
1.79193
1.78615
1.77991
1.7743
1.77049
1.76945
1.77153
1.77638
1.78315
1.79086
1.79865
1.80591
1.81227
1.81751
1.82153
1.82428
1.82579
1.82608
1.82525
1.82341
1.82075
1.81752
1.81404
1.81067
1.80775
1.80553
1.80414
1.80358
1.80369
1.80425
1.80494
1.80547
1.80558
1.80515
1.80426
1.80323
1.80251
1.80249
1.80328
1.80462
1.80595
1.8066
1.80605
1.80403
1.80059
1.79608
1.79107
1.78628
1.78245
1.78016
1.77971
1.78108
1.78392
1.7877
1.79185
1.79589
1.79948
1.80245
1.80476
1.80648
1.80773
1.80867
1.80945
1.81021
1.81107
1.81208
1.81328
1.81466
1.81617
1.81776
1.81937
1.82094
1.8224
1.82371
1.82483
1.82573
1.82639
1.8268
1.82694
1.82679
1.82635
1.82561
1.82454
1.82315
1.82144
1.81942
1.81712
1.8146
1.81195
1.80931
1.80683
1.80467
1.80302
1.80203
1.80178
1.80231
1.80357
1.80544
1.80774
1.81028
1.81283
1.81518
1.81714
1.81851
1.81911
1.81878
1.81736
1.81472
1.81082
1.80568
1.79952
1.79276
1.78607
1.78036
1.7766
1.77551
1.77735
1.78176
1.788
1.7952
1.80257
1.80953
1.81571
1.82082
1.82466
1.82711
1.82809
1.8276
1.82571
1.82261
1.81858
1.81404
1.8094
1.80512
1.80151
1.79875
1.79679
1.79543
1.79437
1.79331
1.79209
1.79075
1.78955
1.78894
1.7894
1.79126
1.79456
1.79903
1.80418
1.80948
1.81447
1.81883
1.82239
1.82507
1.82686
1.82778
1.82786
1.82712
1.82556
1.82317
1.81994
1.81585
1.81089
1.80507
1.79853
1.79154
1.78465
1.77871
1.77472
1.77348
1.77524
1.7795
1.78521
1.79117
1.79642
1.8004
1.80294
1.80407
1.80401
1.803
1.80132
1.79924
1.79698
1.79475
1.79271
1.79095
1.78952
1.78839
1.78752
1.78682
1.78622
1.78564
1.78503
1.78439
1.78372
1.78305
1.78243
1.78191
1.78156
1.7814
1.78148
1.78182
1.7824
1.78322
1.78423
1.7854
1.78666
1.78795
1.78921
1.79036
1.79132
1.79197
1.79223
1.79196
1.79104
1.78936
1.78681
1.78333
1.77896
1.77387
1.76839
1.76299
1.75826
1.75476
1.75286
1.75266
1.75397
1.75639
1.75945
1.76274
1.76593
1.76885
1.77143
1.77367
1.77566
1.77747
1.77919
1.78088
1.78259
1.78433
1.78608
1.78778
1.78937
1.79073
1.79175
1.79228
1.79216
1.79119
1.78917
1.78591
1.78124
1.77517
1.76797
1.76029
1.75319
1.74786
1.74525
1.7456
1.74838
1.75254
1.75704
1.76111
1.76442
1.7669
1.76868
1.76994
1.77087
1.7716
1.77221
1.77277
1.77328
1.77375
1.77419
1.7746
1.77501
1.77542
1.77589
1.77645
1.77711
1.7779
1.77881
1.7798
1.78079
1.78169
1.78237
1.78269
1.78247
1.78155
1.77974
1.77689
1.7729
1.76777
1.76167
1.75496
1.74823
1.74227
1.7379
1.73584
1.73649
1.73978
1.74523
1.75205
1.7594
1.76653
1.77295
1.77839
1.78276
1.7861
1.78847
1.78998
1.79068
1.79065
1.78993
1.78856
1.78658
1.78405
1.78107
1.77777
1.77433
1.77097
1.76793
1.76541
1.76359
1.76255
1.76228
1.7627
1.76368
1.76504
1.76664
1.7683
1.76988
1.77125
1.77227
1.77287
1.77301
1.77273
1.77215
1.77147
1.77093
1.77074
1.77103
1.7718
1.77293
1.77421
1.77539
1.77626
1.77672
1.77683
1.77682
1.77705
1.77793
1.7798
1.78277
1.78673
1.79133
1.79613
1.80072
1.80481
1.80823
1.8109
1.81285
1.81414
1.81484
1.81503
1.81478
1.81417
1.81326
1.81212
1.81081
1.80943
1.80804
1.80674
1.80556
1.8045
1.80348
1.80235
1.80094
1.79907
1.79672
1.7941
1.7917
1.79025
1.79048
1.79282
1.79716
1.80293
1.80929
1.81546
1.82091
1.82534
1.8287
1.83108
1.83261
1.83344
1.83371
1.83355
1.83303
1.83221
1.83113
1.82977
1.82811
1.82611
1.82373
1.82091
1.81763
1.81389
1.80973
1.80526
1.80061
1.79596
1.7915
1.78743
1.78392
1.78108
1.77896
1.77755
1.77676
1.77644
1.77644
1.77666
1.77703
1.77758
1.77843
1.77973
1.78163
1.78423
1.78755
1.7915
1.79593
1.80061
1.80528
1.8097
1.81363
1.81688
1.81932
1.82085
1.82146
1.82117
1.82005
1.81823
1.81587
1.81314
1.81019
1.80711
1.80388
1.80042
1.7966
1.79234
1.78765
1.78272
1.77786
1.77345
1.76985
1.76731
1.76591
1.76553
1.76589
1.7666
1.76729
1.76774
1.76798
1.76832
1.76918
1.77094
1.77371
1.77729
1.78125
1.78511
1.78857
1.79149
1.79394
1.79609
1.7981
1.80009
1.80208
1.804
1.80575
1.8072
1.80828
1.80892
1.80914
1.80897
1.80852
1.80791
1.80725
1.80667
1.80627
1.8061
1.80616
1.80641
1.80678
1.80715
1.8074
1.80737
1.80695
1.80599
1.80434
1.80187
1.7984
1.79376
1.78796
1.78132
1.77477
1.76984
1.76822
1.77093
1.7776
1.78662
1.79594
1.80394
1.80972
1.81305
1.81416
1.81356
1.8119
1.80988
1.80819
1.80734
1.80758
1.80884
1.81082
1.81313
1.81547
1.81767
1.81974
1.82179
1.82393
1.82625
1.82873
1.8313
1.83381
1.83615
1.83818
1.83986
1.84115
1.84206
1.8426
1.84282
1.84275
1.84243
1.84191
1.84127
1.84058
1.83993
1.83941
1.83904
1.83881
1.83864
1.83839
1.83795
1.83721
1.83613
1.83476
1.83328
1.83194
1.83109
1.83102
1.83199
1.83403
1.83702
1.84061
1.8444
1.84795
1.85089
1.85295
1.85393
1.85373
1.85227
1.84956
1.84578
1.84142
1.83736
1.83486
1.83505
1.83839
1.84426
1.85124
1.85773
1.86251
1.86496
1.86501
1.86295
1.85921
1.8542
1.84823
1.84139
1.83367
1.82509
1.81594
1.807
1.79959
1.79543
1.796
1.80184
1.8122
1.82531
1.83901
1.85153
1.86171
1.86904
1.87352
1.87543
1.87528
1.87365
1.87116
1.86833
1.86552
1.86289
1.86041
1.85793
1.85526
1.8523
1.84906
1.84563
1.84222
1.83902
1.83625
1.83406
1.83261
1.83197
1.83218
1.83317
1.83481
1.83689
1.8392
1.84154
1.84379
1.84591
1.84792
1.84987
1.85177
1.85361
1.85532
1.85679
1.85788
1.85849
1.85854
1.85796
1.85677
1.85498
1.85268
1.84995
1.84692
1.84372
1.8405
1.83739
1.83449
1.83188
1.82958
1.82758
1.82582
1.82426
1.82285
1.82157
1.82045
1.8196
1.81913
1.81921
1.81997
1.82148
1.8237
1.82647
1.82949
1.8324
1.83481
1.8364
1.83693
1.83628
1.83442
1.83146
1.82762
1.82319
1.81857
1.81422
1.81062
1.80823
1.80741
1.80835
1.81102
1.81513
1.82022
1.82573
1.83108
1.83578
1.83946
1.84187
1.8429
1.84255
1.84092
1.83817
1.83451
1.83026
1.82579
1.82164
1.81844
1.81684
1.81724
1.81969
1.82376
1.82877
1.83395
1.83872
1.84275
1.84591
1.84825
1.84987
1.85092
1.85152
1.8518
1.85182
1.85164
1.85128
1.85072
1.84997
1.84897
1.84769
1.84609
1.84412
1.84175
1.839
1.8359
1.83254
1.82907
1.82569
1.82259
1.81994
1.81783
1.81626
1.81516
1.8145
1.81433
1.81487
1.81642
1.81922
1.82328
1.82831
1.83378
1.83907
1.84367
1.84721
1.84955
1.85068
1.85071
1.84983
1.84827
1.84627
1.8441
1.842
1.8402
1.83884
1.838
1.83765
1.83769
1.83797
1.83831
1.83857
1.83867
1.83859
1.83842
1.83828
1.83832
1.83867
1.83942
1.84056
1.84205
1.84377
1.84564
1.84758
1.84956
1.85165
1.85393
1.85648
1.85936
1.86252
1.86584
1.86914
1.87221
1.87486
1.87695
1.87836
1.87907
1.87906
1.87836
1.87701
1.87509
1.87269
1.86988
1.86679
1.86349
1.86006
1.85657
1.85308
1.84964
1.84634
1.84326
1.84053
1.83825
1.83647
1.83516
1.83422
1.83352
1.83294
1.83244
1.83204
1.83183
1.83189
1.83227
1.83292
1.83365
1.83422
1.8344
1.83397
1.83288
1.8312
1.82918
1.82717
1.82555
1.82467
1.82474
1.82579
1.8277
1.83024
1.83315
1.83616
1.83907
1.84168
1.84388
1.84556
1.84664
1.84707
1.84683
1.84593
1.84443
1.84243
1.84006
1.83746
1.83476
1.83202
1.82921
1.82624
1.82303
1.81959
1.81619
1.81334
1.81172
1.81196
1.81432
1.81856
1.82403
1.82996
1.83563
1.84059
1.84465
1.84776
1.85
1.85148
1.85231
1.85254
1.85222
1.8513
1.84971
1.84734
1.84405
1.83975
1.83444
1.82831
1.82182
1.81567
1.81069
1.80759
1.80667
1.80774
1.81028
1.8137
1.81759
1.82179
1.82637
1.83146
1.83719
1.84356
1.85045
1.85763
1.86482
1.87174
1.87814
1.88384
1.88872
1.8927
1.8958
1.89805
1.89952
1.90034
1.90063
1.90051
1.90013
1.89957
1.89888
1.89802
1.8969
1.89531
1.89299
1.88965
1.88503
1.87902
1.87181
1.864
1.85665
1.8511
1.84847
1.84919
1.85275
1.85791
1.86325
1.86771
1.87095
1.87331
1.87558
1.87847
1.8822
1.88624
1.88969
1.89168
1.89196
1.89109
1.89037
1.89129
1.89477
1.90076
1.90824
1.91588
1.92255
1.9276
1.93086
1.93245
1.93267
1.93187
1.93043
1.92871
1.92705
1.92569
1.92479
1.92436
1.92422
1.92401
1.92318
1.9211
1.91706
1.91042
1.90065
1.88745
1.87087
1.85145
1.83037
1.80959
1.79181
1.78001
1.77643
1.78149
1.79351
1.80953
1.82648
1.8421
1.85507
1.86488
1.87158
1.87555
1.87735
1.87759
1.87684
1.87546
1.87359
1.87108
1.86758
1.86264
1.85587
1.84719
1.83711
1.82693
1.81867
1.81432
1.81494
1.81997
1.82766
1.836
1.8435
1.84941
1.85357
1.85612
1.8573
1.8574
1.85663
1.8552
1.85324
1.85088
1.84824
1.8454
1.84246
1.83951
1.83663
1.83389
1.83136
1.82907
1.82705
1.8253
1.82377
1.82244
1.82122
1.82006
1.81888
1.8176
1.81619
1.81458
1.81277
1.81076
1.80858
1.80628
1.80394
1.80166
1.79954
1.79768
1.79618
1.79509
1.79447
1.79432
1.79464
1.79538
1.79648
1.79787
1.79947
1.80118
1.80294
1.80471
1.80648
1.80826
1.8101
1.81205
1.81417
1.81647
1.81895
1.82156
1.82423
1.82686
1.82936
1.83163
1.8336
1.83521
1.83643
1.83724
1.83763
1.83761
1.8372
1.83642
1.83531
1.83389
1.83222
1.83036
1.82839
1.82639
1.82442
1.82255
1.82082
1.81923
1.81777
1.81639
1.81507
1.8138
1.81264
1.81169
1.8111
1.81107
1.81178
1.81337
1.81589
1.81927
1.82333
1.82785
1.83257
1.83725
1.8417
1.84581
1.84951
1.85276
1.85557
1.85792
1.85983
1.86128
1.86226
1.86276
1.86274
1.86219
1.86111
1.85953
1.85754
1.85528
1.85294
1.85076
1.84896
1.84769
1.84702
1.84692
1.84728
1.84798
1.84892
1.85008
1.85146
1.85315
1.85521
1.85767
1.8605
1.86358
1.86674
1.86976
1.87242
1.87452
1.87591
1.87649
1.87625
1.87522
1.87355
1.87143
1.86911
1.86687
1.86493
1.86342
1.86232
1.86152
1.86077
1.85984
1.85852
1.8567
1.85436
1.85157
1.84846
1.84512
1.84164
1.83799
1.83408
1.82983
1.82518
1.82016
1.81489
1.80955
1.80443
1.79992
1.79652
1.79477
1.79509
1.79765
1.80233
1.80877
1.81652
1.82504
1.8338
1.84231
1.85016
1.85706
1.86284
1.86744
1.87083
1.87301
1.8739
1.87332
1.87098
1.86644
1.85917
1.8487
1.83494
1.81874
1.80235
1.78913
1.78207
1.78191
1.78676
1.79372
1.80065
1.80676
1.81214
1.81717
1.82201
1.82661
1.83073
1.83409
1.83651
1.83786
1.83815
1.83746
1.83595
1.83382
1.83136
1.82888
1.82664
1.82487
1.82367
1.82296
1.82255
1.82218
1.82152
1.8203
1.8183
1.81539
1.8116
1.80717
1.8026
1.7987
1.7964
1.79651
1.79935
1.80458
1.81134
1.81863
1.82555
1.83152
1.83626
1.83969
1.84187
1.8429
1.84289
1.84196
1.84021
1.83772
1.83458
1.83089
1.82676
1.82228
1.81761
1.8129
1.80838
1.80432
1.80105
1.79898
1.79852
1.80001
1.80358
1.80916
1.81638
1.82471
1.83353
1.84225
1.85038
1.85754
1.86347
1.86797
1.87086
1.87195
1.87098
1.86764
1.8616
1.85264
1.8409
1.82725
1.81364
1.80287
1.79756
1.79871
1.80501
1.81367
1.82208
1.82885
1.83412
1.83912
1.84527
1.85336
1.86303
1.8731
1.88218
1.88917
1.89334
1.89425
1.89146
1.88452
1.87301
1.85715
1.83861
1.82124
1.81004
1.80817
1.81441
1.82437
1.83377
1.84057
1.84479
1.84751
1.84989
1.85271
1.85626
1.86049
1.8651
1.86976
1.87413
1.87794
1.88094
1.88296
1.88397
1.88404
1.88335
1.88223
1.881
1.88
1.87943
1.87933
1.87957
1.87994
1.88013
1.87992
1.87914
1.87775
1.87577
1.87326
1.8703
1.867
1.86357
1.86039
1.85803
1.8571
1.85801
1.86075
1.86484
1.8695
1.87394
1.87758
1.88007
1.88133
1.88142
1.8805
1.87876
1.87638
1.87359
1.87058
1.8676
1.8649
1.86277
1.86149
1.86125
1.86213
1.86407
1.86682
1.87005
1.87339
1.87651
1.87916
1.88116
1.88243
1.88294
1.88271
1.88178
1.88023
1.87813
1.87556
1.8726
1.86934
1.86589
1.86244
1.85927
1.85679
1.85547
1.85575
1.85782
1.86158
1.86663
1.87243
1.87846
1.88428
1.88964
1.89432
1.89819
1.90111
1.90297
1.90365
1.90307
1.90119
1.89797
1.89345
1.88773
1.881
1.8736
1.86605
1.85897
1.85303
1.8488
1.8465
1.84596
1.84664
1.84778
1.84867
1.84877
1.84787
1.84607
1.84376
1.84147
1.83979
1.83916
1.83983
1.84184
1.84508
1.84939
1.85465
1.86072
1.86746
1.87461
1.88179
1.88853
1.89431
1.89865
1.90114
1.9015
1.89953
1.89517
1.88843
1.87944
1.86842
1.85575
1.84204
1.8282
1.81544
1.80519
1.79877
1.79697
1.79978
1.80637
1.81536
1.8252
1.83461
1.84277
1.84929
1.85418
1.85762
1.85991
1.86129
1.86196
1.86205
1.8616
1.86062
1.85911
1.85709
1.85459
1.85173
1.84861
1.84541
1.8423
1.83944
1.83698
1.83502
1.83359
1.83264
1.83204
1.8316
1.83109
1.83028
1.82898
1.82703
1.82439
1.82107
1.81717
1.8129
1.80856
1.80455
1.80128
1.79912
1.79834
1.799
1.80097
1.80394
1.80753
1.81139
1.8152
1.81875
1.82193
1.82469
1.82701
1.82893
1.83047
1.83167
1.83253
1.83307
1.83329
1.83318
1.83271
1.83185
1.83059
1.82891
1.82682
1.82436
1.82161
1.81872
1.81588
1.81334
1.81134
1.81006
1.80963
1.81002
1.81107
1.81254
1.81414
1.8156
1.81671
1.81736
1.81753
1.81727
1.81668
1.81586
1.81495
1.81412
1.81355
1.81341
1.81382
1.81479
1.81621
1.81784
1.81937
1.82049
1.82093
1.82051
1.81923
1.81727
1.815
1.81292
1.81152
1.8112
1.81207
1.81402
1.81679
1.82003
1.82347
1.82692
1.83028
1.8335
1.83653
1.8393
1.84169
1.84348
1.84445
1.84438
1.84316
1.84092
1.83812
1.83554
1.83407
1.83437
1.83649
1.83981
1.84329
1.84586
1.84676
1.84561
1.84238
1.83729
1.83067
1.8229
1.81431
1.80518
1.79569
1.78596
1.77618
1.7666
1.75773
1.75035
1.74552
1.74435
1.74754
1.75493
1.76537
1.77713
1.78847
1.7982
1.80572
1.81088
1.81378
1.81457
1.81344
1.81067
1.80676
1.80251
1.79892
1.79696
1.79728
1.80005
1.80499
1.8115
1.8189
1.8265
1.83372
1.84013
1.84548
1.84969
1.85279
1.85488
1.85611
1.85664
1.85662
1.85617
1.85542
1.85445
1.85335
1.85219
1.85103
1.8499
1.84883
1.84786
1.84696
1.84614
1.84536
1.84458
1.84377
1.84287
1.84185
1.84069
1.83936
1.83787
1.83625
1.83453
1.83278
1.8311
1.82962
1.82845
1.82775
1.82764
1.82818
1.8294
1.83125
1.83361
1.83631
1.83915
1.84191
1.8444
1.84648
1.84802
1.84895
1.84921
1.84876
1.84761
1.84578
1.84336
1.8405
1.83744
1.8345
1.83199
1.83022
1.82934
1.82942
1.83035
1.83197
1.83406
1.83635
1.83856
1.84042
1.84171
1.84229
1.84224
1.84177
1.84124
1.84103
1.84148
1.84279
1.84499
1.848
1.85158
1.85545
1.85928
1.86279
1.86574
1.86797
1.86939
1.86998
1.86978
1.86886
1.86732
1.86527
1.86282
1.86007
1.8571
1.85394
1.85062
1.84714
1.84347
1.83964
1.83571
1.83183
1.82821
1.82513
1.82282
1.82144
1.82104
1.82155
1.82292
1.82508
1.82792
1.83126
1.83485
1.83833
1.84137
1.84371
1.84521
1.84587
1.84581
1.84522
1.84434
1.84339
1.84254
1.84188
1.84137
1.84093
1.84042
1.83972
1.83873
1.83746
1.83599
1.83445
1.83298
1.83171
1.83066
1.82978
1.82891
1.82785
1.82654
1.8251
1.82394
1.82365
1.82474
1.82739
1.83129
1.83576
1.84
1.84331
1.84522
1.84545
1.8439
1.84053
1.83542
1.82883
1.82135
1.81403
1.80832
1.80562
1.80667
1.81111
1.81764
1.82472
1.83106
1.83597
1.83923
1.84093
1.84132
1.84066
1.8392
1.83713
1.83468
1.83207
1.82961
1.82768
1.82666
1.82687
1.82843
1.83125
1.83499
1.83926
1.84367
1.84799
1.85216
1.85623
1.8603
1.86446
1.86868
1.87289
1.87694
1.88069
1.88403
1.88685
1.88911
1.89079
1.89187
1.89233
1.89214
1.8912
1.88938
1.88648
1.88223
1.87627
1.86824
1.8579
1.84544
1.83187
1.81918
1.81001
1.80634
1.80835
1.81433
1.82189
1.82921
1.8355
1.84072
1.84517
1.84912
1.85268
1.85585
1.85855
1.86071
1.86233
1.86347
1.86426
1.86484
1.86535
1.86588
1.86644
1.86697
1.86735
1.8674
1.86693
1.8658
1.86396
1.86142
1.85835
1.85497
1.85157
1.84843
1.84577
1.8437
1.84222
1.84123
1.84063
1.84029
1.84008
1.8399
1.83968
1.83935
1.83888
1.83833
1.83782
1.83756
1.83778
1.83869
1.84041
1.84293
1.84614
1.84981
1.85372
1.85767
1.8615
1.86512
1.86846
1.8715
1.87421
1.87655
1.87848
1.87992
1.8808
1.88097
1.88032
1.87867
1.87588
1.8718
1.86634
1.85947
1.85128
1.84199
1.83196
1.82164
1.8115
1.80198
1.7934
1.78596
1.77984
1.77522
1.77245
1.77199
1.77433
1.77977
1.78825
1.79924
1.81191
1.82523
1.83821
1.85006
1.86025
1.86854
1.87486
1.87931
1.88206
1.88331
1.88324
1.88202
1.87975
1.87655
1.87251
1.86778
1.86255
1.85714
1.85194
1.84737
1.8438
1.84146
1.84034
1.84024
1.84086
1.8419
1.84316
1.84448
1.8458
1.84705
1.8481
1.84878
1.84883
1.84793
1.84575
1.84196
1.83633
1.82887
1.81992
1.81036
1.80146
1.79464
1.79094
1.79069
1.79359
1.79905
1.80651
1.81542
1.82509
1.83478
1.84376
1.85154
1.85787
1.86271
1.86617
1.86839
1.86953
1.86966
1.86881
1.86693
1.86393
1.85969
1.85411
1.84718
1.83913
1.83048
1.82213
1.8152
1.81071
1.80922
1.81057
1.81406
1.81876
1.82393
1.82913
1.83418
1.83908
1.84381
1.84825
1.85222
1.85543
1.8576
1.85845
1.85777
1.8554
1.8513
1.84561
1.83867
1.83117
1.82402
1.81817
1.81424
1.81227
1.81165
1.81147
1.81092
1.80964
1.80774
1.80576
1.80439
1.80425
1.80565
1.80855
1.81256
1.81709
1.82157
1.82548
1.8285
1.83048
1.83144
1.83154
1.83105
1.83027
1.82955
1.82913
1.82916
1.82968
1.83058
1.83169
1.83283
1.83383
1.83461
1.83512
1.83534
1.83532
1.8351
1.83471
1.83418
1.83352
1.83275
1.83184
1.83079
1.82957
1.82815
1.82651
1.8246
1.82239
1.81986
1.817
1.8139
1.81071
1.80769
1.80519
1.80354
1.80302
1.8037
1.80545
1.80794
1.81072
1.81336
1.81549
1.81682
1.81721
1.81662
1.81511
1.81292
1.81038
1.80796
1.80613
1.80528
1.80555
1.80676
1.80853
1.8103
1.81156
1.81186
1.81093
1.80862
1.80498
1.80017
1.79452
1.78847
1.78252
1.77715
1.77271
1.76935
1.76707
1.7658
1.76544
1.76599
1.76745
1.76981
1.77291
1.77651
1.78028
1.78389
1.78715
1.78996
1.79241
1.79462
1.79673
1.79886
1.80103
1.8032
1.80529
1.8072
1.80885
1.81018
1.8112
1.81192
1.8124
1.81273
1.81301
1.81333
1.81381
1.81454
1.8156
1.81705
1.81891
1.82118
1.82383
1.82682
1.83006
1.83346
1.83692
1.84032
1.84353
1.84641
1.84883
1.85063
1.85168
1.85183
1.85097
1.84901
1.84592
1.84177
1.83671
1.83102
1.82506
1.81927
1.81409
1.8099
1.80695
1.80537
1.80513
1.80613
1.80821
1.81126
1.81517
1.81988
1.82537
1.83158
1.83838
1.8456
1.85296
1.86013
1.86678
1.8726
1.87732
1.88074
1.88274
1.88323
1.88217
1.87955
1.87539
1.86975
1.86275
1.85461
1.84568
1.83652
1.82785
1.82054
1.81543
1.81314
1.81393
1.81763
1.82362
1.83103
1.83889
1.84629
1.85249
1.857
1.85959
1.86025
1.85915
1.85664
1.85317
1.8493
1.84557
1.84244
1.84018
1.83885
1.83826
1.83805
1.83774
1.83686
1.83496
1.83169
1.82681
1.82037
1.81274
1.80483
1.79799
1.79373
1.79308
1.79612
1.80186
1.80881
1.81553
1.82104
1.82485
1.82683
1.82708
1.82579
1.82319
1.81961
1.81541
1.81108
1.80712
1.80402
1.80214
1.80158
1.80223
1.80376
1.80578
1.80792
1.80993
1.81163
1.81294
1.81387
1.81444
1.81468
1.81464
1.81436
1.81388
1.81324
1.81247
1.81158
1.81061
1.80954
1.80836
1.80703
1.80549
1.80369
1.8016
1.79924
1.79667
1.79404
1.79155
1.78946
1.78802
1.7874
1.78767
1.78878
1.79055
1.79274
1.79506
1.79727
1.79915
1.80059
1.80153
1.80201
1.80212
1.80204
1.80196
1.80208
1.80255
1.80346
1.80481
1.80651
1.80843
1.81039
1.81227
1.81395
1.81537
1.8165
1.81736
1.81796
1.81834
1.81852
1.81851
1.81833
1.81796
1.81739
1.81658
1.81552
1.81415
1.81242
1.81028
1.80766
1.8045
1.80076
1.79649
1.79181
1.78705
1.78271
1.77945
1.77794
1.77862
1.78155
1.78634
1.7923
1.79862
1.80462
1.80983
1.81396
1.81693
1.81872
1.81943
1.81918
1.81816
1.81656
1.81463
1.81256
1.81044
1.80825
1.80586
1.80309
1.79984
1.79621
1.79254
1.78936
1.78718
1.78641
1.78717
1.78943
1.79305
1.79782
1.80336
1.80919
1.8147
1.81936
1.8228
1.82484
1.8255
1.82497
1.82352
1.82149
1.81925
1.81716
1.81554
1.81461
1.81452
1.81528
1.8168
1.8189
1.82137
1.82396
1.82644
1.82855
1.83004
1.83067
1.83022
1.82852
1.82552
1.82129
1.816
1.8098
1.80257
1.79392
1.7834
1.77104
1.75799
1.74658
1.7395
1.73839
1.74291
1.75098
1.75985
1.76714
1.77129
1.77175
1.76887
1.76391
1.75875
1.75551
1.75591
1.76057
1.7687
1.7781
1.78585
1.78895
1.78517
1.77424
1.75967
1.74918
1.75073
1.76565
1.78756
1.80856
1.82427
1.83401
1.83887
1.84032
1.8396
1.8376
1.83495
1.83206
1.82922
1.82656
1.82419
1.8221
1.8203
1.81872
1.81729
1.81591
1.81446
1.8128
1.81079
1.80827
1.80513
1.80133
1.79697
1.79228
1.78771
1.78384
1.78123
1.78027
1.78099
1.7831
1.78608
1.78936
1.79247
1.79511
1.79716
1.79859
1.79945
1.79982
1.79979
1.79944
1.79886
1.79811
1.79729
1.79646
1.7957
1.79508
1.79463
1.79439
1.79437
1.79453
1.79483
1.79522
1.79561
1.79596
1.7962
1.7963
1.79626
1.79609
1.79583
1.79553
1.79526
1.79508
1.79504
1.79516
1.79545
1.7959
1.79647
1.79713
1.79783
1.79852
1.79914
1.79963
1.79991
1.79989
1.79943
1.79836
1.79644
1.7934
1.78898
1.78298
1.77548
1.767
1.75871
1.75224
1.74916
1.75019
1.75482
1.7616
1.76892
1.77561
1.78107
1.78518
1.78805
1.7899
1.79091
1.79125
1.79103
1.79031
1.78909
1.78729
1.78473
1.78107
1.77585
1.76857
1.75887
1.74686
1.73345
1.72059
1.71096
1.70713
1.71028
1.71966
1.73299
1.74759
1.76136
1.77312
1.7825
1.78964
1.79491
1.79874
1.80148
1.80341
1.80471
1.80549
1.80579
1.80564
1.80501
1.80388
1.80223
1.80003
1.79728
1.79397
1.79017
1.78601
1.78173
1.77769
1.77431
1.77197
1.77079
1.77056
1.77072
1.7705
1.7691
1.76586
1.76041
1.75272
1.7432
1.73279
1.72291
1.71537
1.71188
1.71352
1.72026
1.73094
1.74376
1.7569
1.76896
1.77914
1.78715
1.79303
1.79703
1.79947
1.80067
1.80097
1.80068
1.80011
1.79952
1.79911
1.79905
1.79939
1.80009
1.80105
1.80213
1.80319
1.80409
1.80474
1.80512
1.80522
1.80506
1.8047
1.80418
1.80356
1.80289
1.80216
1.80139
1.80055
1.79958
1.7984
1.79693
1.79508
1.79273
1.78982
1.78628
1.78212
1.77746
1.77254
1.76777
1.76371
1.7609
1.75978
1.76045
1.76267
1.76597
1.76979
1.77369
1.77738
1.78073
1.78371
1.78631
1.78853
1.79034
1.7917
1.79257
1.79294
1.79287
1.79248
1.79196
1.79151
1.7913
1.79137
1.79168
1.79204
1.79222
1.79202
1.7913
1.79005
1.78833
1.78631
1.78418
1.78209
1.78021
1.77861
1.77735
1.77648
1.77604
1.7761
1.77675
1.77799
1.77979
1.78198
1.78434
1.78664
1.78867
1.79033
1.79163
1.79266
1.79356
1.79447
1.79551
1.79676
1.79824
1.79997
1.80193
1.80412
1.80652
1.80907
1.81172
1.81433
1.81677
1.81881
1.82023
1.82078
1.82023
1.81841
1.81529
1.81103
1.80612
1.80132
1.79756
1.79564
1.79592
1.79815
1.80163
1.80547
1.80893
1.81152
1.81305
1.81351
1.81299
1.81167
1.80973
1.80738
1.80487
1.80244
1.80035
1.79886
1.79816
1.79837
1.79951
1.80149
1.80412
1.80716
1.81036
1.8135
1.81638
1.81888
1.82089
1.82237
1.82328
1.8236
1.82331
1.8224
1.82088
1.81877
1.81609
1.81291
1.80935
1.80555
1.80173
1.79811
1.79497
1.79255
1.79106
1.79064
1.79132
1.79299
1.79547
1.79849
1.80176
1.80497
1.8079
1.81036
1.81225
1.81352
1.81421
1.81441
1.81426
1.81393
1.81363
1.81356
1.81389
1.81473
1.8161
1.81797
1.8202
1.82261
1.82498
1.82707
1.82863
1.82942
1.8292
1.82775
1.8249
1.82057
1.81483
1.80798
1.80057
1.79344
1.78756
1.78376
1.78248
1.78364
1.78669
1.79092
1.79566
1.80033
1.80439
1.80732
1.80856
1.80762
1.80416
1.79817
1.7901
1.78085
1.77169
1.76388
1.75842
1.75586
1.75636
1.75981
1.76589
1.77416
1.784
1.79467
1.80536
1.81526
1.82374
1.83035
1.83487
1.83726
1.83761
1.8361
1.83304
1.82884
1.82405
1.81923
1.81491
1.81147
1.80904
1.80753
1.80676
1.80652
1.80667
1.8071
1.80775
1.80858
1.80953
1.81053
1.8115
1.81237
1.81307
1.81357
1.81385
1.81394
1.81392
1.8139
1.81401
1.81439
1.81513
1.81627
1.81774
1.81944
1.82118
1.82278
1.82406
1.82488
1.82517
1.82487
1.824
1.82258
1.82067
1.81836
1.81575
1.81301
1.81038
1.80815
1.80667
1.80628
1.80719
1.80948
1.81301
1.81746
1.82245
1.82755
1.83242
1.8368
1.84052
1.84347
1.84563
1.84697
1.84754
1.84735
1.84645
1.84491
1.84281
1.84024
1.83733
1.8342
1.83101
1.82789
1.82498
1.82238
1.82017
1.81842
1.81718
1.8165
1.81642
1.81699
1.81819
1.81998
1.82225
1.82486
1.82765
1.83047
1.83319
1.83573
1.83803
1.84006
1.84182
1.84328
1.84441
1.84519
1.84559
1.84563
1.84538
1.84495
1.84449
1.84414
1.84403
1.84422
1.84474
1.84552
1.84648
1.84752
1.84853
1.84945
1.85021
1.85077
1.85111
1.85121
1.85108
1.85071
1.85011
1.84931
1.84832
1.84717
1.8459
1.84452
1.84307
1.84157
1.84004
1.83851
1.83699
1.83546
1.83395
1.83245
1.83096
1.8295
1.8281
1.82678
1.82559
1.82458
1.8238
1.82328
1.82304
1.82305
1.82324
1.82354
1.82383
1.82401
1.82398
1.82368
1.82308
1.82224
1.82123
1.8202
1.8193
1.81872
1.81857
1.81894
1.81983
1.82112
1.82259
1.82392
1.8247
1.82449
1.82288
1.81965
1.81487
1.80907
1.80332
1.79896
1.79712
1.79817
1.80159
1.80627
1.81109
1.81533
1.81872
1.82135
1.82345
1.82525
1.82693
1.82858
1.8302
1.83175
1.83317
1.83438
1.83531
1.8359
1.8361
1.83588
1.83522
1.83413
1.83263
1.83078
1.82868
1.82643
1.82421
1.82217
1.82049
1.81929
1.81866
1.81862
1.81912
1.82007
1.82137
1.8229
1.82454
1.82618
1.8277
1.82897
1.82988
1.83034
1.83031
1.82989
1.82926
1.82871
1.82858
1.82916
1.83058
1.83275
1.83537
1.83805
1.8404
1.84216
1.84323
1.84367
1.84365
1.84338
1.84296
1.84238
1.84144
1.83987
1.83741
1.83393
1.82952
1.82454
1.81957
1.81528
1.81217
1.81048
1.81008
1.81062
1.81168
1.81298
1.81439
1.81595
1.81774
1.81983
1.82222
1.82482
1.82749
1.8301
1.83254
1.83474
1.83666
1.83833
1.83974
1.84092
1.84186
1.84256
1.84298
1.84307
1.84277
1.84196
1.84056
1.83843
1.83547
1.83162
1.82694
1.8217
1.81637
1.81169
1.80846
1.80729
1.80835
1.81128
1.81532
1.81964
1.8235
1.82643
1.82819
1.82875
1.82818
1.82665
1.82442
1.82177
1.81905
1.81658
1.81463
1.81336
1.81277
1.8127
1.81294
1.81321
1.81332
1.81316
1.81275
1.8122
1.8117
1.81148
1.81175
1.81268
1.81437
1.81682
1.81995
1.8236
1.8276
1.83173
1.83578
1.83961
1.84305
1.84604
1.84851
1.85045
1.85187
1.8528
1.8533
1.8534
1.85316
1.8526
1.85176
1.85065
1.84929
1.8477
1.84591
1.844
1.84207
1.84025
1.83866
1.83744
1.83666
1.83634
1.83643
1.83681
1.83737
1.83795
1.83843
1.83871
1.83874
1.83847
1.83787
1.83693
1.83565
1.83403
1.83208
1.82983
1.82736
1.82476
1.82215
1.81971
1.81761
1.81606
1.81523
1.81525
1.81619
1.81806
1.82075
1.82409
1.82787
1.83185
1.83581
1.83958
1.84303
1.8461
1.84877
1.85104
1.85298
1.85461
1.85597
1.85709
1.85798
1.8586
1.85892
1.8589
1.85851
1.85772
1.85652
1.85497
1.85313
1.85112
1.84909
1.84723
1.84573
1.84477
1.8445
1.84501
1.8463
1.84828
1.85072
1.85331
1.85569
1.85744
1.85821
1.85775
1.85598
1.85309
1.84958
1.84614
1.84358
1.84246
1.84296
1.84479
1.84731
1.84986
1.85191
1.85321
1.85374
1.85369
1.85333
1.85292
1.85263
1.85255
1.85265
1.85283
1.85298
1.853
1.85282
1.85243
1.85183
1.8511
1.85031
1.84956
1.84894
1.84853
1.84838
1.84847
1.84877
1.84917
1.84956
1.84981
1.84979
1.84938
1.84845
1.84689
1.84457
1.84137
1.83723
1.83216
1.82636
1.82026
1.81452
1.80992
1.8071
1.8063
1.8073
1.80953
1.81238
1.81546
1.81865
1.82195
1.82538
1.82883
1.83205
1.83476
1.83668
1.83762
1.83749
1.83626
1.83396
1.83065
1.82635
1.82103
1.81467
1.80719
1.7986
1.78906
1.77897
1.76909
1.76051
1.75452
1.75219
1.75396
1.75931
1.76696
1.7753
1.78297
1.7891
1.79332
1.79571
1.79657
1.79637
1.79558
1.79466
1.79394
1.79363
1.79378
1.79431
1.79507
1.79588
1.79658
1.79705
1.79722
1.79706
1.79658
1.79582
1.79485
1.79376
1.79267
1.7917
1.79098
1.7906
1.79063
1.79104
1.79174
1.79254
1.79323
1.79351
1.79312
1.79182
1.78946
1.78601
1.7817
1.77705
1.77289
1.77024
1.76996
1.77239
1.77722
1.78355
1.79029
1.79646
1.80143
1.80489
1.8068
1.80727
1.80653
1.80485
1.80251
1.79982
1.79702
1.79434
1.79192
1.78981
1.78799
1.7864
1.7849
1.78336
1.78164
1.77957
1.77702
1.7739
1.7703
1.76658
1.76343
1.76175
1.76236
1.76562
1.77126
1.77848
1.78629
1.79386
1.80065
1.80642
1.81113
1.81485
1.81768
1.81972
1.82099
1.82152
1.82127
1.82018
1.81824
1.81545
1.81191
1.80785
1.80361
1.79962
1.79638
1.79439
1.79416
1.79611
1.80046
1.80707
1.81542
1.82469
1.83402
1.84272
1.85038
1.85682
1.86205
1.86617
1.86928
1.87147
1.87279
1.87324
1.87275
1.8712
1.86843
1.86422
1.85834
1.85058
1.84078
1.82897
1.81554
1.80152
1.7887
1.77948
1.77595
1.77875
1.78659
1.79695
1.80731
1.81604
1.82251
1.82688
1.82977
1.83194
1.83414
1.83687
1.8403
1.8443
1.84848
1.8524
1.85573
1.85833
1.86023
1.86163
1.86279
1.864
1.86549
1.86748
1.87005
1.87319
1.87673
1.8804
1.88385
1.88677
1.88888
1.89001
1.89007
1.88902
1.88686
1.8836
1.87928
1.87398
1.86792
1.86147
1.85523
1.85002
1.84677
1.84629
1.84896
1.85455
1.86223
1.87085
1.87927
1.88657
1.8922
1.89587
1.89756
1.8974
1.89565
1.89262
1.8887
1.88428
1.87979
1.87561
1.8721
1.86953
1.86808
1.8678
1.86864
1.87045
1.87298
1.87599
1.8792
1.88238
1.88534
1.88796
1.89015
1.89187
1.89311
1.89389
1.89423
1.89416
1.8937
1.89289
1.89174
1.89027
1.88849
1.88641
1.88406
1.88144
1.87861
1.8756
1.87249
1.86936
1.86632
1.86347
1.86091
1.85874
1.85701
1.85575
1.85493
1.8545
1.85438
1.85446
1.85466
1.85488
1.85504
1.85509
1.85502
1.8548
1.85447
1.85407
1.85366
1.85333
1.85315
1.85319
1.8535
1.85406
1.85483
1.8557
1.85654
1.85721
1.85758
1.85755
1.85707
1.8561
1.85469
1.85289
1.85084
1.84871
1.84673
1.84514
1.84418
1.84403
1.84473
1.8462
1.84824
1.85058
1.85297
1.8552
1.85714
1.8587
1.85986
1.86059
1.86084
1.86056
1.85964
1.858
1.85555
1.85223
1.84807
1.84315
1.83765
1.83183
1.82601
1.82052
1.81564
1.81155
1.8083
1.80584
1.80399
1.80262
1.80162
1.80104
1.80105
1.80195
1.80407
1.80759
1.81244
1.81823
1.82425
1.82975
1.83407
1.83683
1.83792
1.83749
1.83582
1.83327
1.83023
1.82703
1.82394
1.82112
1.81867
1.81656
1.81473
1.8131
1.81158
1.81008
1.80859
1.80707
1.80556
1.80407
1.80261
1.80121
1.79988
1.79862
1.79742
1.79628
1.79519
1.79415
1.79315
1.79219
1.79128
1.79042
1.78961
1.78886
1.78817
1.78754
1.78698
1.78649
1.78606
1.7857
1.78539
1.78514
1.78493
1.78477
1.78463
1.78452
1.78441
1.7843
1.78416
1.78399
1.78376
1.78344
1.78303
1.78249
1.7818
1.78095
1.77991
1.77869
1.77726
1.77566
1.77387
1.77192
1.76981
1.76754
1.76511
1.76254
1.75991
1.75735
1.75513
1.75358
1.75304
1.75372
1.75567
1.75869
1.76243
1.76651
1.77058
1.77441
1.77785
1.78086
1.78342
1.78553
1.78719
1.78839
1.78913
1.78939
1.78917
1.78847
1.78733
1.78584
1.78413
1.78238
1.78082
1.77969
1.7792
1.7795
1.7806
1.78241
1.78474
1.78737
1.79007
1.79266
1.79504
1.79713
1.79894
1.80046
1.80171
1.80265
1.80317
1.80306
1.80201
1.79954
1.79505
1.78792
1.77766
1.76444
1.7496
1.73615
1.72808
1.72836
1.73691
1.75071
1.76582
1.77934
1.78988
1.79725
1.80183
1.8042
1.80493
1.80451
1.80333
1.80169
1.7998
1.79777
1.79566
1.79347
1.79117
1.78876
1.78635
1.78412
1.78231
1.78119
1.7809
1.78144
1.78265
1.78432
1.78622
1.78821
1.79024
1.7923
1.79444
1.79665
1.79892
1.80119
1.80338
1.8054
1.80716
1.80863
1.80975
1.81051
1.81093
1.81102
1.81081
1.81035
1.80966
1.80878
1.80774
1.80659
1.80535
1.80407
1.80279
1.80155
1.80041
1.7994
1.79852
1.79776
1.79705
1.79627
1.79524
1.79376
1.7916
1.78854
1.78441
1.77916
1.77287
1.76591
1.7589
1.75269
1.74821
1.74621
1.74696
1.75019
1.75519
1.76107
1.76703
1.77254
1.77728
1.78115
1.78413
1.78621
1.78742
1.78779
1.78743
1.7865
1.78527
1.78404
1.78311
1.7826
1.78242
1.78231
1.78189
1.78095
1.77952
1.77802
1.77705
1.7772
1.7787
1.78136
1.78466
1.78804
1.79109
1.79362
1.79568
1.79737
1.7988
1.80001
1.801
1.80168
1.80199
1.80188
1.80134
1.80041
1.79918
1.79774
1.79623
1.79479
1.79354
1.79259
1.79202
1.79189
1.7922
1.79291
1.79398
1.79531
1.79682
1.79841
1.8
1.80153
1.80294
1.80422
1.80536
1.80634
1.80717
1.80785
1.80839
1.80877
1.80899
1.80903
1.80886
1.80849
1.8079
1.8071
1.80611
1.80496
1.8037
1.8024
1.80111
1.79985
1.79858
1.79713
1.79522
1.79245
1.78833
1.78232
1.77402
1.76341
1.75125
1.73954
1.73134
1.72961
1.73537
1.74697
1.76115
1.77481
1.78612
1.79446
1.79999
1.80328
1.80501
1.80586
1.80637
1.80689
1.80754
1.80828
1.80897
1.80951
1.80985
1.81011
1.81044
1.81104
1.81201
1.81337
1.81499
1.8167
1.81826
1.81948
1.82021
1.82036
1.81993
1.81896
1.81755
1.81585
1.81407
1.81246
1.81129
1.81081
1.81124
1.81267
1.81509
1.81835
1.82218
1.82625
1.83021
1.83371
1.83645
1.83813
1.83848
1.83725
1.8342
1.82917
1.82212
1.81326
1.8032
1.79298
1.784
1.77772
1.77514
1.77642
1.78073
1.78669
1.7929
1.7984
1.80285
1.80641
1.80949
1.81251
1.81571
1.81905
1.82224
1.82482
1.82624
1.82598
1.82361
1.81887
1.81179
1.80278
1.79274
1.78307
1.77543
1.77126
1.7713
1.77531
1.78224
1.7907
1.7995
1.80781
1.81521
1.82154
1.82676
1.83087
1.83389
1.83581
1.83665
1.83644
1.83523
1.83309
1.83012
1.82645
1.82223
1.81761
1.81273
1.80773
1.80267
1.79758
1.79243
1.78717
1.78181
1.77641
1.77121
1.76659
1.76304
1.76107
1.76106
1.76307
1.76684
1.77184
1.77743
1.783
1.78813
1.79254
1.79614
1.79894
1.80102
1.80249
1.80345
1.80403
1.80431
1.80436
1.80426
1.80405
1.80377
1.80344
1.80308
1.80271
1.80234
1.80197
1.80161
1.80124
1.80088
1.80052
1.80015
1.79977
1.79938
1.79896
1.79852
1.79805
1.79755
1.79703
1.79648
1.7959
1.79531
1.7947
1.79408
1.79344
1.79278
1.79209
1.79137
1.7906
1.78978
1.78893
1.78807
1.78727
1.78661
1.7862
1.78616
1.7866
1.78756
1.78905
1.79102
1.79336
1.79593
1.79861
1.80128
1.80384
1.80625
1.80848
1.81054
1.81242
1.81416
1.81577
1.81727
1.81867
1.81998
1.82119
1.82229
1.82326
1.82407
1.82471
1.82515
1.82538
1.82539
1.82521
1.82484
1.82435
1.82376
1.82311
1.82244
1.82175
1.82104
1.8203
1.81955
1.81884
1.81826
1.81792
1.81797
1.8185
1.81955
1.82107
1.82296
1.82503
1.8271
1.82901
1.83064
1.83196
1.83298
1.83377
1.8344
1.8349
1.83528
1.83547
1.83538
1.83493
1.83407
1.83282
1.83128
1.82961
1.82803
1.82674
1.8259
1.8256
1.82581
1.82646
1.82743
1.82859
1.82985
1.83113
1.83241
1.83368
1.83494
1.8362
1.83745
1.83867
1.83984
1.84094
1.84193
1.84279
1.8435
1.84405
1.84444
1.84468
1.84481
1.84485
1.84485
1.84484
1.84488
1.84498
1.84516
1.84544
1.84579
1.8462
1.84661
1.84697
1.84721
1.84726
1.84705
1.8465
1.84555
1.84417
1.84233
1.84009
1.83753
1.83481
1.83213
1.82973
1.82783
1.82664
1.82629
1.82682
1.82821
1.83034
1.83306
1.83618
1.83953
1.84293
1.84623
1.84928
1.85194
1.85411
1.85571
1.8567
1.8571
1.85699
1.85645
1.85558
1.85444
1.85303
1.85128
1.84907
1.84632
1.84298
1.83913
1.83498
1.83086
1.82719
1.82436
1.8227
1.82235
1.82331
1.82545
1.82852
1.83222
1.83615
1.83989
1.84296
1.84494
1.84545
1.84424
1.84123
1.83652
1.83048
1.82372
1.81706
1.81143
1.80779
1.80691
1.80917
1.81437
1.82174
1.83018
1.83858
1.84614
1.8524
1.85723
1.86072
1.86305
1.86444
1.86509
1.86518
1.86486
1.86423
1.86336
1.8623
1.86108
1.85972
1.85824
1.85667
1.85505
1.85345
1.85195
1.85067
1.84971
1.84917
1.84915
1.8497
1.85083
1.85251
1.85465
1.8571
1.8597
1.86225
1.86456
1.8664
1.86757
1.86784
1.86702
1.86494
1.86153
1.85684
1.85117
1.84503
1.83913
1.8343
1.83124
1.83038
1.83177
1.83515
1.84002
1.84583
1.85202
1.85805
1.86346
1.86782
1.87079
1.87211
1.87165
1.86942
1.8656
1.86052
1.8547
1.8488
1.84347
1.83927
1.83647
1.83503
1.83455
1.8344
1.8338
1.83202
1.82874
1.82445
1.82082
1.82034
1.82506
1.83516
1.84868
1.86275
1.87502
1.88429
1.89033
1.89344
1.89409
1.89281
1.89005
1.88622
1.88172
1.87692
1.87216
1.86771
1.86376
1.86031
1.85726
1.85434
1.85126
1.84777
1.84376
1.83933
1.83473
1.83035
1.82657
1.82372
1.82201
1.82154
1.82222
1.82362
1.82489
1.82476
1.82191
1.81563
1.80665
1.7976
1.79227
1.79335
1.80038
1.81018
1.8192
1.82528
1.82796
1.82782
1.82593
1.82337
1.82104
1.8196
1.81942
1.82061
1.82308
1.82662
1.83095
1.83578
1.84086
1.84594
1.85082
1.85535
1.8594
1.8629
1.86579
1.86804
1.86965
1.87064
1.87103
1.87085
1.87012
1.86888
1.86716
1.865
1.86245
1.85956
1.85642
1.85313
1.8498
1.84653
1.84342
1.84053
1.83788
1.83547
1.83326
1.83121
1.82929
1.82748
1.82573
1.82399
1.8222
1.82024
1.81804
1.81548
1.81238
1.80845
1.80328
1.7965
1.78811
1.77906
1.77162
1.76889
1.77313
1.78415
1.79932
1.81522
1.82923
1.84009
1.84757
1.85199
1.85386
1.85368
1.85191
1.84895
1.84515
1.84083
1.83632
1.83193
1.82795
1.82464
1.82218
1.82068
1.82013
1.82047
1.82155
1.8232
1.82522
1.82744
1.82971
1.83188
1.83387
1.83559
1.83697
1.838
1.83864
1.83891
1.83881
1.83836
1.83758
1.83644
1.83494
1.83302
1.83061
1.82766
1.82417
1.82025
1.81619
1.8125
1.80978
1.80865
1.80941
1.81197
1.81577
1.82002
1.82386
1.82654
1.82751
1.82643
1.82315
1.81775
1.81066
1.80267
1.79501
1.78916
1.78649
1.78776
1.79276
1.80037
1.80899
1.81711
1.82364
1.82802
1.83011
1.83007
1.82821
1.82494
1.82072
1.81605
1.81144
1.80736
1.80424
1.80235
1.80176
1.80229
1.80363
1.80539
1.80736
1.8096
1.8124
1.81615
1.82112
1.82727
1.83423
1.84144
1.84834
1.85451
1.85971
1.86385
1.86696
1.86909
1.87034
1.87077
1.87044
1.86939
1.86763
1.86516
1.86198
1.85804
1.85332
1.84785
1.84173
1.8353
1.82914
1.82395
1.82031
1.81831
1.8173
1.8161
1.81349
1.80868
1.80167
1.79336
1.7854
1.77979
1.7782
1.78134
1.78866
1.79863
1.80946
1.81969
1.82858
1.83603
1.84238
1.84812
1.85369
1.85936
1.86523
1.87127
1.87733
1.88325
1.88884
1.89395
1.89843
1.90216
1.90505
1.90704
1.90811
1.90823
1.90743
1.90575
1.90326
1.90004
1.89623
1.89195
1.88737
1.88261
1.87776
1.87284
1.86777
1.86239
1.85651
1.85003
1.84299
1.83565
1.82852
1.82216
1.81708
1.81354
1.81158
1.81111
1.81199
1.81415
1.81747
1.82178
1.8268
1.83216
1.83751
1.84255
1.84714
1.85123
1.85484
1.85801
1.86073
1.86297
1.86465
1.86574
1.86621
1.86609
1.86542
1.86431
1.86285
1.86115
1.8593
1.85739
1.85546
1.85355
1.85167
1.84978
1.84786
1.84585
1.84369
1.8413
1.8386
1.83552
1.83197
1.82788
1.82322
1.81804
1.8125
1.80694
1.80186
1.79782
1.79536
1.79482
1.79622
1.7993
1.80357
1.80849
1.81355
1.81832
1.82254
1.82605
1.82881
1.83086
1.83227
1.83312
1.8335
1.83348
1.8331
1.83234
1.8312
1.82961
1.8275
1.82482
1.8215
1.81752
1.81288
1.8076
1.80175
1.79546
1.78899
1.78282
1.77766
1.77436
1.77362
1.77569
1.78019
1.78623
1.79281
1.79909
1.80456
1.80904
1.8126
1.81541
1.81766
1.81942
1.82057
1.82079
1.81963
1.81668
1.81185
1.80558
1.79909
1.79413
1.79243
1.79478
1.80073
1.80884
1.81746
1.82532
1.83171
1.83642
1.83954
1.8413
1.84198
1.84179
1.84089
1.83932
1.83708
1.83417
1.83071
1.82694
1.82335
1.82056
1.81916
1.81953
1.82166
1.82518
1.8295
1.83403
1.83832
1.84209
1.84523
1.84775
1.8497
1.85116
1.85218
1.85282
1.8531
1.85302
1.85258
1.85175
1.85051
1.84884
1.84671
1.84413
1.84114
1.8378
1.83424
1.83058
1.82699
1.82361
1.82058
1.81797
1.81581
1.81409
1.8128
1.81196
1.8116
1.81179
1.81258
1.81403
1.81608
1.81862
1.82146
1.82437
1.82713
1.82958
1.83162
1.83324
1.83449
1.83547
1.83629
1.83708
1.83794
1.83895
1.84012
1.84144
1.84286
1.8443
1.84568
1.84693
1.84797
1.84878
1.84935
1.84967
1.84979
1.84975
1.8496
1.84942
1.84926
1.84918
1.84922
1.84943
1.8498
1.85035
1.85105
1.85188
1.85279
1.85374
1.85467
1.85554
1.85629
1.85687
1.85722
1.85727
1.85695
1.85618
1.85484
1.8528
1.84992
1.84605
1.841
1.83456
1.82647
1.81642
1.80409
1.7895
1.77347
1.75817
1.74679
1.74215
1.74476
1.7526
1.76277
1.77323
1.78317
1.79244
1.80088
1.80814
1.81389
1.818
1.8206
1.82211
