-0.387634
-0.389416
-0.391882
-0.395449
-0.400208
-0.405796
-0.411521
-0.416591
-0.420328
-0.422316
-0.422454
-0.420927
-0.418191
-0.414933
-0.411962
-0.410031
-0.409582
-0.410612
-0.412685
-0.415096
-0.417122
-0.418283
-0.418345
-0.417341
-0.415492
-0.413168
-0.410744
-0.408595
-0.406989
-0.406093
-0.40597
-0.406573
-0.407795
-0.40948
-0.411465
-0.413586
-0.415714
-0.417749
-0.419584
-0.421191
-0.422539
-0.423635
-0.424499
-0.42516
-0.425648
-0.425979
-0.426174
-0.426265
-0.426234
-0.426062
-0.425725
-0.425189
-0.424434
-0.423426
-0.42217
-0.420664
-0.418905
-0.416939
-0.414809
-0.412587
-0.410337
-0.408131
-0.406024
-0.404062
-0.402295
-0.400757
-0.399461
-0.398456
-0.397761
-0.397399
-0.397378
-0.397682
-0.398263
-0.399061
-0.400022
-0.401113
-0.402293
-0.403564
-0.404913
-0.406329
-0.407783
-0.409236
-0.410615
-0.411855
-0.412915
-0.413698
-0.414176
-0.414291
-0.414036
-0.413399
-0.412413
-0.411098
-0.409502
-0.407678
-0.405695
-0.40363
-0.401571
-0.399596
-0.397788
-0.396204
-0.394901
-0.393903
-0.393206
-0.392782
-0.392582
-0.392534
-0.392533
-0.392511
-0.392396
-0.39216
-0.3918
-0.391389
-0.391005
-0.390789
-0.390884
-0.391417
-0.392461
-0.393992
-0.395913
-0.398073
-0.400258
-0.402245
-0.403819
-0.404733
-0.404819
-0.403875
-0.401763
-0.398509
-0.394292
-0.38953
-0.384926
-0.381318
-0.379472
-0.379811
-0.382213
-0.386064
-0.39045
-0.394423
-0.397193
-0.39826
-0.397486
-0.395194
-0.392159
-0.389401
-0.38793
-0.388294
-0.390374
-0.393565
-0.397115
-0.400495
-0.403496
-0.40622
-0.408922
-0.411871
-0.415225
-0.419019
-0.42315
-0.427441
-0.431676
-0.435633
-0.43914
-0.442076
-0.444371
-0.446057
-0.447202
-0.447917
-0.448327
-0.448548
-0.448682
-0.448786
-0.448856
-0.448822
-0.448606
-0.448099
-0.447209
-0.445859
-0.444002
-0.441637
-0.438795
-0.435553
-0.432025
-0.428406
-0.424913
-0.421811
-0.419303
-0.417521
-0.41644
-0.415917
-0.41568
-0.415487
-0.415108
-0.414445
-0.413498
-0.412414
-0.411424
-0.410791
-0.41071
-0.411294
-0.412535
-0.414333
-0.416527
-0.418916
-0.42133
-0.42363
-0.425662
-0.42728
-0.428342
-0.428715
-0.428301
-0.427117
-0.425266
-0.422977
-0.420567
-0.418335
-0.416521
-0.415249
-0.414538
-0.414288
-0.414395
-0.414713
-0.415094
-0.415375
-0.415379
-0.414948
-0.413949
-0.412294
-0.409947
-0.407009
-0.403612
-0.39998
-0.396443
-0.393358
-0.391073
-0.389845
-0.389739
-0.390639
-0.392263
-0.394222
-0.396169
-0.397853
-0.399147
-0.400022
-0.400575
-0.400904
-0.40113
-0.40135
-0.401618
-0.40196
-0.402391
-0.402887
-0.403442
-0.404041
-0.404701
-0.40543
-0.406222
-0.407078
-0.407968
-0.408838
-0.409664
-0.410376
-0.410947
-0.411376
-0.411686
-0.411928
-0.412182
-0.412558
-0.413138
-0.413992
-0.415139
-0.416555
-0.418157
-0.41982
-0.421433
-0.422874
-0.424068
-0.424956
-0.425554
-0.42588
-0.426032
-0.426129
-0.426312
-0.426724
-0.42752
-0.428769
-0.430504
-0.432618
-0.434898
-0.436997
-0.438438
-0.438678
-0.437129
-0.433294
-0.426908
-0.418212
-0.40828
-0.399072
-0.39302
-0.392015
-0.396423
-0.404969
-0.415577
-0.426347
-0.436029
-0.44403
-0.4502
-0.454592
-0.45737
-0.458755
-0.458896
-0.457933
-0.455968
-0.453032
-0.449106
-0.444076
-0.437852
-0.430355
-0.42164
-0.411991
-0.402021
-0.392636
-0.384919
-0.379864
-0.378047
-0.379539
-0.383887
-0.390249
-0.397575
-0.404726
-0.410687
-0.414708
-0.416324
-0.415455
-0.412388
-0.407859
-0.403007
-0.399171
-0.397453
-0.398303
-0.4013
-0.405413
-0.409484
-0.412629
-0.414338
-0.414446
-0.41304
-0.410254
-0.406266
-0.401213
-0.395286
-0.388667
-0.381707
-0.374917
-0.369024
-0.364779
-0.362739
-0.363025
-0.365229
-0.368545
-0.372075
-0.375029
-0.37687
-0.377251
-0.375957
-0.372873
-0.367965
-0.361402
-0.353751
-0.346152
-0.340127
-0.337159
-0.337966
-0.342127
-0.348264
-0.354725
-0.360221
-0.364022
-0.36584
-0.365749
-0.363959
-0.360782
-0.356533
-0.351552
-0.346204
-0.340845
-0.335867
-0.331678
-0.328673
-0.327143
-0.327216
-0.328768
-0.331521
-0.335114
-0.339182
-0.343436
-0.347703
-0.3518
-0.355636
-0.359114
-0.362157
-0.364731
-0.366808
-0.368381
-0.369455
-0.370026
-0.370115
-0.369742
-0.368901
-0.36761
-0.365869
-0.363761
-0.361352
-0.358793
-0.356285
-0.354055
-0.352392
-0.351526
-0.351642
-0.352806
-0.354961
-0.357939
-0.361468
-0.365264
-0.368968
-0.372254
-0.374771
-0.376197
-0.376208
-0.374557
-0.371103
-0.365924
-0.359465
-0.352661
-0.346768
-0.343042
-0.34219
-0.344015
-0.347572
-0.351644
-0.355249
-0.357833
-0.35925
-0.359641
-0.359229
-0.358195
-0.356665
-0.354622
-0.351972
-0.348631
-0.344537
-0.339797
-0.334724
-0.329831
-0.325798
-0.32331
-0.322953
-0.32497
-0.329259
-0.335323
-0.342419
-0.349732
-0.356523
-0.362277
-0.366638
-0.369438
-0.370682
-0.370477
-0.36904
-0.366726
-0.363962
-0.36128
-0.359195
-0.358138
-0.358284
-0.359619
-0.361882
-0.364673
-0.367589
-0.370287
-0.372504
-0.374093
-0.374962
-0.375075
-0.374437
-0.373039
-0.370905
-0.368055
-0.364543
-0.360476
-0.356009
-0.351434
-0.347073
-0.343334
-0.340574
-0.339079
-0.338929
-0.340046
-0.342183
-0.344977
-0.348039
-0.350999
-0.353579
-0.355565
-0.356807
-0.357237
-0.356844
-0.355659
-0.353769
-0.35129
-0.348397
-0.345302
-0.342236
-0.339489
-0.337275
-0.33575
-0.33498
-0.334913
-0.335357
-0.336123
-0.336976
-0.337735
-0.338256
-0.33849
-0.338389
-0.337985
-0.337298
-0.336358
-0.335176
-0.333773
-0.332153
-0.330344
-0.328372
-0.326292
-0.324192
-0.32218
-0.320376
-0.318921
-0.317945
-0.317575
-0.317871
-0.318807
-0.320302
-0.322199
-0.324354
-0.326671
-0.329132
-0.331773
-0.334626
-0.337685
-0.340839
-0.343906
-0.346613
-0.348645
-0.349716
-0.349511
-0.347795
-0.344364
-0.339193
-0.332491
-0.324877
-0.317466
-0.311694
-0.308857
-0.309597
-0.313589
-0.319746
-0.326752
-0.333533
-0.339465
-0.344275
-0.34792
-0.350397
-0.35173
-0.351867
-0.350686
-0.348059
-0.343928
-0.338407
-0.33199
-0.325575
-0.3204
-0.317673
-0.318166
-0.321825
-0.327817
-0.33491
-0.34188
-0.347829
-0.352317
-0.35527
-0.356836
-0.357347
-0.357202
-0.356809
-0.356558
-0.356771
-0.357685
-0.359386
-0.361863
-0.364973
-0.368511
-0.372268
-0.376045
-0.379687
-0.383119
-0.386289
-0.389185
-0.391818
-0.394181
-0.396289
-0.398123
-0.399626
-0.400723
-0.401236
-0.400987
-0.399707
-0.397066
-0.392662
-0.386153
-0.377351
-0.366486
-0.354502
-0.343109
-0.33443
-0.330096
-0.330491
-0.334677
-0.341083
-0.348405
-0.35588
-0.363269
-0.370543
-0.377678
-0.384537
-0.390888
-0.396461
-0.401039
-0.404512
-0.406911
-0.4084
-0.409251
-0.409801
-0.410388
-0.411347
-0.412893
-0.415142
-0.418066
-0.421552
-0.425377
-0.429318
-0.433132
-0.436601
-0.439512
-0.441708
-0.442972
-0.443142
-0.44203
-0.439462
-0.435365
-0.429815
-0.42311
-0.415821
-0.408721
-0.402607
-0.398071
-0.39537
-0.394633
-0.395933
-0.399391
-0.404979
-0.412403
-0.420943
-0.42968
-0.437672
-0.444241
-0.448973
-0.451791
-0.45282
-0.452237
-0.450201
-0.44686
-0.442337
-0.436792
-0.430522
-0.423941
-0.417542
-0.41182
-0.407166
-0.403729
-0.401351
-0.399491
-0.397342
-0.394126
-0.389578
-0.384398
-0.380296
-0.379248
-0.38233
-0.388823
-0.396713
-0.403862
-0.40894
-0.411537
-0.411922
-0.410589
-0.408107
-0.404989
-0.401714
-0.398657
-0.396131
-0.394375
-0.393484
-0.393445
-0.394085
-0.395206
-0.396576
-0.397986
-0.399271
-0.400317
-0.40105
-0.401425
-0.401402
-0.400986
-0.400202
-0.399073
-0.397667
-0.396034
-0.394223
-0.392266
-0.390177
-0.38792
-0.385465
-0.382774
-0.379785
-0.376473
-0.372839
-0.368939
-0.364868
-0.360771
-0.356862
-0.353426
-0.350726
-0.349034
-0.348506
-0.34914
-0.350766
-0.353105
-0.355803
-0.358505
-0.3609
-0.362763
-0.363885
-0.364142
-0.363397
-0.361563
-0.358588
-0.354541
-0.349594
-0.344148
-0.338754
-0.333908
-0.329838
-0.326209
-0.322056
-0.316061
-0.307116
-0.295168
-0.281984
-0.271131
-0.266439
-0.269479
-0.278616
-0.290487
-0.302354
-0.312913
-0.321987
-0.32979
-0.336506
-0.342194
-0.346789
-0.350227
-0.352483
-0.353607
-0.353744
-0.353135
-0.352056
-0.350878
-0.34992
-0.34941
-0.34949
-0.350103
-0.351093
-0.352228
-0.353243
-0.353991
-0.354383
-0.354461
-0.354353
-0.354213
-0.354212
-0.354457
-0.355014
-0.355853
-0.356892
-0.35802
-0.359112
-0.360067
-0.360798
-0.361239
-0.361364
-0.361112
-0.360451
-0.35932
-0.357671
-0.355489
-0.352866
-0.350006
-0.347343
-0.345453
-0.344882
-0.345944
-0.348529
-0.35212
-0.355999
-0.359517
-0.362241
-0.364002
-0.364861
-0.365015
-0.364754
-0.364375
-0.364214
-0.3646
-0.3658
-0.367974
-0.371121
-0.375054
-0.379437
-0.38388
-0.388019
-0.391575
-0.394387
-0.396409
-0.397687
-0.398351
-0.398565
-0.398518
-0.398405
-0.398373
-0.398537
-0.398914
-0.399465
-0.400102
-0.400756
-0.401346
-0.40185
-0.402318
-0.402833
-0.403419
-0.404086
-0.40473
-0.405115
-0.404919
-0.403775
-0.401278
-0.397072
-0.390911
-0.382695
-0.372635
-0.361317
-0.349771
-0.339406
-0.331733
-0.328013
-0.328782
-0.333758
-0.341945
-0.352018
-0.362739
-0.37313
-0.382582
-0.390802
-0.397741
-0.403486
-0.408181
-0.412016
-0.415139
-0.417717
-0.4198
-0.421456
-0.422661
-0.423372
-0.423501
-0.422915
-0.42148
-0.419058
-0.415552
-0.410945
-0.405369
-0.399175
-0.39293
-0.387383
-0.383272
-0.381173
-0.38126
-0.383304
-0.386782
-0.391042
-0.395547
-0.399907
-0.403899
-0.407437
-0.41047
-0.412985
-0.414934
-0.416234
-0.416803
-0.416582
-0.415624
-0.4141
-0.412384
-0.410968
-0.410371
-0.410997
-0.412957
-0.416038
-0.419813
-0.423797
-0.427554
-0.430827
-0.433516
-0.435651
-0.437331
-0.438701
-0.439918
-0.441072
-0.442219
-0.443353
-0.444415
-0.445301
-0.445864
-0.445978
-0.445517
-0.444374
-0.442511
-0.439959
-0.436809
-0.433237
-0.4295
-0.425849
-0.42258
-0.419878
-0.417866
-0.416534
-0.41581
-0.415577
-0.415724
-0.416158
-0.416834
-0.417699
-0.418709
-0.419805
-0.420882
-0.421833
-0.4225
-0.422706
-0.422334
-0.421283
-0.419536
-0.417149
-0.414351
-0.411465
-0.4089
-0.407123
-0.406492
-0.407146
-0.408984
-0.411715
-0.414923
-0.418205
-0.421255
-0.423874
-0.425923
-0.427363
-0.428205
-0.428449
-0.428121
-0.42726
-0.425898
-0.424102
-0.421969
-0.419621
-0.417227
-0.41495
-0.412947
-0.411321
-0.410132
-0.409378
-0.409029
-0.409056
-0.409473
-0.410328
-0.41169
-0.413603
-0.416047
-0.418905
-0.422012
-0.425131
-0.428041
-0.430563
-0.432565
-0.433966
-0.434719
-0.434814
-0.434263
-0.433099
-0.431381
-0.429196
-0.426638
-0.423852
-0.421023
-0.41831
-0.415901
-0.413925
-0.412479
-0.411579
-0.41123
-0.411355
-0.411896
-0.412792
-0.414002
-0.415475
-0.417149
-0.418935
-0.420712
-0.422364
-0.423786
-0.424913
-0.425725
-0.426264
-0.426578
-0.426772
-0.426915
-0.427063
-0.427224
-0.427346
-0.42734
-0.427117
-0.426571
-0.425619
-0.424206
-0.422351
-0.420099
-0.417572
-0.414934
-0.412371
-0.410055
-0.408108
-0.406576
-0.405396
-0.40442
-0.403508
-0.402605
-0.401786
-0.40127
-0.4014
-0.402516
-0.404861
-0.408492
-0.413287
-0.418929
-0.425001
-0.431072
-0.436741
-0.441646
-0.445532
-0.448271
-0.449728
-0.449854
-0.448648
-0.446129
-0.442344
-0.437447
-0.431639
-0.425258
-0.418713
-0.412488
-0.407026
-0.402702
-0.399682
-0.398002
-0.397564
-0.398171
-0.399639
-0.40179
-0.404433
-0.40737
-0.410402
-0.413323
-0.415964
-0.41819
-0.419956
-0.421267
-0.422255
-0.423071
-0.423951
-0.425086
-0.426629
-0.428615
-0.430943
-0.433433
-0.435824
-0.437841
-0.439239
-0.439818
-0.439457
-0.438059
-0.435607
-0.432158
-0.427914
-0.423178
-0.41844
-0.414277
-0.411234
-0.409678
-0.409647
-0.410886
-0.412916
-0.415203
-0.417279
-0.418799
-0.419593
-0.419563
-0.418673
-0.416888
-0.414207
-0.410623
-0.406205
-0.401103
-0.395623
-0.390262
-0.38563
-0.382347
-0.38088
-0.381319
-0.38342
-0.38666
-0.390389
-0.394026
-0.397152
-0.399539
-0.401077
-0.401783
-0.401721
-0.40098
-0.3997
-0.397984
-0.395923
-0.393614
-0.391168
-0.388677
-0.386241
-0.383952
-0.381842
-0.379932
-0.378198
-0.376703
-0.375598
-0.375239
-0.37608
-0.378537
-0.382715
-0.388319
-0.394647
-0.4009
-0.406331
-0.410507
-0.413287
-0.414857
-0.415588
-0.415939
-0.416368
-0.417171
-0.418447
-0.420096
-0.421885
-0.423517
-0.424704
-0.425145
-0.424527
-0.42253
-0.418794
-0.412984
-0.404885
-0.394561
-0.382571
-0.370113
-0.359041
-0.351513
-0.349347
-0.353334
-0.362832
-0.376005
-0.390544
-0.404381
-0.416057
-0.424853
-0.430578
-0.433357
-0.433469
-0.43125
-0.426945
-0.420804
-0.413031
-0.403892
-0.393691
-0.382879
-0.372179
-0.362803
-0.356457
-0.354878
-0.358938
-0.367962
-0.379868
-0.392162
-0.402798
-0.410501
-0.414695
-0.415231
-0.41226
-0.406232
-0.398136
-0.389648
-0.382957
-0.380074
-0.381903
-0.387788
-0.396045
-0.404892
-0.413082
-0.420038
-0.425629
-0.429982
-0.433238
-0.435559
-0.437062
-0.437842
-0.437944
-0.437393
-0.436216
-0.434375
-0.431846
-0.428553
-0.424408
-0.419326
-0.41323
-0.406069
-0.397916
-0.388968
-0.37963
-0.370514
-0.362397
-0.356132
-0.352394
-0.351535
-0.353499
-0.357806
-0.363736
-0.370434
-0.377104
-0.38306
-0.38777
-0.390843
-0.392029
-0.391253
-0.388567
-0.384174
-0.378493
-0.372077
-0.365609
-0.35981
-0.355317
-0.352583
-0.351777
-0.352838
-0.355484
-0.359323
-0.363885
-0.368746
-0.373549
-0.377989
-0.381874
-0.38506
-0.387486
-0.389136
-0.390067
-0.390324
-0.389989
-0.389167
-0.387916
-0.386304
-0.384396
-0.382254
-0.379913
-0.377451
-0.374933
-0.372443
-0.370091
-0.367998
-0.366244
-0.364905
-0.364
-0.363523
-0.363418
-0.363597
-0.363952
-0.364357
-0.364676
-0.364739
-0.364421
-0.363534
-0.361903
-0.35936
-0.355782
-0.351097
-0.345343
-0.338636
-0.331235
-0.323563
-0.316297
-0.310443
-0.307274
-0.307841
-0.312428
-0.320224
-0.329636
-0.339003
-0.347169
-0.353592
-0.358245
-0.361372
-0.363329
-0.364448
-0.365005
-0.365221
-0.365189
-0.36504
-0.36478
-0.364433
-0.363971
-0.363367
-0.362588
-0.36161
-0.360414
-0.359017
-0.357436
-0.355731
-0.353976
-0.352278
-0.350736
-0.349437
-0.348423
-0.347673
-0.347115
-0.346631
-0.346021
-0.345136
-0.34381
-0.341916
-0.339398
-0.336295
-0.332739
-0.328993
-0.325438
-0.322519
-0.320693
-0.320299
-0.321511
-0.324303
-0.328414
-0.333459
-0.33897
-0.344536
-0.349768
-0.354442
-0.358388
-0.361551
-0.363956
-0.365649
-0.366686
-0.367162
-0.367143
-0.366731
-0.366021
-0.365108
-0.364079
-0.363046
-0.362074
-0.361248
-0.360629
-0.36028
-0.360217
-0.360496
-0.361148
-0.362148
-0.363488
-0.365118
-0.366956
-0.368906
-0.370855
-0.372693
-0.374349
-0.375803
-0.377048
-0.378135
-0.379115
-0.38007
-0.381033
-0.38202
-0.382989
-0.383836
-0.384406
-0.384526
-0.384023
-0.38268
-0.380351
-0.376935
-0.3724
-0.366822
-0.360397
-0.353273
-0.345634
-0.337595
-0.329298
-0.32116
-0.314093
-0.309439
-0.30853
-0.312007
-0.319403
-0.329396
-0.340387
-0.351103
-0.360706
-0.368841
-0.3754
-0.380467
-0.38414
-0.386559
-0.387865
-0.388164
-0.387573
-0.386227
-0.384257
-0.381879
-0.379341
-0.376882
-0.374763
-0.37322
-0.372433
-0.372477
-0.373333
-0.374783
-0.376435
-0.377807
-0.378492
-0.378203
-0.376888
-0.374713
-0.372055
-0.369371
-0.367125
-0.365683
-0.365243
-0.365808
-0.36726
-0.369413
-0.372025
-0.374897
-0.377831
-0.380701
-0.383358
-0.385696
-0.387617
-0.389062
-0.389981
-0.390324
-0.390071
-0.389204
-0.387728
-0.385646
-0.382988
-0.379818
-0.37624
-0.372445
-0.368668
-0.365161
-0.362176
-0.359903
-0.358427
-0.357706
-0.35761
-0.357967
-0.358613
-0.35943
-0.360371
-0.361461
-0.362738
-0.364243
-0.366032
-0.368121
-0.370467
-0.373032
-0.375772
-0.378593
-0.381438
-0.38423
-0.38691
-0.389386
-0.391602
-0.393511
-0.395053
-0.396188
-0.396867
-0.397069
-0.396752
-0.395868
-0.394334
-0.392081
-0.389023
-0.385089
-0.38029
-0.374737
-0.368733
-0.36281
-0.357668
-0.35404
-0.352412
-0.352837
-0.3549
-0.357874
-0.360998
-0.363694
-0.36563
-0.366767
-0.367245
-0.367344
-0.367374
-0.367599
-0.368161
-0.369069
-0.370176
-0.371228
-0.371892
-0.371882
-0.370908
-0.368766
-0.365432
-0.360981
-0.355699
-0.349969
-0.344192
-0.338671
-0.333593
-0.329172
-0.325941
-0.324794
-0.326694
-0.331914
-0.33966
-0.348296
-0.356148
-0.362068
-0.36565
-0.367087
-0.366915
-0.365751
-0.364137
-0.362441
-0.36084
-0.359423
-0.358207
-0.357234
-0.356569
-0.356324
-0.356535
-0.357242
-0.358386
-0.359879
-0.361565
-0.363311
-0.364976
-0.36644
-0.367596
-0.368408
-0.368897
-0.369106
-0.36912
-0.369047
-0.368982
-0.368992
-0.3691
-0.369294
-0.369505
-0.369635
-0.36964
-0.369427
-0.368972
-0.368275
-0.367355
-0.366246
-0.365013
-0.363691
-0.362303
-0.360875
-0.359397
-0.35786
-0.356278
-0.354662
-0.353081
-0.351652
-0.350486
-0.34971
-0.349404
-0.349622
-0.350345
-0.351508
-0.352986
-0.354666
-0.356406
-0.358106
-0.359681
-0.361097
-0.362329
-0.36338
-0.364269
-0.365031
-0.365697
-0.366325
-0.366968
-0.367652
-0.368383
-0.369147
-0.369901
-0.370535
-0.370912
-0.370864
-0.370201
-0.368718
-0.366249
-0.362698
-0.358069
-0.352549
-0.346502
-0.340475
-0.335063
-0.3308
-0.328019
-0.326804
-0.326979
-0.328279
-0.330399
-0.33305
-0.336053
-0.339266
-0.342604
-0.34603
-0.349458
-0.352818
-0.356033
-0.359015
-0.361671
-0.363928
-0.365727
-0.367054
-0.367891
-0.368223
-0.368074
-0.367466
-0.36645
-0.365078
-0.363412
-0.36157
-0.359633
-0.357723
-0.355963
-0.354426
-0.353179
-0.352235
-0.351575
-0.35113
-0.350859
-0.350683
-0.350546
-0.350423
-0.350286
-0.350128
-0.349944
-0.349725
-0.349433
-0.349013
-0.348407
-0.347548
-0.346385
-0.34487
-0.342999
-0.340809
-0.338349
-0.335737
-0.333053
-0.330403
-0.327859
-0.325475
-0.323269
-0.321254
-0.319451
-0.317945
-0.316892
-0.316566
-0.317246
-0.319175
-0.322468
-0.327034
-0.332529
-0.338498
-0.344436
-0.34995
-0.354806
-0.358892
-0.362216
-0.364854
-0.366909
-0.368497
-0.369707
-0.370636
-0.371335
-0.371853
-0.372222
-0.372478
-0.372651
-0.372753
-0.372803
-0.372829
-0.372852
-0.372853
-0.372792
-0.372628
-0.37224
-0.371494
-0.370234
-0.368335
-0.365722
-0.362448
-0.358745
-0.355045
-0.352004
-0.350367
-0.350861
-0.353793
-0.358869
-0.365225
-0.371725
-0.377331
-0.381366
-0.383613
-0.384162
-0.383277
-0.381246
-0.378254
-0.374391
-0.369629
-0.36392
-0.357352
-0.350274
-0.343371
-0.33764
-0.334182
-0.333916
-0.337283
-0.344083
-0.353589
-0.364778
-0.376542
-0.387874
-0.398012
-0.406463
-0.412988
-0.41755
-0.420292
-0.421443
-0.421313
-0.420223
-0.418509
-0.416478
-0.414371
-0.41238
-0.410629
-0.409145
-0.407924
-0.406927
-0.406124
-0.405528
-0.405172
-0.405167
-0.405564
-0.406417
-0.407697
-0.409296
-0.411023
-0.412619
-0.413804
-0.414308
-0.413874
-0.412285
-0.409387
-0.405172
-0.399808
-0.393727
-0.387727
-0.382902
-0.380301
-0.380622
-0.383865
-0.389377
-0.396138
-0.403175
-0.409783
-0.415575
-0.420417
-0.424282
-0.427225
-0.429295
-0.430504
-0.430853
-0.430295
-0.428817
-0.426373
-0.422989
-0.418759
-0.413865
-0.408592
-0.403322
-0.39838
-0.393935
-0.389861
-0.385838
-0.381486
-0.376609
-0.371428
-0.36667
-0.363303
-0.362171
-0.363581
-0.3672
-0.37218
-0.377535
-0.382405
-0.386168
-0.388455
-0.38909
-0.38801
-0.385264
-0.381062
-0.375824
-0.370176
-0.364975
-0.361164
-0.359502
-0.360359
-0.363571
-0.36853
-0.374392
-0.38035
-0.385793
-0.390354
-0.39388
-0.396377
-0.397929
-0.398652
-0.398687
-0.398153
-0.397128
-0.395686
-0.393875
-0.391742
-0.389314
-0.386593
-0.383618
-0.380429
-0.377069
-0.373613
-0.370161
-0.366802
-0.363645
-0.360819
-0.35837
-0.356378
-0.354836
-0.35372
-0.352963
-0.352508
-0.352284
-0.352253
-0.352385
-0.352646
-0.353069
-0.353665
-0.354419
-0.355312
-0.356325
-0.357407
-0.358503
-0.359548
-0.360457
-0.361151
-0.361549
-0.361559
-0.361057
-0.359934
-0.358023
-0.355134
-0.351134
-0.345859
-0.339281
-0.33159
-0.323275
-0.315203
-0.308496
-0.304345
-0.303608
-0.306474
-0.312396
-0.320345
-0.329104
-0.337641
-0.345262
-0.351618
-0.356637
-0.360402
-0.363091
-0.364908
-0.366014
-0.36656
-0.366677
-0.366448
-0.36595
-0.365212
-0.36426
-0.36311
-0.361748
-0.360164
-0.358331
-0.356178
-0.353621
-0.350537
-0.346739
-0.342041
-0.336288
-0.329484
-0.321893
-0.31414
-0.307039
-0.301227
-0.296744
-0.292923
-0.289109
-0.285588
-0.283986
-0.286385
-0.293572
-0.304225
-0.315765
-0.325934
-0.333683
-0.339088
-0.342871
-0.345886
-0.348793
-0.351969
-0.355464
-0.359166
-0.362873
-0.366428
-0.369707
-0.372616
-0.375177
-0.377377
-0.37922
-0.380738
-0.381917
-0.382785
-0.383348
-0.383606
-0.383568
-0.383268
-0.382705
-0.381893
-0.380858
-0.379638
-0.378247
-0.376754
-0.375178
-0.373609
-0.37207
-0.370664
-0.369428
-0.36842
-0.367678
-0.367211
-0.367017
-0.367079
-0.367341
-0.367749
-0.368214
-0.368634
-0.3689
-0.368864
-0.368328
-0.367106
-0.364995
-0.361881
-0.35782
-0.353189
-0.348743
-0.345591
-0.344844
-0.3471
-0.35219
-0.359182
-0.366782
-0.373794
-0.379325
-0.38272
-0.383443
-0.380846
-0.374127
-0.362411
-0.345366
-0.324388
-0.303811
-0.290345
-0.288967
-0.298841
-0.314234
-0.32937
-0.341295
-0.349624
-0.35516
-0.358951
-0.361918
-0.364721
-0.36778
-0.371304
-0.37527
-0.379519
-0.383807
-0.387875
-0.39153
-0.394648
-0.397178
-0.39914
-0.4006
-0.401629
-0.402315
-0.402752
-0.403001
-0.403141
-0.403219
-0.403316
-0.403457
-0.403676
-0.404003
-0.40445
-0.405003
-0.405638
-0.406311
-0.40695
-0.407473
-0.407787
-0.407818
-0.407503
-0.40685
-0.405923
-0.4049
-0.403989
-0.403429
-0.403375
-0.403796
-0.404418
-0.404725
-0.404079
-0.401837
-0.397632
-0.39149
-0.384043
-0.376514
-0.370386
-0.366894
-0.36652
-0.368884
-0.372998
-0.377816
-0.382502
-0.38662
-0.39003
-0.392757
-0.394862
-0.396345
-0.397156
-0.397226
-0.396543
-0.395144
-0.393111
-0.390586
-0.38769
-0.384564
-0.381405
-0.378515
-0.376278
-0.375146
-0.375546
-0.377786
-0.381955
-0.387957
-0.395453
-0.403974
-0.412994
-0.421973
-0.430495
-0.438251
-0.445032
-0.450748
-0.455397
-0.459002
-0.461613
-0.463326
-0.46422
-0.464349
-0.463816
-0.462706
-0.461121
-0.459194
-0.457104
-0.45502
-0.45309
-0.451456
-0.450169
-0.449203
-0.448426
-0.447653
-0.446646
-0.445182
-0.443104
-0.440296
-0.436756
-0.432615
-0.428094
-0.423602
-0.419638
-0.416788
-0.415563
-0.41632
-0.419103
-0.423642
-0.429421
-0.435827
-0.442207
-0.448078
-0.453075
-0.456933
-0.459561
-0.460929
-0.461033
-0.459955
-0.457805
-0.454728
-0.450916
-0.44659
-0.442008
-0.437455
-0.433257
-0.429763
-0.427277
-0.426075
-0.426292
-0.427917
-0.430752
-0.43446
-0.438665
-0.442921
-0.446859
-0.450212
-0.452783
-0.454492
-0.455302
-0.455234
-0.454345
-0.452697
-0.450368
-0.447478
-0.444149
-0.440551
-0.436851
-0.433265
-0.430014
-0.427301
-0.425229
-0.423888
-0.423209
-0.423073
-0.42329
-0.423595
-0.423776
-0.423588
-0.422877
-0.421557
-0.419636
-0.417214
-0.414466
-0.411603
-0.408828
-0.406311
-0.404244
-0.402808
-0.402212
-0.402545
-0.403726
-0.405523
-0.407642
-0.409826
-0.41196
-0.414009
-0.415949
-0.417703
-0.419143
-0.420112
-0.420488
-0.420216
-0.419305
-0.417856
-0.41597
-0.413799
-0.411495
-0.409218
-0.407126
-0.405349
-0.403978
-0.403033
-0.402494
-0.402287
-0.402289
-0.402419
-0.40257
-0.402679
-0.402706
-0.402685
-0.402652
-0.402652
-0.402783
-0.403073
-0.403567
-0.404257
-0.405126
-0.40611
-0.407136
-0.4081
-0.4089
-0.409425
-0.409531
-0.40907
-0.407887
-0.405759
-0.402465
-0.397816
-0.39173
-0.384345
-0.376162
-0.368055
-0.361211
-0.356794
-0.355551
-0.357599
-0.362367
-0.368867
-0.376033
-0.382945
-0.388991
-0.393809
-0.397302
-0.39947
-0.400351
-0.399985
-0.39842
-0.395721
-0.391973
-0.387358
-0.382184
-0.376875
-0.371909
-0.367745
-0.364703
-0.362877
-0.362152
-0.362284
-0.362935
-0.363783
-0.364499
-0.364792
-0.364364
-0.363038
-0.360687
-0.357362
-0.353295
-0.348891
-0.344704
-0.34133
-0.339284
-0.338885
-0.34021
-0.343082
-0.347105
-0.351759
-0.356533
-0.360989
-0.364803
-0.36789
-0.370294
-0.372175
-0.373742
-0.37516
-0.376528
-0.377854
-0.3791
-0.38018
-0.381031
-0.381621
-0.381927
-0.381964
-0.381765
-0.381377
-0.380839
-0.3802
-0.379508
-0.378791
-0.378069
-0.377367
-0.376687
-0.376035
-0.375404
-0.374806
-0.374214
-0.373621
-0.373013
-0.372375
-0.371703
-0.370984
-0.370224
-0.369387
-0.36848
-0.367504
-0.366452
-0.365309
-0.364077
-0.362734
-0.361251
-0.359662
-0.357961
-0.356206
-0.35449
-0.352962
-0.351825
-0.351242
-0.351391
-0.352342
-0.354048
-0.356352
-0.359008
-0.36174
-0.364265
-0.36638
-0.367948
-0.368932
-0.369377
-0.369371
-0.369043
-0.368565
-0.368064
-0.367664
-0.367476
-0.367516
-0.367812
-0.368328
-0.368973
-0.369648
-0.370244
-0.370642
-0.370732
-0.370451
-0.369791
-0.368785
-0.367554
-0.366289
-0.365195
-0.36454
-0.36458
-0.365536
-0.367498
-0.370403
-0.374051
-0.378088
-0.382139
-0.385841
-0.388946
-0.391268
-0.392735
-0.393367
-0.393215
-0.392394
-0.391038
-0.389289
-0.387295
-0.385231
-0.383217
-0.381368
-0.3798
-0.37859
-0.377766
-0.377345
-0.377326
-0.377658
-0.378318
-0.379226
-0.380328
-0.381565
-0.382909
-0.384318
-0.385786
-0.387283
-0.388802
-0.390314
-0.391765
-0.393109
-0.394262
-0.395123
-0.3956
-0.395629
-0.395127
-0.394015
-0.392209
-0.389624
-0.386123
-0.381548
-0.375732
-0.368644
-0.360449
-0.351803
-0.343775
-0.337653
-0.334546
-0.334882
-0.33841
-0.344464
-0.352277
-0.361076
-0.370162
-0.378897
-0.386809
-0.393613
-0.399245
-0.403793
-0.407399
-0.410276
-0.412578
-0.414475
-0.416075
-0.417472
-0.418712
-0.419817
-0.420792
-0.421606
-0.422211
-0.422528
-0.42244
-0.421812
-0.420516
-0.418367
-0.415247
-0.411069
-0.405872
-0.399868
-0.393403
-0.38694
-0.380887
-0.375578
-0.371096
-0.367433
-0.364642
-0.362925
-0.362643
-0.364179
-0.367639
-0.372774
-0.379015
-0.385622
-0.391917
-0.397408
-0.401772
-0.404865
-0.406664
-0.407193
-0.406564
-0.404949
-0.40256
-0.399686
-0.396551
-0.393327
-0.390041
-0.386646
-0.383054
-0.379266
-0.375422
-0.371803
-0.368726
-0.366417
-0.364977
-0.364382
-0.364605
-0.365595
-0.367376
-0.369919
-0.373161
-0.37694
-0.38099
-0.384969
-0.388539
-0.391362
-0.393186
-0.39377
-0.392992
-0.390759
-0.387055
-0.381964
-0.375664
-0.368507
-0.361025
-0.353899
-0.347824
-0.343409
-0.340912
-0.340194
-0.340794
-0.342053
-0.343303
-0.343976
-0.343664
-0.342122
-0.339281
-0.335193
-0.330108
-0.324477
-0.319029
-0.314662
-0.31226
-0.312363
-0.314896
-0.31919
-0.3243
-0.329365
-0.333843
-0.337517
-0.340366
-0.342475
-0.343941
-0.34482
-0.345167
-0.345024
-0.344455
-0.343564
-0.34245
-0.341227
-0.340017
-0.33889
-0.337914
-0.337135
-0.336542
-0.336126
-0.335836
-0.33564
-0.335494
-0.335377
-0.335263
-0.335155
-0.335064
-0.335006
-0.334995
-0.335047
-0.335177
-0.335365
-0.335628
-0.335953
-0.33632
-0.336729
-0.337171
-0.337654
-0.338185
-0.338774
-0.339442
-0.340209
-0.34108
-0.342071
-0.343195
-0.344439
-0.345784
-0.347217
-0.348671
-0.35009
-0.351413
-0.352527
-0.353331
-0.353678
-0.353419
-0.352354
-0.35029
-0.347051
-0.342515
-0.336726
-0.329931
-0.322715
-0.315881
-0.310333
-0.306795
-0.305558
-0.306452
-0.308986
-0.312619
-0.316869
-0.321368
-0.325833
-0.330021
-0.333747
-0.336863
-0.339314
-0.341044
-0.342101
-0.342543
-0.342487
-0.342055
-0.341372
-0.340558
-0.339762
-0.33905
-0.338496
-0.338148
-0.337992
-0.338065
-0.338321
-0.338739
-0.339289
-0.339952
-0.34068
-0.341489
-0.34234
-0.343219
-0.344127
-0.345035
-0.345912
-0.346732
-0.347431
-0.347996
-0.348355
-0.348409
-0.348097
-0.347314
-0.345987
-0.344061
-0.341576
-0.338671
-0.335637
-0.332907
-0.330987
-0.330305
-0.331113
-0.333366
-0.336744
-0.340779
-0.345013
-0.349086
-0.352787
-0.356069
-0.358938
-0.361495
-0.363828
-0.366018
-0.368106
-0.370129
-0.372051
-0.373857
-0.375471
-0.376821
-0.377839
-0.37843
-0.378517
-0.378043
-0.376949
-0.375191
-0.372766
-0.369728
-0.366153
-0.362216
-0.358209
-0.354542
-0.351727
-0.350261
-0.350497
-0.352491
-0.355901
-0.360165
-0.364638
-0.368743
-0.372076
-0.374443
-0.375793
-0.376135
-0.375516
-0.373979
-0.371521
-0.368138
-0.36389
-0.358915
-0.353619
-0.348695
-0.345072
-0.343657
-0.345045
-0.349172
-0.355391
-0.36274
-0.370362
-0.377586
-0.384018
-0.389438
-0.393729
-0.396817
-0.398668
-0.399263
-0.398657
-0.396961
-0.394391
-0.391274
-0.388092
-0.38542
-0.383835
-0.383837
-0.385687
-0.389325
-0.394431
-0.400511
-0.407014
-0.413494
-0.419609
-0.425163
-0.43005
-0.434274
-0.437804
-0.440688
-0.442942
-0.444568
-0.445573
-0.445924
-0.445641
-0.444665
-0.443002
-0.440662
-0.437715
-0.434218
-0.43028
-0.426051
-0.421667
-0.417276
-0.413028
-0.409125
-0.405779
-0.403244
-0.401825
-0.401728
-0.403056
-0.405768
-0.409725
-0.414757
-0.420697
-0.427369
-0.434536
-0.441881
-0.449069
-0.455749
-0.46167
-0.466655
-0.470602
-0.473395
-0.474949
-0.475086
-0.473612
-0.470257
-0.464747
-0.456849
-0.446435
-0.433655
-0.419045
-0.403723
-0.389302
-0.377573
-0.369891
-0.366701
-0.367506
-0.371263
-0.376945
-0.383848
-0.391582
-0.399841
-0.40824
-0.4163
-0.423436
-0.429129
-0.432957
-0.434642
-0.434017
-0.431144
-0.426361
-0.420341
-0.414162
-0.409043
-0.405949
-0.405232
-0.40648
-0.408748
-0.410979
-0.412384
-0.412493
-0.411166
-0.408418
-0.404377
-0.399223
-0.393181
-0.386525
-0.379595
-0.372786
-0.36658
-0.361385
-0.357549
-0.355284
-0.354581
-0.355252
-0.356975
-0.359335
-0.361914
-0.364353
-0.366382
-0.367814
-0.368554
-0.368563
-0.367863
-0.366501
-0.364579
-0.362197
-0.359452
-0.356494
-0.353452
-0.350471
-0.347673
-0.345181
-0.342991
-0.341039
-0.339117
-0.336935
-0.334192
-0.330696
-0.326486
-0.321958
-0.317951
-0.315441
-0.315244
-0.317593
-0.322003
-0.327554
-0.333242
-0.338322
-0.342417
-0.345453
-0.347554
-0.348924
-0.349805
-0.350399
-0.350859
-0.351289
-0.35169
-0.351989
-0.351996
-0.35146
-0.350066
-0.347517
-0.34359
-0.338373
-0.332391
-0.326705
-0.322779
-0.321875
-0.324449
-0.329905
-0.336901
-0.343973
-0.350055
-0.35464
-0.357655
-0.359268
-0.35976
-0.359438
-0.358585
-0.357433
-0.356191
-0.355026
-0.354044
-0.35334
-0.352957
-0.35292
-0.353245
-0.353913
-0.354894
-0.356172
-0.357727
-0.359528
-0.361541
-0.363692
-0.365935
-0.368166
-0.370302
-0.372247
-0.373939
-0.375307
-0.376318
-0.376958
-0.377242
-0.377239
-0.376995
-0.376611
-0.376179
-0.375797
-0.375545
-0.375524
-0.375793
-0.376413
-0.377428
-0.378871
-0.380751
-0.383052
-0.385703
-0.388606
-0.3916
-0.394518
-0.39715
-0.399268
-0.400662
-0.401128
-0.400498
-0.398673
-0.395692
-0.391747
-0.387267
-0.382906
-0.379404
-0.377497
-0.377595
-0.379656
-0.383186
-0.387433
-0.39159
-0.394973
-0.397152
-0.397945
-0.397434
-0.395923
-0.393863
-0.391793
-0.390213
-0.389509
-0.389856
-0.391202
-0.393402
-0.39623
-0.399429
-0.402818
-0.406248
-0.409634
-0.412914
-0.416033
-0.418979
-0.421737
-0.424296
-0.426659
-0.428829
-0.430807
-0.432602
-0.434224
-0.435663
-0.43692
-0.437995
-0.438868
-0.439534
-0.439984
-0.440226
-0.440267
-0.440133
-0.439811
-0.43932
-0.438683
-0.437921
-0.43711
-0.436364
-0.43581
-0.435514
-0.435414
-0.435303
-0.434769
-0.433343
-0.430643
-0.426471
-0.421012
-0.414794
-0.408669
-0.403607
-0.4004
-0.399587
-0.401279
-0.405295
-0.411248
-0.41857
-0.426637
-0.434782
-0.442412
-0.449055
-0.454389
-0.458235
-0.460548
-0.461372
-0.460791
-0.458932
-0.45596
-0.452047
-0.447348
-0.442065
-0.436366
-0.430412
-0.424349
-0.418295
-0.412371
-0.406721
-0.401539
-0.397108
-0.393805
-0.392032
-0.392249
-0.394854
-0.400032
-0.407564
-0.416796
-0.426772
-0.436417
-0.444895
-0.451688
-0.456615
-0.459757
-0.461349
-0.461696
-0.461149
-0.460054
-0.458719
-0.457435
-0.456458
-0.456012
-0.456239
-0.457179
-0.458778
-0.460904
-0.46338
-0.465989
-0.468546
-0.470906
-0.472944
-0.474577
-0.475738
-0.476395
-0.476498
-0.476007
-0.474878
-0.473069
-0.470544
-0.467289
-0.463301
-0.458623
-0.453336
-0.4476
-0.441617
-0.435669
-0.430069
-0.425195
-0.421423
-0.419082
-0.418423
-0.419574
-0.422473
-0.426835
-0.432224
-0.438053
-0.443708
-0.448573
-0.452208
-0.454317
-0.454926
-0.454348
-0.45319
-0.452204
-0.452161
-0.453648
-0.456894
-0.461695
-0.467515
-0.473665
-0.479499
-0.484596
-0.488785
-0.492108
-0.494761
-0.496993
-0.499015
-0.501037
-0.503125
-0.505288
-0.507468
-0.509544
-0.511346
-0.512751
-0.513625
-0.513869
-0.513424
-0.512297
-0.510568
-0.508388
-0.505999
-0.503711
-0.501894
-0.500878
-0.500883
-0.501967
-0.503969
-0.506604
-0.509506
-0.512341
-0.514806
-0.516697
-0.517914
-0.518398
-0.51818
-0.517325
-0.515966
-0.514275
-0.512415
-0.510587
-0.508976
-0.507686
-0.506801
-0.50632
-0.506191
-0.506351
-0.506717
-0.507234
-0.507814
-0.508447
-0.509124
-0.509873
-0.510725
-0.511695
-0.512767
-0.513889
-0.514945
-0.515834
-0.516435
-0.516665
-0.516503
-0.515992
-0.515229
-0.514355
-0.513489
-0.512744
-0.512193
-0.511859
-0.511762
-0.5119
-0.512259
-0.512883
-0.513792
-0.515013
-0.516562
-0.518397
-0.520437
-0.522538
-0.524597
-0.526455
-0.528008
-0.529151
-0.529851
-0.530083
-0.529842
-0.529103
-0.527862
-0.526115
-0.523838
-0.521032
-0.517706
-0.513892
-0.509664
-0.505066
-0.500165
-0.495047
-0.489712
-0.484184
-0.478521
-0.472882
-0.467508
-0.462809
-0.459174
-0.456834
-0.455694
-0.45544
-0.455626
-0.455862
-0.455965
-0.455996
-0.456138
-0.456661
-0.457757
-0.459492
-0.461789
-0.46447
-0.467329
-0.470105
-0.47264
-0.474785
-0.476481
-0.477692
-0.478421
-0.478699
-0.47857
-0.478061
-0.477236
-0.476144
-0.474812
-0.473277
-0.471584
-0.469753
-0.467846
-0.465899
-0.463931
-0.461969
-0.460032
-0.45814
-0.456304
-0.454541
-0.452899
-0.451426
-0.450176
-0.449217
-0.448591
-0.448316
-0.448327
-0.448576
-0.448939
-0.449278
-0.449474
-0.449392
-0.44892
-0.447964
-0.446348
-0.443802
-0.439912
-0.434063
-0.425617
-0.414289
-0.400889
-0.388109
-0.380207
-0.380784
-0.389947
-0.404044
-0.418365
-0.429605
-0.436465
-0.439021
-0.437993
-0.434225
-0.428618
-0.422107
-0.415555
-0.409741
-0.405187
-0.402111
-0.400484
-0.400102
-0.400805
-0.402484
-0.405094
-0.4085
-0.412431
-0.416547
-0.420428
-0.423765
-0.426415
-0.428411
-0.429957
-0.431332
-0.432788
-0.434498
-0.436501
-0.438717
-0.440988
-0.443139
-0.445009
-0.446487
-0.447508
-0.448067
-0.448192
-0.447921
-0.447346
-0.446521
-0.445508
-0.444357
-0.443096
-0.441745
-0.440281
-0.438729
-0.437084
-0.435398
-0.433732
-0.432216
-0.430965
-0.4301
-0.429727
-0.42985
-0.430451
-0.431355
-0.432342
-0.433145
-0.43344
-0.432922
-0.431275
-0.428297
-0.423899
-0.418206
-0.411651
-0.404944
-0.399008
-0.394741
-0.392663
-0.392874
-0.395031
-0.398617
-0.403113
-0.408042
-0.412928
-0.417267
-0.42059
-0.422518
-0.42297
-0.422303
-0.421338
-0.421108
-0.422479
-0.425735
-0.43048
-0.435818
-0.440786
-0.444686
-0.447157
-0.448148
-0.447776
-0.446262
-0.443855
-0.440814
-0.437395
-0.433828
-0.430309
-0.427015
-0.424074
-0.421548
-0.41942
-0.417646
-0.416103
-0.414624
-0.412997
-0.410953
-0.408295
-0.405011
-0.401371
-0.398049
-0.395967
-0.396013
-0.398589
-0.403463
-0.40981
-0.416562
-0.422859
-0.428096
-0.432043
-0.434691
-0.436255
-0.436949
-0.437054
-0.436802
-0.436343
-0.435806
-0.435215
-0.434542
-0.433721
-0.432643
-0.43121
-0.429331
-0.426941
-0.423997
-0.420497
-0.4165
-0.412131
-0.407607
-0.403224
-0.399337
-0.396281
-0.394297
-0.393483
-0.393719
-0.394731
-0.396122
-0.397468
-0.398413
-0.398702
-0.398199
-0.396885
-0.394834
-0.39224
-0.389325
-0.386395
-0.383731
-0.3816
-0.380213
-0.379686
-0.380033
-0.381211
-0.383049
-0.385361
-0.387905
-0.390468
-0.392856
-0.394896
-0.39648
-0.397536
-0.398046
-0.398013
-0.397466
-0.396438
-0.394985
-0.393203
-0.39116
-0.388938
-0.38665
-0.384385
-0.38224
-0.380284
-0.378596
-0.377199
-0.376096
-0.375305
-0.374766
-0.374446
-0.374284
-0.374203
-0.374126
-0.373975
-0.373636
-0.373019
-0.372023
-0.370573
-0.368641
-0.366291
-0.363641
-0.360953
-0.358594
-0.356932
-0.356249
-0.35667
-0.358107
-0.360253
-0.362721
-0.365168
-0.367306
-0.36898
-0.370131
-0.370793
-0.371008
-0.370859
-0.370407
-0.369705
-0.36875
-0.367541
-0.366048
-0.364263
-0.362171
-0.359779
-0.357152
-0.354406
-0.351708
-0.349293
-0.347439
-0.346378
-0.346283
-0.347209
-0.349089
-0.351713
-0.354804
-0.3581
-0.361353
-0.364395
-0.367118
-0.369461
-0.371431
-0.373068
-0.374405
-0.37551
-0.376441
-0.377256
-0.378011
-0.378738
-0.379461
-0.380215
-0.380964
-0.381664
-0.382247
-0.382609
-0.382584
-0.382007
-0.380615
-0.378159
-0.374354
-0.369066
-0.362441
-0.355092
-0.348222
-0.343403
-0.342049
-0.344702
-0.350705
-0.358601
-0.366873
-0.374401
-0.380656
-0.385513
-0.389144
-0.391759
-0.393583
-0.394803
-0.395516
-0.395803
-0.395673
-0.395129
-0.394175
-0.392774
-0.390991
-0.388918
-0.386711
-0.3846
-0.382835
-0.381685
-0.381303
-0.38173
-0.382819
-0.384358
-0.386059
-0.387642
-0.388902
-0.389719
-0.390071
-0.390017
-0.389649
-0.389153
-0.388668
-0.388384
-0.388423
-0.38885
-0.389685
-0.390855
-0.392247
-0.3937
-0.395063
-0.396233
-0.397087
-0.397532
-0.397524
-0.396999
-0.39596
-0.394463
-0.392683
-0.390954
-0.389704
-0.389334
-0.390141
-0.392141
-0.395122
-0.398714
-0.402489
-0.406122
-0.40942
-0.412299
-0.414797
-0.416963
-0.418932
-0.420795
-0.422623
-0.424434
-0.426247
-0.428035
-0.429756
-0.431354
-0.432796
-0.434031
-0.435051
-0.435821
-0.436353
-0.436643
-0.436721
-0.436599
-0.436296
-0.435858
-0.43529
-0.434656
-0.433959
-0.43326
-0.432601
-0.432013
-0.431573
-0.431318
-0.431301
-0.431538
-0.43205
-0.432836
-0.433835
-0.434979
-0.436142
-0.437183
-0.437912
-0.438133
-0.437643
-0.436233
-0.433746
-0.430082
-0.425266
-0.419464
-0.413026
-0.40641
-0.400124
-0.394563
-0.389913
-0.386246
-0.383608
-0.382219
-0.382472
-0.384726
-0.389049
-0.395094
-0.40223
-0.409717
-0.416961
-0.423508
-0.429058
-0.433465
-0.436654
-0.438641
-0.439498
-0.439346
-0.438314
-0.436544
-0.434214
-0.431478
-0.42852
-0.425466
-0.422488
-0.419693
-0.417195
-0.415036
-0.413234
-0.41175
-0.410526
-0.409492
-0.408581
-0.407725
-0.40688
-0.406039
-0.405213
-0.404448
-0.40379
-0.403299
-0.40304
-0.403036
-0.403295
-0.403771
-0.404434
-0.405215
-0.406045
-0.40684
-0.407535
-0.408055
-0.408328
-0.408311
-0.407921
-0.407132
-0.405887
-0.404217
-0.402161
-0.399866
-0.397529
-0.395456
-0.393951
-0.393296
-0.39365
-0.395024
-0.397269
-0.400137
-0.403337
-0.406602
-0.409728
-0.412565
-0.415021
-0.417032
-0.418569
-0.419591
-0.420069
-0.420011
-0.419399
-0.418264
-0.416624
-0.414542
-0.412076
-0.409295
-0.406307
-0.403173
-0.400019
-0.396993
-0.394251
-0.39204
-0.390607
-0.390194
-0.390933
-0.392765
-0.395432
-0.398559
-0.401697
-0.404468
-0.406621
-0.408055
-0.408742
-0.408779
-0.408267
-0.407307
-0.405967
-0.404307
-0.402448
-0.400486
-0.398607
-0.396997
-0.395746
-0.394844
-0.394142
-0.393465
-0.392742
-0.392121
-0.391974
-0.392799
-0.394935
-0.398411
-0.402903
-0.407857
-0.412682
-0.416924
-0.420339
-0.422837
-0.424443
-0.425269
-0.42541
-0.424988
-0.424088
-0.4228
-0.421159
-0.419235
-0.417094
-0.414813
-0.412457
-0.410119
-0.407856
-0.405707
-0.4037
-0.401869
-0.400263
-0.398965
-0.398042
-0.397614
-0.39776
-0.39854
-0.399921
-0.401844
-0.404174
-0.406772
-0.409461
-0.412129
-0.414663
-0.417004
-0.419109
-0.42096
-0.42258
-0.423999
-0.425237
-0.426321
-0.427296
-0.42817
-0.428972
-0.429719
-0.4304
-0.431003
-0.43152
-0.431904
-0.432129
-0.432122
-0.431814
-0.431131
-0.429998
-0.428294
-0.425936
-0.422823
-0.418845
-0.413851
-0.407665
-0.400099
-0.391057
-0.380809
-0.370348
-0.361519
-0.356569
-0.35698
-0.362381
-0.370687
-0.379434
-0.386901
-0.392527
-0.396629
-0.399874
-0.402915
-0.406192
-0.409817
-0.413706
-0.417619
-0.42131
-0.424617
-0.427509
-0.430013
-0.432179
-0.433992
-0.435429
-0.436423
-0.436942
-0.436998
-0.436672
-0.436134
-0.435537
-0.435069
-0.434862
-0.435024
-0.435559
-0.4364
-0.437432
-0.438452
-0.439237
-0.439558
-0.439218
-0.438117
-0.436299
-0.433958
-0.431399
-0.429011
-0.427164
-0.426145
-0.426119
-0.427194
-0.429417
-0.432791
-0.437256
-0.442688
-0.448817
-0.455317
-0.461782
-0.467796
-0.472994
-0.477104
-0.479942
-0.481438
-0.481623
-0.480588
-0.478534
-0.475742
-0.472557
-0.469383
-0.466562
-0.464332
-0.462766
-0.461763
-0.461071
-0.460359
-0.459379
-0.457949
-0.456029
-0.453613
-0.450742
-0.447366
-0.443324
-0.438408
-0.432519
-0.425811
-0.418897
-0.412801
-0.408653
-0.407336
-0.409247
-0.41415
-0.421431
-0.430131
-0.439233
-0.447836
-0.455357
-0.461523
-0.46637
-0.470081
-0.472904
-0.475081
-0.476823
-0.478286
-0.479575
-0.480782
-0.481932
-0.483047
-0.484116
-0.485119
-0.486001
-0.486707
-0.487174
-0.487315
-0.487071
-0.486347
-0.485055
-0.483144
-0.480561
-0.477343
-0.473577
-0.469409
-0.46512
-0.461023
-0.457445
-0.454629
-0.452626
-0.451296
-0.450261
-0.448959
-0.446773
-0.44317
-0.437913
-0.431182
-0.423735
-0.416724
-0.411353
-0.40835
-0.407657
-0.40861
-0.410299
-0.412032
-0.41345
-0.414481
-0.415244
-0.415913
-0.416669
-0.417703
-0.419204
-0.421344
-0.424207
-0.427724
-0.431724
-0.435984
-0.440217
-0.444223
-0.447834
-0.450962
-0.453562
-0.45562
-0.457146
-0.458158
-0.458654
-0.458623
-0.458041
-0.45691
-0.455245
-0.45305
-0.450409
-0.447464
-0.444366
-0.441309
-0.438485
-0.436046
-0.434046
-0.432443
-0.431112
-0.429861
-0.428497
-0.426831
-0.424724
-0.422043
-0.418741
-0.414782
-0.410196
-0.405057
-0.399497
-0.393751
-0.388117
-0.382978
-0.378732
-0.37572
-0.374114
-0.37387
-0.37474
-0.376332
-0.378264
-0.380232
-0.38208
-0.383753
-0.385289
-0.386767
-0.388251
-0.389716
-0.391137
-0.392409
-0.393406
-0.394026
-0.394156
-0.393745
-0.392768
-0.391259
-0.389329
-0.38713
-0.38488
-0.382797
-0.381099
-0.379959
-0.379456
-0.379593
-0.38032
-0.381562
-0.383232
-0.385229
-0.387497
-0.389931
-0.392462
-0.395036
-0.397574
-0.400003
-0.402288
-0.404369
-0.406236
-0.407872
-0.409231
-0.41029
-0.411039
-0.411442
-0.411475
-0.411108
-0.410309
-0.409092
-0.407441
-0.405403
-0.403007
-0.400338
-0.397476
-0.394499
-0.391508
-0.388568
-0.385754
-0.383123
-0.380709
-0.378656
-0.377216
-0.376845
-0.378108
-0.381436
-0.3868
-0.393587
-0.400797
-0.407418
-0.412719
-0.416361
-0.418349
-0.418915
-0.418414
-0.417241
-0.415706
-0.414112
-0.412626
-0.411359
-0.410344
-0.409592
-0.409104
-0.408928
-0.409122
-0.409756
-0.410872
-0.412421
-0.414259
-0.416178
-0.417885
-0.419132
-0.419718
-0.419516
-0.418514
-0.416778
-0.41439
-0.411449
-0.40805
-0.404261
-0.400125
-0.3957
-0.391079
-0.386449
-0.382084
-0.378354
-0.375558
-0.37383
-0.373088
-0.372943
-0.372931
-0.372674
-0.372094
-0.371523
-0.371637
-0.373165
-0.376613
-0.381934
-0.388538
-0.395547
-0.402041
-0.407346
-0.411035
-0.412855
-0.412767
-0.410806
-0.407165
-0.402119
-0.396137
-0.389798
-0.383685
-0.378261
-0.373745
-0.370094
-0.367147
-0.364775
-0.362907
-0.361502
-0.360512
-0.359824
-0.359448
-0.359536
-0.360469
-0.362664
-0.366311
-0.371211
-0.376825
-0.382469
-0.38753
-0.391632
-0.394632
-0.396568
-0.397571
-0.397818
-0.397486
-0.396744
-0.395679
-0.39436
-0.392771
-0.390855
-0.38851
-0.385615
-0.38208
-0.377868
-0.373095
-0.368042
-0.363149
-0.358997
-0.356152
-0.355003
-0.355717
-0.358139
-0.361878
-0.366323
-0.370764
-0.374517
-0.377
-0.377851
-0.376966
-0.374501
-0.370924
-0.366948
-0.363491
-0.361423
-0.361352
-0.36346
-0.367408
-0.372564
-0.378155
-0.383489
-0.388033
-0.391459
-0.393606
-0.394453
-0.394081
-0.392616
-0.390279
-0.387301
-0.383935
-0.380428
-0.376984
-0.373757
-0.370852
-0.368376
-0.36648
-0.365427
-0.365559
-0.367289
-0.370877
-0.376283
-0.383063
-0.390491
-0.397736
-0.404053
-0.408922
-0.412009
-0.413173
-0.412426
-0.40993
-0.406043
-0.401349
-0.396669
-0.392986
-0.391215
-0.391819
-0.394649
-0.398963
-0.403604
-0.407376
-0.409258
-0.408586
-0.405231
-0.399707
-0.393311
-0.387863
-0.385156
-0.38607
-0.390232
-0.396402
-0.403251
-0.40991
-0.416056
-0.42171
-0.426957
-0.431788
-0.436036
-0.439374
-0.441447
-0.441849
-0.440218
-0.436253
-0.42982
-0.421017
-0.410312
-0.398673
-0.387473
-0.378255
-0.372242
-0.369889
-0.370692
-0.373427
-0.376674
-0.3792
-0.380204
-0.379529
-0.377621
-0.375457
-0.37425
-0.374978
-0.378131
-0.383624
-0.390938
-0.399418
-0.408379
-0.417164
-0.425199
-0.432021
-0.437352
-0.441086
-0.443276
-0.444119
-0.443898
-0.442907
-0.44145
-0.439757
-0.438022
-0.436367
-0.434881
-0.433619
-0.432601
-0.431866
-0.431432
-0.431302
-0.431479
-0.431919
-0.432548
-0.433202
-0.433728
-0.433887
-0.433421
-0.432095
-0.429641
-0.42591
-0.420855
-0.414599
-0.407497
-0.400176
-0.393455
-0.388234
-0.385249
-0.38479
-0.386601
-0.389973
-0.394001
-0.397866
-0.400988
-0.403106
-0.404218
-0.404531
-0.404366
-0.404085
-0.404004
-0.404371
-0.405298
-0.406729
-0.408499
-0.410341
-0.411956
-0.41305
-0.413414
-0.412931
-0.411619
-0.409669
-0.407339
-0.404993
-0.402935
-0.40134
-0.400216
-0.399378
-0.398586
-0.397556
-0.396137
-0.394234
-0.39194
-0.389443
-0.387009
-0.384877
-0.383263
-0.38223
-0.381673
-0.381338
-0.380864
-0.379889
-0.378144
-0.375527
-0.372109
-0.368154
-0.364022
-0.360127
-0.356801
-0.354284
-0.352615
-0.351761
-0.35158
-0.351935
-0.352722
-0.353862
-0.355297
-0.356969
-0.358806
-0.360733
-0.362648
-0.364446
-0.366062
-0.367422
-0.368513
-0.36932
-0.369845
-0.370096
-0.370032
-0.369609
-0.368749
-0.367376
-0.365492
-0.363199
-0.360763
-0.358598
-0.357223
-0.357099
-0.358521
-0.361411
-0.365435
-0.370046
-0.374696
-0.37895
-0.382496
-0.385196
-0.386987
-0.387863
-0.387857
-0.386991
-0.385294
-0.38279
-0.379514
-0.375559
-0.371018
-0.36605
-0.36084
-0.355576
-0.350487
-0.345789
-0.341651
-0.338235
-0.335625
-0.333887
-0.333099
-0.333382
-0.334901
-0.337815
-0.342254
-0.348109
-0.355006
-0.362353
-0.369432
-0.375543
-0.380099
-0.382679
-0.382953
-0.380771
-0.376176
-0.369635
-0.362166
-0.355393
-0.351255
-0.351091
-0.354948
-0.361582
-0.369154
-0.37609
-0.381561
-0.385401
-0.387933
-0.389714
-0.391334
-0.393248
-0.395703
-0.398714
-0.402057
-0.405396
-0.408354
-0.410589
-0.411853
-0.411922
-0.410726
-0.40824
-0.40456
-0.399863
-0.394444
-0.388731
-0.383203
-0.378312
-0.374401
-0.371664
-0.370071
-0.369458
-0.36953
-0.369987
-0.370534
-0.370941
-0.371044
-0.370813
-0.370368
-0.369979
-0.370109
-0.371323
-0.374124
-0.378762
-0.385144
-0.392863
-0.401336
-0.409913
-0.418029
-0.425273
-0.431349
-0.436161
-0.439709
-0.442076
-0.443386
-0.443801
-0.443461
-0.44251
-0.441068
-0.439273
-0.437264
-0.435172
-0.433132
-0.431295
-0.429811
-0.428807
-0.428345
-0.428458
-0.429058
-0.430018
-0.431169
-0.432314
-0.433244
-0.433769
-0.433698
-0.432873
-0.4312
-0.42857
-0.424953
-0.420394
-0.415017
-0.40902
-0.402665
-0.396257
-0.390101
-0.384395
-0.379305
-0.374881
-0.371242
-0.368545
-0.36705
-0.367032
-0.368644
-0.371796
-0.376141
-0.38113
-0.386222
-0.390953
-0.395033
-0.398309
-0.400742
-0.402329
-0.403131
-0.403212
-0.402662
-0.401574
-0.400078
-0.398333
-0.396528
-0.394842
-0.393457
-0.392513
-0.39208
-0.392157
-0.392691
-0.393593
-0.394782
-0.396186
-0.397735
-0.399384
-0.401093
-0.402794
-0.404426
-0.405888
-0.4071
-0.407966
-0.40839
-0.408307
-0.407668
-0.406399
-0.404458
-0.401786
-0.398329
-0.394098
-0.38911
-0.383464
-0.37736
-0.37113
-0.365144
-0.35981
-0.355429
-0.352195
-0.350282
-0.349861
-0.351196
-0.354511
-0.359808
-0.366667
-0.374307
-0.381769
-0.388165
-0.392826
-0.395368
-0.395735
-0.394178
-0.391359
-0.388208
-0.385868
-0.385336
-0.387076
-0.390885
-0.395998
-0.401461
-0.406431
-0.410428
-0.413208
-0.414772
-0.415216
-0.414665
-0.413309
-0.411274
-0.408703
-0.405699
-0.402405
-0.398913
-0.395277
-0.391574
-0.387836
-0.38404
-0.38012
-0.376037
-0.37177
-0.367389
-0.363111
-0.359283
-0.356411
-0.35501
-0.355462
-0.357856
-0.361976
-0.367348
-0.373413
-0.37964
-0.385632
-0.391197
-0.396224
-0.400724
-0.404727
-0.408285
-0.411463
-0.414315
-0.416891
-0.419215
-0.421332
-0.423263
-0.425018
-0.42661
-0.428037
-0.429317
-0.430433
-0.431365
-0.432095
-0.432605
-0.432873
-0.432885
-0.432611
-0.432025
-0.43109
-0.429776
-0.428023
-0.425779
-0.422979
-0.419551
-0.415464
-0.410743
-0.405475
-0.399903
-0.394397
-0.389489
-0.385828
-0.38408
-0.38475
-0.388005
-0.393577
-0.400836
-0.408934
-0.417072
-0.424647
-0.431296
-0.436879
-0.441401
-0.444981
-0.447785
-0.449969
-0.451694
-0.453069
-0.454183
-0.455036
-0.455608
-0.455834
-0.455592
-0.45476
-0.45321
-0.450808
-0.447457
-0.443117
-0.437813
-0.43172
-0.425113
-0.418423
-0.412211
-0.407061
-0.403578
-0.402211
-0.403192
-0.406484
-0.411808
-0.418642
-0.426392
-0.434448
-0.442241
-0.449327
-0.455369
-0.460175
-0.463651
-0.465799
-0.466687
-0.466426
-0.465174
-0.463089
-0.460335
-0.457077
-0.453487
-0.449688
-0.445818
-0.442011
-0.438387
-0.435099
-0.432331
-0.430294
-0.429234
-0.429328
-0.430633
-0.433037
-0.436233
-0.43982
-0.443316
-0.446327
-0.448554
-0.449789
-0.449958
-0.449106
-0.447329
-0.444806
-0.441726
-0.438293
-0.434665
-0.431026
-0.427486
-0.424161
-0.421161
-0.418585
-0.416523
-0.415064
-0.414291
-0.414273
-0.415035
-0.416608
-0.418931
-0.421933
-0.425469
-0.429328
-0.433297
-0.437138
-0.440661
-0.443693
-0.446112
-0.447803
-0.448739
-0.448896
-0.448276
-0.446943
-0.444963
-0.44246
-0.439593
-0.43655
-0.433548
-0.430799
-0.4285
-0.426793
-0.425705
-0.425152
-0.424843
-0.42438
-0.42323
-0.420918
-0.417193
-0.412273
-0.407088
-0.403154
-0.402133
-0.404979
-0.411389
-0.41997
-0.428989
-0.437066
-0.443472
-0.448027
-0.450902
-0.452417
-0.452905
-0.452733
-0.452176
-0.451493
-0.450883
-0.450478
-0.450328
-0.450408
-0.450626
-0.450851
-0.450917
-0.450659
-0.449959
-0.448712
-0.446874
-0.444458
-0.441545
-0.438278
-0.434897
-0.431663
-0.428892
-0.426848
-0.425757
-0.425686
-0.426601
-0.428348
-0.430709
-0.433453
-0.436302
-0.439002
-0.44127
-0.442817
-0.443278
-0.442304
-0.439536
-0.434747
-0.428052
-0.420126
-0.412355
-0.406649
-0.404781
-0.407332
-0.4135
-0.421507
-0.429567
-0.43653
-0.441962
-0.44602
-0.449132
-0.451826
-0.454569
-0.457694
-0.461318
-0.465363
-0.469569
-0.473557
-0.476879
-0.479109
-0.479874
-0.478956
-0.476378
-0.472465
-0.467905
-0.463631
-0.460508
-0.458962
-0.458699
-0.458831
-0.458217
-0.455877
-0.451189
-0.443909
-0.4341
-0.422101
-0.408362
-0.393579
-0.378671
-0.364882
-0.353818
-0.347251
-0.346694
-0.352808
-0.364978
-0.381396
-0.399676
-0.417576
-0.43355
-0.446775
-0.45706
-0.464577
-0.469691
-0.472799
-0.474279
-0.474478
-0.473675
-0.472098
-0.469935
-0.467353
-0.464512
-0.461517
-0.458459
-0.455437
-0.452542
-0.449843
-0.447405
-0.445274
-0.443445
-0.441874
-0.440455
-0.439072
-0.437548
-0.435738
-0.433501
-0.43076
-0.427483
-0.423747
-0.419752
-0.415793
-0.412187
-0.409257
-0.407223
-0.406136
-0.405885
-0.40621
-0.406801
-0.407332
-0.407576
-0.407383
-0.406708
-0.40562
-0.404228
-0.40264
-0.400945
-0.399202
-0.397382
-0.395354
-0.392948
-0.389922
-0.386054
-0.381221
-0.375486
-0.369322
-0.363668
-0.359795
-0.358889
-0.361438
-0.366962
-0.374255
-0.381921
-0.388881
-0.394559
-0.398802
-0.401731
-0.403588
-0.404626
-0.4051
-0.4052
-0.405074
-0.404825
-0.40453
-0.404221
-0.403905
-0.403602
-0.403296
-0.402977
-0.402629
-0.40224
-0.401803
-0.401307
-0.400751
-0.400112
-0.399386
-0.398548
-0.39754
-0.396345
-0.394922
-0.393242
-0.391258
-0.388916
-0.386206
-0.383135
-0.379699
-0.375995
-0.372158
-0.36837
-0.364905
-0.362045
-0.360041
-0.358992
-0.358889
-0.359565
-0.360815
-0.362438
-0.364381
-0.366669
-0.369366
-0.372515
-0.37606
-0.379799
-0.383445
-0.386693
-0.38925
-0.390915
-0.391534
-0.391
-0.38927
-0.386301
-0.382101
-0.376718
-0.370302
-0.363156
-0.35575
-0.348797
-0.343067
-0.339335
-0.338079
-0.33933
-0.34267
-0.347356
-0.35257
-0.357603
-0.361995
-0.365478
-0.368004
-0.369654
-0.370614
-0.371118
-0.371391
-0.371641
-0.372007
-0.372574
-0.373314
-0.374099
-0.374728
-0.374937
-0.374427
-0.372858
-0.369927
-0.365321
-0.358816
-0.350322
-0.340038
-0.328608
-0.317301
-0.307912
-0.302269
-0.30151
-0.305583
-0.31337
-0.323287
-0.333914
-0.344225
-0.353505
-0.361305
-0.367211
-0.370917
-0.372176
-0.370823
-0.366897
-0.360701
-0.352929
-0.344703
-0.337533
-0.332949
-0.332009
-0.334914
-0.340952
-0.348779
-0.356986
-0.364457
-0.37051
-0.374845
-0.377472
-0.378503
-0.378137
-0.376546
-0.3739
-0.370374
-0.36618
-0.361525
-0.356696
-0.351989
-0.347668
-0.343989
-0.341098
-0.3391
-0.338039
-0.337938
-0.338861
-0.340798
-0.343674
-0.347301
-0.351309
-0.355217
-0.358557
-0.360922
-0.36204
-0.361769
-0.360091
-0.357106
-0.353
-0.348038
-0.342608
-0.337212
-0.332524
-0.329277
-0.328102
-0.329299
-0.332669
-0.337605
-0.343289
-0.349011
-0.354289
-0.358857
-0.36266
-0.365721
-0.368125
-0.369946
-0.371256
-0.372129
-0.372606
-0.372727
-0.372564
-0.372174
-0.37162
-0.37098
-0.370293
-0.369626
-0.369018
-0.368497
-0.368063
-0.367729
-0.367489
-0.367298
-0.36713
-0.366923
-0.366602
-0.366116
-0.365439
-0.3646
-0.363705
-0.362919
-0.362461
-0.362545
-0.363336
-0.364903
-0.367229
-0.370202
-0.373651
-0.377366
-0.381138
-0.384812
-0.388237
-0.391294
-0.393913
-0.396045
-0.397724
-0.398941
-0.399712
-0.400099
-0.400153
-0.399915
-0.399457
-0.39881
-0.398032
-0.397124
-0.396089
-0.39486
-0.393355
-0.391401
-0.388827
-0.385451
-0.381136
-0.375885
-0.369978
-0.364009
-0.358814
-0.355135
-0.353259
-0.352806
-0.35292
-0.352791
-0.352173
-0.351626
-0.35231
-0.355411
-0.361527
-0.370357
-0.380923
-0.391953
-0.402406
-0.41159
-0.419208
-0.425242
-0.429843
-0.433188
-0.435493
-0.43692
-0.437576
-0.437549
-0.436857
-0.435486
-0.4334
-0.430552
-0.426869
-0.422335
-0.416908
-0.41064
-0.40364
-0.396108
-0.388364
-0.380845
-0.374131
-0.368872
-0.36565
-0.364753
-0.366142
-0.369403
-0.373938
-0.379158
-0.384543
-0.389744
-0.394524
-0.398692
-0.402081
-0.40455
-0.406025
-0.406451
-0.405877
-0.404421
-0.402276
-0.399718
-0.397064
-0.394621
-0.392712
-0.391586
-0.391368
-0.392087
-0.393635
-0.395793
-0.398267
-0.400713
-0.402849
-0.404394
-0.405192
-0.405174
-0.404397
-0.402996
-0.401197
-0.39929
-0.397575
-0.396263
-0.395464
-0.395173
-0.39527
-0.395526
-0.395716
-0.395636
-0.39517
-0.394315
-0.393146
-0.391841
-0.390603
-0.389569
-0.388756
-0.387938
-0.386782
-0.384823
-0.381744
-0.377525
-0.372655
-0.36808
-0.36494
-0.364147
-0.365868
-0.369552
-0.374247
-0.379045
-0.383394
-0.387102
-0.390232
-0.392948
-0.39544
-0.397803
-0.40009
-0.402241
-0.404209
-0.405902
-0.407274
-0.408291
-0.408931
-0.409194
-0.409123
-0.408741
-0.408073
-0.407149
-0.405963
-0.40451
-0.402768
-0.400707
-0.39833
-0.395692
-0.392912
-0.390203
-0.38784
-0.386102
-0.385217
-0.385255
-0.386061
-0.387294
-0.38848
-0.389114
-0.388735
-0.386996
-0.38372
-0.378962
-0.373092
-0.36687
-0.361382
-0.357813
-0.357079
-0.359466
-0.364556
-0.371467
-0.379217
-0.386987
-0.394177
-0.400429
-0.40554
-0.409436
-0.412072
-0.413453
-0.413625
-0.412688
-0.410754
-0.408023
-0.40475
-0.401275
-0.39793
-0.395059
-0.392926
-0.391631
-0.391142
-0.391307
-0.39189
-0.392576
-0.39307
-0.393121
-0.392631
-0.3917
-0.390673
-0.39001
-0.390077
-0.390944
-0.392322
-0.393601
-0.39415
-0.393451
-0.39129
-0.387725
-0.383136
-0.37812
-0.37339
-0.369691
-0.367579
-0.367326
-0.368863
-0.371825
-0.375669
-0.379823
-0.38383
-0.387364
-0.39027
-0.392509
-0.394176
-0.395393
-0.39632
-0.397097
-0.397867
-0.398734
-0.399764
-0.400986
-0.40238
-0.403902
-0.405502
-0.407114
-0.408668
-0.410122
-0.411419
-0.412527
-0.413402
-0.414028
-0.414408
-0.414513
-0.414344
-0.413867
-0.413089
-0.411991
-0.410562
-0.408817
-0.406765
-0.40443
-0.401904
-0.399263
-0.396624
-0.394161
-0.392043
-0.390453
-0.389534
-0.389361
-0.389962
-0.391287
-0.393206
-0.395543
-0.398081
-0.400623
-0.402935
-0.404836
-0.406134
-0.406655
-0.406225
-0.404685
-0.401931
-0.397888
-0.392647
-0.386405
-0.379612
-0.372972
-0.367404
-0.363879
-0.363083
-0.3652
-0.369831
-0.376209
-0.383447
-0.390796
-0.397701
-0.403786
-0.40877
-0.41248
-0.414782
-0.415614
-0.414977
-0.412953
-0.40974
-0.405647
-0.40106
-0.396446
-0.392207
-0.388677
-0.386003
-0.384125
-0.382806
-0.38176
-0.380684
-0.379445
-0.378094
-0.376934
-0.37642
-0.377003
-0.379012
-0.382443
-0.38702
-0.392209
-0.397487
-0.402436
-0.406723
-0.410202
-0.412789
-0.41449
-0.415331
-0.415341
-0.414518
-0.412868
-0.410398
-0.407084
-0.402908
-0.397856
-0.391959
-0.385347
-0.378339
-0.371502
-0.36571
-0.361964
-0.361022
-0.363072
-0.367536
-0.373327
-0.379248
-0.384399
-0.388244
-0.390634
-0.391638
-0.391464
-0.390385
-0.388654
-0.386544
-0.384279
-0.382063
-0.380039
-0.378309
-0.376913
-0.375813
-0.374963
-0.374282
-0.373688
-0.373111
-0.372505
-0.371859
-0.371186
-0.370518
-0.369905
-0.369412
-0.369056
-0.368931
-0.369041
-0.369392
-0.370003
-0.370833
-0.37187
-0.373047
-0.37431
-0.375606
-0.376865
-0.378003
-0.378929
-0.37955
-0.379762
-0.379431
-0.378445
-0.376689
-0.374044
-0.370468
-0.366022
-0.360876
-0.355378
-0.350018
-0.345379
-0.342026
-0.340297
-0.340262
-0.341702
-0.344208
-0.34731
-0.350592
-0.35377
-0.356672
-0.359219
-0.361432
-0.363389
-0.365187
-0.366905
-0.368605
-0.370316
-0.372059
-0.373809
-0.375507
-0.377074
-0.378403
-0.379381
-0.379837
-0.379636
-0.378575
-0.37645
-0.373048
-0.368233
-0.362024
-0.354739
-0.347072
-0.340085
-0.334983
-0.332669
-0.333307
-0.336273
-0.340514
-0.345002
-0.349006
-0.352229
-0.354629
-0.356346
-0.357571
-0.358476
-0.359179
-0.35977
-0.360318
-0.360833
-0.361302
-0.361737
-0.362152
-0.362566
-0.362992
-0.363469
-0.364037
-0.364718
-0.36553
-0.366448
-0.367441
-0.368431
-0.369315
-0.36997
-0.37023
-0.369954
-0.368944
-0.367034
-0.364078
-0.359965
-0.354727
-0.348536
-0.341812
-0.335122
-0.329283
-0.325126
-0.323325
-0.324247
-0.327779
-0.3334
-0.340319
-0.347679
-0.354761
-0.361089
-0.366431
-0.370704
-0.37395
-0.376242
-0.377656
-0.378294
-0.378189
-0.377414
-0.375966
-0.373925
-0.371353
-0.368325
-0.364995
-0.361557
-0.358215
-0.35522
-0.352765
-0.351016
-0.350056
-0.349861
-0.350339
-0.351357
-0.352747
-0.354357
-0.356025
-0.357587
-0.358938
-0.359924
-0.360473
-0.360567
-0.360246
-0.359647
-0.35897
-0.358464
-0.358318
-0.358658
-0.35947
-0.360624
-0.361906
-0.363053
-0.363889
-0.364309
-0.364395
-0.364385
-0.364664
-0.365638
-0.367612
-0.370703
-0.374739
-0.379376
-0.384175
-0.388737
-0.392761
-0.396108
-0.398714
-0.400594
-0.401819
-0.402469
-0.402623
-0.402336
-0.401691
-0.400758
-0.399587
-0.398266
-0.396874
-0.395505
-0.3942
-0.39303
-0.391973
-0.390943
-0.389799
-0.388349
-0.386426
-0.38404
-0.38141
-0.379075
-0.377762
-0.378193
-0.38075
-0.385267
-0.391128
-0.3975
-0.40363
-0.408976
-0.413312
-0.416576
-0.418854
-0.420306
-0.421068
-0.421304
-0.421096
-0.420552
-0.419727
-0.418604
-0.417214
-0.415532
-0.413504
-0.411077
-0.408204
-0.404875
-0.4011
-0.396906
-0.392419
-0.387759
-0.383133
-0.378709
-0.374695
-0.37124
-0.368479
-0.366439
-0.365098
-0.364353
-0.364067
-0.364091
-0.364331
-0.364714
-0.365281
-0.366166
-0.367517
-0.369482
-0.37216
-0.37555
-0.379557
-0.384009
-0.388701
-0.393357
-0.397737
-0.4016
-0.404774
-0.407131
-0.408575
-0.409089
-0.408721
-0.407529
-0.405645
-0.403239
-0.400482
-0.397506
-0.39441
-0.391163
-0.387673
-0.38382
-0.379515
-0.374787
-0.36984
-0.364987
-0.360647
-0.357147
-0.354718
-0.353418
-0.353131
-0.353544
-0.354267
-0.354936
-0.355361
-0.3556
-0.355968
-0.356902
-0.358764
-0.361634
-0.365271
-0.36924
-0.373076
-0.376474
-0.379346
-0.381764
-0.383894
-0.385901
-0.38789
-0.389869
-0.391775
-0.393507
-0.394921
-0.395969
-0.396581
-0.396754
-0.396559
-0.396089
-0.395469
-0.394813
-0.394246
-0.393859
-0.39371
-0.393786
-0.394055
-0.39444
-0.394804
-0.39503
-0.394983
-0.394512
-0.39348
-0.391762
-0.389205
-0.385625
-0.380866
-0.37495
-0.368263
-0.36179
-0.357111
-0.355916
-0.359064
-0.366055
-0.375197
-0.384464
-0.392262
-0.397794
-0.400892
-0.401813
-0.401073
-0.399337
-0.397323
-0.395696
-0.394957
-0.39531
-0.396656
-0.398686
-0.401023
-0.403354
-0.405545
-0.407609
-0.409642
-0.411807
-0.414148
-0.416644
-0.419209
-0.42172
-0.424021
-0.426022
-0.427661
-0.428916
-0.429784
-0.430287
-0.430487
-0.430386
-0.430048
-0.429508
-0.428864
-0.428176
-0.427546
-0.427037
-0.426681
-0.426463
-0.426289
-0.42604
-0.425576
-0.424794
-0.423678
-0.422295
-0.420819
-0.419521
-0.41873
-0.418755
-0.419835
-0.421983
-0.42504
-0.428671
-0.432438
-0.435942
-0.438801
-0.440751
-0.441626
-0.441293
-0.439718
-0.436891
-0.433025
-0.428639
-0.42468
-0.422402
-0.422903
-0.426529
-0.432583
-0.439595
-0.445964
-0.450523
-0.452733
-0.45256
-0.450305
-0.446409
-0.441297
-0.435226
-0.428301
-0.420499
-0.411857
-0.402683
-0.393828
-0.386672
-0.382927
-0.38401
-0.390365
-0.401101
-0.414365
-0.428024
-0.440345
-0.450254
-0.457296
-0.461496
-0.463183
-0.46286
-0.461112
-0.458562
-0.455716
-0.452921
-0.450311
-0.447833
-0.445335
-0.442633
-0.439644
-0.436373
-0.432943
-0.429531
-0.426364
-0.42365
-0.421534
-0.420154
-0.419603
-0.419888
-0.420945
-0.422636
-0.424753
-0.427068
-0.429404
-0.431648
-0.433758
-0.435752
-0.437695
-0.439591
-0.441423
-0.443112
-0.444554
-0.445606
-0.446162
-0.446147
-0.445511
-0.44426
-0.442422
-0.440074
-0.437308
-0.434268
-0.431069
-0.427853
-0.424764
-0.421891
-0.419306
-0.417046
-0.415072
-0.413336
-0.411785
-0.41038
-0.409113
-0.408016
-0.407199
-0.406776
-0.406918
-0.40775
-0.409334
-0.411628
-0.414434
-0.41746
-0.420331
-0.422678
-0.424179
-0.424586
-0.4238
-0.421837
-0.418786
-0.414864
-0.410398
-0.405788
-0.401492
-0.39799
-0.39575
-0.395105
-0.396229
-0.399053
-0.403279
-0.408442
-0.413961
-0.419271
-0.423889
-0.427446
-0.429719
-0.430609
-0.430123
-0.428374
-0.42553
-0.421807
-0.417509
-0.413055
-0.408968
-0.405897
-0.404485
-0.405104
-0.407739
-0.411939
-0.416998
-0.422162
-0.426873
-0.430819
-0.433893
-0.436147
-0.437705
-0.438703
-0.439272
-0.439525
-0.439526
-0.439332
-0.438947
-0.438373
-0.437588
-0.436563
-0.435262
-0.433628
-0.43161
-0.4292
-0.426409
-0.423283
-0.419906
-0.416439
-0.413077
-0.410021
-0.407421
-0.405365
-0.403844
-0.402783
-0.402157
-0.402059
-0.402683
-0.404341
-0.40727
-0.411446
-0.416548
-0.422027
-0.427286
-0.43179
-0.435226
-0.437439
-0.43845
-0.438382
-0.437423
-0.435806
-0.433778
-0.431606
-0.429529
-0.427765
-0.426445
-0.42565
-0.425355
-0.425433
-0.425721
-0.426054
-0.426299
-0.426388
-0.426294
-0.426127
-0.425994
-0.42605
-0.426432
-0.427214
-0.428405
-0.429922
-0.431663
-0.433544
-0.435477
-0.437477
-0.439567
-0.441872
-0.444461
-0.447374
-0.450562
-0.453887
-0.45718
-0.460211
-0.462809
-0.46482
-0.466175
-0.466809
-0.466727
-0.465962
-0.464552
-0.462585
-0.460133
-0.457291
-0.454162
-0.450843
-0.447404
-0.443912
-0.440423
-0.436995
-0.433722
-0.430678
-0.427991
-0.425761
-0.424033
-0.422765
-0.421845
-0.421161
-0.420592
-0.420097
-0.419702
-0.41951
-0.419594
-0.420005
-0.420668
-0.421398
-0.421942
-0.422067
-0.421579
-0.420422
-0.418696
-0.416658
-0.414667
-0.413113
-0.412326
-0.412492
-0.413621
-0.415601
-0.418195
-0.421129
-0.424144
-0.427031
-0.429618
-0.431764
-0.43338
-0.434404
-0.434772
-0.434463
-0.433509
-0.431954
-0.4299
-0.427494
-0.424877
-0.422172
-0.419427
-0.416611
-0.413626
-0.410379
-0.406933
-0.403562
-0.400799
-0.399351
-0.399795
-0.402359
-0.406748
-0.412302
-0.418231
-0.423857
-0.428729
-0.432693
-0.435718
-0.437877
-0.439294
-0.440063
-0.44024
-0.439858
-0.438878
-0.437223
-0.434772
-0.431395
-0.426992
-0.42158
-0.415386
-0.408901
-0.402821
-0.398006
-0.395118
-0.394414
-0.395664
-0.398315
-0.401799
-0.405722
-0.409947
-0.414575
-0.419724
-0.425516
-0.431947
-0.438877
-0.446071
-0.45324
-0.460116
-0.46646
-0.47208
-0.476873
-0.48077
-0.483781
-0.48595
-0.487359
-0.488117
-0.488358
-0.488213
-0.487795
-0.487221
-0.486517
-0.485651
-0.484496
-0.482839
-0.480429
-0.476965
-0.472211
-0.466058
-0.458751
-0.450938
-0.443713
-0.438413
-0.436114
-0.437165
-0.440953
-0.446185
-0.451467
-0.455819
-0.458943
-0.461256
-0.463567
-0.466552
-0.470341
-0.474375
-0.477709
-0.479536
-0.479673
-0.478745
-0.478122
-0.47927
-0.483031
-0.489221
-0.496777
-0.504367
-0.510895
-0.515777
-0.518855
-0.520291
-0.520394
-0.519504
-0.518019
-0.51629
-0.514637
-0.513316
-0.512453
-0.512065
-0.511927
-0.511677
-0.510758
-0.508506
-0.504236
-0.497304
-0.487199
-0.473647
-0.456749
-0.437098
-0.415945
-0.39534
-0.378032
-0.36697
-0.364265
-0.370133
-0.382701
-0.398925
-0.415844
-0.431237
-0.443908
-0.4534
-0.45982
-0.463541
-0.465163
-0.465288
-0.464465
-0.463039
-0.461121
-0.458529
-0.454907
-0.449801
-0.442834
-0.433982
-0.423814
-0.413735
-0.40577
-0.401887
-0.402991
-0.408389
-0.416232
-0.424541
-0.431907
-0.437646
-0.441627
-0.444024
-0.44509
-0.445088
-0.44425
-0.442758
-0.440761
-0.438363
-0.435694
-0.432836
-0.429895
-0.42695
-0.424084
-0.421366
-0.418858
-0.416594
-0.4146
-0.412878
-0.411375
-0.410044
-0.408834
-0.407668
-0.406478
-0.405202
-0.40377
-0.402146
-0.400326
-0.398295
-0.396102
-0.393798
-0.391447
-0.389182
-0.387083
-0.385258
-0.383802
-0.382758
-0.382174
-0.382083
-0.382437
-0.383219
-0.384347
-0.385762
-0.387364
-0.389088
-0.390851
-0.39262
-0.394383
-0.396165
-0.398012
-0.399975
-0.402103
-0.404426
-0.406926
-0.409545
-0.41222
-0.414844
-0.417314
-0.419557
-0.421495
-0.423072
-0.424247
-0.425008
-0.425356
-0.425302
-0.424848
-0.424036
-0.422884
-0.42145
-0.419769
-0.417894
-0.41592
-0.413919
-0.411954
-0.410101
-0.408384
-0.406811
-0.40537
-0.403988
-0.402667
-0.401411
-0.400264
-0.399336
-0.39879
-0.398825
-0.399611
-0.401291
-0.403903
-0.407367
-0.411494
-0.416051
-0.420768
-0.425422
-0.429847
-0.43392
-0.437569
-0.440779
-0.443532
-0.445843
-0.44771
-0.449116
-0.450046
-0.450486
-0.450416
-0.449808
-0.448675
-0.447043
-0.44501
-0.442729
-0.440394
-0.438238
-0.436489
-0.435281
-0.434674
-0.434629
-0.435029
-0.435758
-0.436718
-0.437895
-0.439313
-0.441044
-0.443152
-0.445659
-0.448522
-0.451624
-0.454778
-0.45778
-0.460392
-0.462417
-0.46373
-0.464235
-0.463907
-0.462816
-0.46108
-0.458934
-0.456612
-0.454383
-0.452476
-0.451
-0.44995
-0.449156
-0.448402
-0.447432
-0.446056
-0.444186
-0.441786
-0.438955
-0.43581
-0.432459
-0.428959
-0.425288
-0.421362
-0.417072
-0.412375
-0.407321
-0.402034
-0.396714
-0.39163
-0.387191
-0.383935
-0.382376
-0.382919
-0.385696
-0.390572
-0.397165
-0.405007
-0.413573
-0.42233
-0.430789
-0.438556
-0.445347
-0.451008
-0.455483
-0.458765
-0.460823
-0.461574
-0.460839
-0.458296
-0.45351
-0.445944
-0.435132
-0.421061
-0.404718
-0.388477
-0.375762
-0.369408
-0.369866
-0.375061
-0.382097
-0.388963
-0.394979
-0.40031
-0.405309
-0.410133
-0.414702
-0.418744
-0.422015
-0.424326
-0.42557
-0.425764
-0.424988
-0.423402
-0.421234
-0.418759
-0.416286
-0.414088
-0.41238
-0.411232
-0.410561
-0.410165
-0.409773
-0.409068
-0.407781
-0.405696
-0.402696
-0.398823
-0.394347
-0.389806
-0.386017
-0.383924
-0.384305
-0.387401
-0.392828
-0.399693
-0.406978
-0.413824
-0.419682
-0.424288
-0.427598
-0.429661
-0.430585
-0.430493
-0.429479
-0.42765
-0.425091
-0.421901
-0.418162
-0.413988
-0.409487
-0.404798
-0.400094
-0.395604
-0.391594
-0.388429
-0.386505
-0.386218
-0.387898
-0.391682
-0.39744
-0.404799
-0.413211
-0.422046
-0.430729
-0.438788
-0.445848
-0.451641
-0.45599
-0.458702
-0.459596
-0.458396
-0.454806
-0.448481
-0.439231
-0.427234
-0.413487
-0.400022
-0.389687
-0.385023
-0.386788
-0.393463
-0.402212
-0.4105
-0.417091
-0.422272
-0.427327
-0.433652
-0.441929
-0.451702
-0.461735
-0.470641
-0.477379
-0.48124
-0.481789
-0.478611
-0.471227
-0.459244
-0.443006
-0.424378
-0.407403
-0.397052
-0.396111
-0.402962
-0.413034
-0.422229
-0.42874
-0.432755
-0.435393
-0.437791
-0.440682
-0.444312
-0.448593
-0.453219
-0.457859
-0.462199
-0.465926
-0.468831
-0.470747
-0.47165
-0.471622
-0.470884
-0.469724
-0.468509
-0.467534
-0.467013
-0.466949
-0.467227
-0.46758
-0.467744
-0.467483
-0.466644
-0.465197
-0.463157
-0.460601
-0.4576
-0.454278
-0.450846
-0.447719
-0.445466
-0.444707
-0.445818
-0.448713
-0.452898
-0.457574
-0.461957
-0.465488
-0.467858
-0.469
-0.468984
-0.467964
-0.466141
-0.463716
-0.460896
-0.45788
-0.454908
-0.452256
-0.450197
-0.449012
-0.448876
-0.449872
-0.451906
-0.45472
-0.457975
-0.461305
-0.464393
-0.466983
-0.468906
-0.470102
-0.470536
-0.470233
-0.469247
-0.467625
-0.46548
-0.462864
-0.459862
-0.456579
-0.453123
-0.449685
-0.446564
-0.444174
-0.442991
-0.443441
-0.445691
-0.449603
-0.454758
-0.460615
-0.466629
-0.472401
-0.477695
-0.482309
-0.486082
-0.488901
-0.490635
-0.491195
-0.490491
-0.488477
-0.485126
-0.480485
-0.474647
-0.467846
-0.460411
-0.452865
-0.445869
-0.440091
-0.436047
-0.433933
-0.433553
-0.434306
-0.435464
-0.436296
-0.436288
-0.435291
-0.433421
-0.431086
-0.428832
-0.427228
-0.426722
-0.427529
-0.42967
-0.433032
-0.437451
-0.44279
-0.448938
-0.455728
-0.462896
-0.470053
-0.476718
-0.482372
-0.486544
-0.488833
-0.488966
-0.486767
-0.482165
-0.475199
-0.465994
-0.454782
-0.441978
-0.428209
-0.414419
-0.401856
-0.39193
-0.385942
-0.384624
-0.387879
-0.394779
-0.403911
-0.413759
-0.423066
-0.431065
-0.437435
-0.442165
-0.445485
-0.447664
-0.448968
-0.449578
-0.449614
-0.449111
-0.448083
-0.446519
-0.444447
-0.441911
-0.439009
-0.435873
-0.432665
-0.429578
-0.426756
-0.424347
-0.422433
-0.421051
-0.420144
-0.419572
-0.41914
-0.418609
-0.417764
-0.416409
-0.414396
-0.411686
-0.408299
-0.404357
-0.400064
-0.395753
-0.391787
-0.388613
-0.386593
-0.385957
-0.386753
-0.388836
-0.391891
-0.395528
-0.399392
-0.403191
-0.406706
-0.409844
-0.41255
-0.414842
-0.416719
-0.418225
-0.419379
-0.4202
-0.420714
-0.420897
-0.420751
-0.420233
-0.419337
-0.418032
-0.41631
-0.414181
-0.411686
-0.408914
-0.406022
-0.40321
-0.400714
-0.398771
-0.397584
-0.397227
-0.397691
-0.398791
-0.400296
-0.401895
-0.403322
-0.404395
-0.405003
-0.405136
-0.404834
-0.404209
-0.40338
-0.402468
-0.40165
-0.40111
-0.401023
-0.401488
-0.402516
-0.403964
-0.405601
-0.407108
-0.40817
-0.408525
-0.408015
-0.406661
-0.404655
-0.402376
-0.400335
-0.399039
-0.398829
-0.399814
-0.401867
-0.404696
-0.40797
-0.411424
-0.414866
-0.41821
-0.421414
-0.424432
-0.427178
-0.429507
-0.431226
-0.432107
-0.431921
-0.430598
-0.42827
-0.42545
-0.422945
-0.421633
-0.422127
-0.424399
-0.427786
-0.431221
-0.433662
-0.434369
-0.432995
-0.429576
-0.424316
-0.417566
-0.409701
-0.401054
-0.391889
-0.382362
-0.372618
-0.362836
-0.353305
-0.344545
-0.337371
-0.33286
-0.33211
-0.335743
-0.343503
-0.354166
-0.365952
-0.377175
-0.386693
-0.393983
-0.398912
-0.40159
-0.402184
-0.400871
-0.397955
-0.39397
-0.389741
-0.386275
-0.384519
-0.385078
-0.388092
-0.393229
-0.399866
-0.407317
-0.414898
-0.422053
-0.428363
-0.433605
-0.4377
-0.440689
-0.442689
-0.443837
-0.444301
-0.444226
-0.443735
-0.442955
-0.441973
-0.440875
-0.439712
-0.438557
-0.43744
-0.436375
-0.435407
-0.434529
-0.433716
-0.432952
-0.432184
-0.431366
-0.430466
-0.429435
-0.428248
-0.426899
-0.425399
-0.42376
-0.422024
-0.420288
-0.41862
-0.417151
-0.416031
-0.415382
-0.415335
-0.415947
-0.417241
-0.419147
-0.421552
-0.424278
-0.427122
-0.429862
-0.432329
-0.434354
-0.435843
-0.43671
-0.436894
-0.436385
-0.435164
-0.433276
-0.430798
-0.427904
-0.424841
-0.421922
-0.419468
-0.417775
-0.417008
-0.417186
-0.418199
-0.419877
-0.421988
-0.424285
-0.426468
-0.428284
-0.429498
-0.430014
-0.429905
-0.429404
-0.428891
-0.428736
-0.429262
-0.430663
-0.432956
-0.436037
-0.439657
-0.443538
-0.447353
-0.450812
-0.45369
-0.455831
-0.457172
-0.457694
-0.457419
-0.456433
-0.45484
-0.452752
-0.450275
-0.447509
-0.444512
-0.441338
-0.438016
-0.434509
-0.430834
-0.426985
-0.423046
-0.419181
-0.415604
-0.412589
-0.410367
-0.409092
-0.408781
-0.409396
-0.410849
-0.413077
-0.415979
-0.419362
-0.42295
-0.426394
-0.429373
-0.431632
-0.433049
-0.433639
-0.433513
-0.432879
-0.431976
-0.431028
-0.430198
-0.429553
-0.429065
-0.428628
-0.428101
-0.427374
-0.426358
-0.42506
-0.423578
-0.422045
-0.420603
-0.419355
-0.418339
-0.417468
-0.416576
-0.415508
-0.414168
-0.412735
-0.411641
-0.411465
-0.412726
-0.415518
-0.419491
-0.423976
-0.428153
-0.431356
-0.433107
-0.43316
-0.431429
-0.427887
-0.422613
-0.415899
-0.408378
-0.401154
-0.395686
-0.393343
-0.394763
-0.399482
-0.406153
-0.413197
-0.419423
-0.424163
-0.42725
-0.42881
-0.429082
-0.428339
-0.426794
-0.424678
-0.422203
-0.419588
-0.417166
-0.415304
-0.414399
-0.414733
-0.416429
-0.419363
-0.423179
-0.42747
-0.431881
-0.43619
-0.440345
-0.4444
-0.448474
-0.452634
-0.456863
-0.461066
-0.465096
-0.468817
-0.472095
-0.474868
-0.477073
-0.478689
-0.479708
-0.480108
-0.479838
-0.47881
-0.476896
-0.473878
-0.469475
-0.46332
-0.455058
-0.44449
-0.431864
-0.418271
-0.405814
-0.397124
-0.394062
-0.396573
-0.402815
-0.410423
-0.417654
-0.423833
-0.428963
-0.433347
-0.437259
-0.440783
-0.443912
-0.446564
-0.448669
-0.450243
-0.45134
-0.452098
-0.452662
-0.453171
-0.453699
-0.454269
-0.454808
-0.455158
-0.455164
-0.454642
-0.453443
-0.45152
-0.44892
-0.445794
-0.442398
-0.439015
-0.435936
-0.433331
-0.431315
-0.429874
-0.428935
-0.428371
-0.428038
-0.427833
-0.427659
-0.427424
-0.42708
-0.42659
-0.426042
-0.425557
-0.425336
-0.425607
-0.426598
-0.428393
-0.430997
-0.434251
-0.43796
-0.441895
-0.445849
-0.449664
-0.453248
-0.456565
-0.459567
-0.462245
-0.464554
-0.466439
-0.467839
-0.46864
-0.468744
-0.467984
-0.466229
-0.46331
-0.459101
-0.453498
-0.446491
-0.438178
-0.428792
-0.418707
-0.40838
-0.398283
-0.388855
-0.380389
-0.373087
-0.367098
-0.362645
-0.360087
-0.359891
-0.362534
-0.368282
-0.377041
-0.38826
-0.401032
-0.414347
-0.427242
-0.438944
-0.448957
-0.457047
-0.463171
-0.467438
-0.470036
-0.471147
-0.470951
-0.469607
-0.467242
-0.463949
-0.459825
-0.455029
-0.449775
-0.444369
-0.439204
-0.434715
-0.431269
-0.429058
-0.42805
-0.428031
-0.428706
-0.429774
-0.431042
-0.432368
-0.433679
-0.43491
-0.435933
-0.436562
-0.436536
-0.435527
-0.433199
-0.429228
-0.423406
-0.415777
-0.406723
-0.397157
-0.388402
-0.38186
-0.378499
-0.378584
-0.381763
-0.387449
-0.395087
-0.404089
-0.413802
-0.423445
-0.432341
-0.439983
-0.446162
-0.450855
-0.454185
-0.456291
-0.457336
-0.457376
-0.456424
-0.454431
-0.451329
-0.446963
-0.441244
-0.434192
-0.426047
-0.417376
-0.409115
-0.402387
-0.398186
-0.396994
-0.398602
-0.402239
-0.407022
-0.412207
-0.417395
-0.422444
-0.427328
-0.432033
-0.436447
-0.440354
-0.443477
-0.445525
-0.446235
-0.445386
-0.442839
-0.438572
-0.432722
-0.4257
-0.418182
-0.411102
-0.405424
-0.401709
-0.399908
-0.399375
-0.399185
-0.39858
-0.397225
-0.395293
-0.393336
-0.392063
-0.392066
-0.39362
-0.396646
-0.40073
-0.405296
-0.409733
-0.413561
-0.416489
-0.418351
-0.419215
-0.419247
-0.41871
-0.417932
-0.417218
-0.416834
-0.416913
-0.417471
-0.418403
-0.419516
-0.420659
-0.421654
-0.422404
-0.422883
-0.423076
-0.423035
-0.422782
-0.422376
-0.421829
-0.421175
-0.420377
-0.419459
-0.41839
-0.417161
-0.415727
-0.41406
-0.412122
-0.409875
-0.407299
-0.404415
-0.401295
-0.39811
-0.395136
-0.392704
-0.391168
-0.390765
-0.391567
-0.39341
-0.395954
-0.398751
-0.401352
-0.403412
-0.404663
-0.404959
-0.404268
-0.402669
-0.400417
-0.397875
-0.395495
-0.393761
-0.393014
-0.393385
-0.394669
-0.396456
-0.398199
-0.399374
-0.399562
-0.398495
-0.396058
-0.392286
-0.387393
-0.381677
-0.375614
-0.369706
-0.364411
-0.360082
-0.356834
-0.354661
-0.353487
-0.35322
-0.353862
-0.35542
-0.357853
-0.361025
-0.36465
-0.368419
-0.372
-0.375208
-0.377991
-0.380405
-0.382596
-0.384706
-0.386838
-0.389012
-0.391191
-0.393265
-0.395156
-0.396764
-0.398064
-0.39905
-0.399736
-0.400199
-0.400518
-0.400796
-0.401132
-0.401631
-0.402387
-0.403482
-0.404966
-0.406874
-0.40918
-0.411873
-0.414892
-0.418148
-0.421563
-0.425015
-0.428407
-0.431589
-0.434432
-0.436794
-0.438536
-0.4395
-0.439555
-0.438589
-0.436509
-0.433308
-0.429055
-0.423906
-0.418161
-0.412191
-0.40644
-0.40135
-0.397267
-0.394464
-0.393021
-0.392913
-0.394025
-0.396198
-0.399335
-0.403326
-0.408128
-0.413684
-0.419957
-0.426826
-0.434068
-0.441417
-0.44855
-0.455125
-0.460844
-0.465448
-0.468733
-0.470573
-0.470912
-0.469699
-0.466914
-0.462605
-0.45682
-0.449697
-0.441457
-0.432486
-0.423342
-0.414771
-0.407639
-0.402781
-0.4008
-0.401905
-0.405861
-0.41203
-0.41953
-0.42738
-0.434682
-0.440721
-0.445054
-0.447437
-0.447913
-0.446652
-0.444021
-0.440495
-0.436612
-0.432922
-0.429864
-0.427695
-0.426456
-0.425925
-0.425716
-0.425377
-0.424411
-0.422397
-0.41897
-0.413928
-0.407331
-0.39963
-0.391758
-0.385115
-0.381162
-0.380899
-0.384265
-0.390206
-0.397186
-0.403825
-0.409175
-0.412802
-0.414611
-0.41469
-0.413247
-0.410547
-0.406884
-0.402662
-0.398346
-0.39445
-0.39146
-0.389709
-0.389278
-0.390026
-0.391625
-0.393681
-0.395837
-0.397811
-0.39947
-0.400754
-0.401645
-0.402174
-0.402382
-0.402307
-0.402004
-0.40151
-0.400865
-0.400076
-0.39919
-0.398213
-0.397131
-0.39594
-0.394586
-0.393025
-0.391197
-0.389093
-0.386707
-0.384122
-0.381495
-0.37904
-0.376999
-0.375632
-0.375092
-0.375451
-0.37664
-0.378471
-0.380685
-0.38301
-0.385195
-0.387043
-0.388437
-0.389328
-0.389763
-0.389849
-0.389757
-0.389688
-0.389843
-0.390363
-0.391322
-0.392707
-0.394438
-0.396369
-0.398322
-0.400203
-0.401859
-0.403255
-0.404359
-0.405191
-0.405768
-0.406123
-0.406278
-0.40625
-0.406048
-0.405644
-0.405052
-0.404229
-0.40313
-0.401726
-0.399956
-0.397769
-0.395089
-0.391869
-0.388085
-0.383769
-0.379073
-0.374329
-0.370069
-0.366961
-0.365649
-0.366564
-0.369709
-0.374651
-0.380672
-0.386985
-0.392921
-0.398029
-0.402049
-0.404899
-0.406576
-0.407177
-0.406834
-0.405743
-0.404112
-0.402164
-0.400081
-0.397958
-0.395759
-0.393329
-0.390515
-0.387223
-0.383573
-0.37992
-0.37681
-0.374755
-0.374126
-0.375034
-0.377437
-0.381186
-0.386055
-0.391661
-0.397477
-0.402924
-0.407478
-0.410769
-0.412667
-0.413217
-0.41258
-0.411052
-0.408983
-0.406747
-0.404693
-0.403122
-0.402277
-0.402276
-0.403111
-0.404699
-0.406843
-0.409333
-0.411915
-0.414367
-0.416419
-0.417834
-0.418367
-0.417809
-0.415978
-0.412849
-0.408503
-0.403124
-0.396817
-0.389473
-0.380663
-0.369946
-0.357443
-0.344434
-0.333334
-0.326797
-0.3263
-0.331292
-0.339558
-0.348372
-0.355406
-0.359196
-0.35929
-0.356131
-0.351055
-0.345998
-0.343059
-0.343876
-0.348952
-0.357327
-0.366718
-0.374129
-0.376622
-0.372084
-0.360553
-0.345975
-0.336397
-0.339367
-0.35536
-0.377501
-0.398085
-0.413189
-0.422372
-0.426829
-0.428023
-0.427129
-0.425037
-0.422355
-0.419467
-0.416627
-0.413999
-0.411651
-0.409593
-0.407811
-0.406256
-0.404836
-0.403459
-0.401999
-0.400307
-0.398245
-0.395662
-0.392464
-0.388613
-0.384199
-0.379498
-0.374974
-0.371206
-0.368752
-0.367961
-0.368838
-0.371064
-0.374091
-0.377361
-0.380431
-0.383019
-0.384998
-0.386367
-0.387182
-0.38751
-0.387446
-0.387057
-0.386455
-0.385687
-0.384858
-0.384042
-0.383299
-0.382693
-0.382262
-0.382043
-0.382036
-0.382206
-0.382521
-0.382898
-0.383291
-0.38363
-0.383858
-0.383948
-0.383884
-0.383697
-0.383425
-0.383122
-0.382856
-0.382688
-0.382664
-0.382805
-0.383107
-0.383566
-0.38414
-0.384809
-0.3855
-0.386178
-0.386788
-0.387262
-0.387517
-0.387459
-0.386955
-0.385811
-0.383799
-0.380636
-0.376062
-0.369913
-0.362271
-0.35375
-0.345555
-0.339359
-0.336681
-0.338117
-0.343038
-0.349938
-0.357237
-0.363817
-0.369147
-0.373136
-0.375901
-0.377658
-0.378598
-0.378877
-0.378604
-0.377836
-0.376569
-0.374705
-0.372044
-0.368256
-0.362851
-0.355348
-0.345409
-0.333196
-0.319735
-0.307066
-0.297922
-0.294763
-0.298611
-0.308499
-0.322074
-0.336671
-0.350277
-0.361802
-0.370941
-0.377873
-0.382989
-0.386684
-0.389332
-0.391189
-0.392429
-0.39316
-0.393416
-0.393212
-0.392535
-0.391363
-0.389669
-0.387414
-0.384603
-0.381248
-0.377401
-0.373216
-0.368936
-0.364941
-0.361661
-0.359435
-0.358366
-0.358207
-0.358371
-0.358078
-0.356519
-0.353075
-0.34739
-0.339498
-0.329842
-0.319404
-0.309672
-0.302471
-0.299456
-0.301636
-0.308846
-0.319828
-0.332763
-0.345839
-0.357738
-0.3677
-0.375491
-0.381179
-0.385004
-0.387295
-0.388395
-0.388625
-0.388297
-0.387697
-0.387109
-0.386729
-0.386702
-0.387066
-0.387792
-0.388774
-0.389861
-0.390905
-0.391798
-0.392442
-0.392797
-0.392865
-0.392687
-0.392301
-0.391779
-0.391156
-0.390469
-0.38974
-0.388963
-0.38811
-0.387121
-0.385917
-0.384416
-0.382519
-0.38011
-0.377131
-0.373523
-0.369312
-0.364613
-0.359682
-0.354952
-0.350986
-0.348334
-0.347385
-0.348221
-0.350575
-0.353943
-0.357802
-0.361691
-0.365353
-0.368666
-0.371595
-0.374167
-0.376345
-0.378123
-0.379428
-0.380236
-0.380558
-0.380447
-0.380037
-0.379501
-0.37907
-0.378885
-0.378993
-0.379311
-0.379667
-0.379816
-0.37958
-0.378802
-0.377492
-0.375739
-0.373686
-0.371543
-0.369469
-0.367617
-0.366062
-0.36484
-0.364002
-0.363601
-0.363721
-0.364425
-0.365727
-0.367564
-0.369784
-0.372147
-0.374419
-0.376424
-0.378055
-0.379333
-0.380341
-0.381237
-0.382156
-0.383219
-0.384484
-0.385993
-0.387747
-0.389728
-0.391945
-0.394364
-0.396934
-0.399574
-0.402188
-0.404579
-0.406561
-0.407901
-0.40836
-0.407697
-0.405753
-0.402505
-0.39816
-0.393219
-0.388477
-0.384865
-0.383159
-0.383657
-0.386064
-0.389617
-0.393448
-0.396841
-0.399336
-0.400744
-0.40109
-0.400492
-0.399112
-0.397117
-0.394747
-0.392226
-0.389817
-0.387777
-0.386347
-0.385729
-0.386032
-0.387263
-0.389314
-0.391997
-0.395078
-0.398284
-0.401398
-0.404249
-0.406697
-0.408657
-0.410091
-0.410944
-0.4112
-0.41085
-0.409886
-0.408308
-0.406135
-0.403396
-0.400179
-0.396586
-0.392773
-0.38896
-0.385372
-0.382296
-0.379964
-0.378576
-0.378269
-0.379049
-0.380826
-0.383372
-0.386431
-0.389693
-0.392895
-0.395786
-0.398193
-0.40002
-0.401235
-0.401867
-0.402026
-0.401853
-0.401513
-0.401226
-0.401198
-0.401574
-0.402467
-0.403904
-0.405818
-0.408076
-0.410498
-0.41286
-0.414907
-0.416402
-0.4171
-0.416761
-0.41518
-0.412193
-0.407725
-0.401852
-0.394911
-0.387489
-0.38043
-0.374716
-0.37116
-0.370142
-0.371516
-0.374728
-0.379043
-0.383803
-0.388432
-0.392414
-0.395203
-0.396255
-0.395065
-0.391353
-0.385138
-0.376901
-0.367602
-0.35852
-0.350903
-0.34571
-0.343454
-0.34427
-0.347997
-0.354316
-0.362774
-0.37273
-0.383444
-0.394082
-0.403875
-0.412174
-0.418584
-0.422894
-0.425092
-0.425241
-0.423562
-0.420368
-0.416086
-0.411266
-0.406475
-0.40224
-0.3989
-0.396557
-0.395135
-0.394415
-0.394225
-0.394405
-0.39486
-0.395538
-0.39638
-0.397331
-0.398338
-0.399299
-0.400156
-0.400837
-0.401296
-0.401558
-0.401642
-0.401612
-0.401597
-0.40173
-0.402144
-0.402924
-0.404098
-0.405609
-0.407318
-0.409052
-0.410629
-0.411867
-0.41264
-0.412874
-0.412522
-0.411587
-0.410122
-0.408168
-0.405814
-0.403183
-0.400444
-0.397838
-0.395662
-0.394269
-0.393995
-0.395047
-0.39748
-0.401116
-0.405637
-0.410646
-0.415744
-0.420576
-0.42489
-0.428533
-0.431422
-0.433502
-0.43477
-0.435252
-0.434991
-0.434027
-0.432439
-0.430274
-0.427665
-0.424718
-0.42158
-0.41838
-0.415287
-0.412398
-0.409833
-0.407672
-0.405965
-0.404783
-0.404167
-0.404156
-0.404784
-0.406046
-0.407899
-0.410209
-0.41285
-0.415645
-0.418467
-0.42117
-0.423691
-0.425969
-0.427973
-0.429699
-0.431132
-0.432226
-0.432968
-0.433334
-0.433338
-0.433063
-0.43262
-0.432157
-0.431826
-0.431741
-0.43198
-0.432515
-0.433321
-0.43429
-0.435329
-0.436345
-0.437252
-0.437993
-0.438543
-0.438865
-0.438932
-0.438775
-0.438392
-0.437776
-0.436952
-0.435944
-0.434778
-0.433483
-0.43209
-0.430623
-0.429117
-0.427593
-0.426062
-0.424532
-0.423009
-0.421493
-0.420002
-0.41852
-0.417065
-0.415664
-0.414358
-0.413182
-0.412195
-0.411442
-0.410959
-0.410744
-0.410781
-0.410998
-0.4113
-0.411587
-0.411759
-0.411703
-0.411371
-0.410741
-0.409871
-0.408854
-0.407827
-0.406957
-0.406406
-0.406311
-0.406733
-0.407671
-0.40899
-0.41047
-0.41176
-0.412461
-0.412126
-0.41037
-0.406981
-0.402046
-0.3962
-0.390519
-0.386367
-0.384802
-0.386124
-0.389723
-0.394456
-0.399246
-0.403401
-0.406718
-0.409287
-0.411352
-0.413138
-0.414813
-0.416461
-0.418075
-0.419613
-0.421004
-0.422189
-0.423079
-0.423642
-0.423799
-0.423534
-0.422815
-0.42168
-0.420146
-0.418272
-0.416154
-0.413906
-0.411685
-0.40967
-0.408028
-0.406888
-0.406311
-0.406322
-0.406878
-0.407875
-0.409208
-0.41075
-0.412404
-0.414039
-0.415538
-0.416781
-0.417644
-0.418047
-0.417981
-0.417524
-0.416878
-0.416359
-0.416297
-0.416958
-0.418458
-0.420685
-0.423332
-0.425991
-0.428294
-0.429998
-0.431003
-0.431396
-0.431353
-0.431063
-0.430634
-0.430023
-0.429043
-0.427388
-0.424822
-0.42124
-0.416742
-0.41174
-0.406815
-0.402619
-0.399651
-0.398101
-0.397814
-0.39842
-0.399512
-0.400833
-0.40225
-0.403827
-0.405646
-0.407774
-0.410184
-0.412785
-0.415455
-0.418059
-0.420467
-0.422628
-0.424544
-0.42618
-0.427559
-0.428707
-0.429619
-0.430289
-0.430675
-0.430734
-0.430385
-0.429524
-0.428051
-0.425828
-0.422781
-0.418849
-0.414094
-0.408811
-0.403515
-0.398952
-0.395903
-0.394957
-0.396228
-0.399305
-0.403422
-0.407714
-0.411497
-0.414317
-0.415972
-0.416421
-0.415745
-0.414139
-0.411851
-0.409178
-0.406464
-0.404039
-0.402162
-0.400972
-0.400438
-0.400431
-0.400676
-0.400933
-0.401005
-0.400813
-0.400375
-0.399826
-0.39934
-0.399158
-0.399497
-0.400506
-0.402278
-0.404811
-0.407991
-0.411698
-0.415718
-0.419846
-0.423889
-0.42768
-0.431096
-0.434024
-0.436452
-0.438328
-0.4397
-0.440585
-0.441034
-0.441103
-0.440842
-0.440248
-0.439382
-0.438238
-0.436855
-0.435237
-0.433434
-0.431519
-0.429598
-0.427795
-0.426239
-0.425058
-0.424324
-0.424048
-0.424168
-0.424575
-0.42514
-0.42571
-0.426177
-0.42644
-0.426443
-0.426128
-0.425496
-0.424519
-0.423198
-0.421543
-0.419562
-0.417293
-0.414798
-0.41219
-0.409588
-0.407173
-0.405126
-0.403641
-0.402882
-0.402998
-0.404042
-0.405991
-0.408751
-0.412134
-0.415942
-0.419935
-0.423893
-0.427633
-0.43104
-0.434072
-0.436699
-0.438947
-0.44084
-0.442439
-0.443777
-0.444864
-0.445721
-0.44631
-0.446604
-0.446551
-0.446124
-0.445289
-0.444061
-0.442469
-0.440606
-0.438592
-0.436583
-0.434752
-0.4333
-0.432409
-0.432216
-0.432802
-0.434169
-0.436203
-0.438669
-0.441257
-0.443586
-0.445272
-0.445929
-0.445337
-0.443439
-0.440462
-0.436914
-0.433534
-0.431091
-0.43013
-0.430787
-0.432719
-0.43528
-0.437791
-0.43978
-0.440992
-0.441451
-0.441362
-0.440989
-0.44058
-0.440312
-0.44025
-0.440356
-0.440538
-0.440686
-0.440692
-0.440493
-0.440084
-0.439469
-0.438731
-0.437938
-0.437196
-0.436596
-0.436215
-0.436088
-0.436212
-0.436525
-0.43693
-0.43731
-0.437533
-0.437481
-0.437014
-0.436027
-0.434392
-0.431992
-0.428698
-0.424461
-0.419307
-0.413458
-0.407345
-0.401675
-0.397223
-0.394603
-0.394016
-0.395166
-0.397472
-0.400365
-0.403457
-0.406652
-0.409971
-0.413416
-0.416851
-0.420039
-0.42268
-0.4245
-0.42533
-0.425076
-0.423736
-0.42134
-0.417929
-0.413528
-0.408108
-0.401635
-0.394045
-0.385349
-0.375729
-0.365606
-0.3558
-0.347421
-0.341758
-0.339831
-0.341994
-0.347643
-0.355431
-0.363758
-0.371308
-0.377254
-0.381295
-0.383504
-0.384239
-0.383951
-0.383128
-0.382225
-0.381545
-0.381288
-0.381478
-0.382036
-0.382801
-0.383608
-0.384287
-0.384727
-0.38487
-0.384683
-0.384178
-0.383399
-0.382406
-0.381314
-0.380232
-0.379278
-0.37859
-0.378257
-0.378317
-0.37876
-0.379482
-0.380289
-0.380938
-0.381164
-0.380693
-0.379298
-0.37682
-0.373278
-0.368902
-0.364254
-0.360207
-0.357761
-0.35774
-0.360443
-0.365476
-0.371899
-0.378613
-0.384689
-0.389512
-0.392805
-0.39455
-0.394893
-0.394039
-0.39228
-0.389894
-0.387174
-0.384371
-0.381699
-0.379309
-0.377233
-0.375452
-0.37387
-0.372376
-0.370825
-0.369074
-0.366963
-0.364345
-0.361169
-0.357547
-0.353843
-0.350799
-0.349329
-0.350193
-0.353716
-0.359558
-0.366874
-0.374693
-0.382195
-0.388892
-0.394548
-0.399155
-0.402782
-0.405527
-0.407489
-0.408695
-0.409145
-0.408815
-0.407646
-0.40563
-0.402758
-0.399153
-0.395054
-0.390799
-0.386857
-0.383714
-0.381883
-0.381853
-0.384033
-0.388627
-0.395447
-0.403925
-0.413238
-0.422535
-0.431164
-0.438696
-0.445019
-0.450129
-0.45414
-0.457155
-0.459258
-0.460489
-0.460858
-0.46027
-0.458604
-0.455688
-0.451319
-0.445267
-0.437304
-0.427304
-0.415304
-0.401755
-0.387756
-0.375184
-0.366447
-0.363552
-0.366945
-0.375175
-0.38564
-0.39589
-0.4044
-0.410651
-0.414843
-0.417618
-0.419766
-0.422006
-0.424796
-0.428303
-0.432329
-0.436499
-0.440378
-0.443642
-0.446168
-0.448
-0.449362
-0.450518
-0.45173
-0.453261
-0.455303
-0.457939
-0.461125
-0.46469
-0.468345
-0.471753
-0.474601
-0.476624
-0.477656
-0.47761
-0.476459
-0.474198
-0.470828
-0.466401
-0.461011
-0.454896
-0.448434
-0.442258
-0.437207
-0.434205
-0.434032
-0.437027
-0.442867
-0.450692
-0.459341
-0.467679
-0.474841
-0.48028
-0.483753
-0.485246
-0.484908
-0.483014
-0.479886
-0.475899
-0.471463
-0.466982
-0.462852
-0.459425
-0.456956
-0.455618
-0.455456
-0.456399
-0.458297
-0.460883
-0.463927
-0.467143
-0.470306
-0.473247
-0.475823
-0.47796
-0.479627
-0.480822
-0.481559
-0.481861
-0.481758
-0.481268
-0.480411
-0.479236
-0.477734
-0.47592
-0.473813
-0.471433
-0.468801
-0.465939
-0.462921
-0.459801
-0.456681
-0.453654
-0.450826
-0.448305
-0.446177
-0.444495
-0.443276
-0.442494
-0.442096
-0.441991
-0.442098
-0.442293
-0.442512
-0.442667
-0.442698
-0.442609
-0.44238
-0.442038
-0.441637
-0.441243
-0.44092
-0.440771
-0.440845
-0.441178
-0.441764
-0.442551
-0.443423
-0.444246
-0.444891
-0.445234
-0.445164
-0.444629
-0.443614
-0.442162
-0.44033
-0.438255
-0.436127
-0.434168
-0.432632
-0.431753
-0.431696
-0.432482
-0.43402
-0.436102
-0.438457
-0.440841
-0.443047
-0.444946
-0.446474
-0.447589
-0.448267
-0.44847
-0.448121
-0.44713
-0.445414
-0.442877
-0.439477
-0.435229
-0.43024
-0.424696
-0.418872
-0.413088
-0.407645
-0.402836
-0.398829
-0.395656
-0.393262
-0.391474
-0.390137
-0.389174
-0.388634
-0.388726
-0.389739
-0.391979
-0.395651
-0.400638
-0.406488
-0.412492
-0.41789
-0.422061
-0.424651
-0.42558
-0.42501
-0.423236
-0.420633
-0.417561
-0.414355
-0.411284
-0.408502
-0.406084
-0.404004
-0.402202
-0.400578
-0.399048
-0.397549
-0.39606
-0.394551
-0.39303
-0.391545
-0.390083
-0.388688
-0.387361
-0.386107
-0.384924
-0.383792
-0.382708
-0.381663
-0.380663
-0.379704
-0.378798
-0.377933
-0.377125
-0.376386
-0.375702
-0.375075
-0.374522
-0.374045
-0.373633
-0.37327
-0.37297
-0.372721
-0.372521
-0.372362
-0.372234
-0.37212
-0.372015
-0.371904
-0.371766
-0.371582
-0.37134
-0.371014
-0.370591
-0.37004
-0.369343
-0.368479
-0.367412
-0.366165
-0.364726
-0.363099
-0.3613
-0.359322
-0.357191
-0.354907
-0.352464
-0.349896
-0.34726
-0.344717
-0.342546
-0.341076
-0.340659
-0.341486
-0.343554
-0.346653
-0.350444
-0.354532
-0.358594
-0.36239
-0.365797
-0.36876
-0.371277
-0.37334
-0.374945
-0.376113
-0.376793
-0.377
-0.376727
-0.375982
-0.374813
-0.373302
-0.371572
-0.369826
-0.368288
-0.367213
-0.366805
-0.36718
-0.368357
-0.370228
-0.372597
-0.375254
-0.377954
-0.380533
-0.382875
-0.384934
-0.386717
-0.388211
-0.389428
-0.390326
-0.390795
-0.390621
-0.389452
-0.38681
-0.382098
-0.374669
-0.364093
-0.350617
-0.335766
-0.322678
-0.315355
-0.316519
-0.325775
-0.339875
-0.354947
-0.368203
-0.378426
-0.385497
-0.38983
-0.392012
-0.392599
-0.392087
-0.39085
-0.389177
-0.387276
-0.385242
-0.383128
-0.380916
-0.378592
-0.376177
-0.37377
-0.371564
-0.36982
-0.36877
-0.368565
-0.369175
-0.370456
-0.372155
-0.374074
-0.376073
-0.378106
-0.380179
-0.38232
-0.384539
-0.38682
-0.389085
-0.391261
-0.393261
-0.395001
-0.39643
-0.397522
-0.398252
-0.398635
-0.39869
-0.398462
-0.397969
-0.397262
-0.396355
-0.395295
-0.394127
-0.392878
-0.3916
-0.390312
-0.389087
-0.387957
-0.386956
-0.386092
-0.385334
-0.384619
-0.38382
-0.382761
-0.381218
-0.378973
-0.37582
-0.371591
-0.36622
-0.35984
-0.352843
-0.345877
-0.339794
-0.335542
-0.333812
-0.334835
-0.338279
-0.343406
-0.349323
-0.355261
-0.360701
-0.365357
-0.369144
-0.372027
-0.374023
-0.375141
-0.375442
-0.37501
-0.374037
-0.372801
-0.371589
-0.370691
-0.370225
-0.370077
-0.369942
-0.369487
-0.368489
-0.367029
-0.365545
-0.364666
-0.36495
-0.366588
-0.369332
-0.372675
-0.376044
-0.379031
-0.381518
-0.383535
-0.385195
-0.386614
-0.387801
-0.388754
-0.389396
-0.389649
-0.389496
-0.388915
-0.387953
-0.386699
-0.385251
-0.383743
-0.382312
-0.381079
-0.380167
-0.379649
-0.37956
-0.379915
-0.380668
-0.381767
-0.383117
-0.384636
-0.386235
-0.387822
-0.389342
-0.390742
-0.392005
-0.393119
-0.394089
-0.394913
-0.395574
-0.396097
-0.396456
-0.396653
-0.396659
-0.396478
-0.396079
-0.395466
-0.394641
-0.39362
-0.392457
-0.391187
-0.389885
-0.388598
-0.387334
-0.386057
-0.384578
-0.38261
-0.379737
-0.37544
-0.369224
-0.360684
-0.349871
-0.337648
-0.32615
-0.318487
-0.317495
-0.323966
-0.335985
-0.350232
-0.363719
-0.37474
-0.382781
-0.388051
-0.391158
-0.39278
-0.393577
-0.394078
-0.394618
-0.395279
-0.39602
-0.396697
-0.397207
-0.39753
-0.397791
-0.398141
-0.398769
-0.399794
-0.401184
-0.40283
-0.404532
-0.406063
-0.407242
-0.407915
-0.408007
-0.407523
-0.406509
-0.405059
-0.403334
-0.401556
-0.399975
-0.398853
-0.39846
-0.398984
-0.400522
-0.403035
-0.406363
-0.410228
-0.414296
-0.418231
-0.421665
-0.424309
-0.425865
-0.426065
-0.424663
-0.421435
-0.416192
-0.408941
-0.399937
-0.389809
-0.379652
-0.370865
-0.364916
-0.362737
-0.364362
-0.368903
-0.374944
-0.38111
-0.386509
-0.390854
-0.394335
-0.397384
-0.400419
-0.403636
-0.406981
-0.410143
-0.412637
-0.413911
-0.413451
-0.410855
-0.405873
-0.398573
-0.389406
-0.379342
-0.3698
-0.362442
-0.358675
-0.359138
-0.3635
-0.370644
-0.379198
-0.387973
-0.396199
-0.4035
-0.40971
-0.414819
-0.418822
-0.421732
-0.423543
-0.424286
-0.42397
-0.422663
-0.420437
-0.417387
-0.413651
-0.409382
-0.404741
-0.399854
-0.394844
-0.389779
-0.384683
-0.379509
-0.374246
-0.368883
-0.363495
-0.358346
-0.353801
-0.350386
-0.348606
-0.348805
-0.351008
-0.35492
-0.360011
-0.36562
-0.371164
-0.376226
-0.380568
-0.384089
-0.38681
-0.388824
-0.390232
-0.391154
-0.391694
-0.391947
-0.391993
-0.391882
-0.39166
-0.39137
-0.391034
-0.390681
-0.390309
-0.389937
-0.389562
-0.389202
-0.388838
-0.388482
-0.388119
-0.387754
-0.387375
-0.386984
-0.386564
-0.386115
-0.385643
-0.385155
-0.384616
-0.384066
-0.383488
-0.382896
-0.382288
-0.381658
-0.381019
-0.380353
-0.379675
-0.378949
-0.378175
-0.37735
-0.376501
-0.37564
-0.374853
-0.374226
-0.373854
-0.373861
-0.374356
-0.375373
-0.376918
-0.378921
-0.381289
-0.383879
-0.386561
-0.389217
-0.39177
-0.394157
-0.396373
-0.398406
-0.40028
-0.401994
-0.403593
-0.405085
-0.406474
-0.407773
-0.40897
-0.410063
-0.411019
-0.411826
-0.412442
-0.412858
-0.413065
-0.413056
-0.412857
-0.412487
-0.411989
-0.411401
-0.410751
-0.410072
-0.409378
-0.408672
-0.407937
-0.407193
-0.40649
-0.405918
-0.405621
-0.405706
-0.406289
-0.407379
-0.408949
-0.41086
-0.412944
-0.415001
-0.416876
-0.418475
-0.419773
-0.420772
-0.421549
-0.42216
-0.422655
-0.423012
-0.423189
-0.423068
-0.422578
-0.421682
-0.420399
-0.418826
-0.417163
-0.415612
-0.414352
-0.41357
-0.413312
-0.413564
-0.414249
-0.415243
-0.416414
-0.417673
-0.418963
-0.420247
-0.421519
-0.422783
-0.424042
-0.425293
-0.426507
-0.427677
-0.42877
-0.429747
-0.430587
-0.431278
-0.43181
-0.432177
-0.432409
-0.432531
-0.43257
-0.432556
-0.432549
-0.432594
-0.432695
-0.43289
-0.433181
-0.433535
-0.433934
-0.434339
-0.434692
-0.434922
-0.434959
-0.434717
-0.434131
-0.433145
-0.431715
-0.429834
-0.427557
-0.424986
-0.422261
-0.419589
-0.417229
-0.41539
-0.414275
-0.414009
-0.414629
-0.416104
-0.418299
-0.421054
-0.424199
-0.427557
-0.430958
-0.43424
-0.437258
-0.439879
-0.441994
-0.443533
-0.444458
-0.444806
-0.444648
-0.444073
-0.443181
-0.442016
-0.440574
-0.438789
-0.436532
-0.43372
-0.430322
-0.426426
-0.422252
-0.418162
-0.414552
-0.411837
-0.410308
-0.410103
-0.411188
-0.413422
-0.416588
-0.420321
-0.424256
-0.427947
-0.430929
-0.432777
-0.433132
-0.431759
-0.428561
-0.423703
-0.417558
-0.410756
-0.404153
-0.398688
-0.395288
-0.394711
-0.397283
-0.402739
-0.410273
-0.418756
-0.427105
-0.434551
-0.440667
-0.445371
-0.448738
-0.450967
-0.452268
-0.452859
-0.452917
-0.452565
-0.451907
-0.451018
-0.44994
-0.448708
-0.447327
-0.445834
-0.444249
-0.442642
-0.441055
-0.439581
-0.438325
-0.437397
-0.436914
-0.436957
-0.437579
-0.438761
-0.440491
-0.442664
-0.44514
-0.447737
-0.450274
-0.452545
-0.454331
-0.455416
-0.455575
-0.454639
-0.452433
-0.448889
-0.444095
-0.43835
-0.432199
-0.426369
-0.421681
-0.41883
-0.418194
-0.419803
-0.423363
-0.42836
-0.434227
-0.44042
-0.446421
-0.451746
-0.455984
-0.458793
-0.459943
-0.459304
-0.456904
-0.452928
-0.447741
-0.441887
-0.436025
-0.430796
-0.426726
-0.424068
-0.42274
-0.422329
-0.42218
-0.421493
-0.419567
-0.416143
-0.411849
-0.408413
-0.408383
-0.413681
-0.42424
-0.437959
-0.451939
-0.463949
-0.472894
-0.478621
-0.481451
-0.481898
-0.480451
-0.47757
-0.473661
-0.469112
-0.4643
-0.459549
-0.455144
-0.451242
-0.447851
-0.44482
-0.44189
-0.438781
-0.435247
-0.431195
-0.426723
-0.422139
-0.417798
-0.41409
-0.411341
-0.409756
-0.409403
-0.410187
-0.411628
-0.412826
-0.412485
-0.409312
-0.402702
-0.393566
-0.384715
-0.379946
-0.38169
-0.389164
-0.399031
-0.407821
-0.413558
-0.415912
-0.415551
-0.413545
-0.410965
-0.408707
-0.407386
-0.40734
-0.408668
-0.411254
-0.414873
-0.419268
-0.424129
-0.429213
-0.434294
-0.439153
-0.443633
-0.447635
-0.451066
-0.453898
-0.456078
-0.457632
-0.45856
-0.458889
-0.458646
-0.457862
-0.456578
-0.454811
-0.452602
-0.450016
-0.447105
-0.44395
-0.440645
-0.437308
-0.43405
-0.430963
-0.4281
-0.425467
-0.423072
-0.420873
-0.418838
-0.416928
-0.415114
-0.413366
-0.411625
-0.409812
-0.407837
-0.405599
-0.402996
-0.399824
-0.395801
-0.390489
-0.383517
-0.374993
-0.365978
-0.358871
-0.35676
-0.361736
-0.373301
-0.388693
-0.404496
-0.418219
-0.428739
-0.435894
-0.440033
-0.44167
-0.441315
-0.439405
-0.436346
-0.432483
-0.428122
-0.423611
-0.419244
-0.415321
-0.412077
-0.409705
-0.408294
-0.407846
-0.408267
-0.409417
-0.411105
-0.413154
-0.415385
-0.417647
-0.419805
-0.42177
-0.423457
-0.424799
-0.425786
-0.426383
-0.426616
-0.426485
-0.426013
-0.425194
-0.424029
-0.422489
-0.420522
-0.418068
-0.415063
-0.411526
-0.40759
-0.403548
-0.399915
-0.397325
-0.396362
-0.397315
-0.40003
-0.403914
-0.408163
-0.411917
-0.414449
-0.415228
-0.413957
-0.410458
-0.404872
-0.397648
-0.389627
-0.38207
-0.376479
-0.374173
-0.375841
-0.381163
-0.388947
-0.397588
-0.4056
-0.41193
-0.416072
-0.417945
-0.41771
-0.415689
-0.412293
-0.408005
-0.403311
-0.39873
-0.394742
-0.391738
-0.389983
-0.389513
-0.390142
-0.391531
-0.393314
-0.395301
-0.397576
-0.400452
-0.404327
-0.40942
-0.415674
-0.422687
-0.429885
-0.436731
-0.44282
-0.447911
-0.451954
-0.454963
-0.457008
-0.458175
-0.45853
-0.458127
-0.457
-0.455156
-0.452623
-0.44936
-0.44535
-0.440555
-0.435007
-0.428842
-0.422412
-0.416306
-0.411252
-0.407789
-0.40592
-0.404943
-0.403663
-0.400865
-0.395824
-0.388625
-0.380257
-0.372443
-0.367167
-0.366045
-0.369637
-0.377308
-0.387448
-0.398272
-0.408389
-0.417121
-0.42444
-0.430706
-0.436405
-0.441977
-0.447656
-0.453549
-0.459597
-0.465649
-0.471545
-0.477093
-0.482131
-0.48654
-0.490191
-0.492999
-0.494905
-0.495874
-0.495904
-0.495017
-0.493252
-0.490669
-0.487388
-0.483529
-0.479214
-0.474607
-0.469843
-0.464994
-0.460062
-0.454964
-0.449543
-0.443606
-0.437062
-0.429967
-0.422628
-0.41554
-0.409283
-0.404342
-0.40096
-0.399158
-0.39882
-0.399832
-0.402105
-0.405533
-0.409937
-0.415019
-0.420389
-0.425711
-0.430701
-0.435241
-0.439288
-0.442844
-0.44597
-0.448651
-0.450841
-0.452475
-0.453503
-0.453912
-0.453732
-0.453019
-0.45186
-0.450372
-0.448652
-0.4468
-0.444886
-0.442962
-0.441045
-0.439155
-0.437282
-0.435361
-0.433339
-0.431163
-0.428753
-0.426012
-0.422893
-0.419291
-0.415144
-0.410432
-0.4052
-0.399646
-0.394114
-0.389111
-0.385214
-0.382938
-0.382595
-0.384182
-0.387403
-0.391756
-0.396718
-0.401753
-0.40647
-0.410616
-0.414054
-0.416741
-0.418728
-0.420086
-0.420893
-0.421239
-0.421181
-0.420762
-0.419972
-0.41879
-0.417141
-0.414981
-0.412228
-0.408843
-0.404796
-0.400105
-0.394771
-0.388865
-0.382554
-0.376083
-0.36998
-0.36497
-0.361893
-0.361434
-0.363783
-0.368468
-0.374611
-0.381197
-0.387415
-0.392787
-0.39716
-0.400626
-0.403379
-0.40558
-0.407277
-0.408354
-0.40846
-0.407131
-0.403992
-0.398978
-0.392615
-0.386185
-0.381493
-0.380178
-0.382926
-0.38917
-0.397407
-0.406006
-0.413737
-0.419961
-0.424501
-0.427468
-0.429101
-0.429684
-0.429419
-0.428435
-0.426798
-0.424492
-0.421531
-0.41802
-0.414252
-0.41072
-0.408044
-0.40681
-0.407365
-0.409659
-0.413289
-0.417657
-0.422184
-0.426422
-0.43014
-0.433223
-0.435682
-0.437575
-0.438985
-0.439964
-0.440559
-0.440798
-0.440682
-0.440198
-0.439321
-0.43804
-0.436323
-0.434149
-0.431524
-0.42849
-0.425124
-0.421535
-0.417873
-0.414295
-0.410951
-0.40797
-0.405411
-0.403295
-0.401616
-0.40038
-0.399581
-0.39927
-0.399514
-0.400375
-0.401881
-0.403987
-0.406566
-0.409423
-0.412327
-0.415062
-0.417485
-0.419482
-0.421065
-0.422286
-0.42323
-0.424049
-0.424855
-0.425745
-0.426764
-0.427951
-0.429283
-0.430707
-0.432144
-0.433506
-0.434733
-0.435753
-0.436535
-0.437059
-0.437356
-0.437458
-0.437411
-0.437255
-0.437072
-0.436927
-0.436857
-0.436915
-0.437116
-0.437508
-0.438061
-0.43878
-0.439621
-0.440542
-0.44149
-0.442428
-0.443293
-0.444024
-0.444584
-0.444905
-0.444926
-0.444566
-0.443739
-0.442328
-0.440217
-0.437259
-0.43328
-0.428097
-0.42151
-0.413235
-0.40296
-0.390395
-0.375607
-0.359523
-0.344458
-0.33365
-0.329759
-0.333015
-0.341218
-0.351492
-0.361912
-0.371791
-0.380982
-0.389308
-0.396441
-0.402028
-0.405973
-0.40844
-0.409852
