1.41237
1.41225
1.41216
1.41204
1.41193
1.41188
1.41191
1.412
1.41215
1.41233
1.41251
1.41266
1.41275
1.41277
1.4127
1.41257
1.41242
1.41228
1.4122
1.41219
1.41226
1.41237
1.41249
1.41259
1.41267
1.4127
1.41269
1.41265
1.41258
1.41251
1.41243
1.41236
1.41231
1.41227
1.41225
1.41225
1.41226
1.41226
1.41229
1.41231
1.41235
1.41237
1.4124
1.41242
1.41243
1.41244
1.41247
1.41247
1.41247
1.41248
1.41249
1.41252
1.41254
1.41258
1.41261
1.41262
1.41265
1.41267
1.41269
1.41269
1.41269
1.41268
1.41267
1.41265
1.41263
1.4126
1.41258
1.41254
1.41251
1.41248
1.41245
1.41242
1.41239
1.41236
1.41235
1.41233
1.41232
1.4123
1.41229
1.41229
1.41228
1.41228
1.4123
1.41233
1.41234
1.41238
1.4124
1.41244
1.41247
1.41252
1.41255
1.41258
1.4126
1.41262
1.41264
1.41265
1.41264
1.41263
1.41261
1.41258
1.41255
1.41252
1.41249
1.41247
1.41245
1.41243
1.41243
1.41243
1.41245
1.41246
1.41248
1.41247
1.41246
1.41243
1.4124
1.41235
1.4123
1.41225
1.41222
1.41221
1.41222
1.41225
1.4123
1.41239
1.41248
1.41258
1.41271
1.41281
1.41289
1.41292
1.41287
1.41274
1.41254
1.41232
1.41214
1.41203
1.41202
1.4121
1.41225
1.41242
1.4126
1.41274
1.41276
1.41269
1.41253
1.41233
1.41218
1.4121
1.41209
1.41211
1.41215
1.41216
1.41216
1.41212
1.41208
1.41204
1.41201
1.41201
1.41202
1.41206
1.4121
1.41216
1.41223
1.41229
1.41234
1.41237
1.41239
1.4124
1.4124
1.4124
1.4124
1.41241
1.41244
1.41248
1.41251
1.41256
1.4126
1.41265
1.4127
1.41274
1.41276
1.41276
1.41273
1.41268
1.41261
1.41253
1.41247
1.41241
1.4124
1.41241
1.41243
1.41246
1.41248
1.41249
1.41248
1.41243
1.41236
1.4123
1.41225
1.4122
1.41216
1.41215
1.41216
1.41218
1.41221
1.41227
1.41233
1.41241
1.41249
1.41256
1.41262
1.41266
1.41265
1.41262
1.41257
1.41252
1.41246
1.41242
1.41239
1.41238
1.41238
1.41239
1.41243
1.41247
1.41253
1.41259
1.41267
1.41272
1.41275
1.41276
1.41273
1.41267
1.41258
1.41247
1.41236
1.41228
1.41222
1.41221
1.41223
1.41226
1.4123
1.41234
1.41236
1.41238
1.41238
1.41238
1.41238
1.41238
1.41237
1.41237
1.41237
1.41237
1.41237
1.41236
1.41235
1.41234
1.41233
1.41234
1.41235
1.41237
1.41239
1.41241
1.41241
1.41241
1.4124
1.41238
1.41236
1.41233
1.41231
1.41229
1.41226
1.41227
1.41228
1.4123
1.41233
1.41237
1.4124
1.41243
1.41245
1.41244
1.41243
1.4124
1.41235
1.41231
1.41226
1.41223
1.41222
1.41226
1.41235
1.41249
1.41269
1.41292
1.41316
1.41336
1.41341
1.41323
1.41281
1.41226
1.41175
1.41142
1.4113
1.41135
1.41149
1.41167
1.41184
1.41201
1.41217
1.41229
1.41241
1.41252
1.41262
1.41271
1.4128
1.41292
1.41305
1.41318
1.41329
1.41337
1.41336
1.41325
1.41304
1.41273
1.4124
1.41208
1.41182
1.41166
1.41161
1.41168
1.41185
1.41207
1.41232
1.41256
1.41276
1.41287
1.41284
1.41268
1.41243
1.41218
1.412
1.41194
1.41199
1.41211
1.41226
1.41242
1.41256
1.41269
1.4128
1.4129
1.41298
1.41303
1.41304
1.41299
1.41287
1.41267
1.41244
1.41222
1.41205
1.41197
1.41198
1.41207
1.4122
1.41236
1.41254
1.41273
1.4129
1.41305
1.41313
1.41306
1.41282
1.41245
1.41208
1.41179
1.41167
1.41171
1.41186
1.41204
1.41225
1.41243
1.4126
1.41272
1.41282
1.41288
1.41289
1.41287
1.41282
1.41272
1.41258
1.41243
1.41226
1.41213
1.41203
1.41196
1.41193
1.41193
1.41193
1.41195
1.41199
1.41203
1.41208
1.41214
1.41219
1.41224
1.41228
1.41234
1.4124
1.41244
1.41249
1.41253
1.41258
1.41261
1.41263
1.41263
1.41261
1.41258
1.41251
1.41242
1.41231
1.4122
1.4121
1.41202
1.41199
1.41197
1.41199
1.41204
1.41213
1.41224
1.4124
1.41257
1.41275
1.4129
1.413
1.41298
1.41282
1.41256
1.41226
1.41202
1.4119
1.41191
1.41198
1.41209
1.41222
1.41231
1.41238
1.41244
1.41248
1.41254
1.41261
1.41268
1.41276
1.41281
1.41282
1.41277
1.41265
1.41247
1.41223
1.412
1.41179
1.41165
1.41158
1.41159
1.41167
1.41179
1.41194
1.41211
1.41226
1.4124
1.41251
1.41257
1.41258
1.41255
1.41247
1.41235
1.41223
1.41212
1.41204
1.41201
1.41202
1.41205
1.41211
1.41217
1.41225
1.41233
1.41241
1.41249
1.41256
1.41262
1.41268
1.41272
1.41276
1.41275
1.41272
1.41264
1.41253
1.41239
1.41226
1.41214
1.41205
1.412
1.41198
1.41201
1.41207
1.41213
1.41221
1.41229
1.41237
1.41245
1.41251
1.41255
1.41258
1.41257
1.41256
1.41252
1.41246
1.41239
1.41232
1.41224
1.4122
1.41217
1.41217
1.41219
1.41222
1.41225
1.41229
1.41232
1.41234
1.41236
1.41239
1.41241
1.41243
1.41244
1.41246
1.41247
1.41247
1.41245
1.41243
1.41239
1.41234
1.41228
1.41222
1.41216
1.41211
1.41207
1.41204
1.41203
1.41201
1.41199
1.41197
1.41195
1.41196
1.41198
1.41203
1.41211
1.41222
1.41236
1.41251
1.41269
1.41285
1.41298
1.41303
1.41296
1.41273
1.41239
1.41204
1.41176
1.4116
1.41156
1.41162
1.41173
1.41185
1.41195
1.41207
1.41219
1.41231
1.41244
1.41259
1.41273
1.41285
1.41291
1.41287
1.41268
1.4124
1.41207
1.41177
1.41159
1.41153
1.41159
1.41172
1.41187
1.41201
1.41213
1.41222
1.41227
1.41227
1.41224
1.41219
1.41211
1.41204
1.41197
1.41191
1.41189
1.41188
1.41188
1.41191
1.41193
1.41196
1.41199
1.41201
1.41205
1.41208
1.41211
1.41215
1.41219
1.41226
1.41235
1.41248
1.41262
1.41282
1.41304
1.41326
1.41345
1.4135
1.41335
1.41298
1.4125
1.41205
1.41173
1.41159
1.41154
1.41154
1.41154
1.41155
1.41157
1.41161
1.41167
1.41176
1.41187
1.41198
1.41208
1.41216
1.41221
1.41222
1.41221
1.41216
1.41209
1.41202
1.41195
1.4119
1.41188
1.41189
1.41191
1.41195
1.41202
1.41209
1.4122
1.41231
1.41244
1.41259
1.41275
1.41289
1.41298
1.413
1.41294
1.41282
1.41263
1.41244
1.41224
1.41203
1.41181
1.41161
1.41144
1.41137
1.41139
1.41151
1.41167
1.41186
1.41205
1.41222
1.41237
1.41252
1.41264
1.41275
1.41284
1.4129
1.41292
1.41288
1.41279
1.41267
1.41255
1.41247
1.41244
1.4125
1.41263
1.41276
1.41277
1.41256
1.41219
1.41177
1.41151
1.41147
1.41163
1.41187
1.41213
1.41232
1.41247
1.41255
1.4126
1.41259
1.41255
1.4125
1.41242
1.41234
1.41225
1.41219
1.41216
1.41214
1.41215
1.41217
1.41221
1.41225
1.41228
1.41233
1.41237
1.41241
1.41244
1.41247
1.41249
1.41251
1.41252
1.41254
1.41256
1.41258
1.4126
1.41263
1.41266
1.41271
1.41274
1.41275
1.41274
1.41271
1.41264
1.41256
1.41246
1.41234
1.41222
1.41214
1.41209
1.41207
1.41208
1.41213
1.41218
1.41227
1.41235
1.41245
1.41256
1.41268
1.41277
1.41285
1.41289
1.41285
1.41278
1.41272
1.41271
1.41282
1.41306
1.41338
1.41364
1.41362
1.41321
1.41246
1.41172
1.41125
1.41113
1.41121
1.41137
1.41151
1.41162
1.41173
1.41183
1.41195
1.41206
1.41217
1.41228
1.41237
1.41243
1.41247
1.41247
1.41242
1.41237
1.41231
1.41226
1.41223
1.41221
1.41223
1.41226
1.4123
1.41233
1.41234
1.41234
1.41231
1.41229
1.41225
1.41223
1.41221
1.41221
1.41222
1.41223
1.41225
1.41228
1.41231
1.41234
1.41238
1.41242
1.41247
1.41253
1.41256
1.41257
1.41253
1.41243
1.41228
1.41211
1.41198
1.4119
1.4119
1.41196
1.41205
1.41215
1.41224
1.4123
1.41233
1.41233
1.41229
1.41223
1.41214
1.41205
1.41197
1.4119
1.41187
1.41188
1.41193
1.412
1.41207
1.41215
1.41222
1.41228
1.41231
1.41233
1.41234
1.41233
1.41231
1.41229
1.41227
1.41227
1.41227
1.41228
1.41229
1.4123
1.41229
1.41229
1.41229
1.41229
1.41233
1.41242
1.41253
1.41269
1.41288
1.41308
1.41328
1.41345
1.41354
1.41351
1.41332
1.41299
1.41255
1.4121
1.41171
1.41143
1.41131
1.41129
1.41136
1.41147
1.4116
1.41173
1.41184
1.41193
1.41201
1.41208
1.41212
1.41217
1.41221
1.41226
1.41232
1.41238
1.41246
1.41255
1.41266
1.41277
1.41287
1.41296
1.41301
1.41299
1.41288
1.41271
1.41249
1.41228
1.41211
1.41199
1.41194
1.41194
1.41196
1.412
1.41204
1.4121
1.41215
1.41221
1.41228
1.41236
1.41244
1.41251
1.41256
1.41256
1.4125
1.4124
1.41227
1.41213
1.41204
1.41199
1.41199
1.41202
1.41208
1.41214
1.41218
1.41222
1.41226
1.41226
1.41226
1.41225
1.41225
1.41226
1.41228
1.41232
1.41237
1.41242
1.41249
1.41257
1.41264
1.41269
1.41273
1.41273
1.41273
1.41268
1.41262
1.41255
1.41248
1.41242
1.41237
1.41233
1.41231
1.41228
1.41226
1.41225
1.41225
1.41227
1.41229
1.41232
1.41238
1.41244
1.41251
1.41257
1.41264
1.41266
1.41265
1.4126
1.41251
1.41239
1.41226
1.41216
1.41209
1.41206
1.41208
1.41211
1.41215
1.41221
1.41227
1.41233
1.41239
1.41244
1.41249
1.41254
1.41258
1.41261
1.41263
1.41263
1.41262
1.41258
1.41255
1.41251
1.41247
1.41243
1.4124
1.41235
1.4123
1.41225
1.4122
1.41215
1.41212
1.4121
1.41211
1.41214
1.41219
1.41224
1.4123
1.41236
1.41241
1.41247
1.41253
1.41258
1.41261
1.41264
1.41266
1.41265
1.41263
1.41259
1.41254
1.41249
1.41244
1.41238
1.41234
1.4123
1.41227
1.41224
1.41222
1.41221
1.41219
1.4122
1.41222
1.41225
1.41228
1.41232
1.41234
1.41236
1.41237
1.41237
1.41236
1.41236
1.41236
1.41238
1.41241
1.41245
1.41249
1.41254
1.41257
1.41261
1.41263
1.41263
1.41261
1.41258
1.41255
1.41251
1.41248
1.41247
1.41248
1.41248
1.41246
1.41241
1.41233
1.41222
1.41209
1.41197
1.41186
1.41178
1.41176
1.41179
1.41184
1.41193
1.41205
1.41216
1.41229
1.41243
1.41256
1.41268
1.41281
1.41291
1.41299
1.41302
1.41302
1.41297
1.41288
1.41275
1.41262
1.41248
1.41235
1.41226
1.41219
1.41213
1.41209
1.41207
1.41206
1.41208
1.41212
1.41217
1.41221
1.41226
1.41228
1.41229
1.41228
1.41225
1.41221
1.41216
1.41214
1.41212
1.41213
1.41217
1.41224
1.41234
1.41244
1.41255
1.41265
1.41275
1.41282
1.41285
1.41283
1.41274
1.41261
1.41244
1.41229
1.41218
1.41213
1.41212
1.41215
1.41222
1.41229
1.41238
1.41246
1.41255
1.41264
1.41273
1.41281
1.41286
1.41288
1.41284
1.41274
1.41259
1.4124
1.41222
1.41208
1.41198
1.41195
1.41198
1.41206
1.41214
1.41223
1.41231
1.41238
1.41245
1.4125
1.41253
1.41256
1.41258
1.41259
1.4126
1.4126
1.41259
1.41258
1.41255
1.41254
1.41251
1.41246
1.41237
1.41224
1.41207
1.4119
1.41178
1.41175
1.41179
1.41191
1.41204
1.41218
1.41228
1.41233
1.41235
1.41232
1.41228
1.41223
1.41219
1.41219
1.41222
1.41227
1.41236
1.41248
1.41264
1.41282
1.41304
1.41328
1.41349
1.41362
1.41359
1.41335
1.41289
1.4123
1.41168
1.4112
1.41093
1.4109
1.41104
1.4113
1.41161
1.41191
1.41219
1.41245
1.41266
1.41286
1.41302
1.41318
1.4133
1.41339
1.41342
1.41337
1.41317
1.41278
1.41224
1.41168
1.41125
1.41108
1.41115
1.41138
1.41171
1.41208
1.41245
1.41279
1.41306
1.4132
1.41315
1.41287
1.41242
1.41195
1.41161
1.41147
1.41147
1.41158
1.41171
1.41184
1.41195
1.41205
1.41214
1.41223
1.41229
1.41236
1.41242
1.41248
1.41255
1.41262
1.41269
1.41279
1.41289
1.41299
1.4131
1.4132
1.41327
1.41328
1.41323
1.4131
1.41287
1.41259
1.41231
1.41204
1.41184
1.41171
1.41166
1.4117
1.4118
1.41194
1.41212
1.41232
1.41251
1.41269
1.41285
1.41296
1.41301
1.41299
1.41289
1.41274
1.41255
1.41235
1.41218
1.41204
1.41193
1.41188
1.41187
1.4119
1.41196
1.41202
1.41209
1.41216
1.41225
1.41231
1.41238
1.41245
1.41249
1.41252
1.41256
1.41259
1.4126
1.41262
1.41263
1.41263
1.41263
1.41261
1.41258
1.41254
1.41248
1.41244
1.4124
1.41236
1.41234
1.41232
1.41231
1.41232
1.41236
1.4124
1.41246
1.41254
1.41264
1.41274
1.41286
1.41295
1.41304
1.41309
1.41309
1.41301
1.41281
1.41248
1.41208
1.4117
1.41145
1.41136
1.41143
1.41158
1.41176
1.41192
1.41207
1.41217
1.41224
1.41229
1.4123
1.41234
1.41235
1.41237
1.41237
1.41238
1.41239
1.41241
1.41244
1.41246
1.41248
1.4125
1.41251
1.41252
1.41251
1.41249
1.41247
1.41243
1.41241
1.4124
1.41239
1.41242
1.41245
1.4125
1.41256
1.41263
1.41268
1.41271
1.41271
1.41267
1.41259
1.41245
1.41229
1.41214
1.41199
1.41188
1.41181
1.41179
1.41179
1.41183
1.41188
1.41196
1.41204
1.41212
1.41219
1.41225
1.41229
1.41234
1.41237
1.4124
1.41241
1.41242
1.41241
1.4124
1.41238
1.41237
1.41233
1.41232
1.41229
1.41224
1.41221
1.41217
1.41215
1.41214
1.41213
1.41214
1.41215
1.41218
1.41221
1.41223
1.41224
1.41226
1.41226
1.41226
1.41226
1.41226
1.41226
1.4123
1.41236
1.41243
1.41252
1.41262
1.41273
1.41283
1.41294
1.41301
1.41307
1.41313
1.41316
1.41316
1.41312
1.41296
1.41266
1.41224
1.4118
1.41146
1.41128
1.41125
1.41131
1.41144
1.41159
1.41176
1.41189
1.41202
1.41215
1.41226
1.41236
1.41245
1.41251
1.41257
1.41261
1.41261
1.41259
1.41255
1.41248
1.41239
1.41232
1.41225
1.41221
1.4122
1.41226
1.41234
1.41244
1.41254
1.41262
1.41265
1.41263
1.41258
1.41249
1.41238
1.41228
1.4122
1.41213
1.41209
1.41207
1.41209
1.41209
1.41211
1.41214
1.41219
1.41224
1.41229
1.41235
1.41241
1.41248
1.41254
1.41259
1.41265
1.41269
1.41273
1.41276
1.41275
1.41271
1.41265
1.41257
1.41249
1.41241
1.41236
1.41232
1.41229
1.41228
1.41227
1.41226
1.41223
1.41222
1.41219
1.41216
1.41213
1.41212
1.4121
1.41209
1.41209
1.4121
1.41211
1.41214
1.41217
1.41221
1.41225
1.41229
1.41235
1.4124
1.41245
1.41251
1.41257
1.41265
1.41273
1.41283
1.41291
1.41298
1.41301
1.41297
1.41286
1.41269
1.41248
1.41229
1.41215
1.41209
1.41211
1.41217
1.41225
1.41233
1.41239
1.41241
1.41241
1.41238
1.41234
1.41231
1.41229
1.4123
1.41236
1.41244
1.41254
1.41267
1.41278
1.41289
1.41296
1.41299
1.41298
1.41294
1.41288
1.4128
1.41264
1.4124
1.41206
1.41174
1.41155
1.41154
1.41169
1.41191
1.41214
1.41234
1.41247
1.41254
1.41256
1.41254
1.41253
1.41251
1.41248
1.41245
1.41243
1.41237
1.41233
1.41228
1.41224
1.4122
1.4122
1.4122
1.41221
1.41223
1.41227
1.41232
1.41235
1.41238
1.4124
1.41241
1.41241
1.4124
1.4124
1.41238
1.41238
1.41239
1.4124
1.41242
1.41245
1.41247
1.41248
1.4125
1.41251
1.41251
1.41252
1.41253
1.41254
1.41255
1.41255
1.41255
1.41256
1.41254
1.41251
1.41246
1.41241
1.41236
1.41231
1.41227
1.41224
1.41222
1.41222
1.41223
1.41226
1.41228
1.4123
1.41231
1.41232
1.41232
1.41233
1.41233
1.41233
1.41232
1.41232
1.41232
1.41232
1.41233
1.41235
1.4124
1.41246
1.41255
1.41265
1.41276
1.41286
1.41294
1.41298
1.41296
1.41288
1.41275
1.41259
1.41243
1.41231
1.41222
1.41215
1.41211
1.41208
1.41207
1.41207
1.41206
1.41206
1.41208
1.4121
1.41212
1.41215
1.41219
1.41225
1.4123
1.41234
1.4124
1.41244
1.41249
1.41252
1.41255
1.41258
1.41259
1.4126
1.4126
1.41258
1.41255
1.41252
1.41249
1.41246
1.41245
1.41243
1.41242
1.41241
1.4124
1.4124
1.41241
1.41242
1.41242
1.41243
1.41244
1.41246
1.41249
1.41252
1.41255
1.41259
1.41262
1.41265
1.41265
1.41265
1.41264
1.41263
1.41262
1.4126
1.41257
1.41254
1.4125
1.41246
1.41238
1.41226
1.41213
1.41199
1.41187
1.4118
1.41177
1.41179
1.41185
1.41192
1.412
1.41207
1.41213
1.41218
1.41222
1.41225
1.41227
1.41229
1.4123
1.41232
1.41233
1.41234
1.41234
1.41235
1.41236
1.41236
1.41236
1.41238
1.4124
1.41243
1.41248
1.41254
1.4126
1.41268
1.41274
1.41277
1.41275
1.41264
1.41248
1.41224
1.41199
1.41181
1.41173
1.41176
1.41188
1.41205
1.41223
1.41239
1.41252
1.41262
1.41272
1.41281
1.4129
1.41299
1.41307
1.41309
1.41303
1.41287
1.41259
1.41225
1.41188
1.41156
1.41134
1.41123
1.41121
1.41128
1.41142
1.4116
1.4118
1.41199
1.41217
1.41231
1.41242
1.4125
1.41255
1.41256
1.41256
1.41255
1.41252
1.4125
1.41247
1.41244
1.41242
1.4124
1.41237
1.41233
1.41228
1.41224
1.4122
1.41218
1.41217
1.4122
1.41225
1.41233
1.41242
1.41254
1.41269
1.41282
1.41291
1.41295
1.41291
1.41274
1.41248
1.41218
1.41192
1.41173
1.41165
1.41166
1.41173
1.41183
1.41192
1.41202
1.41212
1.4122
1.41229
1.41237
1.41247
1.41256
1.41266
1.41275
1.41282
1.41287
1.41291
1.4129
1.41285
1.41279
1.41276
1.41278
1.41283
1.41288
1.41289
1.41281
1.41263
1.41239
1.41215
1.41196
1.41186
1.41186
1.41194
1.41207
1.41223
1.41239
1.41256
1.41272
1.41285
1.41293
1.41294
1.41286
1.41268
1.41244
1.4122
1.41199
1.41185
1.41179
1.41181
1.41188
1.41197
1.41208
1.41218
1.41226
1.41234
1.4124
1.41245
1.41249
1.41253
1.41257
1.4126
1.41262
1.41265
1.41267
1.41269
1.41271
1.41272
1.41271
1.41269
1.41267
1.41262
1.41258
1.41253
1.41249
1.41245
1.41241
1.41239
1.41236
1.41234
1.41232
1.41231
1.41231
1.41229
1.41227
1.41227
1.41226
1.41226
1.41226
1.41226
1.41227
1.4123
1.41234
1.41239
1.41245
1.41252
1.41261
1.41272
1.41283
1.41295
1.41308
1.41318
1.41321
1.41314
1.41295
1.41265
1.41229
1.41194
1.41168
1.41153
1.41149
1.41155
1.41166
1.41179
1.41192
1.41205
1.41216
1.41223
1.41229
1.41235
1.41238
1.41241
1.41243
1.41245
1.41246
1.41248
1.41251
1.41254
1.41257
1.41261
1.41266
1.41272
1.4128
1.4129
1.41301
1.41311
1.41316
1.41314
1.41303
1.4129
1.41278
1.41276
1.41278
1.4127
1.41241
1.41194
1.41149
1.41125
1.41128
1.41149
1.41174
1.41195
1.41207
1.41211
1.4121
1.41205
1.41202
1.41201
1.41203
1.41205
1.41207
1.41212
1.41215
1.41219
1.41223
1.41225
1.41229
1.41232
1.41234
1.41237
1.41241
1.41243
1.41245
1.41248
1.4125
1.41252
1.41254
1.41254
1.41256
1.41255
1.41256
1.41254
1.41252
1.41249
1.41247
1.41244
1.41242
1.41239
1.41238
1.41236
1.41236
1.41238
1.4124
1.41243
1.41249
1.41256
1.41265
1.41276
1.41284
1.41287
1.41281
1.41263
1.41234
1.41203
1.41177
1.41163
1.41162
1.41172
1.4119
1.41213
1.41242
1.41278
1.41323
1.41375
1.41427
1.41452
1.41421
1.41321
1.41193
1.41101
1.41075
1.41096
1.41134
1.41167
1.4119
1.41203
1.41208
1.41208
1.41205
1.41199
1.41195
1.41194
1.41195
1.41199
1.41204
1.4121
1.41216
1.41222
1.41226
1.4123
1.41234
1.41236
1.41238
1.41239
1.4124
1.41239
1.41238
1.41237
1.41236
1.41234
1.41233
1.41233
1.41234
1.41235
1.41237
1.4124
1.41243
1.41246
1.41249
1.41251
1.41249
1.41246
1.41241
1.41235
1.41231
1.4123
1.41236
1.41249
1.41268
1.41288
1.41306
1.41315
1.41309
1.41288
1.41258
1.41228
1.41204
1.41192
1.41188
1.41193
1.412
1.41207
1.41214
1.4122
1.41225
1.41232
1.4124
1.41247
1.41253
1.41258
1.41262
1.41265
1.41267
1.41266
1.41262
1.41254
1.41241
1.41225
1.41205
1.41187
1.4117
1.41157
1.41148
1.41145
1.41148
1.41154
1.41163
1.41173
1.41185
1.41195
1.41205
1.41216
1.41225
1.41233
1.4124
1.41246
1.41251
1.41255
1.41259
1.4126
1.41258
1.41257
1.41254
1.41251
1.41248
1.41247
1.41248
1.41251
1.41257
1.41263
1.4127
1.41277
1.41281
1.41284
1.41281
1.41274
1.41259
1.41241
1.4122
1.412
1.41185
1.41176
1.41171
1.41175
1.41183
1.41192
1.41205
1.41218
1.4123
1.41242
1.41253
1.41263
1.41272
1.41278
1.41281
1.41282
1.41281
1.41276
1.41267
1.41256
1.41242
1.41227
1.41213
1.41202
1.41196
1.41192
1.41193
1.41198
1.41205
1.41213
1.41222
1.41231
1.41239
1.41246
1.41253
1.41259
1.41265
1.41269
1.4127
1.4127
1.41268
1.41263
1.41256
1.41249
1.41241
1.41235
1.41231
1.41228
1.4123
1.41232
1.41237
1.41242
1.41248
1.41254
1.41258
1.4126
1.41261
1.41259
1.41256
1.4125
1.41243
1.41235
1.41226
1.41219
1.41214
1.41212
1.41212
1.41212
1.41213
1.41214
1.41217
1.41221
1.41226
1.41232
1.41238
1.41245
1.4125
1.41254
1.41255
1.41256
1.41256
1.41255
1.41252
1.41247
1.41243
1.41239
1.41235
1.41234
1.41234
1.41233
1.41234
1.41235
1.41236
1.41235
1.41235
1.41233
1.41231
1.41228
1.41227
1.41225
1.41225
1.41225
1.41226
1.41228
1.4123
1.41235
1.41243
1.41251
1.41262
1.41275
1.41289
1.41303
1.41314
1.41318
1.41313
1.41295
1.41266
1.41232
1.41201
1.41177
1.41164
1.41162
1.41167
1.41177
1.41191
1.41205
1.41218
1.41231
1.41244
1.41257
1.41267
1.41277
1.41284
1.41288
1.41287
1.41282
1.41272
1.41259
1.41247
1.41237
1.4123
1.41227
1.41226
1.41228
1.41233
1.41242
1.41252
1.41262
1.41271
1.41276
1.41277
1.41273
1.41262
1.41246
1.41229
1.41212
1.41197
1.41188
1.41185
1.41186
1.4119
1.41198
1.41205
1.41211
1.41216
1.41219
1.4122
1.4122
1.41221
1.41222
1.41224
1.41227
1.4123
1.41232
1.41234
1.41235
1.41236
1.41237
1.41238
1.41238
1.41238
1.41238
1.41238
1.41238
1.41237
1.41238
1.41237
1.41237
1.41236
1.41237
1.41237
1.41238
1.41238
1.41237
1.41238
1.41239
1.4124
1.41241
1.41243
1.41244
1.41245
1.41248
1.41249
1.4125
1.4125
1.4125
1.41248
1.41243
1.41237
1.41228
1.4122
1.41212
1.41207
1.41204
1.41204
1.41207
1.41211
1.41216
1.41222
1.41226
1.4123
1.41233
1.41233
1.41232
1.41231
1.41228
1.41227
1.41225
1.41223
1.41223
1.41224
1.41226
1.41228
1.41232
1.41236
1.41239
1.41243
1.41245
1.41244
1.41242
1.41236
1.41229
1.41219
1.41209
1.41201
1.41194
1.41191
1.41192
1.41198
1.41204
1.41212
1.41221
1.41229
1.41237
1.41243
1.41248
1.41251
1.41253
1.41252
1.4125
1.41249
1.41246
1.41241
1.41237
1.41233
1.41228
1.41225
1.41222
1.41219
1.41217
1.41217
1.41216
1.41215
1.41214
1.41214
1.41213
1.41213
1.41214
1.41215
1.41216
1.41219
1.41225
1.4123
1.41236
1.41242
1.41249
1.41257
1.41266
1.41278
1.41291
1.41302
1.41312
1.41312
1.413
1.41276
1.41242
1.41207
1.41178
1.41157
1.41142
1.41136
1.41137
1.41143
1.41153
1.41165
1.41178
1.41188
1.41197
1.41203
1.41208
1.41211
1.41214
1.41215
1.41216
1.41218
1.41219
1.41221
1.41223
1.41226
1.4123
1.41236
1.41243
1.41252
1.41261
1.41271
1.41282
1.41288
1.41291
1.41288
1.41283
1.41274
1.41266
1.41258
1.41249
1.41237
1.41222
1.41203
1.41184
1.4117
1.41162
1.41161
1.41167
1.41176
1.41189
1.41203
1.41216
1.41228
1.41239
1.41247
1.41255
1.41258
1.4126
1.4126
1.41261
1.41262
1.41264
1.41266
1.41265
1.41262
1.41255
1.41246
1.41238
1.4123
1.41222
1.41215
1.41206
1.41199
1.41193
1.41189
1.41188
1.41191
1.41196
1.41206
1.41216
1.41229
1.41243
1.41258
1.41272
1.41285
1.41297
1.41304
1.41305
1.41298
1.41286
1.41267
1.41246
1.4123
1.4122
1.41217
1.4122
1.41228
1.41239
1.41252
1.41265
1.41277
1.41285
1.41288
1.41282
1.41267
1.41244
1.41219
1.41196
1.41183
1.41179
1.41182
1.4119
1.41199
1.41207
1.41215
1.41221
1.41226
1.41231
1.41236
1.4124
1.41243
1.41245
1.41246
1.41244
1.41243
1.41242
1.41239
1.41238
1.41236
1.41235
1.41234
1.41234
1.41234
1.41234
1.41234
1.41234
1.41233
1.41232
1.41231
1.4123
1.4123
1.41229
1.41227
1.41227
1.41226
1.41226
1.41226
1.41225
1.41225
1.41224
1.41222
1.41222
1.41221
1.41219
1.41217
1.41216
1.41214
1.41213
1.41214
1.41214
1.41217
1.41221
1.41226
1.41233
1.41242
1.41253
1.41265
1.41278
1.41289
1.41298
1.41299
1.4129
1.41274
1.41252
1.41229
1.41209
1.41196
1.41187
1.41182
1.41181
1.41182
1.41186
1.41192
1.412
1.41206
1.41214
1.41221
1.41227
1.41232
1.41235
1.41237
1.41238
1.41237
1.41235
1.41233
1.4123
1.4123
1.41227
1.41225
1.41224
1.41222
1.4122
1.41221
1.4122
1.4122
1.41221
1.41221
1.4122
1.41221
1.41221
1.41224
1.41226
1.41227
1.41231
1.41235
1.4124
1.41245
1.41251
1.41256
1.41259
1.41259
1.41253
1.41243
1.41229
1.41214
1.412
1.41191
1.41186
1.41186
1.41188
1.41192
1.41196
1.412
1.41203
1.41204
1.41205
1.41207
1.41207
1.41209
1.41211
1.41213
1.41216
1.4122
1.41224
1.4123
1.41236
1.41243
1.41249
1.41257
1.41262
1.41266
1.41269
1.41269
1.41264
1.41254
1.41239
1.41221
1.41204
1.41192
1.41188
1.41188
1.41193
1.41202
1.41212
1.41222
1.41232
1.41242
1.41251
1.4126
1.4127
1.41277
1.41284
1.41285
1.41277
1.41258
1.41233
1.41204
1.41178
1.4116
1.41154
1.41155
1.4116
1.41169
1.4118
1.41191
1.41204
1.41217
1.4123
1.41241
1.41251
1.41259
1.41263
1.41262
1.41254
1.4124
1.41222
1.41202
1.41185
1.41173
1.41165
1.41163
1.41165
1.41169
1.41175
1.41183
1.41189
1.41196
1.41203
1.41209
1.41215
1.41221
1.41229
1.41234
1.41241
1.41248
1.41256
1.41261
1.41266
1.4127
1.41272
1.41273
1.41272
1.4127
1.41265
1.41258
1.4125
1.41237
1.41224
1.4121
1.41197
1.41185
1.41175
1.41167
1.41161
1.41157
1.41157
1.41159
1.41166
1.41174
1.41184
1.41194
1.41207
1.4122
1.41235
1.41253
1.41273
1.41297
1.41321
1.41347
1.41369
1.41384
1.41386
1.41369
1.41335
1.41291
1.41247
1.41212
1.41187
1.41171
1.41161
1.41155
1.41151
1.41152
1.41157
1.41169
1.41186
1.41207
1.4123
1.41253
1.41274
1.4129
1.413
1.41297
1.41281
1.41259
1.41237
1.41222
1.41217
1.41222
1.41233
1.41248
1.41262
1.41275
1.41288
1.41298
1.41306
1.41311
1.41312
1.41309
1.413
1.41287
1.41273
1.41257
1.41242
1.4123
1.41221
1.41216
1.41215
1.41218
1.41224
1.41231
1.41238
1.41245
1.41252
1.41259
1.41265
1.41268
1.41272
1.41273
1.41273
1.41272
1.41271
1.41268
1.41265
1.41263
1.41263
1.41268
1.41275
1.41283
1.41289
1.41289
1.41279
1.41259
1.41234
1.41209
1.41193
1.41185
1.41187
1.41194
1.41205
1.41214
1.41222
1.41228
1.41231
1.41233
1.41234
1.41234
1.41235
1.41236
1.4124
1.41247
1.41257
1.41269
1.41283
1.41295
1.41298
1.4129
1.41265
1.4123
1.41197
1.41174
1.41165
1.4117
1.41183
1.412
1.41215
1.41227
1.41238
1.41245
1.41249
1.41251
1.41252
1.4125
1.41248
1.41245
1.41241
1.41238
1.41234
1.4123
1.41228
1.41226
1.41224
1.41222
1.4122
1.41219
1.41218
1.41219
1.41221
1.41224
1.41227
1.4123
1.41234
1.41237
1.41241
1.41243
1.41246
1.41246
1.41246
1.41245
1.41244
1.41242
1.41239
1.41236
1.41232
1.41228
1.41224
1.41219
1.41216
1.41214
1.41215
1.41218
1.41222
1.41229
1.41237
1.41247
1.41259
1.41271
1.41282
1.41291
1.41293
1.41287
1.41276
1.41258
1.41237
1.41218
1.41207
1.41204
1.41208
1.41219
1.41232
1.41245
1.41258
1.41266
1.41269
1.41266
1.41259
1.41249
1.41237
1.41228
1.41221
1.41215
1.41213
1.41212
1.41212
1.41213
1.41213
1.41215
1.41216
1.41218
1.4122
1.41221
1.41222
1.41224
1.41225
1.41226
1.41227
1.41229
1.41231
1.41233
1.41235
1.41237
1.4124
1.41242
1.41243
1.41246
1.41248
1.41249
1.41251
1.41252
1.41251
1.41249
1.41246
1.41245
1.41246
1.41253
1.41264
1.41278
1.41293
1.41303
1.41308
1.41303
1.41288
1.41267
1.41241
1.41216
1.41194
1.41177
1.41167
1.41162
1.41165
1.41172
1.41183
1.41196
1.41211
1.41226
1.4124
1.41254
1.41266
1.41277
1.41284
1.41291
1.41296
1.413
1.41302
1.41302
1.41301
1.41299
1.41295
1.4129
1.41282
1.41269
1.41251
1.4123
1.41205
1.41179
1.41159
1.41147
1.41143
1.41151
1.41166
1.41184
1.41203
1.41219
1.41233
1.41244
1.41251
1.41255
1.41255
1.41252
1.41248
1.41242
1.41235
1.41227
1.41221
1.41217
1.41214
1.41214
1.41215
1.41217
1.4122
1.41223
1.41228
1.41233
1.41238
1.41245
1.41252
1.41259
1.41267
1.41275
1.41282
1.41288
1.41294
1.41297
1.41299
1.41297
1.41292
1.41284
1.4127
1.41255
1.41238
1.4122
1.41203
1.4119
1.41182
1.41181
1.41186
1.41197
1.4121
1.41226
1.4124
1.4125
1.41252
1.41246
1.41233
1.41216
1.41198
1.41184
1.41178
1.41178
1.41183
1.41192
1.412
1.41208
1.41213
1.41216
1.41218
1.41218
1.41217
1.41217
1.41218
1.41219
1.41223
1.41228
1.41234
1.41241
1.41249
1.41256
1.41262
1.41265
1.41265
1.41262
1.41256
1.41246
1.41235
1.41224
1.41215
1.4121
1.4121
1.41211
1.41216
1.41223
1.41229
1.41237
1.41244
1.4125
1.41255
1.41256
1.41257
1.41256
1.41252
1.41249
1.41244
1.4124
1.41237
1.41235
1.41234
1.41231
1.41231
1.4123
1.4123
1.41229
1.41228
1.41227
1.41226
1.41226
1.41228
1.4123
1.41233
1.41238
1.41242
1.41245
1.41247
1.41248
1.41247
1.41245
1.41242
1.4124
1.41238
1.41236
1.41235
1.41233
1.4123
1.41227
1.41224
1.41221
1.41219
1.4122
1.4122
1.41222
1.41224
1.41228
1.41232
1.41237
1.41241
1.41246
1.41251
1.41256
1.41261
1.41267
1.41273
1.41278
1.41281
1.41284
1.41288
1.41289
1.41291
1.41293
1.41295
1.41292
1.41288
1.4128
1.41268
1.41255
1.41244
1.41238
1.41235
1.41235
1.41237
1.41236
1.41234
1.41229
1.41223
1.41216
1.41211
1.41209
1.41207
1.41209
1.41212
1.41217
1.41222
1.41227
1.41232
1.41236
1.4124
1.41245
1.41248
1.4125
1.41252
1.41254
1.41255
1.41258
1.41259
1.41258
1.41258
1.41257
1.41257
1.41256
1.41256
1.41255
1.41254
1.41252
1.4125
1.41247
1.41244
1.4124
1.41238
1.41236
1.41236
1.41237
1.41238
1.41241
1.41246
1.41252
1.41259
1.4127
1.41285
1.41307
1.41335
1.41363
1.41375
1.41352
1.41283
1.41191
1.41116
1.41089
1.41105
1.41145
1.4119
1.41232
1.41264
1.41287
1.41302
1.41306
1.41303
1.41293
1.41279
1.41265
1.4125
1.41238
1.41227
1.41218
1.41209
1.41201
1.41199
1.41198
1.41202
1.41208
1.41214
1.4122
1.41224
1.41225
1.41224
1.41222
1.41219
1.41217
1.41218
1.4122
1.41224
1.41229
1.41234
1.41238
1.41242
1.41246
1.41248
1.4125
1.41252
1.41254
1.41255
1.41256
1.41258
1.41258
1.41259
1.41259
1.41259
1.41257
1.41253
1.41249
1.41243
1.41238
1.41232
1.4123
1.41231
1.41234
1.41241
1.4125
1.41262
1.41277
1.41291
1.41303
1.41308
1.41306
1.41294
1.41273
1.41251
1.41229
1.41211
1.41199
1.41193
1.4119
1.41192
1.41201
1.41212
1.41226
1.4124
1.4125
1.41249
1.41237
1.41218
1.41201
1.41189
1.41188
1.41195
1.41208
1.41223
1.41238
1.41251
1.41261
1.4127
1.41276
1.41278
1.41278
1.41276
1.41274
1.4127
1.41265
1.41262
1.41258
1.41256
1.41256
1.41257
1.41262
1.41269
1.41274
1.41276
1.41269
1.41252
1.41228
1.41203
1.41183
1.41172
1.41173
1.4118
1.41191
1.41204
1.41218
1.41227
1.41236
1.41241
1.41243
1.41245
1.41245
1.41246
1.41247
1.41248
1.41251
1.41255
1.4126
1.41265
1.4127
1.41275
1.4128
1.41283
1.41283
1.41281
1.41274
1.41264
1.41253
1.41241
1.41233
1.41227
1.41224
1.41226
1.41232
1.4124
1.41248
1.41255
1.41263
1.41267
1.41269
1.41268
1.41264
1.41258
1.4125
1.4124
1.41232
1.41224
1.41218
1.41214
1.41213
1.41214
1.41216
1.41221
1.41226
1.41232
1.41238
1.41244
1.41248
1.41253
1.41258
1.41261
1.41262
1.41264
1.41264
1.41263
1.41261
1.41259
1.41256
1.41253
1.41251
1.41247
1.41246
1.41244
1.41242
1.41242
1.41242
1.41242
1.41244
1.41247
1.41251
1.41256
1.41261
1.41264
1.41266
1.41266
1.41261
1.41252
1.41241
1.41231
1.41221
1.41216
1.41215
1.41218
1.41222
1.41227
1.41232
1.41236
1.4124
1.41244
1.41247
1.41249
1.41252
1.41254
1.41257
1.4126
1.41262
1.41265
1.41267
1.41267
1.41265
1.41261
1.41254
1.41244
1.41233
1.41224
1.41215
1.41208
1.41206
1.41205
1.41207
1.4121
1.41212
1.41216
1.4122
1.41223
1.41227
1.41229
1.41231
1.41232
1.41232
1.41232
1.41233
1.41232
1.41232
1.41232
1.41234
1.41236
1.41242
1.41249
1.41259
1.4127
1.41284
1.41299
1.41311
1.41313
1.41301
1.41273
1.41234
1.41195
1.41167
1.41156
1.41158
1.41168
1.41181
1.41195
1.41206
1.41216
1.41224
1.4123
1.41235
1.41238
1.41243
1.41247
1.4125
1.41256
1.4126
1.41263
1.41264
1.41261
1.41257
1.41249
1.41241
1.41232
1.41227
1.41225
1.41224
1.41227
1.4123
1.41235
1.4124
1.41243
1.41247
1.41247
1.41246
1.41244
1.41239
1.41236
1.41231
1.41228
1.41225
1.41225
1.41227
1.41228
1.41231
1.41237
1.41242
1.41248
1.41253
1.41256
1.41258
1.41255
1.41248
1.41238
1.41226
1.41215
1.41207
1.41203
1.41203
1.41206
1.4121
1.41215
1.41218
1.41222
1.41224
1.41224
1.41223
1.41223
1.41223
1.41223
1.41224
1.41225
1.41227
1.41229
1.41231
1.41233
1.41235
1.41238
1.41239
1.41241
1.41243
1.41244
1.41245
1.41245
1.41246
1.41246
1.41246
1.41246
1.41244
1.41242
1.41239
1.41236
1.41234
1.41231
1.41229
1.41228
1.4123
1.41232
1.41236
1.41242
1.4125
1.4126
1.41271
1.41283
1.41293
1.41302
1.41305
1.41305
1.41299
1.41291
1.41282
1.41271
1.4126
1.41246
1.41227
1.41206
1.41186
1.41171
1.41162
1.41162
1.41166
1.41173
1.41185
1.41197
1.41209
1.41222
1.41233
1.41243
1.41251
1.41258
1.41263
1.41267
1.41267
1.41268
1.41267
1.41266
1.41262
1.41258
1.41254
1.41251
1.41248
1.41247
1.41246
1.41245
1.41245
1.41245
1.41245
1.41244
1.41243
1.41241
1.41238
1.41235
1.41231
1.41229
1.41228
1.41227
1.41227
1.41228
1.41229
1.4123
1.41233
1.41236
1.4124
1.41244
1.41249
1.41253
1.41257
1.41257
1.41257
1.41252
1.41245
1.41235
1.41225
1.41215
1.41207
1.41202
1.41199
1.41199
1.41201
1.41205
1.41209
1.41215
1.41219
1.41224
1.4123
1.41235
1.41241
1.41246
1.41251
1.41255
1.41259
1.41262
1.41263
1.41264
1.41264
1.41261
1.41257
1.4125
1.41242
1.41231
1.41219
1.41209
1.41203
1.412
1.41201
1.41207
1.41214
1.4122
1.41228
1.41234
1.41239
1.41242
1.41246
1.41249
1.4125
1.4125
1.4125
1.41247
1.41243
1.4124
1.41238
1.41238
1.41238
1.41235
1.41228
1.41216
1.41202
1.4119
1.41182
1.4118
1.41184
1.41191
1.412
1.41209
1.41217
1.41224
1.41231
1.41236
1.41241
1.41243
1.41246
1.41249
1.41251
1.41252
1.41254
1.41253
1.41252
1.41251
1.41251
1.41249
1.41247
1.41243
1.41239
1.41234
1.41229
1.41222
1.41217
1.41211
1.41208
1.41205
1.41205
1.41206
1.41208
1.4121
1.41213
1.41215
1.41218
1.41219
1.4122
1.41222
1.41223
1.41224
1.41225
1.41225
1.41225
1.41227
1.41227
1.41229
1.41231
1.41233
1.41237
1.41241
1.41245
1.41251
1.41259
1.41267
1.41276
1.41287
1.413
1.41314
1.41329
1.41338
1.41332
1.41305
1.41257
1.41202
1.41159
1.41143
1.41148
1.41165
1.41183
1.41196
1.41202
1.41202
1.41198
1.41195
1.41193
1.41193
1.41196
1.41201
1.41205
1.41208
1.41211
1.41215
1.41219
1.41223
1.41228
1.41232
1.41236
1.41237
1.41237
1.41235
1.41232
1.41228
1.41224
1.41222
1.41221
1.41222
1.41226
1.41231
1.41238
1.41246
1.41253
1.41257
1.41258
1.41255
1.41248
1.41238
1.41227
1.41216
1.41205
1.41194
1.41184
1.41175
1.4117
1.41169
1.41172
1.41179
1.41189
1.41201
1.41214
1.41227
1.41239
1.4125
1.41258
1.41264
1.41266
1.41264
1.41258
1.41252
1.41245
1.4124
1.41237
1.41238
1.41241
1.41246
1.4125
1.41256
1.41261
1.41266
1.41273
1.41283
1.41292
1.41298
1.41298
1.41285
1.41262
1.41231
1.41197
1.4117
1.4115
1.41141
1.41141
1.4115
1.41162
1.41177
1.4119
1.412
1.41207
1.41212
1.41215
1.41217
1.41219
1.41219
1.4122
1.41221
1.41221
1.41222
1.41223
1.41225
1.41227
1.41232
1.41236
1.41241
1.41247
1.41253
1.41261
1.41268
1.41272
1.41276
1.41276
1.41273
1.41266
1.41257
1.41249
1.41245
1.41244
1.4125
1.41261
1.41278
1.41294
1.41306
1.41309
1.41299
1.41278
1.41253
1.41233
1.41221
1.41217
1.41218
1.41221
1.41225
1.41228
1.41228
1.41226
1.41222
1.41218
1.41211
1.41203
1.41196
1.41193
1.41191
1.41194
1.41197
1.41202
1.41206
1.41211
1.41216
1.41221
1.41226
1.41231
1.41236
1.41242
1.41247
1.41251
1.41256
1.4126
1.41261
1.41261
1.4126
1.41257
1.41253
1.41249
1.41245
1.41243
1.41244
1.41247
1.41251
1.41256
1.41262
1.41268
1.41274
1.4128
1.41284
1.41287
1.41288
1.41285
1.41278
1.41267
1.41253
1.41239
1.41226
1.41216
1.41211
1.4121
1.41211
1.41211
1.41212
1.41213
1.41214
1.41213
1.41214
1.41214
1.41216
1.41219
1.41224
1.41229
1.41235
1.41241
1.41246
1.41249
1.41251
1.41251
1.41249
1.41245
1.41239
1.41232
1.41226
1.41221
1.41216
1.41212
1.41209
1.41206
1.41204
1.41204
1.41204
1.41204
1.41206
1.41208
1.41211
1.41214
1.41215
1.41217
1.41221
1.41223
1.41227
1.4123
1.41234
1.41239
1.41243
1.41248
1.41251
1.41255
1.41257
1.41258
1.41258
1.41257
1.41256
1.41255
1.41253
1.41251
1.41247
1.41239
1.41225
1.41207
1.41186
1.41167
1.41157
1.41158
1.41168
1.41184
1.41201
1.41217
1.4123
1.4124
1.41244
1.41247
1.41246
1.41244
1.41242
1.41239
1.41236
1.41234
1.4123
1.41226
1.41221
1.41215
1.4121
1.41208
1.41208
1.41211
1.41216
1.41223
1.41232
1.41242
1.41249
1.41254
1.41259
1.41264
1.41268
1.41271
1.41274
1.41275
1.41273
1.41269
1.41261
1.4125
1.41241
1.41231
1.41228
1.41228
1.41231
1.41234
1.41232
1.41221
1.41205
1.41186
1.41168
1.41159
1.41158
1.41167
1.41181
1.41197
1.41217
1.41236
1.41255
1.4127
1.41283
1.41291
1.41291
1.41287
1.41278
1.41269
1.4126
1.41255
1.41249
1.41243
1.41239
1.41235
1.41233
1.41228
1.41222
1.41211
1.41197
1.41183
1.41173
1.41168
1.4117
1.41178
1.41188
1.412
1.41209
1.41217
1.41223
1.41229
1.41232
1.41235
1.41238
1.41241
1.41245
1.4125
1.41257
1.41264
1.41271
1.41275
1.41275
1.41271
1.41261
1.41246
1.41228
1.4121
1.41196
1.41185
1.4118
1.41183
1.41192
1.41207
1.41225
1.41242
1.41256
1.41264
1.41265
1.41255
1.41238
1.41217
1.41195
1.4118
1.41172
1.41171
1.41176
1.41186
1.41199
1.41212
1.41224
1.41235
1.41244
1.41252
1.41258
1.41261
1.41262
1.4126
1.41256
1.41252
1.41248
1.41241
1.4123
1.41216
1.41198
1.41179
1.41162
1.41152
1.4115
1.41155
1.41168
1.41184
1.41202
1.41222
1.41241
1.41257
1.41269
1.41273
1.41269
1.41256
1.41232
1.41207
1.41188
1.41178
1.41181
1.41194
1.41217
1.41245
1.4127
1.41288
1.41288
1.4127
1.41237
1.412
1.41172
1.41159
1.41157
1.41161
1.41166
1.41171
1.41176
1.41181
1.41187
1.41199
1.41213
1.41231
1.41253
1.41277
1.41302
1.41324
1.41341
1.41345
1.41334
1.41307
1.41272
1.41236
1.41208
1.41196
1.41198
1.41209
1.41226
1.41241
1.41251
1.41248
1.41233
1.4121
1.41186
1.41164
1.41149
1.4114
1.41138
1.41142
1.41152
1.41166
1.41181
1.41196
1.41211
1.41225
1.41235
1.41242
1.41246
1.41247
1.41247
1.41246
1.41245
1.41242
1.4124
1.41236
1.41233
1.4123
1.41228
1.41226
1.41223
1.41224
1.41226
1.41231
1.41238
1.41247
1.41259
1.41273
1.41286
1.41297
1.41303
1.41301
1.41291
1.41273
1.41248
1.41223
1.41203
1.41191
1.41189
1.41194
1.41203
1.41213
1.41223
1.4123
1.41233
1.41231
1.41228
1.41223
1.41217
1.41212
1.4121
1.4121
1.41214
1.41221
1.41229
1.41237
1.41245
1.41249
1.41252
1.41251
1.41247
1.41243
1.41238
1.41237
1.41238
1.41243
1.41247
1.41253
1.41256
1.41257
1.41254
1.4125
1.41244
1.41239
1.41236
1.41235
1.41238
1.41245
1.41254
1.41263
1.4127
1.41274
1.41274
1.4127
1.41263
1.41255
1.41247
1.41239
1.41233
1.41228
1.41223
1.4122
1.41216
1.41214
1.41213
1.41213
1.41213
1.41215
1.41217
1.4122
1.41222
1.41224
1.41227
1.41229
1.41233
1.41236
1.4124
1.41246
1.4125
1.41253
1.41253
1.41247
1.41237
1.41224
1.41208
1.41195
1.41185
1.41182
1.41184
1.41189
1.41197
1.41206
1.41215
1.41225
1.41234
1.41242
1.41249
1.41257
1.41265
1.41271
1.41276
1.4128
1.4128
1.41279
1.41277
1.41273
1.41268
1.4126
1.41253
1.41245
1.41236
1.41224
1.41211
1.41197
1.41182
1.41169
1.41161
1.41159
1.41164
1.41177
1.41195
1.41215
1.41238
1.41262
1.41284
1.41299
1.41301
1.41286
1.41253
1.4121
1.41174
1.41155
1.41154
1.41167
1.41183
1.41199
1.4121
1.41215
1.41214
1.41209
1.41203
1.41198
1.41196
1.41198
1.41203
1.41212
1.41222
1.41235
1.41248
1.41261
1.41271
1.41279
1.41286
1.41287
1.41283
1.41274
1.41263
1.4125
1.4124
1.4123
1.41225
1.41223
1.41223
1.41224
1.41228
1.41231
1.41232
1.41229
1.41222
1.4121
1.41193
1.41174
1.41157
1.41146
1.41141
1.41142
1.41149
1.41158
1.4117
1.41183
1.41196
1.41207
1.41218
1.41226
1.41232
1.41238
1.41243
1.41247
1.41249
1.41248
1.41246
1.41243
1.41239
1.41234
1.41229
1.41222
1.41217
1.41214
1.41213
1.41214
1.41217
1.41222
1.41228
1.41238
1.41246
1.41255
1.41265
1.41274
1.41281
1.41286
1.41289
1.41288
1.41284
1.41279
1.41271
1.41265
1.41256
1.41246
1.41232
1.41216
1.412
1.41186
1.41177
1.41173
1.41175
1.41181
1.41188
1.41197
1.41204
1.41212
1.4122
1.41228
1.41234
1.4124
1.41244
1.41246
1.41245
1.41243
1.4124
1.41234
1.41229
1.41224
1.4122
1.41218
1.41216
1.41214
1.41213
1.41212
1.41211
1.41211
1.41212
1.41214
1.41217
1.4122
1.41225
1.41231
1.41237
1.41243
1.4125
1.41257
1.41265
1.41272
1.41279
1.41284
1.41288
1.41288
1.41285
1.41277
1.41266
1.41254
1.4124
1.41224
1.41205
1.41184
1.41164
1.4115
1.41147
1.41153
1.41168
1.41187
1.41209
1.4123
1.41248
1.41256
1.41253
1.4124
1.41218
1.41195
1.41177
1.41168
1.41168
1.41177
1.41188
1.41202
1.41214
1.41224
1.41235
1.41243
1.4125
1.41254
1.41259
1.41261
1.41262
1.41264
1.41265
1.41265
1.41265
1.41267
1.4127
1.41272
1.41273
1.4127
1.41264
1.41252
1.41236
1.41216
1.41198
1.41183
1.41173
1.41169
1.41168
1.41172
1.41177
1.41183
1.41187
1.41192
1.41196
1.41201
1.41204
1.41206
1.41209
1.41211
1.41213
1.41215
1.41217
1.4122
1.41222
1.41224
1.41226
1.41228
1.41231
1.41233
1.41236
1.41238
1.41241
1.41245
1.41248
1.41253
1.41258
1.41264
1.4127
1.41277
1.41283
1.41288
1.4129
1.41287
1.41279
1.41264
1.41242
1.41216
1.41191
1.41171
1.41157
1.41152
1.41155
1.41163
1.41173
1.41183
1.41194
1.41202
1.41209
1.41215
1.4122
1.41224
1.41227
1.41229
1.41232
1.41235
1.41239
1.41246
1.41254
1.41263
1.41273
1.41281
1.41291
1.41297
1.413
1.41299
1.41291
1.41279
1.41259
1.41236
1.41213
1.41191
1.41172
1.4116
1.41155
1.41154
1.41159
1.41168
1.4118
1.41193
1.41206
1.41219
1.41231
1.41242
1.41251
1.41258
1.41264
1.41268
1.4127
1.41271
1.41271
1.41269
1.41267
1.41262
1.41255
1.41247
1.41237
1.41225
1.41214
1.41204
1.41198
1.41196
1.41199
1.41206
1.41214
1.41225
1.41236
1.41246
1.41255
1.41262
1.41267
1.41269
1.41271
1.4127
1.41268
1.41266
1.41263
1.41258
1.41253
1.41247
1.4124
1.41232
1.41224
1.41216
1.41209
1.41202
1.41197
1.41194
1.41193
1.41196
1.41201
1.41207
1.41213
1.41221
1.41228
1.41236
1.41244
1.41251
1.41257
1.41262
1.41264
1.41265
1.41262
1.41259
1.41254
1.41248
1.41244
1.41239
1.4124
1.41243
1.41253
1.41267
1.41281
1.41292
1.41289
1.41269
1.41234
1.41195
1.41164
1.4115
1.41153
1.41166
1.41185
1.41204
1.4122
1.41232
1.41241
1.41246
1.41248
1.41248
1.41247
1.41246
1.41243
1.41242
1.41242
1.41242
1.41244
1.41249
1.41254
1.4126
1.41266
1.41272
1.41276
1.41279
1.41278
1.41276
1.41269
1.41262
1.41252
1.41242
1.41232
1.41225
1.41221
1.41218
1.41218
1.41221
1.41227
1.41235
1.41248
1.41263
1.41283
1.41304
1.41321
1.41327
1.41317
1.41289
1.41244
1.41201
1.41172
1.41162
1.41168
1.41182
1.41198
1.4121
1.41217
1.41218
1.41216
1.41211
1.41206
1.41203
1.41203
1.41206
1.41215
1.41228
1.41244
1.41262
1.41278
1.41289
1.41291
1.41284
1.4127
1.41254
1.41244
1.41245
1.41257
1.41278
1.41302
1.41328
1.41353
1.41372
1.41388
1.41395
1.41391
1.41373
1.41337
1.41285
1.4122
1.41154
1.41099
1.41067
1.41059
1.41072
1.41096
1.41125
1.41153
1.41179
1.41202
1.4122
1.41235
1.41247
1.41255
1.41261
1.41267
1.41272
1.41274
1.41274
1.41275
1.41274
1.41273
1.4127
1.41268
1.41265
1.41261
1.41258
1.41257
1.41257
1.41259
1.41263
1.41268
1.41273
1.41277
1.41281
1.41283
1.41281
1.41276
1.41268
1.41258
1.41248
1.41241
1.41236
1.41235
1.41237
1.4124
1.41245
1.4125
1.41254
1.41256
1.41257
1.41259
1.4126
1.41261
1.41264
1.41268
1.41275
1.41285
1.41293
1.41301
1.41302
1.41292
1.41269
1.41235
1.41201
1.41176
1.41165
1.41167
1.41178
1.41192
1.41207
1.41219
1.41228
1.41236
1.4124
1.41243
1.41244
1.41245
1.41245
1.41245
1.41245
1.41245
1.41245
1.41245
1.41245
1.41245
1.41246
1.41247
1.41247
1.41249
1.4125
1.4125
1.41252
1.41255
1.41258
1.4126
1.41262
1.41266
1.4127
1.41273
1.41278
1.4128
1.4128
1.41278
1.41274
1.41267
1.41258
1.41249
1.4124
1.41233
1.41228
1.41226
1.41223
1.41218
1.41214
1.41209
1.41205
1.41204
1.41206
1.41211
1.41219
1.41229
1.4124
1.41252
1.41264
1.41277
1.41289
1.41301
1.4131
1.41315
1.41315
1.41306
1.41291
1.41268
1.41243
1.41218
1.412
1.4119
1.41189
1.41194
1.41201
1.4121
1.41219
1.41228
1.41234
1.41237
1.41238
1.41237
1.41235
1.41234
1.41232
1.41233
1.41236
1.41241
1.41249
1.41262
1.41277
1.41296
1.41315
1.41334
1.41349
1.41355
1.41346
1.41318
1.41274
1.41223
1.41179
1.41148
1.41133
1.41132
1.41138
1.41152
1.41167
1.41188
1.41212
1.41237
1.41265
1.4129
1.41311
1.41322
1.41321
1.41304
1.41272
1.41233
1.41196
1.41169
1.41158
1.41161
1.41172
1.41187
1.41205
1.41222
1.41239
1.41252
1.41263
1.41273
1.41281
1.41286
1.4129
1.4129
1.41287
1.41282
1.41274
1.41266
1.41256
1.41246
1.41237
1.41225
1.41215
1.41207
1.41201
1.41199
1.41202
1.4121
1.41222
1.41234
1.41248
1.41261
1.41274
1.41283
1.4129
1.41292
1.41289
1.41279
1.41262
1.4124
1.41216
1.41196
1.41183
1.4118
1.41183
1.41189
1.41197
1.41204
1.41211
1.41217
1.41223
1.41228
1.41231
1.41234
1.41238
1.4124
1.41242
1.41243
1.41243
1.41243
1.41243
1.41242
1.4124
1.4124
1.4124
1.41238
1.41238
1.41238
1.41238
1.41239
1.4124
1.41242
1.41243
1.41243
1.41242
1.41238
1.41232
1.41225
1.41218
1.41211
1.41205
1.41201
1.41198
1.41198
1.41199
1.41201
1.41204
1.41209
1.41215
1.4122
1.41224
1.41228
1.41232
1.41235
1.41238
1.41239
1.41241
1.41242
1.41244
1.41245
1.41247
1.4125
1.41255
1.41263
1.41271
1.41281
1.41289
1.41294
1.41292
1.41279
1.41261
1.41243
1.41233
1.41232
1.41236
1.41239
1.41235
1.41217
1.41189
1.41158
1.41135
1.41122
1.41123
1.41133
1.41147
1.41164
1.4118
1.41193
1.41206
1.41215
1.41223
1.41231
1.41238
1.41244
1.41251
1.41259
1.41267
1.41276
1.41284
1.41294
1.41303
1.4131
1.41314
1.41314
1.41309
1.41298
1.41281
1.41258
1.41234
1.41212
1.41196
1.41187
1.41182
1.41183
1.41187
1.41192
1.41199
1.41208
1.41218
1.41228
1.41239
1.41249
1.41257
1.41263
1.41265
1.41264
1.41262
1.41256
1.41246
1.41237
1.41227
1.4122
1.41215
1.41213
1.41216
1.4122
1.41227
1.41234
1.41243
1.41249
1.41254
1.41257
1.41258
1.41255
1.41249
1.41244
1.41239
1.41235
1.41235
1.41236
1.4124
1.41244
1.41247
1.4125
1.41251
1.4125
1.41248
1.41246
1.41249
1.41254
1.41264
1.41277
1.41288
1.41291
1.41283
1.41265
1.41239
1.41216
1.412
1.41193
1.41195
1.41201
1.41207
1.41212
1.41216
1.41217
1.41218
1.41218
1.41219
1.41221
1.41224
1.41228
1.41231
1.41235
1.41239
1.41243
1.41247
1.4125
1.41253
1.41257
1.41259
1.41262
1.41265
1.41269
1.41271
1.41272
1.4127
1.41265
1.41257
1.41248
1.41239
1.41233
1.4123
1.41233
1.41241
1.41252
1.41267
1.41283
1.41297
1.41305
1.41304
1.41292
1.41268
1.41237
1.41206
1.41182
1.41168
1.41164
1.41166
1.41173
1.41184
1.41197
1.41209
1.41221
1.41234
1.41246
1.41256
1.41266
1.41273
1.41277
1.41277
1.41274
1.41269
1.4126
1.41251
1.41244
1.41239
1.41236
1.41237
1.4124
1.41246
1.41252
1.41256
1.41256
1.4125
1.41241
1.41234
1.4123
1.41235
1.41245
1.41259
1.41274
1.41286
1.41294
1.41295
1.41289
1.41276
1.41258
1.41238
1.41222
1.4121
1.41203
1.41203
1.41206
1.41211
1.41218
1.41225
1.4123
1.41234
1.41235
1.41235
1.41235
1.41234
1.41232
1.4123
1.41228
1.41227
1.41226
1.41226
1.41227
1.41228
1.41229
1.4123
1.41233
1.41237
1.41239
1.41243
1.41245
1.41249
1.41252
1.41255
1.41259
1.41262
1.41265
1.41269
1.41269
1.41269
1.41269
1.41266
1.41263
1.41257
1.41249
1.41242
1.41235
1.41229
1.41223
1.4122
1.41219
1.4122
1.41224
1.4123
1.41238
1.41246
1.41255
1.41267
1.41279
1.41293
1.41304
1.41312
1.41315
1.4131
1.41296
1.41272
1.41243
1.41215
1.41193
1.4118
1.41175
1.41177
1.41183
1.41192
1.41205
1.41218
1.41233
1.41248
1.41262
1.41275
1.41287
1.41294
1.41298
1.41296
1.41291
1.41284
1.41275
1.41267
1.41262
1.41261
1.41263
1.41265
1.41266
1.41262
1.41252
1.41239
1.41225
1.41212
1.41201
1.41197
1.412
1.41204
1.41211
1.41219
1.41228
1.41237
1.41245
1.41252
1.4126
1.41269
1.41277
1.41286
1.41294
1.41303
1.41311
1.41318
1.4132
1.41315
1.413
1.41275
1.41246
1.41217
1.41197
1.41188
1.41192
1.41202
1.41216
1.4123
1.41243
1.41254
1.41262
1.41267
1.4127
1.4127
1.41269
1.41267
1.41264
1.4126
1.41258
1.41255
1.41254
1.41253
1.41253
1.41253
1.41253
1.41253
1.41253
1.41252
1.4125
1.4125
1.41247
1.41244
1.41243
1.4124
1.41239
1.41236
1.41235
1.41235
1.41235
1.41235
1.41236
1.41239
1.41242
1.41246
1.41253
1.4126
1.41267
1.41276
1.41286
1.41294
1.413
1.41301
1.41297
1.41288
1.41273
1.41256
1.4124
1.41227
1.41218
1.41214
1.41215
1.41216
1.41218
1.41221
1.41224
1.41227
1.41228
1.41228
1.41227
1.41227
1.41227
1.41227
1.41228
1.41229
1.41233
1.41237
1.41244
1.41252
1.41261
1.41272
1.41286
1.41301
1.41315
1.41323
1.41322
1.4131
1.41287
1.41258
1.41229
1.4121
1.41203
1.41203
1.41211
1.41219
1.41227
1.41233
1.41237
1.41239
1.41242
1.41244
1.41245
1.41244
1.41245
1.41246
1.41245
1.41244
1.41243
1.41242
1.41241
1.41239
1.41237
1.41236
1.41235
1.41236
1.41237
1.4124
1.41246
1.41252
1.4126
1.4127
1.41281
1.41293
1.41304
1.41313
1.41315
1.41311
1.41299
1.41278
1.41252
1.41224
1.412
1.41183
1.41173
1.41172
1.41177
1.41186
1.41196
1.41206
1.41215
1.41223
1.41232
1.41239
1.41247
1.41252
1.4126
1.41266
1.4127
1.41274
1.41277
1.41277
1.41276
1.41271
1.41265
1.41257
1.41249
1.41242
1.41236
1.41232
1.4123
1.41228
1.41227
1.41229
1.41231
1.41235
1.4124
1.41244
1.41248
1.4125
1.4125
1.41246
1.41242
1.41237
1.41233
1.41231
1.41231
1.41234
1.41237
1.41241
1.41244
1.41244
1.41238
1.41229
1.41218
1.41207
1.41199
1.41195
1.41195
1.41199
1.41205
1.41212
1.41219
1.41225
1.41232
1.41237
1.4124
1.41245
1.41248
1.41251
1.41253
1.41255
1.41255
1.41254
1.41254
1.41253
1.41252
1.41253
1.41255
1.41259
1.41264
1.41268
1.41269
1.41263
1.41249
1.41229
1.41207
1.41189
1.4118
1.41179
1.41183
1.41193
1.41203
1.41213
1.41223
1.4123
1.41237
1.41241
1.41245
1.41248
1.41249
1.41252
1.41255
1.41258
1.41261
1.41265
1.4127
1.41275
1.41279
1.41283
1.41284
1.41285
1.41283
1.41279
1.41273
1.41268
1.4126
1.41252
1.41246
1.4124
1.41237
1.41235
1.41233
1.41232
1.4123
1.41227
1.41221
1.41215
1.41207
1.412
1.41195
1.41192
1.4119
1.41192
1.41196
1.41203
1.41211
1.41219
1.41228
1.41237
1.41245
1.41252
1.41259
1.41263
1.41266
1.41269
1.4127
1.41272
1.41275
1.41278
1.41282
1.41286
1.41288
1.41287
1.4128
1.4127
1.41259
1.41249
1.4124
1.41235
1.41233
1.41235
1.41238
1.41238
1.41235
1.41227
1.41217
1.41208
1.41202
1.41201
1.41204
1.41209
1.41214
1.41218
1.4122
1.4122
1.4122
1.41221
1.41222
1.41224
1.41228
1.41231
1.41234
1.41238
1.41242
1.41244
1.41244
1.41244
1.41243
1.41241
1.41239
1.41237
1.41236
1.41234
1.41235
1.41237
1.41239
1.41244
1.4125
1.41258
1.41267
1.41277
1.4129
1.41301
1.41306
1.41298
1.41273
1.41231
1.41187
1.41155
1.41142
1.41148
1.41168
1.41192
1.41215
1.41235
1.41249
1.41256
1.41256
1.41249
1.41238
1.41227
1.41218
1.41213
1.41211
1.41212
1.41213
1.41214
1.41215
1.41212
1.4121
1.41209
1.41209
1.4121
1.41212
1.41216
1.4122
1.41223
1.41227
1.41231
1.41233
1.41236
1.41238
1.4124
1.4124
1.4124
1.41239
1.41237
1.41236
1.41235
1.41235
1.41236
1.41238
1.41242
1.41245
1.41247
1.41246
1.41242
1.41236
1.41227
1.41215
1.41205
1.41198
1.41194
1.41196
1.41201
1.41209
1.4122
1.41231
1.41244
1.41255
1.41267
1.41276
1.41278
1.41268
1.41246
1.41215
1.41186
1.41167
1.41164
1.41177
1.41199
1.41223
1.41245
1.41265
1.4128
1.4129
1.413
1.41309
1.41317
1.41324
1.41326
1.41317
1.41292
1.41251
1.41199
1.41147
1.4111
1.41094
1.41099
1.41118
1.41145
1.41175
1.41202
1.41225
1.41242
1.41254
1.4126
1.41261
1.4126
1.41258
1.41258
1.41259
1.41263
1.41266
1.41268
1.41269
1.41269
1.41266
1.4126
1.41253
1.41245
1.41237
1.41229
1.41222
1.41217
1.41214
1.41213
1.41213
1.41214
1.41215
1.41217
1.41217
1.41218
1.41219
1.41221
1.41223
1.41228
1.41233
1.41239
1.41245
1.41251
1.41256
1.4126
1.41264
1.41265
1.41265
1.41265
1.41262
1.4126
1.41257
1.41253
1.41251
1.41249
1.41248
1.41247
1.41245
1.41244
1.4124
1.41236
1.41229
1.41222
1.41214
1.41208
1.41204
1.41203
1.41207
1.41213
1.41222
1.41235
1.41248
1.41258
1.41268
1.41275
1.41279
1.41278
1.41273
1.41263
1.41248
1.41231
1.41212
1.41196
1.41185
1.41178
1.41177
1.41181
1.4119
1.41201
1.41215
1.41229
1.41243
1.41254
1.41264
1.41271
1.41275
1.41274
1.41267
1.41255
1.41235
1.41214
1.41195
1.41183
1.41177
1.41178
1.41185
1.41193
1.41202
1.4121
1.41216
1.41221
1.41225
1.41228
1.4123
1.41231
1.41233
1.41235
1.41238
1.41241
1.41243
1.41246
1.41251
1.41255
1.41259
1.41262
1.41263
1.41263
1.41261
1.41257
1.41252
1.41247
1.41242
1.41238
1.41234
1.41227
1.41218
1.41208
1.41194
1.41183
1.41176
1.41175
1.41179
1.41188
1.41199
1.41211
1.41223
1.41233
1.41241
1.41246
1.41249
1.41249
1.41247
1.41244
1.4124
1.41235
1.4123
1.41226
1.41225
1.41225
1.41227
1.41228
1.4123
1.4123
1.41229
1.41227
1.41224
1.4122
1.41216
1.41213
1.41211
1.4121
1.4121
1.41209
1.41209
1.41206
1.41202
1.41198
1.41195
1.41195
1.41196
1.412
1.41206
1.41213
1.41219
1.41226
1.41233
1.4124
1.41246
1.41251
1.41255
1.41259
1.41263
1.41264
1.41266
1.41266
1.41266
1.41265
1.41261
1.41258
1.41254
1.41249
1.41244
1.41239
1.41237
1.41236
1.41235
1.41234
1.41234
1.41232
1.4123
1.41227
1.41225
1.41225
1.41228
1.41233
1.41239
1.41246
1.41251
1.41253
1.4125
1.41244
1.41235
1.41225
1.41217
1.4121
1.41205
1.41202
1.41202
1.41204
1.41207
1.41212
1.41218
1.41224
1.4123
1.41237
1.41242
1.41248
1.41253
1.41256
1.41258
1.41259
1.41259
1.4126
1.41261
1.41265
1.41266
1.41263
1.41254
1.41237
1.41216
1.41196
1.41181
1.41173
1.41172
1.41177
1.41186
1.41195
1.41204
1.41212
1.41219
1.41224
1.4123
1.41236
1.41242
1.41249
1.41257
1.41266
1.41276
1.41286
1.41293
1.41292
1.41285
1.41269
1.41248
1.41226
1.41208
1.41197
1.4119
1.41187
1.41185
1.41179
1.41174
1.41168
1.41162
1.41157
1.41156
1.41158
1.41163
1.41168
1.41176
1.41184
1.41193
1.41202
1.4121
1.41216
1.41222
1.41227
1.4123
1.41233
1.41235
1.41236
1.41237
1.4124
1.41247
1.41256
1.41268
1.41282
1.41297
1.41306
1.41306
1.41294
1.41268
1.41235
1.41203
1.4118
1.41173
1.41178
1.41189
1.41201
1.41206
1.41201
1.41192
1.41185
1.41187
1.41198
1.41214
1.41228
1.41235
1.41225
1.41202
1.41174
1.41154
1.41146
1.41151
1.41165
1.41182
1.41201
1.41216
1.41227
1.41236
1.41241
1.41242
1.41241
1.41237
1.41234
1.41229
1.41229
1.41233
1.41243
1.41259
1.41282
1.41311
1.41345
1.4138
1.41412
1.41435
1.41442
1.41425
1.41378
1.41304
1.41216
1.41135
1.41081
1.4106
1.41064
1.41086
1.41116
1.41148
1.41176
1.41201
1.41218
1.41231
1.41237
1.41242
1.41247
1.41255
1.41268
1.41284
1.41303
1.41321
1.41329
1.4132
1.4129
1.41244
1.41195
1.41158
1.41143
1.41146
1.41159
1.41176
1.41194
1.41209
1.41221
1.41231
1.41238
1.41244
1.41248
1.41252
1.41254
1.41256
1.41257
1.41256
1.41254
1.41252
1.4125
1.41248
1.41245
1.41242
1.4124
1.41239
1.41239
1.41239
1.4124
1.4124
1.41242
1.41244
1.41245
1.41247
1.41248
1.41248
1.41249
1.41248
1.41246
1.41243
1.41238
1.41234
1.41229
1.41224
1.4122
1.41216
1.41213
1.41211
1.4121
1.41209
1.41209
1.41209
1.4121
1.41209
1.41209
1.41208
1.41207
1.41204
1.41202
1.41202
1.41201
1.41202
1.41205
1.41207
1.41211
1.41214
1.41218
1.41223
1.41227
1.41231
1.41236
1.41239
1.41242
1.41244
1.41245
1.41247
1.41248
1.41247
1.41247
1.41245
1.41244
1.41242
1.4124
1.4124
1.4124
1.41239
1.41238
1.41236
1.41231
1.41225
1.41217
1.41208
1.41199
1.4119
1.41184
1.4118
1.4118
1.41182
1.41185
1.41189
1.41194
1.41199
1.41204
1.41208
1.41212
1.41216
1.41222
1.41227
1.41232
1.41238
1.41243
1.41249
1.41253
1.41255
1.41255
1.41253
1.41247
1.41241
1.41235
1.41229
1.41225
1.41222
1.4122
1.41218
1.41215
1.41211
1.41206
1.41201
1.41197
1.41195
1.41196
1.41198
1.41203
1.41211
1.41218
1.41226
1.41234
1.41241
1.41247
1.41249
1.4125
1.41249
1.41245
1.41242
1.41237
1.41236
1.41237
1.41241
1.41247
1.41251
1.41257
1.41262
1.41265
1.41267
1.41268
1.4127
1.41272
1.41276
1.41281
1.41284
1.41285
1.41284
1.41281
1.41273
1.41259
1.41239
1.41217
1.41195
1.41175
1.41161
1.41151
1.41147
1.41147
1.41152
1.41161
1.41171
1.41183
1.41195
1.41207
1.41219
1.41232
1.41248
1.41268
1.41293
1.41323
1.41357
1.41388
1.41402
1.41387
1.41337
1.41266
1.41204
1.4117
1.41162
1.41169
1.41178
1.41183
1.41186
1.41188
1.41191
1.41198
1.41208
1.41218
1.41229
1.41239
1.41247
1.41254
1.41259
1.41261
1.41259
1.41255
1.41249
1.41243
1.4124
1.41239
1.41241
1.41245
1.41252
1.4126
1.4127
1.41278
1.41282
1.4128
1.41268
1.41248
1.41221
1.41195
1.41175
1.41165
1.41165
1.41173
1.41184
1.41197
1.4121
1.41221
1.41232
1.4124
1.41248
1.41256
1.41262
1.41268
1.41273
1.41277
1.41279
1.41281
1.41281
1.41278
1.41272
1.41262
1.41248
1.41231
1.41211
1.4119
1.41172
1.41158
1.4115
1.41148
1.41152
1.41159
1.41169
1.41183
1.41198
1.41216
1.41235
1.41258
1.41283
1.41312
1.41341
1.41367
1.41377
1.41362
1.41318
1.41254
1.41193
1.41154
1.41146
1.41158
1.41176
1.41185
1.41179
1.41162
1.41143
1.41132
1.41136
1.41154
1.41179
1.4121
1.41246
1.41285
1.41329
1.41377
1.41414
1.41424
1.41384
1.41299
1.41206
1.41145
1.41134
1.41154
1.41183
1.41204
1.41212
1.4121
1.41202
1.41195
1.41189
1.41188
1.4119
1.41193
1.41201
1.4121
1.41222
1.41232
1.41242
1.41247
1.4125
1.41249
1.41247
1.41241
1.41238
1.41235
1.41236
1.41239
1.41243
1.4125
1.41255
1.41261
1.41266
1.4127
1.41272
1.41272
1.41267
1.41257
1.41239
1.41219
1.41204
1.41194
1.41192
1.41199
1.41209
1.41221
1.41233
1.41244
1.41254
1.41261
1.41267
1.41269
1.4127
1.41269
1.41264
1.41258
1.41247
1.41237
1.41226
1.41216
1.4121
1.41207
1.41208
1.41212
1.41218
1.41226
1.41233
1.4124
1.41247
1.41253
1.4126
1.41265
1.4127
1.41274
1.41276
1.41277
1.41275
1.41271
1.41261
1.41248
1.4123
1.41212
1.41197
1.41187
1.41182
1.41183
1.41188
1.41194
1.41201
1.41211
1.41221
1.41233
1.41245
1.41258
1.41271
1.41284
1.41296
1.41308
1.41315
1.41319
1.41318
1.4131
1.41294
1.41275
1.41256
1.4124
1.41233
1.41232
1.41237
1.41248
1.41258
1.41265
1.41267
1.41264
1.41256
1.41243
1.4123
1.41217
1.41205
1.41194
1.41186
1.41179
1.41173
1.41171
1.41173
1.41181
1.41194
1.41211
1.41231
1.41253
1.41276
1.413
1.41323
1.41345
1.41363
1.41377
1.41383
1.41378
1.41359
1.41326
1.41283
1.41234
1.4119
1.4116
1.41144
1.41144
1.41155
1.4117
1.41186
1.41201
1.41214
1.41224
1.41232
1.41238
1.41244
1.41249
1.41254
1.41259
1.41264
1.41268
1.41272
1.41274
1.41274
1.41272
1.41268
1.41263
1.41259
1.41254
1.4125
1.41247
1.41246
1.41248
1.41252
1.41257
1.41264
1.41271
1.41277
1.41281
1.41283
1.41281
1.41276
1.41266
1.41253
1.41238
1.41225
1.41213
1.41204
1.412
1.41199
1.412
1.41204
1.41209
1.41214
1.41217
1.41221
1.41225
1.41229
1.41233
1.41236
1.4124
1.41243
1.41248
1.41252
1.41256
1.4126
1.41264
1.41267
1.4127
1.4127
1.41267
1.41263
1.41257
1.41248
1.4124
1.41233
1.41228
1.41225
1.41225
1.41228
1.41231
1.41236
1.4124
1.41244
1.41247
1.41248
1.41248
1.41247
1.41244
1.41239
1.41233
1.41228
1.41225
1.41224
1.41226
1.41232
1.4124
1.41249
1.41257
1.41262
1.41262
1.41258
1.41249
1.41237
1.41225
1.41216
1.41209
1.41206
1.41205
1.41206
1.41207
1.41209
1.4121
1.41213
1.41218
1.41225
1.41234
1.41246
1.41256
1.41265
1.41267
1.41259
1.41244
1.41224
1.41209
1.41203
1.41207
1.4122
1.41239
1.41261
1.4128
1.41297
1.4131
1.4132
1.41326
1.41329
1.41332
1.41335
1.41334
1.41329
1.41318
1.41298
1.41266
1.41224
1.4118
1.41143
1.41121
1.41117
1.4113
1.41151
1.41173
1.41197
1.41219
1.41239
1.41257
1.41272
1.41279
1.41277
1.41265
1.41244
1.4122
1.41196
1.41176
1.41164
1.41159
1.4116
1.41166
1.41176
1.41188
1.41199
1.4121
1.41219
1.41227
1.41234
1.41239
1.41244
1.41246
1.41248
1.41248
1.41248
1.41247
1.41246
1.41246
1.41245
1.41243
1.41242
1.4124
1.4124
1.4124
1.4124
1.41242
1.41244
1.41246
1.41247
1.41249
1.4125
1.41249
1.41248
1.41246
1.41242
1.41237
1.4123
1.41223
1.41216
1.4121
1.41206
1.41203
1.41203
1.41205
1.41207
1.41213
1.41218
1.41224
1.41231
1.41238
1.41245
1.41251
1.41256
1.4126
1.4126
1.41258
1.41252
1.41244
1.41234
1.41223
1.41215
1.4121
1.41207
1.41206
1.41209
1.41214
1.41221
1.41228
1.41233
1.41236
1.41234
1.41229
1.41222
1.41212
1.41204
1.41196
1.41193
1.41191
1.41193
1.41198
1.41205
1.41214
1.41222
1.41229
1.41236
1.41243
1.41248
1.41252
1.41255
1.41256
1.41258
1.4126
1.41261
1.41263
1.41264
1.41266
1.41267
1.41265
1.4126
1.41254
1.41245
1.41235
1.41225
1.41216
1.41207
1.412
1.41194
1.4119
1.4119
1.41194
1.412
1.41208
1.41216
1.41223
1.4123
1.41234
1.41236
1.41236
1.41234
1.41232
1.41231
1.41231
1.41232
1.41234
1.41237
1.4124
1.41242
1.4124
1.41238
1.41235
1.41233
1.41232
1.41233
1.41234
1.41237
1.41236
1.4123
1.41218
1.41202
1.41187
1.4118
1.41179
1.41185
1.41196
1.41211
1.41229
1.41247
1.41265
1.41281
1.41293
1.41297
1.41288
1.41263
1.41228
1.41191
1.41162
1.41149
1.41152
1.41164
1.41181
1.41198
1.41212
1.41224
1.41233
1.4124
1.41246
1.41247
1.41248
1.41244
1.41237
1.41226
1.41214
1.412
1.41188
1.41181
1.41179
1.41179
1.4118
1.41182
1.41183
1.41183
1.41182
1.41182
1.41182
1.41185
1.41188
1.41193
1.41198
1.41204
1.4121
1.41216
1.41223
1.4123
1.41239
1.41248
1.41261
1.41276
1.41295
1.41318
1.41341
1.41358
1.4136
1.41337
1.41289
1.41228
1.41178
1.41152
1.41147
1.41156
1.41166
1.41176
1.41182
1.41186
1.4119
1.41194
1.41199
1.41204
1.41209
1.41213
1.41216
1.41218
1.41218
1.41218
1.41217
1.41217
1.41219
1.41223
1.41228
1.41236
1.41244
1.4125
1.41255
1.41257
1.41255
1.4125
1.41244
1.41239
1.41234
1.4123
1.41226
1.41225
1.41224
1.41225
1.41226
1.41227
1.41229
1.41229
1.41227
1.41223
1.41218
1.41209
1.41202
1.41194
1.41188
1.41185
1.41183
1.41182
1.41184
1.41187
1.4119
1.41193
1.41196
1.41199
1.41204
1.41209
1.41216
1.41223
1.41233
1.41244
1.41257
1.4127
1.41284
1.41298
1.4131
1.4132
1.41325
1.41326
1.41322
1.41312
1.41301
1.41288
1.41274
1.41257
1.41236
1.4121
1.4118
1.41149
1.4112
1.41098
1.41088
1.41088
1.41097
1.41111
1.4113
1.41149
1.41169
1.41187
1.41202
1.41216
1.41229
1.41241
1.41251
1.4126
1.41269
1.41275
1.41278
1.41277
1.41273
1.41265
1.41254
1.41241
1.41229
1.4122
1.41215
1.41213
1.41212
1.41212
1.41213
1.41214
1.41217
1.41222
1.41229
1.41241
1.41255
1.41273
1.41293
1.41309
1.4132
1.4132
1.41306
1.41278
1.41244
1.41211
1.41182
1.4116
1.41142
1.41133
1.41129
1.41133
1.41142
1.41156
1.4117
1.41185
1.41198
1.4121
1.41219
1.41228
1.41238
1.4125
1.4126
1.41273
1.41286
1.41299
1.41308
1.4131
1.41301
1.41281
1.41253
1.41223
1.41197
1.41182
1.41174
1.41172
1.41173
1.41174
1.41176
1.41177
1.41181
1.41186
1.41195
1.41207
1.41222
1.41238
1.41256
1.41273
1.41288
1.41297
1.41299
1.41291
1.41274
1.41254
1.41236
1.41228
1.41228
1.41234
1.41241
1.41245
1.41242
1.41233
1.41218
1.41203
1.4119
1.41183
1.4118
1.41183
1.41192
1.41201
1.41212
1.41222
1.41229
1.41234
1.41234
1.41233
1.41229
1.41225
1.41221
1.41218
1.41217
1.41217
1.41218
1.41221
1.41223
1.41227
1.41229
1.41232
1.41233
1.41235
1.41235
1.41237
1.41238
1.4124
1.41241
1.41243
1.41245
1.41248
1.41252
1.41256
1.41259
1.4126
1.4126
1.41256
1.41248
1.41237
1.41225
1.41213
1.41204
1.41198
1.41197
1.41201
1.41208
1.41216
1.41225
1.41235
1.41244
1.4125
1.4125
1.41246
1.41237
1.41227
1.41216
1.41209
1.41207
1.41211
1.41219
1.4123
1.41243
1.41257
1.41269
1.41278
1.41284
1.41285
1.41281
1.41274
1.41262
1.41251
1.41241
1.41231
1.41222
1.41213
1.41203
1.41195
1.41189
1.41186
1.41186
1.4119
1.41194
1.41197
1.412
1.41202
1.41203
1.41202
1.41202
1.41201
1.41202
1.41204
1.41208
1.41212
1.41215
1.41218
1.4122
1.41221
1.41221
1.4122
1.41218
1.41216
1.41212
1.41208
1.41204
1.412
1.41196
1.41193
1.41191
1.4119
1.41191
1.41191
1.41194
1.41198
1.41204
1.4121
1.41218
1.41228
1.41238
1.4125
1.41261
1.41272
1.41281
1.41286
1.41287
1.41283
1.41274
1.41263
1.41249
1.41235
1.41222
1.4121
1.41201
1.41192
1.41184
1.41176
1.41169
1.41162
1.41156
1.41153
1.41154
1.41158
1.41166
1.41175
1.41187
1.41201
1.41217
1.41232
1.41247
1.41264
1.41279
1.41293
1.41306
1.41315
1.4132
1.41318
1.41308
1.41291
1.41265
1.41234
1.41203
1.41177
1.41159
1.4115
1.41151
1.4116
1.41176
1.41195
1.41216
1.41233
1.4125
1.41261
1.41268
1.41269
1.41265
1.41258
1.41249
1.4124
1.41234
1.41233
1.41237
1.41245
1.41257
1.41272
1.41288
1.41303
1.41311
1.41307
1.41288
1.41257
1.41218
1.41185
1.41166
1.41163
1.41171
1.41186
1.41205
1.41222
1.41239
1.41254
1.41265
1.41272
1.41275
1.41273
1.41267
1.41256
1.41243
1.4123
1.4122
1.41213
1.4121
1.41209
1.41212
1.41216
1.41219
1.41223
1.41227
1.4123
1.41233
1.41236
1.41237
1.41238
1.41239
1.41239
1.4124
1.41241
1.41242
1.41244
1.41246
1.41249
1.41251
1.41253
1.41255
1.41254
1.41251
1.41246
1.41239
1.4123
1.41222
1.41214
1.41208
1.41205
1.41205
1.41207
1.41211
1.41216
1.4122
1.41224
1.41227
1.41228
1.41227
1.41223
1.41219
1.41214
1.41211
1.41208
1.41206
1.41207
1.41206
1.41209
1.41211
1.41214
1.41217
1.41219
1.41222
1.41224
1.41226
1.41228
1.41232
1.41233
1.41235
1.41239
1.41242
1.41246
1.41251
1.41257
1.41263
1.41268
1.41272
1.41274
1.41272
1.41264
1.41249
1.41229
1.41205
1.41184
1.41169
1.41163
1.41164
1.4117
1.4118
1.41191
1.41203
1.41215
1.41226
1.41235
1.41241
1.41245
1.41247
1.41248
1.41248
1.41249
1.41253
1.41257
1.41262
1.41264
1.41262
1.41255
1.41243
1.41228
1.41213
1.41199
1.41187
1.41176
1.4117
1.41171
1.41177
1.41188
1.41203
1.41217
1.41228
1.41239
1.41247
1.41251
1.4125
1.41247
1.41241
1.41234
1.41225
1.41217
1.4121
1.41206
1.41204
1.41205
1.41207
1.41213
1.4122
1.4123
1.41241
1.41254
1.41267
1.41278
1.41288
1.41298
1.4131
1.41326
1.41345
1.4136
1.41356
1.41325
1.4127
1.41209
1.41162
1.41142
1.41148
1.41173
1.4121
1.41246
1.41274
1.41286
1.41276
1.41246
1.41203
1.41162
1.41137
1.41138
1.41172
1.41233
1.41308
1.41369
1.41369
1.41279
1.41137
1.41029
1.41006
1.41047
1.41108
1.41163
1.41204
1.4123
1.41247
1.41256
1.41259
1.4126
1.41259
1.41257
1.41253
1.41251
1.41249
1.41246
1.41245
1.41245
1.41246
1.4125
1.41254
1.4126
1.41266
1.41272
1.41277
1.41278
1.41274
1.41263
1.41248
1.41231
1.41215
1.41204
1.41199
1.412
1.41204
1.41209
1.41216
1.41222
1.41226
1.41231
1.41234
1.41238
1.4124
1.41243
1.41243
1.41242
1.41241
1.41239
1.41237
1.41235
1.41233
1.41232
1.41231
1.41232
1.41232
1.41233
1.41234
1.41235
1.41237
1.41239
1.4124
1.41241
1.41241
1.4124
1.41238
1.41235
1.41234
1.41233
1.41233
1.41232
1.41233
1.41234
1.41235
1.41237
1.4124
1.41243
1.41248
1.41255
1.41264
1.41277
1.41292
1.41307
1.41321
1.41326
1.41315
1.41288
1.41248
1.41208
1.41178
1.41166
1.41169
1.41179
1.41192
1.41204
1.41215
1.41224
1.41232
1.41238
1.41243
1.41247
1.41252
1.41259
1.41269
1.41281
1.413
1.41322
1.41346
1.41367
1.41372
1.41352
1.41304
1.41237
1.41167
1.41116
1.41091
1.41092
1.41108
1.41132
1.41156
1.41176
1.41192
1.41205
1.41215
1.41222
1.41228
1.41233
1.41238
1.41243
1.41247
1.41252
1.41256
1.41262
1.41267
1.41272
1.41277
1.41279
1.41279
1.41275
1.41265
1.41254
1.41242
1.41235
1.41235
1.41243
1.41258
1.41279
1.41302
1.41322
1.41336
1.41338
1.41324
1.4129
1.41243
1.41189
1.41141
1.41111
1.411
1.41106
1.41122
1.41144
1.41166
1.41185
1.41203
1.41217
1.41227
1.41234
1.41239
1.41241
1.41241
1.41239
1.41235
1.41232
1.41229
1.41227
1.41227
1.41228
1.41229
1.4123
1.41232
1.41235
1.41237
1.41239
1.4124
1.41241
1.41242
1.41242
1.41243
1.41244
1.41246
1.41248
1.41252
1.41256
1.41262
1.41269
1.41275
1.41281
1.41285
1.41286
1.41282
1.41272
1.41257
1.4124
1.41223
1.4121
1.41203
1.41199
1.412
1.41203
1.41207
1.41211
1.41214
1.41218
1.41222
1.41227
1.41233
1.41238
1.41242
1.41244
1.41246
1.41244
1.41241
1.41238
1.41237
1.41237
1.4124
1.41244
1.4125
1.41256
1.4126
1.41263
1.41263
1.41263
1.41259
1.41255
1.41251
1.41247
1.41243
1.41238
1.41232
1.41227
1.41223
1.4122
1.4122
1.41222
1.41224
1.41228
1.4123
1.41232
1.41233
1.41232
1.4123
1.41228
1.41225
1.41222
1.41221
1.41218
1.41215
1.41214
1.41214
1.41215
1.41219
1.41225
1.41233
1.41242
1.41253
1.41266
1.41278
1.41287
1.4129
1.41284
1.41269
1.41248
1.41226
1.41209
1.41201
1.41202
1.41209
1.41219
1.41231
1.41242
1.4125
1.41256
1.41261
1.41264
1.41264
1.41262
1.41257
1.41251
1.41243
1.41234
1.41225
1.41217
1.41212
1.41208
1.41208
1.4121
1.41213
1.41218
1.41224
1.41228
1.41234
1.4124
1.41246
1.41252
1.41258
1.41263
1.41269
1.41273
1.41276
1.41278
1.41277
1.41274
1.41267
1.41258
1.41249
1.41238
1.41227
1.41216
1.4121
1.41206
1.41206
1.41208
1.41212
1.41217
1.41223
1.41229
1.41235
1.41239
1.4124
1.41242
1.41241
1.41236
1.41232
1.41226
1.4122
1.41215
1.41213
1.41212
1.41212
1.41216
1.41223
1.41232
1.41244
1.41257
1.41271
1.41285
1.41298
1.41307
1.41308
1.41301
1.41284
1.4126
1.41234
1.41212
1.41196
1.41188
1.41186
1.41189
1.41198
1.41212
1.41231
1.41255
1.41281
1.41303
1.41319
1.41325
1.41317
1.41298
1.41271
1.41241
1.41209
1.41181
1.41158
1.41138
1.41127
1.41123
1.41128
1.41139
1.41156
1.41176
1.41198
1.41217
1.41237
1.41254
1.41267
1.41276
1.41278
1.41275
1.41267
1.41257
1.41248
1.41239
1.41234
1.4123
1.41226
1.41224
1.41222
1.4122
1.4122
1.41219
1.4122
1.41221
1.41223
1.41227
1.41229
1.4123
1.41231
1.4123
1.41228
1.41225
1.41221
1.41217
1.41213
1.41212
1.41213
1.41215
1.41219
1.41224
1.41229
1.41235
1.41241
1.41246
1.41251
1.41254
1.41256
1.41257
1.41254
1.41249
1.4124
1.41228
1.41214
1.412
1.41189
1.41183
1.4118
1.41181
1.41185
1.41191
1.41199
1.41205
1.41212
1.4122
1.41228
1.41235
1.41242
1.41247
1.41254
1.41258
1.41261
1.41262
1.41263
1.4126
1.41258
1.41254
1.4125
1.41245
1.4124
1.41233
1.41227
1.4122
1.41214
1.41208
1.41204
1.41201
1.41201
1.41201
1.41202
1.41204
1.41206
1.41209
1.41212
1.41215
1.41219
1.41222
1.41225
1.41229
1.41232
1.41233
1.41233
1.41231
1.41228
1.41224
1.41222
1.4122
1.41219
1.41219
1.41219
1.4122
1.41222
1.41223
1.41225
1.41228
1.4123
1.41231
1.41234
1.41236
1.41238
1.4124
1.41241
1.41243
1.41244
1.41245
1.41245
1.41245
1.41245
1.41245
1.41246
1.41245
1.41244
1.41244
1.41243
1.41242
1.4124
1.41238
1.41236
1.41233
1.4123
1.41227
1.41224
1.41224
1.41225
1.41225
1.41228
1.41231
1.41234
1.41237
1.41238
1.41237
1.41235
1.41231
1.41226
1.41221
1.41216
1.41213
1.41212
1.41216
1.41224
1.41236
1.41251
1.41267
1.41282
1.41287
1.41281
1.41259
1.41232
1.41205
1.41187
1.41182
1.41185
1.41193
1.41201
1.41206
1.41209
1.41211
1.41212
1.41212
1.41212
1.41214
1.41216
1.41219
1.41223
1.41225
1.4123
1.41235
1.41241
1.41245
1.41249
1.41251
1.41252
1.41253
1.41252
1.4125
1.41246
1.4124
1.41235
1.4123
1.41224
1.4122
1.41217
1.41215
1.41214
1.41214
1.41216
1.41219
1.41224
1.41229
1.41233
1.41237
1.41238
1.41235
1.41228
1.4122
1.41212
1.41206
1.41204
1.41205
1.4121
1.41216
1.41222
1.41227
1.4123
1.41232
1.41233
1.41236
1.4124
1.41249
1.41259
1.41269
1.41278
1.4128
1.41276
1.41266
1.41252
1.41238
1.41227
1.4122
1.41217
1.41214
1.41214
1.41212
1.41209
1.41206
1.41204
1.41203
1.41204
1.41204
1.41207
1.41211
1.41212
1.41215
1.41218
1.41221
1.41224
1.41227
1.4123
1.41234
1.41238
1.41244
1.41251
1.4126
1.41269
1.41277
1.41285
1.41289
1.41286
1.41274
1.41256
1.41234
1.41212
1.41197
1.4119
1.41192
1.412
1.41211
1.41222
1.41233
1.41243
1.41252
1.41257
1.41259
1.41258
1.41254
1.41247
1.41239
1.41233
1.41227
1.41226
1.41227
1.41231
1.41235
1.41237
1.41237
1.41236
1.41232
1.41225
1.41218
1.41209
1.41201
1.41196
1.41191
1.41188
1.41188
1.4119
1.41193
1.41196
1.41202
1.41206
1.41212
1.41217
1.41222
1.41226
1.4123
1.41232
1.41236
1.41238
1.41242
1.41244
1.41246
1.41248
1.41249
1.41248
1.41245
1.41242
1.41238
1.41234
1.41229
1.41226
1.41224
1.41223
1.41224
1.41225
1.41227
1.4123
1.41234
1.41237
1.41241
1.41245
1.41248
1.41251
1.41254
1.41256
1.41257
1.41257
1.41254
1.41249
1.41242
1.41234
1.41225
1.41215
1.41207
1.412
1.41196
1.41193
1.41191
1.41192
1.41195
1.41199
1.41203
1.41207
1.4121
1.41214
1.41217
1.41219
1.41223
1.41225
1.41229
1.41231
1.41235
1.41239
1.41243
1.41246
1.4125
1.41252
1.41253
1.41251
1.41248
1.41243
1.41236
1.41228
1.41221
1.41213
1.41207
1.41205
1.41206
1.4121
1.41217
1.41229
1.41241
1.41254
1.41263
1.41266
1.41261
1.41248
1.41233
1.41218
1.41207
1.41203
1.41207
1.41213
1.41221
1.41229
1.41233
1.41234
1.41234
1.41232
1.4123
1.41229
1.41229
1.41229
1.41231
1.41233
1.41234
1.41236
1.41237
1.41237
1.41236
1.41235
1.41232
1.41229
1.41226
1.41224
1.41224
1.41225
1.41228
1.41231
1.41236
1.41242
1.4125
1.41257
1.41267
1.41277
1.41285
1.4129
1.41291
1.41284
1.41269
1.41249
1.41229
1.41214
1.41205
1.41201
1.412
1.41199
1.41198
1.41197
1.41198
1.41202
1.41208
1.41218
1.41229
1.41241
1.41252
1.41262
1.41272
1.41282
1.41293
1.41303
1.41314
1.41325
1.41333
1.41337
1.41329
1.41309
1.41276
1.41236
1.41197
1.41167
1.41153
1.41154
1.41166
1.41184
1.41203
1.4122
1.41233
1.41242
1.41245
1.41243
1.4124
1.41235
1.41231
1.41228
1.41227
1.41227
1.41229
1.41232
1.41235
1.41238
1.41241
1.41243
1.41245
1.41245
1.41244
1.41242
1.41239
1.41235
1.41231
1.41228
1.41225
1.41226
1.41229
1.41234
1.41243
1.41252
1.41264
1.41273
1.41279
1.41279
1.41269
1.41248
1.41222
1.41195
1.41175
1.41166
1.41167
1.41177
1.41191
1.41208
1.41225
1.41238
1.41249
1.41257
1.41262
1.41264
1.41265
1.41264
1.41261
1.41258
1.41254
1.41253
1.41252
1.41254
1.41257
1.41261
1.41267
1.41273
1.41275
1.41274
1.41263
1.41242
1.41217
1.41191
1.4117
1.41161
1.4116
1.41167
1.41176
1.41187
1.41197
1.41206
1.41215
1.41223
1.4123
1.41238
1.41245
1.41254
1.41261
1.41269
1.41276
1.4128
1.41281
1.41276
1.41266
1.41251
1.41231
1.41208
1.41183
1.41162
1.4115
1.41145
1.41149
1.41156
1.41169
1.4118
1.41193
1.41203
1.41212
1.41221
1.41231
1.41239
1.41248
1.4126
1.41274
1.4129
1.41307
1.41328
1.41348
1.41367
1.41379
1.41376
1.41352
1.41303
1.41239
1.4118
1.41142
1.41131
1.41142
1.41164
1.41185
1.41204
1.41215
1.41218
1.41213
1.41207
1.412
1.41197
1.41198
1.41202
1.41209
1.41216
1.41223
1.41227
1.41227
1.41227
1.41223
1.41217
1.41211
1.41206
1.41204
1.41205
1.4121
1.41217
1.41225
1.41235
1.41246
1.41257
1.41267
1.41278
1.41288
1.41297
1.41303
1.41304
1.41297
1.41281
1.41256
1.41226
1.41194
1.41169
1.41154
1.41151
1.41159
1.41173
1.41192
1.41212
1.41231
1.41249
1.41263
1.41273
1.4128
1.41282
1.41281
1.41276
1.41267
1.41257
1.41246
1.41234
1.41224
1.41215
1.4121
1.41206
1.41205
1.41207
1.4121
1.41214
1.41219
1.41224
1.41229
1.41233
1.41237
1.4124
1.41243
1.41248
1.4125
1.41253
1.41257
1.4126
1.41262
1.41264
1.41267
1.41268
1.41269
1.41268
1.41266
1.41264
1.41261
1.41257
1.41252
1.41247
1.41244
1.4124
1.41239
1.41237
1.41237
1.41236
1.41237
1.41239
1.41241
1.41242
1.41243
1.41243
1.41242
1.41241
1.41238
1.41235
1.41232
1.4123
1.41228
1.41227
1.41229
1.41231
1.41234
1.41239
1.41244
1.41249
1.41253
1.41256
1.41259
1.41259
1.41256
1.41251
1.41243
1.41233
1.41225
1.41218
1.41213
1.41212
1.41213
1.41216
1.41219
1.41223
1.41227
1.41232
1.41237
1.41244
1.41251
1.41259
1.41267
1.41276
1.41284
1.41291
1.41295
1.41296
1.41293
1.41288
1.4128
1.41272
1.41265
1.41257
1.41252
1.41248
1.41245
1.4124
1.41232
1.41221
1.41209
1.41194
1.41181
1.41174
1.41176
1.41186
1.41201
1.41217
1.41234
1.41248
1.41258
1.41264
1.41267
1.41267
1.41265
1.41262
1.41258
1.41255
1.41253
1.41253
1.41253
1.41253
1.41252
1.41252
1.41253
1.41252
1.41253
1.41252
1.41252
1.41251
1.4125
1.41249
1.41248
1.41249
1.41249
1.41249
1.41248
1.41249
1.41249
1.41247
1.41247
1.41247
1.41246
1.41244
1.41243
1.41243
1.41242
1.41242
1.41241
1.41241
1.4124
1.4124
1.4124
1.41239
1.4124
1.41241
1.41242
1.41243
1.41244
1.41245
1.41246
1.41247
1.4125
1.41252
1.41254
1.41256
1.41257
1.41259
1.41262
1.41263
1.41265
1.41265
1.41265
1.41263
1.41258
1.41251
1.41238
1.41224
1.41212
1.41203
1.41198
1.41197
1.41198
1.41202
1.41206
1.4121
1.41214
1.41219
1.41224
1.41228
1.41234
1.41239
1.41244
1.41249
1.41252
1.41254
1.41256
1.41255
1.41253
1.41247
1.4124
1.41232
1.41224
1.41218
1.41214
1.41211
1.41211
1.41213
1.41216
1.4122
1.41222
1.41225
1.41228
1.41232
1.41237
1.41244
1.41256
1.41273
1.41295
1.41325
1.41357
1.41382
1.41384
1.41348
1.41273
1.41184
1.41113
1.41083
1.41088
1.41113
1.41145
1.41175
1.412
1.41219
1.41233
1.41242
1.41248
1.41251
1.41252
1.41253
1.41254
1.41255
1.41257
1.41259
1.41258
1.41255
1.41249
1.41242
1.41234
1.41226
1.4122
1.41216
1.41214
1.41213
1.41213
1.41212
1.41212
1.41211
1.4121
1.41211
1.41212
1.41214
1.41216
1.4122
1.41222
1.41226
1.41229
1.41233
1.41235
1.41238
1.4124
1.41242
1.41245
1.41246
1.41247
1.41247
1.41248
1.41247
1.41246
1.41244
1.41243
1.41243
1.41243
1.41245
1.41248
1.41254
1.41262
1.41272
1.41282
1.41294
1.41303
1.41307
1.41302
1.41289
1.41267
1.4124
1.41213
1.41192
1.41179
1.41175
1.41177
1.41184
1.41192
1.41201
1.4121
1.41219
1.41228
1.41235
1.41242
1.41246
1.41247
1.41246
1.41242
1.41237
1.41235
1.41237
1.41241
1.41246
1.41249
1.41247
1.41238
1.41225
1.41211
1.41202
1.41199
1.412
1.41206
1.41211
1.41214
1.41217
1.41218
1.41221
1.41224
1.41228
1.41234
1.41238
1.41243
1.41246
1.41248
1.41249
1.41249
1.41248
1.41246
1.41242
1.41237
1.41233
1.41228
1.41224
1.41221
1.41219
1.41218
1.41217
1.41218
1.41218
1.4122
1.41222
1.41224
1.41225
1.41225
1.41228
1.41229
1.41232
1.41234
1.41237
1.41239
1.41241
1.41244
1.41246
1.41249
1.4125
1.41252
1.41252
1.41252
1.41252
1.41252
1.41255
1.41261
1.41272
1.41289
1.4131
1.41334
1.41354
1.41361
1.41339
1.41286
1.41211
1.4114
1.41099
1.41092
1.41109
1.41138
1.41168
1.41194
1.41212
1.41223
1.41228
1.41229
1.41227
1.41226
1.41226
1.41228
1.4123
1.41232
1.41232
1.4123
1.41227
1.41221
1.41218
1.41216
1.41217
1.4122
1.41224
1.41229
1.41236
1.41241
1.41245
1.41249
1.41252
1.41252
1.41249
1.41243
1.41235
1.41225
1.41215
1.41206
1.41199
1.41195
1.41195
1.41198
1.41205
1.41214
1.41226
1.41242
1.41259
1.41277
1.41298
1.41318
1.41333
1.41339
1.41333
1.41313
1.4128
1.41241
1.41206
1.41183
1.41175
1.41179
1.41189
1.412
1.41208
1.41211
1.41209
1.41207
1.41207
1.4121
1.41218
1.41233
1.41253
1.41275
1.413
1.41322
1.41337
1.4134
1.41327
1.41298
1.41258
1.41216
1.41181
1.41159
1.41151
1.41153
1.41161
1.41171
1.41183
1.41194
1.41205
1.41216
1.41227
1.41237
1.41247
1.41257
1.41265
1.41273
1.4128
1.41284
1.41286
1.41288
1.41289
1.41289
1.4129
1.41292
1.41292
1.41292
1.41292
1.41287
1.41279
1.41265
1.41247
1.41225
1.41206
1.41192
1.41183
1.41181
1.41184
1.4119
1.41197
1.41205
1.41213
1.4122
1.41225
1.4123
1.41233
1.41236
1.41237
1.41238
1.41239
1.4124
1.4124
1.4124
1.4124
1.4124
1.41241
1.4124
1.41241
1.4124
1.4124
1.4124
1.4124
1.41239
1.41239
1.4124
1.4124
1.41239
1.41241
1.41241
1.41241
1.41241
1.41241
1.41242
1.41242
1.41243
1.41242
1.41242
1.41242
1.41243
1.41243
1.41243
1.41241
1.41238
1.41235
1.4123
1.41224
1.41218
1.41213
1.4121
1.41207
1.41205
1.41205
1.41206
1.41207
1.4121
1.41211
1.41213
1.41214
1.41217
1.41218
1.41219
1.4122
1.41221
1.41222
1.41223
1.41224
1.41225
1.41227
1.41229
1.41231
1.41234
1.41235
1.41236
1.41236
1.41235
1.41236
1.41237
1.41237
1.41237
1.41236
1.41236
1.41235
1.41234
1.4123
1.41226
1.41221
1.41217
1.41212
1.4121
1.41209
1.4121
1.41213
1.41217
1.41219
1.41221
1.41222
1.41224
1.41225
1.41227
1.41228
1.41231
1.41236
1.41239
1.41243
1.41245
1.41245
1.41242
1.41239
1.41233
1.41229
1.41225
1.41222
1.41219
1.41218
1.41217
1.41217
1.41216
1.41216
1.41216
1.41216
1.41215
1.41216
1.41217
1.41217
1.41218
1.4122
1.41222
1.41224
1.41226
1.41227
1.41228
1.41228
1.41229
1.4123
1.41228
1.41228
1.41227
1.41226
1.41226
1.41226
1.41227
1.41227
1.41229
1.4123
1.41233
1.41237
1.41241
1.41245
1.4125
1.41253
1.41254
1.41255
1.41254
1.4125
1.41244
1.41236
1.41228
1.41219
1.41211
1.41204
1.412
1.41198
1.41197
1.41197
1.41199
1.41202
1.41206
1.41212
1.41217
1.41224
1.41229
1.41234
1.41237
1.4124
1.41242
1.41245
1.41249
1.41254
1.4126
1.41266
1.4127
1.41272
1.41269
1.41263
1.41253
1.41239
1.41225
1.41212
1.41203
1.41194
1.4119
1.4119
1.41194
1.41203
1.41216
1.41232
1.41248
1.41267
1.41282
1.41292
1.41296
1.4129
1.41274
1.4125
1.4122
1.41189
1.41163
1.41147
1.41142
1.41148
1.41159
1.41173
1.41186
1.41198
1.41208
1.41217
1.41223
1.41226
1.41229
1.41232
1.41234
1.41236
1.41237
1.41239
1.4124
1.41242
1.4124
1.41239
1.41237
1.41235
1.41231
1.41226
1.41219
1.41212
1.41207
1.41202
1.41198
1.41196
1.41196
1.41198
1.41201
1.41207
1.41215
1.41227
1.41238
1.41251
1.41264
1.41275
1.41282
1.41283
1.41276
1.41262
1.41241
1.41219
1.41197
1.41179
1.41166
1.41161
1.4116
1.41163
1.41172
1.41184
1.412
1.41217
1.41235
1.41252
1.41267
1.41278
1.41281
1.41277
1.41267
1.41254
1.4124
1.41229
1.41222
1.41222
1.4123
1.41245
1.4126
1.4126
1.41241
1.41195
1.41137
1.41092
1.41072
1.41081
1.41107
1.4114
1.41171
1.41198
1.4122
1.41236
1.41248
1.41256
1.41261
1.41262
1.41261
1.41257
1.41251
1.41246
1.41244
1.41245
1.41248
1.41252
1.41257
1.41261
1.41259
1.41255
1.41248
1.41237
1.41225
1.41214
1.41203
1.412
1.41207
1.41227
1.4126
1.41293
1.41308
1.41289
1.41233
1.41166
1.41122
1.41115
1.41138
1.41173
1.41204
1.41227
1.41239
1.4124
1.41233
1.41222
1.41208
1.41195
1.41183
1.41175
1.41168
1.41166
1.41164
1.41164
1.41167
1.41172
1.41177
1.41184
1.41189
1.41196
1.41202
1.41208
1.41214
1.4122
1.41226
1.4123
1.41235
1.4124
1.41243
1.41246
1.41247
1.41249
1.41249
1.41248
1.41246
1.41243
1.41242
1.4124
1.41238
1.41237
1.41236
1.41236
1.41236
1.41237
1.41238
1.41241
1.41244
1.41248
1.41255
1.41265
1.4128
1.41298
1.41311
1.41308
1.41275
1.41213
1.41139
1.41085
1.41063
1.41072
1.41101
1.41135
1.41168
1.41196
1.41219
1.41237
1.41251
1.41261
1.41266
1.41271
1.41271
1.41269
1.41263
1.41256
1.41248
1.41238
1.41229
1.4122
1.41214
1.41209
1.41206
1.41205
1.41206
1.41208
1.4121
1.41213
1.41217
1.41221
1.41226
1.41229
1.41233
1.41235
1.41238
1.41241
1.41245
1.41249
1.41254
1.41259
1.41264
1.41266
1.41265
1.41258
1.41246
1.41228
1.41209
1.41194
1.41186
1.41186
1.41194
1.41209
1.41228
1.41247
1.41269
1.41288
1.41301
1.41304
1.41294
1.41268
1.41232
1.41192
1.41159
1.41142
1.4114
1.41151
1.41171
1.41195
1.41217
1.41236
1.41252
1.41265
1.41272
1.41274
1.41271
1.41262
1.4125
1.41237
1.41224
1.41215
1.4121
1.41208
1.41206
1.41202
1.41194
1.41182
1.4117
1.4116
1.41154
1.41155
1.41161
1.41169
1.4118
1.4119
1.41199
1.41208
1.41216
1.41224
1.41231
1.41239
1.41247
1.41254
1.41262
1.41269
1.41277
1.41284
1.41289
1.41289
1.41283
1.41269
1.41252
1.41239
1.41235
1.41244
1.41263
1.41286
1.41305
1.4131
1.41296
1.41262
1.41215
1.4117
1.41135
1.41118
1.41118
1.4113
1.41145
1.41159
1.41168
1.41172
1.41171
1.4117
1.41168
1.41167
1.41168
1.4117
1.41175
1.41182
1.41188
1.41196
1.41205
1.41214
1.41223
1.41233
1.41242
1.4125
1.41259
1.41265
1.4127
1.41274
1.41276
1.41277
1.41277
1.41278
1.41281
1.41285
1.41291
1.41297
1.41302
1.41302
1.41298
1.41288
1.41274
1.41258
1.41243
1.41229
1.41216
1.41204
1.41193
1.41184
1.41178
1.41178
1.4118
1.41185
1.4119
1.41194
1.412
1.41204
1.41208
1.41212
1.41218
1.41224
1.4123
1.41236
1.4124
1.41245
1.41248
1.4125
1.4125
1.4125
1.4125
1.41251
1.41251
1.4125
1.4125
1.41251
1.41253
1.41255
1.41259
1.41263
1.41268
1.41274
1.41279
1.41284
1.41286
1.41283
1.41275
1.4126
1.41243
1.41223
1.41204
1.4119
1.41182
1.41178
1.4118
1.41185
1.41192
1.412
1.41207
1.41213
1.41218
1.41223
1.41227
1.4123
1.41234
1.41237
1.41241
1.41247
1.41252
1.41259
1.41266
1.41273
1.41277
1.41283
1.41289
1.41291
1.41291
1.41284
1.41269
1.41246
1.41219
1.41191
1.41172
1.41162
1.41161
1.41168
1.41177
1.41188
1.41197
1.41203
1.41208
1.41214
1.41221
1.41233
1.4125
1.41269
1.41287
1.41296
1.4129
1.41264
1.41225
1.41186
1.41156
1.41144
1.41146
1.41158
1.41175
1.41192
1.41207
1.4122
1.41229
1.41237
1.41245
1.41252
1.41258
1.41264
1.41269
1.41269
1.41263
1.41251
1.41235
1.41216
1.412
1.41189
1.41184
1.41185
1.41189
1.41195
1.41201
1.41207
1.41213
1.41217
1.41222
1.41226
1.4123
1.41234
1.41238
1.41243
1.41247
1.41251
1.41256
1.41261
1.41265
1.41268
1.4127
1.4127
1.41269
1.41266
1.41261
1.41256
1.41251
1.41247
1.41242
1.41238
1.41233
1.41227
1.41221
1.41215
1.41209
1.41205
1.41203
1.41204
1.41207
1.41209
1.41214
1.41218
1.4122
1.41223
1.41224
1.41222
1.4122
1.41218
1.41217
1.41216
1.41215
1.41216
1.41218
1.41219
1.41222
1.41225
1.41229
1.41232
1.41233
1.41234
1.41235
1.41235
1.41233
1.41232
1.41231
1.41231
1.41229
1.41228
1.41227
1.41226
1.41225
1.41225
1.41225
1.41225
1.41227
1.41229
1.41231
1.41235
1.41239
1.41244
1.41251
1.41258
1.41267
1.41277
1.4129
1.41305
1.41324
1.41346
1.41369
1.41389
1.41395
1.41371
1.41314
1.41239
1.41174
1.41138
1.41128
1.41132
1.41138
1.41146
1.41157
1.4117
1.41186
1.41202
1.41216
1.41225
