1.2
1.18988
1.17823
1.16466
1.14896
1.13198
1.11592
1.10389
1.09887
1.10267
1.11485
1.13312
1.15454
1.17634
1.19622
1.21239
1.22334
1.22781
1.22544
1.21712
1.20518
1.19348
1.18653
1.18779
1.19864
1.21776
1.24187
1.26685
1.2888
1.30496
1.31403
1.31606
1.31189
1.30217
1.28695
1.26584
1.23826
1.20545
1.17017
1.13657
1.10862
1.08876
1.07779
1.07508
1.07944
1.08933
1.10304
1.1187
1.13415
1.14759
1.15775
1.164
1.16672
1.16678
1.16595
1.16631
1.16988
1.17804
1.1913
1.20886
1.22895
1.24907
1.26679
1.28067
1.2901
1.29549
1.29723
1.29572
1.29112
1.2835
1.27266
1.25867
1.24143
1.22121
1.19864
1.17504
1.15227
1.13279
1.11861
1.11103
1.10989
1.1139
1.12118
1.13011
1.13936
1.1479
1.15447
1.15785
1.15705
1.15182
1.14305
1.1327
1.12322
1.11675
1.11468
1.11694
1.1223
1.12893
1.13517
1.14036
1.14486
1.15023
1.15818
1.17
1.18586
1.20466
1.22434
1.24271
1.2576
1.2675
1.27156
1.26971
1.26262
1.25182
1.23934
1.22753
1.21831
1.21309
1.21251
1.21679
1.22517
1.23632
1.24807
1.25795
1.26354
1.26318
1.25593
1.24193
1.22258
1.20063
1.17973
1.16417
1.15814
1.16407
1.18201
1.20893
1.23918
1.26621
1.28375
1.28794
1.27839
1.25803
1.23163
1.20401
1.17843
1.15649
1.13855
1.12503
1.11651
1.11354
1.11604
1.12302
1.13333
1.14688
1.16448
1.18686
1.21317
1.24083
1.26591
1.28469
1.29459
1.2951
1.28788
1.27624
1.26394
1.25388
1.24739
1.24376
1.24054
1.23483
1.22391
1.20621
1.18176
1.15272
1.12293
1.09676
1.078
1.06836
1.06748
1.07338
1.08421
1.0986
1.11627
1.13763
1.16274
1.1908
1.21957
1.24551
1.26465
1.27373
1.27095
1.25674
1.23361
1.20695
1.18367
1.17078
1.17115
1.18213
1.19829
1.21502
1.2299
1.24245
1.25255
1.25993
1.26414
1.26465
1.26092
1.25292
1.24127
1.22735
1.21308
1.2004
1.19018
1.18242
1.17642
1.17179
1.16893
1.16917
1.17402
1.18396
1.1977
1.21256
1.22544
1.23402
1.23745
1.23608
1.23133
1.22468
1.21739
1.21094
1.20668
1.20612
1.2104
1.21975
1.2333
1.24839
1.26153
1.26881
1.26703
1.25409
1.23018
1.19762
1.1608
1.12504
1.09579
1.07705
1.07119
1.07863
1.09815
1.12707
1.16133
1.19665
1.22887
1.25457
1.27164
1.279
1.27659
1.26511
1.24618
1.22152
1.19363
1.16542
1.13995
1.1206
1.11049
1.11127
1.12309
1.14416
1.1715
1.20177
1.23184
1.25889
1.2804
1.29418
1.29877
1.2941
1.28136
1.2631
1.2423
1.22117
1.20102
1.18263
1.16655
1.15361
1.14447
1.13981
1.13959
1.14348
1.15034
1.15843
1.16577
1.1704
1.17087
1.16657
1.15854
1.14857
1.13908
1.13256
1.13089
1.13443
1.1426
1.15363
1.16555
1.17677
1.18639
1.19456
1.20235
1.21104
1.22154
1.23324
1.24398
1.25079
1.25102
1.24393
1.23055
1.21354
1.19579
1.17998
1.1674
1.15872
1.15373
1.15171
1.15163
1.15222
1.15252
1.15218
1.15129
1.15057
1.1509
1.15374
1.16042
1.17219
1.18955
1.21129
1.23561
1.26005
1.28228
1.30076
1.3149
1.32542
1.33337
1.33924
1.34234
1.34045
1.33095
1.31192
1.2833
1.24746
1.20875
1.17223
1.14251
1.12194
1.11069
1.10763
1.11113
1.1196
1.13137
1.14449
1.15708
1.16744
1.17425
1.17692
1.17564
1.1717
1.16659
1.16171
1.15777
1.15466
1.15158
1.14757
1.14174
1.13387
1.12494
1.11697
1.1128
1.11504
1.12522
1.14369
1.16931
1.19962
1.23077
1.25817
1.27754
1.28614
1.28314
1.26965
1.24841
1.22305
1.19653
1.17168
1.15041
1.13415
1.12432
1.12168
1.12657
1.13829
1.15574
1.17708
1.20059
1.22463
1.24796
1.26967
1.28902
1.30496
1.31626
1.32211
1.32239
1.31757
1.30892
1.29775
1.28501
1.27139
1.25719
1.24256
1.22741
1.21144
1.19435
1.17621
1.15811
1.14197
1.13001
1.12385
1.12398
1.12941
1.13803
1.14763
1.15626
1.16255
1.16558
1.165
1.16134
1.15592
1.15038
1.14624
1.14412
1.14396
1.14559
1.14873
1.15377
1.16145
1.17268
1.18754
1.20506
1.2235
1.24043
1.25314
1.25938
1.25778
1.24822
1.23191
1.21101
1.18844
1.16773
1.15266
1.14625
1.14941
1.16039
1.17587
1.19275
1.20891
1.2233
1.2348
1.24241
1.24464
1.24023
1.229
1.21248
1.19361
1.1765
1.16482
1.16098
1.16638
1.18165
1.20542
1.2334
1.25895
1.27634
1.28242
1.27693
1.26163
1.23961
1.21457
1.19026
1.16991
1.15594
1.14934
1.15015
1.15718
1.16912
1.18422
1.20072
1.21688
1.23111
1.2418
1.24787
1.24841
1.24334
1.23373
1.22189
1.21064
1.20163
1.19454
1.18718
1.17704
1.16281
1.14473
1.12485
1.10578
1.09055
1.08254
1.0853
1.10175
1.13218
1.17303
1.21767
1.25884
1.29075
1.31039
1.31738
1.31327
1.30043
1.28102
1.25701
1.23024
1.20307
1.17832
1.15924
1.14833
1.1472
1.15596
1.17358
1.19784
1.22625
1.25582
1.28365
1.30718
1.32446
1.33422
1.33599
1.33004
1.31712
1.29821
1.27428
1.24606
1.21445
1.18052
1.14596
1.11302
1.0842
1.06226
1.04911
1.04589
1.0526
1.06841
1.09183
1.12088
1.15331
1.18676
1.21861
1.24632
1.26751
1.28003
1.28254
1.27456
1.25685
1.23149
1.20107
1.16797
1.13414
1.10196
1.07588
1.06185
1.06383
1.07935
1.10099
1.12159
1.13784
1.14949
1.15778
1.16465
1.17165
1.1798
1.18944
1.20016
1.21071
1.21942
1.22447
1.22449
1.21909
1.20911
1.19684
1.18547
1.17841
1.17848
1.18665
1.20198
1.22133
1.24038
1.25476
1.26097
1.25721
1.24402
1.22445
1.20328
1.18519
1.1736
1.16969
1.17276
1.1804
1.18888
1.19425
1.19321
1.18397
1.16645
1.14304
1.11935
1.10362
1.10368
1.12223
1.15509
1.19431
1.23265
1.26514
1.28917
1.30376
1.30929
1.30724
1.30054
1.29239
1.28567
1.28183
1.28048
1.27978
1.27738
1.27167
1.26265
1.25144
1.24018
1.23084
1.22437
1.22066
1.21852
1.21633
1.21274
1.20709
1.19973
1.19142
1.18318
1.17545
1.16848
1.16204
1.15619
1.1511
1.14719
1.14458
1.14307
1.1421
1.14103
1.13958
1.13803
1.13752
1.13927
1.14437
1.15312
1.1647
1.17742
1.18911
1.19816
1.20389
1.20702
1.20921
1.2126
1.21835
1.22665
1.23629
1.24527
1.25182
1.25457
1.25306
1.24793
1.24043
1.23168
1.22283
1.21449
1.20662
1.19912
1.19176
1.18463
1.17781
1.17159
1.16642
1.16282
1.16122
1.1622
1.16608
1.17276
1.18186
1.19277
1.20469
1.21705
1.22966
1.24227
1.25426
1.2647
1.27211
1.27503
1.27233
1.26397
1.25059
1.23386
1.21624
1.20069
1.18945
1.18275
1.17894
1.17567
1.17125
1.16545
1.15964
1.15532
1.15327
1.15297
1.15317
1.15253
1.15029
1.14644
1.14152
1.13654
1.13219
1.12901
1.12747
1.12794
1.1309
1.13698
1.1468
1.16055
1.17773
1.19722
1.21738
1.23637
1.25234
1.2634
1.268
1.26528
1.25541
1.23997
1.22106
1.2014
1.18347
1.16929
1.16049
1.15783
1.16115
1.16943
1.18077
1.19287
1.20345
1.21061
1.2136
1.21258
1.20889
1.20433
1.20056
1.19852
1.19813
1.19809
1.19671
1.19297
1.18688
1.17955
1.17267
1.16816
1.16704
1.16977
1.17535
1.18215
1.18825
1.19236
1.19439
1.19501
1.19538
1.19616
1.19697
1.19688
1.19487
1.1906
1.18494
1.1799
1.17823
1.18262
1.19438
1.21278
1.23578
1.26009
1.28279
1.30123
1.31359
1.31848
1.31528
1.30366
1.28456
1.26003
1.23299
1.20677
1.18469
1.16911
1.16105
1.15963
1.16215
1.16526
1.16615
1.16334
1.15715
1.14932
1.14195
1.13714
1.13618
1.13938
1.14625
1.15563
1.16578
1.17502
1.18164
1.18443
1.18261
1.17612
1.16568
1.1528
1.13915
1.12643
1.11602
1.10863
1.10506
1.10633
1.11379
1.12843
1.15016
1.17753
1.20718
1.23538
1.25834
1.27279
1.27675
1.26964
1.2524
1.22767
1.19891
1.17033
1.14557
1.12785
1.11928
1.12085
1.13208
1.15136
1.17583
1.20251
1.22854
1.25192
1.27156
1.28753
1.30026
1.31043
1.31804
1.32226
1.32138
1.31369
1.29852
1.27745
1.25359
1.23124
1.21387
1.20343
1.19971
1.20066
1.20359
1.20588
1.20622
1.20438
1.20106
1.19716
1.19345
1.19014
1.1872
1.18419
1.18053
1.17514
1.1669
1.15558
1.14178
1.12722
1.11455
1.10656
1.10495
1.10921
1.11701
1.12542
1.13267
1.1387
1.1452
1.15449
1.16883
1.18904
1.21401
1.24098
1.2664
1.28631
1.29743
1.29805
1.28901
1.27351
1.25563
1.238
1.22092
1.20342
1.18525
1.1682
1.15449
1.14638
1.14497
1.14982
1.15928
1.17125
1.18365
1.1951
1.20517
1.21402
1.22189
1.22875
1.23389
1.23612
1.23423
1.2279
1.21751
1.20403
1.18847
1.17224
1.15764
1.14722
1.14357
1.14814
1.16111
1.18135
1.20635
1.2329
1.2576
1.27749
1.29074
1.29691
1.29674
1.29079
1.27931
1.26268
1.24225
1.22081
1.20198
1.18923
1.18476
1.18833
1.19766
1.20885
1.21828
1.22304
1.22173
1.21398
1.20075
1.18399
1.1667
1.15159
1.14089
1.13591
1.13655
1.14184
1.15027
1.15999
1.16939
1.17707
1.18203
1.18393
1.18328
1.18124
1.17955
1.17992
1.18346
1.19016
1.19896
1.20796
1.21489
1.21782
1.21558
1.20807
1.19597
1.18088
1.16488
1.15039
1.13976
1.13472
1.13582
1.14195
1.15053
1.15828
1.16208
1.15998
1.15132
1.1368
1.11849
1.09981
1.08501
1.0784
1.08304
1.09946
1.12551
1.15743
1.19106
1.22298
1.25078
1.2731
1.28899
1.29795
1.29966
1.29423
1.28236
1.26564
1.24647
1.22763
1.21161
1.20025
1.19438
1.19405
1.19869
1.20719
1.21788
1.22886
1.23911
1.24865
1.25834
1.26887
1.27981
1.28951
1.29583
1.29717
1.29323
1.28501
1.27359
1.26017
1.24574
1.23112
1.21702
1.204
1.19186
1.18006
1.16767
1.15378
1.13795
1.12073
1.10355
1.08888
1.07933
1.07727
1.08398
1.0997
1.12343
1.15327
1.18614
1.21845
1.24616
1.2659
1.27529
1.27371
1.2625
1.24441
1.22317
1.20229
1.18423
1.16995
1.15955
1.15283
1.14989
1.15113
1.15663
1.16541
1.17545
1.18395
1.18869
1.1885
1.18393
1.17691
1.16989
1.16476
1.16225
1.16197
1.16282
1.16385
1.1646
1.16587
1.16892
1.17542
1.18633
1.20121
1.21887
1.23768
1.25639
1.27425
1.29068
1.30526
1.31692
1.32416
1.32503
1.31758
1.30065
1.27439
1.24026
1.20085
1.15875
1.11671
1.07785
1.04624
1.02634
1.02221
1.03468
1.06136
1.0974
1.13736
1.17661
1.21148
1.2391
1.25784
1.26738
1.26837
1.26265
1.25274
1.24151
1.2321
1.22724
1.2284
1.23502
1.24407
1.25098
1.25126
1.24229
1.22455
1.2018
1.18057
1.1674
1.16585
1.17427
1.18734
1.19926
1.20568
1.20456
1.19604
1.18229
1.16698
1.15385
1.14608
1.14524
1.15133
1.16324
1.17938
1.19777
1.21631
1.23349
1.24839
1.26067
1.27044
1.27736
1.28102
1.28115
1.27845
1.27416
1.26894
1.26243
1.25346
1.24097
1.2256
1.20964
1.19609
1.1877
1.18583
1.19002
1.19768
1.20521
1.20902
1.20652
1.19689
1.18091
1.16076
1.13963
1.12063
1.10644
1.09903
1.09908
1.10597
1.11834
1.13434
1.15274
1.17273
1.1932
1.21307
1.23052
1.24343
1.25017
1.24978
1.24197
1.2276
1.20829
1.1862
1.16395
1.14438
1.13024
1.12383
1.12647
1.138
1.15672
1.17944
1.20211
1.22093
1.23334
1.23867
1.23808
1.23464
1.23159
1.23073
1.23185
1.23302
1.23159
1.22521
1.21255
1.19416
1.17228
1.15039
1.13262
1.12267
1.12295
1.13353
1.15209
1.17478
1.19791
1.2195
1.23941
1.25892
1.27917
1.29911
1.31573
1.32559
1.32668
1.31871
1.30319
1.28306
1.26154
1.24174
1.22594
1.21505
1.20857
1.2045
1.20043
1.19368
1.18242
1.16596
1.14505
1.12179
1.09887
1.07902
1.06447
1.05624
1.05389
1.05582
1.0601
1.06538
1.07089
1.07645
1.08194
1.0873
1.09279
1.09904
1.1073
1.11902
1.13541
1.15718
1.18431
1.21605
1.25106
1.28679
1.31935
1.34417
1.3574
1.35703
1.3436
1.31979
1.28958
1.25698
1.22512
1.19619
1.17261
1.15781
1.1551
1.16563
1.18678
1.21298
1.23813
1.25743
1.268
1.26901
1.26132
1.24726
1.22984
1.21216
1.19635
1.18334
1.17304
1.16478
1.15749
1.15019
1.14226
1.13371
1.12571
1.12047
1.12057
1.12791
1.14305
1.16452
1.18936
1.21375
1.23358
1.24586
1.24912
1.24388
1.2321
1.21641
1.19914
1.18186
1.16559
1.15128
1.13994
1.13286
1.13098
1.1347
1.14326
1.15566
1.17074
1.18761
1.20579
1.22519
1.2454
1.26565
1.28483
1.30141
1.31369
1.32027
1.32011
1.31305
1.30031
1.28339
1.264
1.2429
1.22023
1.19613
1.17164
1.14878
1.12978
1.11622
1.10855
1.1063
1.10856
1.11463
1.12392
1.13584
1.14948
1.16366
1.17696
1.18822
1.19648
1.2016
1.20391
1.20427
1.20344
1.20204
1.20047
1.19901
1.19771
1.1965
1.19553
1.1953
1.19678
1.20109
1.2085
1.21844
1.22901
1.23815
1.2441
1.24611
1.24457
1.24098
1.23722
1.23473
1.23391
1.23358
1.23169
1.22607
1.21564
1.20094
1.184
1.1677
1.15495
1.14804
1.14784
1.15344
1.16236
1.17092
1.17552
1.17365
1.16507
1.15203
1.13866
1.1289
1.12511
1.12725
1.13362
1.14206
1.15105
1.1594
1.16683
1.17369
1.18047
1.18762
1.195
1.2013
1.20485
1.20408
1.19854
1.18912
1.17761
1.16644
1.15766
1.15279
1.15278
1.15861
1.17147
1.19197
1.21927
1.25047
1.28078
1.30524
1.32009
1.3244
1.31957
1.30849
1.2949
1.28236
1.27269
1.26555
1.25911
1.25162
1.24261
1.23273
1.22263
1.21308
1.20445
1.19722
1.19193
1.18932
1.18979
1.19309
1.19817
1.20312
1.20586
1.20473
1.19938
1.19086
1.1815
1.17403
1.17047
1.17181
1.17755
1.18581
1.19438
1.2017
1.20701
1.21082
1.21397
1.21731
1.22076
1.22378
1.22528
1.22423
1.21998
1.21256
1.20265
1.19126
1.17942
1.16824
1.15854
1.1514
1.1481
1.14994
1.15768
1.17119
1.18911
1.20919
1.22886
1.24519
1.25605
1.26034
1.25829
1.2513
1.24093
1.22776
1.21126
1.19063
1.1662
1.14002
1.1156
1.09675
1.08658
1.08659
1.09661
1.11528
1.14049
1.16984
1.20066
1.23041
1.25685
1.27819
1.29321
1.30148
1.30315
1.29862
1.28841
1.27342
1.25483
1.23468
1.21498
1.19703
1.18085
1.1658
1.15147
1.13832
1.12809
1.12285
1.124
1.13132
1.14311
1.15648
1.16926
1.18085
1.1925
1.20566
1.21977
1.23215
1.23896
1.23756
1.22691
1.20822
1.18444
1.15995
1.13956
1.12769
1.12673
1.13674
1.15509
1.17709
1.19769
1.21282
1.22144
1.2251
1.22674
1.22901
1.23312
1.2389
1.24535
1.25108
1.25485
1.25515
1.25074
1.24102
1.22597
1.20694
1.18623
1.16671
1.15096
1.14088
1.13773
1.14219
1.15402
1.17193
1.19325
1.21465
1.23336
1.24799
1.25917
1.26862
1.27759
1.28536
1.28997
1.28933
1.28332
1.27348
1.26212
1.25092
1.24003
1.22828
1.21404
1.19599
1.17403
1.14947
1.12461
1.10214
1.08459
1.07412
1.07199
1.07855
1.09306
1.11374
1.13791
1.16254
1.18461
1.20179
1.21289
1.2183
1.21938
1.21758
1.21373
1.20776
1.19919
1.18779
1.1739
1.15846
1.14275
1.12845
1.11796
1.11517
1.1239
1.14435
1.17116
1.19614
1.21326
1.22014
1.21746
1.20681
1.19071
1.17259
1.15654
1.14676
1.14603
1.155
1.17192
1.19333
1.21531
1.2341
1.24752
1.25463
1.25614
1.25403
1.25051
1.24723
1.24481
1.24241
1.23866
1.23223
1.22246
1.20966
1.1955
1.18291
1.17545
1.17632
1.18719
1.20693
1.23235
1.25916
1.28347
1.30244
1.31425
1.31815
1.31435
1.30386
1.28813
1.26915
1.24859
1.22791
1.20776
1.18859
1.17079
1.15516
1.14279
1.13439
1.13016
1.12954
1.13122
1.13379
1.13646
1.13861
1.1397
1.13878
1.13507
1.12821
1.11889
1.10881
1.0998
1.09354
1.09113
1.09294
1.09901
1.10921
1.12307
1.13947
1.15666
1.17229
1.18419
1.19128
1.1941
1.1945
1.19497
1.19753
1.20303
1.21103
1.22048
1.23047
1.24066
1.25119
1.26207
1.27242
1.28106
1.28651
1.28785
1.28448
1.27656
1.26433
1.24826
1.22945
1.20969
1.19138
1.17746
1.17023
1.1707
1.17845
1.19165
1.20754
1.22337
1.2365
1.24461
1.24609
1.23996
1.22706
1.20974
1.19197
1.17762
1.16899
1.16641
1.16816
1.17218
1.17663
1.18059
1.18388
1.18647
1.18828
1.18891
1.18802
1.18577
1.18294
1.18041
1.17886
1.17797
1.177
1.17507
1.17209
1.16915
1.16837
1.17179
1.18049
1.19383
1.20968
1.22516
1.23773
1.2456
1.24762
1.24364
1.23417
1.22057
1.20452
1.18796
1.17259
1.1597
1.15029
1.14488
1.1436
1.1469
1.15553
1.16992
1.18954
1.21223
1.23489
1.25431
1.26829
1.27546
1.27577
1.26968
1.25855
1.2443
1.22927
1.21581
1.20575
1.19961
1.19712
1.19779
1.20184
1.20929
1.21947
1.23044
1.23953
1.24451
1.24449
1.23996
1.23245
1.22354
1.21463
1.20702
1.20173
1.19953
1.20042
1.20342
1.20697
1.20928
1.20933
1.20651
1.20089
1.19308
1.18372
1.17342
1.16272
1.15145
1.1395
1.12702
1.11522
1.10655
1.10392
1.10985
1.12494
1.1478
1.17553
1.20447
1.23124
1.25316
1.26833
1.27521
1.27265
1.25966
1.23629
1.20405
1.16644
1.1287
1.0969
1.07623
1.06939
1.07598
1.09335
1.11761
1.14417
1.1688
1.1879
1.19905
1.20127
1.19476
1.18065
1.1614
1.1405
1.12276
1.1136
1.11737
1.1341
1.15908
1.18519
1.20616
1.21883
1.2231
1.22114
1.21635
1.21236
1.2117
1.2157
1.22385
1.23444
1.24499
1.25313
1.2575
1.25815
1.25611
1.25362
1.25272
1.25471
1.2594
1.26522
1.27015
1.27243
1.27107
1.26565
1.25613
1.24276
1.22635
1.20835
1.19079
1.17594
1.1658
1.16144
1.16262
1.168
1.17522
1.18181
1.18619
1.18743
1.18545
1.18085
1.17419
1.16646
1.15899
1.15368
1.15237
1.15615
1.16496
1.17729
1.19034
1.2009
1.20609
1.20444
1.19639
1.18451
1.17227
1.16285
1.15869
1.16122
1.17088
1.18619
1.20389
1.22007
1.2314
1.23588
1.23252
1.22191
1.20589
1.18739
1.16994
1.15629
1.14812
1.14614
1.15048
1.16116
1.17735
1.19734
1.21847
1.23757
1.25202
1.26011
1.26118
1.25568
1.24467
1.22967
1.21219
1.19345
1.17453
1.1562
1.13897
1.1234
1.11034
1.10083
1.09605
1.09711
1.10457
1.11829
1.13732
1.16026
1.18538
1.21094
1.23533
1.25692
1.2742
1.28551
1.28952
1.28587
1.27599
1.26223
1.24812
1.23674
1.22991
1.22712
1.22665
1.22652
1.22528
1.22271
1.21938
1.21605
1.2133
1.21125
1.20975
1.2087
1.20813
1.2087
1.2113
1.21691
1.22557
1.2361
1.24629
1.25376
1.25667
1.25363
1.24423
1.22869
1.20725
1.18028
1.1479
1.11054
1.0699
1.03006
0.997651
0.980104
0.982194
1.00368
1.03913
1.08065
1.12098
1.15473
1.17864
1.19153
1.19429
1.18947
1.18092
1.17282
1.16906
1.17187
1.18202
1.19868
1.22002
1.24378
1.26766
1.2893
1.3069
1.31926
1.3261
1.32792
1.32531
1.31909
1.3094
1.29596
1.27851
1.25722
1.23328
1.20913
1.18759
1.17137
1.16202
1.15987
1.16381
1.17226
1.18333
1.19506
1.20541
1.21283
1.21732
1.22049
1.22427
1.23001
1.23728
1.24425
1.2487
1.24927
1.24562
1.23829
1.22821
1.21679
1.20529
1.19486
1.18663
1.18152
1.18017
1.18301
1.18968
1.19861
1.20774
1.21425
1.2154
1.20966
1.19693
1.17954
1.16091
1.14444
1.1319
1.12272
1.11542
1.10905
1.10388
1.10132
1.10346
1.1118
1.12695
1.14809
1.17301
1.19893
1.22225
1.24016
1.25112
1.25558
1.25583
1.25474
1.25392
1.25371
1.25318
1.2513
1.24753
1.24232
1.23703
1.23322
1.23207
1.23346
1.23592
1.23695
1.23459
1.22782
1.21742
1.20524
1.19346
1.18401
1.17783
1.17466
1.1732
1.17172
1.16859
1.16289
1.15459
1.1445
1.13374
1.1236
1.11467
1.10729
1.10166
1.09771
1.09535
1.09436
1.09465
1.09611
1.09887
1.10328
1.1097
1.1186
1.13017
1.14401
1.15906
1.17351
1.18569
1.19456
1.20032
1.20483
1.21106
1.22205
1.23921
1.26155
1.2863
1.3096
1.32793
1.3387
1.34097
1.335
1.32188
1.30265
1.27828
1.24972
1.21835
1.18658
1.15736
1.1335
1.11709
1.10851
1.10721
1.11191
1.12127
1.13391
1.14845
1.16333
1.17706
1.18819
1.19561
1.19869
1.19711
1.19119
1.18173
1.16989
1.15689
1.14408
1.13291
1.12463
1.12051
1.12155
1.12803
1.13939
1.15426
1.17077
1.18714
1.20216
1.21562
1.22786
1.23984
1.25266
1.26708
1.28318
1.3
1.31607
1.32936
1.33677
1.33527
1.32297
1.3002
1.26949
1.23465
1.19972
1.16762
1.14054
1.1196
1.10523
1.09822
1.09892
1.10689
1.12073
1.13788
1.15548
1.17119
1.18395
1.19371
1.20095
1.20621
1.20977
1.21161
1.21192
1.21114
1.21003
1.20944
1.20988
1.21189
1.21535
1.22034
1.22649
1.23364
1.24161
1.25032
1.26011
1.27164
1.28491
1.29762
1.30525
1.30346
1.29005
1.26594
1.23445
1.19975
1.16567
1.13475
1.10829
1.08692
1.07131
1.06217
1.06031
1.06581
1.07794
1.0952
1.11629
1.13992
1.16515
1.19123
1.21711
1.24132
1.26208
1.27731
1.28591
1.28761
1.28314
1.27423
1.26283
1.25088
1.24031
1.23313
1.23058
1.2334
1.24077
1.25025
1.25838
1.26168
1.25831
1.24863
1.23515
1.22126
1.20956
1.20119
1.19554
1.19095
1.18546
1.17738
1.16614
1.15232
1.13801
1.12626
1.12018
1.12139
1.12955
1.14302
1.15963
1.17784
1.1967
1.21539
1.23307
1.24844
1.25981
1.26541
1.26396
1.25485
1.23875
1.21802
1.1961
1.17708
1.16426
1.15934
1.16141
1.16783
1.17547
1.1815
1.18484
1.18546
1.18499
1.18535
1.18831
1.19493
1.2053
1.21865
1.23353
1.24815
1.26058
1.26899
1.27199
1.26821
1.2567
1.23709
1.21062
1.17983
1.14853
1.12082
1.09988
1.08724
1.08262
1.08412
1.08947
1.09689
1.10567
1.11583
1.12789
1.14229
1.15939
1.17903
1.20051
1.22237
1.24252
1.25876
1.26899
1.27152
1.26556
1.25108
1.22894
1.20129
1.17111
1.14213
1.11791
1.10161
1.09521
1.09973
1.11524
1.14134
1.17683
1.21917
1.26455
1.3082
1.34572
1.37301
1.38724
1.38643
1.37032
1.34055
1.30076
1.2562
1.21212
1.17221
1.13841
1.11181
1.09396
1.08735
1.0941
1.11443
1.14525
1.18016
1.21124
1.23207
1.23933
1.23384
1.21922
1.20039
1.1821
1.16851
1.16248
1.16495
1.17471
1.18935
1.20621
1.22291
1.23771
1.24908
1.25567
1.25648
1.25102
1.2402
1.22618
1.21192
1.20023
1.19237
1.18818
1.18626
1.18561
1.18614
1.1889
1.1952
1.20546
1.21886
1.23359
1.24743
1.25879
1.26707
1.27222
1.27483
1.27522
1.27292
1.26708
1.25679
1.24134
1.22016
1.19331
1.16108
1.12546
1.08993
1.05946
1.03952
1.03446
1.04626
1.07404
1.11393
1.16016
1.20648
1.24727
1.27853
1.29816
1.30538
1.30088
1.28631
1.26429
1.23792
1.2111
1.18823
1.17313
1.16824
1.17332
1.18557
1.20095
1.21566
1.22698
1.23371
1.23592
1.23459
1.23102
1.22655
1.22181
1.21715
1.21246
1.20808
1.20452
1.20242
1.20234
1.20443
1.20833
1.21316
1.21762
1.22072
1.22139
1.21897
1.21318
1.20442
1.19392
1.1832
1.17376
1.16651
1.16152
1.15846
1.15739
1.15922
1.16501
1.17524
1.18944
1.20587
1.22213
1.23557
1.24378
1.24514
1.23892
1.22562
1.20678
1.18469
1.16223
1.14247
1.12804
1.12046
1.11988
1.12498
1.13355
1.14332
1.15244
1.1601
1.16623
1.17139
1.1761
1.18116
1.18655
1.19193
1.19688
1.20061
1.20261
1.20286
1.20197
1.20123
1.20179
1.20428
1.2088
1.21485
1.22174
1.22849
1.23391
1.23726
1.23859
1.23877
1.23919
1.24133
1.24617
1.25357
1.26247
1.27096
1.27661
1.27741
1.27157
1.25837
1.2379
1.21155
1.18187
1.15257
1.12797
1.11203
1.10702
1.11309
1.12841
1.14985
1.17368
1.19638
1.21516
1.2284
1.23544
1.2368
1.23368
1.22791
1.22167
1.21686
1.21515
1.21715
1.22272
1.23052
1.23857
1.24462
1.24625
1.24178
1.23021
1.21175
1.18741
1.15937
1.1305
1.10443
1.08413
1.07236
1.07056
1.07893
1.09664
1.12252
1.15507
1.1923
1.23185
1.27098
1.3068
1.33599
1.35512
1.3613
1.35329
1.33158
1.29867
1.25887
1.21726
1.17899
1.14827
1.12756
1.11725
1.11564
1.11959
1.12565
1.13101
1.13395
1.13377
1.13082
1.12664
1.12355
1.12415
1.13095
1.1452
1.16682
1.19405
1.22388
1.2526
1.27655
1.29318
1.30145
1.30231
1.29838
1.29297
1.28873
1.28635
1.28488
1.28191
1.27536
1.26412
1.24826
1.22943
1.21047
1.19529
1.18759
1.18963
1.20083
1.21763
1.23428
1.24489
1.24487
1.23205
1.20718
1.17369
1.13696
1.10279
1.07622
1.06031
1.05589
1.06137
1.07398
1.09031
1.10732
1.12283
1.13596
1.14715
1.15752
1.16837
1.1802
1.19262
1.20413
1.21294
1.21776
1.21835
1.21563
1.21118
1.20638
1.20246
1.19996
1.19949
1.20153
1.20606
1.2125
1.21975
1.22661
1.23151
1.23276
1.22902
1.21934
1.20394
1.18442
1.16387
1.1459
1.1341
1.13086
1.13725
1.15254
1.17476
1.20112
1.22843
1.25356
1.2742
1.28868
1.29594
1.29586
1.28881
1.27526
1.25623
1.23335
1.20916
1.18701
1.17022
1.16045
1.15793
1.16115
1.16803
1.17644
1.18548
1.19494
1.20491
1.21496
1.22325
1.22767
1.22669
1.22051
1.21119
1.20169
1.19489
1.19188
1.19182
1.1921
1.19019
1.1849
1.17726
1.16964
1.16485
1.1648
1.17004
1.17983
1.19277
1.20753
1.22309
1.23836
1.2516
1.26081
1.26436
1.26147
1.25247
1.23907
1.22392
1.21009
1.20028
1.19643
1.19918
1.20803
1.22107
1.23541
1.24771
1.25497
1.25497
1.24668
1.23073
1.20966
1.18773
1.1696
1.15948
1.15967
1.17036
1.1893
1.21301
1.23706
1.25684
1.26842
1.26951
1.25971
1.24088
1.2164
1.19054
1.16716
1.14847
1.13505
1.12612
1.12035
1.11639
1.11345
1.11113
1.10957
1.10936
1.1113
1.11621
1.12475
1.13776
1.15534
1.1765
1.19906
1.21973
1.23501
1.24213
1.23976
1.2287
1.21192
1.19447
1.1819
1.17853
1.1856
1.20082
1.21977
1.23812
1.25325
1.26484
1.27394
1.28198
1.28944
1.29582
1.3
1.30053
1.29606
1.28516
1.26699
1.24172
1.21082
1.17774
1.14724
1.12427
1.11241
1.11259
1.12288
1.13932
1.15704
1.17196
1.18167
1.18664
1.18899
1.19125
1.19512
1.20145
1.21026
1.22148
1.23474
1.24923
1.26342
1.27515
1.28228
1.28347
1.27863
1.26815
1.25297
1.23354
1.21057
1.18461
1.15688
1.12915
1.10387
1.08375
1.07131
1.06848
1.0761
1.09368
1.1195
1.15061
1.18315
1.21313
1.23726
1.25361
1.26222
1.26484
1.26429
1.26324
1.26357
1.26554
1.26898
1.27351
1.27921
1.28615
1.29384
1.30143
1.30794
1.3117
1.31106
1.30455
1.29152
1.27247
1.24914
1.22418
1.20031
1.17979
1.16355
1.15111
1.14098
1.13137
1.12114
1.1105
1.10097
1.09452
1.09279
1.09614
1.10387
1.11429
1.1257
1.13645
1.14562
1.15295
1.15874
1.16382
1.16896
1.17449
1.18058
1.18697
1.19318
1.19824
1.20063
1.19872
1.19125
1.17855
1.16283
1.14778
1.13774
1.1362
1.14435
1.16048
1.18136
1.20354
1.22454
1.24293
1.25798
1.26887
1.27484
1.27514
1.26963
1.25865
1.24312
1.22433
1.20399
1.18399
1.16595
1.15136
1.14114
1.1358
1.13628
1.14351
1.15849
1.18128
1.21092
1.24516
1.28097
1.31508
1.34439
1.36638
1.37921
1.3823
1.376
1.36171
1.34107
1.31566
1.28671
1.25504
1.22159
1.18735
1.15396
1.12295
1.09552
1.07239
1.05444
1.04271
1.03867
1.04306
1.05527
1.07287
1.09272
1.11179
1.12808
1.14068
1.14989
1.15636
1.16103
1.16438
1.16665
1.1682
1.1692
1.16992
1.16981
1.16843
1.1653
1.16114
1.15767
1.15686
1.15979
1.16615
1.17437
1.18254
1.18917
1.19284
1.19287
1.18948
1.1838
1.17754
1.17266
1.17039
1.17116
1.1747
1.1804
1.18757
1.19561
1.20443
1.21446
1.22677
1.24271
1.26242
1.28468
1.30718
1.3272
1.34289
1.35361
1.35918
1.3593
1.35281
1.33769
1.31219
1.27669
1.23464
1.1925
1.15764
1.13512
1.12597
1.12794
1.13763
1.15115
1.1649
1.1755
1.18006
1.17715
1.1676
1.15527
1.14622
1.14631
1.15711
1.17452
1.19187
1.20369
1.20765
1.20474
1.19805
1.19126
1.18695
1.18574
1.1862
1.18577
1.18262
1.1763
1.16792
1.15921
1.15216
1.14806
1.14757
1.15052
1.15615
1.16373
1.17264
1.18239
1.19245
1.20235
1.21161
1.22026
1.22861
1.23709
1.24526
1.25207
1.25583
1.25502
1.24901
1.23805
1.22327
1.20633
1.18923
1.17416
1.16281
1.15585
1.1529
1.15277
1.1545
1.15763
1.16224
1.16883
1.17738
1.18729
1.19717
1.20508
1.20887
1.20691
1.19859
1.18468
1.16715
1.14888
1.13295
1.12261
1.12103
1.13073
1.15224
1.18295
1.21783
1.25123
1.27859
1.29707
1.30557
1.30447
1.29473
1.27804
1.25654
1.23255
1.20908
1.18882
1.17368
1.16436
1.1603
1.16014
1.16211
1.16441
1.1657
1.16504
1.16258
1.15906
1.15603
1.15522
1.15807
1.16564
1.17813
1.19467
1.21336
1.2316
1.2467
1.25654
1.2599
1.25657
1.24671
1.23142
1.2125
1.19225
1.17359
1.15899
1.15021
1.14751
1.14978
1.15495
1.16102
1.16669
1.17177
1.17683
1.18226
1.18803
1.19386
1.19968
1.20546
1.21111
1.21617
1.22018
1.22257
1.22251
1.2191
1.21167
1.20036
1.18638
1.17126
1.15715
1.14571
1.13836
1.13567
1.1378
1.14427
1.1541
1.16629
1.18028
1.19594
1.21353
1.23312
1.25384
1.27387
1.291
1.3039
1.31252
1.31764
1.31979
1.31892
1.31393
1.30363
1.28765
1.26741
1.2448
1.22197
1.20029
1.18088
1.16456
1.15144
1.14087
1.13218
1.12493
1.11919
1.11543
1.11455
1.11709
1.12352
1.1334
1.14558
1.15848
1.17088
1.18225
1.19302
1.20425
1.21682
1.23115
1.24624
1.25999
1.27011
1.27474
1.27262
1.26352
1.24821
1.22885
1.20802
1.18853
1.17256
1.16125
1.15431
1.15076
1.14945
1.15008
1.1528
1.15852
1.16784
1.18011
1.19376
1.20666
1.21648
1.22134
1.22031
1.21341
1.20171
1.18737
1.17381
1.16476
1.16366
1.17225
1.18973
1.21332
1.23873
1.26185
1.27989
1.29221
1.29956
1.30317
1.30338
1.29984
1.29186
1.27953
1.26353
1.24448
1.2227
1.19827
1.17143
1.14409
1.11879
1.09869
1.08636
1.08333
1.09008
1.10565
1.12807
1.154
1.17972
1.20219
1.22006
1.23463
1.2491
1.26624
1.28612
1.30566
1.3204
1.32716
1.32491
1.31463
1.29866
1.2799
1.26079
1.24291
1.22693
1.21221
1.1978
1.18317
1.16848
1.15468
1.14269
1.13328
1.12697
1.12424
1.12575
1.13179
1.14199
1.15535
1.17048
1.18579
1.19988
1.21123
1.21802
1.21891
1.21372
1.20351
1.19043
1.17729
1.16691
1.16145
1.16214
1.16877
1.17981
1.1927
1.20458
1.21329
1.21797
1.21897
1.21768
1.21579
1.21457
1.21511
1.21747
1.22112
1.22536
1.22944
1.2324
1.23322
1.23098
1.22495
1.21513
1.20243
1.1887
1.17585
1.16555
1.15913
1.15747
1.1612
1.1703
1.18413
1.20076
1.21737
1.23163
1.24195
1.24835
1.25172
1.25309
1.25328
1.25259
1.2511
1.2487
1.24528
1.24062
1.23443
1.22641
1.21681
1.20628
1.19621
1.18818
1.18323
1.18144
1.18187
1.18284
1.18246
1.17981
1.17468
1.16819
1.16178
1.15635
1.15236
1.14914
1.14579
1.14199
1.1377
1.1334
1.12952
1.12589
1.12194
1.11672
1.10983
1.10228
1.09611
1.09457
1.1003
1.11479
1.13752
1.16676
1.20016
1.23514
1.26938
1.30054
1.3261
1.34362
1.35125
1.34744
1.33195
1.30594
1.27196
1.23394
1.19611
1.16256
1.13624
1.11809
1.10751
1.10342
1.10443
1.1098
1.11879
1.1305
1.14365
1.15704
1.16998
1.18193
1.19278
1.20217
1.20942
1.21379
1.21525
1.21458
1.21296
1.21162
1.21089
1.21047
1.20975
1.20803
1.2051
1.20131
1.19813
1.198
1.20356
1.2169
1.23839
1.26646
1.29787
1.32826
1.35268
1.36717
1.36896
1.35719
1.33247
1.29764
1.25636
1.21321
1.17232
1.13658
1.10757
1.08615
1.07346
1.07081
1.07816
1.09274
1.11004
1.12608
1.13899
1.14906
1.15805
1.16792
1.18001
1.19436
1.21011
1.22609
1.24131
1.25558
1.2691
1.28188
1.29329
1.30214
1.30725
1.30791
1.30401
1.29522
1.28121
1.26239
1.23958
1.21497
1.19175
1.17336
1.16232
1.15909
1.16247
1.17014
1.17965
1.1898
1.20009
1.21099
1.22314
1.23677
1.25106
1.26366
1.27139
1.27104
1.26038
1.23973
1.2116
1.18052
1.15164
1.12976
1.11781
1.11664
1.12483
1.13947
1.15686
1.17307
1.18473
1.18942
1.18627
1.176
1.1612
1.14567
1.13364
1.12791
1.12926
1.13601
1.1453
1.15379
1.15883
1.15883
1.15365
1.14508
1.13662
1.13279
1.13756
1.15281
1.17706
1.20621
1.23593
1.26286
1.28516
1.30158
1.31125
1.31287
1.30603
1.29118
1.27009
1.24536
1.22
1.19678
1.17768
1.16371
1.1549
1.15082
1.15083
1.15464
1.16199
1.17235
1.1848
1.19772
1.20931
1.21784
1.22221
1.22161
1.21622
1.20719
1.19664
1.18758
1.18322
1.18605
1.19687
1.2148
1.23715
1.26
1.27913
1.29079
1.29272
1.28472
1.2689
1.24921
1.2302
1.21583
1.20784
1.20571
1.20694
1.20837
1.2076
1.2035
1.19674
1.18908
1.18277
1.17946
1.17936
1.18128
1.18293
1.18208
1.17708
1.16794
1.15578
1.1426
1.13052
1.12124
1.1156
1.11324
1.11334
1.11499
1.11798
1.12292
1.13067
1.14189
1.15646
1.17362
1.19229
1.21147
1.23053
1.24869
1.26462
1.27654
1.28218
1.27991
1.2689
1.24998
1.22566
1.19973
1.17664
1.16055
1.15398
1.15808
1.1719
1.19323
1.21872
1.24488
1.26848
1.28729
1.29981
1.30528
1.30314
1.2934
1.27649
1.25341
1.22592
1.19701
1.17034
1.14915
1.13515
1.12805
1.12591
1.12613
1.12652
1.12593
1.12429
1.12258
1.12253
1.12636
1.13612
1.1528
1.17621
1.20445
1.23448
1.26269
1.28555
1.30045
1.30573
1.30124
1.28789
1.26768
1.2435
1.21866
1.19635
1.17895
1.16765
1.16209
1.16097
1.16241
1.16456
1.16597
1.16545
1.16248
1.15735
1.15114
1.14563
1.14259
1.14342
1.14829
1.15584
1.16391
1.17014
1.1739
1.1759
1.17819
1.18324
1.19245
1.20551
1.22
1.23261
1.24062
1.24298
1.24083
1.23657
1.2332
1.23307
1.23748
1.24609
1.25771
1.27021
1.2817
1.29074
1.29646
1.29809
1.29546
1.28811
1.27625
1.26086
1.24385
1.22768
1.21452
1.205
1.19786
1.19099
1.1827
1.17295
1.16352
1.15743
1.15719
1.16343
1.17451
1.18688
1.19687
1.20168
1.2005
1.19418
1.18487
1.17525
1.16784
1.16449
1.16632
1.17343
1.18491
1.19903
1.21326
1.22551
1.23401
1.23815
1.2382
1.23476
1.22839
1.2196
1.2086
1.19555
1.18098
1.166
1.15228
1.14174
1.13646
1.13762
1.14516
1.15762
1.17225
1.18564
1.19503
1.19892
1.19751
1.19255
1.18656
1.18234
1.18175
1.18549
1.1929
1.20278
1.21353
1.2236
1.23183
1.23715
1.23863
1.236
1.22934
1.21931
1.20728
1.19487
1.18425
1.17759
1.17641
1.18088
1.18943
1.19987
1.20953
1.2165
1.21985
1.21973
1.21699
1.21256
1.20729
1.20184
1.19691
1.19278
1.1891
1.18549
1.18201
1.17894
1.17664
1.17488
1.17306
1.17032
1.16601
1.1599
1.15259
1.14504
1.13843
1.13371
1.13149
1.1328
1.1386
1.14969
1.16619
1.18715
1.21047
1.23385
1.25485
1.2716
1.28305
1.28882
1.28931
1.28571
1.27935
1.27147
1.26235
1.25163
1.23829
1.22171
1.20208
1.1807
1.15969
1.14121
1.12672
1.11638
1.10896
1.10297
1.09764
1.0932
1.09104
1.09272
1.09941
1.11121
1.12732
1.14653
1.16759
1.18944
1.21093
1.23091
1.24823
1.26196
1.27149
1.27713
1.27939
1.2793
1.27744
1.2742
1.26911
1.26136
1.25015
1.23484
1.21587
1.19434
1.17187
1.15049
1.13246
1.12012
1.11573
1.12094
1.13599
1.15926
1.18721
1.2158
1.24143
1.26146
1.27461
1.28037
1.27883
1.27066
1.25677
1.23877
1.21847
1.19825
1.18057
1.16754
1.16053
1.1595
1.16304
1.16921
1.17609
1.18228
1.18727
1.19109
1.19345
1.19386
1.19166
1.18654
1.1785
1.16845
1.15819
1.15009
1.14651
1.14865
1.15607
1.16689
1.17841
1.18777
1.19275
1.19221
1.18666
1.17808
1.16922
1.16292
1.16124
1.16496
1.17358
1.18555
1.19883
1.21113
1.22064
1.22616
1.22787
1.22669
1.22404
1.22168
1.22123
1.22419
1.23097
1.24083
1.2515
1.26037
1.26477
1.26328
1.2556
1.24329
1.22886
1.21553
1.20623
1.20279
1.20567
1.2139
1.22562
1.23841
1.25009
1.25887
1.2642
1.26624
1.26554
1.26237
1.2565
1.24703
1.23308
1.21475
1.19333
1.17112
1.15086
1.13557
1.1283
1.13149
1.14564
1.16893
1.19697
1.22435
1.2459
1.25813
1.25906
1.24908
1.22996
1.20417
1.17498
1.1455
1.11867
1.09692
1.08197
1.07484
1.07543
1.08348
1.09859
1.12
1.14588
1.17287
1.19771
1.21851
1.23472
1.24729
1.25749
1.26629
1.2741
1.28105
1.28738
1.29294
1.29768
1.30123
1.3028
1.3012
1.29483
1.28241
1.26344
1.23942
1.21327
1.18865
1.16852
1.1549
1.1489
1.15046
1.15881
1.17215
1.18788
1.20279
1.21373
1.21803
1.21445
1.20374
1.18843
1.17212
1.15849
1.15035
1.14933
1.15572
1.16843
1.18536
1.20401
1.22182
1.23672
1.2476
1.25404
1.25648
1.25554
1.25191
1.24571
1.23649
1.22386
1.20757
1.1883
1.16745
1.14679
1.12773
1.11119
1.09803
1.08939
1.08681
1.09196
1.10605
1.12869
1.15783
1.18995
1.22088
1.2468
1.26495
1.27415
1.27522
1.27085
1.26472
1.2598
1.25736
1.25633
1.25477
1.25121
1.24544
1.23785
1.22885
1.2182
1.20569
1.19155
1.17741
1.16619
1.16062
1.16162
1.16786
1.1765
1.18458
1.19024
1.19285
1.19282
1.19123
1.18918
1.18765
1.18757
1.18968
1.19419
1.20106
1.20911
1.21653
1.22136
1.22261
1.22053
1.21665
1.21279
1.21084
1.21184
1.21581
1.22242
1.23077
1.24002
1.24972
1.2596
1.26994
1.2807
1.29066
1.29719
1.29714
1.28818
1.26978
1.24353
1.21261
1.18113
1.15362
1.13426
1.12596
1.12991
1.14563
1.17079
1.20194
1.23533
1.26707
1.29373
1.31232
1.32011
1.31507
1.29616
1.26417
1.22192
1.17397
1.12553
1.0814
1.045
1.01916
1.00581
1.00579
1.01808
1.04
1.06825
1.1
1.13297
1.16527
1.195
1.22144
1.24519
1.26727
1.28688
1.30123
1.30644
1.29973
1.28075
1.25202
1.21809
1.18445
1.1564
1.13771
1.12997
1.1324
1.14227
1.15589
1.16952
1.1802
1.18601
1.18667
1.18337
1.17852
1.17483
1.17491
1.18039
1.19229
1.21053
1.23412
1.26123
1.28929
1.31557
1.33767
1.35372
1.36218
1.36207
1.3527
1.33406
1.30703
1.27336
1.23572
1.19775
1.16345
1.13665
1.11966
1.11314
1.11535
1.12334
1.13378
1.1443
1.15408
1.16298
1.17044
1.17486
1.1746
1.16902
1.15929
1.14787
1.13782
1.13154
1.13069
1.1359
1.14679
1.16223
1.18094
1.20118
1.22135
1.2402
1.25672
1.27017
1.27992
1.28548
1.2866
1.28296
1.27401
1.25899
1.23752
1.21
1.178
1.14446
1.11289
1.08668
1.06826
1.05904
1.0595
1.06935
1.08775
1.11302
1.1425
1.17322
1.20211
1.22705
1.24672
1.26036
1.26737
1.26747
1.26107
1.2498
1.23611
1.22293
1.21296
1.20793
1.2085
1.21453
1.22533
1.23964
1.25612
1.27317
1.28881
1.30138
1.30907
1.31097
1.3068
1.2968
1.28137
1.26097
1.23596
1.20633
1.17256
1.13607
1.09906
1.06491
1.03699
1.01891
1.01293
1.0198
1.03807
1.06462
1.09505
1.12527
1.15215
1.17359
1.18856
1.19636
1.1967
1.18943
1.17557
1.15724
1.13763
1.1208
1.11045
1.10947
1.1191
1.1389
1.167
1.20033
1.2355
1.26894
1.29735
1.31827
1.33023
1.33308
1.3282
1.31813
1.30581
1.29354
1.28274
1.27383
1.26686
1.26205
1.25953
1.25848
1.25716
1.25273
1.24273
1.22622
1.20452
1.1806
1.15747
1.13703
1.11987
1.10654
1.0981
1.09598
1.10057
1.11076
1.12374
1.13609
1.14522
1.15059
1.15401
1.15889
1.16835
1.18349
1.20301
1.22459
1.2461
1.26638
1.28488
1.30081
1.31339
1.32139
1.32306
1.31673
1.30116
1.27631
1.24383
1.20696
1.16998
1.13665
1.10895
1.08707
1.07067
1.06003
1.05596
1.05928
1.07
1.08701
1.10866
1.13282
1.15684
1.17822
1.19472
1.20512
1.20944
1.20922
1.20715
1.20635
1.20897
1.21563
1.22573
1.23784
1.25052
1.26253
1.27285
1.28097
1.28715
1.29225
1.2974
1.30339
1.30998
1.31596
1.31927
1.31746
1.30839
1.29071
1.26423
1.23035
1.19219
1.15466
1.12395
1.10584
1.10325
1.11431
1.13316
1.15295
1.16859
1.17759
1.17997
1.17746
1.17286
1.16909
1.16865
1.17314
1.18277
1.19665
1.21313
1.22989
1.2448
1.25619
1.26313
1.26488
1.26074
1.25022
1.23403
1.21412
1.19337
1.17492
1.16132
1.1545
1.15531
1.16384
1.1787
1.19729
1.21613
1.23143
1.24002
1.23986
1.23049
1.2125
1.18756
1.15781
1.12611
1.09659
1.07473
1.06584
1.07298
1.09469
1.12558
1.15943
1.19214
1.22223
1.24961
1.27364
1.29284
1.30447
1.30623
1.29688
1.27737
1.25119
1.22353
1.20031
1.1855
1.1806
1.18427
1.19382
1.20629
1.21925
1.23149
1.24304
1.25454
1.26664
1.2794
1.29203
1.30281
1.30958
1.31068
1.30496
1.29217
1.27303
1.24898
1.22197
1.19433
1.16866
1.1473
1.13195
1.12342
1.12152
1.12532
1.13362
1.14498
1.15799
1.17112
1.18259
1.19072
1.19436
1.19321
1.18762
1.17833
1.16646
1.15304
1.13922
1.12644
1.11624
1.10988
1.10797
1.11031
1.11656
1.12612
1.13846
1.15282
1.16858
1.18547
1.2038
1.22428
1.24726
1.27253
1.2988
1.32458
1.3482
1.36843
1.38429
1.39448
1.39724
1.39023
1.37177
1.34175
1.30252
1.25899
1.21706
1.18147
1.15385
1.13272
1.11508
1.09911
1.08526
1.07582
1.07335
1.07964
1.09543
1.12034
1.15278
1.18965
1.22745
1.26226
1.29055
1.30976
1.31844
1.31635
1.30465
1.2856
1.26218
1.23788
1.21592
1.19899
1.18815
1.18313
1.18219
1.18286
1.18234
1.1784
1.16974
1.15667
1.14081
1.12469
1.11088
1.10188
1.09926
1.10269
1.10972
1.11692
1.1222
1.12595
1.13032
1.13772
1.14949
1.16499
1.18233
1.19954
1.21551
1.23012
1.24423
1.25902
1.27508
1.29239
1.30965
1.32513
1.33692
1.34386
1.34551
1.34237
1.33491
1.32409
1.31048
1.29443
1.27602
1.25516
1.23172
1.20586
1.178
1.14902
1.12011
1.09257
1.06795
1.04787
1.03413
1.02825
1.03093
1.04192
1.06011
1.0836
1.11018
1.13717
1.1621
1.18333
1.20077
1.21523
1.22802
1.24003
1.25116
1.2606
1.2671
1.26964
1.26767
1.26135
1.25129
1.23867
1.22509
1.2123
1.20156
1.19343
1.18769
1.1839
1.18207
1.18255
1.18613
1.19304
1.20252
1.21296
1.22202
1.22838
1.2316
1.2322
1.23157
1.2313
1.2326
1.23614
1.24179
1.24859
1.25493
1.25914
1.25958
1.25505
1.2449
1.22885
1.20733
1.18128
1.15312
1.12604
1.10409
1.09082
1.08884
1.09857
1.11855
1.14565
1.17554
1.20385
1.22643
1.24037
1.24407
1.23747
1.22186
1.19922
1.172
1.1427
1.11419
1.08873
1.06846
1.05504
1.04965
1.05265
1.06366
1.08141
1.10393
1.12878
1.1539
1.17801
1.20089
1.22334
1.24629
1.26983
1.2925
1.31154
1.32405
1.32803
1.32323
1.31155
1.29642
1.2817
1.27009
1.26235
1.25688
1.25052
1.23972
1.22202
1.1973
1.168
1.1392
1.11728
1.1076
1.11167
1.12662
1.1474
1.16876
1.18715
1.20064
1.20857
1.21117
1.20934
1.20433
1.19732
1.18947
1.18239
1.17795
1.1781
1.18419
1.19641
1.21342
1.23298
1.2519
1.2669
1.27509
1.27466
1.26457
1.24485
1.21693
1.18381
1.15006
1.12082
1.10033
1.09046
1.09042
1.09813
1.11157
1.12907
1.14926
1.17012
1.18938
1.20452
1.21333
1.21434
1.20702
1.19192
1.17107
1.14765
1.12636
1.11294
1.11251
1.12788
1.15839
1.19988
1.24619
1.2911
1.32956
1.35864
1.37688
1.38409
1.38066
1.36743
1.34571
1.31731
1.28455
1.25013
1.21647
1.18539
1.15802
1.13534
1.11806
1.10659
1.10107
1.10114
1.10633
1.11614
1.12984
1.14629
1.16395
1.18092
1.19497
1.2041
1.20682
1.20236
1.19141
1.17617
1.16041
1.14817
1.14301
1.14644
1.15778
1.1745
1.19339
1.21182
1.22795
1.24087
1.2501
1.25575
1.25887
1.26097
1.26367
1.26796
1.27348
1.27881
1.28236
1.28296
1.28028
1.27472
1.26695
1.25765
1.24727
1.2358
1.22246
1.2061
1.18615
1.1631
1.13883
1.11569
1.09609
1.08259
1.0783
1.08579
1.10528
1.13376
1.1663
1.19849
1.22687
1.24967
1.26638
1.27734
1.28351
1.28615
1.28632
1.28493
1.28257
1.27967
1.27622
1.27205
1.26682
1.2601
1.25135
1.23998
1.22566
1.20849
1.18916
1.1692
1.15107
1.1372
1.12902
1.12627
1.12669
1.12702
1.12491
1.12028
1.1158
1.11563
1.12369
1.14119
1.16627
1.19528
1.22415
1.24963
1.26975
1.28327
1.28989
1.28987
1.28384
1.27286
1.25777
1.23915
1.21791
1.19538
1.17361
1.15496
1.14109
1.13306
1.1309
1.13409
1.1413
1.15037
1.15832
1.16202
1.15959
1.15105
1.13867
1.12645
1.11888
1.11944
1.12959
1.14885
1.17491
1.20425
1.23281
1.25693
1.27433
1.28419
1.28724
1.2853
1.2805
1.27504
1.27067
1.26811
1.26656
1.2639
1.25773
1.24603
1.2284
1.20582
1.18063
1.15558
1.13356
1.11687
1.10728
1.10556
1.11131
1.12307
1.1388
1.15644
1.17441
1.19247
1.21151
1.23225
1.25447
1.27655
1.29589
1.31016
1.3178
1.31779
1.31031
1.2967
1.27926
1.26126
1.24563
1.23408
1.22661
1.22161
1.21687
1.21073
1.20304
1.19507
1.18898
1.18674
1.18922
1.19603
1.2056
1.21584
1.22445
1.22913
1.2275
1.21781
1.19942
1.17379
1.14481
1.11827
1.10036
1.0951
1.10293
1.12108
1.1446
1.16817
1.188
1.20196
1.20957
1.21103
1.2067
1.19703
1.18281
1.16522
1.14611
1.12703
1.10949
1.09444
1.08267
1.07491
1.07131
1.07149
1.07463
1.07969
1.08598
1.09326
1.10187
1.1126
1.12604
1.14277
1.16325
1.18765
1.21539
1.2448
1.27296
1.29645
1.3123
1.31838
1.31447
1.30229
1.28482
1.26595
1.24856
1.23452
1.22411
1.21663
1.2113
1.20764
1.20573
1.20624
1.21
1.21791
1.23023
1.2466
1.26545
1.28443
1.30047
1.31127
1.31486
1.31036
1.29744
1.27683
1.25007
1.21949
1.18759
1.15673
1.12889
1.10595
1.08988
1.08259
1.0853
1.09773
1.11759
1.14111
1.16417
1.18352
1.19734
1.20541
1.20824
1.20704
1.20333
1.19863
1.19429
1.19156
1.19123
1.19377
1.19936
1.20731
1.21661
1.2257
1.2329
1.23664
1.23599
1.23028
1.2195
1.20415
1.18538
1.16512
1.14603
1.1312
1.12367
1.12598
1.13977
1.16536
1.2011
1.24315
1.28533
1.32074
1.34357
1.3506
1.34174
1.31928
1.28768
1.25248
1.21964
1.19416
1.17874
1.17336
1.17604
1.18351
1.19229
1.19912
1.20117
1.19666
1.1855
1.16957
1.15201
1.13666
1.12677
1.12375
1.12731
1.13569
1.14641
1.15737
1.16708
1.17487
1.18089
1.18584
1.19095
1.19769
1.2069
1.21858
1.23142
1.24297
1.25051
1.2515
1.24439
1.22927
1.20819
1.18533
1.16639
1.15672
1.15909
1.17256
1.19252
1.21319
1.23008
1.24076
1.24501
1.244
1.2397
1.23372
1.22725
1.22096
1.21511
1.20984
1.20496
1.20051
1.19668
1.1945
1.19583
1.20217
1.21339
1.2271
1.23988
1.24849
1.2514
1.24909
1.24389
1.23864
1.23546
1.23472
1.23484
1.23362
1.22969
1.22293
1.21426
1.20466
1.19436
1.18265
1.1688
1.15287
1.13645
1.12282
1.11544
1.11646
1.12515
1.13887
1.15549
1.17472
1.19721
1.2224
1.2474
1.26791
1.28026
1.28312
1.27756
1.26632
1.25247
1.23866
1.22671
1.21813
1.21374
1.2134
1.21584
1.21897
1.2206
1.21965
1.21668
1.21374
1.2133
1.21713
1.22523
1.23543
1.24416
1.24779
1.24381
1.23151
1.2121
1.18837
1.16349
1.14043
1.12165
1.10936
1.10585
1.11319
1.13257
1.16327
1.20233
1.24461
1.28426
1.31594
1.33539
1.34021
1.33018
1.30677
1.27333
1.23407
1.19382
1.15685
1.12635
1.1041
1.09073
1.08621
1.09003
1.10079
1.11641
1.13396
1.15039
1.16276
1.16946
1.17058
1.16825
1.16584
1.1669
1.1735
1.18587
1.20242
1.22099
1.23914
1.25512
1.26779
1.27711
1.28373
1.28877
1.29273
1.29526
1.2954
1.29202
1.28458
1.27348
1.26022
1.24661
1.23435
1.22398
1.21509
1.20669
1.19773
1.18787
1.17782
1.16867
1.16144
1.15606
1.15176
1.14759
1.14281
1.13776
1.13315
1.12972
1.12776
1.12692
1.12658
1.12636
1.12599
1.12586
1.12675
1.1302
1.13766
1.14997
1.1672
1.18881
1.21339
1.23918
1.26412
1.2855
1.30016
1.30486
1.29738
1.27733
1.24802
1.21605
1.18882
1.17006
1.15903
1.15258
1.14864
1.14662
1.14654
1.14851
1.15267
1.15904
1.16701
1.17596
1.185
1.19352
1.20101
1.20767
1.21391
1.22009
1.22583
1.23047
1.23315
1.23355
1.23187
1.22915
1.22678
1.22607
1.22778
1.23212
1.23833
1.24514
1.25113
1.25508
1.25584
1.25302
1.24678
1.23745
1.22544
1.21115
1.19502
1.17798
1.16182
1.14893
1.14131
1.13911
1.14067
1.14357
1.14578
1.14716
1.14892
1.15259
1.1586
1.16588
1.17266
1.17714
1.1786
1.1774
1.17521
1.17439
1.17737
1.18619
1.20135
1.22175
1.24477
1.26696
1.28498
1.29633
1.30009
1.29684
1.28821
1.27613
1.26236
1.2476
1.2319
1.21495
1.19652
1.17696
1.15703
1.1379
1.12055
1.1058
1.09439
1.08676
1.08356
1.08547
1.09291
1.10567
1.12308
1.14388
1.16691
1.19153
1.21701
1.24238
1.26569
1.28403
1.29454
1.29525
1.2862
1.26926
1.24771
1.2254
1.20557
1.19027
1.17997
1.17419
1.17185
1.17251
1.17599
1.18219
1.19047
1.1989
1.20491
1.2057
1.19937
1.18613
1.16816
1.14911
1.1331
1.12318
1.12132
1.12817
1.14319
1.16493
1.19116
1.21935
1.24689
1.27174
1.29293
1.31008
1.32327
1.33215
1.33599
1.33378
1.32481
1.30891
1.2868
1.25975
1.22978
1.19913
1.17039
1.14525
1.12422
1.10673
1.09205
1.07982
1.07048
1.06516
1.06508
1.07145
1.08441
1.10311
1.12603
1.15202
1.1798
1.20783
1.23361
1.25436
1.26774
1.27268
1.26944
1.25969
1.24551
1.22968
1.21495
1.20358
1.19683
1.19451
1.19475
1.19474
1.1914
1.1827
1.16833
1.15076
1.13403
1.12226
1.1168
1.11634
1.11909
1.12448
1.13278
1.14424
1.15833
1.1737
1.18847
1.20109
1.21041
1.21629
1.21953
1.22224
1.22691
1.23572
1.24993
1.26913
1.29126
1.31309
1.33138
1.34343
1.34784
1.34442
1.33403
1.31791
1.29782
1.27587
1.25422
1.23519
1.22083
1.21261
1.2106
1.21319
1.21756
1.22028
1.21854
1.2111
1.19835
1.18194
1.16373
1.14523
1.12787
1.11294
1.10145
1.09432
1.092
1.09445
1.10149
1.11206
1.12468
1.13778
1.1504
1.16211
1.17286
1.18238
1.18967
1.19334
1.19187
1.18432
1.17101
1.15402
1.13674
1.12315
1.11666
1.11888
1.12881
1.14364
1.15992
1.17521
1.18842
1.19935
1.20813
1.21502
1.22022
1.22409
1.22683
1.22852
1.22903
1.22827
1.22654
1.22437
1.22247
1.22114
1.22038
1.21889
1.21467
1.20519
1.18914
1.16734
1.14317
1.1216
1.10746
1.10355
1.1099
1.12423
1.14284
1.16254
1.1816
1.19981
1.21802
1.2372
1.25705
1.2757
1.29017
1.29721
1.29482
1.28282
1.2635
1.24135
1.22194
1.21025
1.20867
1.2163
1.22917
1.24242
1.25164
1.25386
1.24754
1.23249
1.2095
1.18049
1.14814
1.11574
1.08691
1.06545
1.05426
1.05509
1.06791
1.09113
1.122
1.15706
1.19288
1.2263
1.25488
1.27679
1.2909
1.29695
1.29538
1.28736
1.27471
1.25946
1.24375
1.2294
1.21724
1.20709
1.19822
1.18966
1.18095
1.17266
1.16635
1.16426
1.16796
1.17764
1.19196
1.20814
1.22299
1.23388
1.2396
1.24081
1.23906
1.2359
1.23222
1.22771
1.22103
1.21053
1.19497
1.17405
1.14876
1.12114
1.09382
1.06944
1.05055
1.03904
1.03649
1.04409
1.06259
1.09157
1.12915
1.17201
1.21588
1.25645
1.29
1.31372
1.32611
1.32707
1.31768
1.3
1.27654
1.24984
1.22261
1.1977
1.17797
1.16551
1.16123
1.16422
1.17184
1.181
1.18948
1.19667
1.20351
1.21122
1.22069
1.23161
1.24245
1.25112
1.25532
1.25323
1.24392
1.22816
1.20824
1.18786
1.1712
1.1616
1.16068
1.16822
1.18276
1.20164
1.2219
1.24067
1.25551
1.26476
1.26733
1.26284
1.25188
1.23587
1.21684
1.19676
1.17703
1.15867
1.1419
1.127
1.11466
1.10634
1.10379
1.10799
1.11851
1.1339
1.15295
1.17461
1.1981
1.22228
1.24611
1.26871
1.28933
1.30724
1.32146
1.33118
1.33566
1.33398
1.32502
1.30793
1.28264
1.25037
1.21362
1.1759
1.14084
1.11202
1.09235
1.08414
1.08858
1.105
1.13024
1.15909
1.18605
1.20712
1.22064
1.22673
1.22663
1.22228
1.21593
1.21033
1.20745
1.20832
1.2124
1.21776
1.22217
1.22378
1.22222
1.21826
1.21357
1.20973
1.20749
1.20682
1.20691
1.20653
1.20466
1.2006
1.1944
1.18734
1.18168
1.18001
1.18381
1.19209
1.20177
1.20951
1.21285
1.21146
1.20685
1.20128
1.19686
1.19505
1.1965
1.20083
1.20685
1.21262
1.2159
1.21417
1.20538
1.18921
1.16721
1.14245
1.11914
1.10151
1.09288
1.09502
1.10782
1.12951
1.15705
1.18747
1.21827
1.24755
1.27339
1.29373
1.30646
1.30996
1.30344
1.28764
1.26426
1.23654
1.20776
1.18099
1.15858
1.14193
1.13176
1.12814
1.13082
1.13919
1.1523
1.16869
1.18579
1.20048
1.20996
1.2128
1.20937
1.20177
1.19348
1.18838
1.18961
1.19834
1.21379
1.23347
1.2541
1.27243
1.28591
1.29297
1.29343
1.28809
1.27825
1.2655
1.2512
1.23643
1.22191
1.20768
1.1932
1.17774
1.16103
1.14393
1.12891
1.11968
1.1199
1.13136
1.15293
1.18061
1.20882
1.2321
1.24663
1.25045
1.24425
1.2306
1.21336
1.19692
1.18494
1.17927
1.18003
1.18557
1.19339
1.20083
1.20562
1.20672
1.20398
1.19812
1.1904
1.18254
1.17634
1.17361
1.17556
1.18236
1.19354
1.20705
1.22012
1.22933
1.23189
1.22703
1.21603
1.20201
1.18899
1.18019
1.17731
1.18011
1.18692
1.19536
1.203
1.20791
1.20908
1.20658
1.20112
1.19393
1.18614
1.17881
1.17308
1.16981
1.16968
1.17302
1.17929
1.18761
1.19692
1.20643
1.21595
1.22575
1.23599
1.24661
1.25724
1.26687
1.27474
1.27989
1.28164
1.2795
1.27345
1.26427
1.25344
1.24255
1.23261
1.22367
1.215
1.20581
1.19629
1.18741
1.18059
1.17672
1.1759
1.1772
1.17972
1.18281
1.18664
1.19217
1.20057
1.21195
1.22434
1.23463
1.24018
1.23978
1.23392
1.22416
1.21259
1.20106
1.19125
1.1848
1.18359
1.18897
1.20132
1.21871
1.23733
1.25307
1.26252
1.26379
1.25621
1.24063
1.21882
1.19302
1.16535
1.1376
1.11185
1.09028
1.07522
1.06843
1.07039
1.08041
1.0967
1.117
1.13934
1.16231
1.18517
1.20712
1.22729
1.24453
1.25803
1.26739
1.27279
1.2753
1.27644
1.27783
1.28056
1.28446
1.28824
1.28948
1.28553
1.27437
1.25508
1.22834
1.19641
1.16237
1.12981
1.1017
1.08022
1.06638
1.06023
1.06172
1.07113
1.08809
1.11072
1.13609
1.16126
1.18447
1.20545
1.22415
1.23995
1.25178
1.25878
1.26075
1.25896
1.25604
1.25483
1.25757
1.26379
1.27122
1.27632
1.27644
1.2704
1.25877
1.24357
1.22756
1.21353
1.20346
1.19807
1.19673
1.19741
1.19752
1.19469
1.1883
1.17927
1.17009
1.16322
1.16056
1.16291
1.16968
1.17963
1.19095
1.20147
1.20905
1.21219
1.21119
1.20863
1.20861
1.21313
1.22036
1.22628
1.2278
1.22437
1.21705
1.20747
1.19728
1.18809
1.18136
1.17831
1.17942
1.18441
1.19226
1.20186
1.21192
1.22128
1.22925
1.23517
1.23852
1.23891
1.23625
1.2306
1.22235
1.21252
1.20212
1.19193
1.18199
1.1725
1.16414
1.15863
1.1578
1.16301
1.17408
1.18925
1.20561
1.21957
1.22796
1.22866
1.22094
1.20596
1.18636
1.16593
1.14894
1.13929
1.13961
1.1503
1.16894
1.19112
1.21233
1.22933
1.24074
1.24668
1.2484
1.24731
1.24509
1.24299
1.2417
1.24116
1.24079
1.23947
1.23629
1.23095
1.22402
1.21688
1.21127
1.2089
1.2107
1.2164
1.22438
1.2321
1.2372
1.23823
1.23507
1.22803
1.21739
1.20306
1.18487
1.16387
1.14278
1.12565
1.11629
1.11632
1.12401
1.13499
1.14438
1.14847
1.14597
1.13762
1.12579
1.11365
1.10482
1.10257
1.10923
1.12557
1.15038
1.18039
1.21166
1.24043
1.26365
1.27943
1.28675
1.28538
1.2758
1.25918
1.23771
1.21435
1.19247
1.17454
1.16202
1.15518
1.15346
1.15605
1.16212
1.17007
1.17806
1.18421
1.18743
1.1874
1.18512
1.18266
1.18225
1.18607
1.1951
1.20892
1.22575
1.24277
1.25722
1.26684
1.27013
1.2667
1.25692
1.24213
1.22422
1.20544
1.1879
1.17318
1.16189
1.15378
1.14849
1.14618
1.14774
1.15466
1.16797
1.18734
1.21119
1.23669
1.26071
1.28057
1.29431
1.30065
1.29901
1.28929
1.27216
1.2492
1.22339
1.19888
1.18015
1.17032
1.17011
1.17744
1.18828
1.1981
1.20313
1.20095
1.19102
1.17442
1.15335
1.13099
1.11035
1.09347
1.08155
1.0748
1.07309
1.07675
1.08611
1.10107
1.12074
1.14384
1.16924
1.19621
1.22435
1.2526
1.27931
1.3022
1.31919
1.32883
1.33064
1.32524
1.31414
1.29921
1.28232
1.26537
1.24968
1.23652
1.22704
1.2218
1.22066
1.22263
1.22593
1.22856
1.22885
1.22569
1.21845
1.20688
1.19167
1.17426
1.15688
1.14188
1.13144
1.1271
1.12926
1.13774
1.15153
1.16922
1.18907
1.20885
1.22631
1.23991
1.24899
1.2536
1.25444
1.25241
1.24859
1.24421
1.24011
1.2369
1.23447
1.23264
1.23103
1.22949
1.22804
1.22649
1.22455
1.22174
1.2177
1.21244
1.20669
1.20113
1.19628
1.19223
1.18903
1.18698
1.18616
1.18601
1.18511
1.18189
1.17555
1.16619
1.15438
1.1411
1.12757
1.11508
1.10508
1.09903
1.09827
1.10393
1.11651
1.13581
1.1607
1.18934
1.21946
1.24892
1.27626
1.30059
1.32132
1.33806
1.35021
1.35738
1.35908
1.35531
1.34617
1.33202
1.31329
1.29093
1.26651
1.24228
1.22058
1.20295
1.18924
1.17757
1.16555
1.15157
1.13553
1.1186
1.1027
1.08942
1.07994
1.07465
1.07321
1.07518
1.08019
1.08853
1.10096
1.11835
1.14096
1.16784
1.19697
1.22588
1.25234
1.27428
1.2903
1.2994
1.30161
1.2981
1.29051
1.28058
1.26992
1.2598
1.25101
1.24375
1.2377
1.23269
1.22868
1.22596
1.22444
1.22395
1.22348
1.22189
1.21753
1.2086
1.19374
1.17255
1.1463
1.11763
1.09035
1.06795
1.05265
1.04488
1.0442
1.04987
1.06164
1.07984
1.1047
1.13585
1.17166
1.20916
1.24432
1.27287
1.29152
1.29873
1.29511
1.28303
1.2661
1.24786
1.23092
1.21671
1.20557
1.19725
1.19172
1.18919
1.19007
1.19445
1.20216
1.21277
1.22589
1.241
1.25744
1.27357
1.2874
1.29677
1.30006
1.29631
1.28573
1.26969
1.25049
1.23068
1.21268
1.19799
1.18719
1.17979
1.17463
1.17042
1.16626
1.16168
1.15702
1.15309
1.15131
1.1526
1.1575
1.16544
1.17517
1.1855
1.19521
1.20349
1.2102
1.21591
1.22181
1.22855
1.23632
1.24408
1.24997
1.25218
1.24972
1.24285
1.23313
1.22285
1.21408
1.20816
1.20554
1.20576
1.20773
1.20979
1.21032
1.20833
1.20373
1.19744
1.19096
1.18545
1.18178
1.18002
1.17969
1.17997
1.17986
1.17825
1.17416
1.16707
1.15723
1.14561
1.13393
1.12421
1.11876
1.11968
1.12847
1.1456
1.17024
1.19963
1.22948
1.25492
1.2715
1.27657
1.27033
1.25548
1.23668
1.21885
1.20571
1.19887
1.19771
1.20007
1.20254
1.2017
1.19509
1.18204
1.16348
1.14228
1.12237
1.10779
1.10166
1.10559
1.11943
1.14152
1.16964
1.20114
1.2332
1.26284
1.28702
1.30298
1.30847
1.30223
1.28422
1.25611
1.22094
1.18286
1.14681
1.11722
1.09718
1.08792
1.08856
1.0971
1.11051
1.12661
1.14372
1.1608
1.17726
1.19264
1.20659
1.21898
1.22975
1.23911
1.24762
1.2557
1.26392
1.27211
1.2794
1.28479
1.28709
1.28611
1.2827
1.27812
1.27384
1.27026
1.26662
1.26083
1.25076
1.23475
1.21294
1.18752
1.16268
1.14358
1.13458
1.13815
1.15407
1.17983
1.21134
1.24375
1.27272
1.29485
1.30798
1.31119
1.30464
1.28939
1.26736
1.24108
1.2133
1.1869
1.16412
1.14665
1.1353
1.13051
1.13283
1.14233
1.15851
1.18025
1.20568
1.23253
1.25826
1.2803
1.29674
1.3061
1.30769
1.30132
1.28751
1.26693
1.24135
1.21335
1.18609
1.16259
1.14447
1.13177
1.12347
1.11821
1.11497
1.11317
1.11252
1.11308
1.11483
1.11771
1.12119
1.12454
1.12699
1.1283
1.12882
1.12969
1.13264
1.13955
1.15159
1.16892
1.19042
1.21384
1.23651
1.25621
1.27142
1.28173
1.2879
1.29138
1.29365
1.2954
1.29634
1.2953
1.29058
1.28061
1.2642
1.24103
1.21213
1.18042
1.14986
1.12371
1.1026
1.08455
1.06722
1.05048
1.03714
1.03153
1.03692
1.05378
1.07967
1.11065
1.14254
1.17194
1.19658
1.215
1.22652
1.23174
1.23213
1.22913
1.22376
1.2163
1.20723
1.19753
1.18846
1.18165
1.17853
1.17974
1.18529
1.19383
1.20366
1.21287
1.2201
1.22446
1.22562
1.22336
1.21777
1.20972
1.20097
1.1942
1.19207
1.19631
1.20697
1.22292
1.24106
1.25788
1.26997
1.27518
1.27302
1.26437
1.25116
1.23585
1.2211
1.20879
1.2003
1.1959
1.19509
1.1971
1.20062
1.20393
1.20468
1.20009
1.18864
1.17066
1.14897
1.12806
1.112
1.10338
1.10236
1.10773
1.118
1.13201
1.14918
1.16909
1.191
1.21329
1.23357
1.24967
1.26013
1.26452
1.26383
1.25975
1.25439
1.25006
1.24858
1.25086
1.2562
1.2629
1.26826
1.26983
1.26591
1.25591
1.24061
1.2221
1.20303
1.18626
1.17346
1.16503
1.16018
1.15761
1.156
1.15397
1.15029
1.1443
1.13654
1.12891
1.12433
1.12582
1.13491
1.15116
1.17251
1.19599
1.21862
1.23791
1.25188
1.25917
1.25939
1.25297
1.24105
1.22561
1.20907
1.19385
1.18136
1.17164
1.16431
1.1594
1.15771
1.16042
1.16789
1.17918
1.1922
1.20404
1.21231
1.21501
1.21147
1.20201
1.18823
1.17236
1.1569
1.14435
1.13667
1.13507
1.1398
1.15052
1.16638
1.18589
1.20684
1.22642
1.24161
1.24982
1.25007
1.24311
1.2312
1.21734
1.20403
1.19285
1.18446
1.17959
1.17946
1.18564
1.19842
1.21528
1.23149
1.24234
1.24506
1.23922
1.2267
1.21047
1.19357
1.17902
1.16902
1.16505
1.16747
1.17553
1.18713
1.20003
1.21241
1.22318
1.23153
1.23685
1.23863
1.23619
1.22878
1.2158
1.1972
1.1738
1.14785
1.12311
1.10468
1.09719
1.10305
1.12129
1.14803
1.17777
1.20561
1.2283
1.24466
1.25521
1.2614
1.26481
1.26662
1.26658
1.26426
1.2595
1.25301
1.24591
1.23926
1.23334
1.22816
1.22428
1.22267
1.22424
1.22882
1.23504
1.24094
1.24476
1.2454
1.243
1.23817
1.23146
1.22331
1.21329
1.20058
1.18452
1.165
1.14312
1.12104
1.10113
1.08569
1.07577
1.07124
1.07099
1.07373
1.07901
1.08716
1.09951
1.11742
1.14154
1.17109
1.20394
1.23722
1.26809
1.29397
1.3132
1.32453
1.32723
1.32128
1.30796
1.28978
1.27022
1.2524
1.23839
1.22875
1.22307
1.22088
1.22165
1.22505
1.23027
1.2363
1.24149
1.24412
1.24282
1.23643
1.22453
1.20793
1.18834
1.16889
1.15351
1.1461
1.14858
1.15993
1.17628
1.19247
1.20456
1.21041
1.21029
1.20623
1.20104
1.19691
1.19483
1.19442
1.19448
1.19391
1.1922
1.1894
1.18626
1.18381
1.18334
1.18655
1.19464
1.20742
1.22321
1.23917
1.25174
1.25766
1.25507
1.24369
1.22496
1.20145
1.17621
1.15179
1.13017
1.11293
1.10169
1.09811
1.10319
1.11689
1.1377
1.16306
1.19032
1.21702
1.24108
1.26096
1.27574
1.28499
1.28891
1.28813
1.28349
1.27614
1.26712
1.25712
1.24612
1.23358
1.21898
1.20236
1.18449
1.1668
1.1508
1.1382
1.12993
1.12608
1.12537
1.12577
1.12527
1.123
1.1196
1.11722
1.11844
1.12506
1.13696
1.15254
1.16935
1.18485
1.19737
1.20591
1.21068
1.21227
1.21223
1.21258
1.21557
1.22249
1.23338
1.24662
1.25961
1.26984
1.27554
1.27583
1.27054
1.25996
1.24455
1.22533
1.20378
1.18187
1.16192
1.14637
1.13714
1.1353
1.1408
1.1526
1.16911
1.18823
1.20798
1.22649
1.24196
1.25276
1.25725
1.25441
1.24373
1.2257
1.20209
1.17517
1.14731
1.12045
1.09623
1.07669
1.06446
1.06202
1.07083
1.09009
1.11606
1.14315
1.16589
1.18078
1.18705
1.18643
1.18221
1.17807
1.17677
1.17983
1.1876
1.20021
1.21708
1.23659
1.25592
1.27167
1.28106
1.2828
1.27757
1.26716
1.25421
1.24134
1.23126
1.22588
1.22582
1.23047
1.23783
1.24527
1.25006
1.25014
1.24404
1.23117
1.21139
1.18555
1.15549
1.12402
1.09474
1.07107
1.05575
1.05027
1.05511
1.0696
1.09206
1.12008
1.15074
1.18125
1.20881
1.23093
1.24576
1.25258
1.25164
1.24457
1.23371
1.22146
1.20967
1.19921
1.19045
1.18406
1.18152
1.18398
1.19087
1.19977
1.20696
1.20934
1.2054
1.19511
1.17973
1.16121
1.14213
1.12538
1.11361
1.10884
1.11195
1.12279
1.14044
1.1632
1.18886
1.21512
1.23993
1.26183
1.27998
1.29401
1.30359
1.30846
1.30874
1.30476
1.29736
1.2876
1.27661
1.2651
1.2534
1.2416
1.2294
1.21663
1.20306
1.18869
1.17391
1.1597
1.14762
1.1394
1.13646
1.1397
1.14892
1.163
1.17991
1.19743
1.2131
1.22453
1.22918
1.22479
1.20974
1.18405
1.14955
1.11073
1.07442
1.04865
1.04067
1.05302
1.08197
1.11901
1.15558
1.18578
1.20716
1.21978
1.22487
1.22397
1.21906
1.21285
1.20882
1.21017
1.21793
1.2305
1.24494
1.25794
1.26693
1.27058
1.26861
1.26181
1.25148
1.23937
1.22736
1.21717
1.20962
1.20439
1.20035
1.197
1.19504
1.19619
1.20171
1.21197
1.22599
1.24201
1.2578
1.27112
1.27991
1.28264
1.27835
1.26717
1.25009
1.22887
1.20568
1.18248
1.16064
1.14066
1.12227
1.10544
1.09074
1.07943
1.07338
1.0742
1.08274
1.09849
1.11998
1.14517
1.17184
1.19752
1.22027
1.23849
1.25133
1.25863
1.26078
1.2585
1.25227
1.24287
1.23157
1.22085
1.21348
1.21163
1.21603
1.22565
1.23894
1.25431
1.27014
1.28506
1.29756
1.30635
1.31018
1.30858
1.30109
1.28787
1.27014
1.24929
1.22689
1.20394
1.18107
1.15897
1.13831
1.11999
1.10467
1.09264
1.08372
1.0778
1.0744
1.0733
1.07456
1.0786
1.0859
1.09665
1.1108
1.12759
1.14617
1.16517
1.18312
1.19868
1.21047
1.21759
1.21975
1.21742
1.21179
1.20487
1.19899
1.19673
1.20041
1.21137
1.2295
1.25325
1.27992
1.30591
1.3273
1.34077
1.34416
1.33731
1.32183
1.30066
1.27725
1.2545
1.23388
1.21573
1.19934
1.18342
1.16705
1.15045
1.13508
1.123
1.11615
1.11543
1.12071
1.13125
1.14613
1.16425
1.1844
1.20467
1.22267
1.23621
1.2435
1.24395
1.23822
1.22797
1.21526
1.20153
1.18735
1.1727
1.15786
1.14488
1.13676
1.13599
1.14257
1.15422
1.16808
1.18219
1.19531
1.20667
1.21592
1.2226
1.22589
1.22501
1.21909
1.20755
1.19041
1.16857
1.14441
1.12174
1.10501
1.09713
1.09812
1.10543
1.11573
1.12621
1.13574
1.14469
1.15443
1.16666
1.18259
1.20256
1.22579
1.25006
1.27301
1.29263
1.30765
1.31745
1.3213
1.31874
1.30954
1.29465
1.27578
1.2554
1.23628
1.22131
1.21318
1.2137
1.22292
1.23805
1.25415
1.26608
1.26979
1.2637
1.24861
1.22749
1.20416
1.18241
1.16492
1.15284
1.1462
1.14423
1.14599
1.15061
1.15747
1.16595
1.17565
1.18611
1.19678
1.20671
1.21464
1.21955
1.22079
1.21831
1.21241
1.20404
1.19534
1.18921
1.18793
1.19197
1.19921
1.20592
1.20852
1.20492
1.19541
1.1829
1.17216
1.16771
1.17237
1.18599
1.20599
1.22838
1.24879
1.26342
1.26979
1.26718
1.25688
1.24118
1.22205
1.20078
1.17825
1.15611
1.13694
1.12368
1.11852
1.12208
1.13341
1.15092
1.17239
1.19536
1.21737
1.23568
1.24834
1.2542
1.25389
1.24953
1.24444
1.24208
1.24524
1.2552
1.27106
1.29018
1.30864
1.32209
1.32728
1.3224
1.30751
1.28451
1.25641
1.22586
1.19489
1.16498
1.13809
1.1168
1.10367
1.10025
1.10642
1.12055
1.14015
1.16231
1.18385
1.20189
1.21401
1.21879
1.21662
1.20962
1.2014
1.19575
1.19538
1.20108
1.21155
1.22396
1.23487
1.24104
1.24072
1.2338
1.22228
1.20962
1.19971
1.19544
1.19737
1.20381
1.21178
1.21825
1.2208
1.21827
1.2108
1.19965
1.18697
1.17481
1.16473
1.1572
1.15204
1.14873
1.14727
1.14873
1.15464
1.16636
1.18332
1.20262
1.2202
1.23243
1.23785
1.23764
1.23445
1.23113
1.22888
1.22739
1.22533
1.22193
1.2176
1.21392
1.21279
1.21537
1.22176
1.23077
1.2406
1.25012
1.25867
1.26644
1.27403
1.28153
1.2883
1.29267
1.29288
1.28683
1.27338
1.2527
1.22635
1.19695
1.16745
1.14059
1.11811
1.10031
1.08658
1.07579
1.06749
1.06169
1.05865
1.05912
1.06391
1.0737
1.08883
1.10891
1.13289
1.1595
1.18745
1.21607
1.24474
1.2725
1.29808
1.31969
1.33539
1.34387
1.3441
1.33613
1.32104
1.30021
1.27578
1.2498
1.22413
1.20013
1.17874
1.1601
1.14413
1.13094
1.12108
1.11578
1.11574
1.12104
1.13016
1.14026
1.14862
1.15331
1.15369
1.15069
1.14585
1.14096
1.13747
1.13661
1.13944
1.14698
1.16021
1.17939
1.20389
1.23162
1.25993
1.28572
1.30644
1.32057
1.32744
1.3272
1.32065
1.30846
1.29171
1.27148
1.24896
1.22525
1.20176
1.17983
1.16087
1.14557
1.13428
1.12742
1.12546
1.12898
1.1376
1.15034
1.16578
1.18237
1.19861
1.21345
1.22557
1.2339
1.23726
1.23444
1.22486
1.20844
1.18648
1.16183
1.13818
1.1193
1.10757
1.10349
1.10636
1.11514
1.1287
1.14596
1.16543
1.18528
1.20424
1.22161
1.23741
1.25198
1.26556
1.27772
1.28744
1.2933
1.29429
1.29067
1.28389
1.27617
1.26891
1.26199
1.25387
1.24255
1.22646
1.20486
1.17782
1.14646
1.1128
1.08024
1.05278
1.03451
1.02811
1.03439
1.05249
1.0806
1.11613
1.15621
1.19803
1.23911
1.27718
1.30978
1.33416
1.34792
1.34939
1.3384
1.31622
1.28658
1.25494
1.22759
1.20928
1.20129
1.20219
1.20907
1.21915
1.22987
1.23884
1.24377
1.24291
1.23514
1.22065
1.20101
1.17888
1.15773
1.14094
1.13162
1.13178
1.1421
1.162
1.18931
1.22092
1.25302
1.28171
1.30316
1.31385
1.31156
1.29634
1.27048
1.23803
1.20363
1.17129
1.14387
1.12309
1.10993
1.10452
1.10621
1.11337
1.12415
1.13731
1.15237
1.1691
1.18691
1.20453
1.22037
1.2324
1.23935
1.24071
1.23714
1.23037
1.22298
1.21718
1.21441
1.21445
1.21655
1.21994
1.22454
1.23032
1.23666
1.24164
1.24244
1.23632
1.22168
1.1982
1.16731
1.13149
1.09425
1.06026
1.0354
1.02527
1.03313
1.05881
1.09905
1.14859
1.20173
1.25286
1.29748
1.33282
1.35777
1.37252
1.37793
1.37489
1.36379
1.34495
1.31872
1.28608
1.24905
1.21068
1.17439
1.14344
1.12004
1.1055
1.1
1.10265
1.11162
1.12424
1.13765
1.14956
1.15865
1.16479
1.16847
1.17034
1.17059
1.16956
1.16772
1.16649
1.16792
1.17405
1.18606
1.20358
1.22476
1.24652
1.26579
1.27997
1.28773
1.28914
1.28572
1.27994
1.2742
1.2705
1.26976
1.27183
1.27532
1.27818
1.27815
1.27344
1.26309
1.24751
1.22794
1.2059
1.18275
1.15946
1.13667
1.11496
1.09513
1.07838
1.06656
1.06198
1.06673
1.08153
1.10549
1.13547
1.16704
1.19519
1.21578
1.22654
1.22744
1.22068
1.20995
1.19935
1.19179
1.18886
1.19074
1.19633
1.20457
1.214
1.22302
1.23003
1.23349
1.23215
1.22529
1.21301
1.1966
1.1783
1.16097
1.14754
1.13972
1.13816
1.142
1.14927
1.15812
1.16748
1.17757
1.18964
1.20522
1.22522
1.24905
1.27472
1.29922
1.31981
1.33442
1.34225
1.34306
1.33735
1.32601
1.31054
1.29245
1.27329
1.25417
1.23554
1.21723
1.19904
1.18112
1.16432
1.1498
1.1387
1.13145
1.12783
1.12703
1.12795
1.12973
1.13191
1.13466
1.13844
1.14366
1.15054
1.15882
1.16737
1.17475
1.17952
1.18109
1.1804
1.17954
1.18097
1.18602
1.19443
1.2046
1.21438
1.22196
1.22574
1.22467
1.21831
1.20726
1.193
1.17789
1.16487
1.15693
1.15646
1.16443
1.17994
1.20013
1.22108
1.23839
1.24805
1.24745
1.23549
1.2134
1.18451
1.15453
1.13032
1.11741
1.11821
1.13047
1.14851
1.16628
1.18001
1.18913
1.19576
1.20326
1.21416
1.22784
1.2411
1.24988
1.25146
1.2459
1.23532
1.22386
1.21628
1.21703
1.22858
1.2497
1.27567
1.30006
1.31743
1.32472
1.32174
1.31024
1.29309
1.27326
1.2531
1.23381
1.21544
1.1974
1.17895
1.15978
1.14027
1.12089
1.10235
1.08508
1.06975
1.05704
1.04801
1.04344
1.04433
1.05143
1.06534
1.08644
1.11446
1.14827
1.18545
1.22267
1.25599
1.28232
1.29968
1.30765
1.30673
1.29834
1.28478
1.26863
1.25305
1.24072
1.23365
1.23267
1.2367
1.24333
1.2494
1.25173
1.2482
1.23815
1.22249
1.20376
1.18495
1.16862
1.15626
1.14848
1.14501
1.14557
1.14953
1.156
1.16365
1.17105
1.17686
1.1803
1.18128
1.18018
1.17731
1.17274
1.16659
1.15872
1.14937
1.13931
1.12982
1.12215
1.11747
1.1167
1.12052
1.12884
1.14072
1.15442
1.16719
1.17658
1.18085
1.1794
1.17324
1.16447
1.15643
1.15322
1.158
1.1718
1.19298
1.2175
1.24116
1.26086
1.2751
1.28367
1.28724
1.28662
1.28244
1.27515
1.26486
1.25201
1.23743
1.22242
1.20865
1.19802
1.19189
1.19002
1.19055
1.19105
1.18982
1.18676
1.18293
1.18011
1.18028
1.18488
1.19434
1.20796
1.22367
1.23813
1.2479
1.2502
1.24384
1.22957
1.21018
1.19012
1.17437
1.16707
1.17025
1.18347
1.2038
1.22688
1.24819
1.26368
1.27054
1.26717
1.25371
1.23155
1.20335
1.17246
1.143
1.11917
1.10487
1.10262
1.11252
1.13245
1.15834
1.1857
1.21031
1.22887
1.23929
1.24073
1.23329
1.21758
1.19545
1.16977
1.14477
1.1252
1.11548
1.11857
1.13487
1.1617
1.19361
1.22361
1.24494
1.25287
1.24582
1.22565
1.19697
1.16602
1.13951
1.12336
1.12168
1.13603
1.16551
1.20667
1.25394
1.30099
1.34189
1.37234
1.39031
1.3955
1.38962
1.37492
1.35347
1.32674
1.29578
1.26143
1.22516
1.1892
1.15659
1.12977
1.10941
1.09485
1.08556
1.08241
1.08752
1.1022
1.12545
1.15402
1.18345
1.20904
1.22705
1.2348
1.23105
1.21649
1.19423
1.16988
1.15019
1.14039
1.14226
1.15414
1.17256
1.19412
1.216
1.23626
1.25378
1.26771
1.27767
1.28344
1.28508
1.28268
1.27632
1.26579
1.25085
1.23164
1.2089
1.18444
1.16085
1.14135
1.12856
1.12391
1.12739
1.13773
1.15318
1.17201
1.19246
1.21271
1.23064
1.24437
1.25254
1.2544
1.25012
1.24085
1.22839
1.2151
1.20302
1.19367
1.18805
1.18661
1.18969
1.19715
1.2077
1.21917
1.22865
1.23327
1.23065
1.22002
1.20239
1.18065
1.15875
1.14046
1.12758
1.12049
1.11855
1.12128
1.12856
1.14017
1.15491
1.17096
1.18581
1.19672
1.20174
1.20027
1.19358
1.18401
1.17462
1.16841
1.16756
1.17316
1.18448
1.19966
1.21624
1.23168
1.24365
1.25085
1.25296
1.2507
1.245
1.237
1.22776
1.21848
1.21095
1.2071
1.20834
1.21458
1.22397
1.23278
1.23743
1.2359
1.22912
1.2203
1.21295
1.20873
1.20738
1.2082
1.21101
1.21619
1.2237
1.23265
1.24137
1.24811
1.25153
1.25151
1.24893
1.24568
1.24435
1.2469
1.25398
1.26451
1.27536
1.2826
1.28234
1.27183
1.25068
1.22064
1.1851
1.14863
1.11557
1.08913
1.07128
1.0625
1.06255
1.07048
1.08448
1.1021
1.12049
1.13706
1.15009
1.15874
1.16357
1.16589
1.16804
1.17259
1.18144
1.1953
1.2137
1.23519
1.25791
1.27959
1.29831
1.31224
1.31971
1.31969
1.31221
1.29815
1.27936
1.25798
1.23629
1.21647
1.20018
1.18874
1.1827
1.18166
1.1843
1.18854
1.19214
1.19331
1.19065
1.18383
1.17341
1.16065
1.14784
1.13759
1.13221
1.13318
1.14055
1.15317
1.16917
1.18647
1.20323
1.21781
1.22902
1.2361
1.23882
1.237
1.23058
1.21987
1.20546
1.18878
1.17221
1.1587
1.15092
1.15047
1.15764
1.17159
1.19099
1.2141
1.23857
1.26142
1.27974
1.29132
1.29513
1.29152
1.28198
1.26844
1.25308
1.23772
1.22327
1.20986
1.19726
1.18552
1.17509
1.16728
1.16371
1.16577
1.17413
1.18874
1.20875
1.23237
1.25659
1.27756
1.29112
1.29408
1.28473
1.26326
1.23149
1.19256
1.15055
1.11024
1.07646
1.05369
1.04539
1.05358
1.07748
1.11349
1.15618
1.19977
1.23971
1.27279
1.29715
1.31155
1.31549
1.30898
1.2928
1.26847
1.23834
1.20562
1.17401
1.14733
1.12887
1.12041
1.12196
1.13187
1.14754
1.16614
1.18489
1.20165
1.21512
1.22468
1.23006
1.23107
1.22769
1.22004
1.20884
1.1953
1.18125
1.16851
1.15839
1.15108
1.1461
1.14284
1.14143
1.14292
1.14858
1.15871
1.17179
1.18553
1.19777
1.20743
1.21455
1.21959
1.22327
1.22582
1.22784
1.22961
1.23157
1.23425
1.23803
1.24303
1.24946
1.25719
1.26582
1.2746
1.28214
1.28663
1.28632
1.2803
1.2685
1.25209
1.23308
1.21352
1.19513
1.17823
1.16185
1.14405
1.12279
1.09751
1.06955
1.04261
1.02115
1.00902
1.00789
1.01711
1.03442
1.05765
1.08511
1.11591
1.14905
1.183
1.21574
1.24461
1.26733
1.28234
1.28927
1.28887
1.28299
1.27374
1.26328
1.25375
1.24688
1.24383
1.24516
1.25015
1.25661
1.26126
1.26063
1.25249
1.2373
1.21812
1.19988
1.18728
1.18319
1.1873
1.19678
1.208
1.2179
1.22481
1.22835
1.22877
1.22654
1.22188
1.21501
1.2061
1.19542
1.1832
1.16997
1.15637
1.14311
1.13099
1.12079
1.11354
1.11021
1.11166
1.11857
1.1309
1.14811
1.16888
1.19148
1.21401
1.23478
1.25229
1.26581
1.27513
1.28102
1.28516
1.28915
1.29387
1.29862
1.30141
1.29953
1.29032
1.27219
1.24531
1.21171
1.17512
1.13979
1.10962
1.08702
1.07305
1.06746
1.06937
1.0774
1.09
1.10535
1.12173
1.13801
1.15439
1.17209
1.1926
1.21645
1.24189
1.26565
1.28402
1.29404
1.29453
1.28678
1.27448
1.26223
1.25374
1.25052
1.25165
1.25499
1.25831
1.26019
1.25978
1.25683
1.25143
1.24374
1.23387
1.2221
1.20957
1.19839
1.19105
1.18893
1.1913
1.1961
1.20077
1.20353
1.20314
1.19919
1.19159
1.18081
1.16809
1.15574
1.146
1.14084
1.14058
1.14443
1.1511
1.1601
1.17176
1.18647
1.20316
1.21899
1.23036
1.23462
1.23148
1.22304
1.21288
1.20436
1.19899
1.19604
1.19363
1.18978
1.18359
1.17572
1.16784
1.16232
1.16152
1.16697
1.17901
1.19628
1.21607
1.23503
1.25015
1.25919
1.26119
1.25611
1.24454
1.2279
1.20801
1.18707
1.16714
1.15005
1.1372
1.1301
1.13031
1.13918
1.15687
1.18171
1.21037
1.23859
1.26196
1.27735
1.28362
1.28156
1.27378
1.26363
1.25402
1.24643
1.24081
1.23611
1.23115
1.22514
1.2175
1.20825
1.19748
1.18559
1.17311
1.16021
1.14669
1.13184
1.11489
1.09632
1.07873
1.06644
1.06343
1.07156
1.09013
1.11666
1.14747
1.17879
1.20747
1.232
1.25253
1.27005
1.28532
1.29817
1.30705
1.3103
1.30726
1.29851
1.28591
1.27212
1.25969
1.25118
1.24858
1.25289
1.26314
1.27681
1.28989
1.29864
1.3009
1.29643
1.28659
1.27282
1.25576
1.23564
1.21285
1.18938
1.16784
1.15064
1.13879
1.13289
1.1334
1.14061
1.15421
1.17218
1.19102
1.2066
1.2154
1.21551
1.20682
1.19079
1.16974
1.14642
1.12378
1.10473
1.09148
1.08527
1.08633
1.09382
1.10668
1.12373
1.14398
1.16647
1.18956
1.21112
1.22845
1.23912
1.2416
1.23589
1.22354
1.20748
1.19124
1.17771
1.16845
1.16303
1.15962
1.15607
1.15113
1.14488
1.13844
1.13333
1.1311
1.13289
1.13939
1.15082
1.16693
1.18628
1.20668
1.22513
1.23895
1.24679
1.24851
1.24544
1.23966
1.23339
1.22823
1.22509
1.22383
1.22376
1.22428
1.22511
1.22634
1.22847
1.23164
1.23532
1.23812
1.23802
1.23277
1.22115
1.20375
1.18285
1.16201
1.14485
1.13392
1.13007
1.13255
1.1392
1.1476
1.15597
1.16367
1.17118
1.1796
1.18947
1.19991
1.20925
1.21522
1.21625
1.21173
1.20201
1.18825
1.1727
1.15819
1.14803
1.14526
1.15149
1.16598
1.18647
1.20985
1.23348
1.25582
1.27554
1.29128
1.30142
1.3045
1.29932
1.28535
1.26317
1.23461
1.20339
1.17461
1.15392
1.14471
1.14677
1.15665
1.17029
1.18456
1.1972
1.20681
1.21244
1.21376
1.21144
1.20664
1.20085
1.19565
1.19222
1.19124
1.19262
1.1955
1.1983
1.19968
1.19921
1.1977
1.19698
1.19886
1.20416
1.21189
1.21989
1.22578
1.22779
1.22502
1.21706
1.20418
1.18747
1.16934
1.15338
1.14329
1.14168
1.14906
1.16387
1.18301
1.20328
1.22201
1.23742
1.24857
1.25534
1.25788
1.25694
1.25378
1.25014
1.24803
1.24865
1.25181
1.25568
1.25766
1.25505
1.24609
1.23032
1.20876
1.18387
1.15872
1.13571
1.11586
1.09946
1.08681
1.07912
1.07821
1.08553
1.10099
1.12253
1.14637
1.16798
1.18309
1.18883
1.18408
1.16998
1.14953
1.12738
1.10868
1.0986
1.10049
1.11543
1.14169
1.17525
1.21092
1.24381
1.27065
1.28948
1.29986
1.30192
1.29631
1.28428
1.2677
1.24899
1.23028
1.21278
1.19687
1.18259
1.17114
1.16465
1.16553
1.17536
1.19386
1.21873
1.24649
1.27309
1.29515
1.31026
1.31726
1.31646
1.30891
1.29629
1.28032
1.26272
1.24458
1.22716
1.21175
1.20008
1.19383
1.1934
1.19673
1.19992
1.19895
1.19106
1.17591
1.15508
1.13185
1.11024
1.09425
1.08668
1.08821
1.09723
1.11042
1.12385
1.13465
1.142
1.14685
1.15207
1.16069
1.17448
1.19263
1.21231
1.23023
1.24349
1.25048
1.25077
1.24477
1.23371
1.21924
1.20324
1.18775
1.17518
1.16808
1.16845
1.17752
1.19495
1.21856
1.24466
1.2689
1.28708
1.29632
1.29522
1.28438
1.26574
1.24232
1.21758
1.19482
1.17698
1.166
1.16239
1.16514
1.17226
1.18164
1.19148
1.20048
1.20795
1.21337
1.21638
1.21712
1.2159
1.21389
1.2124
1.21246
1.21404
1.21635
1.21846
1.22039
1.22361
1.22991
1.24097
1.25644
1.27322
1.2862
1.28986
1.28037
1.25706
1.22237
1.18117
1.13949
1.10318
1.07644
1.06124
1.05728
1.0621
1.07232
1.0849
1.09836
1.11354
1.13256
1.15718
1.18701
1.21893
1.24848
1.27188
1.28672
1.2923
1.28913
1.27901
1.26468
1.24946
1.23628
1.2275
1.22424
1.22635
1.23243
1.24027
1.24777
1.25352
1.25724
1.25898
1.2586
1.25559
1.24946
1.24018
1.22844
1.21536
1.20195
1.1887
1.1755
1.16255
1.15112
1.14347
1.14208
1.14799
1.1595
1.17271
1.1828
1.18623
1.18161
1.16982
1.15322
1.13517
1.11921
1.10865
1.10608
1.11333
1.13082
1.15737
1.1903
1.22565
1.25922
1.28718
1.30651
1.31507
1.31169
1.29631
1.27041
1.23741
1.20236
1.1709
1.14758
1.13432
1.12998
1.13145
1.1355
1.14031
1.1456
1.1521
1.16039
1.17106
1.18402
1.19886
1.21497
1.23124
1.24644
1.25897
1.26762
1.27139
1.26947
1.26141
1.24762
1.22918
1.20781
1.18549
1.16425
1.14597
1.13209
1.12369
1.12113
1.12418
1.13286
1.14729
1.16796
1.19504
1.22733
1.2621
1.29534
1.3228
1.34104
1.34799
1.34285
1.32636
1.30029
1.26746
1.23134
1.19526
1.16208
1.13359
1.11068
1.09385
1.08381
1.08164
1.08807
1.10262
1.12311
1.1459
1.16687
1.18208
1.18885
1.18677
1.17768
1.16574
1.15586
1.15231
1.1575
1.17123
1.19092
1.21271
1.23267
1.248
1.25749
1.26215
1.26419
1.2659
1.26835
1.27123
1.27365
1.27441
1.2725
1.26688
1.25663
1.24153
1.22241
1.20116
1.18028
1.16221
1.14896
1.14247
1.14364
1.15123
1.16212
1.17265
1.18029
1.18459
1.18651
1.1873
1.18745
1.18662
1.18445
1.18159
1.18014
1.1824
1.18986
1.203
1.22072
1.24081
1.26058
1.27662
1.2859
1.28641
1.2776
1.26053
1.23768
1.21223
1.18761
1.16715
1.15341
1.14772
1.15004
1.15861
1.17078
1.18342
1.19336
1.19847
1.1977
1.19136
1.18154
1.17108
1.16325
1.16039
1.16329
1.17046
1.17885
1.185
1.18681
1.18485
1.18169
1.18049
1.18309
1.18947
1.19822
1.20812
1.21849
1.22949
1.24096
1.25185
1.26056
1.26571
1.26762
1.26802
1.26876
1.27086
1.27355
1.27491
1.27315
1.26764
1.25969
1.25123
1.2436
1.23649
1.22777
1.21513
1.19729
1.17471
1.1494
1.1245
1.10302
1.08717
1.07792
1.07535
1.07864
1.08671
1.09866
1.11409
1.13268
1.15437
1.17896
1.20567
1.23313
1.25914
1.28111
1.29655
1.30408
1.30385
1.29752
1.28767
1.27678
1.26652
1.25797
1.25192
1.24875
1.24697
1.24307
1.23335
1.21654
1.19477
1.17261
1.1556
1.14834
1.15352
1.17092
1.19764
1.2289
1.25908
1.28326
1.29775
1.30054
1.29141
1.2718
1.24474
1.21456
1.18577
1.16222
1.14615
1.13789
1.13604
1.13813
1.14136
1.14369
1.14363
1.14119
1.13725
1.13373
1.13267
1.13613
1.14539
1.16066
1.18073
1.20295
1.22409
1.24093
1.25147
1.25487
1.2518
1.24416
1.23454
1.22596
1.2207
1.21992
1.22342
1.22995
1.2381
1.24668
1.25446
1.25988
1.26136
1.25718
1.24612
1.22729
1.20095
1.16858
1.13387
1.1029
1.08321
1.08063
1.09641
1.12665
1.16444
1.2024
1.23431
1.25547
1.26316
1.25688
1.23854
1.21219
1.18369
1.15944
1.14482
1.14253
1.15184
1.16944
1.19102
1.21291
1.23275
1.24947
1.26288
1.27306
1.27981
1.28253
1.28019
1.27196
1.25765
1.23867
1.21722
1.19645
1.17936
1.16806
1.16367
1.16599
1.17396
1.18572
1.19895
1.21147
1.22164
1.22881
1.23315
1.23514
1.23505
1.23253
1.22673
1.2165
1.2014
1.18194
1.16045
1.14033
1.12585
1.1206
1.1261
1.14125
1.16242
1.18469
1.20327
1.2144
1.21588
1.20749
1.19081
1.16929
1.14735
1.12955
1.11957
1.11902
1.12717
1.1412
1.15736
1.1722
1.18324
1.18959
1.192
1.19242
1.19306
1.1957
1.20092
1.20807
1.21548
1.22099
1.22303
1.22163
1.2182
1.21532
1.21543
1.21993
1.22879
1.24062
1.25322
1.26372
1.2699
1.27034
1.26521
1.25575
1.24347
1.22951
1.21454
1.19944
1.18528
1.17372
1.16667
1.16581
1.1719
1.18439
1.2012
1.21897
1.23409
1.24356
1.24543
1.23934
1.22655
1.21003
1.19391
1.18218
1.17744
1.18028
1.1896
1.2033
1.21873
1.23355
1.24622
1.2562
1.26334
1.26764
1.26904
1.26734
1.26247
1.25459
1.24462
1.23361
1.22261
1.21171
1.19995
1.18579
1.16841
1.14841
1.12847
1.11216
1.1033
1.10409
1.11413
1.13028
1.14827
1.16362
1.17352
1.17725
1.17623
1.17321
1.17156
1.17438
1.18348
1.19887
1.21884
1.24017
1.25979
1.27577
1.28782
1.29635
1.30174
1.3035
1.30067
1.29235
1.2785
1.2601
1.23903
1.21785
1.19928
1.18593
1.17942
1.18013
1.18668
1.19629
1.20549
1.21072
1.20923
1.19971
1.1828
1.16111
1.13914
1.1225
1.11644
1.12426
1.14581
1.17744
1.21318
1.24669
1.27287
1.28872
1.29348
1.28815
1.27486
1.25648
1.23613
1.21653
1.19967
1.18667
1.17773
1.17242
1.1701
1.16991
1.17112
1.1732
1.17584
1.17859
1.18122
1.18341
1.18475
1.18499
1.18424
1.18293
1.18131
1.17918
1.17586
1.17116
1.16494
1.15777
1.15031
1.14336
1.13781
1.13477
1.13524
1.14
1.14921
1.16227
1.17793
1.19466
1.2106
1.22436
1.23493
1.24243
1.24797
1.25303
1.25926
1.2675
1.27732
1.28698
1.29444
1.29758
1.29522
1.28682
1.27245
1.25264
1.22833
1.20059
1.17086
1.14128
1.11425
1.09208
1.07694
1.07023
1.07288
1.0847
1.10416
1.12834
1.15324
1.17501
1.19097
1.19997
1.20272
1.20152
1.19933
1.19942
1.20415
1.2146
1.23057
1.25083
1.27366
1.29687
1.31773
1.3334
1.34155
1.34062
1.33058
1.31239
1.28739
1.2568
1.22191
1.18454
1.14725
1.11341
1.08688
1.07104
1.06784
1.07686
1.09576
1.1205
1.14675
1.1709
1.19087
1.20584
1.21611
1.22228
1.22488
1.22412
1.22007
1.21298
1.20383
1.19433
1.18633
1.18135
1.18014
1.18264
1.18838
1.19705
1.20824
1.22125
1.23475
1.24686
1.25575
1.26004
1.25917
1.25368
1.2443
1.23185
1.21747
1.20264
1.18933
1.17972
1.17539
1.17642
1.18135
1.1877
1.19285
1.19535
1.19533
1.19439
1.19464
1.19739
1.20272
1.20928
1.21513
1.21865
1.21869
1.21497
1.20801
1.19904
1.18936
1.18005
1.17161
1.16399
1.15663
1.14916
1.14152
1.13402
1.12759
1.12301
1.12081
1.1208
1.12235
1.12512
1.1295
1.13721
1.15041
1.17001
1.19468
1.22122
1.24627
1.26755
1.28418
1.2961
1.30324
1.30539
1.30203
1.29298
1.27892
1.26169
1.24469
1.23155
1.22514
1.22608
1.23282
1.2427
1.25274
1.26029
1.26324
1.26021
1.25041
1.23399
1.21204
1.18629
1.15885
1.13216
1.10851
1.09024
1.07921
1.07694
1.08433
1.1013
1.12666
1.15758
1.19003
1.21954
1.24218
1.25506
1.25702
1.24858
1.23176
1.20986
1.18671
1.16552
1.1489
1.13806
1.1333
1.13434
1.14085
1.1526
1.16951
1.19098
1.21624
1.24364
1.27087
1.29517
1.31391
1.32481
1.32666
1.31882
1.30166
1.27648
1.24512
1.21002
1.17419
1.14085
1.11285
1.09231
1.08044
1.07785
1.08481
1.10132
1.12651
1.15816
1.19299
1.22741
1.25767
1.28008
1.29113
1.28843
1.2713
1.24227
1.20706
1.17386
1.1498
1.1385
1.13887
1.14772
1.16148
1.17721
1.19253
1.20556
1.21505
1.22174
1.22744
1.23456
1.24326
1.25176
1.2577
1.25975
1.25779
1.25212
1.24309
1.23109
1.21664
1.20076
1.18445
1.16875
1.15476
1.1439
1.13814
1.13977
1.15018
1.1692
1.19476
1.22369
1.25282
1.27956
1.30206
1.31891
1.32939
1.33322
1.33034
1.32081
1.30519
1.28462
1.26114
1.23735
1.21561
1.19747
1.18294
1.17122
1.16136
1.15318
1.14696
1.14306
1.14125
1.14028
1.13838
1.13381
1.12544
1.11349
1.0992
1.08473
1.07262
1.06554
1.06573
1.07496
1.09377
1.12165
1.15677
1.1964
1.237
1.27531
1.30834
1.33369
1.34962
1.35478
1.34886
1.33277
1.30943
1.28373
1.26151
1.24786
1.24494
1.25139
1.26314
1.27514
1.28324
1.2848
1.27883
1.2662
1.24929
1.23135
1.2155
1.20422
1.19867
1.19906
1.20452
1.21283
1.22104
1.22577
1.22402
1.21419
1.1965
1.17296
1.14683
1.12197
1.10228
1.09107
1.09029
1.09979
1.11665
1.13634
1.15411
1.16691
1.1736
1.1756
1.17557
1.17675
1.18191
1.19275
1.20965
1.23132
1.25546
1.27877
1.29781
1.30934
1.31121
1.30295
1.28586
1.26335
1.2401
1.22114
1.21048
1.20969
1.21827
1.23382
1.25328
1.27337
1.29094
1.30311
1.30789
1.30436
1.29306
1.27567
1.25502
1.23457
1.21848
1.20984
1.2096
1.21591
1.22435
1.2301
1.22955
1.22087
1.20427
1.18142
1.15517
1.12871
1.10503
1.08626
1.07356
1.06671
1.06458
1.06524
1.06656
1.06674
1.06513
1.06237
1.06014
1.06094
1.06704
1.07981
1.09919
1.12385
1.15183
1.18129
1.21071
1.23862
1.26358
1.28379
1.29756
1.30364
1.30144
1.29166
1.27622
1.25824
1.24129
1.22816
1.21995
1.2162
1.21585
1.21794
1.22211
1.22867
1.23768
1.24866
1.25989
1.2691
1.27411
1.27376
1.26769
1.25694
1.24356
1.22997
1.2187
1.2111
1.20719
1.20594
1.20526
1.20343
1.19892
1.19116
1.18024
1.16709
1.15355
1.14203
1.13503
1.13399
1.13875
1.14755
1.15774
1.16679
1.17306
1.17592
1.17605
1.17491
1.17363
1.17219
1.1693
1.16342
1.15406
1.14285
1.13355
1.131
1.13909
1.15928
1.18946
1.22426
1.25694
1.28135
1.29343
1.29187
1.27787
1.25425
1.225
1.19451
1.16722
1.14734
1.13766
1.13917
1.15063
1.16932
1.19127
1.21283
1.2314
1.24554
1.25445
1.25789
1.25567
1.24767
1.23432
1.21713
1.19823
1.18074
1.16752
1.16094
1.16189
1.16957
1.18232
1.19788
1.21411
1.22921
1.24213
1.25202
1.25851
1.26146
1.2608
1.25678
1.24973
1.24012
1.22868
1.21642
1.20469
1.19468
1.1874
1.18297
1.18104
1.18051
1.18057
1.18074
1.18155
1.18373
1.18789
1.19385
1.20081
1.20732
1.21186
1.21323
1.21102
1.20542
1.19716
1.18712
1.17605
1.1644
1.15273
1.14178
1.1326
1.12659
1.12501
1.1286
1.13671
1.1477
1.15928
1.16931
1.17647
1.18015
1.18065
1.17853
1.17452
1.16903
1.16234
1.15445
1.14554
1.13553
1.12463
1.11322
1.10191
1.09168
1.08393
1.08058
1.08379
1.09574
1.11769
1.14941
1.18892
1.23307
1.27808
1.32032
1.3569
1.38557
1.40499
1.41448
1.41415
1.40461
1.38646
1.36027
1.3267
1.28684
1.24218
1.19445
1.14577
1.09906
1.05867
1.02979
1.01641
1.01867
1.03274
1.05302
1.0749
1.09594
1.11525
1.13243
1.14705
1.15884
1.16787
