1.2
1.22144
1.24611
1.27205
1.2976
1.32023
1.3376
1.34809
1.35129
1.34771
1.33916
1.32749
1.31416
1.2995
1.28249
1.26156
1.23562
1.20513
1.17231
1.14061
1.11367
1.09466
1.08502
1.08436
1.09096
1.10162
1.11285
1.12163
1.12595
1.12568
1.1219
1.11685
1.11286
1.11158
1.11354
1.11831
1.12516
1.13356
1.14341
1.15454
1.16654
1.17854
1.18932
1.19788
1.2037
1.20722
1.20959
1.21231
1.21627
1.22112
1.22493
1.22503
1.21871
1.20428
1.18206
1.15449
1.12587
1.10101
1.08415
1.07751
1.08122
1.09381
1.11323
1.1375
1.16548
1.19588
1.2274
1.25812
1.28522
1.30516
1.31434
1.31089
1.29505
1.26931
1.23793
1.20574
1.17715
1.15588
1.14395
1.1419
1.14831
1.16047
1.17514
1.18993
1.20365
1.21607
1.22725
1.23665
1.24342
1.24691
1.24764
1.24713
1.24816
1.25311
1.26272
1.27535
1.28756
1.29544
1.29562
1.28651
1.26836
1.24292
1.21307
1.18156
1.15051
1.121
1.09388
1.07053
1.05303
1.04437
1.04713
1.06265
1.09036
1.12809
1.17208
1.21736
1.25868
1.29143
1.31279
1.32165
1.31836
1.3042
1.28053
1.24887
1.21169
1.17236
1.13542
1.10545
1.08623
1.0796
1.08528
1.10142
1.12451
1.15069
1.1757
1.19595
1.20875
1.21305
1.20958
1.20088
1.19034
1.18144
1.17668
1.17722
1.18292
1.1924
1.20355
1.21417
1.22257
1.2279
1.23021
1.23056
1.22987
1.22889
1.22762
1.2254
1.22141
1.21516
1.20682
1.19745
1.18808
1.17974
1.17333
1.16962
1.16942
1.17337
1.18122
1.1912
1.20052
1.20656
1.20777
1.20455
1.19854
1.19215
1.18683
1.18294
1.18023
1.17854
1.17846
1.18091
1.18651
1.19512
1.20597
1.21766
1.22844
1.23623
1.23932
1.23629
1.22686
1.2117
1.19301
1.17371
1.15641
1.14276
1.1329
1.12606
1.12174
1.12018
1.1226
1.13016
1.14278
1.1592
1.17734
1.19468
1.20909
1.21914
1.22412
1.22436
1.22134
1.21755
1.21547
1.21633
1.21858
1.21882
1.21376
1.2024
1.18678
1.17088
1.15856
1.15189
1.15129
1.15636
1.16685
1.18217
1.20174
1.22456
1.24941
1.27442
1.29694
1.31408
1.32324
1.32282
1.31154
1.28952
1.25789
1.21981
1.18032
1.14545
1.12082
1.10974
1.11239
1.12509
1.14243
1.15924
1.17285
1.18286
1.19089
1.19886
1.20824
1.21956
1.23264
1.24671
1.26097
1.27478
1.28706
1.29645
1.30109
1.29907
1.28913
1.27039
1.24303
1.20824
1.16855
1.12735
1.08895
1.05786
1.03845
1.03387
1.04546
1.07231
1.11114
1.15724
1.20541
1.2503
1.28719
1.31183
1.32116
1.31342
1.28853
1.24857
1.19792
1.14269
1.08991
1.04635
1.01777
1.00748
1.01617
1.04165
1.07974
1.12505
1.17188
1.21523
1.2516
1.27915
1.29773
1.30823
1.31195
1.31017
1.3033
1.2913
1.27416
1.25262
1.22844
1.20487
1.18602
1.17521
1.17407
1.1819
1.19634
1.21432
1.2332
1.25143
1.26843
1.28424
1.29915
1.31314
1.32565
1.33537
1.34059
1.33924
1.3294
1.3099
1.28055
1.2426
1.19858
1.1525
1.10921
1.0741
1.05152
1.04425
1.05247
1.07328
1.10128
1.12989
1.15359
1.16923
1.17662
1.1777
1.17522
1.17153
1.16809
1.16533
1.16301
1.16072
1.15778
1.15361
1.14796
1.14084
1.1327
1.1243
1.11662
1.11089
1.10798
1.10845
1.11271
1.12152
1.13575
1.15534
1.17819
1.20089
1.22056
1.23566
1.24624
1.25285
1.25604
1.2562
1.2534
1.24796
1.2407
1.23258
1.22478
1.21842
1.21416
1.21243
1.21321
1.21603
1.21996
1.22417
1.22797
1.23093
1.23257
1.23228
1.22929
1.22326
1.21476
1.20561
1.19858
1.19599
1.19903
1.20705
1.2185
1.23172
1.24509
1.25727
1.26716
1.27356
1.27547
1.27217
1.26382
1.25166
1.23766
1.22444
1.21422
1.20807
1.2052
1.20309
1.19813
1.18714
1.16786
1.14029
1.10712
1.07369
1.04695
1.03267
1.0321
1.04229
1.05862
1.0774
1.0968
1.11632
1.13613
1.15631
1.17663
1.19655
1.21531
1.23238
1.24758
1.26096
1.27254
1.28218
1.28943
1.29381
1.29485
1.29204
1.28507
1.27355
1.25722
1.23616
1.21151
1.18533
1.16053
1.14012
1.12653
1.12161
1.12645
1.14063
1.1625
1.18907
1.21644
1.24075
1.25866
1.26848
1.27005
1.26493
1.25622
1.24716
1.24039
1.23723
1.23741
1.23955
1.24181
1.24226
1.23958
1.23301
1.22266
1.20971
1.19586
1.18291
1.17227
1.16454
1.15964
1.15691
1.1552
1.15313
1.14963
1.14427
1.13727
1.12935
1.12142
1.11366
1.10582
1.09752
1.08874
1.08082
1.07598
1.07629
1.0822
1.09184
1.10224
1.11066
1.11616
1.11919
1.12115
1.12363
1.12828
1.13695
1.15068
1.16948
1.19242
1.21753
1.24252
1.26506
1.28288
1.29383
1.2963
1.28975
1.27496
1.25464
1.23268
1.21299
1.19832
1.18967
1.18618
1.18662
1.19005
1.19556
1.20244
1.20963
1.21634
1.2225
1.22859
1.23527
1.2424
1.24918
1.25445
1.25757
1.25876
1.25894
1.25909
1.25957
1.2597
1.25797
1.25291
1.24385
1.23136
1.21671
1.20141
1.18644
1.1722
1.15932
1.14903
1.14292
1.14231
1.14726
1.1564
1.16727
1.17684
1.18273
1.18349
1.1794
1.1716
1.16193
1.15254
1.14524
1.14153
1.14211
1.14669
1.15398
1.16218
1.16904
1.1728
1.17241
1.16788
1.16002
1.15
1.139
1.12782
1.11702
1.10721
1.09933
1.09481
1.09536
1.10238
1.11648
1.13701
1.16207
1.18895
1.21482
1.23808
1.25827
1.27598
1.29232
1.30795
1.32231
1.3339
1.34023
1.33915
1.32942
1.31095
1.28465
1.2523
1.21658
1.1811
1.15015
1.12792
1.11714
1.11806
1.12887
1.1465
1.16774
1.1901
1.21179
1.23118
1.24669
1.25676
1.25992
1.25527
1.24341
1.22622
1.2071
1.19054
1.18109
1.18143
1.19096
1.20626
1.2225
1.23558
1.24298
1.24374
1.23778
1.22588
1.2094
1.19039
1.1716
1.15604
1.14673
1.14621
1.1555
1.17386
1.19814
1.22351
1.24472
1.25742
1.25926
1.25025
1.23285
1.21125
1.18991
1.17315
1.16377
1.163
1.1703
1.18379
1.20054
1.21683
1.22925
1.23498
1.23274
1.22271
1.20689
1.18848
1.17109
1.15786
1.15079
1.15058
1.1569
1.16868
1.1846
1.20294
1.22182
1.23921
1.25319
1.26255
1.26692
1.26676
1.26297
1.25656
1.24786
1.23698
1.22351
1.20729
1.18918
1.17012
1.1514
1.13374
1.11735
1.10219
1.08833
1.0765
1.06745
1.06175
1.05945
1.06041
1.06451
1.07183
1.08269
1.09762
1.11735
1.14225
1.1721
1.20544
1.23951
1.2707
1.29554
1.31133
1.31675
1.31253
1.30053
1.28406
1.26657
1.25127
1.24001
1.23333
1.22998
1.22794
1.22459
1.21787
1.20688
1.19238
1.17671
1.16255
1.15254
1.1479
1.14826
1.15202
1.15701
1.16148
1.16426
1.16496
1.16402
1.16225
1.16101
1.16141
1.1642
1.1695
1.17638
1.18347
1.18965
1.1942
1.19738
1.19998
1.20301
1.20709
1.21264
1.22006
1.22882
1.23781
1.24534
1.24911
1.24716
1.23813
1.2222
1.20099
1.17758
1.15585
1.1395
1.13085
1.1307
1.13761
1.149
1.16154
1.17295
1.18255
1.19136
1.20128
1.21343
1.22725
1.24115
1.25314
1.26169
1.2655
1.26404
1.25757
1.24727
1.23481
1.22177
1.21021
1.20202
1.19825
1.19852
1.20125
1.20436
1.20635
1.20671
1.20629
1.20644
1.2085
1.2129
1.21885
1.22488
1.22926
1.23072
1.22874
1.22317
1.21446
1.20321
1.18976
1.17446
1.15762
1.13975
1.12216
1.10676
1.09597
1.09219
1.09701
1.11103
1.13368
1.16318
1.1963
1.22884
1.25686
1.27785
1.29076
1.29571
1.29377
1.28607
1.27408
1.2588
1.24171
1.22468
1.20992
1.19964
1.1949
1.19502
1.19774
1.2004
1.20058
1.19713
1.19056
1.18258
1.17543
1.17151
1.17243
1.17854
1.18871
1.20055
1.21126
1.21884
1.2226
1.22315
1.22177
1.21938
1.21618
1.21181
1.20562
1.19664
1.18447
1.16893
1.15042
1.13031
1.11064
1.09387
1.08286
1.07979
1.08526
1.09824
1.11616
1.13588
1.15474
1.17103
1.18413
1.19451
1.20281
1.20937
1.21377
1.21527
1.21331
1.20792
1.19992
1.19093
1.18283
1.17772
1.17722
1.18252
1.19354
1.2093
1.22769
1.24641
1.26347
1.27782
1.2888
1.29592
1.29833
1.29518
1.28597
1.27113
1.25191
1.23054
1.20949
1.19096
1.1767
1.16751
1.16334
1.16292
1.16431
1.16557
1.16527
1.16286
1.15912
1.1555
1.15374
1.15519
1.16004
1.16736
1.17515
1.18089
1.18225
1.17788
1.16792
1.15423
1.14047
1.13125
1.12997
1.1371
1.1498
1.16433
1.17772
1.18885
1.1979
1.20583
1.21363
1.22236
1.23311
1.24702
1.26457
1.28423
1.30216
1.31339
1.31433
1.30362
1.28221
1.25287
1.21991
1.189
1.16561
1.15323
1.15145
1.15599
1.16199
1.16612
1.16775
1.16806
1.16817
1.16859
1.16933
1.16996
1.17021
1.17028
1.17048
1.1712
1.17276
1.17513
1.1785
1.18339
1.19117
1.20331
1.22055
1.24251
1.26713
1.29116
1.31116
1.32423
1.32851
1.32341
1.3096
1.28871
1.26272
1.23354
1.20321
1.17403
1.14855
1.12913
1.11737
1.11387
1.11793
1.12823
1.14272
1.15922
1.17536
1.18928
1.19938
1.20464
1.20435
1.19846
1.1875
1.1726
1.15604
1.14038
1.12861
1.1228
1.12375
1.13081
1.1427
1.15791
1.17495
1.19241
1.209
1.22366
1.23572
1.24483
1.25094
1.25382
1.25315
1.2484
1.23933
1.22655
1.21185
1.19777
1.18649
1.17875
1.17363
1.16935
1.16494
1.16052
1.15713
1.15545
1.15548
1.15571
1.15406
1.14898
1.14076
1.13138
1.124
1.12186
1.12693
1.13941
1.15785
1.17945
1.20074
1.21865
1.23061
1.23528
1.2327
1.22438
1.213
1.20182
1.19379
1.1909
1.19398
1.20317
1.21834
1.23905
1.26396
1.29059
1.31578
1.33629
1.34935
1.35305
1.34616
1.32804
1.29938
1.26179
1.2179
1.17158
1.12723
1.08982
1.06429
1.05376
1.05813
1.07382
1.09461
1.11417
1.12843
1.1365
1.14011
1.14238
1.14622
1.15333
1.16416
1.17742
1.19106
1.20271
1.21042
1.21338
1.21168
1.20632
1.19854
1.1897
1.18097
1.17312
1.16627
1.1603
1.155
1.15092
1.14938
1.15258
1.16232
1.17924
1.20201
1.22768
1.2528
1.27378
1.28793
1.29357
1.29051
1.27994
1.26439
1.24689
1.23039
1.21695
1.20762
1.20243
1.20028
1.19942
1.19788
1.19423
1.18785
1.17923
1.16969
1.16086
1.15411
1.15019
1.149
1.14945
1.14997
1.14895
1.14548
1.13959
1.13222
1.12484
1.11911
1.11625
1.11712
1.12223
1.13195
1.14615
1.16428
1.18517
1.20722
1.22852
1.24693
1.26011
1.26598
1.26318
1.25203
1.23439
1.21366
1.19374
1.17803
1.1686
1.16571
1.16798
1.17307
1.17853
1.1823
1.18304
1.1802
1.17409
1.16571
1.15669
1.14895
1.14444
1.1449
1.15129
1.16396
1.18228
1.20502
1.23007
1.25488
1.27635
1.29138
1.29764
1.29426
1.28194
1.26228
1.23723
1.20858
1.17813
1.14766
1.11903
1.09428
1.07541
1.06428
1.06224
1.06994
1.08744
1.11416
1.14881
1.18936
1.23282
1.27556
1.3135
1.34295
1.36119
1.36662
1.35928
1.34069
1.3135
1.28128
1.24781
1.21659
1.1905
1.17167
1.16145
1.16041
1.16812
1.18288
1.20197
1.22257
1.24257
1.26107
1.27758
1.29087
1.29835
1.29694
1.28443
1.2601
1.22514
1.18237
1.13605
1.09102
1.05209
1.02345
1.00772
1.00597
1.01736
1.0399
1.0711
1.10894
1.15106
1.1951
1.23809
1.27647
1.30689
1.32672
1.33452
1.33036
1.31574
1.29326
1.26587
1.23671
1.20839
1.18297
1.16186
1.14523
1.13223
1.12168
1.11251
1.10497
1.10091
1.10254
1.11133
1.12688
1.14725
1.17067
1.19576
1.22094
1.2437
1.26039
1.26746
1.26265
1.24635
1.22185
1.19471
1.17082
1.15459
1.14797
1.1504
1.15956
1.17244
1.18665
1.20053
1.21318
1.22442
1.2349
1.24562
1.25733
1.27011
1.28283
1.29346
1.30043
1.30319
1.30227
1.29848
1.29254
1.28472
1.27521
1.26411
1.25153
1.2376
1.22266
1.2077
1.19365
1.18123
1.1707
1.16183
1.15392
1.14637
1.13842
1.12917
1.1181
1.10553
1.0932
1.08407
1.0813
1.08671
1.09997
1.11864
1.13941
1.15903
1.17536
1.18739
1.19513
1.1992
1.20073
1.20078
1.20041
1.20051
1.20175
1.20466
1.20934
1.21549
1.22204
1.22755
1.2305
1.22988
1.225
1.21603
1.20368
1.18955
1.1757
1.16437
1.15697
1.15392
1.15457
1.15762
1.16166
1.16526
1.16748
1.16782
1.16672
1.16602
1.16856
1.17778
1.19594
1.22306
1.25597
1.28928
1.31705
1.33429
1.33811
1.32841
1.30753
1.27978
1.2502
1.22337
1.2022
1.18769
1.17919
1.17544
1.17503
1.17705
1.18093
1.18637
1.1927
1.19877
1.20333
1.20494
1.20275
1.19613
1.18453
1.16791
1.1469
1.12337
1.10032
1.08158
1.07034
1.06872
1.07705
1.0943
1.11837
1.14637
1.17493
1.20054
1.22098
1.23497
1.24257
1.24471
1.24276
1.23784
1.23105
1.22377
1.21693
1.21138
1.20763
1.20548
1.20379
1.20084
1.19504
1.18586
1.17442
1.16363
1.15672
1.1562
1.16292
1.17538
1.1909
1.20619
1.21838
1.22514
1.22474
1.21641
1.20097
1.18093
1.15971
1.14129
1.12887
1.12464
1.12956
1.14335
1.16416
1.18919
1.2149
1.23828
1.25671
1.26858
1.27338
1.27119
1.26241
1.24824
1.23017
1.21033
1.19164
1.17668
1.16751
1.16501
1.16923
1.17915
1.19339
1.20971
1.22586
1.23996
1.25086
1.25804
1.26144
1.26107
1.25698
1.2489
1.23677
1.22054
1.20056
1.17775
1.1537
1.13056
1.11081
1.09721
1.09242
1.09785
1.1132
1.13613
1.16241
1.18736
1.20729
1.2206
1.22718
1.22832
1.22509
1.21864
1.21029
1.20136
1.19392
1.19003
1.19169
1.19988
1.21448
1.23398
1.25561
1.276
1.29147
1.29868
1.2952
1.28004
1.25413
1.22002
1.18154
1.14286
1.10794
1.0794
1.05904
1.04814
1.04727
1.05642
1.07417
1.09813
1.12514
1.15193
1.17614
1.19629
1.2124
1.22504
1.23518
1.24389
1.2519
1.25967
1.26728
1.27417
1.27937
1.28169
1.28036
1.2755
1.26794
1.2585
1.24753
1.23463
1.219
1.2001
1.17815
1.15435
1.13065
1.10961
1.09378
1.08511
1.08462
1.092
1.10584
1.12396
1.14389
1.16355
1.18136
1.19605
1.20669
1.21302
1.2152
1.2138
1.21012
1.20554
1.20124
1.19811
1.19646
1.1963
1.19735
1.19929
1.20172
1.20404
1.20553
1.20516
1.20188
1.19483
1.18449
1.17237
1.16078
1.15172
1.14644
1.14469
1.14507
1.14527
1.14342
1.13875
1.13203
1.12502
1.12028
1.1195
1.12339
1.13147
1.1424
1.15498
1.16872
1.18336
1.19883
1.2148
1.23038
1.24467
1.25706
1.26736
1.2757
1.28223
1.28678
1.28914
1.28897
1.28609
1.28045
1.27231
1.26208
1.2501
1.23679
1.22261
1.20867
1.19594
1.18475
1.17399
1.16193
1.14745
1.13107
1.11458
1.10055
1.09119
1.08779
1.09027
1.09729
1.10685
1.1168
1.12555
1.13277
1.13913
1.14649
1.15706
1.17182
1.18993
1.20925
1.22697
1.24083
1.24948
1.25256
1.25104
1.24669
1.24186
1.23863
1.23858
1.24224
1.24929
1.25857
1.26821
1.27633
1.28108
1.28066
1.27353
1.25846
1.23537
1.20505
1.16965
1.13257
1.09866
1.07383
1.06352
1.06954
1.08903
1.11504
1.14072
1.16207
1.17846
1.19155
1.20357
1.21588
1.22838
1.23977
1.24795
1.25096
1.24773
1.23823
1.22361
1.20631
1.1891
1.17469
1.1652
1.16121
1.16201
1.16599
1.17137
1.1767
1.18118
1.18468
1.1875
1.19008
1.19302
1.1968
1.20199
1.20907
1.21821
1.22914
1.24083
1.25121
1.25785
1.25837
1.25125
1.23716
1.21913
1.20193
1.18956
1.18336
1.18158
1.18111
1.17879
1.17286
1.16271
1.14915
1.13389
1.11932
1.10775
1.10141
1.10183
1.10972
1.12483
1.14594
1.17099
1.19738
1.22207
1.24227
1.25598
1.26188
1.25977
1.25009
1.23413
1.21399
1.19209
1.1711
1.1532
1.14018
1.13316
1.13203
1.13532
1.14101
1.14701
1.15179
1.15473
1.15582
1.15565
1.15551
1.15666
1.16076
1.16901
1.18226
1.20042
1.22241
1.24579
1.26755
1.28523
1.29771
1.30499
1.30778
1.3061
1.2992
1.28573
1.26466
1.23632
1.20298
1.1679
1.13481
1.10669
1.08589
1.07403
1.0722
1.08108
1.10046
1.12853
1.16188
1.19603
1.22634
1.24916
1.26236
1.26564
1.26039
1.24912
1.23479
1.21988
1.20603
1.19439
1.18587
1.1814
1.18142
1.18588
1.19404
1.20474
1.21689
1.22922
1.24047
1.24927
1.25391
1.25248
1.24328
1.2257
1.20106
1.17232
1.14382
1.12009
1.10453
1.09903
1.10383
1.11734
1.13659
1.15769
1.17662
1.19041
1.19722
1.19671
1.18953
1.17733
1.16211
1.14582
1.13013
1.116
1.10388
1.09355
1.08496
1.07832
1.07452
1.07481
1.08068
1.09303
1.11175
1.13548
1.16176
1.18767
1.21089
1.22987
1.24436
1.25514
1.26366
1.27149
1.27972
1.28887
1.29849
1.30704
1.31262
1.31356
1.30895
1.2999
1.28914
1.28002
1.27487
1.27334
1.27259
1.26865
1.25816
1.23999
1.21531
1.18758
1.16102
1.1394
1.12477
1.1169
1.11427
1.11458
1.11544
1.11479
1.11167
1.10677
1.10281
1.10371
1.11286
1.13132
1.15719
1.18661
1.21505
1.23834
1.25403
1.26105
1.26027
1.25372
1.24448
1.23553
1.22954
1.22784
1.23039
1.23604
1.24313
1.24971
1.25416
1.25522
1.25174
1.24302
1.22864
1.2087
1.18398
1.15611
1.1284
1.10565
1.09271
1.09133
1.09874
1.10961
1.11958
1.12636
1.12941
1.12882
1.12499
1.11842
1.11012
1.10119
1.09292
1.08681
1.0842
1.08616
1.09303
1.10466
1.12093
1.14178
1.16727
1.19643
1.22758
1.25806
1.28539
1.30788
1.32501
1.33736
1.34549
1.34988
1.34991
1.34453
1.33267
1.31397
1.28934
1.26055
1.22979
1.1993
1.17086
1.14609
1.12637
1.11278
1.10583
1.10534
1.11047
1.1199
1.13208
1.14503
1.15694
1.16624
1.1718
1.17348
1.17224
1.17011
1.17016
1.17569
1.18919
1.21088
1.23817
1.26643
1.29064
1.30702
1.31375
1.31052
1.29753
1.27551
1.2456
1.20997
1.17207
1.13647
1.10789
1.08967
1.08301
1.08616
1.09598
1.10915
1.12287
1.13543
1.1457
1.15292
1.1567
1.15689
1.15383
1.14852
1.14294
1.1401
1.14382
1.15755
1.18293
1.21823
1.25933
1.30036
1.33612
1.36336
1.3805
1.3876
1.38551
1.37521
1.35752
1.33332
1.3036
1.26996
1.23472
1.20053
1.17006
1.14538
1.12771
1.11736
1.11414
1.11735
1.12602
1.13909
1.15469
1.17015
1.18222
1.18833
1.18768
1.18144
1.17292
1.16633
1.16542
1.1721
1.18585
1.20367
1.22109
1.23349
1.23776
1.23314
1.22164
1.20716
1.19462
1.18811
1.1898
1.19958
1.21519
1.23289
1.24852
1.25846
1.25998
1.25206
1.23536
1.21219
1.18624
1.16181
1.14235
1.12938
1.12222
1.11874
1.11702
1.1164
1.1177
1.12238
1.13211
1.14773
1.16898
1.19471
1.22289
1.25149
1.27841
1.30173
1.31955
1.3299
1.33152
1.32392
1.30782
1.28527
1.25888
1.23183
1.20721
1.18765
1.17482
1.16909
1.16915
1.172
1.17363
1.17023
1.15914
1.13953
1.11285
1.08285
1.05431
1.03204
1.01942
1.01795
1.02753
1.0465
1.07247
1.10275
1.13471
1.16605
1.19466
1.21904
1.23857
1.25373
1.26574
1.2757
1.28387
1.28951
1.29151
1.28883
1.28139
1.26996
1.25567
1.24004
1.22477
1.21145
1.20186
1.1973
1.19855
1.20545
1.21672
1.23041
1.24426
1.25647
1.26589
1.27185
1.27392
1.27191
1.26601
1.25685
1.24558
1.23331
1.22047
1.20674
1.19092
1.17131
1.14703
1.11817
1.0863
1.05423
1.02565
1.0039
0.991695
0.990824
1.00177
1.02363
1.05402
1.08908
1.12403
1.15411
1.17565
1.18663
1.18675
1.17773
1.16276
1.14605
1.13222
1.12522
1.12761
1.14
1.16105
1.1878
1.21648
1.24325
1.26463
1.27794
1.28144
1.27506
1.26042
1.2414
1.22318
1.21117
1.20931
1.2187
1.23715
1.26039
1.28318
1.30073
1.30894
1.30535
1.28895
1.26083
1.22382
1.18249
1.14212
1.10775
1.08338
1.07106
1.07069
1.08024
1.09679
1.11713
1.13881
1.16047
1.18164
1.20245
1.22288
1.24204
1.25825
1.2693
1.27333
1.26941
1.25824
1.24165
1.22225
1.2024
1.18342
1.1657
1.14929
1.13528
1.12615
1.12519
1.13418
1.15227
1.17585
1.20054
1.22281
1.24048
1.25254
1.25866
1.25918
1.25485
1.24685
1.23654
1.22534
1.21417
1.20318
1.19185
1.17917
1.16393
1.14529
1.1237
1.10099
1.08013
1.06425
1.05502
1.05228
1.05553
1.06562
1.08459
1.11391
1.15249
1.19642
1.24013
1.27836
1.30752
1.3258
1.3334
1.33167
1.3225
1.30779
1.28935
1.26839
1.24613
1.22342
1.20171
1.18258
1.16834
1.16143
1.16349
1.17437
1.19148
1.21066
1.22733
1.23739
1.23837
1.22971
1.21263
1.1897
1.16422
1.13951
1.11894
1.10572
1.10296
1.11274
1.13485
1.16622
1.20142
1.23453
1.26048
1.27636
1.28149
1.27703
1.26539
1.24953
1.23237
1.2162
1.20248
1.19162
1.18358
1.17777
1.17367
1.17044
1.1671
1.16255
1.15574
1.1462
1.13449
1.12213
1.11131
1.10429
1.10326
1.10931
1.12241
1.14115
1.16325
1.18623
1.20833
1.22811
1.24439
1.25586
1.26108
1.25884
1.24843
1.23027
1.20639
1.18056
1.158
1.1437
1.1409
1.14983
1.16775
1.18968
1.2103
1.22539
1.23254
1.23163
1.22442
1.21386
1.20334
1.19586
1.19405
1.19922
1.21128
1.22913
1.25134
1.27611
1.30161
1.32525
1.34392
1.35431
1.35396
1.34213
1.31956
1.28884
1.25338
1.21608
1.17914
1.14419
1.11306
1.08789
1.07088
1.06334
1.06522
1.07527
1.0912
1.11058
1.13115
1.15122
1.16951
1.18546
1.19911
1.21093
1.2218
1.23223
1.24213
1.25065
1.25632
1.25752
1.25307
1.24279
1.22766
1.20945
1.19022
1.17151
1.15426
1.13863
1.1244
1.11144
1.10013
1.09179
1.08858
1.09274
1.10493
1.12308
1.14283
1.15972
1.17079
1.17589
1.17667
1.17519
1.1728
1.16982
1.16595
1.16124
1.15654
1.15336
1.15329
1.15732
1.16586
1.17855
1.19451
1.21225
1.23025
1.24684
1.26034
1.26997
1.27579
1.2787
1.27994
1.28058
1.28122
1.28149
1.28094
1.27888
1.27499
1.26918
1.2618
1.25334
1.24485
1.23762
1.23287
1.23085
1.23033
1.22867
1.22252
1.20912
1.18711
1.15766
1.12431
1.09254
1.06823
1.05561
1.05594
1.06692
1.08458
1.10514
1.12685
1.14981
1.17464
1.20132
1.22829
1.25298
1.27336
1.28814
1.29695
1.30009
1.2983
1.29294
1.28608
1.27942
1.27341
1.26708
1.25896
1.24801
1.23379
1.21602
1.19466
1.1698
1.14181
1.11196
1.08276
1.05775
1.04094
1.03564
1.04384
1.06546
1.09851
1.13958
1.18445
1.22928
1.27045
1.30505
1.33076
1.34587
1.34955
1.34173
1.32317
1.29579
1.26279
1.2282
1.19632
1.1707
1.15274
1.14133
1.13426
1.12967
1.1269
1.12653
1.12951
1.13656
1.1477
1.16251
1.18018
1.19923
1.21784
1.23373
1.24523
1.25133
1.25173
1.24704
1.23829
1.22659
1.21283
1.19785
1.18277
1.169
1.15795
1.1508
1.14789
1.14894
1.1528
1.15837
1.16435
1.16971
1.17361
1.17567
1.17602
1.1748
1.17242
1.1687
1.16347
1.15618
1.14618
1.13351
1.11934
1.10659
1.09924
1.10121
1.11463
1.13886
1.16992
1.20219
1.23061
1.25304
1.27048
1.2859
1.30138
1.31661
1.32918
1.33655
1.33693
1.32968
1.31525
1.29517
1.27168
1.24765
1.2258
1.20784
1.19472
1.18621
1.18132
1.17839
1.17571
1.17204
1.16676
1.16031
1.15377
1.14856
1.14677
1.14993
1.15856
1.17095
1.18358
1.19273
1.19612
1.19318
1.18525
1.1744
1.16311
1.15381
1.14783
1.14521
1.14438
1.14324
1.13982
1.13334
1.12444
1.11493
1.10696
1.1028
1.10374
1.11016
1.1213
1.13577
1.1521
1.16906
1.18597
1.20269
1.2195
1.23674
1.25466
1.27297
1.29064
1.30575
1.31568
1.3181
1.31136
1.29516
1.27119
1.24236
1.21286
1.1872
1.16917
1.16039
1.16019
1.16579
1.17378
1.18129
1.18685
1.19071
1.19415
1.19852
1.20458
1.21204
1.21964
1.22571
1.22851
1.22681
1.22045
1.21003
1.19755
1.18522
1.1753
1.16908
1.16685
1.16802
1.171
1.1745
1.17731
1.17901
1.17957
1.17919
1.1784
1.17771
1.17802
1.18034
1.18519
1.192
1.19884
1.20285
1.20149
1.1933
1.1785
1.15911
1.13807
1.11832
1.10241
1.0921
1.08831
1.09193
1.10383
1.12414
1.15198
1.1845
1.21729
1.245
1.26365
1.27115
1.26759
1.2556
1.23911
1.22238
1.20858
1.19924
1.19397
1.19146
1.19006
1.18813
1.18459
1.17974
1.17576
1.17667
1.18648
1.20748
1.23838
1.27494
1.31103
1.34101
1.36048
1.3674
1.36157
1.34444
1.31858
1.28709
1.25321
1.21987
1.18927
1.16245
1.14014
1.12277
1.11105
1.10569
1.10647
1.11217
1.12041
1.12889
1.13598
1.14126
1.14497
1.14735
1.14819
1.1466
1.14218
1.1351
1.12673
1.11887
1.11365
1.11263
1.11675
1.12668
1.14219
1.16224
1.18482
1.20702
1.22561
1.23774
1.24172
1.23757
1.22719
1.21408
1.20217
1.19442
1.192
1.19415
1.19915
1.20516
1.21084
1.21546
1.21872
1.22096
1.22236
1.22319
1.22366
1.22397
1.22397
1.22338
1.22192
1.21907
1.2149
1.21029
1.20684
1.20668
1.21104
1.21953
1.22994
1.23904
1.24412
1.24384
1.2386
1.23048
1.22201
1.21509
1.21025
1.20676
1.20371
1.20064
1.19816
1.19763
1.20032
1.2066
1.21558
1.22564
1.23464
1.24078
1.2424
1.23784
1.22558
1.20503
1.17709
1.14452
1.11177
1.0839
1.06554
1.05955
1.06629
1.08321
1.10521
1.12607
1.14023
1.1448
1.13955
1.12724
1.1123
1.09966
1.09356
1.09691
1.11127
1.13647
1.17077
1.21084
1.25224
1.29047
1.32183
1.34426
1.35692
1.36043
1.35622
1.34631
1.33291
1.31789
1.30256
1.28773
1.27335
1.25923
1.24509
1.23077
1.21651
1.20283
1.19051
1.18031
1.17294
1.16861
1.1667
1.16575
1.16405
1.16013
1.15332
1.14431
1.13469
1.12626
1.12015
1.11678
1.11577
1.11685
1.11991
1.12513
1.13292
1.14317
1.15577
1.17115
1.18981
1.21194
1.23615
1.25933
1.27752
1.28741
1.28755
1.27859
1.26279
1.24265
1.21942
1.19331
1.16404
1.13171
1.09794
1.06591
1.04063
1.02737
1.02992
1.04912
1.08219
1.12379
1.16767
1.20846
1.24273
1.26905
1.28748
1.29879
1.30365
1.30248
1.29586
1.28503
1.27239
1.26087
1.25295
1.24988
1.25149
1.25651
1.26321
1.2699
1.27556
1.28015
1.28391
1.28653
1.28676
1.28272
1.27308
1.25794
1.23878
1.21765
1.19632
1.17563
1.1554
1.13485
1.11292
1.08912
1.06415
1.04017
1.02011
1.00687
1.00272
1.00884
1.02564
1.05293
1.08936
1.13213
1.17735
1.22083
1.25849
1.28771
1.30719
1.3166
1.3168
1.30913
1.29505
1.27596
1.25314
1.22805
1.20234
1.17819
1.15773
1.14267
1.13405
1.13159
1.13365
1.13768
1.14108
1.14261
1.14249
1.14285
1.14658
1.15612
1.1722
1.19385
1.2183
1.24207
1.26179
1.2751
1.28109
1.28041
1.2745
1.26575
1.25667
1.24937
1.24468
1.24232
1.24053
1.23715
1.23029
1.21902
1.20381
1.1866
1.17029
1.15732
1.14939
1.14693
1.14909
1.1544
1.16142
1.16869
1.17511
1.17944
1.18065
1.17798
1.1712
1.16091
1.14811
1.13452
1.12201
1.11252
1.10752
1.10767
1.11286
1.1219
1.13322
1.14503
1.1564
1.16707
1.17765
1.18873
1.201
1.21448
1.22917
1.2448
1.26132
1.27876
1.29707
1.31557
1.3329
1.34688
1.3549
1.35442
1.34387
1.32348
1.29504
1.26168
1.22716
1.19499
1.16777
1.147
1.13307
1.125
1.1212
1.11992
1.12
1.12091
1.12284
1.12619
1.13115
1.13771
1.14516
1.15303
1.15997
1.16462
1.1657
1.16248
1.15538
1.14599
1.13706
1.13112
1.12989
1.13357
1.1407
1.149
1.15623
1.1611
1.16352
1.16445
1.16545
1.16806
1.1738
1.18386
1.19855
1.21721
1.2381
1.25862
1.27579
1.28686
1.29039
1.28605
1.2751
1.25952
1.242
1.22472
1.20908
1.19563
1.18477
1.17666
1.17167
1.17011
1.17186
1.17622
1.18173
1.18651
1.18875
1.18706
1.18121
1.17234
1.16288
1.15604
1.15464
1.15991
1.17141
1.18695
1.20301
1.21552
1.22067
1.2159
1.20018
1.17461
1.14227
1.10811
1.07837
1.05954
1.05669
1.07164
1.10235
1.14406
1.19093
1.23696
1.27685
1.30617
1.32206
1.32368
1.31256
1.29209
1.26697
1.24171
1.22003
1.20408
1.19421
1.18961
1.18857
1.18937
1.19021
1.18969
1.18686
1.18176
1.17562
1.17066
1.16915
1.17264
1.18138
1.19421
1.20898
1.2235
1.23591
1.24493
1.25036
1.2527
1.25293
1.25229
1.25173
1.25191
1.25286
1.2543
1.25581
1.25648
1.25533
1.25128
1.2435
1.23172
1.21702
1.20142
1.18767
1.1777
1.1724
1.17112
1.17287
1.17663
1.18188
1.18833
1.19589
1.20401
1.21194
1.21812
1.22051
1.21717
1.20686
1.18974
1.16763
1.14392
1.12269
1.10787
1.10224
1.107
1.12126
1.14195
1.16461
1.18449
1.19785
1.20245
1.19767
1.18451
1.16491
1.14155
1.11748
1.09589
1.08035
1.07395
1.07826
1.09251
1.11363
1.13733
1.15961
1.17759
1.19046
1.19866
1.20375
1.20744
1.21074
1.21372
1.21557
1.21524
1.21228
1.20736
1.20208
1.19853
1.19835
1.20193
1.20872
1.21759
1.22764
1.23838
1.25006
1.26272
1.27552
1.28667
1.29424
1.29656
1.29266
1.28189
1.26419
1.24047
1.21307
1.18597
1.16373
1.15009
1.14633
1.151
1.16055
1.17039
1.176
1.17436
1.16476
1.14932
1.13197
1.11688
1.10714
1.1043
1.10883
1.12085
1.13968
1.16348
1.18957
1.21507
1.23827
1.25822
1.27449
1.28622
1.29228
1.2916
1.28406
1.27085
1.25399
1.23591
1.21894
1.20505
1.19542
1.19031
1.18928
1.1916
1.19677
1.20451
1.21403
1.22382
1.23146
1.23484
1.23291
1.22579
1.21463
1.20106
1.18678
1.1732
1.16121
1.15141
1.14361
1.13777
1.13375
1.13194
1.13338
1.13952
1.15157
1.16998
1.19346
1.21902
1.2427
1.26095
1.27138
1.27331
1.26691
1.25345
1.2343
1.21158
1.18829
1.1673
1.15003
1.13574
1.12302
1.1122
1.10593
1.10699
1.11669
1.13408
1.15665
1.18185
1.20787
1.23344
1.25707
1.27679
1.29052
1.29721
1.29744
1.2931
1.28624
1.2776
1.26665
1.25182
1.23218
1.20811
1.18145
1.15518
1.13293
1.11746
1.11029
1.11096
1.11806
1.12977
1.14499
1.1629
1.18263
1.20265
1.22016
1.23231
1.23708
1.23401
1.22479
1.21294
1.20255
1.19725
1.19919
1.208
1.22125
1.23503
1.24521
1.2484
1.24267
1.22807
1.20654
1.1818
1.1583
1.14005
1.12972
1.12801
1.13387
1.14527
1.15986
1.17558
1.19088
1.20448
1.21537
1.22261
1.22502
1.22206
1.2138
1.20138
1.18648
1.17065
1.15521
1.14097
1.12874
1.1199
1.1159
1.11722
1.12332
1.13259
1.14361
1.15583
1.1697
1.18588
1.20424
1.22341
1.24086
1.25364
1.25943
1.25715
1.24772
1.23332
1.21715
1.20271
1.19233
1.18721
1.18654
1.18846
1.19091
1.19271
1.19366
1.19443
1.19613
1.20017
1.20719
1.21681
1.22778
1.23807
1.24556
1.24848
1.24569
1.23694
1.22293
1.2054
1.18679
1.16936
1.1547
1.14311
1.1342
1.12754
1.12313
1.12113
1.12151
1.12378
1.12717
1.13082
1.13438
1.13819
1.14298
1.14989
1.16005
1.17386
1.19072
1.20847
1.2246
1.23768
1.24807
1.25777
1.26902
1.28269
1.29761
1.31128
1.32098
1.32418
1.3196
1.30721
1.28894
1.26763
1.24599
1.22494
1.20335
1.17951
1.15324
1.1269
1.10488
1.09184
1.09062
1.10148
1.1226
1.15113
1.18416
1.2184
1.25025
1.27605
1.29269
1.29855
1.29377
1.28061
1.26224
1.24204
1.22285
1.20631
1.1927
1.1817
1.17252
1.1652
1.16023
1.15844
1.16059
1.1663
1.17443
1.18319
1.1908
1.1964
1.19979
1.20116
1.20074
1.19862
1.19503
1.19041
1.18552
1.18143
1.1792
1.17958
1.18285
1.18878
1.19674
1.20588
1.21541
1.22428
1.23143
1.23577
1.23671
1.23407
1.22834
1.22056
1.21187
1.20349
1.19602
1.18988
1.18547
1.18311
1.18319
1.1857
1.18997
1.19439
1.19699
1.19616
1.19158
1.185
1.17947
1.17795
1.1818
1.19046
1.20234
1.21545
1.22801
1.2384
1.24525
1.24719
1.24345
1.234
1.21955
1.20181
1.18308
1.16607
1.15342
1.14728
1.14806
1.15348
1.15948
1.16096
1.15444
1.13909
1.11698
1.09276
1.07215
1.06086
1.06271
1.07873
1.10734
1.14477
1.18595
1.22601
1.26056
1.28681
1.30345
1.31128
1.31243
1.30998
1.30684
1.30414
1.30106
1.2952
1.28393
1.26602
1.24211
1.21476
1.18738
1.16322
1.14457
1.1328
1.12799
1.12883
1.13297
1.1376
1.14084
1.14197
1.14152
1.14065
1.1411
1.1453
1.15528
1.17216
1.19497
1.22136
1.24752
1.26993
1.28653
1.29655
1.30024
1.2984
1.29199
1.28171
1.26795
1.25155
1.23352
1.21554
1.19949
1.18688
1.17821
1.17327
1.17071
1.1693
1.16767
1.1649
1.16071
1.15521
1.14907
1.1433
1.13926
1.13813
1.14102
1.14825
1.15919
1.17275
1.18707
1.2004
1.21106
1.2177
1.21939
1.21583
1.20734
1.19489
1.18037
1.16655
1.15632
1.15207
1.1546
1.16301
1.1755
1.19053
1.20735
1.22539
1.24378
1.26104
1.27527
1.28509
1.28943
1.28826
1.28173
1.27015
1.25402
1.23404
1.21142
1.18773
1.1651
1.14583
1.13188
1.12489
1.12588
1.13482
1.15032
1.16944
1.1881
1.20235
1.20903
1.20652
1.19483
1.17529
1.15052
1.12364
1.09821
1.07753
1.06437
1.06051
1.06642
1.08138
1.10375
1.13119
1.16165
1.19323
1.22453
1.25419
1.28091
1.30348
1.32043
1.33053
1.33294
1.32724
1.31329
1.29124
1.26181
1.22716
1.19082
1.15729
1.13087
1.11453
1.10914
1.11324
1.12374
1.13683
1.14894
1.15742
1.16111
1.16011
1.15568
1.14943
1.14299
1.13724
1.13245
1.12845
1.12493
1.12203
1.12059
1.12237
1.12982
1.14521
1.16934
1.20042
1.23416
1.26485
1.28759
1.29931
1.29943
1.28919
1.27152
1.25034
1.23074
1.21714
1.21261
1.21841
1.2334
1.25411
1.2757
1.29313
1.30269
1.30288
1.29424
1.27895
1.25999
1.24024
1.22183
1.20561
1.19123
1.17775
1.16471
1.15222
1.14146
1.13347
1.12887
1.12735
1.12797
1.13006
1.1333
1.13807
1.14531
1.15604
1.17042
1.18699
1.20339
1.21676
1.22538
1.22878
1.22763
1.22317
1.21692
1.21005
1.20335
1.19754
1.19307
1.19029
1.1892
1.1894
1.1903
1.19104
1.19082
1.18892
1.18487
1.17849
1.17047
1.16247
1.15687
1.15597
1.16111
1.17232
1.18859
1.20787
1.2276
1.24439
1.25494
1.2567
1.249
1.23321
1.21228
1.18994
1.16956
1.15376
1.14437
1.14271
1.14926
1.16345
1.18343
1.20597
1.22731
1.24385
1.25348
1.25615
1.25349
1.24704
1.23746
1.22531
1.2115
1.19795
1.18677
1.17907
1.17449
1.1714
1.16777
1.16269
1.15671
1.15195
1.15102
1.15572
1.16664
1.18294
1.20261
1.2232
1.24206
1.25707
1.26701
1.27158
1.27155
1.2683
1.26321
1.2575
1.25183
1.24595
1.2394
1.23141
1.22178
1.21079
1.19895
1.1864
1.17225
1.15533
1.13484
1.11127
1.08701
1.06578
1.05165
1.04788
1.05586
1.075
1.10268
1.13519
1.1685
1.19859
1.22234
1.23774
1.24401
1.24215
1.2344
1.22343
1.2114
1.19975
1.1893
1.18052
1.17365
1.16869
1.1652
1.16328
1.16371
1.16815
1.17826
1.19437
1.21529
1.23898
1.26371
1.28846
1.31243
1.33462
1.35322
1.36587
1.37011
1.36398
1.34686
1.32001
1.28604
1.24874
1.21219
1.17969
1.15289
1.13158
1.11407
1.09879
1.08448
1.07076
1.05821
1.0482
1.04255
1.04331
1.05162
1.06693
1.08755
1.11068
1.13369
1.1546
1.17285
1.1888
1.20369
1.21859
1.23319
1.24607
1.25489
1.25811
1.25528
1.24729
1.23563
1.22183
1.20746
1.1937
1.1819
1.17336
1.16916
1.16969
1.17465
1.18275
1.1923
1.20163
1.20919
1.21341
1.21278
1.20627
1.19353
1.17555
1.155
1.13565
1.12209
1.11809
1.12542
1.14337
1.16917
1.19887
1.22853
1.25459
1.27439
1.28632
1.28994
1.28563
1.27469
1.25907
1.24123
1.22395
1.21022
1.20246
1.20185
1.20783
1.2179
1.2286
1.23655
1.23949
1.23688
1.22976
1.22029
1.2107
1.20252
1.19593
1.19006
1.18405
1.17729
1.16965
1.16113
1.15178
1.14176
1.13114
1.12019
1.10958
1.10036
1.09378
1.09116
1.09352
1.10128
1.11425
1.13153
1.15136
1.17156
1.18964
1.20339
1.21128
1.21299
1.2094
1.20224
1.19378
1.18615
1.18106
1.17938
1.18112
1.18572
1.19188
1.1981
1.20323
1.2061
1.20601
1.20246
1.19566
1.18665
1.17733
1.17018
1.16776
1.17204
1.18324
1.19965
1.21806
1.23439
1.24509
1.24783
1.24225
1.22972
1.21296
1.19528
1.17993
1.1693
1.16497
1.16716
1.17501
1.18651
1.19905
1.2101
1.21783
1.22144
1.22111
1.2175
1.21149
1.20357
1.19381
1.18217
1.1691
1.1558
1.14484
1.13947
1.14242
1.15457
1.17414
1.19747
1.2204
1.23901
1.25076
1.25434
1.24982
1.2386
1.22326
1.2071
1.19307
1.18289
1.17644
1.17224
1.1684
1.16374
1.15824
1.15335
1.15141
1.15446
1.16356
1.17782
1.19501
1.21206
1.22666
1.2375
1.24418
1.24695
1.2459
1.24066
1.23066
1.21541
1.19491
1.16991
1.14218
1.11442
1.08963
1.07116
1.0618
1.06325
1.07565
1.09729
1.12547
1.15696
1.18873
1.21767
1.24098
1.25612
1.2617
1.25772
1.24603
1.23001
1.21386
1.20083
1.19245
1.18885
1.18966
1.19496
1.20473
1.21815
1.23368
1.24934
1.263
1.27293
1.27789
1.27752
1.27222
1.26301
1.25152
1.23901
1.22623
1.21364
1.20145
1.19021
1.18056
1.17314
1.16862
1.16719
1.16873
1.17289
1.17886
1.1854
1.19065
1.19285
1.19053
1.18352
1.17291
1.16061
1.14857
1.1379
1.12907
1.12228
1.11819
1.11799
1.12293
1.13324
1.14708
1.16132
1.17269
1.17967
1.18285
1.18462
1.18802
1.19577
1.20887
1.22692
1.24789
1.2694
1.28912
1.30496
1.31479
1.31692
1.31043
1.29569
1.27451
1.24998
1.22575
1.20481
1.18863
1.17702
1.16876
1.16268
1.15822
1.15551
1.15533
1.15821
1.16403
1.17138
1.1777
1.1806
1.17876
1.17292
1.16539
1.15897
1.15581
1.15704
1.16318
1.17323
1.18525
1.19696
1.20642
1.2127
1.21575
1.21621
1.21486
1.21225
1.20864
1.20434
1.1997
1.1951
1.19133
1.18933
1.19002
1.1939
1.2006
1.20856
1.21591
1.22071
1.22209
1.21991
1.21467
1.20675
1.19641
1.18371
1.16876
1.1525
1.13662
1.1233
1.11466
1.11197
1.11537
1.1236
1.13523
1.14895
1.16395
1.17936
1.19393
1.2059
1.21363
1.21628
1.21468
1.21112
1.20857
1.20905
1.21334
1.22066
1.22959
1.23904
1.2484
1.25764
1.26658
1.27467
1.28039
1.28156
1.27581
1.26133
1.23757
1.20519
1.16631
1.12467
1.08516
1.05326
1.0334
1.0279
1.03597
1.05445
1.0788
1.10461
1.1283
1.14754
1.16125
1.16978
1.17479
1.17866
1.18429
1.19413
1.20959
1.23055
1.25571
1.28272
1.30883
1.33153
1.34861
1.35898
1.36218
1.35831
1.34767
1.33013
1.30595
1.27579
1.24131
1.20535
1.17101
1.14093
1.11641
1.09733
1.08285
1.0726
1.06713
1.06768
1.07498
1.08855
1.10615
1.12466
1.14107
1.15335
1.16098
1.1647
1.16604
1.16652
1.1678
1.17102
1.17723
1.18721
1.20093
1.21782
1.23658
1.25558
1.27259
1.28513
1.29075
1.28771
1.27585
1.25666
1.23328
1.20911
1.18759
1.17111
1.16146
1.15962
1.16536
1.17703
1.19169
1.20603
1.21721
1.22336
1.2239
1.21968
1.21217
1.20282
1.19253
1.18164
1.17113
1.16235
1.15681
1.15622
1.16188
1.17462
1.19416
1.21868
1.24515
1.27012
1.29074
1.30482
1.31107
1.30907
1.2991
1.28256
1.26153
1.23849
1.21647
1.19804
1.18509
1.17809
1.17559
1.17481
1.17205
1.16428
1.14986
1.12888
1.10335
1.07685
1.054
1.04009
1.03961
1.05498
1.08527
1.12643
1.1722
1.21557
1.25049
1.27297
1.28081
1.27379
1.25377
1.22417
1.18978
1.15548
1.12534
1.10204
1.08676
1.07974
1.08102
1.09058
1.10803
1.1326
1.16266
1.19583
1.22928
1.25999
1.28515
1.30244
1.31027
1.30787
1.29548
1.27408
1.24565
1.21293
1.17943
1.14888
1.12448
1.10852
1.10153
1.1021
1.10783
1.11606
1.12517
1.13494
1.14658
1.16176
1.18179
1.20678
1.23492
1.26294
1.28684
1.30293
1.30926
1.30566
1.29353
1.27502
1.25271
1.2286
1.20441
1.18134
1.16067
1.14352
1.13104
1.12364
1.12073
1.12052
1.12175
1.12437
1.13022
1.14177
1.16069
1.18624
1.21517
1.24299
1.26525
1.2787
1.28199
1.27626
1.26376
1.24658
1.22509
1.19906
1.16983
1.14104
1.11772
1.10408
1.10214
1.11108
1.1273
1.1467
1.1655
1.18085
1.19136
1.19705
1.19877
1.19783
1.1954
1.19285
1.19135
1.1918
1.19447
1.19893
1.20377
1.20764
1.20949
1.20909
1.20656
1.20176
1.19412
1.18369
1.17105
1.15776
1.14607
1.13811
1.13528
1.13767
1.14433
1.15366
1.16413
1.17422
1.18289
1.18986
1.19545
1.2006
1.2066
1.21429
1.22348
1.23298
1.24067
1.24414
1.24147
1.23201
1.21677
1.19791
1.17834
1.16082
1.14785
1.14145
1.14329
1.15467
1.17529
1.20257
1.23192
1.25829
1.27756
1.28767
1.28845
1.28054
1.26542
1.24507
1.22174
1.19775
1.17479
1.15397
1.13575
1.12073
1.11024
1.10586
1.10897
1.12022
1.13905
1.16366
1.19159
1.22004
1.24628
1.26782
1.28305
1.29127
1.29293
1.28934
1.28208
1.2725
1.26122
1.24793
1.23184
1.21242
1.19014
1.16665
1.14467
1.12764
1.11865
1.11922
1.12908
1.14596
1.16607
1.18546
1.20104
1.21143
1.21701
1.21891
1.21836
1.21562
1.21014
1.20167
1.19057
1.17802
1.16552
1.15431
1.14479
1.13633
1.12825
1.12123
1.11766
1.11985
1.12779
1.13952
1.15324
1.16845
1.18607
1.20661
1.22985
1.25434
1.27767
1.29729
1.31106
1.3173
1.315
1.30402
1.28524
1.26082
1.234
1.20866
1.18833
1.17553
1.17108
1.17468
1.18505
1.20039
1.2181
1.23457
1.24621
1.25038
1.24614
1.23386
1.21513
1.19185
1.16625
1.14048
1.11627
1.09462
1.07587
1.06014
1.04826
1.04181
1.04336
1.0555
1.07909
1.1117
1.14803
1.18192
1.20851
1.22535
1.23269
1.23248
1.22813
1.22338
1.22113
1.22297
1.22926
1.23918
1.25172
1.26558
1.2793
1.29136
1.3004
1.30566
1.30735
1.30613
1.30286
1.29824
1.29225
1.28452
1.27428
1.2612
1.24582
1.22864
1.20987
1.18926
1.16664
1.14327
1.12134
1.10385
1.09338
1.09135
1.09775
1.111
1.12843
1.14762
1.16673
1.18475
1.20092
1.21408
1.22296
1.22654
1.22476
1.21886
1.21095
1.20283
1.19551
1.18893
1.1826
1.17608
1.16967
1.16423
1.16078
1.15981
1.16143
1.16549
1.17156
1.17953
1.18888
1.19781
1.203
1.20082
1.18936
1.16947
1.1445
1.11927
1.09883
1.08713
1.08635
1.09648
1.11581
1.14113
1.16892
1.19583
1.21965
1.23946
1.25558
1.26893
1.28033
1.2904
1.29915
1.30653
1.31225
1.31587
1.31678
1.31424
1.30742
1.29548
1.27811
1.25529
1.22837
1.19961
1.17248
1.15053
1.13691
1.13271
1.1371
1.14707
1.1585
1.16705
1.1692
1.1632
1.15023
1.13408
1.11999
1.11219
1.1122
1.11919
1.13181
1.14887
1.16882
1.18947
1.20807
1.22225
1.23051
1.23262
1.22974
1.22354
1.21579
1.2083
1.202
1.19729
1.19417
1.19251
1.19209
1.19301
1.19493
1.19762
1.20068
1.20386
1.2072
1.21055
1.21394
1.21673
1.21809
1.21714
1.21331
1.20684
1.19905
1.19213
1.18789
1.18706
1.18932
1.19344
1.19816
1.20258
1.20664
1.21082
1.21553
1.22045
1.22476
1.22726
1.22695
1.22349
1.21699
1.20867
1.20034
1.19397
1.19104
1.19195
1.196
1.20119
1.20539
1.20658
1.20375
1.19708
1.18717
1.17538
1.16308
1.15156
1.14221
1.13638
1.13515
1.13879
1.14685
1.15812
1.171
1.1835
1.19413
1.20166
1.20552
1.20538
1.2012
1.19328
1.18213
1.169
1.1559
1.14556
1.14066
1.14272
1.15168
1.16566
1.18205
1.19854
1.21322
1.22484
1.23287
1.23694
1.23683
1.23231
1.22347
1.21094
1.19617
1.18141
1.1694
1.16269
1.16302
1.17039
1.183
1.19758
1.21023
1.21742
1.21686
1.20796
1.19182
1.17099
1.14917
1.13025
1.11759
1.11293
1.11643
1.12714
1.14373
1.16458
1.18771
1.21065
1.2307
1.24609
1.25571
1.25938
1.25727
1.24976
1.23743
1.22118
1.20254
1.18372
1.16726
1.1551
1.14825
1.14633
1.14763
1.1495
1.14897
1.14384
1.13342
1.1189
1.10265
1.08806
1.07829
1.07578
1.08171
1.09552
1.1155
1.13906
1.16309
1.18435
1.19979
1.20706
1.20516
1.19491
1.17972
1.1649
1.15525
1.15284
1.15651
1.16361
1.17165
1.17963
1.18722
1.19475
1.20285
1.21219
1.22345
1.23683
1.25228
1.26908
1.28577
1.30055
1.31119
1.31581
1.31314
1.30288
1.28589
1.26383
1.23908
1.21409
1.19167
1.17445
1.16437
1.162
1.16617
1.17421
1.18331
1.19138
1.19745
1.2009
1.20112
1.19742
1.18919
1.17657
1.16074
1.1438
1.1283
1.11662
1.11053
1.1108
1.11695
1.12766
1.14119
1.15569
1.1698
1.18277
1.19446
1.20539
1.21636
1.22774
1.23913
1.24921
1.25617
1.25823
1.2544
1.24411
1.22723
1.20409
1.17584
1.14467
1.11414
1.0885
1.07206
1.06819
1.07821
1.10108
1.13341
1.17042
1.20714
1.2391
1.26323
1.27796
1.28288
1.27941
1.26977
1.25711
1.24425
1.23335
1.22507
1.2192
1.21499
1.21241
1.21223
1.216
1.22512
1.24021
1.26022
1.28276
1.30433
1.32149
1.33109
1.33083
1.31937
1.2961
1.26188
1.21893
1.1714
1.12461
1.08432
1.05564
1.04136
1.04157
1.05372
1.07369
1.09682
1.11916
1.13759
1.14993
1.15489
1.15248
1.14395
1.1322
1.12134
1.1158
1.11884
1.13163
1.15311
1.18012
1.20846
1.23404
1.25344
1.26426
1.26561
1.25793
1.24278
1.22252
1.19994
1.17768
1.15805
1.14282
1.1332
1.13002
1.13394
1.14509
1.16306
1.18652
1.21308
1.2397
1.26373
1.28339
1.29854
1.31004
1.31852
1.32392
1.32548
1.32214
1.31344
1.30001
1.28351
1.26626
1.25087
1.23988
1.23493
1.23578
1.24009
1.24398
1.24343
1.23561
1.21937
1.19531
1.16585
1.13409
1.10313
1.07527
1.05172
1.03323
1.02026
1.01335
1.01277
1.01805
1.02794
1.04116
1.0568
1.07457
1.09502
1.11896
1.14635
1.17588
1.20486
1.23009
1.24873
1.25931
1.26225
1.25964
1.25466
1.25019
1.24837
1.24968
1.25315
1.2565
1.25752
1.2546
1.24706
1.23533
1.221
1.20646
1.19411
1.18621
1.18407
1.18786
1.19664
1.20846
1.22094
1.2315
1.23794
1.23868
1.23275
1.22014
1.2017
1.17919
1.15506
1.13201
1.11229
1.09737
1.08813
1.0848
1.08716
1.09438
1.10532
1.11903
1.13511
1.15392
1.17586
1.20117
1.22945
1.25952
1.28936
1.31626
1.33773
1.35159
1.3563
1.35125
1.33671
1.31378
1.28434
1.25082
1.21599
1.18238
1.15204
1.12591
1.10438
1.08727
1.07404
1.06446
1.05835
1.05621
1.05874
1.067
1.08175
1.1026
1.128
1.1553
1.18137
1.20387
1.22167
1.23475
1.24404
1.2503
1.25439
1.2572
1.2595
1.26207
1.26516
1.26834
1.27048
1.27009
1.26586
1.25697
1.24356
1.22695
1.20976
1.1952
1.1862
1.18438
1.18927
1.19847
1.20852
1.21604
1.21892
1.21629
1.20884
1.1981
1.18594
1.17373
1.16182
1.14952
1.1361
1.12118
1.10539
1.09003
1.07654
1.06647
1.06147
1.06324
1.07364
1.09373
1.12274
1.15756
1.19371
1.22626
1.25171
1.26804
1.27525
1.27461
1.26816
1.25853
1.24879
1.24158
1.2385
1.23951
1.24349
1.24845
1.25241
1.25339
1.25006
1.24226
1.23112
1.21818
1.20531
1.1938
1.18443
1.17802
1.17542
1.17721
1.18284
1.19038
1.19732
1.20115
1.20044
1.19472
1.18446
1.17098
1.15652
1.14348
1.13424
1.13093
1.13447
1.14406
1.15768
1.17312
1.18882
1.20466
1.22132
1.23918
1.25752
1.27478
1.28886
1.29809
1.30196
1.30102
1.29635
1.28924
1.28021
1.26938
1.25675
1.24196
1.22452
1.20421
1.18149
1.15791
1.13615
1.1195
1.11058
1.11042
1.11832
1.13235
1.14979
1.16793
1.18426
1.19694
1.20479
1.20729
1.20508
1.19917
1.19123
1.18295
1.17595
1.17161
1.171
1.17487
1.18345
1.19641
1.21243
1.22956
1.24546
1.2578
1.2647
1.2653
1.26013
1.25071
1.23945
1.22871
1.22005
1.21403
1.20978
1.20571
1.1998
1.1902
1.1756
1.15571
1.13179
1.10665
1.08449
1.07023
1.06789
1.07941
1.10372
1.13716
1.17478
1.21129
1.24251
1.26548
1.27874
1.28209
1.27609
1.26191
1.24132
1.21625
1.18929
1.16348
1.14228
1.12887
1.12527
1.13213
1.14853
1.17207
1.19899
1.22483
1.24503
1.25625
1.2569
1.24788
1.23195
1.21317
1.19599
1.18398
1.17911
1.18152
1.18997
1.20235
1.21643
1.2302
1.24189
1.25006
1.25353
1.25157
1.24388
1.23112
1.21498
1.19825
1.18438
1.17636
1.1762
1.18332
1.19524
1.2075
1.2157
1.21671
1.20944
1.19555
1.17891
1.16435
1.15624
1.15647
1.164
1.17515
1.18551
1.19159
1.19183
1.18678
1.17822
1.1684
1.15911
1.15135
1.14552
1.14184
1.14046
1.14172
1.14562
1.15187
1.15913
1.16519
1.16796
1.16558
1.1576
1.14459
1.12796
1.10947
1.09077
1.07356
1.05978
1.05135
1.04992
1.0561
1.06918
1.08754
1.10915
1.13184
1.15396
1.17468
1.19416
1.21306
1.23261
1.25301
1.27357
1.29304
1.31003
1.3231
1.3311
1.33307
1.32821
1.3163
1.29801
1.27529
1.25109
1.22867
1.21063
1.19834
1.19179
1.19024
1.19245
1.19727
1.20388
1.21175
1.21992
1.22724
1.23179
1.2319
1.22663
1.21644
1.20312
1.18888
1.17502
1.16184
1.14947
1.13905
1.13277
1.13356
1.14349
1.16297
1.19
1.22059
1.24997
1.27355
1.28776
1.2906
1.28193
1.26324
1.23761
1.20943
1.18343
1.16376
1.15247
1.14909
1.15137
1.1565
1.16182
1.16532
1.16604
1.16381
1.15946
1.1546
1.15097
1.14968
1.15146
1.15655
1.16522
1.17747
1.19325
1.21168
1.23141
1.25069
1.26765
1.28107
1.28985
1.2935
1.29216
1.28632
1.2769
1.26519
1.25219
1.23849
1.22438
1.2101
1.1962
1.18329
1.17216
1.16294
1.15524
1.14831
1.14169
1.13561
1.13089
1.12854
1.12907
1.13212
1.13636
1.14025
1.14238
1.14218
1.1399
1.13674
1.13447
1.13503
1.14009
1.15029
1.16509
1.18265
1.20048
1.21622
1.22821
1.23596
1.23977
1.24037
1.23821
1.23336
1.22574
1.21561
1.20399
1.19241
1.18282
1.17689
1.17572
1.17948
1.18728
1.19723
1.20698
1.21396
1.21668
1.21456
1.20863
1.201
1.19434
1.19086
1.19202
1.19796
1.2077
1.21952
1.23148
1.24232
1.25096
1.25668
1.25863
1.25573
1.24703
1.23206
1.21121
1.1862
1.15998
1.13655
1.11979
1.11229
1.11476
1.1258
1.14219
1.16008
1.17596
1.18731
1.19269
1.19205
1.18636
1.17771
1.16843
1.16093
1.15701
1.15689
1.15975
1.16437
1.16961
1.17506
1.18103
1.18795
1.19631
1.20582
1.21565
1.22407
1.22929
1.22966
1.22462
1.21489
1.20263
1.19069
1.18206
1.17882
1.18172
1.18961
1.19961
1.20808
1.21168
1.2081
1.19715
1.18065
1.162
1.14496
1.13256
1.12596
1.12444
1.12646
1.13117
1.13917
1.15227
1.17174
1.19736
1.22712
1.25781
1.28583
1.30833
1.32408
1.33347
1.33781
1.33886
1.33821
1.33684
1.3351
1.33297
1.32968
1.32429
1.31604
1.30487
1.29109
1.27513
1.25696
1.23594
1.21151
1.18384
1.15446
1.12567
1.10012
1.07986
1.06581
1.05742
1.05296
1.05008
1.04675
1.04182
1.03517
1.02756
1.02015
1.01387
1.00928
1.00662
1.00638
1.01009
1.02016
1.03885
1.06692
1.10242
1.14147
1.17963
1.21342
1.24057
1.26028
1.27267
1.27868
1.27953
1.2765
1.27124
1.26515
1.25948
1.25522
1.25242
1.25079
1.24959
1.24833
1.24671
1.24456
1.24188
1.2389
1.23592
1.23389
1.2342
1.23835
1.24727
1.26025
1.27465
1.28656
1.29239
1.28986
1.27856
1.26018
1.2374
1.2136
1.19195
1.17489
1.1637
1.15825
1.15736
1.159
1.16114
1.16189
1.16056
1.15772
1.15517
1.15546
1.16084
1.17259
1.19072
1.2142
1.24163
1.27107
1.30026
1.32658
1.34702
1.35871
1.35932
1.34769
1.32388
1.28968
1.24799
1.20299
1.1587
1.11899
1.08655
1.06301
1.04881
1.04329
1.0451
1.05211
1.06259
1.07568
1.09164
1.11107
1.13405
1.15896
1.18348
1.20549
1.22402
1.23902
1.25073
1.25898
1.26338
1.2638
1.26068
1.25495
1.24709
1.23671
1.22326
1.20639
1.18688
1.16673
1.14887
1.13616
1.13054
1.1326
1.1414
1.15499
1.17099
1.18731
1.20247
1.21558
1.2268
1.23673
1.24631
1.25649
1.26766
1.27952
1.29094
1.30009
1.30507
1.30423
1.29643
1.2818
1.26152
1.23775
1.21305
1.19016
1.17156
1.15913
1.15349
1.15397
1.15886
1.1661
1.17365
1.18004
1.18385
1.18406
1.18012
1.17201
1.16075
1.14831
1.13718
1.12978
1.12749
1.13
1.13516
1.14029
1.14343
1.14455
1.14514
1.14709
1.15183
1.15941
1.16862
1.17753
1.18425
1.18753
1.18686
1.18261
1.17584
1.16793
1.16038
1.1541
1.1498
1.14829
1.15064
1.15815
1.17138
1.18985
1.21202
1.23544
1.25753
1.27555
1.28726
1.29144
1.28822
1.27931
1.26756
1.25589
1.24647
1.23965
1.23436
1.22851
1.22013
1.20859
1.19461
1.18045
1.16901
1.1629
1.16294
1.16753
1.17334
1.17677
1.17534
1.16865
1.15788
1.14598
1.1362
1.13146
1.13325
1.14147
1.15446
1.17
1.18572
1.19968
1.21043
1.21676
1.21823
1.21516
1.20974
1.20491
1.20387
1.20871
1.21982
1.23581
1.25425
1.27269
1.28904
1.30176
1.30944
1.31134
1.30699
1.29717
1.28381
1.26947
1.25598
1.24336
1.22937
1.21081
1.18577
1.15437
1.11895
1.08305
1.05095
1.0265
1.01214
1.00862
1.01468
1.02747
1.04369
1.06059
1.07682
1.09224
1.10771
1.1241
1.14238
1.16292
1.18545
1.20955
1.23429
1.25853
1.28124
1.30143
1.31811
1.3307
1.3383
1.34061
1.33783
1.33073
1.32079
1.30958
1.29839
1.28786
1.27786
1.26788
1.25731
1.24552
1.23195
1.21664
1.20012
1.18306
1.16611
1.14917
1.13195
1.11461
1.09853
1.08544
1.07738
1.07563
1.08085
1.093
1.11164
1.13574
1.1634
1.19199
1.21789
1.23795
1.24939
1.25092
1.24266
1.22635
1.20525
1.18411
1.16801
1.16095
1.16443
1.17724
1.196
1.21655
1.23511
1.24935
1.25821
1.26151
1.25974
1.25355
1.2434
1.2295
1.21216
1.19167
1.169
1.14597
1.12466
1.10754
1.0967
1.09343
1.09757
1.1078
1.12191
1.13769
1.15352
1.16863
1.18275
1.19572
1.20703
1.21578
1.22116
1.22258
1.2203
1.21536
1.20908
1.20303
1.19886
1.19815
1.20203
1.2106
1.22283
1.23654
1.24909
1.25799
1.26179
1.25964
1.25161
1.2387
1.22234
1.20446
1.18732
1.17297
1.16294
1.15773
1.15687
1.15915
1.16355
1.16943
1.17705
1.1869
1.1992
1.21277
1.22521
1.23366
1.23559
1.22934
1.21434
1.19104
1.16139
1.12889
1.09892
1.07747
1.06943
1.07666
1.09765
1.12833
1.16452
1.20254
1.23931
1.27239
1.29957
1.31885
1.32869
1.32866
1.31978
1.30435
1.28591
1.26805
1.25394
1.24568
1.2436
1.24703
1.25429
1.263
1.27054
1.27457
1.27323
1.26547
1.25121
1.23157
1.20862
1.18553
1.16571
1.15178
1.14439
1.14166
1.13994
1.13573
1.12735
1.11516
1.1015
1.0895
1.08205
1.08107
1.0872
1.10022
1.11936
1.14369
1.17163
1.20087
1.22815
1.25024
1.26457
1.26995
1.2666
1.2563
1.24201
1.22705
1.21415
1.20506
1.20048
1.20098
1.20712
1.21928
1.23639
1.25591
1.27384
1.2855
1.28667
1.27464
1.24933
1.21386
1.17382
1.13599
1.10636
1.0889
1.08475
1.09269
1.10952
1.13183
1.1565
1.18096
1.20333
1.22191
1.23542
1.24294
1.2444
1.2408
1.23379
1.22547
1.21853
1.21544
1.21829
1.22764
1.24255
1.26042
1.27812
1.292
1.29892
1.29659
1.28417
1.2625
1.23399
1.20249
1.17245
1.14773
1.1312
1.12442
1.12731
1.13867
1.15644
1.17743
1.19764
1.21301
1.21985
1.21652
1.20446
1.18816
1.17427
1.16789
1.16948
1.17524
1.18029
1.18197
1.18028
1.17692
1.17399
1.17304
1.17495
1.18007
1.18847
1.19941
1.21121
1.22146
1.22806
1.23009
1.22763
1.22183
1.21387
1.20483
1.19533
1.18588
1.17681
1.16797
1.1591
1.15041
1.14262
1.13727
1.13596
1.1387
1.14397
1.14974
1.15492
1.16018
1.16679
1.17538
1.18553
1.19615
1.20624
1.21566
1.22454
1.23333
1.24194
1.24995
1.25671
1.26129
1.26262
1.25956
1.25137
1.2381
1.22095
1.2022
1.18487
1.17172
1.16473
1.16436
1.16958
1.17788
1.18556
1.18909
1.18612
1.17672
1.16295
1.14863
1.13809
1.13507
1.14204
1.15943
1.18549
1.2168
1.24875
1.27657
1.29618
1.30445
1.29965
1.28173
1.25216
1.21396
1.17146
1.13
1.09509
1.07138
1.06152
1.06623
1.08405
1.11206
1.14637
1.18248
1.21649
1.24504
1.26573
1.27689
1.27765
1.26786
1.24787
1.2191
1.18402
1.14682
1.11305
1.08868
1.07784
1.08088
1.09518
1.11737
1.1446
1.17464
1.20574
1.23639
1.26516
1.29055
1.31108
1.32578
1.3342
1.33606
1.33116
1.3192
1.30015
1.27498
1.24546
1.21473
1.18663
1.16473
1.15132
1.14671
1.15002
1.15964
1.17383
1.1907
1.20815
1.22345
1.23382
1.2368
1.23126
1.21763
1.19825
1.17673
1.1565
1.14037
1.12975
1.12463
1.12432
1.12772
1.13384
1.14213
1.15169
1.16164
1.17099
1.17878
1.18434
1.18765
1.18965
1.19243
1.19812
1.2075
1.21911
1.22995
1.23686
1.2374
1.23073
1.21761
1.2005
1.18258
1.16721
1.15731
1.15471
1.1597
1.17132
1.1874
1.2057
1.22405
1.24045
1.25308
1.26036
1.26105
1.25484
1.24179
1.22261
1.19859
1.17191
1.14636
1.12657
1.11706
1.1205
1.13654
1.16188
1.19161
1.2203
1.2435
1.25837
1.26385
1.26082
1.25185
1.24016
1.22877
1.21925
1.21169
1.20541
1.19939
1.19294
1.18555
1.17731
1.16913
1.16283
1.16054
1.16352
1.17156
1.18352
1.19803
1.21407
1.23082
1.24737
1.26229
1.27396
1.2807
1.28106
1.27435
1.26097
1.24241
1.22115
1.20009
1.18133
1.16553
1.1522
1.14008
1.12897
1.12
1.11578
1.11857
1.12894
1.14471
1.16206
1.17744
1.18843
1.19435
1.19681
1.19891
1.20395
1.21288
1.22371
1.23339
1.23963
1.242
1.241
1.23733
1.23152
1.22397
1.21531
1.20668
1.19913
1.19366
1.19089
1.191
1.19366
1.19813
1.20289
1.20583
1.20505
1.19946
1.18981
1.17884
1.17012
1.16707
1.17145
1.18264
1.19746
1.21114
1.21963
1.222
1.22048
1.21885
1.21897
1.22008
1.2194
1.21499
1.20702
1.19805
1.19134
1.18969
1.19392
1.20364
1.21777
1.23458
1.25118
1.26423
1.27093
1.27053
1.2646
1.25575
1.24661
1.2392
1.23452
1.23278
1.23312
1.23365
1.23176
1.22516
1.21258
1.19399
1.17106
1.14618
1.12217
1.10159
1.08606
1.07625
1.07167
1.07141
1.07467
1.08114
1.09044
1.10191
1.11458
1.12758
1.1406
1.1539
1.16837
1.18533
1.20673
1.23397
1.26632
1.29993
1.32905
1.34907
1.35781
1.35594
1.34524
1.3277
1.30493
1.27846
1.25008
1.22192
1.19645
1.17621
1.16338
1.15982
1.16615
1.18147
1.20288
1.22569
1.24479
1.25643
1.25928
1.25403
1.24236
1.22615
1.20688
1.18612
1.16604
1.14927
1.1381
1.13379
1.13587
1.14243
1.15014
1.15602
1.15776
1.15546
1.15168
1.1504
1.15447
1.16408
1.17692
1.18963
1.19924
1.20422
1.20455
1.20105
1.19558
1.19002
1.18621
1.18528
1.18714
1.19007
1.19139
1.18804
1.17808
1.16105
1.13872
1.11433
1.09197
1.07523
1.06656
1.06691
1.07568
1.09147
1.11243
1.13639
1.16097
1.18383
1.20284
1.21639
1.2238
1.22549
1.22277
1.21792
1.21319
1.21032
1.20974
1.21045
1.21128
1.2118
1.21337
1.21877
1.23065
1.24998
1.27455
1.30008
1.32158
1.33509
1.33846
1.33185
1.31721
1.29772
1.27684
1.25779
1.24271
1.23223
1.22571
1.22152
1.21757
1.21169
1.20215
1.18819
1.17048
1.15106
1.133
1.1188
1.10948
1.1043
1.10195
1.10096
1.10074
1.10132
1.10335
1.10775
1.11551
1.12724
1.14261
1.16034
1.1779
1.192
1.19919
1.19743
1.18763
1.17409
1.16279
1.15804
1.16034
1.16801
1.17914
1.1927
1.20775
1.22291
1.23632
1.24599
1.2503
1.24862
1.24135
1.22966
1.21569
1.20182
1.19033
1.18294
1.18061
1.18365
1.19169
1.20402
1.21897
1.23407
1.24624
1.25301
1.25257
1.24457
1.22977
1.2097
1.18684
1.16366
1.14287
1.12705
1.1185
1.11871
1.12803
1.14544
1.16848
1.19379
1.21783
1.23725
1.24938
1.25235
1.24559
1.23051
1.21122
1.19388
1.18423
1.18441
1.19246
1.20451
1.21768
1.23069
1.24304
1.2536
1.26024
1.25993
1.25027
1.23104
1.20477
1.17638
1.15161
1.13488
1.1287
1.13335
1.14736
1.16775
1.1906
1.21175
1.22753
1.23562
1.23513
1.22637
1.21088
1.19094
1.16894
1.14738
1.12859
1.11461
1.10706
1.10674
1.11394
1.12834
1.14924
1.17499
1.20304
1.2307
1.25557
1.2759
1.29075
1.29968
1.30302
1.30098
1.29383
1.28172
1.26493
1.24481
1.22338
1.20325
1.18709
1.17647
1.17165
1.17177
1.17575
1.18286
1.19242
1.20372
1.21545
1.22579
1.23268
1.23478
1.23141
1.22265
1.20953
1.19365
1.17664
1.15994
1.14456
1.1313
1.12112
1.11477
1.11271
1.11488
1.12096
1.13034
1.14219
1.15574
1.16973
1.18312
1.19489
1.20389
1.20917
1.20924
1.20306
1.19022
1.17149
1.14948
1.12843
1.11331
1.10843
1.11573
1.13383
1.15846
1.18389
1.20493
1.21836
1.22349
1.2218
1.216
1.2093
1.20458
1.20399
1.20856
1.21801
1.23079
1.24422
1.2552
1.26113
1.26061
1.2539
1.2427
1.22902
1.21493
1.20186
1.1908
1.18269
1.17806
1.17733
1.18049
1.1865
1.19347
1.199
1.20061
1.19617
1.18444
1.16557
1.14148
1.11623
1.09519
1.08351
1.08393
1.09596
1.11633
1.14075
1.16539
1.18784
1.20747
1.22499
1.24118
1.25602
1.26884
1.27829
1.28329
1.28365
1.28039
1.27541
1.27057
1.26671
1.26275
1.25612
1.24404
1.22479
1.19857
1.16778
1.13664
1.11052
1.09466
1.09204
1.10234
1.12189
1.14529
1.16691
1.18239
1.18916
1.18665
1.17674
1.16342
1.15098
1.14212
1.13771
1.13733
1.14019
1.14492
1.15026
1.15491
1.15831
1.16061
1.16285
1.16706
1.17554
1.19034
1.21163
1.23753
1.26491
1.28984
1.30909
1.32008
1.32144
1.31288
1.29479
1.26891
1.23817
1.20637
1.17797
1.15688
1.14562
1.14497
1.15408
1.17084
1.19254
1.21577
1.23695
1.25289
1.26148
1.26211
1.25612
1.24611
1.23489
1.22427
1.21516
1.20808
1.20307
1.19994
1.19792
1.19613
1.19407
1.19187
1.19026
1.18999
1.19144
1.19438
1.19795
1.20095
1.20219
1.20096
1.19685
1.18992
1.18062
1.16958
1.15721
1.14337
1.12769
1.11024
1.09207
1.07576
1.06491
1.06284
1.07134
1.09002
1.11682
1.14858
1.18191
1.21336
1.2395
1.25747
1.2657
1.26439
1.25522
1.24092
1.22453
1.20851
1.19431
1.1826
1.17352
1.16698
1.16334
1.16293
1.16632
1.17339
1.18336
1.19492
1.20623
1.21549
1.2214
1.22316
1.22068
1.21483
1.20733
1.20062
1.19724
1.19886
1.20546
1.21515
1.22515
1.23282
1.23689
1.23714
1.2345
1.22994
1.22451
1.21947
1.2166
1.21779
1.22413
1.23498
1.24798
1.25954
1.26602
1.26498
1.25572
1.23944
1.21868
1.19716
1.17845
1.16502
1.15752
1.15489
1.15545
1.15738
1.15935
1.16039
1.15981
1.15727
1.15269
1.1462
1.13832
1.13026
1.12355
1.12024
1.12219
1.13098
1.14724
1.17018
1.19739
1.22537
1.25023
1.26867
1.27899
1.28123
1.27651
1.26628
1.25144
1.23219
1.20907
1.18345
1.1574
1.13393
1.11599
1.10564
1.10398
1.11139
1.12785
1.15317
1.18636
1.22492
1.26467
1.30084
1.32929
1.34724
1.35338
1.34767
1.33102
1.3049
1.27146
1.23341
1.19441
1.15841
1.1296
1.11159
1.10657
1.11478
1.13412
1.16047
1.18872
1.2135
1.2309
1.23927
1.23862
1.23031
1.21609
1.19793
1.17816
1.15917
1.14283
1.13071
1.12377
1.12242
1.12615
1.1338
1.14315
1.1511
1.15469
1.15215
1.14376
1.13212
1.12147
1.11668
1.12186
1.13936
1.1684
1.20475
1.2422
1.27514
1.30008
1.31558
1.32174
1.31915
1.30893
1.29175
1.26884
1.24192
1.21411
1.18949
1.17119
1.16
1.15363
1.14837
1.14122
1.13136
1.12047
1.11142
1.10704
1.10879
1.11605
1.12666
1.13763
1.1465
1.15237
1.15622
1.16044
1.16806
1.18134
1.20094
1.22531
1.25128
1.27494
1.29281
1.30261
1.30348
1.29577
1.28071
1.26031
1.23718
1.2142
1.19428
1.17974
1.17203
1.17128
1.17636
1.18508
1.19526
1.20503
1.2135
1.22033
1.22528
1.22785
1.22691
1.22124
1.20955
1.19143
1.16798
1.1421
1.11867
1.1038
1.10266
1.11726
1.14532
1.18102
1.21733
1.2479
1.26847
1.27671
1.27245
1.25714
1.23361
1.20601
1.17909
1.15761
1.14522
1.14373
1.15314
1.1718
1.19701
1.22508
1.25233
1.27529
1.29112
1.29776
1.29428
1.28068
1.25807
1.22864
1.19517
1.16111
1.13017
1.10597
1.09145
1.08799
1.09551
1.11208
1.13378
1.1559
1.17348
1.18285
1.18231
1.17217
1.15404
1.13057
1.10515
1.08184
1.06493
1.05859
1.06587
1.08797
1.1232
1.16738
1.21478
1.25959
1.29687
1.32336
1.33764
1.33985
1.33179
1.3162
1.2963
1.27532
1.25543
1.23767
1.22167
1.20654
1.19145
1.17619
1.1613
1.14783
1.13701
1.1302
1.12873
1.13329
1.14436
1.161
1.18109
1.20168
1.21997
1.23388
1.24238
1.24567
1.24482
1.24181
1.23836
1.23599
1.23479
1.23365
1.23083
1.22467
1.21413
1.19926
1.18074
1.16006
1.13921
1.12057
1.10596
1.09634
1.09132
1.09064
1.09517
1.10665
1.12602
1.15226
1.18278
1.21448
1.24476
1.27148
1.29309
1.30857
1.3177
1.32076
1.31812
1.31031
1.29806
1.28234
1.26417
1.24494
1.22574
1.20748
1.1913
1.17852
1.17078
1.16935
1.17425
1.18427
1.19692
1.20872
1.2161
1.21621
1.20762
1.19088
1.1685
1.14417
1.12188
1.10498
1.0954
1.09297
1.09603
1.10212
1.10926
1.11648
1.12377
1.13177
1.14192
1.15553
1.17399
1.19746
1.22442
1.2519
1.27623
1.29434
1.30387
1.3034
1.29269
1.27253
1.24548
1.21521
1.18644
1.16372
1.15095
1.15046
1.16233
1.18419
1.21136
1.23819
1.25921
1.27018
1.26915
1.25667
1.23574
1.21095
1.18734
1.16914
1.15879
1.15688
1.1627
1.17444
1.18979
1.20634
1.22191
1.23473
1.24384
1.24904
1.25069
1.24936
1.24556
1.23993
1.23317
1.22593
1.21886
1.21223
1.20584
1.19872
1.18919
1.17544
1.15664
1.13353
1.10853
1.08438
1.0629
1.04497
1.03174
1.02468
1.02568
1.03586
1.05528
1.08283
1.1164
1.15342
1.19157
1.22871
1.26341
1.2946
1.321
1.34075
1.35184
1.35319
1.34478
1.32787
1.30455
1.27749
1.24934
1.22314
1.20176
1.18733
1.18034
1.17905
1.1803
1.18061
1.17758
1.17061
1.16081
1.15065
1.14266
1.13888
1.14026
1.14626
1.15536
1.16535
1.17449
1.18152
1.18642
1.18984
1.19275
1.196
1.20018
1.20523
1.21042
1.21479
1.21726
1.21711
1.21397
1.20841
1.20195
1.19707
1.1962
1.20046
1.20902
1.22
1.23127
1.24101
1.24801
1.25115
1.25014
1.24538
1.23832
1.23087
1.22487
1.22169
1.2218
1.22508
1.23073
1.23766
1.24482
1.25115
1.25548
1.25642
1.25252
1.24271
1.22705
1.20675
1.1839
1.16045
1.13778
1.11624
1.09603
1.07756
1.06212
1.05179
1.04881
1.05444
1.06855
1.08971
1.1156
1.14402
1.17297
1.20051
1.22464
1.24332
1.25513
1.25952
1.25769
1.25233
1.2466
1.24225
1.239
1.23572
1.23201
1.22882
1.22779
1.23056
1.23724
1.24667
1.25679
1.26523
1.27043
1.27172
1.2698
1.2655
1.25985
1.25322
1.24556
1.23612
1.2244
1.2101
1.19343
1.17522
1.15641
1.13794
1.12039
1.10434
1.09002
1.07773
1.06758
1.05953
1.05361
1.04969
1.04774
1.04778
1.05004
1.05465
1.06173
1.0713
1.08324
1.0972
1.1125
1.12821
1.14354
1.15843
1.17331
1.18904
1.20623
1.22475
1.24355
1.26094
1.27513
1.28468
1.28953
1.29036
1.28807
1.28279
1.27402
1.26152
1.24662
1.23225
1.22197
1.21859
1.22314
1.23442
1.24951
1.26469
1.27655
1.28319
1.28404
1.27999
1.27252
1.26273
1.25122
1.23779
1.22224
1.20522
1.18889
1.17658
1.17157
1.17557
1.18741
1.20385
1.22101
1.23558
1.24511
1.24825
1.24506
1.23709
1.22723
1.21879
1.21378
1.21207
1.2113
1.20794
1.19894
1.18289
1.16021
1.13326
1.10601
1.08266
1.06659
1.05987
1.06322
1.07613
1.09689
1.12304
1.15156
1.17923
1.20343
1.2223
1.235
1.24173
1.24317
1.24024
1.23361
1.22435
1.21347
1.20239
1.1924
1.18497
1.18145
1.1833
1.19188
1.20785
1.23078
1.25903
1.28943
1.3181
1.34133
1.35604
1.36069
1.3552
1.3407
1.31941
1.29399
1.26706
1.24071
1.21596
1.19309
1.17141
1.14988
1.12834
1.1082
1.09287
1.08654
1.09219
1.10913
1.13303
1.15771
1.17768
1.19013
1.19508
1.19488
1.19239
1.18957
1.18673
1.18331
1.17809
1.17045
1.16086
1.15107
1.1437
1.14124
1.14532
1.15597
1.17173
1.19065
1.21005
1.22707
1.23898
1.24339
1.23888
1.22524
1.20386
1.17731
1.1493
1.12406
1.10627
1.09978
1.10641
1.12538
1.15382
1.1878
1.22299
1.25562
1.28266
1.30223
1.31336
1.31558
1.30878
1.29374
1.27193
1.24566
1.21788
1.19189
1.17065
1.15642
1.14981
1.15013
1.15603
1.16537
1.17606
1.18613
1.19399
1.19918
1.20255
1.20539
1.20894
1.21348
1.2185
1.2227
1.22547
1.22701
1.22879
1.23266
1.23957
1.24835
1.25567
1.25758
1.25137
1.23692
1.21662
1.19384
1.1715
1.15174
1.13584
1.12487
1.11882
1.11697
1.11784
1.11962
1.12122
1.12223
1.12321
1.12466
1.1276
1.13291
1.14125
1.15276
1.16688
1.18237
1.19777
1.21198
1.22432
1.23456
1.24291
1.24944
1.25433
1.25757
1.25906
1.25876
1.2566
1.25263
1.24692
1.23991
1.23215
1.22428
1.21674
1.20985
1.20376
1.19861
1.19473
1.19233
1.19166
1.19261
1.19505
1.19852
1.20215
1.20423
1.20259
1.19527
1.18146
1.16165
1.13795
1.1131
1.08994
1.07064
1.05681
1.0497
1.05076
1.06138
1.08233
1.11315
1.15184
1.19505
1.23841
1.27689
1.30592
1.32192
1.3232
1.31029
1.28564
1.25287
1.2162
1.18011
1.14856
1.12494
1.1117
1.11006
1.11957
1.13812
1.16256
1.18946
1.21634
1.24186
1.26541
1.28648
1.30395
1.31579
1.31986
1.3141
1.29749
1.27054
1.23499
1.19381
1.15054
1.10892
1.07268
1.04551
1.03068
1.03047
1.04542
1.0739
1.11262
1.15762
1.20474
1.24975
1.28864
1.31785
1.33497
1.33898
1.33056
1.31209
1.28721
1.26033
1.23574
1.21667
1.20479
1.20021
1.20186
1.20832
1.21776
1.22863
1.23926
1.24787
1.25227
1.25061
1.24125
1.22392
1.19927
1.16963
1.13796
1.10768
1.08139
1.06103
1.04755
1.04138
1.04248
1.05104
1.06694
1.08944
1.11685
1.14607
1.17312
1.19381
1.2049
1.20484
1.19437
1.17615
1.15438
1.13334
1.11702
1.10753
1.10552
1.10999
1.11867
1.1288
1.13821
1.14575
1.15158
1.15668
1.16215
1.16877
1.17618
1.18364
1.19037
1.19596
1.20018
1.20319
1.20497
1.20536
1.20448
1.20276
1.20107
1.20075
1.2034
1.21066
1.2238
1.24321
1.26703
1.29147
1.31205
1.32489
1.32798
1.32135
1.30666
1.28625
1.26279
1.23864
1.21617
1.19698
1.18202
1.17124
1.16396
1.15963
1.15766
1.15768
1.15891
1.16017
1.16012
1.15813
1.15445
1.15083
1.14935
1.15198
1.15929
1.17039
1.18302
1.19478
1.20325
1.20674
1.2047
1.19752
1.18708
1.17585
1.16606
1.15957
1.15747
1.16011
1.16734
1.17828
1.19157
1.20539
1.21807
1.22856
1.23664
1.24273
1.24716
1.24966
1.24979
1.24709
1.24141
1.233
1.22249
1.21053
1.19795
1.18598
1.17658
1.17159
1.17205
1.17765
1.18682
1.19801
1.21045
1.22386
1.23836
1.25342
1.26738
1.27764
1.28183
1.27838
1.26712
1.24955
1.228
1.20496
1.18242
1.16169
1.14408
1.13078
1.12213
1.1173
1.11502
1.11387
1.11339
1.11428
1.11827
1.12749
1.14325
1.16528
1.19156
1.21873
1.2431
1.26134
1.27099
1.27035
1.25855
1.23563
1.20306
1.16381
1.12324
1.08825
1.06608
1.06199
1.07739
1.10921
1.15108
1.19561
1.2366
1.26983
1.29316
1.30612
1.30894
1.30251
1.28793
1.26684
1.24144
1.21431
1.18811
1.16524
1.14763
1.13642
1.13175
1.13284
1.13837
1.14737
1.15898
1.17284
1.18822
1.20403
1.21852
1.22935
1.23455
1.23293
1.22472
1.21167
1.19667
1.18311
1.17393
1.17097
1.17504
1.18533
1.19996
1.21654
1.23339
1.24974
1.26476
1.27734
1.28548
1.28697
1.28048
1.2657
1.24374
1.21771
1.19226
1.17254
1.16152
1.15818
1.15878
1.15971
1.15976
1.15952
1.16011
1.16198
1.165
1.16864
1.17241
1.17596
1.17905
1.18158
1.18358
1.18591
1.19018
1.19801
1.20994
1.22487
1.24063
1.25476
1.26587
1.27301
1.27567
1.27333
1.26511
1.25017
1.22841
1.20086
1.16986
1.13883
1.11181
1.09275
1.08439
1.08744
1.1003
1.11953
1.14086
1.16031
1.17507
1.18384
1.18688
1.18575
1.18267
1.17976
1.17869
1.18014
1.18432
1.1908
1.19915
1.20857
1.21787
1.22537
1.22912
1.22753
1.2204
1.20845
1.19335
1.17727
1.16243
1.15096
1.14469
1.14486
1.15191
1.16535
1.18377
1.20511
1.22662
1.24529
1.25841
1.26388
1.2604
1.24749
1.22531
1.19488
1.15841
1.11989
1.08465
1.05829
1.04495
1.04595
1.05953
1.08182
1.10824
1.13499
1.15955
1.18077
1.19877
1.21456
1.22938
1.24425
1.25986
1.27655
1.29409
1.31161
1.32753
1.33934
1.34399
1.33904
1.32287
1.29594
1.26044
1.22058
1.18148
1.14817
1.12451
1.1124
1.11152
1.1198
1.13399
1.15034
1.16544
1.1768
1.183
1.18389
1.18022
1.17362
1.16595
1.15897
1.15412
1.15231
1.15396
1.15906
1.1676
1.17965
1.19568
1.21592
1.23961
1.26452
1.28749
1.30484
1.31394
1.31336
1.30357
1.28634
1.26429
1.24018
1.21593
1.19279
1.17129
1.15138
1.13322
1.11738
1.10476
1.0963
1.09234
1.09241
1.09566
1.10075
1.10713
1.11495
1.12537
1.13994
1.15907
1.18097
1.20212
1.21887
1.22874
1.23113
1.22692
1.2179
1.20628
1.19423
1.18388
1.17692
1.1742
1.17561
1.18055
1.18776
1.19599
1.20424
1.21208
1.21978
1.22834
1.23905
1.25271
1.26862
1.28456
1.29721
1.30339
1.301
1.28964
1.27008
1.24414
1.21462
1.18489
1.15834
1.13735
1.12298
1.11511
1.113
1.1158
1.12278
1.13337
1.14688
1.16206
1.17715
1.18994
1.19834
1.20154
1.20102
1.20001
1.202
1.20932
1.22182
1.23772
1.25443
1.26933
1.28042
1.28619
1.28603
1.28003
1.26882
1.25389
1.23726
1.22132
1.20832
1.19958
1.19523
1.19449
1.19518
1.19476
1.19068
1.18123
1.16654
1.14852
1.13041
1.1158
1.10772
1.10779
1.11605
1.13153
1.15245
1.17655
1.20149
1.22507
1.24526
1.26081
1.27178
1.27948
1.28603
1.29311
1.30113
1.30885
1.31395
1.31418
1.30793
1.29476
1.27536
1.2511
1.22395
1.19629
1.17045
1.14822
1.13074
1.11807
1.11005
1.10638
1.10702
1.11186
1.12041
1.13148
1.14337
1.15421
1.16251
1.16771
1.17028
1.17203
1.17485
1.17987
1.18682
1.19387
1.19808
1.19637
1.18638
1.16709
1.13935
1.10615
1.07216
1.04287
1.02315
1.01617
1.02342
1.04467
1.07836
1.12189
1.17148
1.22223
1.26916
1.30817
1.33665
1.354
1.36138
1.36078
1.35454
1.34495
1.33426
1.32424
1.31581
1.3089
1.30225
1.29382
1.28167
1.26489
1.24469
1.22376
1.20551
1.19218
1.18458
1.18204
1.18348
1.18813
1.19604
1.20719
1.22123
1.23686
1.25207
1.26405
1.2699
1.26704
1.25446
1.23281
1.20473
1.1741
1.14481
1.12006
1.1025
1.09405
1.09572
1.10715
1.12692
1.15212
1.17893
1.20314
1.22093
1.2301
1.23007
1.22239
1.20983
1.19562
1.1826
1.17241
1.16545
1.16183
1.16136
1.16408
1.17004
1.17872
1.18889
1.19918
1.20879
1.21785
1.22709
1.237
1.24701
1.25581
1.26162
1.26301
1.25953
1.25174
1.24121
1.22981
1.21925
1.21042
1.20311
1.19642
1.18909
1.18065
1.17142
1.16289
1.15659
1.15404
1.15593
1.16208
1.17168
1.18294
1.19357
1.2012
1.20344
1.19863
1.18541
1.1637
1.135
1.10285
1.07283
1.05076
1.04097
1.04473
1.06033
1.0847
1.11466
1.14758
1.18143
1.21462
1.24578
1.27367
1.29709
1.31477
1.32517
1.3271
1.31995
1.3043
1.28178
1.25554
1.22928
1.20652
1.18952
1.17922
1.17519
1.17613
1.18079
1.18807
1.19742
1.20828
1.21955
1.22971
1.23701
1.24006
1.23826
1.23184
1.22179
1.20948
1.19624
1.18335
1.17186
1.16203
1.1536
1.14578
1.13805
1.13034
1.12303
1.11695
1.11274
1.11043
1.10947
1.10896
1.10836
1.10793
1.10876
1.11252
1.12055
1.13337
1.15044
1.17068
1.19288
1.21625
1.24038
1.26471
1.28848
1.31036
1.3286
1.34108
1.34589
1.34195
1.3297
1.31098
1.28855
1.26534
1.24403
1.2266
1.21367
1.20426
1.19624
1.18747
1.1764
1.16286
1.14765
1.13268
1.12014
1.1126
1.11221
1.1202
1.13591
1.15698
1.18003
1.2021
1.22118
1.23619
1.24636
1.25118
1.25109
1.24786
1.24477
1.24484
1.24898
1.2546
1.25748
1.25452
1.24494
1.22975
1.21118
1.19151
1.17258
1.15582
1.14175
1.13019
1.12075
1.11311
1.10756
1.10439
1.10371
1.10505
1.10782
1.11179
1.11687
1.12287
1.129
1.13421
1.13807
1.1412
1.14485
1.15004
1.15668
1.16343
1.16859
1.17128
1.17206
1.17285
1.17499
1.17797
1.17988
1.17871
1.17392
1.16702
1.1609
1.15864
1.16233
1.17241
1.18751
1.20538
1.223
1.23784
1.24821
1.25398
1.25674
1.25924
1.26357
1.2695
1.27509
1.2784
1.27925
1.27856
1.27756
1.27695
1.27671
1.27653
1.27599
1.27489
1.27306
1.27051
1.26674
1.26098
1.25153
1.23648
1.21457
1.18611
1.15393
1.12335
1.1005
1.09092
1.09754
1.11953
1.15281
1.19107
1.22746
1.25611
1.27289
1.27607
1.26645
1.2467
1.22075
1.19265
1.16545
1.14051
1.11778
1.09667
1.07685
1.05949
1.0473
1.04446
1.05488
1.07911
1.11308
1.14992
1.18382
1.21231
1.23502
1.25233
1.26418
1.27051
1.27182
1.26918
1.26391
1.25757
1.25097
1.24465
1.23871
1.23326
1.22842
1.2245
1.22171
1.22064
1.22189
1.22601
1.23288
1.24135
1.24961
1.25624
1.26092
1.26473
1.26882
1.27349
1.27736
1.278
1.27276
1.26043
1.2417
1.21909
1.1963
1.17678
1.16262
1.1546
1.1528
1.15684
1.16557
1.17671
1.18736
1.19466
1.19709
1.1944
1.18744
1.17744
1.16562
1.15243
1.13832
1.124
1.11098
1.10125
1.09645
1.09744
1.10366
1.11373
1.12601
1.13954
1.15373
1.16833
1.18332
1.19811
1.21209
1.22443
1.23433
1.24124
1.24478
1.24496
1.24194
1.23628
1.22884
1.22107
1.2146
1.21069
1.20916
1.20957
1.21162
1.21525
1.21996
1.2247
1.2279
1.22822
1.22495
1.21801
1.2078
1.1951
1.18128
1.16805
1.15718
1.15013
1.14821
1.15192
1.1611
1.17492
1.19197
1.21044
1.22854
1.24457
1.25691
1.26401
1.26397
1.25508
1.23616
1.20807
1.17428
1.14042
1.11142
1.09002
1.07689
1.07225
1.07628
1.08869
1.10797
1.13237
1.16029
1.19008
1.21994
1.24743
1.26978
1.28467
1.2904
1.2861
1.27182
1.2486
1.21855
1.18507
1.15221
1.12348
1.10169
1.08872
1.08638
1.09641
1.11922
1.15315
1.19408
1.23689
1.27704
1.31098
1.33631
1.35172
1.35669
1.35158
1.3378
1.31803
1.29528
1.27235
1.25111
1.23224
1.21581
1.20151
1.18931
1.17914
1.17084
1.16385
1.15756
1.15103
1.14376
1.13561
1.12731
1.12042
1.1168
1.11835
1.12623
1.14063
1.1608
1.18497
1.21069
1.23553
1.2571
1.27365
1.28387
1.28674
1.28163
1.26823
1.24695
1.21911
1.18726
1.15485
1.12589
1.10399
1.0917
1.08986
1.09776
1.11324
1.13344
1.15551
1.17724
1.19725
1.21489
1.22936
1.2397
1.2447
1.24378
1.237
1.2255
1.21082
1.19487
1.17979
1.16772
1.16081
1.16049
1.16738
1.1813
1.20082
1.2236
1.24627
1.26534
1.27816
1.2833
1.28058
1.27101
1.25595
1.23725
1.21698
1.19792
1.18273
1.17336
1.1704
1.17263
1.17728
1.18107
1.18138
1.17698
1.16861
1.15884
1.15137
1.14977
1.15608
1.16973
1.18771
1.20651
1.22327
1.23642
1.24546
1.25059
1.2521
1.25027
1.24528
1.23738
1.22702
1.21505
1.20266
1.19123
1.1818
1.17486
1.17015
1.16729
1.16623
1.16772
1.17309
1.18341
1.19852
1.21693
1.23611
1.25325
1.26552
1.27035
1.26558
1.24973
1.22288
1.18673
1.14485
1.10246
1.06538
1.03905
1.02703
1.02987
1.0448
1.06684
1.09059
1.11201
1.12896
1.14154
1.15169
1.16261
1.17738
1.19775
1.22308
1.25084
1.27788
1.30084
1.31679
1.32322
1.31881
1.30378
1.28027
1.25201
1.22336
1.19876
1.18158
1.17337
1.17388
1.1814
1.19331
1.20664
1.21896
1.2287
1.23513
1.23809
1.23786
1.23494
1.23016
1.22412
1.2175
1.21103
1.20542
1.20138
1.1991
1.19757
1.19542
1.1918
1.18659
1.18077
1.17595
1.17369
1.17517
1.18032
1.18818
1.19733
1.20629
1.21372
1.21883
1.22114
1.22079
1.21826
1.21427
1.2093
1.2035
1.19681
1.18894
1.17948
1.16836
1.15539
1.14072
1.12479
1.10856
1.09329
1.0803
1.07116
1.06737
1.07022
1.08037
1.09756
1.12071
1.1483
1.17835
1.20887
1.23814
1.26468
1.28758
1.30619
1.32015
1.32885
1.33155
1.32734
1.31525
1.2951
1.26793
1.23619
1.20368
1.17455
1.15256
1.13975
1.13648
1.14168
1.15343
1.17002
1.1897
1.21023
1.22882
1.24272
1.25015
1.25088
1.2457
1.23557
1.22125
1.20312
1.18122
1.15556
1.1266
1.0958
1.06635
1.04286
1.03061
1.03328
1.05166
1.08373
1.12555
1.17256
1.22044
1.2651
1.30292
1.33123
1.34801
1.35203
1.34317
1.32194
1.29017
1.25103
1.2089
1.16882
1.13546
1.1128
1.10347
1.10799
1.12422
1.14785
1.17362
1.19706
1.21497
1.22574
1.22882
1.22485
1.21571
1.20433
1.1937
1.18634
1.18336
1.18448
1.1888
1.19464
1.20007
1.2033
1.20345
1.20167
1.20043
1.20245
1.20893
1.21928
1.23146
1.24288
1.25128
1.25496
1.25349
1.24718
1.2368
1.22329
1.2075
1.19023
1.17246
1.15526
1.1399
1.1277
1.11996
1.11739
1.12012
1.12724
1.13719
1.14829
1.1591
1.16827
1.17514
1.17911
1.17997
1.17779
1.17284
1.16579
1.15746
1.14935
1.14376
1.14384
1.15222
1.16941
1.19322
1.21963
1.24489
1.26644
1.28279
1.29338
1.29822
1.29772
1.29289
1.28537
1.27711
1.27004
1.26537
1.26314
1.26253
1.26179
1.25868
1.2509
1.23688
1.21608
1.18918
1.15843
1.12708
1.09898
1.07785
1.06666
1.06682
1.07817
1.09886
1.12609
1.1565
1.1871
1.2153
1.23913
1.25688
1.26755
1.27066
1.26666
1.25682
1.24266
1.22632
1.20984
1.19568
1.18589
1.18233
1.18576
1.19569
1.21011
1.22592
1.23963
1.24849
1.25083
1.24595
1.23423
1.21657
1.19455
1.17006
1.14515
1.12179
1.10158
1.08594
1.07601
1.07276
1.07655
1.08703
1.10289
1.12253
1.14406
1.16594
1.18692
1.20612
1.22273
1.23619
1.2461
1.25232
1.25488
1.25348
1.24801
1.23876
1.22649
1.21318
1.201
1.19258
1.19035
1.19574
1.20867
1.22744
1.24882
1.26939
1.28613
1.29699
1.3008
1.29728
1.28654
1.26924
1.24664
1.22055
1.193
1.16587
1.14069
1.11882
1.10148
1.08979
1.0847
1.08643
1.09383
1.10518
1.11825
1.13103
1.14191
1.15005
1.15469
1.15527
1.15219
1.14705
1.14256
1.1418
1.14682
1.15799
1.17376
1.19139
1.20787
1.22081
1.22893
1.23213
1.23145
1.2283
1.22454
1.22136
1.21977
1.22032
1.22354
1.22988
1.23975
1.25303
1.26881
1.28531
1.29982
1.30934
1.31103
1.30273
1.28366
1.25448
1.2174
1.17608
1.13533
1.10058
1.07722
1.06901
1.07704
1.0991
1.1303
1.16458
1.19638
1.2218
1.23876
1.24712
1.24823
1.2445
1.23853
1.2324
1.22697
1.2218
1.21605
1.20899
1.20105
1.19357
1.1885
1.18747
1.19096
1.19805
1.20675
1.21465
1.21956
1.22018
1.21606
1.20725
1.19444
1.17895
1.16239
1.14689
1.13468
1.12779
1.12761
1.13449
1.14783
1.16669
1.18995
1.2165
1.24472
1.27147
1.29263
1.30416
1.30331
1.28963
1.26458
1.23157
1.19536
1.16142
1.1347
1.11825
1.1124
1.11497
1.12231
1.13099
1.13976
1.15028
1.16564
1.18743
1.21337
1.23776
1.25415
1.25799
1.24823
1.22749
1.20096
1.17534
1.15654
1.14858
1.15207
1.16498
1.18372
1.20379
1.2207
1.23037
1.23027
1.21991
1.20134
1.17913
1.15954
1.14891
1.15129
1.16704
1.19265
1.22235
1.25036
1.27244
1.28643
1.29222
1.29074
1.28358
1.27211
1.25731
1.23996
1.22119
1.20253
1.18556
1.17126
1.15997
1.15178
1.14705
1.1469
1.15244
1.16358
1.17907
1.19654
1.21314
1.22622
1.23379
1.2346
1.22786
1.21332
1.19123
1.16266
1.12985
1.09639
1.06686
1.04615
1.03832
1.04521
1.06607
1.098
1.13722
1.17999
1.22301
1.26359
1.29978
1.33013
1.35349
1.36871
1.37486
1.37126
1.35791
1.33569
1.30644
1.27284
1.23781
1.20397
1.17311
1.14596
1.12315
1.1054
1.09422
1.0918
1.09997
1.11914
1.1474
1.1805
1.21319
1.24075
1.26043
1.27213
1.27776
1.27907
1.27686
1.27098
1.26104
1.24719
1.23045
1.21252
1.19527
1.18037
1.16895
1.16154
1.15829
1.15866
1.16199
1.16716
1.17292
1.17843
1.18319
1.18733
1.1914
1.19517
1.1976
1.19667
1.18993
1.17556
1.15348
1.12552
1.09557
1.06876
1.0502
1.04348
1.0496
1.06662
1.09047
1.11639
1.14073
1.16172
1.17912
1.1939
1.20709
1.21941
1.23086
1.24119
1.24986
1.25677
1.2619
1.26478
1.26456
1.26072
1.25367
1.24508
1.23744
1.23334
1.23453
1.24165
1.25449
1.27167
1.29106
1.31029
1.32652
1.33697
1.33954
1.33281
1.31676
1.29261
1.26247
1.22903
1.1947
1.16155
1.13081
1.10334
1.08034
1.06321
1.05352
1.05245
1.06007
1.07553
1.09725
1.12306
1.15097
1.17878
1.20497
1.22844
1.24818
1.26306
1.27152
1.2721
1.26426
1.24879
1.22813
1.20531
1.18314
1.16372
1.14821
1.13745
1.13203
1.13295
1.14091
1.15565
1.17493
1.19513
1.21247
1.22419
1.22884
1.22646
1.21818
1.2063
1.19376
1.18335
1.17749
1.17763
1.18386
1.19427
1.20543
1.21347
1.21554
1.2108
1.20032
1.18703
1.17459
1.1667
1.16614
1.17387
1.18882
1.20812
1.22809
1.24558
1.25847
1.26607
1.26892
1.26793
1.2641
1.25808
1.25033
1.24109
1.23054
1.21898
1.20708
1.19598
1.18677
1.18022
1.17642
1.17443
1.17269
1.16961
1.16412
1.15662
1.14823
1.14052
1.13437
1.12961
1.12548
1.12129
1.11726
1.11446
1.11451
1.11886
1.12801
1.14165
1.1591
1.17958
1.20219
1.22587
1.24913
1.26982
1.28564
1.29466
1.29576
1.28858
1.2738
1.25274
1.22784
1.20261
1.18113
1.16721
1.16357
1.17102
1.18748
1.20877
1.22968
1.24516
1.25175
1.24843
1.23695
1.22112
1.20534
1.19305
1.18602
1.18479
1.18918
1.19827
1.21055
1.22384
1.23574
1.24403
1.24718
1.2439
1.23357
1.21577
1.1905
1.15845
1.12125
1.08217
1.04571
1.01761
1.00272
1.00304
1.01655
1.03813
1.06181
1.08304
1.09951
1.11104
1.11899
1.12536
1.13175
1.13883
1.14647
1.15432
1.16204
1.16985
1.17839
1.18853
1.20059
1.21442
1.22883
1.24232
1.25455
1.26672
1.28085
1.29783
1.31547
1.32912
1.33454
1.3305
1.31814
1.29997
1.27815
1.25338
1.22571
1.19536
1.16428
1.13644
1.11689
1.10938
1.11447
1.12931
1.14928
1.17033
1.18974
1.20641
1.21948
1.22796
1.2309
1.22776
1.21906
1.2066
1.19359
1.18439
1.1829
1.19133
1.20866
1.23101
1.25346
1.2716
1.28195
1.28269
1.27335
1.25503
1.22972
1.19989
1.16786
1.13622
1.10854
1.08936
1.08312
1.09207
1.11403
1.14303
1.17135
1.19215
1.20112
1.19698
1.18151
1.15897
1.13548
1.11754
1.11077
1.11785
1.13741
1.16481
1.19383
1.21884
1.23622
1.24482
1.24576
1.24168
1.23571
1.2307
1.22833
1.2291
1.23256
1.23793
1.24473
1.25292
1.2626
1.27328
1.28366
1.29158
1.29491
1.29226
1.28343
1.26923
1.25121
1.23099
1.20997
1.18905
1.16898
1.15056
1.13464
1.12217
1.11383
1.10989
1.11006
1.11335
1.11818
1.12291
1.12635
1.12833
1.12958
1.13132
1.13413
1.13769
1.14131
1.1443
1.14628
1.14684
1.14571
1.14344
1.14181
1.14348
1.15114
1.16623
1.18832
1.21505
1.24317
1.26918
1.28969
1.30212
1.30472
1.29715
1.2805
1.25675
1.22907
1.20085
1.17581
1.15717
1.14776
1.14913
1.16131
1.18199
1.20718
1.23178
1.25051
1.25946
1.25684
1.24287
1.22007
1.19193
1.16232
1.13444
1.11082
1.09331
1.08337
1.08203
1.08931
1.10391
1.12342
1.14503
1.16624
1.18523
1.20136
1.21488
1.22652
1.23742
1.24842
1.25955
1.27019
1.27901
1.28435
1.28458
1.2779
1.26297
1.23964
1.2093
1.1753
1.14225
1.11473
1.09649
1.08923
1.09236
1.1037
1.12061
1.14133
1.16488
1.19093
1.21914
1.24867
1.27787
1.30461
1.32621
1.34019
1.34459
1.33936
1.32559
1.30575
1.28257
1.25846
1.23527
1.21379
1.19472
1.17878
1.16678
1.15953
1.15704
1.1582
1.16084
1.16221
1.15984
1.15252
1.14097
1.12742
1.11487
1.1067
1.10593
1.1145
1.13297
1.15975
1.19167
1.22464
1.25441
1.2779
1.29322
1.29971
1.29798
1.28913
1.27443
1.25546
1.23352
1.21012
1.18715
1.16726
1.15294
1.14607
1.14701
1.15427
1.16493
1.17564
1.18347
1.1866
1.18473
1.17915
1.17251
1.168
1.16822
1.17444
1.18651
1.20316
1.2226
1.24271
1.26124
1.2761
1.2856
1.28866
1.28539
1.27667
1.26425
1.25007
1.2357
1.2219
1.20872
1.19558
1.18187
1.16699
1.15125
1.13545
1.12119
1.1098
1.1026
1.09977
1.10032
1.10288
1.106
1.10921
1.11266
1.11699
1.12265
1.12988
1.13871
1.14922
1.16119
1.17449
1.18913
1.20523
1.22245
1.23953
1.25433
1.26461
1.26879
1.26669
1.25912
1.24781
1.23427
1.22023
1.20701
1.19572
1.18712
1.18208
1.18123
1.18507
1.19355
1.20582
1.22052
1.23578
1.24933
1.25905
1.26352
1.26238
1.25632
1.24674
1.23568
1.22489
1.21556
1.20824
1.20302
1.19996
1.19981
1.20315
1.20981
1.21843
1.22681
1.23237
1.23334
1.2293
1.22078
1.20892
1.19493
1.17931
1.16179
1.14203
1.1203
1.09866
1.08065
1.07034
1.07031
1.08103
1.10094
1.12688
1.15456
1.17948
1.19808
1.20859
1.21132
1.20808
1.20132
1.19358
1.18682
1.18222
1.18023
1.18094
1.18446
1.19069
1.19958
1.2107
1.22337
1.23685
1.25033
1.26303
1.27405
1.28242
1.28713
1.28759
1.28333
1.27452
1.26153
1.24526
1.22703
1.2086
1.19239
1.18073
1.17533
1.17646
1.18271
1.19122
1.19886
1.20319
1.2032
1.19984
1.19527
1.19204
1.19154
1.19336
1.19546
1.19514
1.19024
1.18006
1.1655
1.14843
1.131
1.11489
1.10109
1.09007
1.08262
1.07988
1.08296
1.09214
1.10604
1.12259
1.14012
1.158
1.17602
1.19327
1.20798
1.21794
1.22151
1.21806
1.20882
1.19656
1.185
1.1773
1.17462
1.1764
1.18143
1.18915
1.1996
1.21314
1.22983
1.24862
1.26752
1.28402
1.29568
1.30087
1.29879
1.28925
1.27247
1.24934
1.22137
1.19091
1.161
1.13498
1.11574
1.10536
1.10479
1.11379
1.131
1.15416
1.18041
1.20661
1.22985
1.24793
1.25928
1.26316
1.25959
1.24938
1.23415
1.21621
1.19795
1.18183
1.17005
1.16423
1.16497
1.17187
1.18314
1.19649
1.20999
1.22199
1.23119
1.2365
1.23694
1.23211
1.2224
1.20925
1.19467
1.18078
1.16928
1.16099
1.15605
1.15408
1.15494
1.15849
1.16452
1.17199
1.17888
1.18296
1.18256
1.17736
1.1689
1.15981
1.15296
1.15019
1.15178
1.15642
1.16202
1.16637
1.16829
1.1675
1.16481
1.16183
1.16051
1.16276
1.16985
1.18209
1.19848
1.21693
1.2347
1.24897
1.25768
1.26008
1.25686
1.24997
1.24205
1.23607
1.23433
1.23791
1.24628
1.25791
1.27064
1.28269
1.293
1.30094
1.30605
1.30773
1.30522
1.29772
1.28468
1.26634
1.24371
1.21862
1.19284
1.16801
1.14507
1.12473
1.10772
1.09471
1.0862
1.08244
1.08325
1.08821
1.09683
1.10877
1.12336
1.13979
1.15675
1.17282
1.1868
1.19859
1.2091
1.21951
1.23015
1.23991
1.24657
1.24759
1.24105
1.22645
1.2052
1.18008
1.15458
1.13147
1.11265
1.09891
1.09086
1.08896
1.09347
1.10406
1.12006
1.1403
1.16362
1.18922
1.21649
1.24477
1.27316
1.30028
1.32455
1.34464
1.35975
1.36941
1.3734
1.37111
1.36192
1.34549
1.32251
1.29516
1.26666
1.24037
1.21912
1.20395
1.19466
1.18986
1.18799
1.18739
1.18671
1.18478
1.18098
1.17511
1.16771
1.15978
1.15223
1.14584
1.14085
1.13727
1.13521
1.13472
1.13569
1.13735
1.13817
1.13663
1.13135
1.12204
1.10969
1.09597
1.08299
1.07238
1.06528
1.06294
1.06673
1.07829
1.09836
1.12594
1.15833
1.19172
1.22218
1.24666
1.26322
1.27066
1.26852
1.25723
1.23818
1.21366
1.18675
1.16072
1.1387
1.12297
1.11507
1.11541
1.12338
1.13754
1.15546
1.17455
1.19211
1.20609
1.21561
1.22082
1.22299
1.22416
1.22681
1.23304
1.24408
1.25999
1.27949
1.30042
1.32012
1.33632
1.34759
1.35333
1.35373
1.34941
