1.65
1.64787
1.64065
1.62799
1.61006
1.58643
1.55689
1.52133
1.47998
1.4332
1.38203
1.3276
1.2714
1.21514
1.16053
1.10936
1.06342
1.02422
0.992648
0.969597
0.955149
0.94907
0.950493
0.957989
0.969995
0.984617
0.999979
1.0145
1.02713
1.03711
1.04418
1.04874
1.0516
1.0534
1.05492
1.05677
1.05919
1.06204
1.06479
1.06677
1.06722
1.06559
1.06193
1.05663
1.05067
1.04507
1.04061
1.03729
1.03472
1.0325
1.03009
1.02752
1.02467
1.02134
1.01696
1.01073
1.00201
0.990491
0.976564
0.960646
0.94365
0.926459
0.909971
0.895226
0.883118
0.87481
0.871144
0.872627
0.87942
0.890694
0.905464
0.922019
0.938884
0.95459
0.968253
0.979521
0.988539
0.995904
1.00212
1.00764
1.01265
1.01712
1.0207
1.02308
1.02369
1.02205
1.01783
1.01102
1.00168
0.989687
0.97591
0.961373
0.947788
0.936861
0.92974
0.927019
0.929189
0.936746
0.949868
0.967935
0.989393
1.01178
1.03275
1.05027
1.06312
1.07084
1.07365
1.07218
1.06759
1.06081
1.05288
1.04432
1.03534
1.02595
1.01586
1.00512
0.994011
0.983027
0.97255
0.963002
0.954485
0.946935
0.94039
0.934684
0.929745
0.925883
0.923371
0.922296
0.922827
0.92504
0.928968
0.93479
0.942194
0.950995
0.960683
0.970484
0.979551
0.987311
0.993449
0.998203
1.00206
1.00544
1.00851
1.01117
1.01299
1.01376
1.01329
1.01137
1.00811
1.00342
0.997449
0.990504
0.982697
0.974374
0.965624
0.956674
0.947737
0.939151
0.931449
0.925055
0.920608
0.918578
0.919456
0.923463
0.93052
0.940354
0.952298
0.965543
0.979536
0.993068
1.00504
1.01453
1.02094
1.02389
1.02335
1.02
1.01456
1.00776
1.00024
0.992801
0.986406
0.982233
0.981154
0.983988
0.990816
1.00109
1.01362
1.02718
1.04048
1.05252
1.06234
1.06942
1.07306
1.07283
1.06862
1.06055
1.04928
1.03566
1.02144
1.00792
0.996633
0.988374
0.983249
0.980702
0.979685
0.979106
0.978188
0.976356
0.973627
0.970053
0.965971
0.962032
0.958624
0.956282
0.955145
0.955183
0.955908
0.956625
0.956388
0.954456
0.950247
0.944026
0.936806
0.930135
0.926208
0.926535
0.931421
0.939754
0.949434
0.958155
0.964347
0.967131
0.966694
0.963697
0.958904
0.953493
0.948343
0.943815
0.940022
0.936773
0.933809
0.930985
0.928348
0.926159
0.92445
0.923335
0.923265
0.924475
0.927118
0.931091
0.936114
0.941666
0.947636
0.954143
0.961309
0.969148
0.977353
0.985392
0.992598
0.998075
1.00132
1.00193
0.999885
0.995366
0.988681
0.980299
0.970818
0.96085
0.951111
0.942746
0.936766
0.934251
0.935833
0.941538
0.950503
0.961266
0.972005
0.980947
0.986757
0.988815
0.987029
0.982057
0.974972
0.966962
0.959322
0.952609
0.94718
0.943064
0.940019
0.937746
0.936005
0.934716
0.934096
0.934511
0.936198
0.939301
0.943723
0.949176
0.955039
0.96071
0.965681
0.969332
0.971339
0.971567
0.970102
0.967228
0.963351
0.958738
0.953889
0.949448
0.945772
0.942991
0.941206
0.940183
0.939675
0.939277
0.938753
0.937799
0.93637
0.934553
0.932754
0.931565
0.931516
0.933254
0.937525
0.944597
0.9545
0.966797
0.980608
0.994738
1.00779
1.01875
1.02659
1.03097
1.03177
1.02912
1.02363
1.01581
1.00641
0.996144
0.985768
0.976043
0.967266
0.959893
0.953871
0.949118
0.945313
0.942034
0.938866
0.935541
0.931617
0.927054
0.921487
0.914987
0.90783
0.900173
0.892764
0.886388
0.88188
0.879684
0.879885
0.881998
0.885002
0.888031
0.890168
0.890963
0.890494
0.88904
0.886914
0.884852
0.883481
0.88373
0.88617
0.890365
0.895378
0.899659
0.902063
0.902065
0.900154
0.896886
0.893233
0.889933
0.887471
0.885936
0.885096
0.884727
0.884497
0.884283
0.884161
0.8844
0.885168
0.886425
0.88768
0.888338
0.887584
0.884848
0.87991
0.872858
0.864486
0.855882
0.848192
0.842306
0.838741
0.837698
0.838735
0.841393
0.845345
0.850355
0.856203
0.862953
0.870605
0.879094
0.888531
0.898691
0.909523
0.920646
0.931698
0.94205
0.951202
0.958617
0.963627
0.965954
0.965543
0.96249
0.957393
0.950963
0.9437
0.936453
0.929827
0.924217
0.920136
0.918049
0.918085
0.919983
0.923252
0.926799
0.929866
0.931755
0.932507
0.932166
0.931189
0.930301
0.930179
0.931093
0.933287
0.93669
0.940712
0.9447
0.948144
0.950552
0.951607
0.951134
0.949097
0.945492
0.940496
0.934507
0.927779
0.921102
0.915092
0.910451
0.907519
0.906515
0.907235
0.909446
0.912933
0.917393
0.922936
0.929539
0.937244
0.945778
0.954299
0.961883
0.967266
0.969404
0.967705
0.962188
0.953595
0.942967
0.931959
0.922009
0.914372
0.909608
0.907657
0.907959
0.909855
0.912461
0.915524
0.919128
0.92396
0.930756
0.939958
0.951375
0.963891
0.976167
0.986894
0.995047
1.00003
1.00165
1.00012
0.996015
0.989923
0.982705
0.975366
0.968715
0.963296
0.959372
0.956723
0.955099
0.954321
0.954141
0.954464
0.955176
0.956094
0.956594
0.95584
0.952612
0.946007
0.935328
0.920554
0.902591
0.882856
0.863454
0.846483
0.834141
0.827845
0.828581
0.835799
0.848166
0.863409
0.87906
0.892763
0.902785
0.908561
0.910026
0.907725
0.902571
0.895238
0.886323
0.876173
0.865559
0.855217
0.846604
0.841363
0.840922
0.845939
0.85613
0.870343
0.886895
0.904333
0.921221
0.93667
0.949982
0.960999
0.969627
0.976232
0.981137
0.984719
0.987513
0.989863
0.992195
0.995096
0.998966
1.00362
1.00852
1.01273
1.01528
1.01532
1.01259
1.00724
0.999762
0.990882
0.981376
0.971952
0.96282
0.953776
0.944612
0.934849
0.924049
0.912396
0.900351
0.888667
0.878351
0.870359
0.865233
0.863163
0.86394
0.866892
0.871368
0.87641
0.881234
0.885315
0.88836
0.890288
0.891468
0.892626
0.894755
0.898362
0.903652
0.910106
0.916819
0.922852
0.927314
0.929813
0.930615
0.930394
0.930057
0.930579
0.932504
0.936072
0.940807
0.946074
0.950937
0.954692
0.956941
0.957836
0.957724
0.957057
0.956436
0.955894
0.955439
0.954624
0.953154
0.950792
0.947515
0.943487
0.939392
0.935805
0.933305
0.932368
0.933008
0.934901
0.937849
0.941238
0.944534
0.947415
0.949721
0.951398
0.952547
0.953166
0.953211
0.952674
0.951446
0.949655
0.947428
0.94494
0.942506
0.94009
0.937725
0.935076
0.932064
0.928382
0.924212
0.919938
0.916523
0.914748
0.915272
0.918376
0.923876
0.93131
0.939683
0.948036
0.955696
0.962143
0.966819
0.969752
0.970966
0.970491
0.968516
0.965303
0.9611
0.956319
0.951172
0.945983
0.940984
0.936664
0.933441
0.931973
0.932665
0.936062
0.941863
0.949523
0.958106
0.96665
0.973976
0.979336
0.98232
0.982839
0.981223
0.978078
0.974343
0.970991
0.969125
0.969555
0.972628
0.977987
0.98515
0.992997
1.00052
1.00658
1.01027
1.011
1.00844
1.00246
0.993406
0.981584
0.968004
0.953845
0.940607
0.929583
0.921735
0.917475
0.916731
0.918747
0.922281
0.926253
0.929449
0.931209
0.931279
0.929275
0.9255
0.920446
0.914612
0.908867
0.903911
0.900342
0.898328
0.897814
0.898272
0.899274
0.900238
0.900711
0.900654
0.900093
0.89932
0.898361
0.897305
0.896231
0.895353
0.895492
0.897242
0.901375
0.90797
0.916487
0.925891
0.935037
0.942768
0.948123
0.950243
0.94872
0.943623
0.935113
0.923871
0.911014
0.897872
0.886241
0.877792
0.873937
0.875492
0.882355
0.893716
0.908455
0.925394
0.943448
0.961594
0.978877
0.994403
1.00734
1.017
1.02297
1.02478
1.02256
1.01654
1.00741
0.996101
0.983766
0.971545
0.960268
0.950055
0.94025
0.930339
0.920138
0.91044
0.902676
0.898309
0.89836
0.903043
0.911708
0.923159
0.93552
0.947024
0.956009
0.961211
0.961732
0.957003
0.947387
0.933529
0.916697
0.898605
0.880822
0.864529
0.850597
0.83932
0.830914
0.82572
0.823909
0.825628
0.830496
0.837852
0.846316
0.854655
0.861375
0.865451
0.866291
0.864002
0.859329
0.853328
0.847633
0.843396
0.841821
0.843147
0.847849
0.85583
0.866667
0.879827
0.894382
0.909644
0.924291
0.936923
0.946266
0.951773
0.95326
0.951404
0.947256
0.941859
0.936511
0.932394
0.930361
0.931351
0.935762
0.943891
0.955432
0.969459
0.984406
0.998505
1.01011
1.01807
1.02149
1.02015
1.0143
1.00475
0.992666
0.978856
0.96427
0.949683
0.935728
0.922818
0.911411
0.902112
0.895159
0.890404
0.88794
0.887366
0.888279
0.890663
0.894412
0.900055
0.908233
0.919225
0.933133
0.949448
0.967466
0.986109
1.00462
1.02221
1.03851
1.05315
1.06565
1.0755
1.08244
1.08599
1.08604
1.08253
1.07601
1.06708
1.05676
1.04587
1.03529
1.02536
1.01597
1.00671
0.99738
0.987899
0.97843
0.96959
0.961937
0.955868
0.951625
0.949034
0.947532
0.94659
0.94573
0.944245
0.942325
0.940587
0.94012
0.94222
0.947474
0.955283
0.963566
0.970503
0.974032
0.973154
0.967887
0.958825
0.947353
0.934929
0.923129
0.913269
0.906086
0.901577
0.899385
0.898826
0.899053
0.899524
0.899932
0.900254
0.900697
0.901504
0.902467
0.903721
0.905184
0.907277
0.910003
0.913206
0.916362
0.918715
0.919625
0.918656
0.91564
0.910841
0.904709
0.898145
0.892303
0.888579
0.888406
0.893139
0.90319
0.9181
0.936406
0.956102
0.975453
0.992867
1.00702
1.0169
1.02193
1.02177
1.01653
1.0067
0.993423
0.978377
0.963371
0.950087
0.939913
0.93339
0.930478
0.930837
0.933681
0.938293
0.943646
0.949004
0.953764
0.957365
0.95969
0.960496
0.959742
0.957512
0.954183
0.950062
0.945748
0.941899
0.939028
0.937645
0.937767
0.939493
0.942459
0.946485
0.951183
0.95607
0.960763
0.964667
0.967448
0.96871
0.968186
0.96588
0.962002
0.956969
0.951587
0.946389
0.941963
0.938703
0.936607
1.65
1.64518
1.63315
1.61412
1.58919
1.55977
1.52785
1.49539
1.46413
1.43573
1.41148
1.39237
1.37963
1.37385
1.37551
1.38431
1.39891
1.41762
1.43827
1.45915
1.47851
1.49521
1.50849
1.51823
1.52425
1.52641
1.52456
1.5189
1.50962
1.49768
1.48421
1.47073
1.45826
1.4475
1.43868
1.43171
1.42595
1.42062
1.41501
1.40842
1.40031
1.3908
1.38087
1.37219
1.36698
1.36712
1.37391
1.38718
1.40609
1.4291
1.45436
1.47958
1.50278
1.5219
1.53568
1.54364
1.54616
1.54429
1.53918
1.53175
1.52252
1.51127
1.49768
1.48174
1.4641
1.44534
1.42629
1.40768
1.39062
1.37671
1.36745
1.36341
1.36413
1.36778
1.37283
1.37872
1.3855
1.39375
1.40395
1.41558
1.42772
1.43946
1.45042
1.46072
1.47002
1.47743
1.48133
1.48011
1.47287
1.45937
1.44072
1.41881
1.39546
1.37266
1.35208
1.33506
1.32266
1.31587
1.31522
1.32057
1.33048
1.3431
1.35632
1.3683
1.37731
1.38183
1.38137
1.37609
1.36747
1.35807
1.35054
1.34621
1.34391
1.34197
1.33905
1.33592
1.33492
1.3386
1.34804
1.36175
1.37696
1.3915
1.40389
1.41285
1.41703
1.4151
1.40683
1.39347
1.37717
1.35991
1.34281
1.32629
1.31091
1.29732
1.28627
1.27875
1.27544
1.27626
1.2797
1.28346
1.28621
1.28786
1.28983
1.29426
1.30302
1.31677
1.33551
1.35834
1.38389
1.41065
1.43706
1.46108
1.4812
1.4963
1.50586
1.50974
1.50833
1.50197
1.49105
1.47605
1.45775
1.43718
1.41575
1.39542
1.37832
1.36629
1.36064
1.36143
1.36767
1.37729
1.38782
1.39671
1.40235
1.4036
1.40011
1.39252
1.38152
1.36828
1.35408
1.34023
1.32794
1.31831
1.31242
1.31089
1.31435
1.32281
1.33567
1.35114
1.36675
1.37982
1.38781
1.38915
1.3837
1.37299
1.35913
1.34456
1.3312
1.32034
1.31251
1.30864
1.30927
1.31487
1.32544
1.33974
1.35631
1.37348
1.38945
1.40255
1.41109
1.41422
1.41198
1.40553
1.39675
1.38794
1.38139
1.37853
1.38035
1.38691
1.3972
1.40945
1.42117
1.42964
1.43272
1.42939
1.4199
1.40541
1.38804
1.36935
1.35022
1.33008
1.30819
1.28464
1.26106
1.24053
1.22682
1.22355
1.23274
1.25449
1.28587
1.321
1.3532
1.3769
1.38903
1.38892
1.37781
1.35845
1.33475
1.31132
1.2928
1.28244
1.28176
1.28997
1.305
1.32438
1.34666
1.37109
1.39718
1.42405
1.44994
1.47261
1.49007
1.50085
1.50416
1.49971
1.4879
1.46976
1.44728
1.42351
1.40185
1.38566
1.3772
1.37689
1.38348
1.39517
1.40983
1.42569
1.44161
1.45682
1.47041
1.48129
1.48806
1.48983
1.48602
1.47634
1.46101
1.44071
1.41665
1.3908
1.36572
1.34412
1.32819
1.31917
1.31736
1.322
1.33209
1.34608
1.36233
1.3791
1.39512
1.4094
1.42121
1.43023
1.43641
1.44017
1.44209
1.44314
1.44407
1.44522
1.44638
1.44699
1.44584
1.44164
1.43358
1.42136
1.40587
1.38956
1.37649
1.37005
1.3718
1.37955
1.39008
1.40082
1.41119
1.42106
1.42957
1.43549
1.43742
1.43471
1.42759
1.41695
1.40399
1.38984
1.3754
1.36149
1.34817
1.3349
1.32084
1.30491
1.28754
1.27114
1.2596
1.25656
1.26344
1.27922
1.30129
1.32612
1.35015
1.3704
1.3852
1.39376
1.39605
1.3924
1.38287
1.36799
1.3486
1.3265
1.30396
1.28354
1.26723
1.25613
1.25065
1.25093
1.25698
1.2686
1.28493
1.30515
1.32752
1.3503
1.37177
1.39013
1.40436
1.41409
1.41939
1.42099
1.41961
1.41602
1.41098
1.40492
1.39817
1.39063
1.38213
1.37249
1.362
1.35143
1.34217
1.33615
1.33494
1.33925
1.34911
1.36318
1.37948
1.39551
1.40872
1.41705
1.41856
1.41194
1.39692
1.37448
1.34697
1.31833
1.29281
1.27356
1.26051
1.25183
1.24529
1.23969
1.23561
1.23444
1.23723
1.2441
1.25436
1.26707
1.28073
1.29452
1.30775
1.3202
1.3319
1.34291
1.35285
1.36109
1.36662
1.36913
1.36849
1.36495
1.35874
1.3504
1.34066
1.33001
1.31799
1.30339
1.28487
1.26201
1.23574
1.20866
1.18405
1.1656
1.156
1.15668
1.16834
1.18973
1.21927
1.25418
1.2913
1.32735
1.35917
1.3845
1.40175
1.41012
1.40944
1.40064
1.38581
1.36757
1.3493
1.33417
1.3245
1.3211
1.32314
1.32901
1.3367
1.34444
1.35133
1.35689
1.36174
1.36647
1.37155
1.37613
1.37813
1.3763
1.37108
1.36502
1.3612
1.36057
1.36168
1.36144
1.35786
1.35062
1.34097
1.33122
1.32285
1.31668
1.31274
1.31046
1.30911
1.30824
1.30767
1.30799
1.31011
1.31515
1.32378
1.3358
1.34987
1.3639
1.37574
1.3842
1.38918
1.39142
1.39227
1.39305
1.39479
1.39866
1.40481
1.41294
1.42167
1.42904
1.43302
1.43246
1.42691
1.41724
1.40448
1.39021
1.37619
1.36394
1.3549
1.34975
1.34807
1.34888
1.35048
1.35143
1.3504
1.34675
1.34091
1.33451
1.32961
1.32801
1.33019
1.33514
1.34092
1.34553
1.34757
1.34709
1.34468
1.34168
1.33927
1.33848
1.33954
1.34202
1.34545
1.34906
1.35267
1.3564
1.36054
1.36517
1.36993
1.37374
1.37549
1.37439
1.3708
1.36626
1.36279
1.36243
1.36617
1.37319
1.38153
1.38878
1.39254
1.39124
1.38404
1.37171
1.35629
1.34122
1.33052
1.32741
1.33296
1.34561
1.36186
1.37798
1.39095
1.3989
1.40152
1.39922
1.39342
1.38572
1.37771
1.37038
1.36417
1.35905
1.35499
1.35179
1.34949
1.34817
1.34732
1.34606
1.34315
1.33781
1.32992
1.32013
1.30957
1.29935
1.29044
1.28361
1.27937
1.27796
1.27966
1.28422
1.29118
1.29998
1.30995
1.32077
1.33204
1.34312
1.35319
1.36147
1.36686
1.36902
1.36805
1.36489
1.36089
1.35743
1.35557
1.35596
1.3585
1.36246
1.36696
1.37123
1.37445
1.37603
1.37551
1.37249
1.36701
1.35958
1.35108
1.34256
1.33468
1.3271
1.31929
1.31009
1.2992
1.287
1.27508
1.26507
1.25816
1.25456
1.25418
1.25694
1.26306
1.27244
1.28403
1.29542
1.30441
1.30964
1.31099
1.30973
1.30778
1.30702
1.30894
1.31371
1.32093
1.32945
1.33793
1.34523
1.35041
1.35296
1.3528
1.34988
1.34415
1.33569
1.32471
1.31164
1.29793
1.2857
1.27738
1.27482
1.27894
1.28922
1.30414
1.32199
1.34107
1.35933
1.37506
1.38645
1.39264
1.39369
1.39035
1.38448
1.37822
1.37351
1.37203
1.37418
1.37987
1.38837
1.39807
1.4075
1.41503
1.41953
1.42073
1.419
1.41503
1.40923
1.40181
1.39249
1.38069
1.36637
1.35011
1.33355
1.31879
1.30765
1.30141
1.30051
1.30388
1.30964
1.31572
1.3207
1.32448
1.32752
1.33087
1.33489
1.33913
1.34238
1.34326
1.34092
1.336
1.33077
1.3283
1.33094
1.33872
1.3497
1.36117
1.3712
1.37894
1.38443
1.38809
1.39048
1.39126
1.39016
1.38724
1.38327
1.38007
1.3796
1.38332
1.39127
1.40234
1.41464
1.42674
1.43766
1.4472
1.4556
1.46331
1.47082
1.47828
1.48525
1.49081
1.49377
1.49285
1.48718
1.47617
1.45939
1.43724
1.41011
1.37919
1.34631
1.31418
1.28586
1.26412
1.25062
1.24561
1.24851
1.25829
1.27352
1.29213
1.31167
1.32942
1.34352
1.35343
1.35947
1.36262
1.36382
1.3639
1.36314
1.36153
1.35884
1.35507
1.35023
1.34514
1.34079
1.33852
1.33916
1.34306
1.34957
1.35764
1.36616
1.37461
1.38318
1.39207
1.40172
1.41149
1.42056
1.42812
1.43355
1.43664
1.43704
1.43441
1.42792
1.41735
1.4038
1.38913
1.37607
1.36711
1.36413
1.36745
1.3755
1.38574
1.39522
1.40205
1.4059
1.40761
1.4078
1.40606
1.40188
1.39523
1.38737
1.37988
1.37351
1.36853
1.36493
1.36307
1.3634
1.36614
1.37114
1.37747
1.3834
1.38725
1.38825
1.38673
1.38442
1.38399
1.38788
1.397
1.40953
1.42159
1.42871
1.42718
1.41581
1.39538
1.36865
1.33925
1.31139
1.28864
1.27392
1.2691
1.27398
1.28685
1.30459
1.32429
1.34385
1.36175
1.37727
1.38974
1.39849
1.40288
1.40302
1.39934
1.39287
1.38435
1.37443
1.36372
1.3527
1.34301
1.33645
1.33532
1.34179
1.35677
1.37977
1.40866
1.44024
1.47074
1.4965
1.51482
1.52444
1.52549
1.51888
1.50587
1.48761
1.4651
1.43996
1.41476
1.39294
1.37797
1.37299
1.3792
1.39499
1.41682
1.44025
1.46101
1.47653
1.48553
1.48837
1.48623
1.4809
1.47381
1.46579
1.45637
1.44471
1.42976
1.41124
1.39045
1.37056
1.35587
1.35029
1.3548
1.36678
1.3813
1.39379
1.40194
1.4049
1.40299
1.39633
1.385
1.36958
1.35164
1.33335
1.31774
1.30736
1.30377
1.30715
1.31629
1.32919
1.34362
1.3573
1.36873
1.37711
1.38203
1.38379
1.38262
1.37931
1.37473
1.37011
1.36708
1.36722
1.37153
1.3803
1.39251
1.40619
1.41948
1.43093
1.43958
1.44518
1.44783
1.44797
1.44568
1.44116
1.43429
1.42458
1.41167
1.39522
1.37483
1.35081
1.32393
1.29637
1.27045
1.24838
1.23155
1.2203
1.21418
1.2126
1.21508
1.22088
1.22955
1.24061
1.25341
1.26802
1.28476
1.30357
1.32376
1.34363
1.36114
1.37486
1.38445
1.39086
1.39499
1.39737
1.39787
1.39573
1.38978
1.37913
1.36377
1.3446
1.32412
1.30564
1.29242
1.28666
1.28859
1.29678
1.30817
1.31897
1.32609
1.32893
1.32918
1.32965
1.33243
1.33824
1.34638
1.35576
1.36564
1.37588
1.38648
1.39713
1.40705
1.41486
1.41869
1.41659
1.40722
1.65
1.63
1.5986
1.55929
1.51681
1.47727
1.44583
1.42547
1.41575
1.41401
1.4168
1.42107
1.42472
1.42738
1.43015
1.43442
1.44135
1.45041
1.45974
1.46725
1.47108
1.47078
1.46731
1.46253
1.45871
1.45772
1.4606
1.46738
1.47739
1.48982
1.50388
1.51862
1.53308
1.54628
1.5571
1.56522
1.57154
1.57768
1.58592
1.59724
1.61122
1.626
1.63896
1.64834
1.65303
1.65285
1.64829
1.64092
1.63284
1.62699
1.62621
1.63175
1.64248
1.65537
1.6669
1.67434
1.67641
1.67386
1.66796
1.66036
1.65191
1.64264
1.6317
1.6181
1.60122
1.58184
1.56255
1.54688
1.53788
1.53569
1.53863
1.54387
1.54902
1.55285
1.55554
1.55774
1.56006
1.56266
1.56486
1.56564
1.56463
1.56229
1.56015
1.56045
1.56471
1.57291
1.58309
1.59261
1.59918
1.60226
1.60169
1.59789
1.59126
1.58224
1.57128
1.55873
1.54451
1.52844
1.51065
1.49206
1.4744
1.46055
1.45299
1.45229
1.45589
1.45926
1.4591
1.4551
1.45006
1.44774
1.45112
1.46048
1.47401
1.48858
1.50092
1.50822
1.50875
1.50213
1.4891
1.47201
1.4539
1.43793
1.42725
1.42404
1.42854
1.43906
1.45219
1.46363
1.47039
1.47156
1.4685
1.46433
1.46304
1.46776
1.47987
1.49863
1.52132
1.54427
1.56415
1.57867
1.58725
1.59063
1.59022
1.58707
1.58155
1.57353
1.5634
1.55256
1.54329
1.53815
1.53909
1.54639
1.55845
1.57268
1.58655
1.59827
1.60672
1.61126
1.61146
1.6075
1.6008
1.59377
1.58878
1.58701
1.58682
1.58479
1.5771
1.56171
1.53956
1.51406
1.49052
1.47394
1.46754
1.47151
1.4837
1.50118
1.5212
1.54172
1.56134
1.57898
1.59357
1.60403
1.60926
1.60853
1.60161
1.58869
1.57051
1.54845
1.52442
1.50123
1.48247
1.47191
1.4725
1.48545
1.5094
1.54085
1.57578
1.61026
1.64066
1.66449
1.68003
1.686
1.68215
1.66999
1.65241
1.63363
1.61782
1.60802
1.60503
1.60714
1.61195
1.6162
1.617
1.61241
1.60168
1.58473
1.56131
1.53126
1.49523
1.45569
1.41601
1.37972
1.34939
1.32656
1.31195
1.30592
1.30804
1.31746
1.33276
1.35268
1.37581
1.40051
1.42512
1.44834
1.46925
1.48763
1.50367
1.5172
1.52815
1.53597
1.54003
1.54024
1.53674
1.53043
1.52267
1.5151
1.50973
1.50795
1.50999
1.51502
1.52014
1.52161
1.51591
1.50111
1.47819
1.45111
1.42549
1.40646
1.39697
1.39739
1.40569
1.41893
1.43408
1.44922
1.46336
1.4762
1.48821
1.49966
1.51077
1.52097
1.5294
1.53523
1.53775
1.53692
1.53308
1.5274
1.52136
1.51633
1.51322
1.51248
1.51394
1.51792
1.52446
1.53332
1.54386
1.55438
1.56297
1.56754
1.56651
1.55906
1.54609
1.52901
1.51007
1.49145
1.47544
1.46373
1.4573
1.45649
1.4606
1.46849
1.47886
1.49045
1.50256
1.51446
1.52519
1.5333
1.53758
1.53729
1.53255
1.52375
1.51127
1.49521
1.47613
1.45499
1.43365
1.41464
1.40033
1.39285
1.39376
1.40341
1.42101
1.44439
1.47025
1.4948
1.51459
1.52699
1.53038
1.52468
1.51088
1.4913
1.4687
1.44639
1.42812
1.41695
1.41436
1.41914
1.42809
1.43701
1.44243
1.44299
1.43919
1.43359
1.429
1.42846
1.4342
1.44764
1.46882
1.49649
1.52865
1.56269
1.59589
1.62611
1.65052
1.66666
1.67204
1.66551
1.64792
1.62221
1.59313
1.56566
1.54383
1.52968
1.5228
1.52158
1.52325
1.52466
1.52294
1.51627
1.50453
1.48967
1.47613
1.46912
1.47228
1.48543
1.50581
1.53018
1.55628
1.5825
1.60666
1.62658
1.64012
1.64552
1.64252
1.63162
1.61407
1.59178
1.56681
1.54123
1.51713
1.49648
1.48107
1.47193
1.46901
1.47091
1.4751
1.47883
1.47941
1.47515
1.46541
1.45164
1.437
1.42629
1.42435
1.43431
1.45516
1.48282
1.51192
1.53784
1.55701
1.56826
1.57211
1.5707
1.56706
1.56381
1.56311
1.56602
1.57266
1.58206
1.59265
1.60246
1.60993
1.61428
1.61514
1.61318
1.60943
1.60464
1.59896
1.59207
1.58278
1.56994
1.55301
1.5324
1.50974
1.4878
1.46995
1.45887
1.45523
1.45668
1.45926
1.45894
1.45388
1.44496
1.4352
1.42782
1.42446
1.42505
1.42888
1.4351
1.44312
1.45181
1.45961
1.46466
1.46568
1.46228
1.45499
1.44481
1.4331
1.42131
1.41117
1.40485
1.40391
1.4093
1.42064
1.43667
1.45543
1.47501
1.4937
1.50998
1.5226
1.52996
1.53067
1.52367
1.50896
1.48839
1.46632
1.44846
1.43956
1.44138
1.45215
1.46845
1.48571
1.49997
1.50851
1.51044
1.507
1.50049
1.49339
1.48747
1.48325
1.48079
1.47995
1.48046
1.48176
1.48333
1.4846
1.48516
1.48512
1.48495
1.48556
1.48793
1.49279
1.50025
1.50937
1.51867
1.52618
1.53001
1.5288
1.5216
1.50846
1.49019
1.46861
1.44554
1.423
1.4031
1.38791
1.37922
1.3787
1.38674
1.40292
1.42561
1.45182
1.47826
1.50186
1.52101
1.53565
1.54688
1.55686
1.56779
1.58066
1.59544
1.60999
1.62137
1.62643
1.62302
1.6106
1.5909
1.56709
1.5433
1.52288
1.50809
1.499
1.49424
1.4917
1.4897
1.48728
1.48443
1.48213
1.48106
1.48207
1.48451
1.48659
1.48555
1.47873
1.46474
1.44403
1.4184
1.39059
1.36382
1.34169
1.32697
1.3211
1.3228
1.32905
1.33673
1.34454
1.35289
1.36274
1.37479
1.38914
1.40494
1.42152
1.4381
1.45413
1.46873
1.48083
1.48953
1.4945
1.49608
1.49548
1.49496
1.4969
1.503
1.51398
1.52867
1.54498
1.56078
1.575
1.5878
1.59968
1.61173
1.62383
1.63505
1.64377
1.64819
1.64729
1.64165
1.63313
1.62478
1.61937
1.6182
1.62016
1.62199
1.62027
1.61246
1.59799
1.57845
1.55666
1.53562
1.51806
1.5054
1.49752
1.49303
1.48981
1.48592
1.48088
1.47493
1.4693
1.46557
1.46474
1.46669
1.47059
1.47499
1.47881
1.48221
1.48665
1.49378
1.50411
1.51647
1.5286
1.53811
1.54382
1.54609
1.54647
1.54724
1.55055
1.55709
1.56628
1.57612
1.58384
1.587
1.58366
1.57309
1.55551
1.53265
1.50755
1.4841
1.46602
1.45529
1.45156
1.4533
1.45825
1.46537
1.47465
1.48703
1.50347
1.52411
1.54729
1.57049
1.59097
1.60735
1.61911
1.62682
1.63033
1.62871
1.62
1.60278
1.57726
1.5461
1.5138
1.48571
1.4668
1.45924
1.4619
1.47105
1.48178
1.48963
1.49168
1.48772
1.47913
1.46906
1.46066
1.4563
1.45619
1.45898
1.46236
1.46407
1.46263
1.45722
1.44794
1.43618
1.42423
1.41512
1.41139
1.41517
1.42655
1.44358
1.46259
1.48053
1.49585
1.50807
1.51763
1.52518
1.53174
1.53865
1.54682
1.55583
1.56443
1.57124
1.57503
1.5752
1.57204
1.56689
1.56156
1.5577
1.55605
1.55609
1.55659
1.55612
1.55408
1.5512
1.54973
1.55202
1.56003
1.57378
1.59076
1.60767
1.62184
1.6323
1.63897
1.64211
1.64154
1.63616
1.62486
1.60701
1.58289
1.55435
1.5245
1.49772
1.47838
1.46969
1.47213
1.48453
1.5044
1.52906
1.55572
1.58129
1.60281
1.61805
1.62585
1.62669
1.62188
1.6136
1.60418
1.59548
1.58848
1.58291
1.57795
1.57291
1.56735
1.56161
1.55646
1.55251
1.54992
1.54827
1.5467
1.54445
1.54189
1.54024
1.54073
1.54296
1.54505
1.54443
1.53926
1.52915
1.51509
1.49876
1.48194
1.46711
1.45673
1.45299
1.45759
1.47021
1.48852
1.50921
1.52883
1.545
1.55648
1.56268
1.56368
1.55976
1.55199
1.5428
1.53557
1.53376
1.53981
1.55319
1.57126
1.58955
1.60436
1.61394
1.6184
1.61945
1.61885
1.61798
1.61726
1.61678
1.61632
1.6159
1.61527
1.61406
1.61169
1.60787
1.60362
1.60023
1.59878
1.59898
1.59874
1.59491
1.58513
1.56808
1.54448
1.51675
1.48782
1.46069
1.43793
1.42178
1.41314
1.41239
1.41901
1.43157
1.44785
1.46544
1.48197
1.49546
1.50467
1.50869
1.5072
1.49999
1.48803
1.47281
1.45623
1.44065
1.42807
1.42049
1.41952
1.42606
1.44
1.46011
1.48399
1.50919
1.53242
1.55142
1.5638
1.56833
1.5649
1.55492
1.54107
1.52657
1.51451
1.50684
1.50404
1.50534
1.50894
1.51281
1.51548
1.51596
1.51394
1.50989
1.50471
1.49921
1.49439
1.49081
1.48852
1.48732
1.48697
1.48731
1.48886
1.49177
1.49632
1.50231
1.50927
1.51661
1.52385
1.53117
1.53843
1.54615
1.55525
1.56678
1.58105
1.59746
1.61404
1.62829
1.6382
1.64296
1.64278
1.63843
1.62996
1.61831
1.60444
1.58994
1.57673
1.56656
1.56111
1.56094
1.56559
1.57323
1.5817
1.58857
1.59141
1.5883
1.57795
1.56046
1.53781
1.51258
1.48844
1.46856
1.45534
1.4503
1.45366
1.46452
1.4804
1.4986
1.51657
1.53263
1.54562
1.55457
1.55859
1.55715
1.55017
1.53799
1.52105
1.49927
1.47239
1.44109
1.40928
1.38473
1.37661
1.38801
1.41303
1.4419
1.46685
1.48465
1.4951
1.49999
1.5014
1.50166
1.50225
1.50365
1.50608
1.50919
1.51279
1.51681
1.52176
1.52855
1.53812
1.55035
1.56385
1.57648
1.586
1.59084
1.59021
1.58368
1.57099
1.55205
1.52705
1.49686
1.46379
1.43161
1.40534
1.38964
1.38777
1.39984
1.42332
1.4539
1.48694
1.51806
1.54407
1.56334
1.57573
1.5824
1.58546
1.5874
1.58995
1.59386
1.59908
1.60506
1.61103
1.61637
1.62035
1.62257
1.62274
1.62093
1.61764
1.61329
1.60812
1.60163
1.59341
1.58313
1.57117
1.55843
1.54673
1.65
1.64085
1.6335
1.62806
1.62308
1.61695
1.60998
1.60507
1.60725
1.61992
1.64165
1.66656
1.68738
1.69842
1.69628
1.6799
1.65096
1.6131
1.57223
1.53482
1.50651
1.49102
1.48948
1.50103
1.52289
1.55037
1.57797
1.60108
1.61677
1.62421
1.62564
1.62435
1.62356
1.62532
1.62924
1.63312
1.63369
1.62835
1.61578
1.59636
1.57227
1.54696
1.52382
1.50572
1.49442
1.49078
1.49525
1.50811
1.52881
1.55448
1.58126
1.60485
1.62188
1.63043
1.63018
1.62216
1.60836
1.59164
1.57458
1.55945
1.54779
1.53974
1.53483
1.5323
1.53156
1.53256
1.53494
1.53762
1.53949
1.54007
1.54047
1.54224
1.54662
1.55415
1.56432
1.57641
1.58946
1.60291
1.61568
1.62687
1.63511
1.63954
1.63944
1.63419
1.62344
1.60751
1.58753
1.56585
1.54543
1.52942
1.52
1.51832
1.52418
1.53675
1.55482
1.57657
1.59937
1.61982
1.63484
1.64309
1.64481
1.6412
1.63375
1.62394
1.61249
1.60045
1.58883
1.5792
1.57313
1.57191
1.57609
1.58541
1.59828
1.61235
1.62454
1.6324
1.6345
1.63058
1.62152
1.60887
1.59481
1.58229
1.57373
1.57033
1.57191
1.57702
1.58399
1.59165
1.59963
1.60763
1.61525
1.62197
1.62715
1.63059
1.63266
1.63368
1.63343
1.63152
1.6272
1.61963
1.60839
1.59411
1.57824
1.56375
1.55398
1.55205
1.55955
1.57569
1.59742
1.62072
1.64156
1.65735
1.66735
1.67203
1.67272
1.67125
1.66917
1.66793
1.66869
1.67186
1.67658
1.68085
1.68263
1.68041
1.67461
1.6669
1.66035
1.65709
1.65782
1.66121
1.66488
1.66674
1.66578
1.66175
1.65475
1.64567
1.63554
1.62633
1.62114
1.62229
1.63057
1.64311
1.65445
1.65928
1.6545
1.64007
1.61901
1.59638
1.57752
1.56577
1.56178
1.56363
1.56891
1.57503
1.58031
1.58379
1.58491
1.58379
1.58082
1.57637
1.57124
1.56587
1.56052
1.55584
1.55284
1.55369
1.56
1.5725
1.58972
1.60872
1.6266
1.64172
1.65378
1.66344
1.67116
1.67699
1.67985
1.67834
1.67144
1.65907
1.64279
1.62503
1.60838
1.59424
1.5826
1.57246
1.56386
1.55763
1.55583
1.56085
1.57413
1.5954
1.62255
1.65214
1.67955
1.70127
1.71459
1.71879
1.71477
1.70542
1.69476
1.6868
1.68379
1.68565
1.69018
1.69423
1.69505
1.69091
1.68007
1.66215
1.63783
1.60874
1.57812
1.54977
1.52751
1.51362
1.50863
1.51135
1.52001
1.5324
1.547
1.56268
1.57911
1.59646
1.61465
1.63319
1.65116
1.66796
1.68315
1.69636
1.70746
1.71614
1.72206
1.72508
1.72474
1.72149
1.71605
1.70971
1.70379
1.69984
1.69852
1.70033
1.70545
1.71353
1.7237
1.7343
1.74302
1.74766
1.7461
1.73695
1.71962
1.6953
1.66684
1.63937
1.61888
1.61051
1.61559
1.63015
1.64668
1.65813
1.66036
1.6532
1.63995
1.62576
1.61495
1.60841
1.60378
1.59777
1.58913
1.57792
1.56531
1.55221
1.53924
1.52737
1.51863
1.51537
1.52004
1.53363
1.55538
1.58267
1.61224
1.64062
1.66516
1.68381
1.69431
1.6945
1.68274
1.659
1.62624
1.59059
1.56041
1.54205
1.53769
1.5443
1.55694
1.57121
1.5846
1.59591
1.60472
1.61054
1.61273
1.6107
1.60409
1.59281
1.5773
1.5589
1.54001
1.52413
1.51514
1.51549
1.52548
1.5429
1.56348
1.58295
1.59789
1.60647
1.60809
1.60296
1.59148
1.57435
1.55272
1.52858
1.50419
1.48144
1.46182
1.44649
1.4367
1.43342
1.43646
1.44401
1.45333
1.46191
1.4678
1.46991
1.46859
1.46488
1.46113
1.45988
1.46311
1.47143
1.48394
1.49887
1.51416
1.52814
1.53905
1.54588
1.54782
1.54452
1.53607
1.52338
1.50832
1.4934
1.48136
1.47418
1.47292
1.47825
1.49046
1.50919
1.53372
1.56214
1.59146
1.61786
1.63745
1.64717
1.64534
1.63212
1.60905
1.57906
1.54595
1.51352
1.48497
1.46196
1.44435
1.43116
1.42181
1.41695
1.41843
1.42766
1.44432
1.46674
1.4926
1.52048
1.54995
1.58104
1.61274
1.64158
1.6621
1.66959
1.66194
1.64037
1.60809
1.5697
1.53006
1.49364
1.46426
1.44469
1.4365
1.44015
1.45478
1.47795
1.50604
1.53468
1.55987
1.57878
1.59022
1.5941
1.59073
1.58096
1.56481
1.5427
1.51631
1.48928
1.46721
1.45592
1.45877
1.47508
1.50141
1.53279
1.56479
1.5941
1.61901
1.63849
1.65196
1.65937
1.66133
1.65902
1.65397
1.6476
1.64073
1.63365
1.62664
1.62012
1.61489
1.61188
1.61191
1.61498
1.62082
1.62839
1.6368
1.64519
1.65288
1.6597
1.665
1.66758
1.66523
1.65603
1.63979
1.61934
1.59953
1.58424
1.57317
1.56331
1.55195
1.53871
1.52536
1.51459
1.50843
1.50719
1.51018
1.51636
1.52522
1.53741
1.55413
1.57597
1.60212
1.63029
1.6577
1.68079
1.69677
1.70348
1.69985
1.68581
1.66255
1.63261
1.59945
1.56726
1.53945
1.51828
1.50434
1.49724
1.49557
1.49749
1.50115
1.50433
1.50514
1.5019
1.49416
1.48242
1.46802
1.45333
1.44117
1.43438
1.43571
1.44688
1.46779
1.49639
1.52938
1.5634
1.59478
1.62088
1.63935
1.64925
1.65058
1.64476
1.63347
1.61894
1.60307
1.58705
1.57168
1.55673
1.54266
1.53072
1.52327
1.5229
1.53101
1.54597
1.56397
1.58023
1.59094
1.59387
1.58827
1.57526
1.55708
1.53723
1.5194
1.50665
1.50055
1.50073
1.50509
1.51088
1.51587
1.51878
1.51919
1.51772
1.5154
1.51348
1.51287
1.51357
1.51504
1.51625
1.51606
1.51376
1.50946
1.50428
1.49956
1.49647
1.49475
1.49367
1.49221
1.49056
1.48991
1.49185
1.4973
1.50684
1.51991
1.53548
1.55226
1.56947
1.58644
1.60272
1.61744
1.62916
1.6359
1.63601
1.6288
1.61487
1.59569
1.57334
1.55015
1.52771
1.50672
1.487
1.46797
1.44985
1.43365
1.42147
1.4155
1.41704
1.42717
1.4462
1.4733
1.50616
1.54052
1.57173
1.59622
1.6127
1.62212
1.62701
1.63042
1.63477
1.6412
1.64972
1.65964
1.67054
1.68231
1.69505
1.70827
1.72078
1.73089
1.7367
1.73679
1.73076
1.71974
1.70577
1.69132
1.67901
1.67118
1.66958
1.67463
1.68553
1.69975
1.71378
1.72377
1.72612
1.71885
1.70166
1.67612
1.64487
1.61104
1.57787
1.54951
1.52984
1.52206
1.52693
1.54255
1.56526
1.59147
1.61791
1.6417
1.66058
1.67291
1.67812
1.67653
1.66943
1.65928
1.64944
1.64242
1.63821
1.63414
1.62755
1.61769
1.60596
1.59522
1.58855
1.58715
1.58956
1.59259
1.5927
1.5867
1.57267
1.55057
1.52277
1.49341
1.46734
1.44816
1.43771
1.43654
1.44467
1.46144
1.48579
1.51581
1.54821
1.57853
1.60202
1.61457
1.61409
1.60101
1.57841
1.55186
1.5273
1.50818
1.49408
1.4838
1.47785
1.47793
1.48384
1.49323
1.50292
1.51075
1.51642
1.52187
1.52925
1.54048
1.55559
1.57318
1.59077
1.60541
1.61412
1.6153
1.61048
1.60442
1.60343
1.61165
1.62872
1.65019
1.66986
1.68289
1.68641
1.68034
1.66618
1.64652
1.62466
1.6034
1.58472
1.56929
1.55649
1.54508
1.53398
1.52321
1.51352
1.50601
1.50175
1.50122
1.50413
1.5102
1.51942
1.53219
1.54969
1.57228
1.59896
1.62686
1.65204
1.67046
1.67914
1.67724
1.6656
1.64745
1.62735
1.6106
1.60217
1.60537
1.62018
1.64299
1.66848
1.69056
1.70535
1.71147
1.70977
1.70282
1.69403
1.68664
1.68303
1.68393
1.6885
1.69479
1.70031
1.70292
1.70139
1.69548
1.68552
1.67265
1.65807
1.64332
1.63021
1.62062
1.61588
1.61698
1.62371
1.63498
1.64883
1.66307
1.67586
1.68585
1.69245
1.69591
1.69705
1.69746
1.69883
1.70261
1.70883
1.71589
1.72125
1.72296
1.72011
1.7131
1.70312
1.69168
1.6809
1.67316
1.67149
1.67864
1.69441
1.71485
1.73422
1.7479
1.75365
1.7513
1.74166
1.72644
1.7079
1.68843
1.6704
1.65498
1.6417
1.62898
1.61522
1.60049
1.58655
1.57586
1.56963
1.56739
1.56781
1.57068
1.57652
1.5855
1.5966
1.60813
1.6187
1.62803
1.63641
1.64373
1.64932
1.65217
1.65196
1.64907
1.64378
1.63569
1.62398
1.60858
1.5907
1.57273
1.55705
1.54546
1.53837
1.53524
1.53414
1.53196
1.52509
1.51093
1.48976
1.46416
1.43788
1.41387
1.39245
1.37277
1.35408
1.33687
1.32241
1.31167
1.30481
1.30157
1.30208
1.30687
1.31667
1.33181
1.35226
1.37716
1.40521
1.43507
1.46528
1.49386
1.5186
1.53678
1.54649
1.54738
1.54106
1.53127
1.52273
1.51984
1.52522
1.53891
1.55818
1.5788
1.59658
1.60931
1.61677
1.62069
1.62411
1.63002
1.64096
1.65775
1.67938
1.70338
1.72628
1.74509
1.75671
1.75877
1.75013
1.73064
1.70159
1.66627
1.62959
1.59835
1.57908
1.57632
1.59052
1.61737
1.64948
1.67928
1.70049
1.70946
1.70508
1.68879
1.66289
1.63105
1.59756
1.5675
1.54567
1.53523
1.53607
1.54522
1.5591
1.57577
1.59474
1.61635
1.64073
1.66717
1.69481
1.72249
1.74938
1.77461
1.79747
1.81624
1.82879
1.83286
1.82708
1.81163
1.78836
1.76026
1.7306
1.70207
1.67644
1.65501
1.63872
1.6287
1.62532
1.62844
1.63626
1.64606
1.65492
1.66074
1.6629
1.66231
1.65982
1.65587
1.65021
1.64285
1.63411
1.62498
1.61638
1.60908
1.60358
1.60006
1.5983
1.59799
1.59911
1.60183
1.60627
1.61284
1.62102
1.62991
1.63796
1.64339
1.64439
1.63982
1.62892
1.61192
1.58969
1.56345
1.53483
1.50572
1.65
1.62211
1.59607
1.57713
1.56945
1.57561
1.59534
1.62464
1.65778
1.68962
1.71789
1.74294
1.76545
1.78546
1.8012
1.80977
1.80884
1.79761
1.77738
1.75094
1.72163
1.69257
1.66582
1.64193
1.62025
1.59971
1.57959
1.56015
1.54317
1.53146
1.52829
1.53632
1.55612
1.58594
1.62203
1.66043
1.69752
1.73054
1.75755
1.7774
1.78988
1.79587
1.79683
1.79457
1.79057
1.78581
1.78053
1.77445
1.76701
1.75735
1.74426
1.7268
1.70451
1.67792
1.64826
1.61742
1.58713
1.55919
1.53562
1.51834
1.50871
1.50738
1.5145
1.53005
1.55351
1.58354
1.61735
1.65104
1.68015
1.7007
1.71055
1.7094
1.69928
1.68468
1.67104
1.66375
1.66627
1.67765
1.69306
1.70724
1.71752
1.725
1.73285
1.74393
1.75897
1.77618
1.79239
1.80471
1.81222
1.81667
1.82126
1.82731
1.83374
1.83869
1.84119
1.84098
1.83796
1.83132
1.82041
1.80502
1.78571
1.76434
1.74284
1.72299
1.70537
1.69042
1.67842
1.67006
1.6657
1.66532
1.66819
1.67327
1.67821
1.67962
1.67436
1.66169
1.64451
1.6283
1.61846
1.61757
1.62458
1.63598
1.64781
1.657
1.66178
1.66111
1.6546
1.64202
1.62408
1.60207
1.57862
1.55646
1.53889
1.52869
1.52793
1.53734
1.55657
1.58444
1.61928
1.65897
1.70138
1.74415
1.78489
1.82127
1.85084
1.87168
1.88311
1.88572
1.88123
1.87226
1.86129
1.8496
1.83765
1.82685
1.81852
1.81358
1.81111
1.80879
1.80371
1.79337
1.7773
1.75624
1.73159
1.70481
1.67733
1.65014
1.62461
1.60263
1.58597
1.57637
1.57509
1.5824
1.59677
1.61512
1.63426
1.65142
1.66453
1.67347
1.67954
1.68473
1.69059
1.69769
1.70566
1.7133
1.71945
1.72344
1.72525
1.7245
1.72046
1.71288
1.70219
1.69024
1.67971
1.67373
1.67416
1.6807
1.69152
1.70399
1.71715
1.73112
1.74676
1.76377
1.78018
1.79269
1.79796
1.79455
1.78419
1.77065
1.75839
1.74986
1.74568
1.74505
1.74705
1.75073
1.75509
1.75886
1.76077
1.75991
1.75595
1.74861
1.73759
1.72207
1.70196
1.678
1.65193
1.62679
1.60594
1.59173
1.58514
1.58551
1.59195
1.60299
1.61686
1.63084
1.64188
1.64783
1.64816
1.64389
1.63736
1.63137
1.62774
1.62728
1.62894
1.63149
1.63426
1.63748
1.64208
1.64926
1.65942
1.67217
1.68683
1.70277
1.71957
1.73687
1.75402
1.77002
1.78351
1.7936
1.80009
1.80365
1.80577
1.80764
1.81003
1.81252
1.81401
1.81277
1.80718
1.7956
1.77739
1.75339
1.72598
1.69815
1.67276
1.65079
1.63234
1.61713
1.60531
1.59722
1.59268
1.59064
1.58995
1.58993
1.59091
1.5942
1.60156
1.61426
1.63293
1.65693
1.68424
1.71257
1.73995
1.76537
1.78877
1.81045
1.83072
1.84883
1.86344
1.87284
1.87556
1.87053
1.85786
1.8388
1.81533
1.78935
1.762
1.73424
1.70779
1.68382
1.66297
1.64393
1.62544
1.60771
1.59397
1.58884
1.59668
1.61817
1.64934
1.68463
1.71901
1.74991
1.77702
1.80155
1.82557
1.85096
1.87848
1.90662
1.93268
1.95347
1.96614
1.96983
1.96444
1.95112
1.93144
1.90685
1.87835
1.84658
1.81134
1.77227
1.7289
1.68219
1.63458
1.59055
1.55547
1.53287
1.52296
1.52311
1.52981
1.54026
1.55302
1.56895
1.59139
1.62369
1.66533
1.71065
1.7517
1.78258
1.80096
1.80785
1.80583
1.79755
1.78562
1.77187
1.75819
1.74635
1.73816
1.73448
1.73526
1.73937
1.74417
1.74728
1.74668
1.74176
1.73284
1.72096
1.70773
1.69495
1.68355
1.67403
1.66561
1.65774
1.64965
1.64115
1.63206
1.62232
1.61162
1.59982
1.5867
1.57225
1.55675
1.54082
1.5254
1.51151
1.50034
1.49373
1.49348
1.50083
1.5158
1.53697
1.56231
1.58956
1.61673
1.64163
1.66285
1.67892
1.68969
1.69566
1.69774
1.69704
1.69485
1.69271
1.69184
1.6936
1.69837
1.70562
1.71449
1.72337
1.7306
1.73507
1.73681
1.73611
1.73395
1.73126
1.72886
1.72699
1.72587
1.72561
1.72653
1.72916
1.73389
1.74058
1.74734
1.75157
1.75041
1.7421
1.72658
1.70529
1.68169
1.65956
1.64244
1.63269
1.63108
1.63667
1.64671
1.6572
1.66411
1.66499
1.65949
1.64908
1.63581
1.62142
1.6071
1.59336
1.58127
1.57307
1.57154
1.57894
1.59644
1.62268
1.65446
1.68699
1.71579
1.73729
1.75007
1.75441
1.75239
1.74745
1.74328
1.7427
1.74648
1.75309
1.76056
1.76776
1.77521
1.78475
1.79689
1.80957
1.82051
1.82865
1.83461
1.83933
1.84306
1.84534
1.84469
1.83967
1.82906
1.81153
1.78621
1.75355
1.71577
1.67809
1.64762
1.62942
1.62279
1.62293
1.6253
1.62814
1.63216
1.63898
1.65002
1.66576
1.68544
1.70707
1.72826
1.74657
1.75998
1.76658
1.76514
1.7546
1.73472
1.70683
1.67391
1.64051
1.61087
1.58794
1.5732
1.56753
1.5713
1.58289
1.59835
1.61267
1.6221
1.6245
1.61949
1.60891
1.59682
1.58857
1.58744
1.59292
1.60207
1.61184
1.61995
1.62535
1.62796
1.62879
1.62977
1.63277
1.63831
1.64474
1.64946
1.65056
1.64697
1.63879
1.62662
1.61091
1.59233
1.57258
1.55455
1.54222
1.53862
1.54476
1.55865
1.57565
1.59046
1.59899
1.59902
1.59064
1.57636
1.56183
1.55536
1.56488
1.59319
1.63605
1.68544
1.73479
1.78027
1.81999
1.85311
1.87897
1.89717
1.90806
1.91247
1.91128
1.90522
1.89444
1.87918
1.86009
1.83849
1.81685
1.79788
1.78399
1.77657
1.77573
1.78003
1.78704
1.79296
1.79395
1.78632
1.76759
1.73752
1.69785
1.65215
1.60588
1.56502
1.53559
1.52152
1.52384
1.54057
1.56808
1.60178
1.63749
1.67107
1.69942
1.72051
1.73455
1.74413
1.75289
1.7641
1.77895
1.79668
1.81475
1.82978
1.83921
1.84207
1.83882
1.83123
1.82204
1.81396
1.80833
1.80503
1.80309
1.80169
1.80032
1.79802
1.79305
1.78321
1.76624
1.74121
1.70899
1.67198
1.63386
1.59869
1.56967
1.54867
1.53594
1.53067
1.53267
1.54358
1.56614
1.60107
1.64466
1.69004
1.73087
1.76381
1.78773
1.80231
1.80713
1.80142
1.78451
1.75696
1.72108
1.68183
1.64591
1.62167
1.61564
1.63037
1.66276
1.70546
1.75035
1.79052
1.82197
1.84371
1.85642
1.86169
1.86138
1.85692
1.8491
1.83739
1.82108
1.79996
1.77541
1.75088
1.73047
1.71645
1.70783
1.70086
1.69173
1.6785
1.66174
1.64374
1.62661
1.61146
1.59866
1.58852
1.58179
1.57955
1.58298
1.59286
1.60834
1.62728
1.64697
1.66508
1.67972
1.69036
1.69812
1.70515
1.71386
1.72487
1.73776
1.75205
1.76737
1.78166
1.79177
1.79431
1.7874
1.7715
1.74856
1.72194
1.6954
1.67278
1.65744
1.65224
1.65793
1.6734
1.69567
1.72099
1.74577
1.76708
1.78317
1.79333
1.79752
1.79638
1.79108
1.7832
1.77463
1.76653
1.75893
1.75035
1.73923
1.72492
1.70899
1.69562
1.68943
1.69194
1.70016
1.70871
1.71247
1.70824
1.69488
1.67328
1.64602
1.61707
1.59053
1.56974
1.55631
1.55037
1.55029
1.55354
1.55798
1.56234
1.56636
1.57107
1.57751
1.5866
1.59899
1.61485
1.63377
1.65494
1.67679
1.69731
1.71448
1.72673
1.73369
1.73577
1.73392
1.72928
1.72312
1.71749
1.71452
1.71633
1.72367
1.7365
1.75354
1.77315
1.79398
1.81511
1.83573
1.85463
1.8701
1.87987
1.88174
1.87381
1.85504
1.82513
1.78469
1.73553
1.68049
1.62336
1.56912
1.52282
1.48957
1.47284
1.47393
1.49122
1.52067
1.55624
1.59196
1.62253
1.64431
1.65579
1.65788
1.65334
1.64664
1.64274
1.64531
1.65594
1.67327
1.69413
1.71509
1.73247
1.74362
1.74632
1.73917
1.72181
1.69495
1.66111
1.62413
1.58889
1.56029
1.54248
1.5376
1.54519
1.56193
1.58253
1.60083
1.61275
1.61784
1.61944
1.62279
1.63074
1.64146
1.65045
1.65501
1.65624
1.65762
1.66256
1.67256
1.68679
1.70304
1.71784
1.72746
1.72843
1.71855
1.69821
1.67082
1.64346
1.62408
1.61734
1.62215
1.63269
1.64234
1.64587
1.64071
1.626
1.60296
1.57458
1.54523
1.52072
1.50744
1.51023
1.53119
1.56852
1.61651
1.66727
1.71336
1.74933
1.7726
1.78362
1.78481
1.78011
1.77301
1.76559
1.75808
1.74909
1.73656
1.71981
1.69994
1.68001
1.66382
1.65376
1.64963
1.64909
1.64868
1.64561
1.63806
1.62554
1.6084
1.58784
1.56555
1.54411
1.52643
1.51577
1.51514
1.5267
1.55076
1.5854
1.626
1.6658
1.69755
1.71564
1.71808
1.70839
1.6954
1.6891
1.69416
1.70774
1.72336
1.73471
1.73823
1.73224
1.71646
1.69131
1.65775
1.61731
1.57321
1.53047
1.49469
1.47144
1.46398
1.47261
1.49531
1.5286
1.56796
1.60783
1.64326
1.67075
1.68947
1.70089
1.70776
1.7128
1.71792
1.72331
1.72786
1.72965
1.72698
1.71971
1.7094
1.69958
1.69417
1.69623
1.70643
1.72213
1.73822
1.74948
1.75241
1.74635
1.7331
1.71531
1.69598
1.67693
1.65994
1.64714
1.64057
1.6422
1.65202
1.66813
1.68645
1.70255
1.71323
1.71725
1.71601
1.71272
1.7114
1.7144
1.72137
1.73016
1.73819
1.74416
1.74807
1.75078
1.75327
1.75555
1.757
1.7563
1.75207
1.74417
1.73325
1.72025
1.70557
1.6896
1.67352
1.65982
1.65225
1.65415
1.66699
1.68921
1.71664
1.74382
1.76591
1.77959
1.78343
1.77731
1.7626
1.74122
1.71615
1.69046
1.66751
1.64967
1.63851
1.6339
1.63436
1.63714
1.65
1.65238
1.65325
1.65272
1.65242
1.65493
1.66233
1.67572
1.69432
1.71603
1.73789
1.75712
1.77178
1.78134
1.78664
1.78912
1.79024
1.79009
1.78775
1.78194
1.77279
1.76273
1.75521
1.75277
1.75558
1.76194
1.76962
1.77686
1.78271
1.78665
1.78892
1.7901
1.79089
1.79145
1.79108
1.78859
1.78266
1.77239
1.75769
1.73943
1.71913
1.69888
1.68154
1.67071
1.6699
1.68064
1.70095
1.72589
1.74937
1.76641
1.77426
1.77239
1.76223
1.74634
1.7274
1.70725
1.68704
1.66749
1.64953
1.63432
1.62308
1.61579
1.61121
1.60845
1.60797
1.61193
1.62303
1.64239
1.66815
1.69597
1.72043
1.73734
1.74398
1.73939
1.72468
1.70304
1.68033
1.66445
1.66252
1.6777
1.70788
1.74682
1.78702
1.82165
1.84674
1.86058
1.86383
1.85929
1.84979
1.83784
1.82507
1.8125
1.80103
1.79191
1.78656
1.78556
1.78877
1.79532
1.80413
1.81451
1.82597
1.83773
1.84901
1.85878
1.866
1.86969
1.86897
1.86318
1.85155
1.83404
1.81157
1.78638
1.76191
1.74151
1.72791
1.72217
1.72335
1.72847
1.73342
1.7346
1.72998
1.71993
1.707
1.69483
1.68704
1.68572
1.69138
1.70275
1.71751
1.73338
1.74867
1.7623
1.77354
1.78177
1.78601
1.78535
1.77867
1.7655
1.74628
1.72188
1.69384
1.66425
1.63593
1.61234
1.59713
1.59295
1.60067
1.61844
1.64323
1.67166
1.70078
1.72831
1.75278
1.77358
1.79056
1.80396
1.81311
1.8171
1.8148
1.80576
1.79065
1.77121
1.74955
1.72834
1.7099
1.69686
1.69093
1.69309
1.70262
1.7178
1.73641
1.75622
1.77533
1.79234
1.80596
1.81458
1.8166
1.81109
1.79814
1.77955
1.75833
1.73811
1.72167
1.70987
1.70243
1.69902
1.70063
1.70791
1.72
1.73344
1.74444
1.75138
1.75421
1.75419
1.75315
1.75286
1.75449
1.7585
1.76398
1.76874
1.76977
1.76485
1.75303
1.7361
1.71737
1.70104
1.68967
1.68413
1.6839
1.68865
1.69802
1.71131
1.72716
1.74307
1.75607
1.76388
1.7649
1.75942
1.74923
1.73727
1.72624
1.71796
1.71334
1.71188
1.71228
1.71324
1.71384
1.71354
1.71242
1.71075
1.70909
1.70739
1.70496
1.70094
1.69465
1.68609
1.67594
1.66481
1.65334
1.64129
1.62837
1.6138
1.59679
1.5776
1.55794
1.54142
1.53301
1.53718
1.55507
1.58253
1.61251
1.63955
1.66189
1.68031
1.69508
1.70525
1.70886
1.70417
1.6915
1.67263
1.6516
1.63296
1.62094
1.61796
1.6235
1.63404
1.64442
1.65045
1.65091
1.64735
1.64313
1.64152
1.64519
1.65537
1.67246
1.69543
1.72174
1.74739
1.76852
1.78247
1.78785
1.78509
1.77597
1.76268
1.74757
1.73254
1.71846
1.70533
1.693
1.68132
1.67113
1.66397
1.66121
1.66338
1.66944
1.67683
1.68205
1.6817
1.67416
1.66095
1.64682
1.63726
1.63518
1.63878
1.64418
1.6483
1.65191
1.65789
1.66913
1.68672
1.70898
1.73252
1.75381
1.77065
1.78234
1.78988
1.7947
1.79839
1.80128
1.80288
1.80134
1.79426
1.77947
1.75567
1.72388
1.68848
1.6566
1.63562
1.62837
1.63222
1.642
1.65322
1.66336
1.67115
1.67624
1.67979
1.684
1.69079
1.69954
1.70684
1.70876
1.70297
1.68939
1.67001
1.64758
1.62565
1.60766
1.59625
1.5928
1.59701
1.60653
1.61746
1.62624
1.63025
1.62908
1.62439
1.61857
1.61376
1.61142
1.61163
1.61388
1.61755
1.62251
1.62899
1.63722
1.64705
1.65736
1.66693
1.67397
1.67719
1.67615
1.6707
1.66177
1.65074
1.63903
1.62793
1.61817
1.61014
1.60371
1.59836
1.59375
1.58978
1.58734
1.58795
1.59335
1.60425
1.62039
1.64019
1.66199
1.68403
1.70474
1.72289
1.73704
1.74546
1.74632
1.73877
1.7231
1.70218
1.68079
1.66383
1.65337
1.64806
1.64536
1.64463
1.64764
1.65695
1.67334
1.69416
1.71491
1.73142
1.74159
1.74525
1.74309
1.73645
1.7262
1.71267
1.69551
1.67427
1.64918
1.62186
1.59515
1.57276
1.55798
1.55272
1.55713
1.56965
1.58712
1.6059
1.62167
1.6315
1.63441
1.6321
1.62861
1.62782
1.63187
1.6402
1.65029
1.65967
1.66675
1.67094
1.67195
1.66959
1.66362
1.65418
1.64234
1.63002
1.61942
1.61211
1.60871
1.60975
1.61594
1.62883
1.64824
1.67263
1.69833
1.72076
1.7356
1.73986
1.73254
1.71465
1.68823
1.65562
1.61859
1.57875
1.53926
1.50573
1.48542
1.48261
1.49523
1.51665
1.54031
1.56183
1.57936
1.59227
1.60114
1.60749
1.61402
1.62312
1.63613
1.65249
1.67067
1.68833
1.70422
1.7177
1.72897
1.73844
1.74687
1.75484
1.76346
1.77399
1.78802
1.80637
1.82849
1.85221
1.87368
1.88871
1.89347
1.88577
1.86552
1.83482
1.79747
1.75773
1.71985
1.6871
1.66248
1.64861
1.64677
1.65566
1.67106
1.68816
1.7026
1.71165
1.71383
1.70911
1.69802
1.68212
1.66309
1.64331
1.62682
1.61842
1.62145
1.63492
1.65459
1.67559
1.69445
1.70828
1.71501
1.71347
1.70394
1.68833
1.67034
1.65341
1.64005
1.63108
1.62491
1.61829
1.60766
1.59108
1.5694
1.54678
1.5293
1.52273
1.52999
1.55035
1.58016
1.61463
1.64975
1.68224
1.7102
1.73292
1.75069
1.76449
1.77529
1.78415
1.79147
1.79752
1.80246
1.80623
1.80878
1.80972
1.80838
1.80365
1.79483
1.78102
1.76152
1.73652
1.70684
1.67505
1.64495
1.6217
1.60973
1.61126
1.62536
1.64892
1.67794
1.70898
1.73989
1.76966
1.79687
1.81931
1.83414
1.83915
1.8336
1.81872
1.79661
1.76969
1.74026
1.71103
1.68566
1.66786
1.65995
1.66144
1.66865
1.67691
1.68287
1.6852
1.68445
1.68215
1.67971
1.67831
1.67897
1.68195
1.68678
1.69183
1.69555
1.69695
1.69716
1.69841
1.70291
1.71128
1.72235
1.73358
1.74233
1.74747
1.74954
1.74988
1.7495
1.74822
1.74465
1.73734
1.72549
1.70917
1.6895
1.66874
1.64979
1.63567
1.62889
1.63015
1.63819
1.65008
1.6618
1.6697
1.67139
1.66719
1.65932
1.65139
1.64661
1.64653
1.65051
1.65685
1.66333
1.66876
1.67329
1.67778
1.68317
1.6895
1.6958
1.70109
1.70574
1.71179
1.72232
1.73946
1.76301
1.7889
1.81188
1.8265
1.82854
1.81495
1.78474
1.7403
1.68821
1.63811
1.59848
1.57272
1.55909
1.55399
1.5545
1.55881
1.56561
1.5735
1.58198
1.59143
1.60302
1.61811
1.6379
1.66265
1.69167
1.72296
1.75382
1.78125
1.80284
1.81716
1.82402
1.82392
1.81812
1.80784
1.79403
1.77778
1.76011
1.74231
1.72528
1.70987
1.69682
1.68698
1.68069
1.67783
1.6776
1.67883
1.67979
1.67856
1.67357
1.66381
1.64923
1.63079
1.61076
1.59241
1.57929
1.57392
1.57613
1.58382
1.59412
1.60485
1.61492
1.62428
1.63324
1.64203
1.65006
1.65603
1.65903
1.65884
1.65649
1.6542
1.65445
1.65921
1.66875
1.68192
1.69662
1.7107
1.72274
1.73255
1.74065
1.74815
1.7562
1.7649
1.77365
1.78151
1.7871
1.78943
1.78841
1.78454
1.77881
1.77221
1.76539
1.75878
1.75274
1.74728
1.74224
1.73764
1.73353
1.73027
1.72837
1.72839
1.73073
1.73555
1.74237
1.74998
1.75668
1.76097
1.76165
1.75821
1.75109
1.74183
1.73258
1.72645
1.72585
1.73218
1.74485
1.76168
1.77972
1.79588
1.80779
1.81396
1.81368
1.80732
1.79645
1.78315
1.77037
1.76122
1.75798
1.76148
1.771
1.78545
1.80363
1.82426
1.84525
1.86353
1.87627
1.88167
1.87918
1.86947
1.85377
1.83361
1.81017
1.7845
1.75767
1.7314
1.7085
1.69222
1.68441
1.68474
1.69063
1.69931
1.70832
1.71618
1.72186
1.72497
1.72606
1.72645
1.72854
1.7346
1.74559
1.76031
1.77569
1.78854
1.79616
1.79662
1.78875
1.77267
1.74994
1.72365
1.69666
1.67066
1.64593
1.62236
1.60089
1.58382
1.57389
1.57256
1.57878
1.58978
1.60249
1.61441
1.62489
1.63422
1.64198
1.6463
1.64466
1.63532
1.6184
1.59582
1.57026
1.54503
1.52371
1.51046
1.50948
1.52235
1.54618
1.57386
1.59848
1.61574
1.62439
1.6261
1.62419
1.62276
1.62492
1.63141
1.64053
1.64972
1.65706
1.66199
1.66507
1.66693
1.66776
1.6667
1.66229
1.65293
1.63768
1.61587
1.58851
1.55809
1.5283
1.50354
1.48678
1.47887
1.47857
1.48391
1.49228
1.50156
1.51103
1.5208
1.53204
1.54522
1.56083
1.57897
1.59956
1.62244
1.64685
1.67136
1.69368
1.71145
1.72239
1.72575
1.72192
1.71288
1.70164
1.69146
1.68441
1.68095
1.68005
1.67899
1.6753
1.66761
1.65574
1.64232
1.63081
1.62561
1.62947
1.64239
1.66133
1.68163
1.69844
1.70719
1.70499
1.69071
1.66541
1.63178
1.59461
1.55898
1.52905
1.50734
1.49455
1.48997
1.49224
1.50027
1.51311
1.52992
1.54911
1.5682
1.58421
1.59505
1.6
1.60015
1.59798
1.5961
1.59576
1.59645
1.59637
1.59361
1.58683
1.57626
1.56421
1.55425
1.55042
1.55441
1.56497
1.57878
1.59264
1.60502
1.61601
1.62611
1.63492
1.64005
1.63851
1.62826
1.60941
1.58475
1.55967
1.54066
1.53215
1.53474
1.5465
1.56451
1.58685
1.61267
1.64157
1.67279
1.7043
1.73316
1.75696
1.77393
1.78305
1.78426
1.77752
1.76291
1.74093
1.71321
1.68288
1.65492
1.63541
1.62903
1.63699
1.65679
1.68357
1.71224
1.73867
1.75983
1.77397
1.78018
1.77929
1.77362
1.76704
1.76343
1.7643
1.7683
1.77222
1.77304
1.76855
1.75805
1.74172
1.72114
1.69795
1.65
1.62827
1.60805
1.59282
1.5845
1.58487
1.59482
1.61357
1.63966
1.67024
1.70272
1.7338
1.7611
1.78189
1.79382
1.79503
1.78466
1.7632
1.73321
1.6989
1.66553
1.63791
1.61924
1.61143
1.61544
1.63106
1.6568
1.68941
1.72519
1.76071
1.79249
1.81754
1.83311
1.83732
1.82927
1.80895
1.77826
1.74088
1.70238
1.6697
1.65027
1.64945
1.6682
1.70228
1.74371
1.78356
1.81449
1.83213
1.83487
1.82333
1.79936
1.76635
1.72856
1.6913
1.66001
1.63918
1.63112
1.63583
1.65107
1.67375
1.70008
1.72603
1.74778
1.76251
1.76914
1.76803
1.76066
1.74867
1.73338
1.71576
1.6967
1.6778
1.66088
1.64821
1.6411
1.64028
1.64505
1.65422
1.66565
1.67764
1.68835
1.69696
1.70325
1.70759
1.71132
1.71625
1.7239
1.73509
1.74952
1.76586
1.78155
1.79309
1.7965
1.78869
1.76885
1.7387
1.70191
1.66385
1.62926
1.6019
1.58438
1.57741
1.58042
1.59144
1.60759
1.62527
1.64124
1.65344
1.66113
1.66474
1.66546
1.66467
1.66381
1.66356
1.66364
1.66246
1.65771
1.64791
1.6345
1.62181
1.61506
1.61743
1.62831
1.64321
1.65703
1.66574
1.66699
1.66118
1.65105
1.6404
1.63373
1.63374
1.63962
1.64717
1.65106
1.64752
1.63685
1.6238
1.61503
1.61586
1.62753
1.64701
1.6699
1.69264
1.71351
1.73224
1.74888
1.76334
1.77499
1.78302
1.78639
1.78436
1.77624
1.762
1.74253
1.72015
1.69811
1.6806
1.67132
1.67191
1.68102
1.69527
1.71028
1.72253
1.73024
1.73383
1.73468
1.73453
1.73455
1.73513
1.73599
1.73711
1.73802
1.7395
1.74333
1.75197
1.7674
1.78958
1.81581
1.84128
1.86114
1.87148
1.87023
1.85741
1.8354
1.80862
1.78123
1.75595
1.73273
1.70933
1.68349
1.65416
1.62257
1.59287
1.57143
1.56372
1.57063
1.58706
1.60625
1.62328
1.63607
1.64402
1.64687
1.64401
1.63415
1.61587
1.5896
1.5594
1.53329
1.51985
1.52264
1.53791
1.55695
1.57162
1.57764
1.57569
1.56947
1.56341
1.56056
1.56223
1.56805
1.57687
1.58769
1.59983
1.61333
1.62811
1.6439
1.66022
1.67602
1.69032
1.70229
1.71087
1.71518
1.71478
1.70983
1.70139
1.69091
1.68005
1.67048
1.66319
1.65875
1.65746
1.65917
1.66302
1.66764
1.67139
1.67349
1.67461
1.67654
1.6816
1.69144
1.70652
1.72627
1.74933
1.77403
1.79831
1.81971
1.83609
1.8452
1.84552
1.83613
1.81698
1.78943
1.75654
1.72321
1.69461
1.67502
1.66589
1.66616
1.67287
1.68218
1.69062
1.69542
1.69503
1.68879
1.67709
1.66144
1.64332
1.62453
1.60668
1.59097
1.57872
1.57113
1.56919
1.57398
1.58564
1.60334
1.62501
1.64804
1.66947
1.68666
1.69732
1.69974
1.69319
1.67796
1.65535
1.62746
1.59679
1.56596
1.53776
1.51503
1.5008
1.49768
1.50593
1.52301
1.54495
1.56873
1.59289
1.61621
1.63805
1.65762
1.67402
1.68672
1.69543
1.69978
1.70022
1.69646
1.68851
1.67597
1.65975
1.64174
1.6248
1.61182
1.60427
1.60267
1.60606
1.61287
1.62138
1.62998
1.63753
1.64338
1.64727
1.64933
1.64916
1.64599
1.63936
1.62896
1.6146
1.59606
1.57323
1.5471
1.52053
1.4975
1.4817
1.47479
1.47624
1.48403
1.49584
1.50975
1.52442
1.53972
1.55599
1.5729
1.58922
1.60409
1.61719
1.62874
1.63877
1.64725
1.65439
1.66046
1.66657
1.67376
1.68302
1.69429
1.70663
1.71848
1.72826
1.73557
1.74113
1.74623
1.75148
1.75653
1.75979
1.75897
1.75281
1.74129
1.72541
1.7077
1.69105
1.67839
1.67159
1.67163
1.67788
1.68864
1.70117
1.71272
1.72076
1.7235
1.72019
1.71099
1.69697
1.67918
1.65849
1.63587
1.61225
1.58941
1.56942
1.55442
1.5459
1.54452
1.55064
1.56464
1.58682
1.61685
1.65332
1.69341
1.73346
1.77
1.79982
1.82065
1.8311
1.8306
1.81929
1.79825
1.76967
1.73662
1.70323
1.67409
1.65306
1.64253
1.64226
1.64973
1.66082
1.67186
1.6806
1.68687
1.69176
1.69708
1.70384
1.71235
1.72155
1.73033
1.73804
1.7448
1.75191
1.76144
1.77475
1.79155
1.80881
1.82285
1.83058
1.83059
1.82291
1.80841
1.78864
1.76544
1.74039
1.71543
1.69275
1.67518
1.66599
1.66776
1.68088
1.70205
1.72521
1.7438
1.75256
1.74798
1.72892
1.69697
1.65699
1.61713
1.58662
1.57241
1.57567
1.59184
1.61332
1.63322
1.6479
1.65685
1.6624
1.66749
1.67368
1.68127
1.68876
1.69441
1.69686
1.69583
1.6918
1.68563
1.67849
1.67105
1.66337
1.65564
1.64786
1.64082
1.63531
1.63211
1.63146
1.63263
1.63452
1.63542
1.63441
1.63199
1.62949
1.6284
1.62924
1.63211
1.63725
1.64576
1.65868
1.67538
1.69302
1.70704
1.71302
1.70772
1.69001
1.66119
1.62519
1.58743
1.55446
1.53188
1.52268
1.52673
1.541
1.56109
1.58259
1.60262
1.61959
1.63344
1.64485
1.65435
1.66241
1.66938
1.67561
1.68145
1.68721
1.69273
1.69741
1.70088
1.70229
1.70111
1.6972
1.69043
1.68052
1.66723
1.65185
1.6383
1.63324
1.64204
1.66454
1.69508
1.72724
1.75695
1.78288
1.80509
1.82427
1.84078
1.8548
1.86601
1.87388
1.87785
1.8773
1.87156
1.86011
1.84252
1.81839
1.78794
1.75224
1.71379
1.67619
1.64344
1.61926
1.60595
1.60424
1.61349
1.63168
1.65576
1.68172
1.70588
1.72528
1.73794
1.74367
1.74355
1.73903
1.73153
1.7221
1.71147
1.70035
1.68926
1.67854
1.66823
1.65826
1.64862
1.63909
1.62951
1.61964
1.60941
1.59848
1.58692
1.57536
1.56503
1.55785
1.55563
1.55942
1.56899
1.58341
1.60136
1.62154
1.64256
1.66298
1.68151
1.69673
1.7079
1.71534
1.72011
1.72378
1.72764
1.73281
1.73955
1.74748
1.75587
1.76374
1.77013
1.77393
1.77444
1.77105
1.76397
1.75456
1.74529
1.73902
1.73806
1.74309
1.75316
1.76586
1.77869
1.78903
1.79447
1.79291
1.78271
1.76342
1.73634
1.70454
1.67327
1.64848
1.63542
1.63586
1.6485
1.66957
1.69354
1.71442
1.7278
1.7321
1.72831
1.71865
1.70551
1.69091
1.67667
1.66415
1.65431
1.64709
1.64139
1.63587
1.62909
1.62016
1.60878
1.59512
1.57992
1.56493
1.55249
1.54516
1.54484
1.55186
1.56536
1.5835
1.60477
1.62802
1.65242
1.67643
1.69767
1.71364
1.72315
1.72652
1.72544
1.72239
1.72
1.7203
1.72438
1.73208
1.74202
1.75215
1.76034
1.76492
1.76498
1.76026
1.75062
1.73594
1.71659
1.69359
1.66897
1.64587
1.6282
1.61973
1.62204
1.63367
1.65077
1.66883
1.68425
1.69512
1.70044
1.70002
1.69378
1.68235
1.66772
1.65341
1.64367
1.64247
1.65182
1.67099
1.6973
1.72614
1.75283
1.77319
1.78482
1.78719
1.7818
1.77155
1.75992
1.75032
1.74538
1.74566
1.75035
1.75627
1.75932
1.756
1.74434
1.72454
1.69887
1.67138
1.64658
1.62856
1.61957
1.62032
1.6297
1.64639
1.66839
1.6935
1.71851
1.73939
1.75303
1.75689
1.75048
1.73531
1.71492
1.69365
1.67626
1.66587
1.66373
1.66869
1.67791
1.68848
1.69779
1.70454
1.70902
1.71235
1.71545
1.71843
1.72069
1.72084
1.71773
1.71117
1.70172
1.69055
1.67893
1.66771
1.6575
1.64888
1.64299
1.6418
1.64716
1.66002
1.68009
1.70492
1.73087
1.75381
1.77024
1.77846
1.77824
1.77107
1.75908
1.74474
1.7301
1.71669
1.70551
1.69686
1.69074
1.68646
1.68285
1.67893
1.67382
1.66798
1.66258
1.65886
1.65778
1.6593
1.66306
1.66817
1.67327
1.67694
1.67796
1.67571
1.6698
1.66035
1.64762
1.63231
1.61557
1.59809
1.58086
1.56488
1.55142
1.54166
1.53644
1.53616
1.54087
1.55011
1.56259
1.57689
1.59092
1.60244
1.60905
1.60886
1.60125
1.58708
1.57003
1.55552
1.54882
1.55226
1.5643
1.58038
1.59572
1.60737
1.61524
1.62099
1.62637
1.63255
1.64025
1.64994
1.66187
1.67634
1.69304
1.7107
1.72742
1.74076
1.74828
1.74835
1.74146
1.72984
1.71728
1.70767
1.70345
1.70463
1.7089
1.71308
1.71414
1.71059
1.70295
1.69375
1.68702
1.68676
1.69583
1.71485
1.74238
1.77462
1.80603
1.83057
1.84329
1.84101
1.82219
1.78716
1.73876
1.68215
1.62544
1.57685
1.54166
1.51989
1.50748
1.50002
1.4951
1.49316
1.49746
1.51241
1.53999
1.57717
1.61719
1.65403
1.68528
1.71146
1.73361
1.75201
1.76668
1.77772
1.78545
1.78985
1.79022
1.78566
1.77526
1.75968
1.74055
1.71983
1.6996
1.68044
1.66195
1.64416
1.62827
1.61685
1.61325
1.61909
1.63296
1.6512
1.66958
1.68461
1.69444
1.69891
1.69918
1.69813
1.69903
1.70444
1.71543
1.73112
1.74968
1.76807
1.78306
1.79215
1.79372
1.78766
1.77556
1.76008
1.74438
1.73131
1.72318
1.72071
1.72347
1.72986
1.73793
1.74627
1.75422
1.76158
1.76793
1.77212
1.77236
1.76724
1.75659
1.74171
1.72487
1.70801
1.69235
1.67812
1.66558
1.65559
1.64933
1.64721
1.64884
1.65286
1.65831
1.66492
1.67134
1.67578
1.67667
1.67371
1.66704
1.65723
1.64489
1.63063
1.61578
1.60181
1.59044
1.58301
1.58021
1.58218
1.58865
1.59917
1.61301
1.62946
1.64764
1.66679
1.68621
1.70449
1.71987
1.7308
1.73672
1.73814
1.73672
1.73452
1.73327
1.7345
1.73888
1.74569
1.75285
1.75734
1.75724
1.75193
1.74244
1.73
1.71643
1.70297
1.69041
1.67898
1.66762
1.65553
1.64217
1.65
1.63713
1.62558
1.61809
1.61575
1.61861
1.62603
1.63753
1.65266
1.67117
1.69242
1.71509
1.73746
1.75773
1.77408
1.78472
1.78822
1.78256
1.76668
1.74095
1.70796
1.6721
1.63716
1.60497
1.57612
1.55119
1.53145
1.51827
1.51159
1.50977
1.51033
1.51091
1.51106
1.51273
1.51962
1.53504
1.55928
1.58975
1.62199
1.65216
1.67837
1.69978
1.71671
1.72928
1.73742
1.74059
1.73798
1.72917
1.71388
1.69231
1.66537
1.63474
1.60381
1.57664
1.55734
1.54838
1.55029
1.56259
1.58454
1.61509
1.65179
1.69136
1.7298
1.76392
1.79141
1.81105
1.82215
1.82467
1.81857
1.80387
1.78123
1.75226
1.71988
1.68778
1.65967
1.63838
1.6245
1.61685
1.61321
1.61146
1.61097
1.61273
1.61846
1.62913
1.64476
1.66398
1.68509
1.70621
1.72593
1.74317
1.75683
1.76553
1.76761
1.76222
1.74964
1.73196
1.71246
1.69492
1.68232
1.6764
1.67704
1.68297
1.69195
1.70186
1.71053
1.71656
1.71919
1.71919
1.71816
1.71787
1.71906
1.72122
1.72367
1.72674
1.73125
1.73767
1.74474
1.75088
1.75446
1.75485
1.75178
1.745
1.73389
1.71918
1.70429
1.69328
1.68684
1.67991
1.66626
1.64351
1.61474
1.58656
1.56604
1.55684
1.55823
1.56629
1.57623
1.58424
1.58781
1.58605
1.5796
1.5707
1.5629
1.55954
1.56257
1.57098
1.58146
1.58956
1.5917
1.58632
1.57473
1.56041
1.54827
1.54234
1.54415
1.5528
1.56629
1.58241
1.59984
1.61801
1.63725
1.65804
1.6811
1.70705
1.73574
1.76623
1.7966
1.82407
1.84559
1.85784
1.85895
1.84871
1.82867
1.80273
1.77618
1.75446
1.74159
1.73937
1.74642
1.75981
1.77715
1.79693
1.81706
1.83559
1.8499
1.85839
1.85931
1.85118
1.83258
1.80403
1.76873
1.73179
1.69888
1.67308
1.65508
1.64334
1.63634
1.63265
1.63105
1.63041
1.62948
1.62729
1.62329
1.61802
1.61222
1.60699
1.60351
1.60298
1.60584
1.61163
1.61881
1.62546
1.63037
1.63424
1.63883
1.64568
1.65507
1.66577
1.67637
1.68631
1.69578
1.70504
1.71353
1.72003
1.72386
1.7256
1.72654
1.72785
1.7297
1.73152
1.73294
1.73372
1.73435
1.73456
1.73412
1.73285
1.73122
1.73042
1.73201
1.73691
1.74524
1.7564
1.76915
1.78201
1.79339
1.80133
1.80365
1.79907
1.78724
1.76947
1.74801
1.72539
1.70427
1.6864
1.67193
1.65943
1.64609
1.62891
1.60625
1.57807
1.54546
1.51043
1.47598
1.4458
1.42354
1.41187
1.41145
1.42048
1.43565
1.4532
1.47041
1.48613
1.50115
1.51769
1.53838
1.56405
1.59232
1.61857
1.63808
1.64819
1.64823
1.63903
1.62274
1.6021
1.58068
1.56139
1.54655
1.53748
1.53381
1.53454
1.53832
1.54374
1.54931
1.55325
1.55456
1.55327
1.55105
1.55019
1.55261
1.5591
1.5695
1.58297
1.59854
1.61505
1.63193
1.64863
1.66499
1.68047
1.69451
1.70645
1.71538
1.72053
1.72112
1.71684
1.70782
1.69531
1.68178
1.67014
1.66283
1.65988
1.65964
1.66033
1.66167
1.66539
1.67336
1.68562
1.70044
1.71507
1.72671
1.73305
1.7324
1.72365
1.70687
1.68324
1.65506
1.62534
1.59729
1.57396
1.55829
1.55335
1.56149
1.58242
1.6124
1.64537
1.67501
1.69717
1.7096
1.71214
1.70593
1.69238
1.67304
1.64972
1.62463
1.6001
1.57973
1.5681
1.56949
1.58472
1.61016
1.63969
1.66718
1.68816
1.69995
1.70172
1.69418
1.67989
1.66275
1.64746
1.63812
1.63641
1.64013
1.64507
1.64719
1.64389
1.63449
1.61894
1.59777
1.57314
1.54942
1.53292
1.52921
1.53925
1.55813
1.57733
1.59032
1.59561
1.59695
1.59934
1.60608
1.6173
1.63087
1.64463
1.65765
1.67058
1.68422
1.69921
1.715
1.72974
1.74091
1.74619
1.74452
1.73591
1.72211
1.70572
1.68959
1.67579
1.66581
1.66021
1.65891
1.66137
1.66697
1.67511
1.68486
1.695
1.7045
1.71322
1.72161
1.73063
1.7402
1.74845
1.75251
1.75012
1.74134
1.72828
1.71429
1.7015
1.69073
1.68145
1.67241
1.66255
1.6513
1.63908
1.62729
1.61791
1.61249
1.61155
1.6144
1.61939
1.62477
1.62916
1.63147
1.63094
1.62771
1.62353
1.62054
1.61971
1.61977
1.61787
1.61141
1.59939
1.58199
1.56061
1.53766
1.51826
1.51102
1.52483
1.56136
1.6123
1.66517
1.71102
1.74549
1.76748
1.77764
1.77763
1.76949
1.75568
1.73876
1.72118
1.70482
1.691
1.68045
1.67318
1.66887
1.66656
1.66521
1.66392
1.66225
1.66049
1.65895
1.65828
1.65887
1.66072
1.66361
1.66733
1.67166
1.67646
1.68108
1.68373
1.68226
1.67478
1.66025
1.63908
1.61292
1.58386
1.55413
1.52637
1.504
1.49073
1.48978
1.50201
1.52499
1.55391
1.58346
1.60951
1.62985
1.64431
1.65422
1.66164
1.66854
1.6758
1.68351
1.69009
1.69325
1.6906
1.68054
1.66261
1.63817
1.61029
1.5833
1.56236
1.55136
1.55144
1.561
1.5767
1.59482
1.6123
1.62729
1.63833
1.64454
1.64525
1.64078
1.63208
1.62069
1.60872
1.59799
1.59034
1.58725
1.58969
1.59798
1.61133
1.6283
1.64686
1.66439
1.67854
1.68759
1.69131
1.69123
1.68951
1.68841
1.68952
1.69343
1.70041
1.71042
1.72262
1.7352
1.74592
1.75427
1.76167
1.77017
1.77928
1.78489
1.78206
1.76779
1.74241
1.70876
1.67034
1.63145
1.59593
1.56696
1.54609
1.53424
1.53229
1.54075
1.55894
1.5843
1.6128
1.64015
1.66326
1.68092
1.69303
1.70018
1.70312
1.70249
1.69851
1.69147
1.68126
1.66812
1.6534
1.63925
1.62948
1.62755
1.63569
1.65387
1.67989
1.70992
1.73968
1.76524
1.78331
1.79198
1.79044
1.77903
1.75876
1.73161
1.70012
1.66803
1.63926
1.61725
1.60376
1.59894
1.6014
1.60903
1.61951
1.63044
1.64051
1.64902
1.65602
1.66181
1.66687
1.67155
1.6757
1.67816
1.67713
1.67093
1.65913
1.64204
1.62196
1.60145
1.58318
1.56885
1.55917
1.55372
1.55176
1.55257
1.5557
1.56063
1.56646
1.57274
1.57927
1.58611
1.59384
1.60294
1.61428
1.62841
1.64563
1.66436
1.68217
1.69586
1.703
1.70242
1.69533
1.68392
1.6702
1.6542
1.63429
1.60823
1.57434
1.53275
1.48611
1.43971
1.40024
1.37367
1.36364
1.36998
1.38993
1.4192
1.45301
1.48706
1.51817
1.54453
1.56528
1.58024
1.58982
1.59474
1.5964
1.59764
1.60183
1.61169
1.62801
1.64922
1.67225
1.69385
1.7115
1.72343
1.72841
1.7254
1.71423
1.69608
1.67412
1.65269
1.63629
1.62745
1.62588
1.62951
1.63673
1.64658
1.65893
1.67357
1.69009
1.70797
1.72638
1.74423
1.76035
1.77364
1.78291
1.78649
1.78297
1.77209
1.75535
1.73576
1.71639
1.69902
1.68379
1.66892
1.65213
1.63171
1.60652
1.57689
1.54483
1.51486
1.49282
1.48357
1.48788
1.50202
1.51972
1.53584
1.54797
1.55574
1.5606
1.56434
1.56843
1.57402
1.58127
1.59034
1.60157
1.6152
1.63123
1.64886
1.66671
1.68351
1.69872
1.71185
1.72267
1.7311
1.7367
1.73916
1.73788
1.73273
1.72353
1.71128
1.69738
1.68441
1.67453
1.66818
1.66425
1.66083
1.65724
1.655
1.65665
1.66316
1.67261
1.68082
1.68334
1.67639
1.65759
1.62692
1.58647
1.54119
1.49794
1.46447
1.44669
1.44706
1.46457
1.49644
1.53902
1.58797
1.63756
1.68182
1.71511
1.73407
1.73798
1.72833
1.70759
1.67875
1.64545
1.6123
1.58446
1.56619
1.55879
1.5593
1.56364
1.56815
1.57082
1.57113
1.56993
1.56895
1.5713
1.58049
1.59898
1.6259
1.65662
1.68575
1.70842
1.72222
1.72707
1.72417
1.71588
1.70497
1.69466
1.68838
1.68845
1.69543
1.70825
1.72488
1.74321
1.76052
1.77419
1.7815
1.78051
1.77007
1.75069
1.72379
1.69246
1.65997
1.63037
1.60728
1.59318
1.5892
1.5943
1.6061
1.6216
1.63793
1.6526
1.66368
1.67074
1.67432
1.67634
1.67828
1.68113
1.68504
1.6893
1.69336
1.69686
1.70058
1.70548
1.7124
1.72003
1.72523
1.72389
1.71272
1.69016
1.6574
1.61867
1.58123
1.55357
1.54234
1.54957
1.57108
1.59948
1.62751
1.64988
1.66395
1.66931
1.66707
1.65876
1.64541
1.62785
1.60646
1.58178
1.55428
1.52391
1.49091
1.45622
1.42262
1.3946
1.37778
1.37654
1.39226
1.42286
1.46364
1.50838
1.55109
1.58698
1.61329
1.62883
1.63357
1.62843
1.61411
1.59183
1.56327
1.53159
1.50151
1.47886
1.46951
1.477
1.50088
1.53716
1.57961
1.62186
1.65889
1.6875
1.70646
1.71585
1.71681
1.711
1.70026
1.68662
1.67241
1.66056
1.65324
1.65208
1.65712
1.6667
1.67776
1.68675
1.6911
1.68985
1.68392
1.67391
1.65923
1.63899
1.61366
1.5858
1.55994
1.54133
1.53586
1.54707
1.57358
1.60896
1.64502
1.67488
1.69514
1.70513
1.70604
1.69981
1.68927
1.67732
1.66657
1.65887
1.65554
1.65672
1.66194
1.6698
1.67821
1.68478
1.68781
1.68562
1.67785
1.66473
1.64743
1.62729
1.60534
1.58229
1.55859
1.53509
1.51361
1.49815
1.49439
1.50617
1.53165
1.56482
1.60046
1.63508
1.66649
1.69251
1.71142
1.72169
1.72268
1.71479
1.69917
1.67776
1.6527
1.62627
1.60014
1.57601
1.55508
1.53875
1.52824
1.52398
1.5254
1.53167
1.54152
1.55368
1.56726
1.58104
1.59335
1.603
1.60873
1.60982
1.60621
1.59843
1.58738
1.5747
1.56253
1.55455
1.55406
1.56231
1.577
1.5935
1.60752
1.61702
1.62222
