108
-0.0733458   0.00833686   0.0355257
0.0904171   0.193205   0.0213916
-0.0568602   0.186448   0.20588
0.0983644   0.0267418   0.188152
-0.0653023   0.336496   0.0277979
0.107871   -0.478822   0.0103704
-0.0666258   -0.490028   0.193043
0.0903748   0.356361   0.181891
-0.0576195   -0.310532   0.0220081
0.0920762   -0.148801   0.0456614
-0.0772718   -0.13647   0.194549
0.103626   -0.308847   0.198523
0.260667   0.00198043   0.0445003
0.426869   0.162964   0.0262436
0.270018   0.18212   0.193203
0.444455   0.0204769   0.19067
0.26527   0.34221   0.0154952
0.40621   -0.481333   0.0506177
0.24463   -0.490304   0.197503
0.436849   0.325297   0.176553
0.262537   -0.320757   0.0226622
0.443234   -0.183166   0.0236402
0.316291   -0.158309   0.202567
0.462353   -0.32814   0.209454
-0.3932   0.00509024   0.0272344
-0.222566   0.184282   0.0463233
-0.390089   0.18293   0.194262
-0.232958   0.0262686   0.213991
-0.413726   0.347759   0.0140589
-0.22295   -0.488272   0.0257075
-0.380553   -0.498572   0.200701
-0.226134   0.353083   0.205438
-0.392375   -0.351029   0.0382311
-0.228992   -0.172199   0.0202278
-0.391405   -0.137749   0.204613
-0.220446   -0.315708   0.216581
-0.0747982   0.00944414   0.363405
0.103322   0.184386   0.357698
-0.0689067   0.185444   -0.471799
0.100269   0.0345906   -0.46789
-0.066335   0.355249   0.35975
0.0862637   0.498706   0.353707
-0.0788975   -0.490771   -0.473878
0.0874329   0.363108   -0.467149
-0.0534302   -0.323455   0.356949
0.107828   -0.159444   0.366791
-0.0663775   -0.138954   -0.466326
0.0844036   -0.326255   -0.465172
0.277462   0.00875287   0.354761
0.413391   0.185112   0.351846
0.266934   0.189735   -0.483611
0.420498   -0.000575624   -0.460685
0.264755   0.345966   0.363765
0.443943   -0.49898   0.356399
0.247636   -0.487451   -0.466647
0.420073   0.371364   -0.449883
0.263065   -0.304362   0.383815
0.445934   -0.168168   0.381172
0.241371   -0.16288   -0.449509
0.4332   -0.321905   -0.450987
-0.424004   0.0192288   0.368524
-0.238866   0.185666   0.370016
-0.447548   0.18268   -0.46653
-0.240771   0.0356684   -0.471413
-0.424476   0.319342   0.375546
-0.22229   -0.489095   0.362929
-0.407763   -0.487287   -0.458352
-0.253155   0.351178   -0.467441
-0.397765   -0.318641   0.376259
-0.232108   -0.1444   0.367199
-0.386715   -0.142349   -0.449427
-0.229643   -0.305513   -0.483792
-0.078985   0.00876023   -0.304638
0.100591   0.179208   -0.304302
-0.0680097   0.166929   -0.144496
0.112709   0.0113481   -0.119389
-0.0659203   0.344818   -0.291909
0.0678033   -0.485456   -0.308249
-0.0559225   -0.482921   -0.133677
0.0985696   0.368129   -0.137489
-0.0661052   -0.297596   -0.311213
0.0891666   -0.119811   -0.288745
-0.08828   -0.144092   -0.132582
0.0943132   -0.299318   -0.129746
0.266285   0.0182332   -0.31221
0.40984   0.192416   -0.301709
0.263698   0.196813   -0.145807
0.406257   0.0040985   -0.14642
0.233612   0.352012   -0.31244
0.419917   -0.472852   -0.298369
0.265609   -0.473648   -0.145078
0.429033   0.360346   -0.147954
0.240135   -0.313668   -0.301626
0.431568   -0.160926   -0.293246
0.276693   -0.15713   -0.13125
0.429673   -0.325955   -0.147758
-0.405936   0.0298138   -0.286227
-0.228238   0.203563   -0.317913
-0.383314   0.182775   -0.110258
-0.250136   0.0201101   -0.129916
-0.412513   0.335894   -0.303289
-0.209223   -0.468888   -0.301886
-0.400906   -0.495103   -0.162036
-0.235053   0.351717   -0.136018
-0.393267   -0.34259   -0.30705
-0.238859   -0.150916   -0.308011
-0.395784   -0.172675   -0.14445
-0.240889   -0.327254   -0.143877
