-4.96423
-4.96403
-4.96358
-4.96344
-4.9628
-4.96322
-4.9626
-4.96232
-4.96098
-4.95994
-4.9586
-4.95786
-4.95683
-4.95747
-4.95805
-4.95839
-4.95914
-4.95948
-4.96048
-4.96022
-4.96273
-4.9641
-4.96519
-4.96579
-4.96632
-4.96633
-4.96752
-4.96705
-4.96744
-4.96731
-4.96747
-4.96699
-4.96634
-4.96461
-4.96433
-4.96451
-4.96376
-4.9642
-4.96506
-4.96492
-4.96426
-4.96452
-4.9658
-4.96523
-4.96508
-4.96489
-4.96489
-4.96567
-4.96613
-4.96684
-4.96638
-4.96587
-4.96493
-4.96483
-4.96375
-4.96368
-4.96329
-4.9631
-4.96361
-4.96394
-4.96475
-4.96411
-4.96452
-4.96484
-4.96537
-4.96643
-4.96741
-4.96787
-4.96773
-4.96818
-4.96825
-4.96898
-4.9692
-4.96902
-4.96801
-4.96748
-4.96689
-4.96629
-4.96513
-4.96492
-4.96429
-4.96424
-4.96497
-4.96493
-4.96449
-4.96482
-4.9646
-4.96416
-4.96297
-4.96257
-4.96113
-4.96143
-4.96255
-4.96288
-4.96324
-4.96294
-4.96316
-4.96493
-4.96518
-4.96608
-4.96626
-4.96684
-4.96595
-4.96552
-4.96487
-4.96498
-4.96453
-4.96466
-4.96421
-4.96453
-4.96426
-4.96452
-4.96389
-4.96454
-4.9645
-4.96478
-4.96388
-4.96401
-4.96421
-4.96457
-4.96435
-4.96253
-4.96287
-4.9629
-4.96382
-4.96473
-4.96543
-4.96513
-4.9647
-4.96413
-4.96389
-4.96443
-4.96458
-4.96379
-4.96384
-4.96428
-4.9642
-4.96434
-4.96452
-4.96535
-4.96499
-4.96451
-4.96508
-4.96666
-4.96709
-4.96671
-4.96732
-4.96705
-4.96686
-4.96598
-4.96548
-4.96597
-4.96575
-4.96515
-4.96566
-4.96546
-4.96595
-4.9659
-4.96599
-4.96601
-4.9656
-4.965
-4.96499
-4.9657
-4.9649
-4.96449
-4.96575
-4.96569
-4.96698
-4.96619
-4.96582
-4.96528
-4.96493
-4.96454
-4.96444
-4.96509
-4.96468
-4.96493
-4.96458
-4.96436
-4.96454
-4.96487
-4.96448
-4.96548
-4.96584
-4.96593
-4.96552
-4.96528
-4.96569
-4.96702
-4.96637
-4.96585
-4.96456
-4.96403
-4.96409
-4.96451
-4.96452
-4.96416
-4.96424
-4.96517
-4.96633
-4.96574
-4.96634
-4.96622
-4.96615
-4.96665
-4.96612
-4.96714
-4.96687
-4.96667
-4.96703
-4.96662
-4.96646
-4.9652
-4.96547
-4.96355
-4.9634
-4.96407
-4.96423
-4.96414
-4.96428
-4.96388
-4.96414
-4.96483
-4.96533
-4.96609
-4.96578
-4.96662
-4.96596
-4.96604
-4.96659
-4.96646
-4.96632
-4.96665
-4.96676
-4.96651
-4.96764
-4.96703
-4.96669
-4.96673
-4.96643
-4.9675
-4.96787
-4.9671
-4.96742
-4.96741
-4.96812
-4.96823
-4.9688
-4.96936
-4.96955
-4.96979
-4.96986
-4.97017
-4.96899
-4.97008
-4.97042
-4.97128
-4.97062
-4.97114
-4.97007
-4.96995
-4.96895
-4.96875
-4.96892
-4.96898
-4.96916
-4.96907
-4.96854
-4.96866
-4.96882
-4.96969
-4.97013
-4.97124
-4.97148
-4.97171
-4.97266
-4.97256
-4.97194
-4.9709
-4.97009
-4.96863
-4.96847
-4.96832
-4.96857
-4.96896
-4.96884
-4.96914
-4.9691
-4.96839
-4.96799
-4.96766
-4.96934
-4.97009
-4.97007
-4.97007
-4.97022
-4.96985
-4.96931
-4.97039
-4.96963
-4.96855
-4.96837
-4.9682
-4.96867
-4.96853
-4.96817
-4.9684
-4.96904
-4.96994
-4.96997
-4.96979
-4.96944
-4.96881
-4.96828
-4.96878
-4.96827
-4.96822
-4.96847
-4.9685
-4.96763
-4.96721
-4.96763
-4.96772
-4.96779
-4.96836
-4.96878
-4.96854
-4.96819
-4.96846
-4.96867
-4.9681
-4.96741
-4.96558
-4.96448
-4.96379
-4.96335
-4.96271
-4.96273
-4.96269
-4.96198
-4.96244
-4.96259
-4.96163
-4.96208
-4.96233
-4.96343
-4.96271
-4.9629
-4.96284
-4.96283
-4.96252
-4.96304
-4.96313
-4.96346
-4.96349
-4.96313
-4.96269
-4.96318
-4.96344
-4.96352
-4.96348
-4.96338
-4.96355
-4.96355
-4.96404
-4.96493
-4.96386
-4.96357
-4.96403
-4.96418
-4.965
-4.96472
-4.96521
-4.96457
-4.9638
-4.96463
-4.96421
-4.96434
-4.96446
-4.96447
-4.96499
-4.96446
-4.96484
-4.96493
-4.96525
-4.96507
-4.96611
-4.9663
-4.96574
-4.96564
-4.96531
-4.96591
-4.96521
-4.96541
-4.96525
-4.96531
-4.96517
-4.96435
-4.96453
-4.96497
-4.96507
-4.96541
-4.9644
-4.96414
-4.96537
-4.96535
-4.96527
-4.96477
-4.96557
-4.96637
-4.96665
-4.96569
-4.96614
-4.96543
-4.96496
-4.96531
-4.96525
-4.96593
-4.96632
-4.9664
-4.96657
-4.96654
-4.96678
-4.96723
-4.96785
-4.96837
-4.96843
-4.96769
-4.96673
-4.96736
-4.96814
-4.96849
-4.969
-4.96917
-4.96841
-4.96799
-4.96733
-4.967
-4.96797
-4.96723
-4.96743
-4.96684
-4.96716
-4.96676
-4.96698
-4.96625
-4.96625
-4.9663
-4.96539
-4.96507
-4.96494
-4.96465
-4.96425
-4.9637
-4.96397
-4.96366
-4.96444
-4.96611
-4.96508
-4.96562
-4.96549
-4.96582
-4.96536
-4.96467
-4.96466
-4.96567
-4.96597
-4.96651
-4.9671
-4.96634
-4.96646
-4.96631
-4.96668
-4.96614
-4.96644
-4.96573
-4.96568
-4.96555
-4.96617
-4.96653
-4.96709
-4.9675
-4.96768
-4.96768
-4.96739
-4.96738
-4.96703
-4.96707
-4.96795
-4.96826
-4.96824
-4.96707
-4.96653
-4.9657
-4.96537
-4.96548
-4.96549
-4.96599
-4.96543
-4.96453
-4.96437
-4.96532
-4.96543
-4.96512
-4.96597
-4.96563
-4.96575
-4.96548
-4.9664
-4.96624
-4.96626
-4.96638
-4.96619
-4.96631
-4.96531
-4.96519
-4.96506
-4.96533
-4.96551
-4.9659
-4.96511
-4.96584
-4.96685
-4.96775
-4.96685
-4.96682
-4.96694
-4.96642
-4.96633
-4.96632
-4.96581
-4.9646
-4.96422
-4.96322
-4.96387
-4.96379
-4.96278
-4.96327
-4.96268
-4.96292
-4.96273
-4.96317
-4.96403
-4.96488
-4.96546
-4.96707
-4.96694
-4.96829
-4.96821
-4.96783
-4.96851
-4.96854
-4.96853
-4.96805
-4.96792
-4.96755
-4.96727
-4.96618
-4.96599
-4.96674
-4.9665
-4.96625
-4.96667
-4.96657
-4.96638
-4.96616
-4.96557
-4.96553
-4.96571
-4.96466
-4.96481
-4.96571
-4.96629
-4.96571
-4.96454
-4.96329
-4.96381
-4.96326
-4.96334
-4.96414
-4.96429
-4.96494
-4.9645
-4.96532
-4.96545
-4.96616
-4.96606
-4.96651
-4.96741
-4.96797
-4.96874
-4.96863
-4.96953
-4.97024
-4.97064
-4.97005
-4.97001
-4.97053
-4.96976
-4.96957
-4.96933
-4.96975
-4.96944
-4.96903
-4.96768
-4.96714
-4.96761
-4.96745
-4.96758
-4.96758
-4.96796
-4.96799
-4.96728
-4.96686
-4.96664
-4.96642
-4.9666
-4.96681
-4.96689
-4.96577
-4.9667
-4.96638
-4.96561
-4.96604
-4.96619
-4.96582
-4.96538
-4.96519
-4.96652
-4.96732
-4.96752
-4.96751
-4.96751
-4.96747
-4.96788
-4.96846
-4.96839
-4.96785
-4.96778
-4.96768
-4.96794
-4.96727
-4.96722
-4.96691
-4.96626
-4.96672
-4.96636
-4.96696
-4.96682
-4.96598
-4.96503
-4.9653
-4.96526
-4.96437
-4.96535
-4.96561
-4.96633
-4.96596
-4.96602
-4.96666
-4.96781
-4.96758
-4.96609
-4.96563
-4.96529
-4.96545
-4.96637
-4.96623
-4.96629
-4.96587
-4.96447
-4.9649
-4.96483
-4.96351
-4.96364
-4.96454
-4.96453
-4.96518
-4.96648
-4.96619
-4.96702
-4.96751
-4.96722
-4.96656
-4.96645
-4.96587
-4.96577
-4.96609
-4.96622
-4.96716
-4.96821
-4.96852
-4.9686
-4.96828
-4.96777
-4.96767
-4.96726
-4.96722
-4.96804
-4.9673
-4.9674
-4.96721
-4.96607
-4.96592
-4.96637
-4.96623
-4.96641
-4.96815
-4.96772
-4.96785
-4.96866
-4.96854
-4.9688
-4.96857
-4.96804
-4.96733
-4.96631
-4.96676
-4.96676
-4.96629
-4.96641
-4.96569
-4.96595
-4.96664
-4.96586
-4.96535
-4.96639
-4.96643
-4.96699
-4.96635
-4.96611
-4.96548
-4.9659
-4.96652
-4.96665
-4.96676
-4.96715
-4.96767
-4.96899
-4.96983
-4.97044
-4.9696
-4.96902
-4.96834
-4.96816
-4.96665
-4.96638
-4.96553
-4.9652
-4.96491
-4.96502
-4.96584
-4.96537
-4.9655
-4.96581
-4.96683
-4.96751
-4.96736
-4.96747
-4.96705
-4.96832
-4.96868
-4.96815
-4.96812
-4.96879
-4.96899
-4.96886
-4.96875
-4.96929
-4.96813
-4.96764
-4.96798
-4.96808
-4.96845
-4.9691
-4.96889
-4.96847
-4.9676
-4.96644
-4.96683
-4.96672
-4.96691
-4.96684
-4.96719
-4.96815
-4.96855
-4.96867
-4.96867
-4.9682
-4.96838
-4.96765
-4.9671
-4.96636
-4.96602
-4.9652
-4.96476
-4.96507
-4.96462
-4.96476
-4.96474
-4.96477
-4.96497
-4.96453
-4.96533
-4.96547
-4.96649
-4.96612
-4.96544
-4.96533
-4.96455
-4.96395
-4.9633
-4.96265
-4.96239
-4.9627
-4.9635
-4.9634
-4.96399
-4.96425
-4.96495
-4.96586
-4.96643
-4.96719
-4.96695
-4.96755
-4.96752
-4.96674
-4.96699
-4.96714
-4.96665
-4.96592
-4.96643
-4.96592
-4.9652
-4.96555
-4.96605
-4.96641
-4.96617
-4.96687
-4.9681
-4.96777
-4.96806
-4.9684
-4.96802
-4.96697
-4.96645
-4.96579
-4.96513
-4.9643
-4.96419
-4.96351
-4.96337
-4.96357
-4.96267
-4.96291
-4.96357
-4.96371
-4.96398
-4.96382
-4.96448
-4.9642
-4.96546
-4.96509
-4.9653
-4.96569
-4.96648
-4.96765
-4.96773
-4.96721
-4.96744
-4.96747
-4.96766
-4.96756
-4.96738
-4.96709
-4.96725
-4.96702
-4.96652
-4.96678
-4.96686
-4.96643
-4.96534
-4.96559
-4.96531
-4.96584
-4.96566
-4.96497
-4.9648
-4.96597
-4.96619
-4.96674
-4.96697
-4.96723
-4.96723
-4.96852
-4.96811
-4.96809
-4.969
-4.96924
-4.9678
-4.96781
-4.96763
-4.96674
-4.96678
-4.96647
-4.96597
-4.96587
-4.96547
-4.96576
-4.96491
-4.96465
-4.9636
-4.96303
-4.96211
-4.96246
-4.96191
-4.96216
-4.96133
-4.96238
-4.96292
-4.96302
-4.9626
-4.96258
-4.96213
-4.96297
-4.96229
-4.9625
-4.96309
-4.96351
-4.96335
-4.96311
-4.96378
-4.96365
-4.96299
-4.96366
-4.96366
-4.96329
-4.96308
-4.96242
-4.9622
-4.96148
-4.96162
-4.96125
-4.9614
-4.9622
-4.96261
-4.96271
-4.9632
-4.96284
-4.96271
-4.96269
-4.96243
-4.96261
-4.96211
-4.96156
-4.96191
-4.96181
-4.9619
-4.96121
-4.96145
-4.962
-4.96229
-4.96203
-4.96184
-4.96277
-4.96304
-4.96343
-4.96363
-4.96466
-4.96439
-4.96295
-4.96337
-4.96304
-4.96365
-4.96371
-4.96385
-4.96364
-4.96427
-4.96467
-4.9667
-4.96686
-4.96647
-4.96645
-4.96574
-4.96633
-4.9673
-4.96703
-4.9671
-4.96641
-4.96533
-4.96417
-4.96411
-4.9639
-4.96449
-4.9646
-4.96422
-4.96426
-4.96483
-4.96493
-4.9652
-4.25181
-4.25088
-4.25031
-4.24977
-4.25094
-4.25018
-4.2491
-4.24957
-4.25
-4.25009
-4.24978
-4.25145
-4.25234
-4.25327
-4.2547
-4.25521
-4.25559
-4.25527
-4.25482
-4.25378
-4.25354
-4.25355
-4.25284
-4.25338
-4.25189
-4.25162
-4.25112
-4.25025
-4.25057
-4.25008
-4.25025
-4.2494
-4.24989
-4.25074
-4.25162
-4.25174
-4.2509
-4.25081
-4.25136
-4.25134
-4.25134
-4.25157
-4.25053
-4.25035
-4.25036
-4.25085
-4.25096
-4.25168
-4.2506
-4.25085
-4.25146
-4.25134
-4.25111
-4.25126
-4.25119
-4.25035
-4.24997
-4.24892
-4.24835
-4.249
-4.2496
-4.25055
-4.25133
-4.25084
-4.25033
-4.25062
-4.25186
-4.25214
-4.25224
-4.25377
-4.25526
-4.25521
-4.25537
-4.25577
-4.25578
-4.2555
-4.25633
-4.25711
-4.25662
-4.25577
-4.25586
-4.25638
-4.25573
-4.25425
-4.25349
-4.25319
-4.25278
-4.25257
-4.25191
-4.2514
-4.25041
-4.24948
-4.24883
-4.24811
-4.24828
-4.24852
-4.24892
-4.24971
-4.25055
-4.25057
-4.25168
-4.25164
-4.25219
-4.25191
-4.2509
-4.24995
-4.25071
-4.25029
-4.25007
-4.24972
-4.25022
-4.25085
-4.25145
-4.25195
-4.25267
-4.25276
-4.25325
-4.25431
-4.25516
-4.25512
-4.255
-4.25451
-4.25467
-4.2541
-4.25347
-4.2539
-4.25324
-4.25294
-4.25251
-4.25153
-4.25164
-4.25098
-4.25128
-4.25147
-4.25178
-4.25189
-4.25316
-4.25368
-4.25351
-4.2535
-4.25391
-4.2535
-4.25368
-4.2542
-4.25491
-4.25573
-4.25634
-4.25638
-4.25765
-4.25772
-4.25717
-4.25599
-4.25589
-4.25508
-4.25448
-4.25292
-4.25167
-4.25106
-4.25126
-4.25199
-4.25256
-4.25172
-4.25114
-4.25128
-4.25157
-4.25201
-4.252
-4.25339
-4.25447
-4.25415
-4.25368
-4.25353
-4.25339
-4.25286
-4.252
-4.25063
-4.24974
-4.24992
-4.25024
-4.25065
-4.25087
-4.25169
-4.25174
-4.25237
-4.25304
-4.25457
-4.25458
-4.25429
-4.25351
-4.25266
-4.25153
-4.25031
-4.2491
-4.24743
-4.24652
-4.24751
-4.24881
-4.24967
-4.24979
-4.24952
-4.24996
-4.25079
-4.25155
-4.25108
-4.25108
-4.25151
-4.25181
-4.24992
-4.24977
-4.24924
-4.24982
-4.24884
-4.24829
-4.2486
-4.24929
-4.24957
-4.2505
-4.25076
-4.25143
-4.25245
-4.25313
-4.25224
-4.25107
-4.25103
-4.25035
-4.25042
-4.24989
-4.24959
-4.24949
-4.24903
-4.24838
-4.24888
-4.24858
-4.24862
-4.24892
-4.24881
-4.24923
-4.25043
-4.25139
-4.25197
-4.25203
-4.25063
-4.24953
-4.2483
-4.24728
-4.2468
-4.24679
-4.24771
-4.24712
-4.24849
-4.24974
-4.24955
-4.24937
-4.2499
-4.2499
-4.25167
-4.25242
-4.25105
-4.2499
-4.24871
-4.24857
-4.24743
-4.24727
-4.24667
-4.24645
-4.24564
-4.24566
-4.24632
-4.24646
-4.24739
-4.24815
-4.24856
-4.24968
-4.24959
-4.25031
-4.25066
-4.25129
-4.25228
-4.25328
-4.25306
-4.25253
-4.25083
-4.25066
-4.24929
-4.24891
-4.24921
-4.2491
-4.24773
-4.24694
-4.24731
-4.24889
-4.24979
-4.25089
-4.25168
-4.25166
-4.25223
-4.25339
-4.25358
-4.25301
-4.25243
-4.25165
-4.25142
-4.25141
-4.25037
-4.24981
-4.24991
-4.24958
-4.24973
-4.24947
-4.24978
-4.25013
-4.24948
-4.24871
-4.24755
-4.24814
-4.24789
-4.24832
-4.24885
-4.24876
-4.24981
-4.24922
-4.24893
-4.24873
-4.2482
-4.24765
-4.24793
-4.24718
-4.24578
-4.24733
-4.24748
-4.24787
-4.2473
-4.24715
-4.24684
-4.24687
-4.24751
-4.24759
-4.24751
-4.24606
-4.24499
-4.24482
-4.24641
-4.24799
-4.24865
-4.24923
-4.24989
-4.24961
-4.24932
-4.24839
-4.24697
-4.24515
-4.24405
-4.24444
-4.2447
-4.24495
-4.24523
-4.24479
-4.24565
-4.24598
-4.24707
-4.2484
-4.24934
-4.25117
-4.25135
-4.25141
-4.25074
-4.25043
-4.24918
-4.24871
-4.24819
-4.24761
-4.24713
-4.24705
-4.2473
-4.24673
-4.24627
-4.24627
-4.24531
-4.24494
-4.24564
-4.24586
-4.24609
-4.24508
-4.24464
-4.2446
-4.2465
-4.24682
-4.24759
-4.24793
-4.24858
-4.24926
-4.24953
-4.24949
-4.2487
-4.24866
-4.24771
-4.24664
-4.24677
-4.24606
-4.24666
-4.246
-4.24656
-4.24715
-4.2479
-4.24836
-4.24907
-4.24918
-4.25105
-4.25036
-4.2509
-4.25171
-4.25167
-4.2518
-4.25177
-4.25229
-4.25128
-4.25061
-4.25066
-4.24977
-4.24947
-4.24862
-4.24756
-4.24744
-4.24655
-4.24633
-4.24585
-4.24677
-4.24691
-4.24712
-4.24558
-4.2449
-4.24422
-4.24434
-4.2451
-4.24519
-4.24662
-4.2474
-4.24813
-4.24965
-4.25117
-4.2513
-4.25043
-4.25061
-4.25059
-4.24994
-4.24876
-4.24846
-4.2473
-4.24597
-4.24654
-4.24665
-4.24619
-4.24652
-4.24793
-4.24903
-4.24993
-4.25061
-4.24973
-4.25012
-4.24933
-4.24775
-4.24718
-4.24736
-4.24738
-4.2475
-4.24757
-4.24715
-4.24647
-4.24579
-4.24651
-4.24711
-4.24745
-4.24716
-4.24652
-4.24717
-4.24665
-4.24661
-4.24691
-4.24696
-4.24607
-4.24557
-4.24513
-4.24506
-4.24519
-4.24585
-4.24562
-4.24625
-4.24697
-4.24794
-4.24868
-4.24844
-4.2472
-4.24812
-4.24796
-4.24846
-4.24789
-4.24857
-4.24901
-4.24863
-4.2491
-4.24941
-4.24915
-4.24927
-4.24853
-4.2481
-4.24828
-4.24861
-4.24774
-4.24847
-4.24817
-4.24911
-4.24979
-4.25076
-4.2513
-4.25198
-4.25135
-4.25105
-4.25071
-4.25015
-4.2499
-4.25037
-4.24932
-4.2503
-4.25081
-4.25103
-4.2502
-4.25079
-4.25041
-4.25006
-4.24887
-4.24891
-4.24951
-4.24861
-4.24904
-4.24929
-4.24988
-4.24929
-4.2496
-4.24942
-4.2485
-4.24837
-4.24855
-4.24847
-4.24757
-4.24594
-4.24508
-4.24549
-4.24556
-4.24591
-4.24648
-4.24654
-4.24758
-4.24828
-4.2476
-4.24733
-4.24747
-4.2468
-4.24775
-4.24839
-4.24733
-4.24798
-4.24944
-4.24948
-4.24981
-4.25164
-4.25148
-4.25029
-4.24967
-4.2494
-4.24808
-4.24752
-4.24776
-4.24733
-4.24729
-4.24805
-4.24806
-4.24931
-4.24954
-4.24891
-4.24822
-4.24808
-4.24809
-4.24865
-4.24842
-4.24764
-4.24756
-4.24774
-4.24807
-4.24769
-4.24833
-4.24882
-4.24914
-4.25019
-4.24912
-4.24859
-4.24943
-4.24912
-4.24905
-4.25009
-4.24929
-4.24891
-4.24859
-4.2483
-4.24809
-4.24813
-4.24811
-4.24804
-4.24872
-4.24836
-4.24708
-4.2472
-4.24786
-4.24816
-4.24836
-4.24795
-4.24778
-4.24841
-4.24845
-4.24867
-4.2477
-4.24657
-4.24718
-4.24687
-4.24651
-4.24664
-4.2469
-4.24588
-4.24554
-4.24672
-4.24827
-4.24868
-4.24971
-4.25047
-4.2517
-4.25119
-4.25126
-4.25197
-4.25103
-4.25015
-4.24988
-4.24878
-4.24829
-4.24876
-4.25025
-4.25048
-4.25019
-4.24991
-4.24967
-4.24903
-4.24884
-4.24995
-4.24969
-4.24804
-4.24761
-4.2477
-4.24702
-4.24672
-4.24643
-4.24766
-4.24835
-4.25016
-4.25041
-4.25107
-4.25141
-4.2512
-4.25207
-4.25192
-4.2509
-4.2511
-4.2505
-4.25107
-4.25099
-4.24936
-4.24866
-4.24874
-4.24966
-4.25006
-4.25015
-4.25144
-4.25158
-4.25165
-4.2509
-4.252
-4.25143
-4.25176
-4.25135
-4.25153
-4.25065
-4.25141
-4.24976
-4.24912
-4.24927
-4.2486
-4.24827
-4.24879
-4.24921
-4.24976
-4.25064
-4.25064
-4.25137
-4.25195
-4.25205
-4.2522
-4.2519
-4.25237
-4.25329
-4.25249
-4.25231
-4.25301
-4.25254
-4.253
-4.25223
-4.25235
-4.25283
-4.25216
-4.25247
-4.25262
-4.25183
-4.25185
-4.25164
-4.25205
-4.25069
-4.24967
-4.24932
-4.24838
-4.24796
-4.24758
-4.24847
-4.24722
-4.24758
-4.24786
-4.24806
-4.24735
-4.24693
-4.24708
-4.24681
-4.2469
-4.24677
-4.24708
-4.24721
-4.24709
-4.24637
-4.24661
-4.24578
-4.24528
-4.24549
-4.24487
-4.24455
-4.24469
-4.24435
-4.24486
-4.24524
-4.24722
-4.2473
-4.24753
-4.24765
-4.24794
-4.2481
-4.24823
-4.24798
-4.24811
-4.24694
-4.24828
-4.24824
-4.24798
-4.24861
-4.24851
-4.24828
-4.24942
-4.24921
-4.25011
-4.25008
-4.25068
-4.25072
-4.2507
-4.25205
-4.25237
-4.25378
-4.25429
-4.25449
-4.25468
-4.25573
-4.2551
-4.25534
-4.25474
-4.25469
-4.25451
-4.25234
-4.25193
-4.25196
-4.25131
-4.25069
-4.24977
-4.24894
-4.24881
-4.24995
-4.2514
-4.25354
-4.25467
-4.2552
-4.25553
-4.25489
-4.25429
-4.25433
-4.25371
-4.25327
-4.25284
-4.25317
-4.25342
-4.25333
-4.25255
-4.25342
-4.25329
-4.25323
-4.25423
-4.25537
-4.25551
-4.25524
-4.25592
-4.25524
-4.2542
-4.2528
-4.2523
-4.25255
-4.2528
-4.25321
-4.25412
-4.25458
-4.25339
-4.25304
-4.25182
-4.25099
-4.25024
-4.24902
-4.24993
-4.24961
-4.25028
-4.25004
-4.25129
-4.25161
-4.25149
-4.25129
-4.2514
-4.25196
-4.25235
-4.25117
-4.25206
-4.2518
-4.25035
-4.25004
-4.25035
-4.2492
-4.24894
-4.24764
-4.24701
-4.24665
-4.24679
-4.24749
-4.24833
-4.24793
-4.2482
-4.24864
-4.24852
-4.2483
-4.24784
-4.24674
-4.2462
-4.24529
-4.24432
-4.24431
-4.24319
-4.24252
-4.2417
-4.24102
-4.24062
-4.24122
-4.24138
-4.24281
-4.24352
-4.24431
-4.24465
-4.24406
-4.24416
-4.24431
-4.24355
-4.2442
-4.2434
-4.24318
-4.24264
-4.24386
-4.24349
-4.24358
-4.24277
-4.24383
-4.24363
-4.24321
-4.24495
-4.2463
-4.24701
-4.24709
-4.24798
-4.24855
-4.24847
-4.24895
-4.24843
-4.24797
-4.24821
-4.24805
-4.24726
-4.24791
-4.24831
-4.24954
-4.2495
-4.25013
-4.25001
-4.24936
-4.24962
-4.24932
-4.24832
-4.24767
-4.24861
-4.24825
-4.24895
-4.24938
-4.25023
-4.25033
-4.25064
-4.25132
-4.25208
-4.25172
-4.25131
-4.25042
-4.25039
-4.2508
-4.25063
-4.25066
-4.24986
-4.2487
-4.24872
-4.24871
-4.24766
-4.24826
-4.24883
-4.24781
-4.24775
-4.24844
-4.24831
-4.24829
-4.24794
-4.24856
-4.2494
-4.24958
-4.24975
-4.25018
-4.25037
-4.25078
-4.25077
-4.25046
-4.25041
-4.25008
-4.25193
-4.25257
-4.2538
-4.25407
-4.25414
-4.25425
-4.25375
-4.25298
-4.25323
-4.25219
-4.25246
-4.25209
-4.2513
-4.25158
-4.25123
-4.25113
-4.25114
-4.25124
-4.25135
-4.25209
-4.25205
-4.25282
-4.25318
-4.25252
-4.2524
-4.25159
-4.25067
-4.25044
-4.25076
-4.25062
-4.24989
-4.24932
-4.24889
-4.24876
-4.24819
-4.24758
-4.24712
-4.2457
-4.24501
-4.24469
-4.24401
-3.99995
-3.99826
-3.99653
-3.99701
-3.99781
-3.99762
-3.99821
-4.00002
-4.0009
-4.00025
-3.99978
-4.0004
-4.00083
-4.00086
-4.00096
-4.00144
-4.00142
-4.00247
-4.00097
-4.00113
-4.00047
-4.00108
-4.00167
-4.00189
-4.00108
-4.00145
-4.00133
-4.0015
-4.00225
-4.00261
-4.00375
-4.00438
-4.00497
-4.00565
-4.00526
-4.00568
-4.00569
-4.00575
-4.00586
-4.00593
-4.00648
-4.00685
-4.00635
-4.00606
-4.00599
-4.00533
-4.00637
-4.00538
-4.00572
-4.00715
-4.00739
-4.00767
-4.00825
-4.00909
-4.0086
-4.00769
-4.00646
-4.00605
-4.00664
-4.00731
-4.00558
-4.00497
-4.0044
-4.00339
-4.0038
-4.00324
-4.003
-4.00287
-4.00321
-4.0047
-4.00599
-4.00556
-4.00588
-4.00582
-4.00637
-4.0062
-4.00668
-4.00605
-4.00577
-4.00593
-4.00482
-4.00517
-4.00446
-4.00408
-4.00487
-4.00504
-4.00406
-4.0032
-4.00217
-4.00253
-4.00222
-4.00179
-4.0023
-4.00313
-4.00354
-4.00301
-4.00293
-4.00262
-4.00205
-4.00274
-4.0016
-4.00227
-4.00335
-4.00417
-4.00513
-4.00509
-4.00438
-4.0046
-4.00485
-4.00569
-4.007
-4.00766
-4.00851
-4.00755
-4.00697
-4.00709
-4.00607
-4.00549
-4.00492
-4.00425
-4.00351
-4.00395
-4.00495
-4.00522
-4.00668
-4.00699
-4.00665
-4.00632
-4.00606
-4.00546
-4.00496
-4.00377
-4.00445
-4.00519
-4.00535
-4.00436
-4.00496
-4.00417
-4.00426
-4.00378
-4.00499
-4.0056
-4.00604
-4.00599
-4.00638
-4.00587
-4.00573
-4.00499
-4.00516
-4.00636
-4.00735
-4.00743
-4.00713
-4.00745
-4.00534
-4.00687
-4.00546
-4.00363
-4.00347
-4.0039
-4.00407
-4.00341
-4.00404
-4.00455
-4.0041
-4.00352
-4.00222
-4.00051
-4.00017
-4.00045
-4.00078
-4.00204
-4.00323
-4.0047
-4.00653
-4.00626
-4.00638
-4.00726
-4.00801
-4.00726
-4.00714
-4.00598
-4.00568
-4.00525
-4.00431
-4.00419
-4.00359
-4.00387
-4.00337
-4.00364
-4.00428
-4.00559
-4.00675
-4.00649
-4.00723
-4.00694
-4.00665
-4.00676
-4.00628
-4.00484
-4.00356
-4.00326
-4.00164
-4.00137
-4.00178
-4.00088
-4.00062
-4.00168
-4.00157
-4.00198
-4.00184
-4.00216
-4.00138
-4.00022
-3.9996
-3.9998
-3.99863
-3.99823
-3.99821
-3.99809
-3.99731
-3.99759
-3.99811
-3.99891
-4.00044
-4.00023
-4.00098
-4.00141
-4.00256
-4.00238
-4.00279
-4.00153
-4.0006
-4.00027
-3.99991
-4.00026
-4.00052
-4.00076
-4.00031
-3.99996
-3.99934
-3.99848
-3.99835
-3.99802
-3.99767
-3.99804
-3.99802
-3.99895
-3.99984
-4.00008
-4.00095
-4.00177
-4.00103
-4.00134
-4.00146
-4.00152
-4.00242
-4.00249
-4.00427
-4.00589
-4.00712
-4.00679
-4.00659
-4.00604
-4.00597
-4.00691
-4.00633
-4.00604
-4.00668
-4.00633
-4.00641
-4.00686
-4.00731
-4.00712
-4.00659
-4.00607
-4.00509
-4.0041
-4.00422
-4.00438
-4.00464
-4.00528
-4.0056
-4.0055
-4.0066
-4.00746
-4.00774
-4.00704
-4.00695
-4.00646
-4.00523
-4.00481
-4.00486
-4.00477
-4.00634
-4.00648
-4.00631
-4.00638
-4.00791
-4.00795
-4.00882
-4.00813
-4.00826
-4.00939
-4.00888
-4.00791
-4.00754
-4.00671
-4.00608
-4.00524
-4.00395
-4.00378
-4.00378
-4.00384
-4.00387
-4.00435
-4.00448
-4.0059
-4.00675
-4.00866
-4.00966
-4.01023
-4.01043
-4.01014
-4.00911
-4.00916
-4.00827
-4.00722
-4.00702
-4.00627
-4.00618
-4.00725
-4.00798
-4.00819
-4.00746
-4.00925
-4.00926
-4.00935
-4.00832
-4.00928
-4.00823
-4.00825
-4.00734
-4.008
-4.00782
-4.00917
-4.00926
-4.00974
-4.0093
-4.00839
-4.00781
-4.00668
-4.00663
-4.00577
-4.00449
-4.0026
-4.0016
-4.00069
-4.00088
-4.00039
-4.00097
-4.00168
-4.0024
-4.00229
-4.00457
-4.0042
-4.00385
-4.00356
-4.00369
-4.00394
-4.00384
-4.00394
-4.00498
-4.00595
-4.00654
-4.0076
-4.00805
-4.00761
-4.00782
-4.00697
-4.0049
-4.0044
-4.00355
-4.00246
-4.00109
-4.00025
-3.99965
-4.0005
-4.00042
-4.00139
-4.00178
-4.002
-4.00308
-4.00283
-4.00294
-4.00225
-4.00166
-4.00225
-4.00197
-4.00216
-4.0017
-4.00144
-4.00294
-4.00439
-4.00541
-4.00552
-4.00542
-4.00398
-4.0026
-4.0024
-4.00304
-4.00337
-4.00296
-4.00359
-4.00422
-4.00448
-4.00465
-4.00377
-4.00403
-4.00465
-4.00443
-4.00382
-4.00366
-4.00359
-4.00325
-4.00299
-4.00224
-4.00208
-4.00089
-4.00085
-3.99893
-3.99861
-3.99806
-3.99755
-3.99751
-3.99935
-3.99875
-3.99938
-3.99922
-3.99726
-3.99646
-3.99671
-3.99761
-3.99809
-3.99876
-4.00016
-3.99921
-3.99977
-4.00022
-4.0007
-4.00096
-4.00181
-4.00231
-4.00165
-4.00104
-4.00022
-4.00101
-4.00156
-4.00137
-4.00275
-4.00272
-4.00341
-4.00363
-4.00429
-4.00448
-4.00327
-4.00401
-4.00389
-4.00341
-4.00357
-4.0036
-4.0022
-4.00177
-4.00112
-4.00034
-4.00039
-4.00095
-4.00191
-4.00374
-4.00353
-4.00344
-4.00332
-4.00282
-4.00206
-4.00159
-4.00035
-4.00039
-3.9991
-3.99942
-3.99991
-3.99946
-3.99983
-3.99989
-4.00031
-4.00009
-4.00062
-4.0011
-3.99985
-3.99994
-4.00125
-4.00188
-4.00211
-4.00269
-4.00213
-4.00274
-4.00322
-4.00261
-4.0023
-4.00231
-4.00392
-4.00469
-4.00505
-4.00412
-4.00385
-4.00288
-4.00351
-4.00406
-4.00423
-4.00439
-4.00548
-4.00552
-4.00395
-4.00403
-4.00236
-4.00115
-4.00021
-4.00059
-4.00119
-4.00119
-4.00197
-4.00185
-4.00113
-3.99919
-3.99899
-3.99797
-3.99736
-3.99807
-3.99801
-3.99805
-3.99844
-4.00001
-3.99865
-3.99986
-4.00012
-3.99993
-4.00031
-4.00015
-4.00111
-4.00154
-4.00149
-4.00059
-3.99965
-3.99817
-3.99728
-3.99677
-3.99651
-3.99632
-3.99702
-3.99762
-3.99854
-3.99955
-4.00048
-4.00043
-4.0002
-4.00129
-4.00213
-4.00147
-4.00104
-4.0019
-4.00278
-4.00281
-4.00343
-4.003
-4.0029
-4.00199
-4.00167
-4.00052
-4.00034
-4.00116
-4.00124
-4.00209
-4.00172
-4.00258
-4.00283
-4.0039
-4.0035
-4.00347
-4.00307
-4.00326
-4.00325
-4.00357
-4.00228
-4.00209
-4.002
-4.00041
-4.00069
-4.00041
-4
-4.00183
-4.00301
-4.0034
-4.0023
-4.00262
-4.00178
-4.00197
-4.00191
-4.00207
-3.99977
-4.0004
-4.00186
-4.00139
-4.00077
-4.00099
-4.00229
-4.00229
-4.00182
-4.00228
-4.00463
-4.00504
-4.00495
-4.00528
-4.00537
-4.00586
-4.00606
-4.00466
-4.00545
-4.00511
-4.00576
-4.00536
-4.00501
-4.00463
-4.00344
-4.00279
-4.00331
-4.00326
-4.00429
-4.00318
-4.00398
-4.0028
-4.00228
-4.00255
-4.00194
-4.00149
-4.00157
-4.0017
-4.00086
-4.00103
-4.00202
-4.00389
-4.00268
-4.00356
-4.00437
-4.00452
-4.00435
-4.00442
-4.00458
-4.00456
-4.00498
-4.00512
-4.00445
-4.00419
-4.00421
-4.00365
-4.00376
-4.00234
-4.00131
-4.00015
-3.99992
-3.99959
-4.00148
-4.00362
-4.00581
-4.00656
-4.00654
-4.00615
-4.00675
-4.00625
-4.00657
-4.00701
-4.00712
-4.00729
-4.00753
-4.00821
-4.00821
-4.00826
-4.00727
-4.00719
-4.00646
-4.00647
-4.00622
-4.00614
-4.00681
-4.0067
-4.00771
-4.00878
-4.00969
-4.01021
-4.00967
-4.00916
-4.00848
-4.0083
-4.00845
-4.00847
-4.00796
-4.00843
-4.00888
-4.0087
-4.00791
-4.00801
-4.00841
-4.00836
-4.00735
-4.0071
-4.00663
-4.00634
-4.00694
-4.00839
-4.00743
-4.00683
-4.00693
-4.00717
-4.00786
-4.00952
-4.0088
-4.00863
-4.00892
-4.00801
-4.00713
-4.00494
-4.00444
-4.00352
-4.00301
-4.00302
-4.00206
-4.002
-4.0014
-4.00112
-4.00167
-4.00196
-4.00189
-4.00335
-4.00304
-4.00335
-4.00339
-4.00418
-4.00515
-4.00521
-4.00519
-4.00417
-4.00305
-4.00309
-4.00276
-4.00323
-4.0046
-4.004
-4.00355
-4.00426
-4.00283
-4.00266
-4.0024
-4.00308
-4.00382
-4.0044
-4.00418
-4.00338
-4.00381
-4.00306
-4.00353
-4.00462
-4.00365
-4.00376
-4.00259
-4.00122
-4.00131
-4.00101
-4.00048
-4.00185
-4.00186
-4.00402
-4.00378
-4.00411
-4.00417
-4.00477
-4.00465
-4.00423
-4.00285
-4.0026
-4.00241
-4.00099
-3.99963
-3.99944
-3.99923
-3.9995
-3.99966
-4.0001
-4.00016
-4.00103
-4.00139
-4.00122
-4.00175
-4.00184
-4.00125
-4.00099
-4.00093
-4.00108
-4.00028
-4.00003
-3.99974
-4.00037
-4.00043
-4.00075
-4.00032
-4.00063
-3.99986
-3.99943
-4.00051
-3.99967
-3.99973
-3.99898
-3.99813
-3.9972
-3.99704
-3.99667
-3.99665
-3.99686
-3.99737
-3.99769
-3.99816
-4.0002
-4.00051
-4.00168
-4.00251
-4.00357
-4.00257
-4.00222
-4.00198
-4.00083
-3.99913
-3.99949
-3.99909
-3.9988
-3.99865
-4.00043
-4.0012
-4.00237
-4.00311
-4.00319
-4.00564
-4.0055
-4.00518
-4.00513
-4.00513
-4.00453
-4.00458
-4.00292
-4.00208
-4.0008
-4.00185
-4.00221
-4.00163
-4.00206
-4.00125
-4.00206
-4.00216
-4.00103
-4.00118
-4.00096
-3.99973
-4.0002
-4.00086
-4.0011
-4.00227
-4.00246
-4.002
-4.00281
-4.002
-4.00168
-4.00194
-4.00235
-4.00213
-4.00141
-4.00156
-4.00117
-4.00091
-4.00215
-4.00249
-4.00292
-4.00213
-4.00245
-4.0032
-4.00305
-4.00296
-4.00324
-4.00232
-4.00201
-4.00062
-4.00047
-4.00023
-3.99983
-4.00027
-4.00054
-4.00113
-4.00139
-4.00329
-4.0036
-4.00363
-4.00348
-4.0035
-4.00331
-4.00228
-4.00152
-4.00218
-4.00138
-4.00123
-4.00153
-4.00119
-4.0021
-4.00277
-4.00422
-4.00463
-4.00421
-4.00252
-4.00251
-4.00347
-4.00239
-4.00196
-4.00099
-4.00056
-4.00105
-4.00148
-4.00008
-4.00138
-4.00083
-4.00099
-4.0014
-4.00271
-4.00488
-4.00682
-4.00704
-4.00642
-4.00489
-4.00104
-4.00068
-4.00029
-3.99861
-3.99872
-3.999
-3.99957
-3.99949
-3.99942
-3.999
-3.99953
-3.99907
-4.00071
-4.00156
-4.00232
-4.00234
-4.00245
-4.00163
-4.00099
-4.00085
-3.99945
-3.99839
-3.99733
-3.99689
-3.99631
-3.99676
-3.99602
-3.99716
-3.99898
-4.00066
-4.00203
-4.00123
-4.00202
-4.00166
-4.00171
-4.00217
-4.00145
-4.00135
-4.0006
-4.00048
-4.00017
-4.00116
-4.00068
-4.00093
-4.00182
-4.0015
-4.0014
-4.00118
-4.00147
-4.00191
-4.00253
-4.00184
-4.00207
-4.00127
-4.00113
-4.00123
-4.00074
-4.00144
-4.00148
-4.00138
-3.89725
-3.89712
-3.89736
-3.89704
-3.89771
-3.89822
-3.89916
-3.90027
-3.90089
-3.90176
-3.90274
-3.90421
-3.90336
-3.90077
-3.90039
-3.89865
-3.89768
-3.89714
-3.89766
-3.89808
-3.89851
-3.90016
-3.90085
-3.90155
-3.90222
-3.90169
-3.90135
-3.89993
-3.8978
-3.89842
-3.89713
-3.89614
-3.89653
-3.89498
-3.89632
-3.89685
-3.89711
-3.89532
-3.89366
-3.89374
-3.89413
-3.89352
-3.89449
-3.895
-3.89638
-3.89745
-3.89758
-3.89824
-3.89929
-3.90026
-3.90062
-3.90059
-3.90013
-3.89941
-3.89823
-3.89656
-3.89626
-3.89569
-3.89622
-3.89535
-3.89581
-3.896
-3.89656
-3.8985
-3.89864
-3.89874
-3.89939
-3.89859
-3.89808
-3.89834
-3.89655
-3.89613
-3.89703
-3.89726
-3.89902
-3.89932
-3.89918
-3.89883
-3.89787
-3.89836
-3.89823
-3.89812
-3.8979
-3.89643
-3.89561
-3.89485
-3.8943
-3.89473
-3.8947
-3.89461
-3.89585
-3.89557
-3.89644
-3.89762
-3.89808
-3.89852
-3.89904
-3.89796
-3.89647
-3.89523
-3.8942
-3.89348
-3.89306
-3.89245
-3.89221
-3.89183
-3.89179
-3.89247
-3.89333
-3.89428
-3.89527
-3.89586
-3.89663
-3.89643
-3.8958
-3.89478
-3.89491
-3.89591
-3.89442
-3.89448
-3.89472
-3.89559
-3.89629
-3.89713
-3.89756
-3.89749
-3.89726
-3.89732
-3.8967
-3.89613
-3.89627
-3.89703
-3.89641
-3.89739
-3.89647
-3.8976
-3.89701
-3.89746
-3.89631
-3.89596
-3.89594
-3.89594
-3.89523
-3.89572
-3.89578
-3.89728
-3.89786
-3.89899
-3.89917
-3.89853
-3.89746
-3.89646
-3.89673
-3.89653
-3.89585
-3.89634
-3.89669
-3.89612
-3.89622
-3.89687
-3.89795
-3.89708
-3.89669
-3.89599
-3.89634
-3.89698
-3.89709
-3.89851
-3.8984
-3.89815
-3.8971
-3.89662
-3.89603
-3.89582
-3.89468
-3.89444
-3.89398
-3.89477
-3.8958
-3.89629
-3.89635
-3.89622
-3.8952
-3.89445
-3.89367
-3.89278
-3.8928
-3.89202
-3.89093
-3.8916
-3.89183
-3.89236
-3.89219
-3.89322
-3.89305
-3.89187
-3.89087
-3.89185
-3.89145
-3.89078
-3.89113
-3.89061
-3.89143
-3.89198
-3.8913
-3.89201
-3.89193
-3.89297
-3.89405
-3.89465
-3.8946
-3.89428
-3.89433
-3.89364
-3.89306
-3.89187
-3.89221
-3.8915
-3.89103
-3.89075
-3.88987
-3.89113
-3.89151
-3.89193
-3.89271
-3.89238
-3.89315
-3.89444
-3.89468
-3.89581
-3.89784
-3.89873
-3.90026
-3.90138
-3.90089
-3.89862
-3.89834
-3.89769
-3.89778
-3.89839
-3.89869
-3.89888
-3.89951
-3.89976
-3.9001
-3.90012
-3.90042
-3.89922
-3.89838
-3.8984
-3.89614
-3.89704
-3.89717
-3.89851
-3.89953
-3.89963
-3.90037
-3.9021
-3.90315
-3.90383
-3.90426
-3.90465
-3.90568
-3.90625
-3.90723
-3.90642
-3.90531
-3.90618
-3.90531
-3.90496
-3.90538
-3.90474
-3.90577
-3.90541
-3.90489
-3.90435
-3.90327
-3.90379
-3.90382
-3.90433
-3.90542
-3.90726
-3.90783
-3.90672
-3.90564
-3.90584
-3.90603
-3.90517
-3.90446
-3.9042
-3.9036
-3.90342
-3.90295
-3.90195
-3.90208
-3.90306
-3.90427
-3.9037
-3.90255
-3.90141
-3.9001
-3.89977
-3.89839
-3.8987
-3.8997
-3.90033
-3.90064
-3.89932
-3.89853
-3.89804
-3.89873
-3.89931
-3.89862
-3.89838
-3.89856
-3.89911
-3.9
-3.90033
-3.90106
-3.90298
-3.90262
-3.90116
-3.90032
-3.89937
-3.89806
-3.89683
-3.89546
-3.89436
-3.8943
-3.89513
-3.89545
-3.8968
-3.89818
-3.89836
-3.89835
-3.89869
-3.89783
-3.89676
-3.89677
-3.89624
-3.89553
-3.89587
-3.89574
-3.89546
-3.89433
-3.89438
-3.8943
-3.89394
-3.89661
-3.89828
-3.89874
-3.89965
-3.89987
-3.8997
-3.89914
-3.89845
-3.89681
-3.8967
-3.8965
-3.89641
-3.89622
-3.89563
-3.89451
-3.89484
-3.89525
-3.89693
-3.89664
-3.89752
-3.89735
-3.89827
-3.89741
-3.89729
-3.89734
-3.89703
-3.89775
-3.89845
-3.89798
-3.8991
-3.89988
-3.90061
-3.90122
-3.90107
-3.90028
-3.89903
-3.89838
-3.8978
-3.89748
-3.89649
-3.89524
-3.8946
-3.89432
-3.89512
-3.89522
-3.89471
-3.89512
-3.89647
-3.89788
-3.899
-3.89915
-3.89993
-3.90022
-3.89969
-3.89885
-3.89701
-3.89557
-3.8937
-3.8927
-3.89251
-3.89191
-3.89216
-3.89345
-3.89391
-3.89491
-3.89425
-3.8943
-3.89544
-3.89629
-3.89628
-3.8979
-3.89868
-3.89933
-3.89893
-3.89968
-3.89951
-3.89987
-3.89898
-3.89727
-3.89607
-3.8949
-3.8941
-3.8936
-3.89293
-3.8927
-3.89265
-3.89342
-3.89513
-3.89708
-3.89925
-3.90045
-3.90108
-3.90191
-3.90202
-3.90212
-3.90148
-3.90039
-3.89879
-3.89742
-3.89733
-3.89809
-3.89683
-3.8965
-3.8973
-3.89757
-3.89891
-3.90061
-3.90201
-3.90166
-3.90113
-3.90079
-3.90045
-3.89948
-3.89901
-3.89841
-3.89799
-3.89721
-3.89701
-3.89731
-3.89692
-3.89642
-3.89673
-3.89658
-3.89695
-3.8962
-3.8962
-3.8965
-3.89671
-3.89645
-3.89751
-3.89663
-3.89668
-3.89754
-3.89711
-3.89688
-3.89594
-3.89528
-3.89438
-3.89411
-3.89482
-3.895
-3.8942
-3.8949
-3.89527
-3.89503
-3.89549
-3.89549
-3.89588
-3.89622
-3.89576
-3.8971
-3.8973
-3.8974
-3.89874
-3.89912
-3.90019
-3.9008
-3.9005
-3.89912
-3.89781
-3.89726
-3.89703
-3.89489
-3.89495
-3.89448
-3.89337
-3.89277
-3.89326
-3.89434
-3.89458
-3.895
-3.89587
-3.89723
-3.8977
-3.89786
-3.89738
-3.89638
-3.89569
-3.89677
-3.89621
-3.89595
-3.89629
-3.89671
-3.89775
-3.89778
-3.89863
-3.89949
-3.8995
-3.90149
-3.90113
-3.90104
-3.89922
-3.89933
-3.89784
-3.89739
-3.89547
-3.89414
-3.89439
-3.8952
-3.89436
-3.8949
-3.89579
-3.89629
-3.89717
-3.89816
-3.89874
-3.89911
-3.90073
-3.90075
-3.8996
-3.89981
-3.89787
-3.89756
-3.89706
-3.89766
-3.8989
-3.90004
-3.90068
-3.9017
-3.90085
-3.90036
-3.90024
-3.89916
-3.89916
-3.8982
-3.89857
-3.89774
-3.89654
-3.89635
-3.89632
-3.89606
-3.89596
-3.89534
-3.89503
-3.89511
-3.89476
-3.89538
-3.89473
-3.89515
-3.89488
-3.89542
-3.89654
-3.89629
-3.89669
-3.89701
-3.89756
-3.89755
-3.89783
-3.89959
-3.89939
-3.89947
-3.89996
-3.90052
-3.90039
-3.89933
-3.89924
-3.89813
-3.89873
-3.89859
-3.89812
-3.89777
-3.8983
-3.89858
-3.89773
-3.89737
-3.89687
-3.8963
-3.8973
-3.89897
-3.89954
-3.90118
-3.90169
-3.90196
-3.90244
-3.90172
-3.90239
-3.90224
-3.90144
-3.90038
-3.89982
-3.89956
-3.89881
-3.89914
-3.89877
-3.89873
-3.89824
-3.89836
-3.89896
-3.89968
-3.90018
-3.9003
-3.90032
-3.90037
-3.90028
-3.90006
-3.90092
-3.90066
-3.90114
-3.90171
-3.90187
-3.90194
-3.90226
-3.90185
-3.90123
-3.90043
-3.90064
-3.89918
-3.89737
-3.89577
-3.89461
-3.89481
-3.89562
-3.89552
-3.89756
-3.89877
-3.89972
-3.90028
-3.90097
-3.89961
-3.8993
-3.89971
-3.89926
-3.89873
-3.89972
-3.89962
-3.89902
-3.89763
-3.89788
-3.89787
-3.89695
-3.89605
-3.89656
-3.89598
-3.89556
-3.89539
-3.89578
-3.89549
-3.89648
-3.8965
-3.89581
-3.89486
-3.89366
-3.89382
-3.89373
-3.89404
-3.89515
-3.8965
-3.89693
-3.89725
-3.89791
-3.89805
-3.89976
-3.9
-3.89957
-3.89985
-3.89825
-3.89643
-3.89546
-3.89505
-3.89438
-3.89507
-3.89634
-3.89632
-3.89633
-3.89653
-3.89736
-3.89731
-3.89837
-3.89855
-3.89829
-3.89851
-3.89788
-3.89778
-3.89786
-3.89751
-3.89728
-3.89621
-3.8968
-3.89569
-3.89497
-3.89431
-3.89483
-3.89533
-3.89564
-3.89724
-3.89707
-3.89684
-3.89607
-3.89483
-3.89377
-3.89287
-3.89248
-3.89247
-3.89269
-3.89305
-3.89298
-3.89288
-3.89308
-3.89389
-3.89413
-3.895
-3.89427
-3.8955
-3.89619
-3.89665
-3.89792
-3.89868
-3.90004
-3.90176
-3.90047
-3.90066
-3.90122
-3.9016
-3.90214
-3.90005
-3.89879
-3.8979
-3.89731
-3.89688
-3.89692
-3.89706
-3.89756
-3.89939
-3.90071
-3.90165
-3.90325
-3.90232
-3.90096
-3.90018
-3.90015
-3.89927
-3.89976
-3.89973
-3.89964
-3.89972
-3.89958
-3.89934
-3.89806
-3.89901
-3.89885
-3.89881
-3.89866
-3.89795
-3.89699
-3.89743
-3.89892
-3.89819
-3.89845
-3.89906
-3.89963
-3.89888
-3.89835
-3.89796
-3.8979
-3.89856
-3.89848
-3.89879
-3.89814
-3.89778
-3.89891
-3.89922
-3.89926
-3.89898
-3.89954
-3.8989
-3.89881
-3.89882
-3.89903
-3.899
-3.89893
-3.89966
-3.89992
-3.90083
-3.90209
-3.90167
-3.90104
-3.9003
-3.89956
-3.89744
-3.8965
-3.89611
-3.89629
-3.89538
-3.89525
-3.89552
-3.89539
-3.89471
-3.89476
-3.89413
-3.89372
-3.89377
-3.89377
-3.89408
-3.8944
-3.89438
-3.89458
-3.89447
-3.8967
-3.89679
-3.89616
-3.89608
-3.89622
-3.89588
-3.89557
-3.89527
-3.89484
-3.89429
-3.89451
-3.89343
-3.89383
-3.89393
-3.89346
-3.89359
-3.89344
-3.89514
-3.89543
-3.89569
-3.89619
-3.89664
-3.89493
-3.89472
-3.89377
-3.89319
-3.8934
-3.89463
-3.89482
-3.89452
-3.89449
-3.89534
-3.89567
-3.89588
-3.89565
-3.89596
-3.89685
-3.89655
-3.89641
-3.89682
-3.89743
-3.89765
-3.8967
-3.89726
-3.89781
-3.89778
-3.89709
-3.89602
-3.89587
-3.89702
-3.89704
-3.89825
-3.89788
-3.89874
-3.90022
-3.9006
-3.90017
-3.89942
-3.89968
-3.89901
-3.89888
-3.89859
-3.8999
-3.89963
-3.8999
-3.90176
-3.90212
-3.90249
-3.90193
-3.90117
-3.90025
-3.89972
-3.89785
-3.89815
-3.89814
-3.898
-3.89855
-3.89955
-3.90154
-3.90323
-3.90395
-3.9043
-3.90487
-3.90363
-3.90233
-3.90018
-3.89969
-3.89881
-3.89837
-3.89751
-3.89727
-3.89753
-3.89844
-3.89947
-3.9015
-3.90306
-3.90333
-3.90309
-3.90425
-3.90353
-3.90422
-3.90396
-3.90305
-3.90314
-3.90267
-3.90206
-3.90096
-3.90197
-3.90016
-3.89863
-3.8975
-3.89646
-3.89644
-3.89659
-3.89703
-3.89753
-3.89759
-3.89665
-3.89619
-3.89693
-3.89795
-3.89786
-3.89837
-3.89813
-3.89802
-3.89733
-3.89691
-3.89654
-3.897
-3.89621
-3.89486
-3.89472
-3.89335
-3.89305
-3.89326
-3.89385
-3.89476
-3.89579
-3.89668
-3.89777
-3.89827
-3.89825
-3.89729
-3.89722
-3.89565
-3.89565
-3.89626
-3.89603
-3.89614
-3.89495
-3.89459
-3.89324
-3.89202
-3.8917
-3.89078
-3.89114
-3.74433
-3.74374
-3.7439
-3.74513
-3.74669
-3.74844
-3.74989
-3.74993
-3.75071
-3.75119
-3.75055
-3.74969
-3.74979
-3.74906
-3.74847
-3.7482
-3.74746
-3.74696
-3.74757
-3.74647
-3.74662
-3.74751
-3.74839
-3.74819
-3.74823
-3.74783
-3.74846
-3.74788
-3.7476
-3.749
-3.74913
-3.7499
-3.75094
-3.75086
-3.7512
-3.75201
-3.7531
-3.75211
-3.75139
-3.75018
-3.74977
-3.74961
-3.74845
-3.74881
-3.74841
-3.74831
-3.74869
-3.74727
-3.74547
-3.74545
-3.74326
-3.74312
-3.74245
-3.74242
-3.7424
-3.74186
-3.74195
-3.74292
-3.74395
-3.74437
-3.74607
-3.74752
-3.74762
-3.74824
-3.74882
-3.74923
-3.7504
-3.75004
-3.75027
-3.7495
-3.74847
-3.7478
-3.74804
-3.748
-3.74886
-3.74927
-3.74852
-3.74947
-3.74963
-3.7482
-3.74794
-3.74645
-3.74636
-3.74645
-3.74602
-3.74553
-3.74545
-3.74511
-3.74493
-3.74594
-3.74581
-3.74567
-3.74682
-3.74719
-3.74627
-3.74569
-3.74593
-3.74561
-3.74485
-3.74427
-3.74471
-3.74493
-3.74561
-3.74488
-3.74391
-3.74325
-3.74383
-3.74395
-3.74408
-3.74472
-3.74584
-3.74578
-3.74527
-3.74544
-3.74511
-3.74475
-3.74424
-3.74494
-3.7453
-3.74574
-3.74545
-3.7467
-3.74624
-3.74588
-3.74419
-3.74348
-3.74387
-3.74345
-3.74308
-3.74289
-3.7439
-3.74487
-3.74609
-3.74683
-3.74904
-3.74919
-3.74999
-3.75064
-3.75106
-3.75296
-3.75293
-3.75148
-3.75211
-3.75197
-3.75146
-3.75045
-3.74911
-3.7487
-3.7489
-3.74971
-3.74821
-3.74769
-3.74868
-3.74814
-3.74938
-3.74988
-3.7506
-3.75053
-3.75061
-3.75037
-3.75116
-3.74898
-3.74911
-3.74903
-3.74895
-3.74764
-3.74804
-3.74832
-3.74999
-3.75012
-3.7502
-3.75036
-3.75066
-3.75118
-3.75067
-3.7503
-3.74976
-3.749
-3.7489
-3.748
-3.74794
-3.74793
-3.74812
-3.74834
-3.74922
-3.74822
-3.74835
-3.74841
-3.74921
-3.7487
-3.74799
-3.74899
-3.74998
-3.7503
-3.75142
-3.75127
-3.75132
-3.75149
-3.75093
-3.75093
-3.75076
-3.75094
-3.75117
-3.75085
-3.7503
-3.74865
-3.74754
-3.74601
-3.74657
-3.74643
-3.74727
-3.74713
-3.74673
-3.74791
-3.74759
-3.74603
-3.74663
-3.74632
-3.74662
-3.7465
-3.74637
-3.74706
-3.74577
-3.7445
-3.74428
-3.74366
-3.74424
-3.74563
-3.7466
-3.74633
-3.74635
-3.74674
-3.74714
-3.74677
-3.74651
-3.74627
-3.74689
-3.74685
-3.74775
-3.74734
-3.74728
-3.74804
-3.74843
-3.74859
-3.74826
-3.74709
-3.74689
-3.74668
-3.74754
-3.74839
-3.74843
-3.7475
-3.74784
-3.74766
-3.7479
-3.74722
-3.74663
-3.74706
-3.74566
-3.74669
-3.74735
-3.74881
-3.74844
-3.74841
-3.74791
-3.747
-3.74737
-3.74671
-3.7462
-3.74618
-3.74585
-3.74605
-3.74599
-3.74694
-3.74697
-3.74687
-3.74773
-3.74815
-3.75013
-3.75076
-3.75046
-3.75074
-3.75
-3.7493
-3.74975
-3.75112
-3.75233
-3.75212
-3.75283
-3.75222
-3.75171
-3.75082
-3.75106
-3.75082
-3.75211
-3.7518
-3.75166
-3.75064
-3.74898
-3.74805
-3.74807
-3.74693
-3.74689
-3.74604
-3.74652
-3.74667
-3.74607
-3.74645
-3.74573
-3.7467
-3.74665
-3.74673
-3.74701
-3.74856
-3.74985
-3.75185
-3.75316
-3.75354
-3.75326
-3.75241
-3.75298
-3.75288
-3.75371
-3.75419
-3.75378
-3.75379
-3.75333
-3.75259
-3.75179
-3.75047
-3.7499
-3.74877
-3.74822
-3.74854
-3.74839
-3.74745
-3.74606
-3.74485
-3.74438
-3.74412
-3.74382
-3.74411
-3.74521
-3.74646
-3.74714
-3.74814
-3.74825
-3.74896
-3.74919
-3.75075
-3.75286
-3.75359
-3.75486
-3.75548
-3.75494
-3.75384
-3.75246
-3.75143
-3.7502
-3.74994
-3.74918
-3.7485
-3.74903
-3.74815
-3.74775
-3.74775
-3.74926
-3.74999
-3.74984
-3.74921
-3.74851
-3.74717
-3.74632
-3.74702
-3.74641
-3.7465
-3.746
-3.74598
-3.74647
-3.74662
-3.74705
-3.7474
-3.74733
-3.74663
-3.74703
-3.74641
-3.74636
-3.74591
-3.74604
-3.74599
-3.74522
-3.74658
-3.74725
-3.74686
-3.74772
-3.74835
-3.74965
-3.7505
-3.75112
-3.75051
-3.74946
-3.7488
-3.74838
-3.7477
-3.74806
-3.74785
-3.74716
-3.74743
-3.74787
-3.74835
-3.74834
-3.74812
-3.74834
-3.74831
-3.74768
-3.74959
-3.74987
-3.74844
-3.74866
-3.74812
-3.74679
-3.74722
-3.74642
-3.74645
-3.7465
-3.74626
-3.74632
-3.74723
-3.74736
-3.7476
-3.7478
-3.74811
-3.74611
-3.74481
-3.745
-3.74418
-3.74375
-3.74358
-3.74421
-3.74566
-3.74771
-3.74753
-3.74741
-3.74687
-3.74563
-3.7453
-3.74582
-3.74531
-3.74546
-3.74576
-3.74675
-3.74564
-3.74544
-3.74467
-3.74601
-3.7479
-3.74776
-3.7491
-3.74904
-3.74873
-3.74857
-3.74782
-3.74681
-3.74618
-3.74631
-3.74562
-3.74522
-3.74617
-3.74679
-3.74775
-3.74713
-3.74596
-3.74675
-3.7477
-3.74818
-3.74817
-3.74796
-3.7485
-3.74946
-3.74936
-3.74977
-3.74963
-3.74821
-3.74793
-3.74742
-3.74697
-3.74737
-3.74705
-3.74695
-3.74689
-3.74764
-3.74931
-3.74965
-3.74961
-3.74982
-3.75015
-3.75074
-3.75092
-3.75206
-3.75314
-3.75416
-3.75467
-3.75491
-3.75386
-3.75287
-3.75152
-3.75058
-3.74928
-3.74738
-3.74701
-3.74644
-3.7464
-3.74669
-3.74718
-3.74754
-3.74936
-3.74838
-3.74924
-3.75023
-3.74972
-3.74862
-3.7476
-3.74601
-3.74633
-3.74634
-3.7468
-3.74707
-3.74806
-3.74877
-3.74854
-3.74786
-3.74847
-3.74771
-3.74775
-3.74741
-3.74736
-3.74808
-3.7474
-3.7479
-3.74719
-3.74699
-3.74725
-3.74815
-3.74703
-3.74603
-3.74602
-3.74767
-3.74806
-3.74829
-3.74881
-3.75041
-3.75041
-3.74936
-3.74854
-3.7475
-3.74705
-3.74674
-3.74687
-3.74894
-3.74959
-3.75236
-3.75303
-3.75413
-3.75405
-3.75393
-3.75372
-3.75356
-3.7523
-3.75099
-3.74886
-3.74798
-3.74796
-3.74689
-3.74558
-3.74559
-3.74548
-3.74643
-3.74656
-3.74758
-3.748
-3.74876
-3.74945
-3.74959
-3.75007
-3.7498
-3.74875
-3.7483
-3.74711
-3.74623
-3.74584
-3.74538
-3.74594
-3.74648
-3.74775
-3.75013
-3.75137
-3.75283
-3.75257
-3.75256
-3.75254
-3.75227
-3.75116
-3.75129
-3.75103
-3.75121
-3.75072
-3.75092
-3.75138
-3.75112
-3.75085
-3.75115
-3.74926
-3.74895
-3.74822
-3.74797
-3.74822
-3.7495
-3.75016
-3.74998
-3.74927
-3.74852
-3.74857
-3.74795
-3.74825
-3.74792
-3.747
-3.74533
-3.74456
-3.74371
-3.74403
-3.74403
-3.7443
-3.74388
-3.74349
-3.74536
-3.74661
-3.74752
-3.74849
-3.74967
-3.7496
-3.74953
-3.74918
-3.7485
-3.74836
-3.74777
-3.74737
-3.74822
-3.74818
-3.74765
-3.7466
-3.74667
-3.74761
-3.74908
-3.75147
-3.75233
-3.75307
-3.75417
-3.75389
-3.75279
-3.75324
-3.75337
-3.75205
-3.7497
-3.74831
-3.74815
-3.74771
-3.74699
-3.74502
-3.74475
-3.74398
-3.74292
-3.74352
-3.74443
-3.74451
-3.74481
-3.74354
-3.74254
-3.74284
-3.74455
-3.74458
-3.74513
-3.74585
-3.7461
-3.74626
-3.7468
-3.74786
-3.74821
-3.74941
-3.7498
-3.74968
-3.74954
-3.7505
-3.74997
-3.75004
-3.75094
-3.75098
-3.75109
-3.75219
-3.7508
-3.75061
-3.7501
-3.74925
-3.74918
-3.74871
-3.74804
-3.74787
-3.74765
-3.74848
-3.74969
-3.7511
-3.75183
-3.753
-3.75408
-3.75487
-3.75485
-3.75492
-3.75345
-3.75276
-3.75198
-3.75189
-3.75083
-3.74895
-3.74758
-3.74725
-3.74779
-3.74777
-3.74898
-3.74805
-3.74696
-3.74682
-3.74838
-3.75027
-3.75132
-3.75055
-3.75012
-3.74935
-3.74883
-3.74748
-3.7467
-3.74682
-3.74468
-3.74534
-3.74631
-3.74699
-3.74721
-3.74706
-3.74703
-3.74752
-3.74745
-3.74831
-3.74842
-3.74815
-3.74906
-3.74937
-3.75009
-3.74961
-3.74839
-3.74837
-3.74767
-3.74763
-3.74741
-3.74679
-3.74579
-3.74515
-3.74503
-3.7455
-3.74556
-3.74585
-3.74541
-3.74646
-3.74672
-3.74682
-3.74725
-3.74652
-3.74647
-3.74589
-3.74535
-3.74458
-3.74373
-3.74401
-3.74317
-3.74177
-3.74054
-3.73884
-3.73855
-3.73842
-3.73822
-3.73828
-3.73923
-3.74218
-3.74237
-3.74362
-3.74509
-3.74549
-3.74645
-3.74632
-3.74528
-3.74493
-3.74506
-3.74406
-3.74266
-3.74326
-3.74431
-3.74547
-3.74669
-3.74783
-3.74738
-3.74731
-3.74671
-3.74536
-3.74324
-3.74282
-3.74147
-3.74098
-3.7397
-3.73978
-3.73947
-3.74101
-3.74253
-3.744
-3.74589
-3.74596
-3.74607
-3.74562
-3.74555
-3.74389
-3.74336
-3.74433
-3.7459
-3.74497
-3.74447
-3.74444
-3.74375
-3.74398
-3.74364
-3.7439
-3.74228
-3.74181
-3.74117
-3.73998
-3.73884
-3.73826
-3.73748
-3.73888
-3.74073
-3.742
-3.74255
-3.74508
-3.74541
-3.74539
-3.7448
-3.74366
-3.74188
-3.74064
-3.74042
-3.74105
-3.74341
-3.74521
-3.74518
-3.74687
-3.74916
-3.75082
-3.74962
-3.74819
-3.74714
-3.74665
-3.74414
-3.74324
-3.74219
-3.74144
-3.74076
-3.74132
-3.74127
-3.74043
-3.7398
-3.74046
-3.74079
-3.74146
-3.74275
-3.74313
-3.74207
-3.74315
-3.7429
-3.74257
-3.74175
-3.74181
-3.74154
-3.74155
-3.74193
-3.74237
-3.7434
-3.74387
-3.74472
-3.74633
-3.74764
-3.74759
-3.74636
-3.74571
-3.74415
-3.74322
-3.7427
-3.74421
-3.74544
-3.74639
-3.74655
-3.74637
-3.74561
-3.74434
-3.74365
-3.74227
-3.74217
-3.74271
-3.74255
-3.74164
-3.74231
-3.74324
-3.74522
-3.74661
-3.74836
-3.74939
-3.75106
-3.75149
-3.75144
-3.75044
-3.74974
-3.74866
-3.74854
-3.74812
-3.74829
-3.74794
-3.74722
-3.74625
-3.74626
-3.74627
-3.74529
-3.74448
-3.74486
-3.74592
-3.74739
-3.74845
-3.74887
-3.7492
-3.74815
-3.74633
-3.74568
-3.74656
-3.74664
-3.74558
-3.74569
-3.7459
-3.74561
-3.74681
-3.74819
-3.74822
-3.74875
-3.74888
-3.74896
-3.74891
-3.74812
-3.74708
-3.7473
-3.74721
-3.74826
-3.74923
-3.7491
-3.74816
-3.74844
-3.74729
-3.74678
-3.74627
-3.74554
-3.74569
-3.74544
-3.74538
-3.74513
-3.74546
-3.74531
-3.74497
-3.7451
-3.74498
-3.74561
-3.74642
-3.74792
-3.74986
-3.75005
-3.75029
-3.74892
-3.74803
-3.74755
-3.74542
-3.74417
-3.74314
-3.74323
-3.74208
-3.74287
-3.74233
-3.74328
-3.74474
-3.74567
-3.74732
-3.74911
-3.7367
-3.7366
-3.73744
-3.73808
-3.73796
-3.73891
-3.74056
-3.74037
-3.74113
-3.7401
-3.7401
-3.73998
-3.74065
-3.73924
-3.73853
-3.73728
-3.73755
-3.7371
-3.73604
-3.73596
-3.73457
-3.73377
-3.7353
-3.735
-3.73594
-3.73631
-3.73692
-3.737
-3.738
-3.73764
-3.73731
-3.73634
-3.73679
-3.73684
-3.73648
-3.73617
-3.73559
-3.7345
-3.73464
-3.73414
-3.73311
-3.73392
-3.73428
-3.73495
-3.73667
-3.73738
-3.73743
-3.73937
-3.73816
-3.73829
-3.73805
-3.73578
-3.73572
-3.73594
-3.7363
-3.73651
-3.73587
-3.73502
-3.73582
-3.73626
-3.73592
-3.73654
-3.73656
-3.73671
-3.73813
-3.73885
-3.7392
-3.7397
-3.74051
-3.74053
-3.73967
-3.73824
-3.73724
-3.73695
-3.73472
-3.73357
-3.73482
-3.73557
-3.73581
-3.7383
-3.73926
-3.73918
-3.73994
-3.73941
-3.73905
-3.73787
-3.7363
-3.73517
-3.73588
-3.73516
-3.7362
-3.7358
-3.7363
-3.73716
-3.73578
-3.7371
-3.73774
-3.73716
-3.73692
-3.73842
-3.73848
-3.73796
-3.73761
-3.73692
-3.73656
-3.73507
-3.73419
-3.73345
-3.73206
-3.73218
-3.73164
-3.73118
-3.73069
-3.73127
-3.7322
-3.73317
-3.7333
-3.73453
-3.7334
-3.73297
-3.73298
-3.73185
-3.73104
-3.73
-3.73113
-3.73295
-3.73273
-3.73316
-3.7346
-3.73512
-3.7359
-3.73535
-3.73507
-3.73565
-3.73531
-3.73488
-3.73424
-3.73286
-3.73283
-3.7331
-3.73287
-3.73352
-3.73326
-3.7341
-3.73481
-3.73534
-3.73659
-3.73764
-3.73876
-3.73848
-3.73753
-3.73853
-3.73838
-3.73876
-3.73799
-3.73813
-3.73704
-3.73628
-3.73592
-3.7347
-3.73482
-3.73413
-3.73332
-3.73282
-3.73421
-3.73424
-3.73599
-3.73779
-3.73786
-3.73852
-3.73951
-3.73963
-3.73961
-3.73947
-3.73823
-3.73745
-3.7375
-3.73702
-3.73635
-3.73422
-3.73386
-3.73412
-3.73497
-3.73607
-3.73769
-3.73774
-3.7383
-3.73855
-3.73852
-3.73817
-3.73771
-3.73781
-3.73726
-3.73754
-3.73744
-3.73719
-3.73633
-3.73658
-3.73723
-3.73697
-3.73636
-3.73654
-3.73522
-3.7353
-3.73574
-3.73584
-3.7354
-3.73627
-3.73727
-3.73862
-3.73872
-3.73924
-3.73981
-3.73918
-3.73924
-3.73882
-3.73722
-3.73682
-3.73765
-3.73716
-3.73675
-3.73544
-3.73556
-3.73565
-3.73626
-3.73607
-3.73605
-3.73507
-3.73582
-3.73489
-3.73439
-3.73565
-3.73568
-3.73501
-3.73315
-3.73379
-3.73341
-3.7345
-3.73473
-3.73508
-3.73604
-3.73534
-3.7363
-3.73656
-3.73607
-3.73622
-3.73719
-3.73968
-3.74018
-3.74093
-3.74132
-3.74103
-3.74078
-3.73977
-3.73976
-3.73957
-3.73893
-3.73841
-3.73797
-3.73775
-3.73793
-3.7389
-3.74063
-3.74187
-3.74184
-3.74159
-3.7425
-3.74183
-3.74141
-3.74068
-3.74042
-3.74132
-3.74246
-3.74326
-3.74431
-3.74492
-3.74544
-3.74438
-3.74239
-3.74158
-3.74038
-3.73874
-3.73769
-3.73738
-3.73705
-3.73713
-3.73667
-3.73774
-3.73762
-3.73668
-3.73637
-3.73647
-3.73668
-3.73682
-3.73769
-3.73615
-3.73589
-3.73523
-3.73442
-3.73439
-3.73502
-3.7365
-3.73752
-3.73766
-3.73802
-3.73695
-3.73826
-3.73894
-3.73975
-3.74047
-3.74148
-3.74196
-3.74247
-3.74301
-3.74216
-3.74118
-3.73997
-3.73966
-3.73904
-3.73853
-3.73661
-3.73717
-3.73795
-3.73663
-3.73588
-3.73478
-3.73551
-3.73582
-3.73775
-3.73785
-3.73859
-3.73785
-3.73845
-3.73845
-3.73779
-3.73833
-3.73854
-3.73823
-3.73929
-3.73827
-3.73768
-3.73595
-3.73608
-3.7342
-3.73395
-3.73408
-3.73405
-3.7344
-3.73356
-3.73583
-3.73607
-3.73636
-3.73634
-3.73608
-3.7349
-3.73583
-3.73593
-3.73675
-3.73695
-3.73713
-3.73773
-3.73819
-3.73807
-3.73961
-3.7388
-3.73873
-3.738
-3.73772
-3.73724
-3.73646
-3.73565
-3.73475
-3.7341
-3.73407
-3.73458
-3.73415
-3.73533
-3.73556
-3.73524
-3.73458
-3.73518
-3.7356
-3.73479
-3.73707
-3.73821
-3.73892
-3.73988
-3.73983
-3.7402
-3.73998
-3.73985
-3.73906
-3.73839
-3.73783
-3.73674
-3.73554
-3.73579
-3.73538
-3.73445
-3.73433
-3.73514
-3.7361
-3.73594
-3.73597
-3.73616
-3.73783
-3.7375
-3.73749
-3.7365
-3.73608
-3.73499
-3.73449
-3.73385
-3.7328
-3.73275
-3.73306
-3.7329
-3.73297
-3.73325
-3.73315
-3.7336
-3.73495
-3.73591
-3.73746
-3.73826
-3.73803
-3.73795
-3.7376
-3.73761
-3.73738
-3.73552
-3.73526
-3.73536
-3.73506
-3.73601
-3.73655
-3.73613
-3.73503
-3.73534
-3.73549
-3.73503
-3.73542
-3.73473
-3.73448
-3.73402
-3.73373
-3.73444
-3.73501
-3.73578
-3.73541
-3.73669
-3.73791
-3.73797
-3.73766
-3.73691
-3.73629
-3.73564
-3.73481
-3.73218
-3.7306
-3.72977
-3.72956
-3.7289
-3.72988
-3.73061
-3.73315
-3.73467
-3.7375
-3.73873
-3.73922
-3.73969
-3.73937
-3.73969
-3.73894
-3.73885
-3.73968
-3.74026
-3.74135
-3.74172
-3.74039
-3.73949
-3.73778
-3.7369
-3.73658
-3.73673
-3.73676
-3.73698
-3.73703
-3.73656
-3.736
-3.73599
-3.73566
-3.73615
-3.73609
-3.73475
-3.73416
-3.73374
-3.73199
-3.73065
-3.72933
-3.73005
-3.72981
-3.72967
-3.73016
-3.73095
-3.73395
-3.73529
-3.73623
-3.7368
-3.73668
-3.73701
-3.73636
-3.73521
-3.73337
-3.73236
-3.73283
-3.73233
-3.73277
-3.73251
-3.73262
-3.7335
-3.73451
-3.73479
-3.73534
-3.73517
-3.7335
-3.73439
-3.73335
-3.73272
-3.73239
-3.73204
-3.73328
-3.73386
-3.73565
-3.73564
-3.73575
-3.73493
-3.73445
-3.73366
-3.73465
-3.73591
-3.73803
-3.7384
-3.73963
-3.73932
-3.739
-3.73929
-3.73877
-3.73843
-3.73865
-3.7373
-3.73829
-3.7381
-3.73693
-3.73749
-3.73722
-3.73652
-3.73694
-3.73712
-3.73686
-3.73541
-3.73543
-3.73424
-3.73412
-3.7336
-3.73348
-3.73468
-3.73536
-3.73477
-3.73618
-3.73645
-3.73778
-3.73829
-3.73793
-3.73735
-3.73707
-3.73804
-3.73747
-3.73711
-3.73577
-3.73534
-3.7347
-3.73524
-3.73458
-3.73308
-3.73281
-3.73205
-3.73322
-3.73233
-3.73413
-3.7347
-3.73448
-3.73462
-3.73395
-3.73315
-3.73358
-3.73373
-3.73425
-3.73412
-3.73564
-3.73541
-3.73465
-3.73496
-3.73453
-3.73492
-3.73436
-3.73529
-3.73537
-3.73632
-3.73645
-3.73711
-3.73679
-3.73722
-3.7366
-3.73577
-3.73614
-3.73578
-3.7344
-3.73277
-3.73194
-3.73162
-3.72999
-3.72934
-3.73055
-3.73115
-3.73226
-3.73291
-3.73506
-3.73565
-3.73658
-3.73587
-3.73521
-3.73563
-3.73524
-3.73541
-3.7358
-3.73656
-3.73652
-3.73654
-3.73671
-3.73664
-3.73701
-3.73541
-3.73593
-3.73725
-3.73754
-3.73744
-3.73782
-3.73867
-3.73805
-3.73796
-3.73832
-3.73962
-3.7399
-3.73852
-3.73706
-3.73563
-3.73353
-3.7323
-3.73198
-3.73268
-3.73337
-3.73408
-3.73427
-3.73499
-3.73486
-3.73594
-3.73687
-3.73755
-3.73653
-3.73601
-3.73575
-3.73566
-3.73664
-3.73696
-3.73725
-3.73796
-3.73818
-3.73827
-3.73779
-3.73712
-3.73642
-3.73705
-3.73649
-3.73521
-3.73395
-3.73314
-3.73299
-3.73216
-3.73159
-3.73194
-3.733
-3.73249
-3.7325
-3.73317
-3.73484
-3.73582
-3.73698
-3.73567
-3.73538
-3.73503
-3.73329
-3.73377
-3.7331
-3.73261
-3.73264
-3.73337
-3.73414
-3.7348
-3.73485
-3.73449
-3.7358
-3.73622
-3.73653
-3.73781
-3.73822
-3.7377
-3.73733
-3.73745
-3.73669
-3.73719
-3.73688
-3.73732
-3.73748
-3.73713
-3.73721
-3.73766
-3.7381
-3.73876
-3.73997
-3.73953
-3.73929
-3.73943
-3.73944
-3.74022
-3.73977
-3.73889
-3.738
-3.73765
-3.738
-3.73829
-3.73836
-3.73869
-3.73864
-3.73804
-3.73894
-3.73841
-3.73771
-3.73733
-3.73785
-3.73869
-3.73854
-3.73986
-3.73947
-3.73955
-3.74084
-3.74022
-3.74049
-3.73992
-3.73908
-3.73865
-3.73783
-3.7384
-3.73858
-3.74027
-3.73927
-3.73933
-3.73931
-3.73988
-3.74025
-3.73948
-3.73846
-3.73763
-3.73824
-3.73771
-3.73638
-3.73615
-3.7356
-3.73612
-3.73752
-3.73783
-3.73886
-3.73869
-3.73907
-3.73826
-3.73877
-3.73833
-3.73696
-3.73711
-3.73571
-3.73539
-3.73547
-3.73582
-3.73547
-3.734
-3.7343
-3.73539
-3.73583
-3.73704
-3.73786
-3.73862
-3.73919
-3.73759
-3.7367
-3.73704
-3.73782
-3.73714
-3.73741
-3.73728
-3.7381
-3.73827
-3.73826
-3.73844
-3.73726
-3.736
-3.73366
-3.73205
-3.73069
-3.73041
-3.73048
-3.72898
-3.7308
-3.73111
-3.73141
-3.7314
-3.73112
-3.73185
-3.73311
-3.73309
-3.7334
-3.73326
-3.73308
-3.73314
-3.73325
-3.73191
-3.73113
-3.7313
-3.73139
-3.73053
-3.72957
-3.72967
-3.72919
-3.7304
-3.73102
-3.7326
-3.73263
-3.73433
-3.73431
-3.73331
-3.73246
-3.73094
-3.73071
-3.73049
-3.73002
-3.73077
-3.73126
-3.73185
-3.73069
-3.73124
-3.7306
-3.73072
-3.73124
-3.73001
-3.73005
-3.73012
-3.72978
-3.72874
-3.72772
-3.72802
-3.72917
-3.72893
-3.73009
-3.73049
-3.73261
-3.73332
-3.73336
-3.73256
-3.73306
-3.73335
-3.73372
-3.73401
-3.73292
-3.73268
-3.73316
-3.73275
-3.73262
-3.73302
-3.73167
-3.73133
-3.73146
-3.73129
-3.73186
-3.73062
-3.73013
-3.7306
-3.73093
-3.73021
-3.73103
-3.7306
-3.73064
-3.73031
-3.72915
-3.72953
-3.72866
-3.73019
-3.73194
-3.73231
-3.73289
-3.73356
-3.73407
-3.73397
-3.73316
-3.73169
-3.7305
-3.72983
-3.72985
-3.73021
-3.73086
-3.73176
-3.73287
-3.73318
-3.73378
-3.73414
-3.73468
-3.73489
-3.73611
-3.7359
-3.7354
-3.7352
-3.73493
-3.73478
-3.73521
-3.73564
-3.73529
-3.73504
-3.73555
-3.7353
-3.73466
-3.73552
-3.73618
-3.73621
-3.73648
-3.73631
-3.73734
-3.73873
-3.73901
-3.73869
-3.73828
-3.73694
-3.73675
-3.73626
-3.73548
-3.73416
-3.73382
-3.73396
-3.73342
-3.73385
-3.73395
-3.73679
-3.7385
-3.73806
-3.73899
-3.73957
-3.73984
-3.7394
-3.74012
-3.74054
-3.74019
-3.74031
-3.73906
-3.73847
-3.73698
-3.73517
-3.73508
-3.73351
-3.73348
-3.73341
-3.7355
-3.73636
-3.73833
-3.73874
-3.73985
-3.74096
-3.74178
-3.74137
-3.74045
-3.73842
-3.7371
-3.73635
-3.7361
-3.73719
-3.73739
-3.73705
-3.73691
-3.73652
-3.73668
-3.73563
-3.7348
-3.73422
-3.73308
-3.73313
-3.77916
-3.77709
-3.77851
-3.77947
-3.78046
-3.78132
-3.78218
-3.7829
-3.78371
-3.78422
-3.78349
-3.78422
-3.7838
-3.78289
-3.78181
-3.78152
-3.7796
-3.77829
-3.77651
-3.77668
-3.77695
-3.77814
-3.77989
-3.78152
-3.78353
-3.78319
-3.78303
-3.78199
-3.78344
-3.78319
-3.78322
-3.78142
-3.78068
-3.7795
-3.77831
-3.77808
-3.77724
-3.77683
-3.77642
-3.77757
-3.7806
-3.78289
-3.78517
-3.78731
-3.78732
-3.78736
-3.78561
-3.78534
-3.78308
-3.7812
-3.7808
-3.7794
-3.7788
-3.77944
-3.78027
-3.78117
-3.78254
-3.78249
-3.78299
-3.78462
-3.78572
-3.7853
-3.78437
-3.78388
-3.78185
-3.78059
-3.7795
-3.77897
-3.77806
-3.77782
-3.77812
-3.77827
-3.77809
-3.77932
-3.78103
-3.78116
-3.78129
-3.78172
-3.78251
-3.78242
-3.78308
-3.78272
-3.78273
-3.78305
-3.78389
-3.78412
-3.78311
-3.78375
-3.7831
-3.78242
-3.78237
-3.78054
-3.77873
-3.77751
-3.77691
-3.77688
-3.77706
-3.77747
-3.77725
-3.77578
-3.77674
-3.77801
-3.77931
-3.77909
-3.77997
-3.77901
-3.77887
-3.77856
-3.77825
-3.77718
-3.7758
-3.77568
-3.77568
-3.77693
-3.77688
-3.77693
-3.77749
-3.7766
-3.77614
-3.77707
-3.77912
-3.7804
-3.7808
-3.78159
-3.78265
-3.78202
-3.78084
-3.78139
-3.78183
-3.7821
-3.78425
-3.78372
-3.78443
-3.78527
-3.78394
-3.78428
-3.78326
-3.78316
-3.78221
-3.78333
-3.78432
-3.78461
-3.78443
-3.78458
-3.78468
-3.78299
-3.78225
-3.78113
-3.78186
-3.78122
-3.78037
-3.78058
-3.77943
-3.77932
-3.77821
-3.77774
-3.77817
-3.77947
-3.77982
-3.78194
-3.78193
-3.78219
-3.78244
-3.7815
-3.78095
-3.78004
-3.78064
-3.77897
-3.77899
-3.77933
-3.7793
-3.77871
-3.77934
-3.77946
-3.78021
-3.78059
-3.78217
-3.78239
-3.78201
-3.78079
-3.77987
-3.77852
-3.77717
-3.77554
-3.77461
-3.77548
-3.77595
-3.77596
-3.77589
-3.77452
-3.77418
-3.77401
-3.77445
-3.77407
-3.77407
-3.7763
-3.77789
-3.77805
-3.77823
-3.77862
-3.77782
-3.77759
-3.7771
-3.77634
-3.77624
-3.77536
-3.77531
-3.77544
-3.77647
-3.77767
-3.77863
-3.77942
-3.77973
-3.77993
-3.7796
-3.77845
-3.77762
-3.77905
-3.77854
-3.78014
-3.78219
-3.78248
-3.78249
-3.78239
-3.78211
-3.78233
-3.78238
-3.78221
-3.78305
-3.78396
-3.78409
-3.7832
-3.7824
-3.78294
-3.78254
-3.78254
-3.78242
-3.78329
-3.78409
-3.78331
-3.78274
-3.78334
-3.78524
-3.78495
-3.78415
-3.7837
-3.78323
-3.7833
-3.78199
-3.78315
-3.78471
-3.78643
-3.78709
-3.78733
-3.78811
-3.7867
-3.78669
-3.78545
-3.78482
-3.78359
-3.78197
-3.78143
-3.78023
-3.77952
-3.78002
-3.78151
-3.78184
-3.78228
-3.78251
-3.78129
-3.78125
-3.78107
-3.77948
-3.77889
-3.77905
-3.77906
-3.77772
-3.77709
-3.77771
-3.7774
-3.7785
-3.77874
-3.77884
-3.77963
-3.78015
-3.78127
-3.781
-3.78193
-3.78165
-3.78142
-3.78103
-3.77948
-3.77963
-3.7781
-3.77693
-3.77641
-3.77677
-3.77713
-3.77672
-3.7778
-3.77854
-3.78032
-3.78139
-3.78246
-3.78247
-3.78222
-3.78183
-3.78066
-3.78027
-3.7805
-3.78138
-3.78141
-3.77998
-3.77931
-3.77957
-3.78004
-3.77976
-3.77963
-3.78034
-3.77943
-3.77989
-3.78129
-3.78132
-3.78202
-3.78216
-3.78349
-3.78357
-3.78392
-3.78352
-3.78257
-3.78205
-3.78118
-3.78093
-3.78075
-3.78105
-3.78081
-3.78025
-3.77937
-3.77797
-3.77708
-3.77673
-3.77795
-3.77692
-3.7778
-3.77796
-3.77943
-3.78005
-3.78021
-3.78045
-3.7805
-3.78137
-3.78164
-3.78118
-3.78124
-3.78166
-3.78088
-3.77943
-3.77833
-3.77758
-3.77802
-3.77787
-3.77806
-3.77717
-3.77721
-3.77742
-3.77852
-3.77863
-3.77809
-3.77803
-3.77762
-3.77832
-3.7787
-3.77848
-3.77825
-3.77812
-3.77804
-3.77838
-3.77824
-3.77792
-3.77915
-3.77921
-3.77978
-3.78072
-3.78094
-3.78181
-3.78113
-3.78015
-3.77997
-3.77932
-3.7788
-3.77845
-3.77776
-3.77734
-3.77734
-3.77698
-3.77571
-3.77582
-3.77686
-3.77824
-3.77861
-3.77838
-3.77879
-3.77968
-3.78062
-3.78141
-3.7822
-3.78293
-3.78261
-3.7816
-3.78083
-3.77918
-3.77892
-3.77827
-3.77662
-3.77503
-3.77518
-3.77574
-3.77738
-3.77971
-3.78198
-3.78329
-3.78444
-3.78392
-3.78303
-3.78319
-3.78263
-3.78205
-3.78247
-3.78258
-3.78364
-3.78392
-3.7841
-3.78339
-3.78352
-3.7845
-3.78463
-3.78476
-3.78551
-3.78537
-3.78451
-3.78391
-3.78236
-3.78057
-3.77919
-3.77861
-3.77791
-3.77785
-3.77757
-3.77905
-3.77933
-3.77988
-3.781
-3.78259
-3.78294
-3.78204
-3.7816
-3.78103
-3.78005
-3.77885
-3.77756
-3.7778
-3.77762
-3.7786
-3.77976
-3.78102
-3.78216
-3.78255
-3.78309
-3.78391
-3.7834
-3.78241
-3.78291
-3.78295
-3.78202
-3.78256
-3.78171
-3.78141
-3.78059
-3.78048
-3.7803
-3.78113
-3.78051
-3.78057
-3.77978
-3.77876
-3.77791
-3.77783
-3.77904
-3.77876
-3.77861
-3.77897
-3.77878
-3.77985
-3.77958
-3.77919
-3.78003
-3.78082
-3.78019
-3.78066
-3.78123
-3.78242
-3.782
-3.78121
-3.78085
-3.78103
-3.78143
-3.78072
-3.77956
-3.77796
-3.77687
-3.77723
-3.77881
-3.77944
-3.78102
-3.7813
-3.78086
-3.78164
-3.78125
-3.78099
-3.78145
-3.78063
-3.77999
-3.77915
-3.77827
-3.77795
-3.7772
-3.77746
-3.7771
-3.77751
-3.77874
-3.77837
-3.77825
-3.77801
-3.77847
-3.7795
-3.78017
-3.77931
-3.77923
-3.77958
-3.78078
-3.7825
-3.78298
-3.78351
-3.78306
-3.78317
-3.7837
-3.78267
-3.78146
-3.782
-3.78126
-3.77987
-3.7798
-3.77782
-3.77696
-3.77701
-3.77597
-3.77483
-3.77325
-3.77308
-3.77239
-3.77199
-3.77287
-3.77303
-3.77313
-3.77436
-3.77565
-3.77728
-3.77776
-3.77795
-3.77798
-3.77828
-3.7775
-3.77624
-3.77592
-3.77478
-3.77369
-3.77364
-3.7733
-3.77428
-3.77461
-3.77441
-3.77465
-3.77535
-3.77517
-3.7743
-3.77522
-3.77553
-3.77599
-3.77694
-3.77683
-3.77606
-3.77613
-3.77822
-3.77882
-3.77998
-3.78054
-3.78112
-3.78205
-3.7812
-3.7811
-3.78146
-3.78144
-3.78037
-3.77965
-3.78019
-3.77864
-3.77874
-3.77956
-3.78061
-3.78137
-3.7806
-3.78012
-3.77911
-3.77983
-3.78011
-3.78018
-3.78083
-3.77952
-3.77939
-3.77947
-3.77905
-3.7788
-3.77932
-3.78131
-3.78162
-3.78221
-3.78163
-3.78114
-3.77979
-3.77983
-3.77911
-3.7791
-3.77877
-3.77778
-3.77838
-3.77957
-3.77935
-3.78027
-3.78105
-3.78175
-3.78274
-3.78246
-3.78096
-3.77993
-3.77789
-3.77702
-3.77758
-3.77595
-3.77683
-3.77544
-3.77631
-3.77813
-3.77867
-3.77794
-3.77819
-3.77797
-3.7776
-3.77752
-3.77826
-3.77843
-3.77948
-3.77987
-3.78151
-3.78197
-3.78281
-3.78424
-3.78456
-3.78395
-3.78523
-3.78421
-3.78549
-3.78509
-3.78458
-3.78325
-3.7811
-3.7803
-3.78012
-3.78105
-3.78283
-3.7836
-3.78298
-3.78289
-3.78167
-3.7811
-3.78081
-3.78033
-3.77966
-3.78015
-3.78099
-3.78042
-3.78143
-3.78241
-3.78404
-3.78509
-3.78562
-3.7865
-3.78651
-3.78635
-3.78548
-3.78488
-3.78434
-3.78349
-3.78307
-3.782
-3.78118
-3.78123
-3.78151
-3.78193
-3.78293
-3.78462
-3.78534
-3.78518
-3.78545
-3.785
-3.78439
-3.7825
-3.7814
-3.77999
-3.78002
-3.78054
-3.78042
-3.78097
-3.78139
-3.78152
-3.78041
-3.77952
-3.77917
-3.77801
-3.77693
-3.77651
-3.77688
-3.778
-3.77843
-3.77929
-3.7798
-3.78057
-3.78097
-3.78086
-3.77993
-3.78071
-3.77895
-3.77788
-3.7777
-3.77808
-3.77891
-3.7779
-3.77862
-3.77863
-3.7801
-3.77966
-3.77901
-3.77913
-3.77933
-3.77804
-3.77696
-3.77716
-3.77807
-3.77963
-3.78035
-3.77984
-3.7786
-3.77829
-3.77778
-3.77798
-3.7781
-3.77996
-3.77969
-3.78075
-3.781
-3.78154
-3.78219
-3.78328
-3.78462
-3.78499
-3.78494
-3.78449
-3.78214
-3.78155
-3.78168
-3.78241
-3.78149
-3.7814
-3.78151
-3.78263
-3.78329
-3.78372
-3.78329
-3.78416
-3.7844
-3.78384
-3.78502
-3.78576
-3.78584
-3.78607
-3.78662
-3.78727
-3.78799
-3.78792
-3.78859
-3.78837
-3.78825
-3.78772
-3.78584
-3.78558
-3.78464
-3.78509
-3.78488
-3.78406
-3.78515
-3.78478
-3.7848
-3.78501
-3.78544
-3.78581
-3.78724
-3.78667
-3.78647
-3.78738
-3.78765
-3.78636
-3.78686
-3.78645
-3.78651
-3.78602
-3.78616
-3.78549
-3.78581
-3.78565
-3.78631
-3.78627
-3.78548
-3.78525
-3.78602
-3.78508
-3.78477
-3.78505
-3.78464
-3.78411
-3.78369
-3.78384
-3.78323
-3.78345
-3.78358
-3.78322
-3.78275
-3.78299
-3.7827
-3.78174
-3.78267
-3.7828
-3.78312
-3.78309
-3.78324
-3.78299
-3.78214
-3.78095
-3.78083
-3.78106
-3.78108
-3.78241
-3.78466
-3.78659
-3.78788
-3.78849
-3.78729
-3.78528
-3.78379
-3.78231
-3.77932
-3.77778
-3.77653
-3.77699
-3.77627
-3.77704
-3.77771
-3.77912
-3.77981
-3.77955
-3.77972
-3.78071
-3.7808
-3.78201
-3.78333
-3.7836
-3.78316
-3.78388
-3.78367
-3.78295
-3.78379
-3.78243
-3.78188
-3.78164
-3.78191
-3.78161
-3.7811
-3.78001
-3.77961
-3.77925
-3.77923
-3.7805
-3.78019
-3.78001
-3.78058
-3.77997
-3.78037
-3.78086
-3.78249
-3.78352
-3.78357
-3.78427
-3.78439
-3.78457
-3.78359
-3.78241
-3.7823
-3.7817
-3.78246
-3.78314
-3.78375
-3.78391
-3.78522
-3.78531
-3.78381
-3.7829
-3.7819
-3.78136
-3.78136
-3.78089
-3.78058
-3.78137
-3.78116
-3.78207
-3.7816
-3.78245
-3.78252
-3.78212
-3.7817
-3.7819
-3.78086
-3.77994
-3.78008
-3.77941
-3.77835
-3.7787
-3.7792
-3.78038
-3.78033
-3.78074
-3.78046
-3.78001
-3.78043
-3.78065
-3.78118
-3.78145
-3.7809
-3.78167
-3.78099
-3.78043
-3.7807
-3.7801
-3.77855
-3.77736
-3.77768
-3.77805
-3.77929
-3.77953
-3.78019
-3.78089
-3.78132
-3.78176
-3.78342
-3.78318
-3.78245
-3.78305
-3.78252
-3.78263
-3.78256
-3.78218
-3.78071
-3.77977
-3.7797
-3.77966
-3.7797
-3.78032
-3.77977
-3.77958
-3.77893
-3.77952
-3.77958
-3.77872
-3.77894
-3.77837
-3.77826
-3.77931
-3.77968
-3.77855
-3.7779
-3.77798
-3.77863
-3.77964
-3.7794
-3.77049
-3.77047
-3.77105
-3.77108
-3.77238
-3.77376
-3.7739
-3.77455
-3.77462
-3.77541
-3.77562
-3.77587
-3.77545
-3.7748
-3.7753
-3.77548
-3.77518
-3.77527
-3.77466
-3.77309
-3.77303
-3.77301
-3.77342
-3.7742
-3.77452
-3.77361
-3.77308
-3.77344
-3.77357
-3.77535
-3.77514
-3.77475
-3.77458
-3.77657
-3.77823
-3.77913
-3.77997
-3.78042
-3.78017
-3.77914
-3.7797
-3.77988
-3.77866
-3.77929
-3.77803
-3.77682
-3.77667
-3.77596
-3.77543
-3.77317
-3.77238
-3.77225
-3.77209
-3.77182
-3.77342
-3.77484
-3.77606
-3.77689
-3.77811
-3.77834
-3.779
-3.77937
-3.77911
-3.77774
-3.77724
-3.77708
-3.77595
-3.77407
-3.77273
-3.771
-3.77071
-3.77007
-3.76885
-3.76861
-3.76996
-3.7694
-3.76995
-3.77005
-3.76997
-3.76991
-3.76976
-3.77054
-3.77127
-3.77195
-3.77281
-3.77296
-3.77318
-3.77328
-3.77285
-3.77277
-3.77315
-3.77269
-3.77184
-3.76981
-3.76928
-3.7695
-3.77121
-3.77223
-3.77307
-3.77436
-3.7759
-3.77561
-3.77562
-3.7757
-3.77584
-3.77593
-3.77546
-3.77477
-3.77462
-3.77401
-3.77349
-3.77408
-3.77382
-3.77336
-3.77439
-3.77373
-3.77421
-3.77504
-3.77416
-3.77433
-3.77318
-3.77234
-3.77266
-3.77274
-3.77185
-3.77207
-3.77196
-3.77173
-3.77164
-3.77143
-3.7713
-3.7711
-3.77196
-3.77343
-3.77389
-3.77402
-3.77369
-3.77315
-3.77341
-3.77198
-3.77113
-3.77108
-3.7706
-3.77242
-3.77391
-3.77386
-3.7746
-3.77312
-3.77286
-3.77335
-3.77238
-3.77201
-3.77241
-3.77406
-3.77436
-3.77575
-3.77523
-3.77517
-3.77453
-3.77492
-3.7748
-3.77374
-3.77386
-3.7747
-3.77415
-3.77313
-3.77263
-3.77295
-3.7716
-3.7712
-3.76964
-3.76838
-3.76825
-3.76947
-3.76965
-3.77092
-3.77157
-3.77344
-3.77501
-3.77522
-3.77634
-3.77603
-3.77479
-3.77425
-3.77366
-3.77356
-3.77246
-3.77187
-3.76966
-3.7681
-3.76599
-3.76529
-3.76734
-3.76787
-3.76961
-3.77145
-3.77138
-3.77129
-3.77156
-3.77185
-3.77177
-3.77084
-3.77063
-3.77111
-3.77078
-3.7706
-3.77121
-3.77305
-3.7734
-3.77438
-3.77499
-3.77438
-3.77521
-3.77456
-3.77513
-3.77464
-3.77466
-3.77544
-3.77522
-3.77453
-3.77437
-3.77373
-3.77229
-3.77196
-3.77242
-3.77211
-3.77226
-3.77122
-3.77131
-3.77139
-3.77141
-3.77206
-3.77224
-3.77159
-3.77062
-3.76993
-3.77034
-3.77
-3.76906
-3.76917
-3.77004
-3.77038
-3.77142
-3.77131
-3.77011
-3.76916
-3.76843
-3.76799
-3.76719
-3.76771
-3.76767
-3.76634
-3.76704
-3.76754
-3.76911
-3.76934
-3.77006
-3.76926
-3.76858
-3.76868
-3.76744
-3.76665
-3.7662
-3.76772
-3.76865
-3.76948
-3.77065
-3.77217
-3.77193
-3.77157
-3.7719
-3.77195
-3.77111
-3.77145
-3.77172
-3.77236
-3.77111
-3.77121
-3.77081
-3.76964
-3.76833
-3.76617
-3.76636
-3.76638
-3.76611
-3.76628
-3.76762
-3.76816
-3.7675
-3.76744
-3.76917
-3.77018
-3.77081
-3.76985
-3.76909
-3.7686
-3.7681
-3.76966
-3.76943
-3.77045
-3.76954
-3.77023
-3.76973
-3.76898
-3.76872
-3.76934
-3.76935
-3.76879
-3.76899
-3.76876
-3.7695
-3.7695
-3.76858
-3.76883
-3.76965
-3.77009
-3.7709
-3.77145
-3.77124
-3.77299
-3.77303
-3.77337
-3.77263
-3.77343
-3.77262
-3.77316
-3.77284
-3.77306
-3.77211
-3.77176
-3.77188
-3.77035
-3.76895
-3.76773
-3.76788
-3.76748
-3.76907
-3.76878
-3.76942
-3.76991
-3.77137
-3.774
-3.77476
-3.77471
-3.7742
-3.7735
-3.77246
-3.77292
-3.77134
-3.76998
-3.76961
-3.76923
-3.76824
-3.76849
-3.76916
-3.77064
-3.77196
-3.77325
-3.7752
-3.77635
-3.77513
-3.77549
-3.77439
-3.77462
-3.77397
-3.77373
-3.77314
-3.77416
-3.77422
-3.77459
-3.77602
-3.77474
-3.77439
-3.77399
-3.77322
-3.77185
-3.7708
-3.77083
-3.7716
-3.773
-3.77457
-3.77721
-3.77885
-3.77726
-3.7764
-3.77491
-3.77383
-3.77428
-3.77445
-3.77425
-3.77383
-3.77479
-3.774
-3.77407
-3.77419
-3.77389
-3.77431
-3.77354
-3.77372
-3.77367
-3.7727
-3.7731
-3.77132
-3.77033
-3.76969
-3.77069
-3.77114
-3.77052
-3.7706
-3.77126
-3.77207
-3.77201
-3.77207
-3.77295
-3.77276
-3.77174
-3.77189
-3.7716
-3.77157
-3.77088
-3.76987
-3.76928
-3.76847
-3.76804
-3.76842
-3.76842
-3.76723
-3.76702
-3.7663
-3.76603
-3.76705
-3.76814
-3.76795
-3.76886
-3.77008
-3.76965
-3.77069
-3.77065
-3.77107
-3.77073
-3.76997
-3.76934
-3.76992
-3.77004
-3.77005
-3.77013
-3.77116
-3.77065
-3.77164
-3.77042
-3.76971
-3.76942
-3.76921
-3.76999
-3.77217
-3.77343
-3.77491
-3.77529
-3.77479
-3.77326
-3.77224
-3.77191
-3.77234
-3.7702
-3.77028
-3.77015
-3.77057
-3.7707
-3.77073
-3.77121
-3.7717
-3.77267
-3.77288
-3.77258
-3.77263
-3.7723
-3.77167
-3.77206
-3.77156
-3.77037
-3.77035
-3.77001
-3.76963
-3.76968
-3.7687
-3.768
-3.76801
-3.76745
-3.7671
-3.76649
-3.76682
-3.76557
-3.76558
-3.76605
-3.76627
-3.76682
-3.7669
-3.7676
-3.76849
-3.76909
-3.77036
-3.77129
-3.77188
-3.76953
-3.76827
-3.76785
-3.76629
-3.7669
-3.76625
-3.76791
-3.768
-3.76846
-3.7673
-3.76597
-3.76634
-3.76415
-3.76337
-3.76445
-3.76417
-3.76456
-3.76587
-3.7661
-3.76626
-3.76646
-3.76588
-3.7658
-3.76577
-3.76457
-3.76394
-3.76322
-3.76283
-3.7626
-3.76355
-3.76386
-3.7647
-3.76512
-3.76584
-3.76631
-3.76684
-3.76747
-3.7681
-3.76732
-3.76812
-3.76744
-3.76775
-3.76801
-3.76687
-3.76808
-3.76853
-3.76811
-3.76892
-3.7697
-3.77029
-3.77077
-3.77052
-3.76944
-3.76899
-3.76923
-3.76938
-3.76968
-3.76984
-3.76941
-3.76784
-3.76649
-3.76638
-3.76509
-3.76585
-3.76658
-3.76595
-3.76728
-3.76811
-3.76971
-3.77009
-3.77185
-3.77299
-3.77362
-3.77314
-3.77291
-3.77301
-3.7742
-3.77315
-3.7723
-3.7716
-3.77114
-3.76981
-3.76989
-3.76906
-3.7683
-3.76865
-3.77007
-3.77109
-3.77281
-3.77436
-3.77434
-3.77438
-3.7752
-3.7748
-3.77436
-3.77233
-3.77062
-3.76788
-3.76726
-3.76603
-3.76584
-3.76584
-3.76596
-3.76691
-3.76738
-3.76812
-3.76874
-3.76919
-3.76916
-3.76919
-3.76893
-3.76793
-3.76752
-3.76772
-3.76764
-3.76712
-3.76678
-3.76755
-3.76729
-3.76725
-3.76685
-3.76725
-3.76734
-3.76789
-3.76715
-3.76825
-3.76856
-3.76891
-3.76869
-3.76935
-3.76941
-3.76783
-3.76882
-3.76945
-3.76855
-3.76868
-3.76858
-3.76768
-3.76822
-3.7692
-3.76887
-3.76902
-3.76961
-3.76965
-3.76922
-3.76965
-3.76908
-3.7705
-3.77018
-3.76941
-3.76959
-3.76819
-3.76629
-3.76476
-3.76419
-3.76481
-3.76559
-3.76828
-3.77059
-3.77289
-3.77433
-3.77375
-3.77457
-3.77339
-3.77271
-3.77185
-3.77082
-3.77154
-3.77041
-3.77098
-3.77005
-3.77066
-3.77142
-3.77148
-3.7712
-3.77137
-3.77011
-3.77086
-3.76872
-3.76899
-3.7688
-3.76693
-3.76631
-3.76656
-3.76454
-3.76518
-3.76604
-3.7666
-3.76682
-3.76799
-3.7687
-3.76962
-3.77154
-3.77173
-3.77264
-3.77318
-3.77256
-3.77255
-3.77169
-3.77243
-3.77208
-3.77053
-3.7689
-3.76871
-3.7676
-3.76834
-3.76795
-3.7672
-3.7668
-3.76728
-3.76719
-3.76689
-3.76549
-3.7657
-3.76557
-3.76684
-3.76841
-3.76909
-3.7708
-3.77196
-3.77122
-3.77017
-3.76856
-3.76849
-3.76856
-3.76979
-3.76913
-3.7685
-3.77017
-3.76961
-3.77045
-3.76942
-3.76965
-3.76967
-3.76956
-3.7699
-3.77085
-3.77031
-3.77074
-3.76969
-3.76818
-3.76837
-3.76906
-3.76876
-3.76789
-3.76804
-3.76749
-3.76896
-3.76989
-3.77069
-3.77068
-3.77098
-3.77085
-3.77015
-3.77046
-3.77185
-3.77259
-3.77138
-3.77012
-3.76989
-3.76951
-3.76901
-3.76894
-3.76878
-3.76975
-3.77079
-3.77284
-3.77644
-3.77746
-3.77798
-3.77884
-3.77839
-3.77686
-3.77445
-3.7733
-3.77276
-3.77017
-3.76877
-3.76703
-3.76659
-3.76609
-3.76648
-3.7673
-3.76849
-3.7695
-3.76965
-3.77072
-3.77032
-3.77013
-3.76923
-3.76899
-3.76814
-3.76804
-3.768
-3.77002
-3.77049
-3.77089
-3.76995
-3.76883
-3.76889
-3.76879
-3.76799
-3.76704
-3.76551
-3.76594
-3.76739
-3.76822
-3.76944
-3.76988
-3.77091
-3.76997
-3.76943
-3.76812
-3.76812
-3.76764
-3.76694
-3.76592
-3.76633
-3.76722
-3.76666
-3.7676
-3.76829
-3.76865
-3.76989
-3.77083
-3.7716
-3.77149
-3.77111
-3.77108
-3.77102
-3.76998
-3.76949
-3.76905
-3.76923
-3.76859
-3.76995
-3.77039
-3.77013
-3.76937
-3.76951
-3.76882
-3.77001
-3.77027
-3.76901
-3.76848
-3.76861
-3.76723
-3.76531
-3.76521
-3.76489
-3.76674
-3.7682
-3.76967
-3.76996
-3.77038
-3.77132
-3.77027
-3.7691
-3.76889
-3.76875
-3.76705
-3.76631
-3.7662
-3.7656
-3.76703
-3.76597
-3.76585
-3.7654
-3.76473
-3.76504
-3.76597
-3.76704
-3.76928
-3.77182
-3.77301
-3.77235
-3.77331
-3.77265
-3.7727
-3.77131
-3.76941
-3.76783
-3.76758
-3.76627
-3.76431
-3.76283
-3.76356
-3.7642
-3.76388
-3.7649
-3.76586
-3.76692
-3.76849
-3.76831
-3.76771
-3.76682
-3.76561
-3.76509
-3.7659
-3.76629
-3.76542
-3.76466
-3.76473
-3.76565
-3.7661
-3.76759
-3.76852
-3.76897
-3.76933
-3.76934
-3.76812
-3.76846
-3.7677
-3.7674
-3.76738
-3.76728
-3.7667
-3.76651
-3.76646
-3.7672
-3.7697
-3.7719
-3.77362
-3.77552
-3.77499
-3.77507
-3.77457
-3.77238
-3.7713
-3.77016
-3.76995
-3.77
-3.77089
-3.77064
-3.77127
-3.77147
-3.77156
-3.77224
-3.77363
-3.77388
-3.77313
-3.77232
-3.77043
-3.76995
-3.76875
-3.76857
-3.768
-3.768
-3.76641
-3.76566
-3.76543
-3.76514
-3.76663
-3.76799
-3.76999
-3.77101
-3.77095
-3.77127
-3.77062
-3.76972
-3.76976
-3.76925
-3.76728
-3.767
-3.7672
-3.76638
-3.76544
-3.76504
-3.76432
-3.7646
-3.76435
-3.76541
-3.76587
-3.76586
-3.76652
-3.76784
-3.76854
-3.76864
-3.77026
-3.77051
-3.77054
-3.77027
-3.76973
-3.76909
-3.76891
-3.76817
-3.76842
-3.76878
-3.77007
-3.76936
-3.7708
-3.77135
-3.77154
-3.77211
-3.77203
-3.77117
-3.77069
-3.77048
