108
-0.0677494   -0.327885   0.449776
0.464159   0.34645   0.4203
0.184538   0.221743   0.180001
-0.335576   -0.200903   -0.495204
-0.329218   -0.201889   -0.388503
0.35158   0.311636   -0.478231
-0.11361   -0.410026   0.21456
-0.145617   -0.182523   -0.0180708
-0.327985   0.46571   -0.354519
-0.256026   0.285948   0.338404
-0.4225   -0.399596   0.195056
-0.356001   0.233092   0.0415991
-0.138586   0.0256092   -0.0443407
0.463998   0.476627   -0.0106444
-0.309891   -0.276503   0.151354
-0.259118   -0.186025   -0.132597
0.364512   -0.159089   -0.00770888
-0.263369   -0.464488   -0.474068
-0.485757   -0.0054656   -0.229417
0.0935326   0.260968   0.180319
-0.439854   -0.302986   0.0863406
-0.0970657   -0.204989   0.0802536
-0.37543   -0.343724   -0.425235
0.0819253   -0.0225414   -0.0741132
0.315781   0.0830197   -0.0320089
-0.197104   -0.13157   0.159321
-0.422046   0.285654   0.321187
-0.0843692   -0.453553   -0.00567691
-0.428336   0.167631   -0.00295629
0.0949016   0.196976   0.260324
0.0398541   0.249158   -0.0134024
0.17565   -0.218165   0.138059
0.00633786   0.471341   0.438952
0.0244332   0.466511   -0.42038
0.481372   0.400667   -0.356324
-0.0547439   -0.495426   -0.477784
0.139413   -0.26129   0.362711
-0.426162   0.456207   0.182381
0.167999   0.494291   0.415637
0.452309   -0.132792   -0.184975
-0.327946   -0.0306862   0.237107
-0.147402   0.487477   -0.0234943
-0.36853   0.398336   0.230452
0.135202   -0.193885   0.333531
-0.294791   -0.242178   0.266507
-0.177865   -0.339209   0.21784
0.222566   -0.371068   -0.0942741
0.245642   0.203401   0.00439609
-0.255165   -0.149811   0.00977531
-0.476973   -0.026761   0.439543
0.220813   -0.205579   -0.485174
-0.240552   -0.334089   -0.471602
0.214124   -0.478019   -0.314719
-0.262591   -0.370077   -0.236081
-0.019135   -0.172886   -0.134755
0.274149   0.216586   0.200527
0.225691   -0.379357   0.187007
-0.0312566   -0.407647   -0.441155
0.422526   0.496776   -0.200903
-0.16836   0.0286139   0.331755
-0.436932   0.0877491   -0.154722
-0.0912604   -0.387512   0.279528
0.444366   0.299387   0.173311
-0.18998   0.45119   -0.252159
-0.224566   0.409398   -0.421836
-0.22944   -0.289891   0.44052
-0.174045   -0.251117   -0.426977
0.312469   0.335651   -0.286859
0.115437   0.0331597   0.433058
0.209172   -0.148361   -0.253216
0.030549   0.109203   0.371722
-0.168961   -0.472237   -0.388662
-0.498126   -0.323653   -0.252699
0.142258   0.0757742   0.274532
0.128533   -0.183347   -0.349572
0.19207   -0.135565   0.24594
0.446198   0.0227832   -0.0948186
0.440296   -0.227147   -0.0458078
-0.155997   0.420386   -0.0853678
0.148129   -0.463077   -0.0631728
-0.376198   0.428281   -0.153584
0.300108   0.285388   0.108509
-0.166092   0.140694   -0.471761
-0.239477   -0.246101   -0.0494784
0.244729   -0.369364   -0.168726
-0.396034   -0.0865482   0.318525
-0.347068   0.42046   -0.0670477
0.0154369   -0.271826   0.370478
-0.0459216   -0.00653418   -0.251315
-0.143616   0.0245268   0.256439
-0.248656   -0.407902   -0.169731
-0.177745   -0.100867   0.298204
-0.437673   -0.128693   -0.458018
-0.0419328   0.492017   -0.359601
0.318904   -0.292689   0.0875789
-0.315005   -0.481572   -0.282012
0.153939   -0.497014   -0.149879
-0.21266   -0.479199   -0.16252
0.0431399   -0.409396   -0.056504
-0.131914   0.417748   -0.423445
-0.00717468   0.0484779   -0.178011
-0.0489764   0.194426   0.261676
-0.278863   -0.425989   0.3745
0.336257   -0.332353   -0.0262563
-0.389572   -0.470138   0.272608
0.1549   -0.0428289   -0.236102
-0.263404   0.253877   0.473875
0.416699   0.244604   -0.459435
