1.35             1.0                  6.18768 0.0103009         2.2
1.35             0.8                  2.6283 0.0141229
1.35             0.75                 1.77775 0.0137735           2.5  
1.35             0.7                  1.10847 0.0160383
1.35             0.65                 0.699173 0.0285639 
1.35             0.60                 0.464793 0.0129367
1.35             0.55                 0.295993 0.011861 
1.35             0.5                  0.20744 0.0114641          
1.35             0.45                 0.197248 0.0106836           rcut 4
1.35             0.4                  0.165747 0.00831102
1.35             0.35                 0.145266 0.00786986
1.35             0.3                  0.153497 0.0060892 
1.35             0.25                 0.144835 0.00383342
1.35             0.2                  0.139466 0.00268544
1.35             0.15                 0.125594 0.00343123       rcut 5
1.35             0.1                  0.0937072 0.000972579 
1.35             0.05                 0.0558891 0.000323696
