1.1
1.11004
1.11764
1.12227
1.12476
1.12608
1.12696
1.1279
1.12938
1.13169
1.13465
1.13752
1.13921
1.13886
1.13617
1.13162
1.12614
1.12077
1.11628
1.11302
1.1108
1.109
1.10685
1.10373
1.09956
1.09482
1.09029
1.08658
1.08373
1.08106
1.07742
1.07191
1.0647
1.05729
1.05217
1.05183
1.05772
1.0696
1.08565
1.10317
1.11949
1.13263
1.14144
1.1455
1.14511
1.14126
1.13545
1.12884
1.12163
1.11332
1.10348
1.09213
1.0795
1.06572
1.051
1.03606
1.02244
1.01254
1.00911
1.01436
1.02883
1.05072
1.07649
1.10234
1.12555
1.14481
1.15985
1.17092
1.17834
1.1823
1.18285
1.18002
1.17398
1.16524
1.15459
1.1428
1.13053
1.11826
1.10656
1.09648
1.08932
1.08607
1.08698
1.09214
1.10203
1.11666
1.13445
1.15243
1.16805
1.18028
1.18957
1.19686
1.20276
1.20712
1.20915
1.20772
1.20159
1.18968
1.17135
1.14689
1.1182
1.08927
1.06549
1.05148
1.049
1.05676
1.0719
1.09134
1.11216
1.13173
1.14785
1.15888
1.16403
1.16351
1.15864
1.15174
1.14525
1.1405
1.13696
1.133
1.12725
1.11938
1.11025
1.10152
1.09518
1.09286
1.09511
1.101
1.10832
1.1145
1.11784
1.11825
1.11721
1.11689
1.11902
1.12419
1.13156
1.1394
1.14575
1.1493
1.1497
1.14772
1.14475
1.14213
1.14055
1.13979
1.13907
1.13748
1.1342
1.12859
1.12036
1.10974
1.09749
1.08473
1.07259
1.06198
1.0535
1.04753
1.04421
1.0434
1.04462
1.04713
1.0501
1.05289
1.05514
1.05683
1.05822
1.05961
1.06121
1.06292
1.0644
1.06544
1.06627
1.06768
1.07055
1.07534
1.08209
1.09097
1.10244
1.11676
1.1332
1.1499
1.16452
1.17529
1.18178
1.18508
1.18735
1.19062
1.19561
1.20137
1.20602
1.20791
1.20619
1.20079
1.19205
1.18051
1.16661
1.15065
1.13269
1.11271
1.09099
1.06862
1.04771
1.03107
1.02121
1.01919
1.02402
1.03302
1.04276
1.05034
1.05423
1.05455
1.05272
1.05061
1.04971
1.0505
1.05238
1.05396
1.05366
1.05027
1.04327
1.03288
1.01993
1.00569
0.991778
0.979919
0.971602
0.967642
0.968003
0.97204
0.979022
0.988542
1.00036
1.0139
1.02818
1.04205
1.05464
1.06554
1.07482
1.08299
1.09077
1.09874
1.10702
1.11544
1.12384
1.13217
1.14012
1.147
1.1517
1.15319
1.1509
1.14525
1.13758
1.12958
1.12228
1.11545
1.108
1.09908
1.08919
1.08034
1.07528
1.07618
1.08353
1.09594
1.11089
1.12579
1.13874
1.14869
1.15527
1.15864
1.15938
1.15846
1.15702
1.15608
1.15618
1.15745
1.15985
1.16325
1.16726
1.17107
1.17355
1.17365
1.1707
1.16462
1.15591
1.1455
1.13435
1.12298
1.11133
1.0993
1.08712
1.07524
1.06421
1.05517
1.05017
1.05164
1.06098
1.07757
1.0989
1.12155
1.1423
1.15889
1.1704
1.17712
1.18012
1.1806
1.17934
1.17653
1.17201
1.16551
1.15685
1.14588
1.13253
1.11715
1.10104
1.08656
1.07655
1.07298
1.07581
1.08301
1.09181
1.09967
1.10473
1.10584
1.10254
1.09532
1.08599
1.07725
1.07159
1.07002
1.0717
1.07466
1.077
1.07755
1.07612
1.07327
1.07002
1.06734
1.06551
1.064
1.062
1.05922
1.05621
1.054
1.05336
1.05435
1.05636
1.05846
1.05982
1.05998
1.05907
1.05779
1.05711
1.05787
1.06036
1.06435
1.06941
1.07518
1.08142
1.08792
1.09427
1.09965
1.10285
1.10261
1.0984
1.09104
1.08275
1.07653
1.07488
1.07871
1.08699
1.09733
1.10707
1.11414
1.11775
1.1184
1.11743
1.11613
1.11491
1.11309
1.1095
1.10339
1.09529
1.08714
1.08131
1.07924
1.08104
1.08609
1.09386
1.10391
1.11547
1.12708
1.13675
1.14261
1.1436
1.14019
1.13446
1.12953
1.12815
1.13144
1.1386
1.1477
1.15688
1.16487
1.17116
1.17592
1.1797
1.18293
1.18549
1.18651
1.18481
1.17957
1.17089
1.15986
1.1481
1.1372
1.1282
1.12129
1.11583
1.11055
1.10411
1.09565
1.08512
1.07334
1.06174
1.05202
1.04572
1.04339
1.04382
1.04425
1.0415
1.03358
1.02066
1.00505
0.990365
0.980176
0.976749
0.98022
0.988617
0.998976
1.00882
1.01696
1.02342
1.02877
1.03382
1.03955
1.047
1.05685
1.06898
1.08227
1.09498
1.1053
1.11197
1.11451
1.11316
1.10859
1.10157
1.09265
1.08196
1.06927
1.05439
1.03772
1.0209
1.00692
0.998945
0.99862
1.00556
1.01846
1.03611
1.05712
1.07912
1.0988
1.11291
1.11949
1.11842
1.11156
1.10243
1.09518
1.09268
1.09503
1.10004
1.1049
1.10734
1.10567
1.09854
1.08476
1.06363
1.03557
1.00343
0.973055
0.951388
0.942625
0.946122
0.958379
0.975897
0.996331
1.01839
1.04149
1.06542
1.0899
1.11422
1.13719
1.15747
1.17402
1.18641
1.19473
1.19951
1.20142
1.20103
1.19873
1.19456
1.18842
1.18034
1.1706
1.15958
1.14755
1.13485
1.1228
1.11443
1.11317
1.12027
1.13378
1.15019
1.1662
1.17914
1.18692
1.18808
1.18209
1.16952
1.15197
1.13187
1.11215
1.09568
1.08453
1.07952
1.08027
1.08582
1.09534
1.10836
1.12444
1.14273
1.16201
1.18093
1.1983
1.21305
1.22438
1.23195
1.23595
1.23712
1.23645
1.23475
1.23233
1.22896
1.2238
1.21568
1.20354
1.18681
1.16596
1.14252
1.11887
1.09754
1.08042
1.06811
1.05996
1.0547
1.05122
1.04889
1.04726
1.04565
1.04336
1.04048
1.03846
1.03952
1.04513
1.05482
1.06633
1.07654
1.08285
1.0841
1.08085
1.07523
1.0701
1.06784
1.06927
1.07353
1.07879
1.08334
1.08637
1.08806
1.08896
1.08923
1.0882
1.08472
1.07798
1.06817
1.05648
1.04471
1.03462
1.02759
1.02481
1.0276
1.0372
1.05401
1.07677
1.1027
1.12854
1.15158
1.17023
1.18387
1.19264
1.19714
1.19817
1.19659
1.19331
1.18931
1.1857
1.18359
1.18392
1.18719
1.19321
1.20106
1.20926
1.21615
1.22032
1.22083
1.2175
1.21078
1.20172
1.1918
1.18274
1.17614
1.17311
1.17393
1.17826
1.1854
1.19451
1.20474
1.21516
1.22477
1.23257
1.23777
1.23987
1.23867
1.23431
1.22742
1.21897
1.20997
1.20078
1.1909
1.17934
1.16534
1.14883
1.1306
1.11269
1.09861
1.09245
1.09639
1.10857
1.12426
1.13884
1.1497
1.15603
1.15781
1.15522
1.14917
1.14202
1.13722
1.13729
1.14205
1.14936
1.15702
1.16362
1.16824
1.16979
1.16691
1.15836
1.14358
1.12325
1.09945
1.07547
1.05501
1.04116
1.03535
1.03695
1.04376
1.0531
1.06274
1.07119
1.07768
1.08192
1.08394
1.08396
1.08241
1.08002
1.07794
1.07735
1.0791
1.08342
1.08992
1.09793
1.10662
1.11523
1.12322
1.13058
1.13758
1.14416
1.14932
1.15144
1.14933
1.14282
1.13267
1.12007
1.10625
1.09253
1.08051
1.07174
1.06733
1.06746
1.07174
1.07963
1.0901
1.10073
1.10802
1.10902
1.10274
1.09014
1.07335
1.055
1.03774
1.02404
1.01605
1.01542
1.02264
1.03657
1.05457
1.07343
1.09029
1.10308
1.11061
1.11239
1.10859
1.09993
1.08743
1.07216
1.05491
1.03632
1.01764
1.00187
0.993762
0.997356
1.01263
1.03514
1.05901
1.07988
1.0958
1.10666
1.11346
1.1179
1.12201
1.12777
1.13651
1.14848
1.16253
1.17636
1.18727
1.19309
1.19283
1.18668
1.17577
1.16187
1.14702
1.13315
1.12153
1.11264
1.10619
1.10139
1.09713
1.0923
1.08611
1.0782
1.06854
1.05714
1.04405
1.02983
1.01611
1.00554
1.00064
1.00227
1.00904
1.01818
1.02705
1.03402
1.03849
1.04032
1.03946
1.03606
1.03074
1.02469
1.01953
1.01692
1.01803
1.02313
1.03129
1.04055
1.04863
1.05363
1.05449
1.05115
1.04447
1.03594
1.02747
1.02116
1.01891
1.02187
1.02977
1.04077
1.05216
1.06136
1.06681
1.06828
1.06679
1.06416
1.06227
1.06231
1.06458
1.06886
1.07526
1.08462
1.09804
1.11593
1.13682
1.15744
1.1738
1.18266
1.18249
1.17365
1.15806
1.13853
1.1179
1.09812
1.07982
1.06254
1.04571
1.02961
1.01581
1.00644
1.00282
1.00486
1.01178
1.02283
1.03729
1.05373
1.06994
1.08369
1.09372
1.10035
1.1052
1.11027
1.11685
1.12482
1.13293
1.13947
1.14309
1.14307
1.1393
1.13224
1.12311
1.11389
1.10695
1.10405
1.10535
1.10916
1.11266
1.11322
1.10946
1.10158
1.09123
1.08081
1.07264
1.06841
1.06874
1.07338
1.08143
1.0917
1.10276
1.11309
1.12126
1.12634
1.12813
1.12735
1.12549
1.12446
1.12601
1.13108
1.13937
1.14962
1.16022
1.16992
1.17806
1.18457
1.18971
1.19366
1.19611
1.196
1.19183
1.18226
1.16687
1.14649
1.12298
1.09863
1.07552
1.05513
1.03847
1.02655
1.02032
1.02018
1.02517
1.03285
1.04042
1.0463
1.05095
1.05608
1.06271
1.06979
1.07485
1.07587
1.07258
1.06643
1.05971
1.05472
1.05327
1.05639
1.06416
1.07563
1.08927
1.10349
1.11699
1.12884
1.13849
1.14566
1.15042
1.15338
1.15569
1.15868
1.16319
1.16886
1.17422
1.17748
1.17761
1.1746
1.16914
1.16189
1.1531
1.14268
1.13067
1.1176
1.10462
1.09295
1.08305
1.07444
1.06619
1.05788
1.05005
1.04413
1.0417
1.0435
1.04883
1.05595
1.06313
1.06937
1.07444
1.07846
1.08168
1.08423
1.08609
1.0871
1.08706
1.08609
1.08504
1.08549
1.08883
1.0951
1.10282
1.1099
1.1149
1.11753
1.11858
1.11941
1.12145
1.12611
1.13458
1.14737
1.16376
1.18197
1.19973
1.21481
1.22525
1.22941
1.22614
1.21522
1.19779
1.17664
1.15594
1.14011
1.1321
1.13221
1.13833
1.14705
1.15487
1.15887
1.15714
1.14913
1.13581
1.11939
1.10263
1.08784
1.07604
1.06663
1.05771
1.04708
1.03364
1.0184
1.00458
0.996168
0.996026
1.00494
1.02193
1.04485
1.07084
1.09689
1.12055
1.14013
1.15487
1.16474
1.17047
1.17336
1.17472
1.17529
1.17488
1.17229
1.16578
1.15368
1.13509
1.11051
1.0824
1.0554
1.03558
1.02863
1.03706
1.05844
1.08641
1.11385
1.13548
1.14859
1.15265
1.14877
1.13917
1.12673
1.1145
1.10501
1.09966
1.09842
1.10014
1.1033
1.1065
1.10879
1.10962
1.1089
1.1069
1.10427
1.10199
1.10111
1.10226
1.10539
1.10984
1.11485
1.11997
1.12523
1.1309
1.13715
1.1437
1.14989
1.15488
1.15799
1.15892
1.15784
1.15524
1.15181
1.14818
1.14481
1.14184
1.13918
1.13655
1.13351
1.12952
1.12407
1.11693
1.10839
1.09947
1.09199
1.08835
1.09073
1.09996
1.11483
1.13261
1.15045
1.1666
1.18043
1.19157
1.19903
1.20104
1.19584
1.18284
1.16347
1.14112
1.11993
1.10319
1.0924
1.08767
1.08861
1.09473
1.10533
1.11907
1.134
1.148
1.15935
1.16712
1.17116
1.1718
1.1695
1.16485
1.15862
1.15179
1.14521
1.13934
1.13431
1.13038
1.12813
1.12832
1.13151
1.13782
1.14699
1.15862
1.17227
1.18745
1.20347
1.21935
1.23401
1.24635
1.25535
1.26013
1.26007
1.25499
1.24546
1.23297
1.21974
1.20822
1.20038
1.19697
1.19729
1.19939
1.20075
1.19919
1.19353
1.18359
1.17011
1.15438
1.13809
1.12344
1.11326
1.11057
1.11697
1.13122
1.14955
1.16783
1.18333
1.1951
1.2033
1.20831
1.21036
1.20957
1.2063
1.20141
1.19614
1.19175
1.18901
1.18801
1.18829
1.18903
1.18934
1.18857
1.18637
1.1826
1.17705
1.16928
1.15857
1.14409
1.12498
1.10058
1.07101
1.03809
1.00598
0.980369
0.966187
0.965407
0.976844
0.997591
1.02434
1.05408
1.08419
1.1126
1.13777
1.15874
1.17498
1.18626
1.19275
1.19515
1.19454
1.19206
1.18844
1.18408
1.17929
1.17463
1.17069
1.16775
1.16538
1.16237
1.15693
1.14726
1.13231
1.11241
1.08956
1.06691
1.04743
1.03289
1.02399
1.02109
1.02424
1.03268
1.04475
1.05837
1.07174
1.08364
1.09337
1.1005
1.10473
1.106
1.10455
1.10084
1.09538
1.08865
1.08125
1.07368
1.06611
1.05818
1.04935
1.03924
1.02778
1.01524
1.00214
0.989203
0.97711
0.966459
0.957838
0.952034
0.949986
0.952506
0.959979
0.972268
0.988813
1.00874
1.03097
1.05426
1.0773
1.09883
1.118
1.13438
1.14791
1.15862
1.16629
1.1705
1.17081
1.1672
1.16022
1.1509
1.1404
1.12969
1.11939
1.10978
1.10083
1.09239
1.0842
1.07604
1.06789
1.06019
1.05409
1.05146
1.05422
1.06295
1.07607
1.09034
1.10243
1.11034
1.11375
1.11352
1.11083
1.10669
1.10189
1.09709
1.09279
1.08891
1.08484
1.07962
1.07253
1.06366
1.05428
1.04657
1.04245
1.042
1.04317
1.04341
1.04144
1.03786
1.03435
1.03244
1.0327
1.03471
1.03778
1.04163
1.04672
1.05376
1.06292
1.0734
1.08376
1.09277
1.10001
1.10598
1.11198
1.11941
1.12912
1.14071
1.15235
1.16128
1.16476
1.16081
1.14878
1.1295
1.10511
1.07865
1.0533
1.03161
1.015
1.0038
0.997816
0.996622
0.999778
1.00677
1.01689
1.02934
1.04343
1.05871
1.07489
1.09175
1.10897
1.12609
1.14255
1.15773
1.17105
1.18203
1.19044
1.19626
1.1995
1.2002
1.19859
1.19517
1.19062
1.1855
1.17987
1.17319
1.16447
1.15278
1.13799
1.12112
1.1041
1.089
1.07711
1.06827
1.06099
1.05324
1.04338
1.03087
1.01669
1.0033
0.993848
0.990903
0.995392
1.00642
1.02187
1.03958
1.05814
1.07718
1.09686
1.11715
1.13727
1.15564
1.17046
1.18039
1.18492
1.18435
1.17945
1.17115
1.16058
1.14916
1.13852
1.13016
1.12503
1.12332
1.12442
1.12719
1.13034
1.13258
1.13288
1.13064
1.12596
1.11971
1.11332
1.10834
1.10592
1.10656
1.10995
1.11508
1.12053
1.12481
1.1269
1.12661
1.12453
1.12153
1.11797
1.11341
1.10693
1.09783
1.0861
1.07249
1.05841
1.04549
1.03512
1.02795
1.02379
1.02193
1.02182
1.02327
1.02628
1.03074
1.03635
1.04294
1.05086
1.06068
1.07245
1.08528
1.09767
1.10822
1.11593
1.12007
1.1201
1.1157
1.10689
1.09414
1.07835
1.06058
1.04195
1.02349
1.00621
0.991337
0.980456
0.975336
0.977465
0.987358
1.00398
1.02478
1.04624
1.0648
1.07783
1.08419
1.08431
1.07984
1.07292
1.06538
1.05817
1.05149
1.04535
1.04019
1.03701
1.03681
1.04001
1.04603
1.05328
1.05974
1.06377
1.06473
1.06322
1.06086
1.05961
1.06085
1.06463
1.06966
1.07387
1.07516
1.07202
1.06397
1.05195
1.03872
1.02852
1.02568
1.03251
1.04805
1.06881
1.09054
1.10975
1.12405
1.1321
1.13351
1.12896
1.1205
1.11154
1.10618
1.10751
1.11582
1.1284
1.14116
1.1504
1.15377
1.15032
1.14067
1.12725
1.11415
1.10618
1.10687
1.11682
1.13355
1.15287
1.17068
1.18406
1.19137
1.19203
1.18629
1.17504
1.15969
1.14191
1.12354
1.10641
1.09217
1.08203
1.07635
1.07468
1.0761
1.07968
1.08467
1.09037
1.09591
1.10022
1.10218
1.10091
1.09602
1.08781
1.0773
1.06592
1.0548
1.04419
1.03321
1.02042
1.00482
0.986893
0.968918
0.954529
0.947592
0.950855
0.964838
0.987438
1.01448
1.04104
1.06308
1.0782
1.08579
1.0866
1.08225
1.07484
1.0668
1.06053
1.05806
1.06072
1.06893
1.08204
1.09823
1.11473
1.12839
1.13647
1.13715
1.12967
1.11441
1.09274
1.06695
1.03993
1.01452
0.993346
0.978663
0.972119
0.974002
0.982819
0.995853
1.01016
1.02342
1.03429
1.04223
1.04721
1.04925
1.0483
1.04464
1.04053
1.04181
1.05531
1.08145
1.11211
1.13793
1.15472
1.16312
1.16578
1.16517
1.16257
1.15816
1.15174
1.14341
1.13388
1.12431
1.11581
1.10891
1.10329
1.09794
1.09175
1.08418
1.07566
1.06739
1.06101
1.05795
1.05899
1.064
1.07216
1.08235
1.09334
1.1037
1.1118
1.11612
1.11553
1.10957
1.09868
1.08448
1.0698
1.05806
1.05198
1.05225
1.05739
1.06485
1.07256
1.07958
1.08617
1.09335
1.10241
1.11428
1.12913
1.14602
1.16305
1.17769
1.18752
1.19087
1.18741
1.17821
1.16553
1.15227
1.14125
1.13442
1.13249
1.13489
1.14024
1.14701
1.15405
1.16085
1.16723
1.17287
1.177
1.17877
1.17787
1.17478
1.17045
1.1657
1.16061
1.1544
1.14589
1.13428
1.11974
1.10365
1.08846
1.07703
1.07143
1.07175
1.07601
1.08131
1.0852
1.08629
1.08431
1.07986
1.0741
1.06835
1.06379
1.0614
1.06192
1.06584
1.07329
1.08387
1.09639
1.10911
1.12041
1.12953
1.13719
1.14517
1.15495
1.16617
1.1764
1.18216
1.18067
1.17095
1.15424
1.13375
1.11358
1.09757
1.08846
1.08753
1.09409
1.10561
1.11876
1.13056
1.13895
1.14255
1.14025
1.13096
1.11402
1.08997
1.06125
1.03221
1.0077
0.991114
0.983634
0.984645
0.992267
1.00373
1.01599
1.02684
1.03573
1.0438
1.0531
1.06515
1.07981
1.09518
1.10864
1.11821
1.12315
1.12397
1.12196
1.11871
1.11562
1.11374
1.11367
1.11562
1.11943
1.12458
1.13013
1.13485
1.13745
1.13703
1.13341
1.12735
1.1205
1.115
1.11261
1.11401
1.11858
1.12489
1.13142
1.13693
1.14084
1.14312
1.14398
1.1433
1.14022
1.13346
1.12224
1.1075
1.09206
1.07963
1.07272
1.0717
1.07506
1.08046
1.08556
1.0885
1.08809
1.08358
1.07463
1.06151
1.04551
1.02891
1.01451
1.00477
1.00101
1.00312
1.00975
1.01893
1.02865
1.03762
1.04558
1.05315
1.06131
1.07078
1.08168
1.0935
1.10533
1.11611
1.12481
1.13074
1.13371
1.13421
1.13347
1.13313
1.13476
1.13935
1.14702
1.1568
1.16688
1.17518
1.17998
1.18047
1.17666
1.16922
1.15911
1.14762
1.13635
1.12703
1.12102
1.11859
1.11902
1.12124
1.12471
1.12956
1.13588
1.14299
1.14943
1.15371
1.15507
1.15358
1.15012
1.14578
1.14148
1.13742
1.13305
1.12756
1.1205
1.11224
1.10362
1.09543
1.08812
1.0822
1.07866
1.0787
1.08301
1.09148
1.10306
1.11597
1.12808
1.13719
1.14145
1.13976
1.13203
1.11928
1.10345
1.08698
1.07234
1.06177
1.0569
1.05845
1.06593
1.07796
1.09273
1.10855
1.1242
1.13881
1.15173
1.16224
1.16965
1.17335
1.17306
1.16872
1.16054
1.14875
1.13374
1.11618
1.09726
1.07855
1.06156
1.04724
1.03587
1.02746
1.02233
1.02126
1.02509
1.03407
1.04737
1.06324
1.07977
1.09592
1.11208
1.12951
1.14903
1.1698
1.18951
1.20565
1.21641
1.22101
1.21955
1.21286
1.20223
1.1892
1.17527
1.16176
1.14969
1.1396
1.13131
1.12412
1.11747
1.11128
1.10577
1.10111
1.09725
1.09399
1.09121
1.08902
1.08778
1.08792
1.0897
1.09303
1.09723
1.10105
1.10299
1.10206
1.09848
1.09409
1.09178
1.09376
1.10018
1.10922
1.11833
1.12575
1.13094
1.13426
1.13615
1.13646
1.13463
1.13
1.12236
1.11206
1.10008
1.08797
1.0776
1.07087
1.06926
1.07312
1.08108
1.09022
1.09704
1.09879
1.09434
1.0843
1.07076
1.05678
1.04566
1.0403
1.04257
1.05296
1.07047
1.09293
1.11749
1.14131
1.16228
1.17927
1.19195
1.20023
1.20374
1.20169
1.19318
1.17775
1.15594
1.12953
1.10147
1.07537
1.05481
1.04264
1.04058
1.04877
1.0655
1.08762
1.11143
1.13371
1.15264
1.16812
1.18163
1.19507
1.20921
1.2231
1.23475
1.24262
1.24641
1.2469
1.24546
1.24353
1.24235
1.24281
1.24519
1.24906
1.25315
1.25558
1.2543
1.24755
1.2345
1.21543
1.19162
1.165
1.13756
1.11099
1.0865
1.06501
1.04767
1.03591
1.03082
1.03199
1.0372
1.04337
1.04788
1.04932
1.04759
1.04353
1.03826
1.03264
1.0269
1.02097
1.01518
1.01067
1.00924
1.01261
1.02162
1.03561
1.05252
1.06969
1.08484
1.09675
1.10532
1.11105
1.11437
1.11517
1.11305
1.10778
1.09988
1.09071
1.08211
1.076
1.0738
1.07598
1.08216
1.09137
1.10238
1.11407
1.12541
1.13547
1.14361
1.14976
1.15435
1.15807
1.16144
1.16457
1.16703
1.16789
1.16588
1.15972
1.14847
1.13183
1.11024
1.08496
1.05786
1.03106
1.00661
0.986319
0.971802
0.964453
0.965109
0.973452
0.987812
1.00581
1.02551
1.04591
1.06656
1.08673
1.10488
1.11905
1.12773
1.13059
1.12856
1.12353
1.118
1.11464
1.11596
1.1236
1.13779
1.15692
1.17799
1.19751
1.21231
1.2201
1.21945
1.20987
1.19193
1.16752
1.1399
1.1128
1.08907
1.07025
1.05739
1.05154
1.05304
1.06064
1.07169
1.08323
1.09307
1.10014
1.10435
1.10626
1.10666
1.1064
1.10622
1.10669
1.10809
1.11009
1.11168
1.11171
1.10972
1.10637
1.1031
1.10126
1.10147
1.1038
1.10806
1.11399
1.12097
1.12806
1.13435
1.13964
1.14468
1.15056
1.15787
1.16624
1.17463
1.18181
1.18676
1.18878
1.18757
1.18331
1.17671
1.16891
1.16121
1.15476
1.15009
1.14679
1.14355
1.13868
1.13086
1.11974
1.10622
1.09211
1.07954
1.0703
1.06553
1.06575
1.07082
1.07982
1.0912
1.10316
1.11435
1.12414
1.13238
1.13896
1.14354
1.14569
1.14512
1.14189
1.13627
1.12854
1.11897
1.10771
1.09491
1.08089
1.06632
1.0524
1.04067
1.03264
1.02907
1.02969
1.03329
1.03839
1.04381
1.04884
1.05294
1.05538
1.05516
1.05137
1.04398
1.03433
1.02498
1.01887
1.01833
1.0245
1.03709
1.05451
1.07426
1.09357
1.11031
1.12354
1.13341
1.14057
1.14548
1.14801
1.14733
1.14231
1.1322
1.11745
1.10023
1.08416
1.07302
1.06897
1.07151
1.07786
1.0844
1.08838
1.08898
1.08739
1.08578
1.08591
1.08849
1.09364
1.10137
1.1116
1.12398
1.13772
1.15149
1.16349
1.17188
1.17519
1.17272
1.16463
1.15186
1.13584
1.11815
1.10031
1.0836
1.06911
1.05765
1.04983
1.04611
1.04702
1.05299
1.06399
1.07906
1.09648
1.11419
1.13031
1.14345
1.15263
1.15716
1.15665
1.151
1.14056
1.12627
1.10964
1.09281
1.07826
1.06832
1.06452
1.06717
1.0754
1.08748
1.10145
1.1154
1.12753
1.13591
1.13834
1.13277
1.11796
1.09429
1.06425
1.03244
1.00458
0.985608
0.977689
0.979537
0.987555
0.997679
1.00714
1.01553
1.02441
1.03537
1.04841
1.06185
1.07344
1.08156
1.08547
1.0852
1.0811
1.07366
1.06338
1.05088
1.03703
1.02315
1.01111
1.00302
1.00033
1.00296
1.00926
1.01699
1.02438
1.0306
1.03561
1.03999
1.04455
1.04995
1.05619
1.06248
1.06787
1.07223
1.07674
1.08322
1.09278
1.10498
1.11819
1.13055
1.14052
1.14707
1.14962
1.1481
1.14294
1.13512
1.12608
1.11754
1.11118
1.10835
1.10975
1.11539
1.12478
1.13708
1.15102
1.16488
1.17662
1.18421
1.18617
1.18211
1.17297
1.16104
1.14956
1.14162
1.13888
1.14061
1.1442
1.1466
1.1455
1.13976
1.1294
1.11545
1.09976
1.08473
1.07247
1.0639
1.05868
1.05596
1.05525
1.0567
1.06083
1.06785
1.07727
1.08772
1.09726
1.10398
1.10668
1.10528
1.10087
1.09511
1.08977
1.08656
1.08698
1.09197
1.10113
1.11236
1.12237
1.12781
1.12627
1.11718
1.10212
1.08466
1.06933
1.05998
1.05815
1.06241
1.0694
1.07567
1.07904
1.07908
1.07683
1.07422
1.07314
1.07464
1.07854
1.08365
1.08828
1.09084
1.09024
1.08638
1.08017
1.07349
1.06857
1.06725
1.07052
1.07842
1.09047
1.10611
1.12479
1.14578
1.16785
1.18904
1.20692
1.21923
1.22448
1.22215
1.2128
1.19813
1.18102
1.16512
1.15376
1.14861
1.14896
1.15227
1.15552
1.15651
1.15438
1.14961
1.14369
1.13848
1.13562
1.13599
1.13954
1.14536
1.152
1.15766
1.16036
1.1582
1.1497
1.1342
1.11232
1.08596
1.05803
1.03177
1.01004
0.994744
0.986606
0.985307
0.989828
0.998997
1.01186
1.02769
1.04558
1.0641
1.08137
1.09561
1.10587
1.1122
1.11539
1.11641
1.11577
1.1133
1.10841
1.10059
1.08984
1.07688
1.06278
1.04858
1.03499
1.02247
1.01125
1.0014
0.992759
0.9851
0.978403
0.97316
0.970485
0.971895
0.978813
0.991948
1.01089
1.03417
1.05965
1.08494
1.10778
1.12639
1.13979
1.14789
1.15137
1.1513
1.14875
1.14455
1.13936
1.13352
1.12722
1.12061
1.11408
1.10839
1.10456
1.10328
1.10407
1.10495
1.10337
1.09768
1.08828
1.07759
1.06925
1.06654
1.07074
1.08044
1.09232
1.10262
1.10835
1.10813
1.10282
1.09592
1.09297
1.09859
1.11302
1.13177
1.14869
1.15912
1.16082
1.15362
1.13866
1.11787
1.09399
1.07044
1.05076
1.03749
1.03096
1.02916
1.02904
1.02818
1.02588
1.02307
1.02191
1.02536
1.03611
1.05507
1.08039
1.1082
1.13433
1.15594
1.17223
1.18406
1.19272
1.19881
1.20198
1.20163
1.19771
1.19081
1.18182
1.17161
1.16103
1.15099
1.14248
1.136
1.13144
1.12841
1.12664
1.126
1.12614
1.12648
1.12637
1.12552
1.12402
1.12216
1.12009
1.11753
1.11394
1.10867
1.10114
1.09071
1.07697
1.06018
1.04157
1.02313
1.00694
0.994385
0.98596
0.981593
0.981356
0.985861
0.995994
1.01209
1.0331
1.05677
1.08054
1.10265
1.12233
1.1395
1.15422
1.16643
1.17574
1.18154
1.18317
1.18011
1.17233
1.16058
1.14648
1.13238
1.12057
1.11272
1.10948
1.11064
1.11545
1.12284
1.13155
1.14018
1.14739
1.15202
1.15325
1.15058
1.14376
1.1328
1.11802
1.10022
1.0809
1.06249
1.04817
1.04105
1.04283
1.05269
1.06751
1.08317
1.09606
1.10405
1.1067
1.10493
1.10061
1.09593
1.09286
1.09258
1.09528
1.10044
1.1073
1.11516
1.12345
1.13144
1.13811
1.14231
1.14346
1.14198
1.13881
1.13457
1.1293
1.12277
1.11504
1.10648
1.0978
1.09
1.08459
1.08341
1.08781
1.09761
1.11015
1.12101
1.12591
1.12244
1.11062
1.09229
1.07039
1.0483
1.02914
1.01488
1.00565
1.00002
0.996313
0.993826
0.993123
0.995303
1.00099
1.00998
1.02158
1.03498
1.04926
1.0633
1.07587
1.08597
1.09302
1.09696
1.09816
1.09728
1.09527
1.09309
1.09136
1.09
1.08795
1.08353
1.07524
1.06266
1.04715
1.03203
1.02163
1.01943
1.02616
1.03937
1.05509
1.06986
1.08169
1.09009
1.09552
1.09883
1.1013
1.10462
1.11072
1.12088
1.13486
1.15056
1.16491
1.17554
1.18233
1.18743
1.19308
1.19935
1.20435
1.20621
1.20416
1.19805
1.18764
1.17251
1.15279
1.12979
1.10611
1.08508
1.06975
1.06235
1.06399
1.07446
1.09209
1.11398
1.13672
1.15708
1.17271
1.18242
1.18616
1.18466
1.17902
1.17026
1.15904
1.14587
1.13162
1.11791
1.107
1.1012
1.102
1.10966
1.1233
1.14131
1.16171
1.18224
1.20037
1.21366
1.22021
1.21919
1.211
1.19721
1.18009
1.162
1.14479
1.12943
1.11603
1.10422
1.09362
1.08426
1.07649
1.07061
1.06645
1.06334
1.06042
1.05709
1.05329
1.0492
1.04496
1.04045
1.0355
1.03029
1.02561
1.02295
1.02405
1.03022
1.04159
1.05698
1.07455
1.09257
1.10979
1.1255
1.13942
1.15167
1.16253
1.17188
1.17888
1.18241
1.18164
1.17636
1.167
1.15442
1.13982
1.12459
1.1102
1.09791
1.08857
1.08256
1.07998
1.08066
1.08409
1.08951
1.0963
1.10442
1.11432
1.1265
1.14103
1.15736
1.17451
1.19124
1.20641
1.21895
1.2279
1.23237
1.23152
1.22459
1.21131
1.19228
1.16941
1.14592
1.12551
1.11113
1.10425
1.10486
1.11178
1.12281
1.13484
1.14466
1.14985
1.14957
1.14458
1.13676
1.12837
1.12129
1.11652
1.11402
1.11286
1.11171
1.10938
1.10559
1.10143
1.09851
1.09714
1.09555
1.09168
1.08531
1.07817
1.07281
1.07115
1.07365
1.07907
1.08476
1.08763
1.08554
1.0781
1.06681
1.05462
1.04488
1.04006
1.04072
1.04539
1.05155
1.05686
1.0601
1.06138
1.06193
1.0635
1.06759
1.07451
1.08332
1.09264
1.10201
1.11213
1.12374
1.13614
1.14719
1.1546
1.15753
1.15718
1.15619
1.15704
1.16058
1.16608
1.17233
1.17823
1.1825
1.18348
1.1796
1.17015
1.15588
1.13882
1.1218
1.10759
1.09814
1.09416
1.09516
1.09961
1.10535
1.11022
1.11258
1.11177
1.1081
1.1025
1.09609
1.08991
1.08465
1.08078
1.07856
1.07827
1.08012
1.08404
1.08935
1.09463
1.09805
1.0979
1.09324
1.08441
1.07301
1.06152
1.05256
1.04802
1.04851
1.05331
1.06094
1.06987
1.07927
1.08924
1.10048
1.11345
1.12755
1.141
1.15141
1.15675
1.15606
1.14966
1.13897
1.12605
1.1131
1.10212
1.09478
1.09225
1.09499
1.10248
1.11357
1.12701
1.14194
1.15791
1.1745
1.19101
1.20634
1.21917
1.22825
1.23277
1.23244
1.22747
1.21841
1.20609
1.19146
1.17565
1.15992
1.14562
1.13393
1.12539
1.11969
1.11555
1.11105
1.10413
1.09333
1.07833
1.06012
1.04069
1.02239
1.00749
0.997661
0.993511
0.994411
0.99866
1.00414
1.0091
1.01265
1.01475
1.01594
1.01699
1.01879
1.02245
1.02925
1.04034
1.05626
1.07646
1.09925
1.12227
1.14345
1.16175
1.17754
1.19213
1.20683
1.22214
1.23741
1.25111
1.26122
1.26563
1.26239
1.25013
1.22873
1.20031
1.16971
1.14289
1.12369
1.11175
1.10419
1.09835
1.09283
1.08683
1.07939
1.06927
1.0558
1.04026
1.02661
1.01965
1.02127
1.02885
1.0378
1.04439
1.04672
1.0445
1.03873
1.03128
1.02459
1.02116
1.02297
1.03096
1.04496
1.064
1.08675
1.11172
1.13724
1.16132
1.1818
1.1967
1.20478
1.20593
1.2013
1.19304
1.18359
1.17492
1.16794
1.16255
1.15793
1.15301
1.14694
1.13938
1.13062
1.12155
1.11332
1.10712
1.10423
1.10629
1.11502
1.13105
1.15291
1.17726
1.20006
1.21782
1.22817
1.2301
1.22402
1.2117
1.1959
1.17954
1.16449
1.15116
1.13894
1.12709
1.11557
1.10525
1.09789
1.09566
1.10033
1.11264
1.13202
1.15692
1.18494
1.21277
1.23636
1.25191
1.2568
1.25007
1.23248
1.20629
1.17498
1.14261
1.11283
1.08815
1.06973
1.05774
1.05176
1.05114
1.05508
1.06261
1.07235
1.08238
1.09038
1.09395
1.09109
1.08064
1.06285
1.03971
1.015
0.993465
0.979419
0.975268
0.980848
0.993981
1.01168
1.03123
1.05066
1.0687
1.08466
1.09835
1.11004
1.1202
1.12926
1.13724
1.14367
1.14773
1.14867
1.14618
1.14051
1.13242
1.12302
1.11344
1.10478
1.098
1.09403
1.09384
1.0981
1.10685
1.11921
1.13335
1.14699
1.15809
1.16549
1.16917
1.17017
1.17015
1.17078
1.17288
1.17579
1.17782
1.17752
1.17499
1.17182
1.16989
1.16974
1.17037
1.17009
1.16763
1.16253
1.15506
1.14613
1.13736
1.13084
1.12854
1.13165
1.14022
1.15331
1.1692
1.18569
1.2004
1.21118
1.21669
1.21667
1.21184
1.20355
1.19315
1.18164
1.16974
1.15835
1.149
1.14358
1.14314
1.14684
1.15268
1.1592
1.16627
1.17463
1.18487
1.19686
1.20958
1.22119
1.22952
1.23262
1.22949
1.22
1.20464
1.18422
1.16013
1.13457
1.11046
1.09066
1.07665
1.06809
1.06343
1.06094
1.05937
1.05826
1.05819
1.06043
1.06608
1.07537
1.08777
1.10256
1.11888
1.13522
1.14918
1.15813
1.16023
1.15538
1.14555
1.13428
1.12523
1.12081
1.12156
1.12661
1.13426
1.14237
1.1489
1.15242
1.15259
1.15013
1.14612
1.14105
1.13435
1.1248
1.11149
1.09448
1.07511
1.05574
1.03929
1.02851
1.02498
1.02836
1.03661
1.04755
1.06024
1.07533
1.09412
1.11724
1.14362
1.17057
1.19459
1.21243
1.22195
1.22261
1.21565
1.2039
1.19093
1.18
1.17302
1.17027
1.17086
1.17353
1.17719
1.18102
1.1841
1.1853
1.1834
1.17759
1.168
1.15579
1.14284
1.13102
1.12163
1.11525
1.11185
1.11078
1.11081
1.11027
1.10734
1.10052
1.08902
1.07304
1.05395
1.03427
1.01751
1.00755
1.00753
1.01876
1.04024
1.06916
1.10194
1.13511
1.1657
1.19123
1.20969
1.21973
1.22097
1.21446
1.20259
1.18859
1.17563
1.16589
1.16008
1.15757
1.15701
1.15695
1.15629
1.15454
1.15169
1.14795
1.14376
1.13952
1.13535
1.13075
1.12455
1.11517
1.10138
1.08318
1.06253
1.04362
1.0319
1.03164
1.04316
1.06233
1.08326
1.10142
1.115
1.12435
1.13066
1.13485
1.13722
1.1377
1.13621
1.13279
1.1274
1.11986
1.11009
1.09842
1.08579
1.0738
1.06428
1.05872
1.05768
1.06069
1.06643
1.07339
1.08027
1.08642
1.09178
1.0965
1.10013
1.10121
1.09796
1.08951
1.07669
1.0619
1.04854
1.04019
1.03966
1.04784
1.06277
1.08022
1.0956
1.1058
1.11007
1.10946
1.10584
1.10092
1.09578
1.09098
1.08672
1.083
1.07969
1.07666
1.07402
1.07219
1.0718
1.07353
1.07794
1.08516
1.09466
1.10513
1.11464
1.12142
1.12462
1.12454
1.12236
1.11935
1.11614
1.11253
1.10789
1.10167
1.09389
1.08535
1.07748
1.07204
1.07041
1.07305
1.07903
1.08624
1.09225
1.09528
1.09488
1.09185
1.08783
1.0846
1.08338
1.08434
1.08666
1.0892
1.09127
1.09306
1.09527
1.09826
1.10136
1.10297
1.10132
1.09546
1.0859
1.07463
1.06456
1.05845
1.05786
1.0629
1.07229
1.08396
1.09546
1.10456
1.1097
1.11018
1.1062
1.09874
1.08937
1.08003
1.07256
1.06794
1.06567
1.06409
1.06154
1.05718
1.05114
1.0441
1.0367
1.02928
1.02199
1.01521
1.00985
1.00738
1.00927
1.01641
1.02867
1.04491
1.06319
1.08126
1.09699
1.1086
1.11478
1.11472
1.10836
1.09666
1.08204
1.06841
1.06024
1.06091
1.07134
1.08975
1.11267
1.13622
1.15721
1.17377
1.18543
1.19245
1.1953
1.19429
1.18965
1.18167
1.17074
1.15734
1.14204
1.1255
1.10856
1.09209
1.07682
1.06327
1.05176
1.04245
1.03527
1.02984
1.02562
1.02227
1.02002
1.01978
1.02296
1.03104
1.04492
1.06446
1.08817
1.11363
1.13804
1.15892
1.17446
1.18378
1.1869
1.18455
1.17772
1.16714
1.15299
1.13541
1.11548
1.09576
1.07889
1.06518
1.05234
1.03785
1.02109
1.00351
0.98794
0.977607
0.975244
0.982277
0.998365
1.02164
1.04938
1.07868
1.10682
1.1313
1.14996
1.16129
1.16483
1.16144
1.15352
1.14466
1.1384
1.1366
1.13862
1.14196
1.14393
1.143
1.13896
1.13254
1.12471
1.11629
1.10776
1.09936
1.09128
1.08375
1.07715
1.07194
1.06857
1.06731
1.06824
1.07136
1.0766
1.08387
1.0928
1.10268
1.11251
1.12118
1.12776
1.13188
1.13382
1.13438
1.13464
1.13554
1.13766
1.1411
1.14552
1.15021
1.15425
1.15659
1.15645
1.15355
1.14831
1.14169
1.13491
1.12899
1.1244
1.12103
1.11835
1.11575
1.11296
1.11013
1.10743
1.10454
1.10061
1.09471
1.08653
1.07679
1.06709
1.05934
1.0547
1.05303
1.05302
1.05298
1.0516
1.0484
1.04375
1.03849
1.03336
1.02865
1.02432
1.02043
1.01733
1.01561
1.01574
1.01791
1.02195
1.0275
1.03415
1.04153
1.04916
1.05631
1.06207
1.06553
1.06607
1.06337
1.05755
1.04923
1.03963
1.03059
1.02447
1.02363
1.02954
1.04201
1.05906
1.07777
1.09536
1.10996
1.12063
1.12707
1.12922
1.12703
1.12059
1.11013
1.09614
1.07925
1.06037
1.04089
1.02278
1.00844
1.00006
0.998546
1.00278
1.01019
1.01828
1.02569
1.03208
1.03761
1.04271
1.04806
1.05454
1.06276
1.07274
1.08394
1.09542
1.10618
1.11538
1.12248
1.12725
1.1297
1.13007
1.1289
1.12704
1.12549
1.12512
1.12623
1.1283
1.13004
1.1298
1.12615
1.11842
1.10693
1.09303
1.07875
1.06632
1.05744
1.05269
1.05168
1.05377
1.05891
1.06747
1.07925
1.09288
1.1063
1.11777
1.12638
1.13181
1.13395
1.13271
1.12792
1.11947
1.10744
1.09233
1.07525
1.05798
1.04293
1.0327
1.02934
1.03328
1.04278
1.0544
1.06443
1.07042
1.07194
1.07035
1.06794
1.06683
1.06832
1.07257
1.07865
1.08484
1.08915
1.09002
1.08688
1.08031
1.07203
1.06464
1.06116
1.06422
1.07545
1.09479
1.12032
1.14856
1.17553
1.19804
1.21458
1.22523
1.23096
1.23269
1.2309
1.22587
1.21797
1.20763
1.19522
1.18113
1.16547
1.14741
1.12537
1.09908
1.07244
1.05377
1.05082
1.06427
1.08777
1.11344
1.13579
1.15222
1.16207
1.16583
1.16458
1.15967
1.15255
1.14452
1.13672
1.12985
1.12409
1.11917
1.11462
1.10985
1.10425
1.09716
1.08792
1.0761
1.06184
1.04601
1.03042
1.01752
1.00977
1.00899
1.01563
1.02875
1.04645
1.06654
1.08724
1.10737
1.12627
1.14359
1.15895
1.17182
1.18146
1.18704
1.18785
1.18355
1.17437
1.16113
1.14518
1.12814
1.11168
1.09727
1.08604
1.07876
1.07572
1.0768
1.08158
1.08943
1.09952
1.11072
1.1214
1.12951
1.13314
1.1313
1.12474
1.11589
1.10755
1.10139
1.09754
1.09553
1.09519
1.0965
1.09895
1.10146
1.10307
1.10361
1.10382
1.10482
1.10714
1.1102
1.11243
1.11215
1.10874
1.10309
1.09722
1.09332
1.09257
1.09445
1.09685
1.09705
1.09337
1.08646
1.07893
1.07327
1.0701
1.0686
1.06779
1.06698
1.06587
1.06474
1.0644
1.0659
1.07018
1.07752
1.08732
1.09816
1.10823
1.11592
1.1202
1.12077
1.11782
1.11192
1.10388
1.09472
1.08569
1.07816
1.07323
1.07138
1.07232
1.0753
1.07954
1.08432
1.08864
1.09117
1.09086
1.08785
1.0839
1.08145
1.08244
1.08847
1.10159
1.123
1.14982
1.17537
1.19327
1.20048
1.19705
1.18491
1.16689
1.14625
1.12634
1.10994
1.09853
1.09187
1.0883
1.08561
1.08199
1.07662
1.06998
1.0635
1.05879
1.05669
1.05687
1.05833
1.06033
1.0629
1.06664
1.07198
1.07862
1.08553
1.09133
1.09492
1.09601
1.09534
1.0945
1.09532
1.09908
1.10616
1.11617
1.12816
1.14072
1.15231
1.16185
1.16908
1.17422
1.17705
1.17627
1.17022
1.15914
1.14738
1.1417
1.14438
1.15025
1.15256
1.14906
1.14202
1.13535
1.1318
1.1318
1.1338
1.13552
1.13497
1.13114
1.12406
1.11465
1.10446
1.09546
1.08965
1.0885
1.09217
1.09897
1.10573
1.10932
1.10843
1.10451
1.10073
1.09954
1.10126
1.10479
1.10916
1.11399
1.11935
1.12546
1.13233
1.13955
1.1462
1.15108
1.15328
1.15256
1.14945
1.14482
1.13943
1.13377
1.12827
1.12342
1.11961
1.11675
1.11424
1.11152
1.10856
1.10573
1.10313
1.10014
1.09553
1.08814
1.07749
1.06393
1.04877
1.03406
1.0223
1.01569
1.01505
1.01927
1.02565
1.03108
1.03319
1.0312
1.02606
1.01992
1.01514
1.0133
1.01468
1.01845
1.0233
1.02812
1.0323
1.03553
1.03748
1.03775
1.03641
1.03445
1.0336
1.03544
1.0406
1.04848
1.05764
1.06651
1.07418
1.08071
1.08704
1.09449
1.10411
1.11606
1.12941
1.14231
1.1524
1.15745
1.15585
1.1471
1.13222
1.11357
1.09418
1.07669
1.06244
1.05122
1.04184
1.03279
1.02296
1.01211
1.00118
0.992248
0.988008
0.990763
1.00137
1.01891
1.04123
1.06591
1.09089
1.11466
1.13574
1.15251
1.16338
1.16754
1.16546
1.15882
1.14978
1.14023
1.13138
1.1238
1.11768
1.11312
1.1103
1.10938
1.11041
1.11316
1.11703
1.12118
1.12473
1.12715
1.12835
1.12864
1.12832
1.12731
1.12516
1.12138
1.11605
1.11026
1.10617
1.10658
1.11382
1.1286
1.14957
1.1736
1.1967
1.21496
1.22525
1.22569
1.21588
1.19691
1.17125
1.14235
1.11385
1.08886
1.06941
1.05632
1.04958
1.04886
1.05398
1.06489
1.08113
1.10163
1.12467
1.1483
1.17059
1.18976
1.2043
1.21328
1.21664
1.21536
1.21124
1.20645
1.20273
1.20094
1.20088
1.20174
1.20266
1.20305
1.20261
1.20123
1.19873
1.19489
1.18961
1.18305
1.17576
1.16841
1.16137
1.15458
1.14772
1.14042
1.13229
1.12324
1.11367
1.1047
1.09794
1.09481
1.09571
1.09963
1.10462
1.10895
1.11208
1.11496
1.11958
1.12784
1.1405
1.15689
1.17542
1.19432
1.212
1.22717
1.23888
1.24659
1.25024
1.25026
1.2474
1.24257
1.23659
1.23002
1.223
1.21537
1.20666
1.19644
1.18447
1.17089
1.15629
1.14172
1.12867
1.11889
1.11401
1.11489
1.12122
1.13132
1.14245
1.15147
1.15585
1.15438
1.14729
1.13577
1.12135
1.10563
1.09031
1.07717
1.06772
1.06269
1.06173
1.06358
1.06648
1.06869
1.06942
1.07006
1.07441
1.08609
1.10457
1.12487
1.14155
1.15195
1.15626
1.15611
1.15346
1.15015
1.1479
1.14812
1.1513
1.15689
1.16353
1.16983
1.17476
1.17793
1.17953
1.18018
1.18076
1.18225
1.18539
1.19023
1.19597
1.20147
1.20618
1.21063
1.21615
1.22367
1.23232
1.23959
1.24271
1.23983
1.23047
1.21524
1.19561
1.17342
1.15047
1.12841
1.10917
1.09543
1.09003
1.09359
1.10255
1.11071
1.11292
1.10708
1.094
1.0765
1.05875
1.04542
1.04014
1.04405
1.05547
1.07109
1.0874
1.10162
1.11195
1.11754
1.11834
1.11485
1.10792
1.09883
1.0896
1.08285
1.08107
1.08539
1.09491
1.10721
1.11956
1.12991
1.13719
1.141
1.14118
1.13754
1.1299
1.11828
1.1031
1.08532
1.06647
1.0484
1.03302
1.02177
1.01525
1.01317
1.01475
1.01935
1.02675
1.0368
1.04888
1.06151
1.07263
1.08037
1.08382
1.08331
1.07998
1.07492
1.06898
1.06377
1.06267
1.06976
1.08637
1.10898
1.13106
1.14667
1.15273
1.14901
1.13738
1.12104
1.10387
1.08966
1.08076
1.07725
1.07727
1.07808
1.07723
1.07335
1.06664
1.05881
1.05252
1.05025
1.05308
1.06008
1.06898
1.07737
1.08372
1.08781
1.09064
1.09398
1.09968
1.109
1.12197
1.13756
1.15398
1.16921
1.18143
1.18923
1.19174
1.18871
1.18061
1.16863
1.15457
1.14044
1.12789
1.11779
1.11012
1.10448
1.10061
1.09873
1.09939
1.103
1.10925
1.11703
1.12457
1.13006
1.1321
1.1301
1.12426
1.11549
1.10511
1.0944
1.08421
1.07469
1.0654
1.05585
1.04608
1.03693
1.02989
1.0267
1.02885
1.03715
1.05139
1.07019
1.09113
1.11122
1.12774
1.13901
1.14478
1.1463
1.14586
1.14602
1.14868
1.15433
1.16207
1.17016
1.1767
1.1801
1.17931
1.17384
1.16386
1.15016
1.13397
1.11673
1.09988
1.08507
1.07421
1.06916
1.07112
1.0804
1.09679
1.11986
1.14823
1.17852
1.20569
1.22478
1.23253
1.22798
1.21248
1.18945
1.1641
1.14267
1.13054
1.1297
1.13774
1.14953
1.16017
1.16668
1.168
1.16439
1.15685
1.14691
1.13648
1.12758
1.12188
1.12005
1.12139
1.1239
1.12506
1.12278
1.11632
1.10644
1.09485
1.08337
1.07342
1.06605
1.06214
1.06246
1.06719
1.07537
1.0849
1.09342
1.09927
1.10176
1.10073
1.09618
1.08826
1.07755
1.06523
1.05294
1.04245
1.03539
1.03307
1.03654
1.04629
1.06157
1.08023
1.09958
1.11746
1.13265
1.14445
1.15235
1.15595
1.15502
1.14956
1.13993
1.12734
1.11412
1.10303
1.09595
1.09342
1.0956
1.10293
1.11553
1.13211
1.14983
1.16533
1.17597
1.18052
1.17927
1.17364
1.16564
1.15736
1.15044
1.14575
1.14314
1.14152
1.13959
1.1368
1.1337
1.13157
1.13143
1.13334
1.13634
1.13888
1.13934
1.13651
1.13001
1.12024
1.10817
1.09502
1.0822
1.07125
1.06389
1.06199
1.06735
1.08062
1.10018
1.12212
1.14169
1.15504
1.16038
1.15807
1.14989
1.13807
1.12428
1.10942
1.09412
1.0794
1.06671
1.05754
1.05267
1.05205
1.05498
1.06064
1.06825
1.07709
1.08635
1.09511
1.10246
1.10787
1.11117
1.11247
1.11196
1.11006
1.10754
1.10544
1.10492
1.10686
1.11158
1.11873
1.1273
1.13587
1.14289
1.147
1.14731
1.14356
1.13628
1.12661
1.11626
1.10726
1.10163
1.10085
1.10524
1.11374
1.12432
1.13485
1.14402
1.15161
1.15822
1.16459
1.17102
1.177
1.18141
1.183
1.18081
1.17419
1.16279
1.14664
1.12646
1.10386
1.08117
1.06054
1.04346
1.03087
1.02373
1.02305
1.02928
1.0416
1.05783
1.07513
1.09115
1.10444
1.11452
1.12132
1.12476
1.12442
1.11964
1.10982
1.09481
1.07532
1.05305
1.03051
1.01031
0.994272
0.98264
0.974469
0.968802
0.965916
0.967569
0.976017
0.992377
1.01553
1.04259
1.07033
1.09657
1.1203
1.14124
1.15951
1.17499
1.18709
1.19481
1.19728
1.19439
1.18696
1.17657
1.16521
1.15473
1.14655
1.1413
1.1385
1.13647
1.13312
1.12721
1.11943
1.11222
1.10842
1.10962
1.11532
1.12343
1.13131
1.13682
1.13882
1.13718
1.13246
1.12551
1.11734
1.10921
1.10274
1.0997
1.10131
1.10756
1.11717
1.12804
1.13799
1.14524
1.14879
1.14875
1.1463
1.14337
1.14194
1.14342
1.14809
1.15519
1.16335
1.17124
1.1781
1.1837
1.18803
1.19087
1.19166
1.1898
1.18541
1.17966
1.17405
1.16902
1.16302
1.15323
1.13689
1.11238
1.07999
1.04298
1.00765
0.980961
0.966488
0.963067
0.968062
0.980607
1.00114
1.02889
1.06101
1.09379
1.12422
1.15026
1.17053
1.18375
1.18875
1.18489
1.17287
1.15558
1.1378
1.12428
1.11697
1.11452
1.11413
1.11358
1.11179
1.10836
1.10276
1.09403
1.08127
1.06472
1.04672
1.03158
1.02338
1.02313
1.02822
1.03454
1.03888
1.03987
1.03817
1.03602
1.03628
1.04134
1.0522
1.06823
1.08757
1.10787
1.12687
1.14269
1.15403
1.16016
1.16101
1.15705
1.14925
1.13892
1.12741
1.11579
1.1047
1.09438
1.08485
1.07632
1.06943
1.06516
1.0643
1.06681
1.07174
1.07761
1.08304
1.08728
1.09047
1.0935
1.09742
1.10264
1.10831
1.11272
1.11394
1.1107
1.103
1.09226
1.081
1.07201
1.06743
1.06812
1.07367
1.08283
1.09384
1.10469
1.11336
1.11828
1.11895
1.11635
1.11272
1.11044
1.11088
1.11412
1.1192
1.12425
1.12669
1.12393
1.11447
1.09862
1.07864
1.05806
1.04055
1.02867
1.02338
1.02428
1.0302
1.03974
1.05129
1.06309
1.07329
1.0803
1.08308
1.08143
1.07584
1.06743
1.05788
1.04947
1.04461
1.04464
1.04905
1.05601
1.06354
1.07025
1.07514
1.07737
1.07606
1.07069
1.06167
1.05073
1.04074
1.03469
1.03438
1.03957
1.0485
1.05901
1.06956
1.07952
1.08869
1.09695
1.10398
1.10938
1.11271
1.11357
1.11154
1.10622
1.09748
1.08576
1.07261
1.06071
1.05304
1.05118
1.05404
1.0584
1.06069
1.05864
1.05173
1.04103
1.0284
1.01595
1.00546
0.998019
0.993789
0.992227
0.992895
0.99681
1.00667
1.02461
1.04941
1.07667
1.10148
1.12033
1.13141
1.1343
1.12951
1.11828
1.10262
1.08547
1.07065
1.06231
1.06358
1.07485
1.09338
1.11463
1.13431
1.14941
1.15832
1.16037
1.15559
1.14473
1.1292
1.1112
1.09338
1.07815
1.06681
1.05938
1.05574
1.05674
1.06349
1.07521
1.08869
1.10016
1.10706
1.10841
1.10428
1.09535
1.08261
1.06727
1.05108
1.03674
1.02777
1.02746
1.0373
1.05609
1.08042
1.10602
1.12918
1.14743
1.15964
1.16568
1.16614
1.16203
1.15458
1.14497
1.13425
1.12329
1.11284
1.1036
1.09631
1.09159
1.08986
1.0911
1.09475
1.09977
1.10477
1.10828
1.10904
1.10619
1.09943
1.08901
1.07586
1.0616
1.0483
1.03819
1.03292
1.03299
1.03767
1.04552
1.05501
1.06501
1.07495
1.08474
1.09446
1.10413
1.11367
1.12299
1.13191
1.13974
1.14476
1.14446
1.13659
1.12069
1.09876
1.07462
1.05225
1.03468
1.02376
1.01976
1.02134
1.02618
1.03216
1.03826
1.04462
1.05215
1.06207
1.07523
1.09127
1.10822
1.12328
1.13409
1.13966
1.14038
1.13743
1.13234
1.12672
1.12192
1.11848
1.11579
1.11249
1.10719
1.09917
1.08886
1.07792
1.06905
1.06491
1.06672
1.07324
1.08132
1.08728
1.0883
1.08321
1.07272
1.05907
1.04535
1.03455
1.02876
1.02882
1.03438
1.04444
1.05794
1.07418
1.09287
1.11381
1.1365
1.15989
1.18233
1.20193
1.21697
1.22633
1.22977
1.22788
1.22184
1.21275
1.20112
1.18658
1.16818
1.14519
1.11793
1.08816
1.05884
1.03319
1.01375
1.00211
0.99932
1.00586
1.02063
1.04029
1.06019
1.0761
1.08526
1.08662
1.0808
1.06977
1.05605
1.04216
1.03068
1.0244
1.02586
1.03643
1.05544
1.08016
1.1067
1.13123
1.15099
1.16472
1.17253
1.1754
1.17466
1.17152
1.16681
1.16091
1.15376
1.14511
1.13483
1.12312
1.11061
1.09802
1.08591
1.07462
1.06471
1.05716
1.05338
1.05465
1.06148
1.07289
1.08608
1.09737
1.10386
1.10469
1.10111
1.09549
1.09024
1.08713
1.08705
1.08996
1.09493
1.10052
1.10526
1.10798
1.10795
1.10491
1.09897
1.09044
1.07982
1.06781
1.05533
1.04376
1.03473
1.02966
1.02938
1.03397
1.0429
1.05519
1.06958
1.0847
1.09939
1.11293
1.12511
1.13612
1.14619
1.15533
1.16299
1.16797
1.16881
1.16447
1.15502
1.14183
1.12747
1.1149
1.10657
1.10361
1.1056
1.11097
1.11782
1.12451
1.12975
1.13239
1.13129
1.12523
1.11324
1.09477
1.07037
1.04224
1.01454
0.992899
0.982954
0.988296
1.00881
1.04052
1.07701
1.11167
1.1394
1.15722
1.16414
1.16066
1.14829
1.12948
1.10758
1.08687
1.07197
1.0662
1.06998
1.08037
1.09249
1.10181
1.10562
1.10348
1.0967
1.08758
1.07852
1.07109
1.06558
1.06122
1.05666
1.05073
1.04288
1.03369
1.02502
1.01967
1.02025
1.02804
1.04257
1.06209
1.08424
1.10639
1.1259
1.14051
1.14859
1.14942
1.1432
1.13107
1.11501
1.09757
1.08113
1.06734
1.05689
1.04982
1.04585
1.04455
1.0454
1.048
1.05203
1.05701
1.06204
1.06583
1.06715
1.06522
1.05989
1.05158
1.04103
1.02921
1.01719
1.00622
0.997674
0.992979
0.993391
0.999505
1.01082
1.02562
1.04141
1.05576
1.06706
1.07495
1.08006
1.08349
1.08609
1.08802
1.08865
1.08694
1.08212
1.07419
1.06397
1.05281
1.04221
1.03352
1.02775
1.02536
1.02623
1.02976
1.03514
1.04153
1.04823
1.05475
1.06089
1.06663
1.07206
1.07721
1.08196
1.08607
1.08935
1.09195
1.09454
1.09808
1.10345
1.11101
1.12051
1.13141
1.14316
1.15518
1.16637
1.17497
1.17914
1.17785
1.17133
1.16093
1.14855
1.13593
1.12407
1.11318
1.10314
1.09396
1.086
1.07987
1.07612
1.07502
1.07664
1.08084
1.08729
1.0953
1.10374
1.11135
1.11736
1.12205
1.12655
1.13225
1.13995
1.1496
1.16045
1.17156
1.18205
1.19121
1.19849
1.20348
1.20602
1.20616
1.2041
1.20011
1.19432
1.18677
1.17746
1.16661
1.15474
1.14274
1.13159
1.12223
1.11543
1.11163
1.11063
1.11145
1.11296
1.11506
1.11883
1.12472
1.13122
1.13595
1.1375
1.13587
1.13173
1.12586
1.11876
1.11068
1.10182
1.09252
1.08341
1.07525
1.06855
1.06322
1.05851
1.05376
1.04929
1.04697
1.04975
1.05978
1.07667
1.09747
1.11838
1.13637
1.14965
1.15746
1.15959
1.1562
1.14761
1.13442
1.11778
1.09942
1.08162
1.06676
1.05681
1.05268
1.05424
1.06048
1.06988
1.08069
1.09107
1.09922
1.10367
1.10353
1.09865
1.08959
1.07736
1.06342
1.04975
1.03833
1.0305
1.02645
1.02571
1.02777
1.03221
1.03846
1.04557
1.05242
1.05799
1.06168
1.06339
1.06354
1.06309
1.06338
1.06549
1.06948
1.07428
1.07843
1.0811
1.0824
1.08311
1.08424
1.08691
1.09217
1.10074
1.11262
1.127
1.14265
1.15842
1.17347
1.18713
1.19855
1.20659
1.21012
1.20854
1.20206
1.19169
1.17902
1.16568
1.15273
1.14024
1.12743
1.11383
1.10027
1.08886
1.08178
1.07969
1.08142
1.08481
1.0877
1.08836
1.0857
1.07947
1.07037
1.05978
1.0492
1.03997
1.03318
1.02975
1.03043
1.03576
1.04592
1.06064
1.07926
1.10084
1.12431
1.14843
1.17165
1.19209
1.20763
1.21625
1.21655
1.20815
1.19199
1.17043
1.14692
1.12526
1.10856
1.09835
1.09422
1.09433
1.09647
1.09902
1.10137
1.10371
1.10637
1.10923
1.11149
1.11193
1.10939
1.1032
1.09351
1.08127
1.06766
1.05367
1.04022
1.02848
1.01991
1.01587
1.01722
1.02413
1.0358
1.05051
1.0658
1.07917
1.08871
1.09358
1.09407
1.09145
1.08783
1.08563
1.0871
1.0934
1.10425
1.11801
1.1325
1.14601
1.15791
1.16864
1.17883
1.18847
1.19652
1.20135
1.20138
1.19582
1.18509
1.17067
1.15432
1.13728
1.11996
1.10247
1.08512
1.0684
1.05266
1.0384
1.02673
1.01936
1.01785
1.0225
1.03196
1.04364
1.0548
1.06336
1.06808
1.06854
1.06495
1.05841
1.05098
1.0452
1.04324
1.04599
1.05291
1.0624
1.07256
1.08187
1.08944
1.09521
1.09953
1.10276
1.1048
1.105
1.10264
1.09753
1.09048
1.0834
1.07865
1.07822
1.08289
1.09191
1.10339
1.11505
1.12507
1.13256
1.13768
1.14139
1.14531
1.15111
1.15969
1.17052
1.18182
1.19171
1.19927
1.20478
1.20905
1.21262
1.21528
1.21631
1.21504
1.21125
1.20541
1.19848
1.19162
1.18587
1.18193
1.18005
1.18006
1.18148
1.18347
1.18489
1.18444
1.18096
1.17372
1.16266
1.14831
1.13165
1.11394
1.09663
1.0811
1.06832
1.05854
1.05125
1.04559
1.04099
1.03738
1.03507
1.03438
1.03529
1.03736
1.03999
1.04288
1.04636
1.05122
1.05824
1.06791
1.0803
1.09469
1.10934
1.12178
1.12979
1.13227
1.12965
1.12367
1.11692
1.11216
1.11167
1.11661
1.12649
1.13943
1.1527
1.16361
1.17015
1.17125
1.16683
1.15765
1.14503
1.13075
1.11666
1.10452
1.09585
1.09177
1.09288
1.09883
1.10815
1.11841
1.12703
1.13229
1.13385
1.1327
1.13041
1.12835
1.12706
1.1263
1.12528
1.12305
1.11872
1.11172
1.10203
1.09038
1.07799
1.06623
1.05607
1.0478
1.04107
1.03531
1.03041
1.0271
1.02677
1.0304
1.03763
1.04708
1.05755
1.06867
1.08034
1.09183
1.10163
1.1082
1.11058
1.10867
1.10314
1.09525
1.08647
1.07787
1.06957
1.06065
1.04968
1.03558
1.01822
0.998606
0.978763
0.961514
0.950212
0.948091
0.956813
0.974923
0.998017
1.02104
1.04056
1.05544
1.06619
1.07384
1.07944
1.0836
1.08653
1.08815
1.08835
1.08728
1.08545
1.08382
1.08371
1.08633
1.09221
1.10083
1.11068
1.11989
1.12678
1.13033
1.13046
1.12814
1.12513
1.12334
1.12366
1.12533
1.12629
1.12442
1.11861
1.10913
1.09733
1.08511
1.07449
1.06717
1.06409
1.06498
1.06828
1.07138
1.07152
1.06683
1.05718
1.04432
1.03136
1.0218
1.01822
1.02107
1.02782
1.03379
1.03453
1.02805
1.01556
1.0008
0.988366
0.981876
0.982877
0.991113
1.00545
1.02457
1.04689
1.0702
1.09172
1.10879
1.11959
1.12361
1.12146
1.11442
1.10395
1.0916
1.07904
1.06818
1.06081
1.05816
1.06036
1.06644
1.07473
1.08329
1.09031
1.09434
1.09466
1.09124
1.08468
1.07598
1.06666
1.05874
1.05445
1.0554
1.06183
1.07236
1.08445
1.09528
1.10274
1.10594
1.10546
1.10286
1.09976
1.09681
1.0934
1.08841
1.08132
1.07298
1.06521
1.05998
1.05869
1.06201
1.06996
1.08174
1.09558
1.10897
1.11947
1.12545
1.12649
1.12334
1.11756
1.11107
1.10565
1.10252
1.10194
1.10327
1.10544
1.10756
1.10941
1.11142
1.11432
1.11854
1.12377
1.12884
1.13202
1.13143
1.12554
1.11349
1.09542
1.07275
1.04845
1.02677
1.01189
1.00616
1.00879
1.01626
1.02414
1.029
1.02939
1.02596
1.02085
1.01674
1.016
1.02001
1.02891
1.04173
1.05657
1.07105
1.08302
1.09124
1.0959
1.09852
1.101
1.1042
1.1072
1.10813
1.10582
1.10067
1.09424
1.08828
1.08398
1.08197
1.08251
1.08557
1.09067
1.097
1.10359
1.10957
1.11414
1.11658
1.11603
1.11161
1.10269
1.08938
1.07291
1.05561
1.04029
1.02924
1.02347
1.02294
1.02706
1.03507
1.04605
1.05899
1.07279
1.08626
1.09791
1.10586
1.10798
1.1023
1.08783
1.06543
1.03835
1.01158
0.989971
0.976206
0.970186
0.970008
0.973645
0.980002
0.989002
1.00087
1.0153
1.03114
1.04657
1.05974
1.06936
1.07511
1.0779
1.07969
1.08309
1.09047
1.10304
1.12024
1.13988
1.15912
1.17555
1.18779
1.19538
1.19855
1.19793
1.19441
1.18907
1.18286
1.17637
1.1698
1.163
1.15578
1.14808
1.14002
1.13187
1.1239
1.11652
1.11028
1.10531
1.10088
1.09564
1.08851
1.0794
1.06938
1.06033
1.05449
1.05388
1.05943
1.07049
1.08492
1.09983
1.11242
1.12108
1.12617
1.1302
1.13649
1.147
1.16086
1.17498
1.18597
1.1917
1.19142
1.18517
1.17323
1.15611
1.13491
1.11179
1.08994
1.07283
1.06284
1.06007
1.0625
1.06708
1.07091
1.07203
1.06982
1.06517
1.05987
1.05558
1.05334
1.0537
1.05717
1.06419
1.0749
1.08896
1.10545
1.12302
1.13997
1.15465
1.16581
1.17294
1.17617
1.17603
1.17308
1.16766
1.1598
1.14931
1.13605
1.12042
1.10384
1.08908
1.08003
1.08054
1.09226
1.11292
1.13717
1.15952
1.17684
1.18869
1.19622
1.20062
1.2025
1.20182
1.19831
1.19175
1.18216
1.16999
1.15636
1.14313
1.13251
1.12623
1.12466
1.12679
1.13093
1.13569
1.14059
1.14595
1.15258
1.16088
1.17017
1.17841
1.18288
1.18162
1.17429
1.16223
1.14759
1.1324
1.11781
1.10408
1.0909
1.07786
1.06467
1.05147
1.03925
1.03022
1.02728
1.03217
1.04401
1.05981
1.07642
1.09173
1.10472
1.11508
1.12298
1.12918
1.13489
1.14153
1.1502
1.16119
1.17372
1.18598
1.19575
1.20118
1.20135
1.19665
1.18871
1.17978
1.17188
1.16569
1.16026
1.15381
1.14493
1.13341
1.11992
1.10544
1.09142
1.08049
1.07568
1.07818
1.08627
1.09642
1.10522
1.11032
1.1107
1.10653
1.09894
1.08951
1.07959
1.0697
1.05947
1.04805
1.03481
1.01983
1.00396
0.98864
0.975453
0.965829
0.960832
0.961058
0.966416
0.97596
0.987907
0.999853
1.00919
1.01352
1.01118
1.00163
0.985585
0.964908
0.942318
0.921094
0.904811
0.89687
0.899755
0.91415
0.938488
0.969314
1.00238
1.03388
1.0613
1.08362
1.10094
1.1139
1.12325
1.12949
1.1326
1.13218
1.12814
1.12154
1.11472
1.11018
1.10903
1.11025
1.11151
1.11078
1.10755
1.10295
1.09878
1.09623
1.09507
1.09382
1.09061
1.0841
1.07416
1.06209
1.05059
1.04305
1.04243
1.04993
1.06424
1.08192
1.09902
1.11276
1.12239
1.12863
1.13245
1.13409
1.13302
1.12849
1.12015
1.10834
1.09393
1.07818
1.06246
1.04778
1.03452
1.02291
1.01393
1.00968
1.0121
1.02127
1.03485
1.04922
1.0614
1.0702
1.07605
1.07993
1.08252
1.08387
1.08363
1.08148
1.07744
1.0719
1.06569
1.05998
1.05613
1.05541
1.05852
1.06527
1.07452
1.08452
1.09357
1.10043
1.10445
1.10549
1.10362
1.09908
1.09254
1.08529
1.07925
1.07618
1.07689
1.08101
1.08759
1.0958
1.10508
1.11506
1.12502
1.13374
1.13947
1.14042
1.13539
1.12467
1.11058
1.09701
1.08778
1.08475
1.08723
1.0929
1.09922
1.10412
1.10636
1.10569
1.103
1.10009
1.09908
1.10145
1.10713
1.11445
1.12087
1.12413
1.12297
1.11713
1.10685
1.0925
1.07467
1.05448
1.0338
1.01491
0.999798
0.989369
0.983165
0.979627
0.976857
0.973335
0.968519
0.963047
0.958612
0.957384
0.961244
0.971061
0.986522
1.00637
1.02889
1.05214
1.07417
1.09326
1.10817
1.11835
1.12389
1.12516
1.12255
1.11637
1.10723
1.09634
1.08526
1.07517
1.06628
1.05785
1.04887
1.03887
1.02816
1.01781
1.0092
1.00366
1.00224
1.00556
1.01384
1.02678
1.04338
1.06186
1.07989
1.09514
1.1058
1.11099
1.11069
1.10541
1.09586
1.08278
1.06703
1.04995
1.03349
1.01992
1.0109
1.0067
1.00626
1.00811
1.01135
1.01611
1.02324
1.03374
1.04807
1.06569
1.08525
1.10512
1.12402
1.14135
1.15703
1.17114
1.18349
1.19359
1.20083
1.20486
1.20559
1.20305
1.19722
1.18798
1.17507
1.15814
1.13717
1.11322
1.08949
1.07149
1.06514
1.0732
1.0932
1.1192
1.14522
1.16739
1.1842
1.19591
1.20332
1.2067
1.20569
1.20008
1.19022
1.17693
1.16116
1.14411
1.12719
1.11178
1.09891
1.0889
1.08135
1.07535
1.06993
1.0645
1.05921
1.055
1.05326
1.05558
1.06336
1.07736
1.09722
1.12114
1.14608
1.16857
1.18577
1.19628
1.20035
1.19971
1.1968
1.19391
1.19224
1.19154
1.19016
1.1855
1.17492
1.15691
1.13218
1.10376
1.07609
1.05331
1.03804
1.03087
1.03069
1.03527
1.04207
1.04914
1.0555
1.06098
1.06585
1.07047
1.0752
1.08044
1.08659
1.09396
1.10265
1.11235
1.12233
1.13157
1.13897
1.14358
1.14478
1.14237
1.13674
1.12868
1.11931
1.10985
1.10137
1.09458
1.08984
1.08709
1.08603
1.08629
1.08753
1.08958
1.09249
1.09651
1.10177
1.1079
1.11391
1.1184
1.12009
1.11818
1.11251
1.10341
1.09157
1.0781
1.06437
1.05197
1.04251
1.03744
1.03792
1.04438
1.05606
1.07082
1.08556
1.09734
1.10445
1.10685
1.10566
1.10224
1.09784
1.09355
1.08972
1.08571
1.0803
1.07297
1.06465
1.05714
1.05175
1.04885
1.04899
1.05396
1.06534
1.08269
1.10366
1.12577
1.14727
1.16688
1.18355
1.19658
1.20555
1.2103
1.21084
1.20734
1.20025
1.19027
1.1783
1.16526
1.15197
1.13898
1.12647
1.11447
1.10314
1.09296
1.08469
1.07877
1.07485
1.07181
1.06865
1.0656
1.06436
1.06702
1.07441
1.08533
1.09736
1.10821
1.11677
1.12316
1.12841
1.13386
1.14051
1.14858
1.15739
1.16554
1.17148
1.17405
1.17294
1.16887
1.16355
1.15913
1.15747
1.15942
1.16451
1.17117
1.17737
1.18128
1.18161
1.17782
1.17029
1.16021
1.1493
1.13916
1.13039
1.12227
1.11352
1.1037
1.09387
1.08587
1.08103
1.07946
1.08032
1.0824
1.0846
1.08608
1.08612
1.08426
1.08021
1.074
1.06604
1.05718
1.04867
1.04196
1.03833
1.03852
1.0425
1.04956
1.05843
1.06762
1.07576
1.08188
1.08565
1.08748
1.08868
1.09121
1.09701
1.10696
1.12013
1.13415
1.14646
1.15551
1.16095
1.16324
1.16303
1.16075
1.15659
1.15068
1.14318
1.13419
1.12374
1.11198
1.09937
1.08696
1.07632
1.06916
1.06681
1.06974
1.07761
1.08945
1.10375
1.11847
1.13134
1.14036
1.14425
1.14262
1.13579
1.12462
1.11034
1.0946
1.07941
1.06692
1.05897
1.05647
1.05891
1.06449
1.07087
1.07633
1.08065
1.08497
1.09097
1.09965
1.11051
1.12142
1.12938
1.13163
1.12685
1.11597
1.10212
1.08957
1.08175
1.07982
1.08247
1.08713
1.09147
1.09399
1.09385
1.09035
1.08305
1.07231
1.05966
1.04761
1.03855
1.03376
1.03307
1.03536
1.03922
1.04335
1.04669
1.04866
1.04925
1.04893
1.04854
1.04894
1.05071
1.0538
1.05742
1.06052
1.06255
1.064
1.06633
1.07127
1.07998
1.09262
1.10839
1.12581
1.14301
1.15805
1.16926
1.17576
1.17761
1.17573
1.1715
1.16613
1.1602
1.15365
1.14613
1.13751
1.1282
1.11893
1.11035
1.10277
1.09616
1.09043
1.08586
1.08308
1.08283
1.08522
1.08932
1.09334
1.09543
1.09467
1.0916
1.08777
1.08472
1.08291
1.0816
1.07956
1.07599
1.07093
1.0652
1.0599
1.05586
1.05353
1.05316
1.05527
1.06057
1.06952
1.08181
1.09611
1.11047
1.12307
1.13287
1.13983
1.14467
1.14853
1.15262
1.15796
1.16503
1.17331
1.18109
1.18566
1.18421
1.17482
1.15739
1.13401
1.10847
1.08499
1.06669
1.05485
1.04936
1.04942
1.0538
1.06081
1.06892
1.07742
1.08629
1.09552
1.1045
1.11224
1.11795
1.12146
1.12316
1.12366
1.12348
1.12302
1.12274
1.12326
1.1251
1.12828
1.13215
1.13559
1.13768
1.13804
1.13682
1.13437
1.13084
1.12609
1.11984
1.11222
1.10419
1.0973
1.09286
1.0911
1.09122
1.0919
1.09156
1.08871
1.08254
1.07336
1.06237
1.05094
1.04007
1.03054
1.02299
1.01791
1.01552
1.01588
1.01911
1.02535
1.0346
1.04644
1.05991
1.07384
1.08737
1.10032
1.11294
1.12522
1.13646
1.14541
1.15094
1.15258
1.15059
1.14591
1.14022
1.13572
1.13422
1.13579
1.13866
1.14036
1.13919
1.1346
1.12676
1.11624
1.10394
1.09122
1.07961
1.07046
1.06464
1.06253
1.06408
1.06855
1.0743
1.07898
1.08009
1.07586
1.06585
1.05138
1.03578
1.0237
1.01906
1.02273
1.03239
1.04452
1.05637
1.06646
1.07423
1.07975
1.08362
1.08686
1.09071
1.09612
1.10333
1.11148
1.11873
1.12283
1.12204
1.11598
1.10626
1.09615
1.08948
1.08897
1.09516
1.10655
1.12066
1.13496
1.14746
1.15701
1.16324
1.16635
1.16676
1.16482
1.16067
1.15425
1.14552
1.1349
1.12356
1.1131
1.10481
1.09925
1.09672
1.09748
1.10147
1.10828
1.11727
1.12771
1.13862
1.14864
1.15613
1.1596
1.1581
1.15159
1.14102
1.12812
1.115
1.10355
1.09499
1.0897
1.0873
1.08702
1.08807
1.08987
1.09209
1.09474
1.09817
1.10297
1.10989
1.11941
1.13142
1.14507
1.15893
1.17147
1.18149
1.1883
1.19174
1.19203
1.18955
1.18461
1.17724
1.16739
1.15534
1.14236
1.13092
1.12394
1.12263
1.12508
1.12743
1.12648
1.12112
1.11196
1.10053
1.08855
1.07754
1.06865
1.06258
1.05965
1.05987
1.06288
1.06784
1.07356
1.0787
1.08218
1.08336
1.08208
1.07853
1.07308
1.06636
1.05926
1.05308
1.04925
1.04895
1.05254
1.05948
1.06859
1.07861
1.08872
1.09867
1.10872
1.11924
1.13049
1.14243
1.1547
1.16659
1.17692
1.18402
1.18593
1.18107
1.16934
1.15286
1.1353
1.11987
1.10777
1.09902
1.09388
1.0931
1.09699
1.10484
1.11507
1.12594
1.136
1.14438
1.15062
1.15451
1.15582
1.15437
1.15034
1.14444
1.13777
1.13118
1.12482
1.11791
1.10899
1.09648
1.07934
1.05802
1.03513
1.01542
1.00404
1.0039
1.01376
1.0291
1.04475
1.05718
1.06514
1.06936
1.07146
1.073
1.0747
1.07622
1.07659
1.07493
1.07099
1.06544
1.05956
1.05478
1.05207
1.05173
1.05317
1.05519
1.05639
1.05546
1.0515
1.04413
1.03366
1.02106
1.00807
0.9971
0.990902
0.991841
1.00099
1.01754
1.03884
1.06105
1.08012
1.0929
1.09784
1.09521
1.08647
1.07345
1.05788
1.04159
1.02702
1.01687
1.01353
1.01849
1.03205
1.05322
1.07985
1.10896
1.13741
1.16248
1.18225
1.19567
1.20242
1.20277
1.19746
1.18758
1.17454
1.15987
1.14504
1.13107
1.11819
1.10568
1.09205
1.07581
1.05682
1.03773
1.02406
1.02162
1.03264
1.05438
1.08135
1.10846
1.13259
1.15243
1.16769
1.17835
1.18441
1.18583
1.18257
1.17458
1.16192
1.14512
1.12562
1.10634
1.09109
1.08207
1.07793
1.07548
1.07294
1.0708
1.07049
1.07305
1.07871
1.08691
1.09656
1.1063
1.11488
1.12152
1.12621
1.12972
1.13344
1.13878
1.14657
1.15659
1.16754
1.17748
1.18458
1.18773
1.18695
1.18351
1.17947
1.17696
1.17717
1.17985
1.18347
1.18589
1.18532
1.18072
1.17191
1.15935
1.14376
1.12597
1.10677
1.08711
1.06803
1.05052
1.03541
1.02341
1.01525
1.01137
1.01144
1.01418
1.01797
1.02165
1.0249
1.02827
1.03296
1.04036
1.05157
1.06678
1.085
1.10417
1.12194
1.13626
1.14587
1.15037
1.15013
1.14604
1.13931
1.13121
1.12286
1.11518
1.10863
1.10313
1.09801
1.09208
1.08409
1.07331
1.05999
1.04548
1.03197
1.02175
1.01667
1.01764
1.0247
1.03746
1.0552
1.07649
1.09849
1.11732
1.12948
1.13315
1.12859
1.11785
1.10428
1.09189
1.08436
1.08374
1.08936
1.09812
1.10612
1.11069
1.11138
1.10948
1.10689
1.1049
1.10406
1.10471
1.10746
1.11292
1.12119
1.13152
1.14253
1.15283
1.16145
1.16814
1.17331
1.17774
1.18219
1.18708
1.19228
1.19706
1.20017
1.19988
1.19448
1.18339
1.16821
1.15241
1.13876
1.12679
1.11348
1.09631
1.07514
1.05206
1.02995
1.01111
0.996661
0.98692
0.982415
0.984391
0.994238
1.01226
1.03691
1.06499
1.09255
1.11594
1.13246
1.1409
1.14171
1.13694
1.12998
1.12489
1.12535
1.13338
1.14837
1.16723
1.18576
1.20028
1.20883
1.21147
1.20969
1.2051
1.19861
1.19061
1.1816
1.17241
1.16411
1.15782
1.15457
1.15493
1.15875
1.16521
1.17309
1.1812
1.18843
1.19369
1.19585
1.19397
1.18742
1.17608
1.16052
1.14217
1.12329
1.10652
1.09397
1.08647
1.08369
1.08483
1.08912
1.09588
1.10456
1.11461
1.12517
1.13477
1.14152
1.1437
1.14045
1.1321
1.12005
1.10627
1.09269
1.08069
1.071
1.06384
1.05917
1.05705
1.05774
1.06177
1.06986
1.08243
1.09911
1.1183
1.13748
1.15393
1.16549
1.17099
1.17005
1.16282
1.14987
1.13222
1.11165
1.09063
1.07191
1.05765
1.04875
1.04481
1.04469
1.04717
1.0513
1.05636
1.06171
1.06665
1.0704
1.07228
1.07185
1.06916
1.06479
1.05975
1.0552
1.0519
1.04988
1.04844
1.04662
1.04363
1.03896
1.03251
1.02464
1.01629
1.00893
1.00426
1.00376
1.00821
1.01741
1.03038
1.04593
1.06305
1.08106
1.0994
1.11731
1.13364
1.14701
1.15622
1.16079
1.16113
1.15842
1.15399
1.14883
1.14322
1.13681
1.12903
1.11957
1.10868
1.09711
1.08598
1.07667
1.07069
1.06904
1.0715
1.07671
1.08269
1.08754
1.08969
1.08809
1.08263
1.07453
1.06624
1.06075
1.0601
1.0643
1.07139
1.07863
1.08382
1.08618
1.08638
1.08605
1.08692
1.08986
1.09437
1.09888
1.10203
1.10401
1.107
1.11369
1.12479
1.13808
1.15002
1.15816
1.16217
1.16338
1.16371
1.16483
1.16763
1.1721
1.17749
1.18263
1.18628
1.18731
1.18493
1.17873
1.16855
1.15437
1.13624
1.11463
1.09132
1.07052
1.05837
1.05941
1.07249
1.09133
1.10905
1.12152
1.12753
1.12778
1.12379
1.1172
1.10943
1.10164
1.09465
1.08898
1.08483
1.08231
1.08151
1.08244
1.08479
1.08782
1.09054
1.09202
1.09173
1.08986
1.08727
1.08527
1.08497
1.08668
1.08979
1.09315
1.0958
1.09739
1.09826
1.09909
1.10052
1.10293
1.10636
1.11051
1.11467
1.11772
1.11817
1.11459
1.10644
1.09489
1.08287
1.07427
1.073
1.08182
1.10066
1.12618
1.1534
1.17793
1.19713
1.21009
1.21714
1.21934
1.21782
1.21351
1.20701
1.19879
1.18941
1.17963
1.17015
1.16153
1.15419
1.14841
1.14406
1.14033
1.13564
1.12801
1.1157
1.09801
1.07588
1.05206
1.03046
1.01499
1.00833
1.01141
1.02361
1.04317
1.06753
1.09356
1.11803
1.138
1.15129
1.15673
1.15423
1.14483
1.13066
1.1146
1.09985
1.08927
1.08444
1.08505
1.08889
1.09293
1.09483
1.09381
1.09059
1.08675
1.0839
1.08307
1.08443
1.08725
1.09014
1.09167
1.09097
1.08802
1.08366
1.07924
1.07626
1.07604
1.07954
1.08722
1.09889
1.11359
1.12978
1.14564
1.15933
1.16903
1.1732
1.17071
1.16132
1.14587
1.12649
1.10617
1.08805
1.07449
1.06639
1.06327
1.06381
1.06658
1.07029
1.07383
1.07633
1.0772
1.07639
1.07449
1.07259
1.07192
1.07319
1.07642
1.08113
1.08676
1.09322
1.10088
1.11013
1.12077
1.13188
1.14235
1.1513
1.15837
1.1635
1.16665
1.16768
1.16652
1.16356
1.16017
1.15873
1.16171
1.1702
1.18297
1.1973
1.21033
1.22005
1.22557
1.22702
1.22524
1.22144
1.21692
1.21297
1.21069
1.21061
1.21248
1.21543
1.21833
1.22009
1.21988
1.21715
1.21158
1.20299
1.19132
1.17686
1.1607
1.14499
1.13233
1.12445
1.12113
1.12018
1.11887
1.11526
1.10895
1.10072
1.09178
1.08294
1.07426
1.06537
1.05606
1.04676
1.03863
1.03333
1.03253
1.03725
1.04737
1.06155
1.07752
1.09275
1.10515
1.1136
1.11802
1.11904
1.11763
1.11478
1.11142
1.10848
1.10689
1.10744
1.11041
1.11517
1.12023
1.12372
1.12417
1.12133
1.11657
1.11255
1.11211
1.1167
1.12572
1.13696
1.14772
1.15583
1.15992
1.15952
1.15498
1.14741
1.13848
1.13005
1.12371
1.12036
1.12008
1.12225
1.12595
1.13033
1.13456
1.13769
1.13865
1.13655
1.13104
1.12243
1.11149
1.09912
1.08611
1.0732
1.06103
1.05012
1.04074
1.03294
1.02663
1.02165
1.0179
1.01544
1.01476
1.01665
1.02145
1.02813
1.03421
1.0367
1.03329
1.02359
1.01021
0.998548
0.994545
1.00109
1.01644
1.03614
1.05582
1.0727
1.08568
1.09473
1.10044
1.10358
1.10496
1.10533
1.10536
1.10563
1.10661
1.10865
1.11188
1.11616
1.12099
1.12549
1.12853
1.12881
1.12519
1.11714
1.10522
1.09123
1.07773
1.06714
1.0609
1.05909
1.06081
1.06501
1.07121
1.07966
1.09078
1.10446
1.1195
1.13399
1.1459
1.15368
1.15647
1.15426
1.14789
1.13895
1.12952
1.12169
1.11682
1.11508
1.11543
1.1161
1.1153
1.11186
1.10575
1.09813
1.09084
1.08532
1.08176
1.07934
1.07688
1.07346
1.06855
1.06194
1.05384
1.04502
1.03677
1.03069
1.02816
1.02995
1.03602
1.04562
1.05752
1.07032
1.0827
1.09345
1.10155
1.10625
1.10708
1.1039
1.097
1.08704
1.07507
1.06249
1.05085
1.04156
1.03553
1.03293
1.03315
1.03485
1.03633
1.0358
1.03177
1.02344
1.01098
0.995697
0.979969
0.966978
0.960173
0.962329
0.974465
0.995271
1.02164
1.0499
1.07696
1.1008
1.12035
1.13534
1.14598
1.15275
1.15647
1.15808
1.15839
1.15767
1.15552
1.15133
1.14485
1.13662
1.12785
1.11991
1.11386
1.11002
1.10802
1.10703
1.10617
1.10484
1.10295
1.10085
1.09909
1.09825
1.09869
1.10057
1.10382
1.10818
1.11312
1.11789
1.1215
1.12297
1.12151
1.11663
1.10827
1.09703
1.08426
1.07186
1.06182
1.05574
1.05443
1.0577
1.06451
1.07347
1.08313
1.09218
1.09937
1.10352
1.10354
1.09868
1.08897
1.07583
1.06241
1.05268
1.04942
1.05261
1.05991
1.06844
1.07601
1.08131
1.08375
1.08333
1.08058
1.07641
1.0717
1.06695
1.0627
1.0604
1.06257
1.071
1.08442
1.09854
1.10843
1.11106
1.10632
1.09705
1.08804
1.08431
1.08924
1.10367
1.12628
1.15427
1.18364
1.20965
1.22766
1.23449
1.22898
1.21213
1.18698
1.15828
1.13153
1.11122
1.09909
1.09391
1.09316
1.09461
1.0969
1.09928
1.10142
1.10348
1.10625
1.11103
1.119
1.13034
1.14364
1.15622
1.1652
1.1688
1.16688
1.16082
1.1526
1.1438
1.13521
1.127
1.11921
1.11203
1.10574
1.10043
1.09592
1.0918
1.08763
1.08317
1.07849
1.07401
1.07031
1.06788
1.06712
1.06824
1.07128
1.07623
1.08306
1.09174
1.1023
1.1146
1.12814
1.14187
1.15429
1.16372
1.1687
1.16828
1.16218
1.15077
1.13511
1.11684
1.09812
1.08127
1.06812
1.05952
1.0558
1.05729
1.06435
1.07682
1.0937
1.11314
1.13277
1.15009
1.16278
1.16912
1.16829
1.16075
1.14821
1.13324
1.11851
1.10614
1.09768
1.09413
1.09564
1.10111
1.10838
1.11515
1.1202
1.1237
1.12637
1.12833
1.12893
1.12735
1.12319
1.1163
1.10654
1.09392
1.0791
1.06363
1.0499
1.04045
1.0371
1.04055
1.05046
1.06584
1.08526
1.10692
1.12883
1.14905
1.16587
1.17803
1.18482
1.18623
1.18299
1.17656
1.1688
1.16174
1.15712
1.15556
1.156
1.15601
1.15313
1.14607
1.13507
1.12162
1.10769
1.09475
1.0833
1.07341
1.0657
1.06153
1.06165
1.06483
1.06871
1.0716
1.07327
1.07425
1.07501
1.07573
1.07647
1.07739
1.07862
1.08013
1.08163
1.08276
1.08336
1.0834
1.08295
1.08192
1.08006
1.07694
1.07219
1.06561
1.05739
1.04819
1.03928
1.03237
1.02925
1.03098
1.03724
1.04623
1.05546
1.06272
1.06672
1.06738
1.06582
1.06391
1.06332
1.06447
1.06597
1.06545
1.06101
1.05253
1.04175
1.03136
1.02363
1.01965
1.01956
1.02313
1.03017
1.04029
1.05272
1.06625
1.07961
1.09192
1.10292
1.11303
1.12294
1.13311
1.14328
1.15234
1.15849
1.15997
1.15586
1.14691
1.13599
1.12717
1.12351
1.12521
1.13014
1.13543
1.13875
1.13869
1.1348
1.12751
1.11793
1.10759
1.09817
1.09093
1.08625
1.08328
1.08043
1.07625
1.07045
1.06398
1.05853
1.05569
1.05637
1.06073
1.06825
1.07811
1.08949
1.10178
1.11447
1.12696
1.13841
1.14774
1.15382
1.15588
1.15377
1.14822
1.14085
1.1341
1.13058
1.13218
1.13942
1.15135
1.16622
1.18204
1.19694
1.20934
1.21797
1.22188
1.22068
1.21481
1.20565
1.19538
1.18641
1.18055
1.17849
1.17967
1.18278
1.18628
1.18873
1.18915
1.18745
1.18471
1.18259
1.1819
1.18157
1.17957
1.17464
1.16729
1.1595
1.15376
1.15201
1.15497
1.1619
1.17099
1.17997
1.18677
1.18992
1.18855
1.18242
1.17185
1.15778
1.14175
1.12575
1.11197
1.10226
1.09761
1.09769
1.10096
1.10523
1.10858
1.10991
1.10914
1.10683
1.10368
1.10022
1.09687
1.09422
1.09282
1.09282
1.09353
1.09353
1.09125
1.0857
1.07707
1.06706
1.05864
1.05462
1.05581
1.06039
1.06513
1.06727
1.06552
1.06009
1.05233
1.04412
1.0369
1.03094
1.02517
1.01784
1.00757
0.994096
0.978407
0.962368
0.948093
0.937445
0.93172
0.931669
0.937665
0.949659
0.967037
0.988477
1.01211
1.03587
1.05792
1.07691
1.0921
1.10327
1.11051
1.11408
1.11421
1.1112
1.10554
1.09821
1.0909
1.08567
1.08418
1.08675
1.09224
1.09861
1.10394
1.10702
1.1075
1.10544
1.10109
1.09498
1.08818
1.08239
1.07953
1.08081
1.08555
1.0909
1.09284
1.08791
1.07477
1.05602
1.03898
1.03174
1.03525
1.04243
1.04617
1.04433
1.03853
1.03136
1.02456
1.01863
1.01314
1.0075
1.00165
0.99616
0.991999
0.990234
0.991905
0.997973
1.00889
1.02382
1.0403
1.05489
1.0644
1.06697
1.06245
1.05222
1.03874
1.02502
1.01371
1.00597
1.00094
0.99655
0.991206
0.98509
0.980253
0.979544
0.98502
0.996863
1.01358
1.03286
1.05242
1.07035
1.08541
1.09718
1.10623
1.11405
1.12252
1.13283
1.14464
1.15634
1.16618
1.17317
1.17714
1.1783
1.17684
1.17321
1.16817
1.16284
1.15821
1.15486
1.15304
1.15298
1.15476
1.15785
1.16066
1.16099
1.15685
1.1472
1.13244
1.11478
1.09845
1.08889
1.09047
1.10381
1.12516
1.14839
1.16751
1.17833
1.17908
1.17051
1.15557
1.13857
1.12412
1.11579
1.11487
1.11948
1.12525
1.12751
1.1236
1.11383
1.10093
1.08848
1.07941
1.07516
1.0755
1.07905
1.08385
1.08796
1.08989
1.08884
1.08486
1.07874
1.07182
1.06572
1.06198
1.06195
1.0665
1.07575
1.08893
1.10448
1.12062
1.13588
1.1494
1.16082
1.1701
1.17717
1.18173
1.18318
1.18084
1.17442
1.16442
1.15183
1.13737
1.12078
1.10157
1.08016
1.05861
1.04015
1.0278
1.02308
1.02562
1.03371
1.0451
1.05763
1.06956
1.07975
1.08774
1.0935
1.09731
1.09952
1.1005
1.10067
1.10057
1.10086
1.10217
1.10497
1.10941
1.11527
1.1222
1.12988
1.13815
1.14688
1.15584
1.16464
1.1726
1.17888
1.18264
1.1832
1.18011
1.17329
1.16298
1.14977
1.13449
1.11791
1.10042
1.08198
1.06263
1.04325
1.02587
1.01313
1.00691
1.00752
1.0138
1.0241
1.03696
1.05129
1.06607
1.08028
1.0928
1.10264
1.10899
1.11139
1.11007
1.10615
1.10161
1.0989
1.10011
1.10593
1.1153
1.12586
1.13495
1.14029
1.1404
1.13468
1.12366
1.10929
1.09498
1.08495
1.08266
1.08936
1.10368
1.12237
1.14163
1.15802
1.16901
1.17322
1.17061
1.16252
1.1513
1.13979
1.13054
1.12524
1.1244
1.1275
1.13319
1.13956
1.14436
1.14529
1.14027
1.12807
1.10878
1.08433
1.05851
1.03628
1.02255
1.02055
1.03062
1.05027
1.0753
1.10147
1.12563
1.14612
1.16243
1.17457
1.18265
1.18674
1.18689
1.18322
1.17599
1.16573
1.15321
1.13926
1.12442
1.10894
1.09306
1.07733
1.06264
1.05004
1.04047
1.03457
1.03247
1.03356
1.03659
1.04031
1.04408
1.04815
1.05338
1.06056
1.06988
1.08068
1.0916
1.10098
1.10738
1.10998
1.10871
1.1041
1.09712
1.08895
1.08073
1.07335
1.06733
1.06283
1.05965
1.05751
1.05619
1.05564
1.05602
1.05754
1.06034
1.06442
1.06967
1.07584
1.08257
1.08935
1.09558
1.10068
1.10415
1.10574
1.10537
1.10315
1.09933
1.0943
1.08842
1.08199
1.07519
1.06809
1.06065
1.05269
1.04396
1.03425
1.02353
1.01201
1.00029
0.989468
0.981004
0.976434
0.976946
0.982976
0.994033
1.00856
1.02394
1.03709
1.04517
1.04649
1.04093
1.0299
1.01572
1.00074
0.986776
0.975235
0.967754
0.966404
0.973133
0.988543
1.01122
1.03815
1.06593
1.09187
1.11431
1.13255
1.14643
1.15613
1.16217
1.16533
1.16638
1.16559
1.16254
1.15637
1.14635
1.13222
1.11439
1.09386
1.07203
1.05047
1.03058
1.01345
0.999927
0.9908
0.987187
0.990736
1.00285
1.0231
1.04865
1.07573
1.10141
1.12395
1.14228
1.15566
1.16387
1.16741
1.16773
1.16684
1.16658
1.16793
1.17054
1.1729
1.17299
1.16907
1.16026
1.14676
1.12983
1.11144
1.09365
1.07826
1.0668
1.06044
1.05982
1.06438
1.07233
1.08142
1.09001
1.09759
1.10435
1.11065
1.11657
1.12177
1.12542
1.1263
1.12328
1.11594
1.10512
1.09313
1.08339
1.07929
1.0827
1.09294
1.10722
1.12229
1.13614
1.14841
1.15967
1.17008
1.17869
1.18406
1.18508
1.18154
1.17396
1.16311
1.14975
1.13445
1.11772
1.10021
1.0829
1.06719
1.05471
1.04697
1.04487
1.04819
1.05559
1.06502
1.07472
1.08389
1.0929
1.10279
1.11464
1.12883
1.14455
1.15978
1.17191
1.17858
1.17851
1.17182
1.15976
1.14421
1.12715
1.1103
1.09506
1.0827
1.07426
1.07047
1.07149
1.07686
1.08574
1.09714
1.10995
1.12289
1.13437
1.1427
1.14651
1.14507
1.1385
1.12765
1.11388
1.09872
1.08355
1.06947
1.05777
1.05083
1.05227
1.06455
1.08596
1.11123
1.13519
1.15495
1.16944
1.1784
1.18166
1.17921
1.17137
1.15893
1.14312
1.1254
1.1074
1.09061
1.07627
1.06544
1.05935
1.05888
1.06311
1.06902
1.07332
1.07448
1.07319
1.07186
1.07385
1.08153
1.09367
1.10576
1.11376
1.11694
1.11757
1.11886
1.12293
1.12987
1.13803
1.14509
1.14913
1.14926
1.14554
1.13868
1.12981
1.12041
1.11202
1.10573
1.10161
1.09857
1.09475
1.08827
1.07789
1.06349
1.04611
1.02778
1.01116
0.998857
0.992877
0.994043
1.00167
1.01362
1.02695
1.03867
1.04652
1.0494
1.04751
1.04214
1.03535
1.02952
1.02685
1.02891
1.03622
1.04821
1.06332
1.07944
1.09432
1.10595
1.11276
1.11378
1.10883
1.09868
1.08519
1.07127
1.06036
1.05561
1.05881
1.06966
1.08572
1.10325
1.11855
1.12895
1.1333
1.13179
1.12553
1.11616
1.10566
1.09623
1.09019
1.08963
1.09561
1.10741
1.12254
1.13784
1.15072
1.15992
1.16571
1.16971
1.17434
1.18164
1.19186
1.20281
1.2106
1.21139
1.20286
1.18477
1.15911
1.12978
1.10217
1.08189
1.07298
1.07629
1.08924
1.10726
1.12587
1.1422
1.1551
1.16446
1.17043
1.17288
1.17156
1.16643
1.15811
1.1477
1.1365
1.12564
1.11608
1.10864
1.10388
1.10194
1.10231
1.10394
1.10537
1.10498
1.1015
1.09451
1.08474
1.07411
1.06518
1.06036
1.06156
1.07035
1.08781
1.11349
1.14461
1.1766
1.20476
1.22576
1.23834
1.24297
1.24109
1.2342
1.22357
1.21039
1.19599
1.18173
1.16877
1.15775
1.14878
1.14158
1.13557
1.13006
1.1241
1.11637
1.10543
1.0903
1.07104
1.04908
1.02713
1.00869
0.996874
0.993339
0.998015
1.00984
1.0273
1.04828
1.07005
1.08974
1.10512
1.11509
1.11972
1.11995
1.11717
1.11284
1.10802
1.10326
1.09883
1.09507
1.09267
1.09244
1.09491
1.09982
1.10594
1.1113
1.11403
1.11296
1.10813
1.10073
1.09282
1.08667
1.08396
1.08533
1.09023
1.09718
1.10438
1.11028
1.11406
1.11572
1.11581
1.11499
1.11377
1.11245
1.11117
1.11009
1.10931
1.10884
1.10848
1.1078
1.10608
1.10235
1.09566
1.08574
1.07347
1.06086
1.05058
1.04495
1.04527
1.05155
1.06268
1.07718
1.09383
1.11184
1.13055
1.14889
1.16528
1.17801
1.18576
1.18796
1.18488
1.17747
1.167
1.15486
1.14262
1.13183
1.12347
1.11745
1.11294
1.10899
1.10506
1.10088
1.0959
1.08908
1.07926
1.06592
1.04963
1.03193
1.01467
0.999257
0.986285
0.975668
0.967064
0.960371
0.955924
0.954358
0.956262
0.961856
0.970571
0.98084
0.9903
0.996519
0.997795
0.993672
0.985344
0.975923
0.970027
0.972311
0.985305
1.00796
1.03608
1.06397
1.08634
1.09956
1.10217
1.09483
1.08017
1.06233
1.04601
1.03456
1.02839
1.02578
1.02533
1.02731
1.03284
1.04223
1.05395
1.06504
1.07253
1.07443
1.06998
1.05949
1.04514
1.03198
1.02704
1.03476
1.05302
1.07492
1.09385
1.10602
1.11044
1.1081
1.10126
1.09269
1.0849
1.07964
1.07797
1.08061
1.08797
1.09979
1.11474
1.13056
1.14468
1.15488
1.15968
1.15866
1.15262
1.14321
1.13238
1.12174
1.11243
1.1055
1.10209
1.10319
1.10916
1.11962
1.13361
1.14987
1.16692
1.18316
1.19714
1.20788
1.21515
1.21948
1.22182
1.22299
1.22318
1.22201
1.21887
1.21338
1.20562
1.19607
1.18562
1.17528
1.16608
1.15878
1.1537
1.15056
1.14851
1.14634
1.14292
1.1376
1.13028
1.12142
1.11178
1.10205
1.09257
1.08326
1.07388
1.06447
1.05569
1.04875
1.04476
1.04389
1.04497
1.04597
1.04538
1.04327
1.04149
1.04285
1.04951
1.06207
1.07964
1.10058
1.12303
1.14513
1.1651
1.18158
1.1938
1.20165
1.20538
1.20494
1.19994
1.19007
1.17554
1.1569
1.13486
1.11043
1.08543
1.06255
1.04449
1.03288
1.02808
1.02966
1.03668
1.04763
1.06052
1.07332
1.08468
1.09426
1.10258
1.11033
1.11779
1.12457
1.12983
1.13268
1.13269
1.13023
1.12668
1.12408
1.12425
1.12758
1.13245
1.13603
1.13596
1.13152
1.12379
1.11465
1.1058
1.09827
1.09248
1.08862
1.08688
1.08729
1.08949
1.09289
1.09708
1.102
1.10764
1.11371
1.11951
1.12417
1.12707
1.12796
1.12702
1.12456
1.12089
1.11612
1.11027
1.10335
1.09551
1.08709
1.07853
1.07017
1.0621
1.0542
1.04629
1.03837
1.03094
1.02492
1.02156
1.02204
1.0272
1.03712
1.05106
1.06749
1.08463
1.10093
1.11536
1.12757
1.13776
1.14645
1.15415
1.161
1.16668
1.17044
1.17138
1.16876
1.16229
1.15216
1.13895
1.12333
1.10586
1.08719
1.0683
1.05054
1.0352
1.02325
1.01536
1.01192
1.01278
1.01699
1.02275
1.02798
1.03116
1.03208
1.03196
1.03271
1.03576
1.04151
1.04956
1.05945
1.07092
1.08356
1.09613
1.10682
1.11416
1.11764
1.11749
1.11412
1.10795
1.09954
1.08991
1.08069
1.07406
1.07191
1.07469
1.08099
1.08832
1.09465
1.09903
1.1013
1.10152
1.0997
1.09579
1.08998
1.08276
1.07493
1.06736
1.06085
1.05609
1.05371
1.05429
1.05809
1.06484
1.07371
1.08326
1.09162
1.09682
1.09751
1.09356
1.08624
1.07803
1.07171
1.06931
1.07123
1.07628
1.08233
1.08731
1.08988
1.08994
1.08882
1.08907
1.09329
1.10209
1.11303
1.12179
1.12467
1.12017
1.1091
1.0938
1.07705
1.06118
1.04775
1.03789
1.03271
1.03336
1.04061
1.05438
1.07358
1.09618
1.1195
1.14073
1.15732
1.16744
1.1702
1.16585
1.15575
1.14209
1.12756
1.11483
1.1059
1.10129
1.09973
1.09882
1.09642
1.09149
1.08419
1.07545
1.06664
1.05915
1.05414
1.05219
1.05317
1.05639
1.06092
1.06572
1.0698
1.07236
1.07298
1.0716
1.0684
1.06375
1.05835
1.05329
1.0497
1.04868
1.05158
1.05999
1.0748
1.09544
1.11984
1.14481
1.16693
1.18382
1.19525
1.20298
1.20906
1.21395
1.21609
1.21313
1.20335
1.18654
1.16463
1.14177
1.12285
1.1107
1.1045
1.10106
1.09691
1.0895
1.07769
1.06187
1.04386
1.02644
1.01251
1.00427
1.0028
1.00802
1.01899
1.03435
1.05247
1.07159
1.08963
1.10431
1.11339
1.11522
1.10906
1.09525
1.07519
1.05119
1.02664
1.00588
0.993033
0.989992
0.995025
1.00379
1.0117
1.01563
1.01431
1.00798
0.997996
0.986355
0.975352
0.967224
0.963759
0.965968
0.973779
0.986082
1.00128
1.01802
1.03579
1.05474
1.07517
1.09686
1.11872
1.1391
1.1563
1.16912
1.177
1.17986
1.17774
1.17077
1.15922
1.14389
1.12622
1.10828
1.09228
1.07987
1.07168
1.06711
1.0648
1.06317
1.06101
1.05771
1.05333
1.04841
1.04385
1.04081
1.04059
1.04429
1.05249
1.0648
1.07981
1.09543
1.10954
1.12046
1.12726
1.1297
1.12808
1.12303
1.11539
1.10616
1.09658
1.0879
1.08115
1.07688
1.07486
1.07404
1.07278
1.06941
1.06301
1.0539
1.04353
1.03382
1.02667
1.02359
1.02544
1.03185
1.04087
1.0499
1.05716
1.06272
1.06829
1.07581
1.08584
1.0972
1.10796
1.11665
1.12268
1.12604
1.12685
1.12538
1.12231
1.11884
1.11651
1.11661
1.11965
1.12542
1.13384
1.14537
1.1602
1.17682
1.19202
1.20234
1.20572
1.20203
1.19294
1.1811
1.16937
1.15995
1.15391
1.15104
1.15013
1.14932
1.14652
1.13976
1.12751
1.1092
1.08627
1.06321
1.04675
1.04156
1.04611
1.05534
1.06697
1.08271
1.10361
1.1266
1.14661
1.16013
1.1662
1.16579
1.16104
1.15465
1.14912
1.14588
1.14456
1.14324
1.13944
1.1313
1.11818
1.10082
1.08086
1.06025
1.04063
1.02306
1.00798
0.995455
0.985335
0.977579
0.972452
0.970479
0.972193
0.977705
0.986442
0.997242
1.00869
1.01946
1.02864
1.03606
1.04241
1.04888
1.05623
1.06397
1.07058
1.07451
1.07494
1.07207
1.06698
1.06158
1.05794
1.05748
1.06019
1.06471
1.06919
1.07203
1.07237
1.07038
1.06722
1.06469
1.06434
1.06674
1.07128
1.0768
1.08245
1.08792
1.09325
1.09833
1.10259
1.10513
1.1052
1.10257
1.09763
1.0913
1.08478
1.0792
1.07549
1.07432
1.07607
1.08073
1.08804
1.09761
1.10898
1.12171
1.1353
1.14894
1.16147
1.17154
1.178
1.18034
1.17879
1.17434
1.16831
1.16208
1.15675
1.15276
1.14971
1.14644
1.14148
1.13389
1.12393
1.11322
1.10412
1.09874
1.0982
1.10229
1.10979
1.11887
1.1275
1.1337
1.13582
1.13277
1.12437
1.11145
1.09587
1.08007
1.06638
1.05623
1.04963
1.04521
1.04093
1.03531
1.0284
1.02212
1.01952
1.02343
1.03512
1.05366
1.07657
1.10085
1.1238
1.1434
1.15846
1.16851
1.17376
1.17481
1.17248
1.16753
1.1605
1.15171
1.14145
1.13014
1.11843
1.10707
1.09688
1.08883
1.08427
1.08463
1.09059
1.1012
1.1142
1.12711
1.13825
1.1471
1.15413
1.16036
1.16676
1.17367
1.18056
1.18625
1.18967
1.19047
1.18926
1.18719
1.18505
1.18276
1.17954
1.17449
1.16701
1.15713
1.14545
1.13307
1.12137
1.1119
1.10613
1.105
1.10795
1.11271
1.11618
1.11588
1.11079
1.1017
1.09087
1.08126
1.07536
1.0744
1.07811
1.08507
1.09322
1.10033
1.10431
1.10336
1.09626
1.08267
1.06364
1.04164
1.01995
1.00147
0.987764
0.979137
0.975486
0.976755
0.98276
0.992807
1.0056
1.0194
1.03238
1.04302
1.05041
1.0545
1.05604
1.05637
1.05681
1.05817
1.06019
1.06178
1.06143
1.05784
1.05042
1.03967
1.02769
1.01839
1.01637
1.02416
1.04028
1.06039
1.08025
1.09738
1.11076
1.12015
1.12551
1.12663
1.12301
1.1142
1.10086
1.08573
1.0735
1.06824
1.07041
1.07681
1.08366
1.08899
1.09261
1.09479
1.09551
1.09492
1.09419
1.09516
1.09873
1.10384
1.10835
1.11079
1.1112
1.11071
1.11065
1.11184
1.11414
1.11639
1.11684
1.11397
1.10731
1.09796
1.08837
1.08157
1.07992
1.08412
1.09285
1.10325
1.11223
1.1176
1.11862
1.11602
1.11168
1.1083
1.10863
1.11424
1.12426
1.13565
1.14466
1.14856
1.14638
1.13904
1.12863
1.11734
1.10643
1.09587
1.0849
1.07307
1.06132
1.05254
1.0507
1.05808
1.07272
1.08931
1.10246
1.1089
1.10798
1.10146
1.09317
1.08805
1.09005
1.10026
1.11674
1.13594
1.15442
1.16963
1.17998
1.18469
1.18352
1.17675
1.16506
1.1494
1.1309
1.11077
1.09014
1.07014
1.05185
1.03647
1.02538
1.02013
1.0218
1.03038
1.04436
1.06116
1.07819
1.09355
1.10633
1.11636
1.12388
1.1293
1.13319
1.13621
1.13891
1.14152
1.14382
1.14532
1.14558
1.14449
1.14248
1.14036
1.13888
1.13833
1.13834
1.13809
1.13676
1.13381
1.12911
1.12269
1.11449
1.10433
1.09237
1.07994
1.07001
1.06595
1.06877
1.07589
1.08338
1.08866
1.09103
1.09054
1.0868
1.07884
1.06578
1.04785
1.02718
1.00768
0.994062
0.989924
0.996214
1.01099
1.03076
1.05234
1.07392
1.09479
1.11471
1.13325
1.14963
1.16278
1.1713
1.17333
1.1668
1.15022
1.12419
1.09314
1.06492
1.04658
1.03982
1.04152
1.04765
1.05529
1.06245
1.0678
1.07099
1.07271
1.07431
1.07682
1.08044
1.08437
1.08745
1.08886
1.08856
1.08713
1.08526
1.08339
1.08186
1.08121
1.08218
1.08545
1.09116
1.0987
1.10682
1.11418
1.11998
1.1243
1.12781
1.13119
1.13457
1.13734
1.13834
1.13626
1.13004
1.11916
1.10384
1.08533
1.06587
1.04829
1.03527
1.02855
1.02835
1.03334
1.04132
1.05039
1.05991
1.07044
1.08248
1.09518
1.10638
1.11374
1.1159
1.11294
1.10628
1.09835
1.092
1.08968
1.09271
1.10072
1.11192
1.12384
1.13416
1.14121
1.14412
1.14275
1.13762
1.12974
1.12049
1.11143
1.10388
1.09864
1.09591
1.09536
1.09636
1.0983
1.1005
1.10219
1.10242
1.1003
1.09542
1.08839
1.08083
1.0748
1.07169
1.07159
1.07357
1.07627
1.07851
1.07956
1.07904
1.07684
1.07297
1.06753
1.06086
1.05351
1.04622
1.03973
1.03468
1.03171
1.0317
1.03575
1.04491
1.05942
1.07813
1.09879
1.11891
1.13659
1.15095
1.16193
1.16994
1.17558
1.17948
1.1823
1.18474
1.18738
1.19041
1.19338
1.19535
1.19545
1.19338
1.18953
1.18469
1.17962
1.17475
1.16983
1.16387
1.15541
1.14328
1.12705
1.10726
1.08565
1.06518
1.04961
1.04194
1.04274
1.04997
1.06049
1.07183
1.08276
1.09301
1.10299
1.11335
1.12459
1.13664
1.14872
1.15962
1.16816
1.17341
1.17489
1.17272
1.16769
1.16105
1.15411
1.14786
1.14304
1.14063
1.14186
1.14763
1.15772
1.17055
1.18368
1.19448
1.20057
1.2001
1.19244
1.17896
1.1637
1.15223
1.14858
1.15228
1.15898
1.16389
1.16413
1.15889
1.14875
1.135
1.11921
1.1029
1.08734
1.07358
1.06256
1.05513
1.05195
1.05312
1.0579
1.06494
1.07309
1.08193
1.09191
1.10384
1.11812
1.13418
1.15048
1.16498
1.17577
1.18145
1.18137
1.17542
1.16388
1.14731
1.1268
1.10436
1.08295
1.06585
1.05542
1.05223
1.05548
1.06392
1.07615
1.09042
1.10447
1.1162
1.1244
1.12937
1.13253
1.1356
1.13961
1.14455
1.14956
1.15348
1.15519
1.15376
1.14839
1.13847
1.1237
1.1043
1.08131
1.05673
1.03343
1.01449
1.00227
0.9975
0.999072
1.00458
1.01141
1.01762
1.02244
1.02613
1.02957
1.03379
1.03998
1.04915
1.06154
1.07599
1.09011
1.10109
1.10644
1.10452
1.09458
1.07687
1.05267
1.02436
0.995609
0.971691
0.958846
0.961735
0.98029
1.00957
1.04294
1.07521
1.10352
1.12678
1.14499
1.15843
1.16736
1.17196
1.17245
1.16924
1.16293
1.15435
1.14455
1.13473
1.12609
1.11957
1.11551
