1.65
1.66505
1.67646
1.68341
1.68714
1.68912
1.69044
1.69185
1.69407
1.69753
1.70198
1.70628
1.70882
1.70828
1.70426
1.69742
1.68921
1.68115
1.67442
1.66952
1.6662
1.6635
1.66027
1.65559
1.64933
1.64223
1.63543
1.62987
1.6256
1.62159
1.61612
1.60787
1.59705
1.58594
1.57826
1.57775
1.58658
1.60439
1.62848
1.65476
1.67924
1.69894
1.71215
1.71826
1.71766
1.71189
1.70318
1.69326
1.68245
1.66998
1.65522
1.63819
1.61924
1.59858
1.57651
1.55409
1.53367
1.51881
1.51366
1.52154
1.54324
1.57609
1.61474
1.65352
1.68833
1.71722
1.73978
1.75638
1.76751
1.77345
1.77428
1.77002
1.76097
1.74786
1.73188
1.7142
1.6958
1.67739
1.65985
1.64471
1.63398
1.62911
1.63048
1.63821
1.65304
1.67499
1.70167
1.72865
1.75208
1.77043
1.78436
1.79529
1.80414
1.81068
1.81373
1.81158
1.80239
1.78452
1.75703
1.72034
1.67731
1.63391
1.59823
1.57722
1.57349
1.58514
1.60785
1.63701
1.66824
1.6976
1.72177
1.73832
1.74605
1.74526
1.73796
1.72761
1.71788
1.71075
1.70543
1.69951
1.69088
1.67907
1.66537
1.65228
1.64278
1.6393
1.64267
1.6515
1.66249
1.67175
1.67676
1.67738
1.67582
1.67533
1.67853
1.68628
1.69735
1.7091
1.71863
1.72395
1.72455
1.72158
1.71713
1.7132
1.71082
1.70969
1.70861
1.70622
1.7013
1.69289
1.68054
1.66461
1.64623
1.62709
1.60888
1.59296
1.58026
1.57129
1.56631
1.56509
1.56694
1.5707
1.57516
1.57933
1.5827
1.58525
1.58732
1.58941
1.59181
1.59438
1.5966
1.59816
1.5994
1.60153
1.60583
1.61301
1.62314
1.63645
1.65366
1.67514
1.69981
1.72486
1.74678
1.76293
1.77267
1.77763
1.78103
1.78593
1.79342
1.80206
1.80903
1.81187
1.80929
1.80118
1.78808
1.77076
1.74991
1.72598
1.69904
1.66907
1.63649
1.60293
1.57156
1.5466
1.53181
1.52878
1.53603
1.54953
1.56414
1.57551
1.58135
1.58183
1.57908
1.57591
1.57457
1.57575
1.57856
1.58094
1.58049
1.5754
1.5649
1.54933
1.5299
1.50854
1.48767
1.46988
1.4574
1.45146
1.452
1.45806
1.46853
1.48281
1.50054
1.52086
1.54228
1.56307
1.58195
1.59832
1.61223
1.62448
1.63616
1.64812
1.66053
1.67315
1.68577
1.69825
1.71019
1.72049
1.72756
1.72978
1.72635
1.71787
1.70636
1.69437
1.68341
1.67317
1.662
1.64862
1.63379
1.62051
1.61291
1.61427
1.62529
1.64391
1.66633
1.68869
1.70811
1.72303
1.7329
1.73795
1.73907
1.73769
1.73553
1.73412
1.73426
1.73617
1.73978
1.74488
1.7509
1.7566
1.76032
1.76047
1.75605
1.74693
1.73386
1.71825
1.70153
1.68448
1.667
1.64895
1.63068
1.61286
1.59631
1.58275
1.57526
1.57746
1.59147
1.61635
1.64835
1.68233
1.71345
1.73834
1.7556
1.76567
1.77018
1.7709
1.76901
1.7648
1.75801
1.74826
1.73527
1.71882
1.69879
1.67573
1.65156
1.62984
1.61483
1.60948
1.61371
1.62452
1.63772
1.6495
1.65709
1.65876
1.6538
1.64298
1.62898
1.61587
1.60738
1.60503
1.60755
1.61199
1.6155
1.61633
1.61418
1.6099
1.60503
1.60101
1.59826
1.596
1.593
1.58882
1.58432
1.581
1.58004
1.58152
1.58453
1.58769
1.58972
1.58996
1.5886
1.58668
1.58567
1.58681
1.59054
1.59653
1.60412
1.61277
1.62214
1.63189
1.6414
1.64947
1.65427
1.65392
1.6476
1.63655
1.62412
1.6148
1.61233
1.61806
1.63048
1.646
1.6606
1.6712
1.67662
1.6776
1.67614
1.67419
1.67236
1.66964
1.66425
1.65509
1.64294
1.63071
1.62197
1.61887
1.62156
1.62913
1.64078
1.65586
1.67321
1.69062
1.70512
1.71391
1.7154
1.71029
1.7017
1.69429
1.69223
1.69716
1.70789
1.72155
1.73532
1.74731
1.75674
1.76388
1.76955
1.7744
1.77823
1.77977
1.77722
1.76936
1.75634
1.73978
1.72215
1.7058
1.6923
1.68194
1.67374
1.66583
1.65617
1.64347
1.62768
1.61001
1.59261
1.57803
1.56858
1.56508
1.56573
1.56637
1.56225
1.55038
1.53099
1.50758
1.48555
1.47026
1.46512
1.47033
1.48293
1.49846
1.51322
1.52545
1.53513
1.54316
1.55073
1.55932
1.5705
1.58528
1.60346
1.6234
1.64246
1.65795
1.66796
1.67177
1.66974
1.66289
1.65236
1.63898
1.62294
1.6039
1.58158
1.55658
1.53135
1.51038
1.49842
1.49793
1.50835
1.5277
1.55416
1.58568
1.61869
1.6482
1.66937
1.67923
1.67763
1.66734
1.65365
1.64277
1.63902
1.64255
1.65005
1.65735
1.66101
1.65851
1.64781
1.62715
1.59544
1.55335
1.50514
1.45958
1.42708
1.41394
1.41918
1.43757
1.46385
1.4945
1.52759
1.56224
1.59813
1.63485
1.67133
1.70579
1.73621
1.76104
1.77961
1.7921
1.79927
1.80212
1.80155
1.7981
1.79184
1.78263
1.77052
1.7559
1.73937
1.72133
1.70227
1.6842
1.67164
1.66975
1.6804
1.70067
1.72529
1.7493
1.76871
1.78038
1.78212
1.77314
1.75428
1.72795
1.6978
1.66823
1.64352
1.6268
1.61929
1.6204
1.62873
1.64301
1.66254
1.68666
1.71409
1.74302
1.7714
1.79744
1.81957
1.83657
1.84792
1.85392
1.85568
1.85468
1.85212
1.8485
1.84344
1.83569
1.82353
1.80531
1.78021
1.74894
1.71378
1.6783
1.64631
1.62063
1.60217
1.58994
1.58205
1.57683
1.57334
1.57089
1.56848
1.56505
1.56072
1.5577
1.55929
1.56769
1.58224
1.59949
1.61481
1.62428
1.62614
1.62127
1.61284
1.60516
1.60176
1.6039
1.6103
1.61819
1.62501
1.62956
1.63209
1.63344
1.63385
1.6323
1.62707
1.61696
1.60225
1.58472
1.56707
1.55192
1.54139
1.53722
1.5414
1.5558
1.58101
1.61515
1.65405
1.6928
1.72738
1.75534
1.77581
1.78896
1.79571
1.79725
1.79489
1.78996
1.78397
1.77855
1.77538
1.77588
1.78078
1.78982
1.80159
1.81389
1.82423
1.83047
1.83125
1.82625
1.81617
1.80258
1.7877
1.7741
1.76421
1.75966
1.76089
1.76739
1.77809
1.79177
1.80711
1.82274
1.83715
1.84886
1.85666
1.8598
1.858
1.85146
1.84112
1.82845
1.81495
1.80117
1.78636
1.769
1.74802
1.72325
1.6959
1.66903
1.64791
1.63868
1.64459
1.66286
1.68639
1.70826
1.72454
1.73404
1.73671
1.73283
1.72376
1.71303
1.70583
1.70594
1.71308
1.72405
1.73553
1.74544
1.75236
1.75468
1.75036
1.73753
1.71538
1.68488
1.64918
1.61321
1.58252
1.56174
1.55302
1.55542
1.56563
1.57965
1.59411
1.60679
1.61651
1.62287
1.62591
1.62595
1.62361
1.62003
1.61691
1.61603
1.61866
1.62513
1.63489
1.6469
1.65993
1.67284
1.68483
1.69587
1.70637
1.71624
1.72397
1.72716
1.724
1.71423
1.699
1.68011
1.65938
1.6388
1.62076
1.60761
1.601
1.6012
1.6076
1.61945
1.63515
1.6511
1.66202
1.66354
1.65411
1.63521
1.61002
1.5825
1.55662
1.53605
1.52407
1.52313
1.53397
1.55486
1.58186
1.61015
1.63544
1.65462
1.66591
1.66859
1.66289
1.64989
1.63115
1.60824
1.58236
1.55448
1.52647
1.5028
1.49064
1.49603
1.51895
1.55271
1.58852
1.61982
1.6437
1.65998
1.67018
1.67684
1.68302
1.69166
1.70477
1.72271
1.7438
1.76454
1.7809
1.78964
1.78924
1.78002
1.76366
1.74281
1.72053
1.69972
1.68229
1.66896
1.65929
1.65209
1.64569
1.63845
1.62917
1.6173
1.6028
1.58571
1.56608
1.54474
1.52416
1.50832
1.50097
1.50341
1.51355
1.52727
1.54057
1.55103
1.55774
1.56047
1.55919
1.5541
1.5461
1.53703
1.5293
1.52538
1.52705
1.5347
1.54693
1.56083
1.57295
1.58045
1.58173
1.57673
1.5667
1.55391
1.54121
1.53174
1.52836
1.53281
1.54466
1.56116
1.57824
1.59204
1.60022
1.60242
1.60018
1.59624
1.5934
1.59347
1.59686
1.60329
1.6129
1.62693
1.64707
1.67389
1.70524
1.73616
1.76071
1.77399
1.77374
1.76047
1.73708
1.70779
1.67685
1.64719
1.61972
1.59381
1.56857
1.54442
1.52372
1.50967
1.50422
1.50729
1.51766
1.53425
1.55593
1.58059
1.60491
1.62554
1.64058
1.65052
1.65779
1.66541
1.67527
1.68723
1.69939
1.7092
1.71464
1.7146
1.70895
1.69836
1.68467
1.67083
1.66042
1.65607
1.65803
1.66375
1.66899
1.66984
1.66418
1.65237
1.63685
1.62121
1.60896
1.60261
1.60311
1.61007
1.62214
1.63755
1.65415
1.66963
1.68189
1.68951
1.6922
1.69103
1.68823
1.68668
1.68902
1.69661
1.70905
1.72442
1.74033
1.75488
1.76709
1.77686
1.78456
1.79048
1.79416
1.794
1.78775
1.77339
1.75031
1.71973
1.68446
1.64795
1.61329
1.58269
1.55771
1.53982
1.53048
1.53027
1.53775
1.54928
1.56064
1.56945
1.57642
1.58411
1.59406
1.60468
1.61227
1.6138
1.60886
1.59964
1.58956
1.58208
1.5799
1.58459
1.59624
1.61344
1.63391
1.65524
1.67548
1.69326
1.70774
1.71849
1.72563
1.73008
1.73353
1.73802
1.74479
1.75329
1.76133
1.76623
1.76642
1.7619
1.75371
1.74283
1.72965
1.71402
1.696
1.6764
1.65693
1.63942
1.62458
1.61166
1.59929
1.58682
1.57508
1.56619
1.56254
1.56525
1.57325
1.58393
1.5947
1.60406
1.61165
1.61769
1.62252
1.62635
1.62914
1.63066
1.63059
1.62914
1.62756
1.62824
1.63324
1.64265
1.65422
1.66485
1.67234
1.67629
1.67788
1.67912
1.68218
1.68916
1.70188
1.72105
1.74564
1.77296
1.79959
1.82222
1.83788
1.84412
1.83921
1.82283
1.79668
1.76496
1.7339
1.71016
1.69815
1.69832
1.70749
1.72058
1.7323
1.7383
1.73572
1.7237
1.70371
1.67909
1.65395
1.63176
1.61406
1.59994
1.58656
1.57062
1.55045
1.5276
1.50687
1.49425
1.49404
1.50741
1.5329
1.56728
1.60625
1.64534
1.68082
1.7102
1.7323
1.7471
1.7557
1.76004
1.76208
1.76294
1.76232
1.75843
1.74867
1.73053
1.70263
1.66576
1.6236
1.58309
1.55337
1.54294
1.55559
1.58766
1.62961
1.67078
1.70322
1.72288
1.72898
1.72316
1.70876
1.6901
1.67175
1.65752
1.64948
1.64762
1.65021
1.65494
1.65976
1.66318
1.66444
1.66336
1.66035
1.6564
1.65298
1.65167
1.6534
1.65809
1.66475
1.67227
1.67995
1.68785
1.69635
1.70572
1.71556
1.72483
1.73232
1.73698
1.73838
1.73676
1.73286
1.72772
1.72227
1.71721
1.71276
1.70877
1.70483
1.70027
1.69428
1.68611
1.6754
1.66259
1.6492
1.63799
1.63253
1.63609
1.64994
1.67225
1.69891
1.72567
1.7499
1.77064
1.78735
1.79855
1.80156
1.79376
1.77426
1.7452
1.71168
1.6799
1.65478
1.6386
1.6315
1.63291
1.6421
1.65799
1.6786
1.701
1.72201
1.73902
1.75068
1.75675
1.7577
1.75425
1.74727
1.73793
1.72769
1.71782
1.70901
1.70147
1.69557
1.69219
1.69247
1.69726
1.70673
1.72049
1.73793
1.75841
1.78118
1.8052
1.82902
1.85101
1.86952
1.88302
1.89019
1.8901
1.88248
1.86819
1.84945
1.82961
1.81233
1.80057
1.79545
1.79594
1.79909
1.80112
1.79879
1.79029
1.77539
1.75517
1.73157
1.70713
1.68516
1.66989
1.66585
1.67546
1.69683
1.72433
1.75174
1.77499
1.79266
1.80494
1.81246
1.81554
1.81435
1.80945
1.80212
1.79421
1.78763
1.78351
1.78202
1.78244
1.78354
1.78401
1.78285
1.77955
1.7739
1.76557
1.75392
1.73786
1.71613
1.68747
1.65088
1.60652
1.55714
1.50897
1.47055
1.44928
1.44811
1.46527
1.49639
1.53652
1.58112
1.62628
1.6689
1.70666
1.73812
1.76247
1.77939
1.78913
1.79272
1.79182
1.78809
1.78266
1.77611
1.76894
1.76195
1.75604
1.75162
1.74807
1.74356
1.7354
1.7209
1.69847
1.66861
1.63434
1.60037
1.57114
1.54934
1.53599
1.53164
1.53635
1.54902
1.56712
1.58755
1.60761
1.62546
1.64006
1.65075
1.6571
1.65899
1.65682
1.65127
1.64307
1.63298
1.62187
1.61052
1.59917
1.58727
1.57402
1.55886
1.54168
1.52286
1.50321
1.4838
1.46566
1.44969
1.43676
1.42805
1.42498
1.42876
1.43997
1.4584
1.48322
1.51311
1.54645
1.58139
1.61594
1.64825
1.677
1.70157
1.72187
1.73793
1.74944
1.75575
1.75622
1.7508
1.74033
1.72635
1.7106
1.69453
1.67908
1.66467
1.65125
1.63859
1.6263
1.61406
1.60184
1.59029
1.58113
1.57719
1.58133
1.59443
1.61411
1.63551
1.65364
1.6655
1.67062
1.67028
1.66625
1.66004
1.65283
1.64564
1.63918
1.63337
1.62727
1.61943
1.60879
1.59548
1.58142
1.56986
1.56367
1.56299
1.56475
1.56511
1.56216
1.55679
1.55152
1.54866
1.54904
1.55207
1.55667
1.56245
1.57008
1.58064
1.59437
1.6101
1.62565
1.63916
1.65001
1.65897
1.66796
1.67911
1.69369
1.71107
1.72852
1.74193
1.74714
1.74122
1.72318
1.69424
1.65766
1.61797
1.57995
1.54742
1.52249
1.50571
1.49672
1.49493
1.49967
1.51016
1.52533
1.54401
1.56515
1.58806
1.61233
1.63762
1.66346
1.68913
1.71382
1.7366
1.75658
1.77305
1.78567
1.7944
1.79924
1.80029
1.79788
1.79276
1.78592
1.77824
1.76981
1.75979
1.7467
1.72917
1.70699
1.68168
1.65615
1.6335
1.61567
1.6024
1.59148
1.57986
1.56507
1.5463
1.52504
1.50495
1.49077
1.48636
1.49309
1.50962
1.53281
1.55937
1.58721
1.61577
1.64529
1.67573
1.7059
1.73347
1.7557
1.77059
1.77738
1.77653
1.76918
1.75673
1.74087
1.72375
1.70779
1.69523
1.68754
1.68498
1.68662
1.69079
1.6955
1.69886
1.69932
1.69597
1.68894
1.67957
1.66999
1.6625
1.65889
1.65985
1.66492
1.67262
1.68079
1.68721
1.69035
1.68991
1.68679
1.6823
1.67696
1.67012
1.66039
1.64675
1.62915
1.60874
1.58761
1.56823
1.55268
1.54193
1.53568
1.5329
1.53273
1.5349
1.53942
1.54611
1.55452
1.56441
1.57629
1.59101
1.60868
1.62792
1.64651
1.66234
1.67389
1.68011
1.68016
1.67355
1.66034
1.64122
1.61752
1.59087
1.56293
1.53523
1.50931
1.48701
1.47068
1.463
1.4662
1.48104
1.50597
1.53717
1.56936
1.5972
1.61675
1.62628
1.62647
1.61976
1.60939
1.59807
1.58725
1.57723
1.56802
1.56029
1.55551
1.55521
1.56001
1.56905
1.57991
1.58961
1.59565
1.5971
1.59483
1.59129
1.58941
1.59128
1.59695
1.6045
1.6108
1.61273
1.60803
1.59596
1.57792
1.55808
1.54278
1.53852
1.54876
1.57208
1.60322
1.63582
1.66463
1.68607
1.69815
1.70026
1.69344
1.68075
1.66731
1.65927
1.66127
1.67373
1.6926
1.71173
1.7256
1.73065
1.72548
1.711
1.69087
1.67123
1.65927
1.6603
1.67523
1.70033
1.7293
1.75602
1.77609
1.78705
1.78805
1.77943
1.76256
1.73953
1.71286
1.68531
1.65961
1.63826
1.62304
1.61453
1.61202
1.61415
1.61951
1.62701
1.63556
1.64387
1.65033
1.65326
1.65137
1.64403
1.63172
1.61596
1.59888
1.5822
1.56628
1.54982
1.53063
1.50723
1.48034
1.45338
1.43179
1.42139
1.42628
1.44726
1.48116
1.52172
1.56156
1.59462
1.6173
1.62868
1.62991
1.62337
1.61226
1.6002
1.59079
1.58709
1.59108
1.60339
1.62306
1.64734
1.67209
1.69259
1.70471
1.70572
1.69451
1.67162
1.63911
1.60043
1.55989
1.52178
1.49002
1.46799
1.45818
1.461
1.47423
1.49378
1.51523
1.53513
1.55143
1.56335
1.57081
1.57388
1.57245
1.56695
1.56079
1.56271
1.58296
1.62217
1.66816
1.7069
1.73207
1.74467
1.74868
1.74776
1.74385
1.73724
1.72761
1.71512
1.70083
1.68647
1.67372
1.66336
1.65494
1.64692
1.63762
1.62627
1.61349
1.60109
1.59152
1.58693
1.58849
1.596
1.60824
1.62353
1.64002
1.65555
1.6677
1.67418
1.67329
1.66436
1.64802
1.62672
1.6047
1.58709
1.57797
1.57838
1.58608
1.59728
1.60884
1.61937
1.62925
1.64003
1.65361
1.67143
1.69369
1.71903
1.74458
1.76654
1.78128
1.78631
1.78111
1.76731
1.74829
1.72841
1.71187
1.70163
1.69874
1.70234
1.71036
1.72051
1.73107
1.74127
1.75085
1.7593
1.7655
1.76816
1.76681
1.76217
1.75567
1.74855
1.74091
1.7316
1.71884
1.70142
1.6796
1.65547
1.63269
1.61554
1.60714
1.60763
1.61402
1.62197
1.6278
1.62943
1.62646
1.61979
1.61115
1.60252
1.59568
1.59209
1.59288
1.59876
1.60994
1.6258
1.64458
1.66367
1.68061
1.69429
1.70578
1.71776
1.73242
1.74926
1.7646
1.77324
1.77101
1.75642
1.73136
1.70062
1.67038
1.64635
1.63269
1.63129
1.64114
1.65842
1.67813
1.69584
1.70843
1.71383
1.71037
1.69644
1.67103
1.63495
1.59187
1.54832
1.51155
1.48667
1.47545
1.47697
1.4884
1.50559
1.52398
1.54026
1.5536
1.5657
1.57965
1.59773
1.61971
1.64276
1.66296
1.67731
1.68473
1.68595
1.68294
1.67806
1.67344
1.67061
1.6705
1.67342
1.67915
1.68688
1.6952
1.70227
1.70617
1.70555
1.70012
1.69102
1.68076
1.6725
1.66892
1.67101
1.67787
1.68734
1.69712
1.7054
1.71126
1.71468
1.71598
1.71495
1.71033
1.70018
1.68337
1.66124
1.6381
1.61944
1.60909
1.60755
1.61258
1.62069
1.62833
1.63276
1.63213
1.62537
1.61194
1.59227
1.56827
1.54337
1.52177
1.50716
1.50151
1.50467
1.51463
1.52839
1.54297
1.55643
1.56837
1.57973
1.59196
1.60616
1.62251
1.64025
1.658
1.67416
1.68722
1.69611
1.70056
1.70131
1.70021
1.6997
1.70214
1.70902
1.72053
1.7352
1.75033
1.76277
1.76997
1.7707
1.765
1.75383
1.73867
1.72143
1.70452
1.69055
1.68152
1.67788
1.67853
1.68186
1.68707
1.69435
1.70382
1.71448
1.72414
1.73057
1.7326
1.73038
1.72517
1.71868
1.71223
1.70613
1.69958
1.69133
1.68076
1.66836
1.65544
1.64315
1.63217
1.6233
1.61799
1.61804
1.62452
1.63722
1.65458
1.67396
1.69213
1.70578
1.71217
1.70965
1.69804
1.67892
1.65518
1.63047
1.60851
1.59265
1.58535
1.58767
1.5989
1.61694
1.63909
1.66283
1.68629
1.70822
1.72759
1.74337
1.75447
1.76003
1.75958
1.75308
1.74081
1.72313
1.7006
1.67427
1.64589
1.61782
1.59235
1.57086
1.5538
1.54119
1.53349
1.53189
1.53763
1.5511
1.57106
1.59486
1.61965
1.64389
1.66812
1.69427
1.72355
1.7547
1.78427
1.80848
1.82462
1.83151
1.82933
1.8193
1.80335
1.78379
1.7629
1.74264
1.72454
1.7094
1.69696
1.68618
1.6762
1.66692
1.65866
1.65167
1.64587
1.64098
1.63681
1.63353
1.63167
1.63187
1.63455
1.63954
1.64585
1.65157
1.65449
1.65309
1.64771
1.64114
1.63767
1.64064
1.65028
1.66383
1.6775
1.68862
1.69641
1.7014
1.70422
1.7047
1.70194
1.695
1.68354
1.66809
1.65013
1.63196
1.6164
1.60631
1.60389
1.60968
1.62163
1.63533
1.64556
1.64819
1.64151
1.62645
1.60614
1.58517
1.56849
1.56044
1.56386
1.57944
1.6057
1.6394
1.67623
1.71197
1.74342
1.7689
1.78792
1.80035
1.80561
1.80253
1.78977
1.76663
1.73391
1.6943
1.65221
1.61306
1.58222
1.56396
1.56087
1.57315
1.59824
1.63143
1.66714
1.70057
1.72896
1.75218
1.77245
1.7926
1.81381
1.83465
1.85212
1.86394
1.86962
1.87035
1.86818
1.86529
1.86353
1.86421
1.86779
1.87359
1.87973
1.88337
1.88144
1.87132
1.85175
1.82314
1.78743
1.74749
1.70635
1.66649
1.62974
1.59752
1.5715
1.55387
1.54623
1.54798
1.5558
1.56506
1.57182
1.57399
1.57139
1.56529
1.55739
1.54896
1.54035
1.53146
1.52277
1.516
1.51386
1.51892
1.53243
1.55341
1.57878
1.60454
1.62726
1.64512
1.65798
1.66658
1.67155
1.67276
1.66957
1.66167
1.64983
1.63606
1.62316
1.61401
1.6107
1.61397
1.62325
1.63705
1.65357
1.6711
1.68812
1.70321
1.71542
1.72463
1.73152
1.7371
1.74215
1.74685
1.75054
1.75184
1.74883
1.73958
1.72271
1.69774
1.66537
1.62745
1.58679
1.54659
1.50991
1.47948
1.4577
1.44668
1.44766
1.46018
1.48172
1.50872
1.53827
1.56887
1.59985
1.6301
1.65732
1.67857
1.69159
1.69589
1.69284
1.68529
1.67699
1.67196
1.67393
1.68541
1.70668
1.73537
1.76699
1.79627
1.81847
1.83014
1.82917
1.81481
1.78789
1.75128
1.70985
1.6692
1.63361
1.60537
1.58608
1.57731
1.57955
1.59096
1.60753
1.62484
1.6396
1.65022
1.65653
1.65939
1.65999
1.6596
1.65933
1.66004
1.66214
1.66514
1.66753
1.66757
1.66457
1.65955
1.65465
1.65189
1.65221
1.6557
1.66209
1.67098
1.68146
1.69209
1.70152
1.70946
1.71701
1.72584
1.7368
1.74936
1.76194
1.77271
1.78014
1.78317
1.78136
1.77497
1.76507
1.75337
1.74181
1.73214
1.72513
1.72018
1.71533
1.70803
1.69629
1.67961
1.65933
1.63817
1.61932
1.60545
1.5983
1.59863
1.60622
1.61973
1.63679
1.65473
1.67153
1.68622
1.69857
1.70844
1.71532
1.71854
1.71768
1.71284
1.7044
1.69281
1.67845
1.66156
1.64237
1.62134
1.59949
1.5786
1.56101
1.54896
1.5436
1.54453
1.54993
1.55759
1.56572
1.57326
1.57941
1.58307
1.58273
1.57705
1.56597
1.55149
1.53747
1.5283
1.52749
1.53674
1.55563
1.58177
1.61139
1.64035
1.66546
1.68531
1.70011
1.71085
1.71823
1.72202
1.72099
1.71346
1.6983
1.67618
1.65034
1.62624
1.60953
1.60345
1.60726
1.61678
1.6266
1.63257
1.63347
1.63108
1.62867
1.62886
1.63274
1.64047
1.65206
1.6674
1.68598
1.70659
1.72723
1.74524
1.75782
1.76278
1.75908
1.74695
1.7278
1.70376
1.67722
1.65046
1.6254
1.60366
1.58648
1.57474
1.56917
1.57053
1.57948
1.59598
1.61859
1.64472
1.67128
1.69547
1.71518
1.72894
1.73574
1.73497
1.7265
1.71084
1.6894
1.66446
1.63921
1.61739
1.60248
1.59677
1.60076
1.6131
1.63122
1.65217
1.6731
1.6913
1.70386
1.70751
1.69915
1.67694
1.64143
1.59637
1.54866
1.50687
1.47841
1.46653
1.46931
1.48133
1.49652
1.5107
1.5233
1.53661
1.55305
1.57262
1.59277
1.61017
1.62234
1.62821
1.6278
1.62165
1.61048
1.59506
1.57632
1.55554
1.53472
1.51666
1.50453
1.5005
1.50443
1.51389
1.52548
1.53657
1.5459
1.55342
1.55998
1.56682
1.57492
1.58429
1.59372
1.60181
1.60835
1.61511
1.62483
1.63918
1.65747
1.67729
1.69582
1.71078
1.7206
1.72443
1.72215
1.71441
1.70268
1.68913
1.67632
1.66678
1.66253
1.66463
1.67308
1.68717
1.70562
1.72653
1.74732
1.76494
1.77631
1.77926
1.77317
1.75945
1.74157
1.72434
1.71244
1.70832
1.71092
1.7163
1.7199
1.71825
1.70964
1.6941
1.67317
1.64965
1.6271
1.6087
1.59585
1.58803
1.58395
1.58287
1.58505
1.59124
1.60177
1.6159
1.63157
1.64589
1.65597
1.66001
1.65793
1.6513
1.64266
1.63466
1.62984
1.63047
1.63796
1.65169
1.66854
1.68356
1.69171
1.68941
1.67577
1.65318
1.62699
1.60399
1.58997
1.58723
1.59361
1.6041
1.6135
1.61857
1.61862
1.61525
1.61132
1.60971
1.61196
1.61781
1.62547
1.63243
1.63625
1.63537
1.62956
1.62025
1.61024
1.60285
1.60088
1.60577
1.61762
1.63571
1.65916
1.68718
1.71867
1.75178
1.78357
1.81038
1.82884
1.83673
1.83323
1.81919
1.79719
1.77154
1.74769
1.73063
1.72291
1.72344
1.7284
1.73328
1.73476
1.73157
1.72442
1.71553
1.70772
1.70342
1.70398
1.7093
1.71804
1.728
1.73648
1.74054
1.73731
1.72455
1.7013
1.66848
1.62894
1.58704
1.54766
1.51506
1.49212
1.47991
1.47796
1.48474
1.4985
1.51779
1.54153
1.56837
1.59616
1.62205
1.64342
1.65881
1.6683
1.67309
1.67462
1.67365
1.66994
1.66262
1.65088
1.63476
1.61532
1.59418
1.57286
1.55248
1.5337
1.51687
1.50209
1.48914
1.47765
1.4676
1.45974
1.45573
1.45784
1.46822
1.48792
1.51633
1.55125
1.58947
1.6274
1.66167
1.68959
1.70969
1.72184
1.72706
1.72695
1.72312
1.71683
1.70904
1.70029
1.69083
1.68092
1.67112
1.66259
1.65684
1.65492
1.6561
1.65742
1.65505
1.64652
1.63241
1.61638
1.60388
1.59981
1.60611
1.62067
1.63849
1.65392
1.66252
1.6622
1.65423
1.64389
1.63946
1.64789
1.66954
1.69766
1.72304
1.73868
1.74123
1.73044
1.70798
1.67681
1.64099
1.60566
1.57614
1.55624
1.54644
1.54374
1.54355
1.54228
1.53882
1.5346
1.53287
1.53805
1.55417
1.5826
1.62059
1.6623
1.70149
1.73391
1.75835
1.77609
1.78908
1.79821
1.80297
1.80244
1.79657
1.78622
1.77273
1.75742
1.74154
1.72649
1.71372
1.704
1.69716
1.69261
1.68997
1.68899
1.68921
1.68972
1.68956
1.68828
1.68603
1.68323
1.68013
1.67629
1.6709
1.66301
1.6517
1.63606
1.61545
1.59027
1.56235
1.5347
1.51041
1.49158
1.47894
1.47239
1.47203
1.47879
1.49399
1.51813
1.54965
1.58515
1.62081
1.65398
1.6835
1.70925
1.73133
1.74964
1.7636
1.77231
1.77476
1.77017
1.7585
1.74086
1.71973
1.69857
1.68085
1.66908
1.66421
1.66595
1.67317
1.68426
1.69732
1.71027
1.72108
1.72803
1.72988
1.72587
1.71563
1.69919
1.67703
1.65032
1.62134
1.59373
1.57226
1.56158
1.56424
1.57904
1.60127
1.62476
1.64409
1.65607
1.66004
1.6574
1.65092
1.6439
1.63928
1.63886
1.64291
1.65066
1.66095
1.67274
1.68517
1.69716
1.70717
1.71347
1.71519
1.71296
1.70821
1.70186
1.69394
1.68416
1.67256
1.65973
1.64669
1.635
1.62689
1.62511
1.63172
1.64641
1.66523
1.68152
1.68886
1.68366
1.66592
1.63843
1.60559
1.57244
1.54371
1.52232
1.50847
1.50003
1.49447
1.49074
1.48968
1.49295
1.50148
1.51497
1.53237
1.55247
1.57389
1.59495
1.61381
1.62896
1.63952
1.64544
1.64723
1.64593
1.64291
1.63963
1.63704
1.63499
1.63192
1.6253
1.61286
1.59398
1.57072
1.54804
1.53244
1.52915
1.53924
1.55905
1.58264
1.60479
1.62254
1.63514
1.64328
1.64825
1.65194
1.65693
1.66608
1.68133
1.70228
1.72584
1.74737
1.76331
1.7735
1.78115
1.78962
1.79902
1.80653
1.80932
1.80624
1.79708
1.78146
1.75877
1.72919
1.69469
1.65917
1.62762
1.60463
1.59353
1.59598
1.61169
1.63813
1.67097
1.70508
1.73561
1.75906
1.77364
1.77924
1.77698
1.76852
1.75539
1.73856
1.7188
1.69743
1.67686
1.66051
1.6518
1.653
1.66449
1.68495
1.71196
1.74257
1.77336
1.80055
1.82049
1.83031
1.82879
1.8165
1.79582
1.77014
1.74299
1.71718
1.69415
1.67405
1.65633
1.64043
1.62639
1.61474
1.60592
1.59967
1.59501
1.59062
1.58564
1.57993
1.5738
1.56745
1.56067
1.55325
1.54543
1.53842
1.53442
1.53608
1.54533
1.56239
1.58547
1.61182
1.63885
1.66469
1.68826
1.70912
1.7275
1.74379
1.75781
1.76832
1.77362
1.77246
1.76454
1.7505
1.73163
1.70973
1.68689
1.6653
1.64687
1.63286
1.62384
1.61997
1.62099
1.62613
1.63426
1.64445
1.65662
1.67147
1.68975
1.71154
1.73604
1.76176
1.78687
1.80962
1.82842
1.84184
1.84856
1.84727
1.83689
1.81697
1.78842
1.75411
1.71888
1.68826
1.6667
1.65638
1.65728
1.66767
1.68421
1.70226
1.71699
1.72478
1.72435
1.71687
1.70515
1.69255
1.68193
1.67478
1.67102
1.66929
1.66757
1.66407
1.65839
1.65214
1.64777
1.64571
1.64332
1.63752
1.62796
1.61726
1.60922
1.60672
1.61047
1.61861
1.62714
1.63145
1.62832
1.61715
1.60021
1.58192
1.56731
1.56009
1.56107
1.56808
1.57732
1.58529
1.59015
1.59207
1.59289
1.59526
1.60138
1.61176
1.62498
1.63895
1.65301
1.6682
1.68561
1.70422
1.72079
1.7319
1.7363
1.73577
1.73428
1.73556
1.74086
1.74911
1.75849
1.76734
1.77375
1.77522
1.7694
1.75523
1.73382
1.70822
1.68271
1.66139
1.6472
1.64124
1.64274
1.64941
1.65803
1.66533
1.66887
1.66766
1.66216
1.65375
1.64414
1.63486
1.62698
1.62116
1.61783
1.6174
1.62017
1.62606
1.63402
1.64194
1.64708
1.64685
1.63986
1.62661
1.60951
1.59228
1.57884
1.57204
1.57276
1.57997
1.59141
1.60481
1.6189
1.63386
1.65073
1.67018
1.69133
1.71151
1.72712
1.73513
1.73408
1.72449
1.70846
1.68907
1.66964
1.65318
1.64217
1.63838
1.64248
1.65372
1.67036
1.69051
1.71291
1.73686
1.76175
1.78651
1.80952
1.82875
1.84237
1.84915
1.84866
1.8412
1.82762
1.80913
1.78719
1.76347
1.73988
1.71843
1.70089
1.68809
1.67953
1.67332
1.66658
1.6562
1.63999
1.61749
1.59019
1.56103
1.53358
1.51124
1.49649
1.49027
1.49162
1.49799
1.50621
1.51365
1.51897
1.52213
1.52391
1.52548
1.52819
1.53367
1.54387
1.56051
1.58439
1.6147
1.64887
1.68341
1.71517
1.74262
1.76631
1.78819
1.81025
1.83321
1.85612
1.87666
1.89183
1.89844
1.89359
1.87519
1.84309
1.80047
1.75456
1.71434
1.68553
1.66763
1.65628
1.64752
1.63924
1.63024
1.61909
1.60391
1.5837
1.56039
1.53991
1.52948
1.5319
1.54328
1.5567
1.56659
1.57007
1.56675
1.55809
1.54693
1.53689
1.53174
1.53445
1.54644
1.56744
1.59601
1.63013
1.66759
1.70585
1.74198
1.7727
1.79506
1.80717
1.8089
1.80195
1.78956
1.77539
1.76237
1.75191
1.74383
1.73689
1.72951
1.72041
1.70907
1.69593
1.68233
1.66998
1.66067
1.65634
1.65943
1.67253
1.69658
1.72937
1.76588
1.80009
1.82673
1.84226
1.84515
1.83603
1.81755
1.79386
1.76931
1.74673
1.72675
1.7084
1.69064
1.67335
1.65788
1.64684
1.64348
1.6505
1.66896
1.69804
1.73538
1.77742
1.81916
1.85454
1.87786
1.8852
1.87511
1.84872
1.80943
1.76246
1.71391
1.66924
1.63222
1.6046
1.58661
1.57764
1.57671
1.58262
1.59391
1.60852
1.62358
1.63557
1.64093
1.63664
1.62096
1.59427
1.55956
1.5225
1.4902
1.46913
1.4629
1.47127
1.49097
1.51751
1.54684
1.57598
1.60305
1.62699
1.64753
1.66505
1.6803
1.69388
1.70586
1.71551
1.72159
1.723
1.71927
1.71076
1.69863
1.68452
1.67016
1.65717
1.647
1.64105
1.64076
1.64715
1.66027
1.67881
1.70003
1.72049
1.73714
1.74824
1.75376
1.75526
1.75523
1.75617
1.75932
1.76369
1.76673
1.76629
1.76248
1.75773
1.75483
1.75462
1.75555
1.75514
1.75145
1.7438
1.73258
1.71919
1.70605
1.69626
1.69281
1.69747
1.71033
1.72996
1.7538
1.77854
1.80059
1.81677
1.82504
1.825
1.81776
1.80533
1.78973
1.77246
1.75461
1.73753
1.7235
1.71537
1.71471
1.72026
1.72902
1.7388
1.7494
1.76194
1.7773
1.79529
1.81437
1.83179
1.84427
1.84892
1.84424
1.83001
1.80695
1.77633
1.7402
1.70186
1.6657
1.63599
1.61498
1.60214
1.59515
1.59142
1.58906
1.58739
1.58728
1.59064
1.59912
1.61306
1.63166
1.65384
1.67832
1.70283
1.72377
1.7372
1.74035
1.73308
1.71833
1.70141
1.68785
1.68121
1.68233
1.68991
1.70139
1.71356
1.72335
1.72863
1.72889
1.7252
1.71918
1.71157
1.70152
1.6872
1.66723
1.64172
1.61267
1.58361
1.55893
1.54276
1.53747
1.54254
1.55492
1.57132
1.59035
1.61299
1.64119
1.67586
1.71543
1.75585
1.79189
1.81864
1.83292
1.83391
1.82348
1.80586
1.7864
1.77
1.75953
1.7554
1.75629
1.7603
1.76579
1.77152
1.77614
1.77795
1.7751
1.76639
1.752
1.73368
1.71426
1.69654
1.68245
1.67287
1.66777
1.66616
1.66622
1.66541
1.66101
1.65078
1.63353
1.60957
1.58093
1.5514
1.52627
1.51133
1.51129
1.52814
1.56036
1.60374
1.65291
1.70267
1.74855
1.78685
1.81454
1.82959
1.83145
1.8217
1.80389
1.78288
1.76345
1.74884
1.74011
1.73636
1.73552
1.73542
1.73443
1.73182
1.72753
1.72193
1.71564
1.70928
1.70303
1.69612
1.68682
1.67275
1.65207
1.62477
1.5938
1.56543
1.54785
1.54746
1.56474
1.5935
1.62489
1.65213
1.6725
1.68652
1.69599
1.70227
1.70584
1.70655
1.70432
1.69919
1.69109
1.67978
1.66514
1.64762
1.62869
1.61071
1.59643
1.58807
1.58652
1.59103
1.59965
1.61008
1.6204
1.62963
1.63767
1.64475
1.65019
1.65181
1.64693
1.63427
1.61504
1.59285
1.57281
1.56028
1.55949
1.57176
1.59415
1.62033
1.64339
1.65871
1.6651
1.66419
1.65876
1.65138
1.64368
1.63646
1.63007
1.62451
1.61953
1.61499
1.61102
1.60829
1.6077
1.61029
1.61691
1.62773
1.642
1.6577
1.67195
1.68213
1.68693
1.68681
1.68354
1.67903
1.6742
1.6688
1.66184
1.6525
1.64084
1.62802
1.61623
1.60805
1.60562
1.60957
1.61855
1.62936
1.63837
1.64292
1.64232
1.63777
1.63175
1.6269
1.62507
1.62651
1.62999
1.6338
1.6369
1.63959
1.6429
1.64738
1.65203
1.65445
1.65197
1.64319
1.62884
1.61194
1.59684
1.58767
1.5868
1.59434
1.60844
1.62594
1.64319
1.65684
1.66455
1.66526
1.65929
1.64811
1.63406
1.62005
1.60884
1.60192
1.5985
1.59613
1.59231
1.58577
1.57671
1.56615
1.55504
1.54392
1.53299
1.52281
1.51478
1.51107
1.51391
1.52461
1.543
1.56736
1.59478
1.62189
1.64548
1.66291
1.67217
1.67208
1.66254
1.64498
1.62306
1.60261
1.59036
1.59137
1.60701
1.63462
1.66901
1.70433
1.73581
1.76066
1.77814
1.78868
1.79295
1.79143
1.78448
1.77251
1.75611
1.73602
1.71305
1.68824
1.66284
1.63814
1.61524
1.5949
1.57764
1.56368
1.55291
1.54477
1.53843
1.53341
1.53003
1.52966
1.53444
1.54656
1.56739
1.59669
1.63226
1.67044
1.70706
1.73837
1.76169
1.77567
1.78034
1.77683
1.76658
1.75071
1.72948
1.70311
1.67321
1.64364
1.61834
1.59776
1.5785
1.55678
1.53163
1.50526
1.48191
1.46641
1.46287
1.47342
1.49755
1.53246
1.57407
1.61802
1.66023
1.69695
1.72493
1.74194
1.74724
1.74216
1.73028
1.71699
1.70759
1.7049
1.70793
1.71294
1.7159
1.71449
1.70844
1.69881
1.68707
1.67444
1.66164
1.64905
1.63692
1.62563
1.61573
1.60791
1.60285
1.60096
1.60237
1.60703
1.61491
1.62581
1.6392
1.65403
1.66877
1.68176
1.69164
1.69783
1.70073
1.70156
1.70196
1.70331
1.70648
1.71165
1.71828
1.72532
1.73137
1.73488
1.73467
1.73033
1.72246
1.71254
1.70237
1.69348
1.68661
1.68155
1.67753
1.67362
1.66943
1.6652
1.66114
1.65681
1.65091
1.64206
1.62979
1.61518
1.60063
1.589
1.58205
1.57954
1.57954
1.57947
1.5774
1.5726
1.56562
1.55774
1.55004
1.54298
1.53648
1.53065
1.526
1.52341
1.52362
1.52687
1.53292
1.54124
1.55122
1.5623
1.57374
1.58447
1.5931
1.5983
1.59911
1.59506
1.58632
1.57385
1.55944
1.54588
1.53671
1.53544
1.54431
1.56301
1.58859
1.61665
1.64305
1.66493
1.68094
1.69061
1.69383
1.69055
1.68088
1.6652
1.64421
1.61887
1.59056
1.56134
1.53417
1.51266
1.5001
1.49782
1.50416
1.51528
1.52742
1.53853
1.54811
1.55642
1.56406
1.57209
1.58182
1.59414
1.60911
1.62591
1.64313
1.65927
1.67307
1.68372
1.69088
1.69456
1.6951
1.69335
1.69056
1.68824
1.68768
1.68935
1.69245
1.69506
1.6947
1.68923
1.67763
1.6604
1.63954
1.61812
1.59948
1.58616
1.57903
1.57752
1.58066
1.58837
1.6012
1.61888
1.63932
1.65944
1.67665
1.68957
1.69771
1.70093
1.69906
1.69188
1.6792
1.66117
1.6385
1.61287
1.58696
1.56439
1.54905
1.54401
1.54991
1.56417
1.5816
1.59664
1.60563
1.6079
1.60553
1.60191
1.60025
1.60248
1.60885
1.61798
1.62726
1.63372
1.63503
1.63032
1.62046
1.60804
1.59697
1.59174
1.59634
1.61318
1.64218
1.68047
1.72284
1.76329
1.79706
1.82187
1.83785
1.84644
1.84903
1.84635
1.83881
1.82696
1.81144
1.79284
1.7717
1.7482
1.72112
1.68806
1.64863
1.60866
1.58066
1.57623
1.59641
1.63166
1.67016
1.70369
1.72833
1.7431
1.74875
1.74687
1.73951
1.72882
1.71678
1.70508
1.69477
1.68613
1.67876
1.67193
1.66478
1.65638
1.64574
1.63187
1.61416
1.59276
1.56901
1.54563
1.52627
1.51466
1.51348
1.52344
1.54313
1.56968
1.59982
1.63087
1.66105
1.6894
1.71538
1.73843
1.75773
1.77219
1.78056
1.78177
1.77533
1.76155
1.7417
1.71777
1.69221
1.66752
1.64591
1.62907
1.61814
1.61358
1.6152
1.62237
1.63415
1.64928
1.66609
1.6821
1.69427
1.69972
1.69696
1.68711
1.67383
1.66132
1.65208
1.64631
1.64329
1.64279
1.64475
1.64842
1.65219
1.6546
1.65541
1.65574
1.65722
1.66071
1.6653
1.66864
1.66822
1.66311
1.65463
1.64582
1.63998
1.63885
1.64168
1.64528
1.64558
1.64005
1.62969
1.61839
1.6099
1.60514
1.60291
1.60168
1.60046
1.5988
1.59711
1.5966
1.59885
1.60527
1.61628
1.63099
1.64725
1.66235
1.67388
1.68031
1.68115
1.67673
1.66788
1.65582
1.64207
1.62854
1.61724
1.60985
1.60707
1.60848
1.61294
1.61932
1.62648
1.63295
1.63676
1.63629
1.63177
1.62585
1.62217
1.62366
1.6327
1.65239
1.6845
1.72473
1.76305
1.78991
1.80072
1.79558
1.77737
1.75033
1.71938
1.68951
1.6649
1.64779
1.6378
1.63245
1.62842
1.62298
1.61493
1.60497
1.59525
1.58818
1.58504
1.58531
1.5875
1.59049
1.59435
1.59996
1.60796
1.61794
1.6283
1.637
1.64238
1.64401
1.643
1.64175
1.64299
1.64862
1.65924
1.67426
1.69223
1.71108
1.72846
1.74278
1.75362
1.76134
1.76557
1.7644
1.75534
1.73871
1.72108
1.71255
1.71657
1.72537
1.72885
1.72359
1.71304
1.70303
1.69771
1.6977
1.70071
1.70328
1.70245
1.69671
1.68609
1.67197
1.65669
1.64318
1.63447
1.63275
1.63826
1.64845
1.6586
1.66398
1.66264
1.65677
1.65109
1.64931
1.65188
1.65719
1.66374
1.67098
1.67903
1.68819
1.6985
1.70932
1.7193
1.72662
1.72992
1.72884
1.72417
1.71723
1.70915
1.70066
1.6924
1.68513
1.67942
1.67512
1.67135
1.66728
1.66285
1.6586
1.6547
1.6502
1.64329
1.63222
1.61623
1.5959
1.57315
1.55109
1.53345
1.52353
1.52257
1.52891
1.53848
1.54662
1.54978
1.5468
1.53909
1.52988
1.52271
1.51995
1.52202
1.52767
1.53495
1.54218
1.54844
1.55329
1.55622
1.55662
1.55462
1.55168
1.55039
1.55315
1.56089
1.57273
1.58646
1.59976
1.61127
1.62107
1.63056
1.64173
1.65616
1.6741
1.69412
1.71346
1.7286
1.73618
1.73377
1.72066
1.69833
1.67035
1.64127
1.61504
1.59366
1.57683
1.56276
1.54919
1.53445
1.51817
1.50176
1.48837
1.48201
1.48615
1.50206
1.52837
1.56185
1.59886
1.63634
1.67199
1.70361
1.72876
1.74507
1.7513
1.74819
1.73823
1.72467
1.71035
1.69707
1.68569
1.67652
1.66969
1.66545
1.66407
1.66562
1.66973
1.67555
1.68177
1.6871
1.69072
1.69252
1.69296
1.69247
1.69097
1.68774
1.68207
1.67408
1.66538
1.65925
1.65988
1.67073
1.6929
1.72436
1.7604
1.79505
1.82243
1.83787
1.83853
1.82381
1.79536
1.75688
1.71352
1.67078
1.6333
1.60411
1.58449
1.57437
1.57329
1.58098
1.59733
1.62169
1.65245
1.68701
1.72245
1.75589
1.78464
1.80645
1.81993
1.82497
1.82304
1.81687
1.80967
1.8041
1.80141
1.80132
1.80261
1.80399
1.80457
1.80391
1.80184
1.79809
1.79234
1.78441
1.77457
1.76363
1.75262
1.74206
1.73186
1.72158
1.71062
1.69844
1.68485
1.6705
1.65705
1.64691
1.64222
1.64357
1.64944
1.65692
1.66342
1.66812
1.67244
1.67937
1.69175
1.71074
1.73533
1.76313
1.79148
1.818
1.84076
1.85833
1.86989
1.87537
1.87539
1.87109
1.86385
1.85489
1.84502
1.83451
1.82305
1.80999
1.79466
1.7767
1.75633
1.73443
1.71258
1.69301
1.67834
1.67101
1.67233
1.68182
1.69698
1.71367
1.72721
1.73378
1.73158
1.72093
1.70365
1.68202
1.65845
1.63547
1.61575
1.60158
1.59403
1.59259
1.59537
1.59972
1.60303
1.60413
1.60509
1.61162
1.62914
1.65686
1.6873
1.71233
1.72793
1.73439
1.73417
1.73019
1.72522
1.72186
1.72217
1.72696
1.73533
1.7453
1.75474
1.76214
1.76689
1.7693
1.77026
1.77114
1.77338
1.77808
1.78534
1.79395
1.80221
1.80927
1.81594
1.82423
1.8355
1.84848
1.85939
1.86406
1.85975
1.8457
1.82286
1.79341
1.76013
1.7257
1.69261
1.66376
1.64315
1.63504
1.64039
1.65383
1.66607
1.66937
1.66061
1.64099
1.61475
1.58813
1.56813
1.56021
1.56607
1.58321
1.60663
1.63109
1.65243
1.66793
1.6763
1.67751
1.67228
1.66188
1.64825
1.63439
1.62428
1.62161
1.62808
1.64236
1.66081
1.67934
1.69487
1.70578
1.71149
1.71177
1.70632
1.69485
1.67742
1.65465
1.62798
1.5997
1.57259
1.54952
1.53265
1.52288
1.51975
1.52212
1.52902
1.54013
1.5552
1.57332
1.59226
1.60894
1.62056
1.62573
1.62496
1.61997
1.61238
1.60347
1.59566
1.594
1.60463
1.62956
1.66347
1.69658
1.72001
1.72909
1.72351
1.70608
1.68155
1.65581
1.63449
1.62114
1.61588
1.6159
1.61712
1.61584
1.61002
1.59996
1.58821
1.57878
1.57538
1.57961
1.59012
1.60347
1.61605
1.62557
1.63172
1.63597
1.64096
1.64953
1.66349
1.68296
1.70635
1.73097
1.75381
1.77214
1.78385
1.78761
1.78306
1.77091
1.75294
1.73185
1.71066
1.69184
1.67668
1.66518
1.65672
1.65091
1.64809
1.64909
1.6545
1.66388
1.67554
1.68686
1.69508
1.69815
1.69515
1.68639
1.67324
1.65766
1.64159
1.62632
1.61204
1.5981
1.58377
1.56912
1.55539
1.54483
1.54005
1.54327
1.55572
1.57709
1.60529
1.6367
1.66682
1.69161
1.70851
1.71717
1.71945
1.71878
1.71903
1.72301
1.73149
1.74311
1.75524
1.76505
1.77015
1.76896
1.76076
1.74579
1.72523
1.70095
1.67509
1.64982
1.62761
1.61131
1.60374
1.60669
1.6206
1.64518
1.67979
1.72235
1.76778
1.80853
1.83717
1.84879
1.84197
1.81872
1.78417
1.74615
1.71401
1.69581
1.69455
1.7066
1.72429
1.74026
1.75002
1.752
1.74659
1.73528
1.72037
1.70471
1.69137
1.68282
1.68008
1.68208
1.68586
1.6876
1.68417
1.67449
1.65967
1.64228
1.62505
1.61013
1.59907
1.59322
1.59369
1.60078
1.61305
1.62735
1.64012
1.64891
1.65264
1.6511
1.64427
1.63239
1.61633
1.59785
1.57941
1.56368
1.55309
1.54961
1.55481
1.56943
1.59235
1.62034
1.64937
1.67619
1.69897
1.71668
1.72853
1.73393
1.73253
1.72434
1.70989
1.69101
1.67119
1.65455
1.64392
1.64013
1.6434
1.65439
1.6733
1.69817
1.72475
1.748
1.76395
1.77078
1.76891
1.76046
1.74847
1.73604
1.72566
1.71862
1.71471
1.71228
1.70939
1.7052
1.70055
1.69735
1.69714
1.70001
1.70451
1.70832
1.70901
1.70477
1.69501
1.68036
1.66226
1.64253
1.6233
1.60688
1.59583
1.59298
1.60102
1.62092
1.65026
1.68319
1.71254
1.73256
1.74058
1.7371
1.72484
1.70711
1.68641
1.66412
1.64118
1.61909
1.60007
1.5863
1.57901
1.57807
1.58247
1.59096
1.60237
1.61564
1.62953
1.64266
1.65369
1.6618
1.66676
1.6687
1.66794
1.6651
1.66132
1.65817
1.65738
1.66029
1.66737
1.6781
1.69095
1.70381
1.71434
1.7205
1.72096
1.71534
1.70442
1.68992
1.67439
1.66088
1.65244
1.65127
1.65786
1.67061
1.68647
1.70227
1.71603
1.72742
1.73734
1.74689
1.75653
1.7655
1.77211
1.7745
1.77121
1.76128
1.74418
1.71996
1.68968
1.65579
1.62175
1.59081
1.56518
1.54631
1.53559
1.53457
1.54391
1.5624
1.58674
1.6127
1.63672
1.65667
1.67178
1.68198
1.68713
1.68663
1.67946
1.66473
1.64221
1.61298
1.57958
1.54576
1.51547
1.49141
1.47396
1.4617
1.4532
1.44887
1.45135
1.46403
1.48856
1.5233
1.56388
1.6055
1.64486
1.68044
1.71187
1.73926
1.76248
1.78064
1.79222
1.79592
1.79158
1.78044
1.76486
1.74781
1.7321
1.71983
1.71196
1.70775
1.70471
1.69968
1.69082
1.67915
1.66833
1.66263
1.66443
1.67298
1.68514
1.69697
1.70523
1.70823
1.70577
1.69869
1.68827
1.67601
1.66381
1.65411
1.64955
1.65197
1.66134
1.67575
1.69206
1.70699
1.71786
1.72319
1.72312
1.71945
1.71505
1.71291
1.71513
1.72213
1.73279
1.74503
1.75687
1.76714
1.77554
1.78204
1.78631
1.78749
1.7847
1.77811
1.76948
1.76107
1.75352
1.74453
1.72984
1.70534
1.66857
1.61998
1.56448
1.51148
1.47144
1.44973
1.4446
1.45209
1.47091
1.5017
1.54334
1.59151
1.64069
1.68633
1.7254
1.75579
1.77562
1.78313
1.77733
1.7593
1.73337
1.70671
1.68642
1.67546
1.67178
1.6712
1.67037
1.66768
1.66254
1.65414
1.64104
1.62191
1.59709
1.57008
1.54737
1.53507
1.5347
1.54233
1.55181
1.55832
1.55981
1.55726
1.55403
1.55442
1.56201
1.57831
1.60235
1.63136
1.66181
1.69031
1.71404
1.73104
1.74024
1.74152
1.73557
1.72388
1.70839
1.69112
1.67369
1.65706
1.64157
1.62728
1.61448
1.60414
1.59775
1.59646
1.60022
1.60761
1.61641
1.62457
1.63092
1.63571
1.64025
1.64614
1.65396
1.66247
1.66908
1.67091
1.66606
1.6545
1.63839
1.6215
1.60802
1.60114
1.60217
1.61051
1.62424
1.64076
1.65704
1.67003
1.67742
1.67842
1.67452
1.66908
1.66567
1.66632
1.67119
1.67881
1.68638
1.69003
1.6859
1.67171
1.64793
1.61796
1.58709
1.56082
1.543
1.53507
1.53641
1.5453
1.5596
1.57693
1.59463
1.60994
1.62044
1.62462
1.62214
1.61375
1.60114
1.58682
1.57421
1.56692
1.56696
1.57357
1.58401
1.59531
1.60537
1.61272
1.61606
1.61409
1.60604
1.5925
1.5761
1.5611
1.55204
1.55157
1.55935
1.57275
1.58851
1.60435
1.61928
1.63304
1.64542
1.65597
1.66407
1.66906
1.67035
1.6673
1.65933
1.64622
1.62864
1.60891
1.59106
1.57956
1.57677
1.58106
1.5876
1.59104
1.58795
1.57759
1.56154
1.5426
1.52392
1.50819
1.49703
1.49068
1.48834
1.48934
1.49522
1.51
1.53691
1.57411
1.61501
1.65222
1.68049
1.69711
1.70145
1.69427
1.67742
1.65393
1.6282
1.60597
1.59347
1.59536
1.61227
1.64007
1.67195
1.70146
1.72412
1.73748
1.74055
1.73339
1.71709
1.6938
1.66681
1.64007
1.61722
1.60021
1.58907
1.58361
1.58512
1.59523
1.61282
1.63303
1.65023
1.66059
1.66262
1.65642
1.64303
1.62392
1.6009
1.57662
1.55511
1.54166
1.54119
1.55594
1.58414
1.62063
1.65903
1.69377
1.72115
1.73946
1.74852
1.74921
1.74305
1.73187
1.71745
1.70137
1.68494
1.66926
1.6554
1.64446
1.63738
1.6348
1.63665
1.64213
1.64965
1.65715
1.66243
1.66356
1.65929
1.64914
1.63351
1.6138
1.59239
1.57245
1.55729
1.54938
1.54948
1.55651
1.56829
1.58252
1.59751
1.61243
1.62711
1.64169
1.65619
1.67051
1.68449
1.69787
1.70961
1.71714
1.71668
1.70489
1.68104
1.64815
1.61194
1.57838
1.55202
1.53563
1.52964
1.53201
1.53927
1.54824
1.55739
1.56693
1.57822
1.5931
1.61285
1.6369
1.66233
1.68492
1.70113
1.70949
1.71057
1.70615
1.69851
1.69008
1.68289
1.67772
1.67369
1.66874
1.66078
1.64876
1.63329
1.61688
1.60357
1.59737
1.60008
1.60986
1.62198
1.63093
1.63245
1.62482
1.60908
1.58861
1.56803
1.55182
1.54313
1.54323
1.55157
1.56667
1.58692
1.61127
1.63931
1.67071
1.70476
1.73983
1.77349
1.80289
1.82545
1.8395
1.84465
1.84182
1.83276
1.81912
1.80168
1.77988
1.75227
1.71778
1.67689
1.63224
1.58827
1.54978
1.52062
1.50317
1.49898
1.50879
1.53094
1.56043
1.59029
1.61415
1.62789
1.62993
1.6212
1.60465
1.58407
1.56324
1.54602
1.53659
1.53879
1.55465
1.58316
1.62024
1.66005
1.69685
1.72649
1.74708
1.75879
1.7631
1.762
1.75728
1.75022
1.74136
1.73063
1.71767
1.70224
1.68468
1.66591
1.64703
1.62886
1.61194
1.59706
1.58574
1.58007
1.58197
1.59222
1.60933
1.62912
1.64606
1.65578
1.65703
1.65167
1.64324
1.63536
1.63069
1.63058
1.63495
1.64239
1.65079
1.6579
1.66197
1.66192
1.65737
1.64845
1.63566
1.61973
1.60171
1.58299
1.56564
1.55209
1.54448
1.54407
1.55096
1.56435
1.58278
1.60436
1.62705
1.64909
1.66939
1.68767
1.70417
1.71928
1.733
1.74448
1.75195
1.75321
1.74671
1.73252
1.71275
1.69121
1.67235
1.65985
1.65542
1.6584
1.66645
1.67673
1.68677
1.69462
1.69859
1.69693
1.68785
1.66985
1.64215
1.60555
1.56336
1.52181
1.48935
1.47443
1.48244
1.51322
1.56078
1.61551
1.66751
1.7091
1.73583
1.74621
1.74098
1.72244
1.69423
1.66136
1.63031
1.60795
1.59929
1.60497
1.62055
1.63874
1.65271
1.65844
1.65523
1.64505
1.63138
1.61779
1.60663
1.59837
1.59183
1.585
1.57609
1.56432
1.55053
1.53752
1.5295
1.53037
1.54206
1.56385
1.59313
1.62636
1.65958
1.68886
1.71076
1.72288
1.72413
1.7148
1.69661
1.67252
1.64635
1.62169
1.60101
1.58534
1.57474
1.56878
1.56682
1.5681
1.572
1.57805
1.58552
1.59305
1.59874
1.60073
1.59783
1.58983
1.57737
1.56155
1.54381
1.52579
1.50932
1.49651
1.48947
1.49009
1.49926
1.51623
1.53843
1.56212
1.58363
1.60059
1.61243
1.62009
1.62523
1.62913
1.63203
1.63298
1.63041
1.62319
1.61129
1.59596
1.57921
1.56331
1.55028
1.54162
1.53804
1.53935
1.54464
1.55271
1.56229
1.57234
1.58213
1.59133
1.59995
1.60809
1.61581
1.62294
1.6291
1.63402
1.63793
1.64181
1.64712
1.65518
1.66651
1.68077
1.69711
1.71475
1.73278
1.74956
1.76245
1.7687
1.76677
1.75699
1.74139
1.72282
1.70389
1.6861
1.66977
1.65471
1.64093
1.62901
1.61981
1.61418
1.61253
1.61497
1.62126
1.63093
1.64295
1.65561
1.66702
1.67605
1.68307
1.68983
1.69837
1.70993
1.7244
1.74068
1.75734
1.77307
1.78682
1.79773
1.80522
1.80903
1.80924
1.80615
1.80016
1.79148
1.78015
1.76619
1.74991
1.73211
1.71411
1.69739
1.68335
1.67315
1.66744
1.66594
1.66718
1.66944
1.67258
1.67824
1.68708
1.69683
1.70392
1.70625
1.7038
1.69759
1.68878
1.67814
1.66602
1.65273
1.63878
1.62511
1.61287
1.60283
1.59483
1.58777
1.58064
1.57393
1.57046
1.57463
1.58967
1.615
1.6462
1.67757
1.70455
1.72448
1.73618
1.73939
1.7343
1.72141
1.70164
1.67667
1.64914
1.62242
1.60014
1.58521
1.57902
1.58136
1.59073
1.60482
1.62103
1.6366
1.64884
1.65551
1.65529
1.64798
1.63438
1.61603
1.59513
1.57462
1.5575
1.54574
1.53968
1.53856
1.54165
1.54832
1.55769
1.56835
1.57862
1.58698
1.59252
1.59508
1.5953
1.59463
1.59508
1.59823
1.60422
1.61142
1.61765
1.62164
1.6236
1.62467
1.62637
1.63036
1.63825
1.65112
1.66893
1.6905
1.71398
1.73762
1.7602
1.7807
1.79783
1.80988
1.81518
1.81281
1.80309
1.78754
1.76853
1.74852
1.7291
1.71036
1.69114
1.67074
1.6504
1.63329
1.62267
1.61953
1.62213
1.62722
1.63155
1.63254
1.62855
1.61921
1.60556
1.58967
1.5738
1.55995
1.54977
1.54463
1.54564
1.55364
1.56888
1.59095
1.61888
1.65126
1.68647
1.72264
1.75747
1.78814
1.81144
1.82437
1.82483
1.81222
1.78798
1.75564
1.72038
1.68789
1.66284
1.64752
1.64133
1.6415
1.64471
1.64852
1.65205
1.65556
1.65956
1.66385
1.66723
1.66789
1.66409
1.6548
1.64027
1.62191
1.60149
1.58051
1.56033
1.54272
1.52987
1.5238
1.52583
1.53619
1.55371
1.57577
1.5987
1.61875
1.63306
1.64037
1.64111
1.63718
1.63174
1.62845
1.63064
1.6401
1.65637
1.67701
1.69875
1.71901
1.73686
1.75296
1.76825
1.78271
1.79478
1.80203
1.80207
1.79373
1.77764
1.756
1.73147
1.70592
1.67994
1.65371
1.62768
1.60259
1.57899
1.5576
1.54009
1.52905
1.52677
1.53375
1.54795
1.56546
1.58221
1.59503
1.60212
1.60281
1.59742
1.58762
1.57647
1.56779
1.56485
1.56899
1.57937
1.5936
1.60885
1.6228
1.63416
1.64281
1.64929
1.65414
1.6572
1.6575
1.65396
1.64629
1.63573
1.62509
1.61798
1.61733
1.62434
1.63787
1.65508
1.67257
1.6876
1.69884
1.70651
1.71209
1.71797
1.72666
1.73954
1.75579
1.77274
1.78757
1.79891
1.80717
1.81358
1.81893
1.82291
1.82447
1.82256
1.81687
1.80811
1.79771
1.78742
1.77881
1.77289
1.77007
1.77009
1.77221
1.7752
1.77733
1.77667
1.77144
1.76058
1.74399
1.72247
1.69748
1.67091
1.64494
1.62164
1.60247
1.58781
1.57687
1.56839
1.56148
1.55607
1.5526
1.55157
1.55294
1.55604
1.55999
1.56432
1.56954
1.57683
1.58737
1.60187
1.62044
1.64204
1.66401
1.68267
1.69469
1.69841
1.69448
1.68551
1.67537
1.66823
1.66751
1.67491
1.68974
1.70914
1.72905
1.74542
1.75522
1.75687
1.75025
1.73647
1.71755
1.69613
1.67499
1.65678
1.64377
1.63766
1.63932
1.64825
1.66223
1.67762
1.69054
1.69843
1.70078
1.69905
1.69562
1.69252
1.69059
1.68945
1.68792
1.68457
1.67808
1.66758
1.65305
1.63556
1.61699
1.59935
1.5841
1.57169
1.5616
1.55297
1.54561
1.54065
1.54016
1.54559
1.55644
1.57062
1.58632
1.60301
1.62052
1.63774
1.65245
1.6623
1.66587
1.663
1.65472
1.64288
1.6297
1.6168
1.60435
1.59097
1.57451
1.55337
1.52733
1.49791
1.46814
1.44227
1.42532
1.42214
1.43522
1.46238
1.49703
1.53156
1.56083
1.58316
1.59928
1.61077
1.61916
1.6254
1.62979
1.63222
1.63253
1.63092
1.62817
1.62572
1.62556
1.62949
1.63832
1.65124
1.66601
1.67983
1.69016
1.69549
1.6957
1.6922
1.6877
1.68501
1.6855
1.688
1.68944
1.68662
1.67792
1.6637
1.646
1.62766
1.61173
1.60075
1.59613
1.59747
1.60241
1.60707
1.60727
1.60025
1.58577
1.56648
1.54705
1.5327
1.52733
1.53161
1.54173
1.55068
1.55179
1.54208
1.52335
1.50119
1.48255
1.47281
1.47431
1.48667
1.50818
1.53686
1.57033
1.60529
1.63758
1.66318
1.67939
1.68541
1.68219
1.67163
1.65593
1.6374
1.61856
1.60226
1.59122
1.58724
1.59054
1.59966
1.61209
1.62494
1.63546
1.64152
1.64198
1.63686
1.62703
1.61397
1.59998
1.58811
1.58167
1.5831
1.59275
1.60854
1.62667
1.64292
1.65411
1.65891
1.65818
1.65429
1.64964
1.64521
1.64011
1.63261
1.62199
1.60947
1.59781
1.58996
1.58803
1.59301
1.60493
1.62261
1.64336
1.66346
1.6792
1.68818
1.68974
1.68501
1.67634
1.6666
1.65847
1.65377
1.65291
1.6549
1.65816
1.66135
1.66411
1.66713
1.67149
1.67781
1.68565
1.69325
1.69803
1.69715
1.68831
1.67024
1.64313
1.60912
1.57268
1.54015
1.51783
1.50924
1.51318
1.52438
1.53621
1.5435
1.54409
1.53894
1.53127
1.52512
1.524
1.53001
1.54337
1.5626
1.58485
1.60658
1.62454
1.63687
1.64385
1.64777
1.6515
1.6563
1.6608
1.6622
1.65873
1.651
1.64136
1.63241
1.62597
1.62295
1.62377
1.62835
1.636
1.6455
1.65539
1.66435
1.67121
1.67487
1.67405
1.66742
1.65403
1.63407
1.60936
1.58342
1.56044
1.54385
1.53521
1.53441
1.54059
1.55261
1.56908
1.58848
1.60918
1.62938
1.64686
1.65879
1.66196
1.65345
1.63174
1.59814
1.55752
1.51737
1.48496
1.46431
1.45528
1.45501
1.46047
1.47
1.4835
1.50131
1.52295
1.54671
1.56986
1.58962
1.60404
1.61267
1.61685
1.61954
1.62464
1.6357
1.65456
1.68035
1.70982
1.73868
1.76333
1.78168
1.79308
1.79783
1.79689
1.79161
1.7836
1.77429
1.76456
1.7547
1.7445
1.73367
1.72211
1.71003
1.6978
1.68584
1.67478
1.66542
1.65797
1.65131
1.64346
1.63277
1.6191
1.60407
1.59049
1.58174
1.58082
1.58914
1.60573
1.62739
1.64974
1.66863
1.68161
1.68926
1.69529
1.70474
1.72051
1.74129
1.76246
1.77896
1.78756
1.78713
1.77775
1.75985
1.73416
1.70236
1.66768
1.63491
1.60925
1.59425
1.5901
1.59376
1.60062
1.60637
1.60804
1.60473
1.59776
1.5898
1.58337
1.58
1.58055
1.58576
1.59629
1.61236
1.63343
1.65818
1.68453
1.70996
1.73198
1.74872
1.75942
1.76426
1.76405
1.75962
1.75148
1.7397
1.72397
1.70408
1.68063
1.65576
1.63362
1.62004
1.62082
1.63839
1.66938
1.70576
1.73928
1.76525
1.78304
1.79433
1.80094
1.80374
1.80273
1.79747
1.78762
1.77323
1.75498
1.73454
1.71469
1.69876
1.68934
1.68699
1.69019
1.6964
1.70354
1.71088
1.71893
1.72887
1.74132
1.75526
1.76761
1.77433
1.77243
1.76143
1.74334
1.72139
1.6986
1.67671
1.65612
1.63635
1.61679
1.59701
1.5772
1.55887
1.54533
1.54091
1.54826
1.56601
1.58971
1.61463
1.6376
1.65709
1.67262
1.68447
1.69377
1.70234
1.7123
1.7253
1.74179
1.76058
1.77897
1.79363
1.80176
1.80202
1.79498
1.78306
1.76967
1.75783
1.74853
1.7404
1.73071
1.71739
1.70011
1.67988
1.65816
1.63712
1.62074
1.61352
1.61727
1.6294
1.64464
1.65784
1.66549
1.66605
1.6598
1.64841
1.63427
1.61938
1.60455
1.5892
1.57207
1.55221
1.52974
1.50595
1.48296
1.46318
1.44874
1.44125
1.44159
1.44962
1.46394
1.48186
1.49978
1.51378
1.52028
1.51678
1.50245
1.47838
1.44736
1.41348
1.38164
1.35722
1.34531
1.34963
1.37122
1.40773
1.45397
1.50357
1.55082
1.59195
1.62543
1.65141
1.67084
1.68487
1.69423
1.6989
1.69827
1.69221
1.68231
1.67208
1.66528
1.66354
1.66537
1.66727
1.66617
1.66133
1.65443
1.64817
1.64434
1.6426
1.64072
1.63591
1.62615
1.61124
1.59314
1.57588
1.56458
1.56364
1.5749
1.59636
1.62289
1.64852
1.66913
1.68358
1.69295
1.69868
1.70113
1.69953
1.69274
1.68022
1.66251
1.64089
1.61727
1.59369
1.57167
1.55179
1.53437
1.5209
1.51452
1.51815
1.5319
1.55227
1.57383
1.59209
1.6053
1.61407
1.61989
1.62378
1.6258
1.62544
1.62222
1.61616
1.60785
1.59854
1.58998
1.5842
1.58311
1.58778
1.59791
1.61177
1.62678
1.64036
1.65065
1.65667
1.65823
1.65543
1.64863
1.6388
1.62794
1.61888
1.61427
1.61534
1.62151
1.63139
1.64369
1.65762
1.67259
1.68753
1.7006
1.70921
1.71063
1.70308
1.68701
1.66587
1.64551
1.63166
1.62713
1.63084
1.63935
1.64883
1.65618
1.65954
1.65854
1.65451
1.65013
1.64862
1.65217
1.6607
1.67167
1.6813
1.68619
1.68446
1.6757
1.66027
1.63875
1.61201
1.58172
1.55069
1.52236
1.4997
1.48405
1.47475
1.46944
1.46528
1.46
1.45278
1.44457
1.43792
1.43608
1.44187
1.45659
1.47978
1.50956
1.54333
1.5782
1.61126
1.6399
1.66226
1.67753
1.68583
1.68774
1.68382
1.67455
1.66085
1.64451
1.62789
1.61276
1.59943
1.58678
1.57331
1.5583
1.54225
1.52672
1.51379
1.50549
1.50336
1.50834
1.52076
1.54017
1.56507
1.59279
1.61984
1.64271
1.65871
1.66649
1.66603
1.65811
1.6438
1.62417
1.60055
1.57493
1.55024
1.52988
1.51634
1.51005
1.5094
1.51216
1.51702
1.52416
1.53485
1.55061
1.5721
1.59854
1.62788
1.65769
1.68603
1.71202
1.73555
1.75671
1.77524
1.79038
1.80125
1.80729
1.80839
1.80457
1.79583
1.78197
1.7626
1.73721
1.70575
1.66983
1.63423
1.60723
1.59771
1.6098
1.6398
1.6788
1.71784
1.75108
1.7763
1.79386
1.80498
1.81005
1.80854
1.80011
1.78533
1.76539
1.74175
1.71617
1.69078
1.66767
1.64836
1.63335
1.62203
1.61302
1.60489
1.59675
1.58882
1.58249
1.57988
1.58337
1.59503
1.61604
1.64583
1.6817
1.71911
1.75285
1.77866
1.79442
1.80053
1.79956
1.7952
1.79086
1.78837
1.78731
1.78524
1.77825
1.76237
1.73537
1.69827
1.65564
1.61413
1.57996
1.55706
1.54631
1.54604
1.5529
1.56311
1.5737
1.58325
1.59148
1.59877
1.6057
1.6128
1.62066
1.62988
1.64094
1.65398
1.66852
1.68349
1.69735
1.70846
1.71538
1.71717
1.71356
1.70511
1.69302
1.67896
1.66478
1.65205
1.64187
1.63476
1.63064
1.62905
1.62944
1.6313
1.63437
1.63874
1.64477
1.65266
1.66185
1.67086
1.67759
1.68013
1.67728
1.66877
1.65511
1.63735
1.61715
1.59655
1.57795
1.56376
1.55616
1.55688
1.56657
1.58409
1.60623
1.62834
1.64601
1.65668
1.66028
1.65849
1.65335
1.64676
1.64032
1.63458
1.62857
1.62045
1.60945
1.59698
1.58571
1.57763
1.57327
1.57349
1.58094
1.59802
1.62404
1.65549
1.68865
1.7209
1.75032
1.77533
1.79487
1.80833
1.81546
1.81626
1.81101
1.80038
1.78541
1.76745
1.74789
1.72796
1.70847
1.6897
1.67171
1.65471
1.63945
1.62703
1.61816
1.61228
1.60772
1.60297
1.5984
1.59654
1.60053
1.61162
1.628
1.64603
1.66232
1.67515
1.68473
1.69262
1.70078
1.71077
1.72288
1.73608
1.74831
1.75722
1.76108
1.75941
1.75331
1.74533
1.73869
1.7362
1.73914
1.74676
1.75675
1.76606
1.77193
1.77241
1.76673
1.75544
1.74032
1.72394
1.70873
1.69559
1.6834
1.67028
1.65556
1.64081
1.62881
1.62155
1.61919
1.62048
1.6236
1.62691
1.62912
1.62919
1.62638
1.62032
1.611
1.59906
1.58577
1.57301
1.56294
1.5575
1.55778
1.56376
1.57435
1.58765
1.60143
1.61364
1.62282
1.62847
1.63122
1.63301
1.63681
1.64551
1.66044
1.6802
1.70122
1.71969
1.73327
1.74143
1.74486
1.74454
1.74112
1.73488
1.72603
1.71477
1.70128
1.68561
1.66796
1.64906
1.63044
1.61448
1.60375
1.60022
1.60461
1.61641
1.63418
1.65562
1.67771
1.69702
1.71054
1.71637
1.71393
1.70369
1.68693
1.66551
1.64191
1.61911
1.60038
1.58845
1.5847
1.58836
1.59674
1.6063
1.6145
1.62098
1.62745
1.63645
1.64948
1.66576
1.68213
1.69406
1.69744
1.69028
1.67395
1.65318
1.63435
1.62263
1.61973
1.6237
1.63069
1.6372
1.64099
1.64077
1.63552
1.62458
1.60846
1.5895
1.57142
1.55783
1.55065
1.54961
1.55304
1.55883
1.56502
1.57004
1.573
1.57387
1.5734
1.5728
1.57341
1.57607
1.58069
1.58613
1.59078
1.59383
1.596
1.5995
1.6069
1.61997
1.63892
1.66258
1.68871
1.71452
1.73707
1.75389
1.76365
1.76641
1.76359
1.75725
1.7492
1.7403
1.73048
1.71919
1.70627
1.69231
1.6784
1.66553
1.65416
1.64423
1.63564
1.62878
1.62462
1.62425
1.62783
1.63398
1.64001
1.64314
1.64201
1.6374
1.63166
1.62708
1.62436
1.62239
1.61934
1.61399
1.6064
1.5978
1.58985
1.5838
1.58029
1.57974
1.58291
1.59085
1.60428
1.62272
1.64416
1.6657
1.6846
1.69931
1.70975
1.71701
1.7228
1.72893
1.73694
1.74754
1.75997
1.77163
1.77849
1.77631
1.76223
1.73609
1.70102
1.66271
1.62749
1.60003
1.58227
1.57404
1.57414
1.58071
1.59122
1.60338
1.61613
1.62944
1.64329
1.65675
1.66836
1.67693
1.6822
1.68475
1.68549
1.68522
1.68453
1.68411
1.68488
1.68764
1.69242
1.69822
1.70339
1.70652
1.70705
1.70523
1.70155
1.69626
1.68914
1.67976
1.66833
1.65628
1.64596
1.6393
1.63665
1.63683
1.63785
1.63734
1.63307
1.62382
1.61004
1.59356
1.57641
1.56011
1.54581
1.53448
1.52686
1.52327
1.52382
1.52866
1.53802
1.5519
1.56966
1.58986
1.61076
1.63106
1.65049
1.66941
1.68784
1.7047
1.71812
1.72641
1.72887
1.72589
1.71887
1.71033
1.70359
1.70133
1.70369
1.70798
1.71054
1.70879
1.7019
1.69015
1.67436
1.65592
1.63684
1.61942
1.60569
1.59696
1.59379
1.59612
1.60282
1.61146
1.61847
1.62013
1.61379
1.59877
1.57707
1.55367
1.53555
1.52859
1.5341
1.54859
1.56678
1.58456
1.5997
1.61135
1.61963
1.62542
1.63029
1.63606
1.64418
1.65499
1.66722
1.6781
1.68425
1.68306
1.67398
1.65939
1.64422
1.63423
1.63346
1.64273
1.65982
1.68099
1.70243
1.72119
1.73552
1.74487
1.74953
1.75014
1.74723
1.74101
1.73138
1.71828
1.70235
1.68533
1.66966
1.65721
1.64887
1.64509
1.64621
1.65221
1.66242
1.67591
1.69157
1.70794
1.72296
1.7342
1.7394
1.73715
1.72739
1.71153
1.69218
1.6725
1.65532
1.64249
1.63455
1.63095
1.63053
1.63211
1.63481
1.63813
1.64211
1.64726
1.65446
1.66483
1.67911
1.69714
1.7176
1.73839
1.7572
1.77223
1.78245
1.78761
1.78804
1.78433
1.77691
1.76586
1.75108
1.73302
1.71354
1.69638
1.68591
1.68395
1.68762
1.69114
1.68973
1.68168
1.66794
1.6508
1.63283
1.61631
1.60298
1.59387
1.58947
1.58981
1.59433
1.60177
1.61034
1.61806
1.62326
1.62504
1.62312
1.6178
1.60963
1.59953
1.5889
1.57962
1.57388
1.57342
1.57881
1.58922
1.60288
1.61792
1.63308
1.64801
1.66308
1.67886
1.69574
1.71365
1.73205
1.74988
1.76538
1.77604
1.77889
1.7716
1.75402
1.72929
1.70295
1.6798
1.66166
1.64853
1.64082
1.63964
1.64549
1.65726
1.67261
1.68891
1.70401
1.71657
1.72594
1.73176
1.73374
1.73156
1.7255
1.71666
1.70665
1.69677
1.68723
1.67686
1.66349
1.64472
1.61901
1.58702
1.5527
1.52313
1.50606
1.50585
1.52064
1.54365
1.56713
1.58576
1.59771
1.60404
1.60719
1.6095
1.61204
1.61433
1.61489
1.61239
1.60649
1.59816
1.58935
1.58216
1.57811
1.5776
1.57975
1.58279
1.58459
1.5832
1.57725
1.5662
1.55048
1.53158
1.5121
1.49565
1.48635
1.48776
1.50149
1.52631
1.55827
1.59157
1.62018
1.63935
1.64677
1.64282
1.6297
1.61017
1.58681
1.56239
1.54053
1.52531
1.52029
1.52774
1.54808
1.57984
1.61977
1.66343
1.70611
1.74372
1.77338
1.79351
1.80364
1.80415
1.7962
1.78137
1.76181
1.73981
1.71755
1.6966
1.67728
1.65852
1.63807
1.61371
1.58522
1.55659
1.5361
1.53243
1.54896
1.58157
1.62202
1.66269
1.69888
1.72865
1.75153
1.76753
1.77662
1.77875
1.77385
1.76187
1.74288
1.71768
1.68842
1.65951
1.63664
1.62311
1.61689
1.61321
1.60941
1.6062
1.60574
1.60958
1.61806
1.63037
1.64484
1.65945
1.67232
1.68229
1.68931
1.69459
1.70017
1.70817
1.71985
1.73489
1.75131
1.76622
1.77687
1.78159
1.78043
1.77526
1.7692
1.76543
1.76575
1.76978
1.7752
1.77884
1.77798
1.77107
1.75786
1.73902
1.71565
1.68896
1.66016
1.63067
1.60204
1.57577
1.55311
1.53512
1.52287
1.51706
1.51716
1.52127
1.52696
1.53247
1.53735
1.54241
1.54943
1.56054
1.57735
1.60018
1.6275
1.65626
1.68291
1.70439
1.71881
1.72556
1.72519
1.71906
1.70897
1.69681
1.68429
1.67277
1.66294
1.6547
1.64701
1.63812
1.62613
1.60996
1.58998
1.56823
1.54795
1.53262
1.525
1.52645
1.53706
1.55619
1.58279
1.61474
1.64774
1.67598
1.69421
1.69973
1.69289
1.67678
1.65642
1.63783
1.62654
1.62561
1.63404
1.64717
1.65917
1.66604
1.66706
1.66422
1.66034
1.65735
1.6561
1.65707
1.66118
1.66938
1.68179
1.69727
1.7138
1.72925
1.74218
1.75222
1.75996
1.7666
1.77328
1.78062
1.78841
1.7956
1.80025
1.79981
1.79172
1.77509
1.75232
1.72861
1.70814
1.69018
1.67022
1.64446
1.61271
1.57809
1.54493
1.51667
1.49499
1.48038
1.47362
1.47659
1.49136
1.51839
1.55536
1.59748
1.63883
1.6739
1.69869
1.71135
1.71257
1.70542
1.69497
1.68733
1.68802
1.70007
1.72255
1.75085
1.77864
1.80042
1.81324
1.8172
1.81454
1.80765
1.79791
1.78592
1.7724
1.75862
1.74616
1.73673
1.73185
1.73239
1.73813
1.74781
1.75963
1.7718
1.78265
1.79053
1.79377
1.79095
1.78112
1.76411
1.74077
1.71325
1.68493
1.65978
1.64096
1.62971
1.62554
1.62725
1.63367
1.64381
1.65683
1.67191
1.68776
1.70216
1.71228
1.71555
1.71067
1.69815
1.68007
1.65941
1.63904
1.62104
1.6065
1.59575
1.58876
1.58558
1.58661
1.59266
1.60478
1.62365
1.64867
1.67745
1.70622
1.73089
1.74824
1.75648
1.75507
1.74423
1.7248
1.69834
1.66748
1.63594
1.60786
1.58647
1.57313
1.56722
1.56703
1.57075
1.57695
1.58454
1.59257
1.59998
1.6056
1.60841
1.60777
1.60374
1.59718
1.58963
1.5828
1.57785
1.57481
1.57266
1.56994
1.56545
1.55844
1.54876
1.53696
1.52443
1.51339
1.50639
1.50565
1.51232
1.52611
1.54558
1.56889
1.59457
1.62159
1.6491
1.67596
1.70046
1.72052
1.73433
1.74119
1.7417
1.73763
1.73099
1.72324
1.71482
1.70521
1.69355
1.67936
1.66302
1.64567
1.62897
1.615
1.60603
1.60355
1.60725
1.61506
1.62403
1.63131
1.63453
1.63213
1.62395
1.61179
1.59936
1.59112
1.59014
1.59645
1.60709
1.61795
1.62573
1.62928
1.62957
1.62908
1.63038
1.63479
1.64155
1.64832
1.65304
1.65602
1.6605
1.67053
1.68718
1.70712
1.72502
1.73724
1.74325
1.74506
1.74556
1.74725
1.75145
1.75815
1.76623
1.77395
1.77942
1.78096
1.77739
1.76809
1.75283
1.73155
1.70436
1.67194
1.63699
1.60578
1.58755
1.58911
1.60874
1.63699
1.66358
1.68228
1.6913
1.69167
1.68568
1.67579
1.66415
1.65246
1.64198
1.63348
1.62725
1.62347
1.62226
1.62365
1.62718
1.63173
1.63582
1.63803
1.63759
1.63478
1.63091
1.62791
1.62745
1.63002
1.63468
1.63973
1.64369
1.64609
1.64739
1.64863
1.65078
1.6544
1.65955
1.66576
1.672
1.67659
1.67726
1.67189
1.65966
1.64234
1.6243
1.6114
1.60951
1.62273
1.65099
1.68926
1.73009
1.76689
1.7957
1.81513
1.82571
1.829
1.82674
1.82027
1.81052
1.79818
1.78412
1.76944
1.75522
1.74229
1.73128
1.72261
1.71609
1.7105
1.70346
1.69202
1.67355
1.64701
1.61382
1.57808
1.54569
1.52248
1.51249
1.51711
1.53542
1.56476
1.60129
1.64034
1.67704
1.707
1.72694
1.7351
1.73134
1.71725
1.69599
1.67189
1.64978
1.6339
1.62666
1.62758
1.63333
1.6394
1.64225
1.64072
1.63589
1.63013
1.62584
1.62461
1.62665
1.63088
1.63521
1.6375
1.63645
1.63203
1.62549
1.61886
1.61439
1.61406
1.61931
1.63083
1.64834
1.67038
1.69466
1.71847
1.73899
1.75355
1.75979
1.75607
1.74198
1.71881
1.68973
1.65925
1.63208
1.61173
1.59959
1.5949
1.59572
1.59987
1.60543
1.61075
1.61449
1.61581
1.61459
1.61173
1.60889
1.60787
1.60978
1.61464
1.62169
1.63014
1.63983
1.65132
1.6652
1.68115
1.69783
1.71352
1.72695
1.73756
1.74524
1.74997
1.75153
1.74978
1.74534
1.74026
1.73809
1.74257
1.75529
1.77445
1.79596
1.8155
1.83007
1.83836
1.84052
1.83786
1.83216
1.82538
1.81946
1.81604
1.81591
1.81871
1.82315
1.82749
1.83013
1.82982
1.82572
1.81738
1.80449
1.78699
1.76528
1.74105
1.71749
1.69849
1.68668
1.68169
1.68027
1.6783
1.6729
1.66342
1.65107
1.63767
1.62441
1.61139
1.59805
1.58409
1.57015
1.55795
1.54999
1.54879
1.55587
1.57106
1.59233
1.61628
1.63912
1.65772
1.6704
1.67703
1.67856
1.67644
1.67217
1.66714
1.66272
1.66034
1.66117
1.66562
1.67275
1.68034
1.68558
1.68626
1.682
1.67485
1.66883
1.66816
1.67505
1.68859
1.70544
1.72158
1.73374
1.73988
1.73928
1.73248
1.72111
1.70771
1.69507
1.68556
1.68055
1.68012
1.68337
1.68892
1.69549
1.70184
1.70654
1.70798
1.70482
1.69656
1.68365
1.66724
1.64867
1.62917
1.6098
1.59155
1.57518
1.56112
1.54942
1.53995
1.53248
1.52685
1.52315
1.52214
1.52498
1.53218
1.54219
1.55132
1.55506
1.54993
1.53539
1.51532
1.49782
1.49182
1.50163
1.52466
1.55421
1.58373
1.60906
1.62851
1.64209
1.65065
1.65537
1.65745
1.658
1.65803
1.65844
1.65992
1.66298
1.66782
1.67424
1.68148
1.68824
1.6928
1.69321
1.68778
1.67571
1.65784
1.63685
1.61659
1.60071
1.59136
1.58863
1.59121
1.59751
1.60682
1.61949
1.63617
1.65668
1.67925
1.70099
1.71886
1.73051
1.7347
1.7314
1.72183
1.70842
1.69429
1.68254
1.67522
1.67262
1.67314
1.67415
1.67295
1.66779
1.65862
1.64719
1.63626
1.62798
1.62265
1.61902
1.61532
1.61019
1.60283
1.59291
1.58076
1.56753
1.55516
1.54603
1.54224
1.54492
1.55403
1.56843
1.58628
1.60549
1.62405
1.64017
1.65232
1.65938
1.66062
1.65586
1.6455
1.63055
1.6126
1.59374
1.57627
1.56233
1.55329
1.5494
1.54972
1.55228
1.5545
1.55369
1.54765
1.53516
1.51647
1.49355
1.46995
1.45047
1.44026
1.44349
1.4617
1.49291
1.53245
1.57485
1.61545
1.6512
1.68052
1.70301
1.71896
1.72913
1.7347
1.73711
1.73758
1.7365
1.73328
1.72699
1.71728
1.70493
1.69177
1.67987
1.67078
1.66502
1.66202
1.66054
1.65925
1.65726
1.65443
1.65127
1.64864
1.64737
1.64804
1.65086
1.65573
1.66227
1.66968
1.67684
1.68226
1.68446
1.68227
1.67495
1.66241
1.64554
1.6264
1.60779
1.59273
1.58362
1.58165
1.58654
1.59677
1.6102
1.62469
1.63827
1.64905
1.65528
1.65531
1.64802
1.63345
1.61375
1.59361
1.57901
1.57413
1.57891
1.58987
1.60267
1.61401
1.62196
1.62563
1.625
1.62087
1.61462
1.60756
1.60043
1.59406
1.5906
1.59386
1.60651
1.62663
1.6478
1.66265
1.66659
1.65948
1.64557
1.63205
1.62647
1.63386
1.65551
1.68943
1.7314
1.77547
1.81447
1.8415
1.85174
1.84347
1.81819
1.78047
1.73742
1.69729
1.66683
1.64863
1.64086
1.63974
1.64191
1.64535
1.64892
1.65213
1.65522
1.65937
1.66654
1.6785
1.69551
1.71546
1.73433
1.7478
1.7532
1.75033
1.74124
1.7289
1.71571
1.70282
1.6905
1.67881
1.66805
1.65861
1.65064
1.64388
1.6377
1.63145
1.62476
1.61774
1.61102
1.60546
1.60182
1.60068
1.60236
1.60692
1.61435
1.62459
1.63761
1.65345
1.67191
1.69221
1.7128
1.73143
1.74558
1.75305
1.75242
1.74326
1.72615
1.70266
1.67526
1.64718
1.62191
1.60218
1.58929
1.5837
1.58593
1.59652
1.61523
1.64054
1.66971
1.69915
1.72513
1.74418
1.75367
1.75244
1.74113
1.72231
1.69986
1.67777
1.65921
1.64651
1.64119
1.64345
1.65167
1.66256
1.67272
1.68031
1.68556
1.68956
1.6925
1.69339
1.69102
1.68479
1.67446
1.65981
1.64089
1.61865
1.59544
1.57485
1.56067
1.55565
1.56083
1.57569
1.59877
1.62789
1.66038
1.69325
1.72358
1.74881
1.76704
1.77723
1.77934
1.77449
1.76484
1.7532
1.74261
1.73568
1.73334
1.73399
1.73401
1.7297
1.71911
1.7026
1.68243
1.66153
1.64212
1.62495
1.61011
1.59854
1.5923
1.59248
1.59725
1.60307
1.60741
1.6099
1.61137
1.61252
1.61359
1.6147
1.61608
1.61794
1.6202
1.62244
1.62415
1.62504
1.6251
1.62442
1.62288
1.62009
1.61541
1.60828
1.59842
1.58608
1.57229
1.55892
1.54855
1.54388
1.54647
1.55585
1.56934
1.58319
1.59408
1.60007
1.60106
1.59873
1.59586
1.59498
1.5967
1.59896
1.59817
1.59152
1.5788
1.56263
1.54705
1.53544
1.52948
1.52934
1.5347
1.54525
1.56043
1.57908
1.59938
1.61942
1.63787
1.65438
1.66955
1.6844
1.69966
1.71493
1.7285
1.73773
1.73996
1.73379
1.72036
1.70398
1.69076
1.68526
1.68782
1.69522
1.70315
1.70812
1.70803
1.70219
1.69126
1.67689
1.66139
1.64725
1.63639
1.62937
1.62493
1.62064
1.61438
1.60567
1.59597
1.5878
1.58353
1.58456
1.5911
1.60237
1.61716
1.63424
1.65268
1.6717
1.69044
1.70762
1.72161
1.73074
1.73382
1.73066
1.72233
1.71128
1.70115
1.69586
1.69828
1.70912
1.72703
1.74934
1.77306
1.79541
1.81401
1.82696
1.83282
1.83102
1.82222
1.80848
1.79307
1.77961
1.77083
1.76773
1.7695
1.77417
1.77942
1.78309
1.78373
1.78118
1.77706
1.77389
1.77285
1.77235
1.76936
1.76196
1.75094
1.73925
1.73064
1.72801
1.73246
1.74286
1.75648
1.76995
1.78016
1.78488
1.78283
1.77363
1.75777
1.73667
1.71262
1.68863
1.66795
1.65339
1.64641
1.64654
1.65144
1.65785
1.66286
1.66486
1.66371
1.66025
1.65552
1.65032
1.64531
1.64132
1.63923
1.63923
1.6403
1.6403
1.63688
1.62856
1.6156
1.60059
1.58795
1.58192
1.58372
1.59059
1.59769
1.60091
1.59828
1.59013
1.5785
1.56618
1.55535
1.5464
1.53776
1.52677
1.51136
1.49114
1.46761
1.44355
1.42214
1.40617
1.39758
1.3975
1.4065
1.42449
1.45056
1.48272
1.51817
1.55381
1.58687
1.61537
1.63816
1.65491
1.66577
1.67111
1.67132
1.6668
1.65831
1.64732
1.63635
1.62851
1.62626
1.63012
1.63836
1.64792
1.65591
1.66053
1.66125
1.65816
1.65164
1.64248
1.63228
1.62358
1.6193
1.62122
1.62833
1.63636
1.63926
1.63186
1.61216
1.58402
1.55847
1.54762
1.55288
1.56365
1.56926
1.56649
1.55779
1.54704
1.53684
1.52795
1.51971
1.51124
1.50247
1.49424
1.488
1.48535
1.48786
1.49696
1.51334
1.53573
1.56045
1.58233
1.5966
1.60045
1.59368
1.57833
1.55812
1.53752
1.52056
1.50896
1.50141
1.49483
1.48681
1.47763
1.47038
1.46932
1.47753
1.49529
1.52037
1.54929
1.57863
1.60553
1.62812
1.64577
1.65934
1.67107
1.68377
1.69924
1.71696
1.73451
1.74927
1.75975
1.76572
1.76744
1.76526
1.75981
1.75226
1.74426
1.73731
1.73229
1.72956
1.72947
1.73215
1.73677
1.74098
1.74149
1.73528
1.7208
1.69866
1.67217
1.64768
1.63334
1.6357
1.65571
1.68774
1.72259
1.75127
1.76749
1.76861
1.75577
1.73335
1.70786
1.68618
1.67368
1.6723
1.67922
1.68788
1.69126
1.6854
1.67075
1.65139
1.63272
1.61912
1.61274
1.61325
1.61858
1.62578
1.63194
1.63483
1.63326
1.62729
1.6181
1.60773
1.59857
1.59297
1.59293
1.59975
1.61363
1.63339
1.65672
1.68094
1.70382
1.7241
1.74123
1.75515
1.76575
1.7726
1.77478
1.77126
1.76163
1.74662
1.72775
1.70605
1.68118
1.65236
1.62024
1.58792
1.56023
1.54171
1.53463
1.53843
1.55056
1.56765
1.58645
1.60434
1.61963
1.6316
1.64025
1.64597
1.64929
1.65075
1.651
1.65086
1.65129
1.65325
1.65746
1.66411
1.67291
1.68331
1.69481
1.70722
1.72032
1.73376
1.74696
1.7589
1.76833
1.77396
1.77479
1.77017
1.75993
1.74447
1.72466
1.70174
1.67687
1.65063
1.62297
1.59395
1.56487
1.53881
1.51969
1.51037
1.51127
1.5207
1.53616
1.55545
1.57693
1.59911
1.62042
1.6392
1.65397
1.66348
1.66708
1.66511
1.65922
1.65241
1.64835
1.65016
1.6589
1.67295
1.68879
1.70242
1.71044
1.7106
1.70201
1.68549
1.66394
1.64247
1.62742
1.62399
1.63404
1.65552
1.68355
1.71244
1.73703
1.75352
1.75983
1.75592
1.74377
1.72695
1.70968
1.69582
1.68786
1.6866
1.69125
1.69979
1.70933
1.71655
1.71793
1.71041
1.69211
1.66316
1.6265
1.58776
1.55441
1.53383
1.53083
1.54593
1.5754
1.61295
1.6522
1.68845
1.71918
1.74364
1.76186
1.77397
1.7801
1.78033
1.77483
1.76399
1.7486
1.72982
1.70889
1.68663
1.66341
1.63959
1.616
1.59397
1.57506
1.5607
1.55186
1.54871
1.55034
1.55489
1.56046
1.56611
1.57223
1.58007
1.59084
1.60482
1.62102
1.6374
1.65147
1.66107
1.66497
1.66307
1.65615
1.64568
1.63343
1.62109
1.61002
1.601
1.59425
1.58947
1.58627
1.58429
1.58346
1.58403
1.58631
1.5905
1.59663
1.6045
1.61376
1.62385
1.63403
1.64337
1.65101
1.65623
1.65862
1.65806
1.65472
1.649
1.64145
1.63263
1.62299
1.61279
1.60214
1.59098
1.57904
1.56594
1.55138
1.53529
1.51801
1.50043
1.4842
1.47151
1.46465
1.46542
1.47446
1.49105
1.51284
1.53591
1.55563
1.56776
1.56973
1.56139
1.54485
1.52359
1.50112
1.48016
1.46285
1.45163
1.44961
1.4597
1.48281
1.51683
1.55723
1.5989
1.6378
1.67147
1.69883
1.71964
1.73419
1.74325
1.748
1.74957
1.74838
1.7438
1.73456
1.71953
1.69834
1.67159
1.64079
1.60804
1.5757
1.54587
1.52018
1.49989
1.4862
1.48078
1.4861
1.50427
1.53465
1.57297
1.6136
1.65211
1.68592
1.71341
1.7335
1.7458
1.75112
1.7516
1.75026
1.74988
1.7519
1.75581
1.75935
1.75948
1.75361
1.74039
1.72014
1.69475
1.66715
1.64047
1.61739
1.60019
1.59066
1.58973
1.59657
1.6085
1.62213
1.63502
1.64638
1.65653
1.66597
1.67485
1.68266
1.68813
1.68945
1.68492
1.67392
1.65768
1.63969
1.62508
1.61894
1.62405
1.63941
1.66083
1.68344
1.7042
1.72261
1.73951
1.75511
1.76804
1.77608
1.77762
1.77231
1.76093
1.74467
1.72462
1.70168
1.67659
1.65031
1.62435
1.60078
1.58206
1.57046
1.5673
1.57229
1.58338
1.59753
1.61207
1.62584
1.63936
1.65419
1.67196
1.69324
1.71682
1.73967
1.75787
1.76787
1.76777
1.75773
1.73964
1.71631
1.69072
1.66545
1.6426
1.62404
1.61139
1.60571
1.60724
1.61528
1.62861
1.64571
1.66493
1.68433
1.70155
1.71405
1.71976
1.71761
1.70776
1.69147
1.67082
1.64808
1.62533
1.60421
1.58666
1.57624
1.5784
1.59682
1.62893
1.66684
1.70279
1.73242
1.75416
1.7676
1.77249
1.76882
1.75705
1.73839
1.71468
1.68811
1.6611
1.63592
1.61441
1.59816
1.58903
1.58832
1.59467
1.60354
1.60997
1.61172
1.60979
1.60778
1.61077
1.6223
1.64051
1.65864
1.67063
1.6754
1.67636
1.67829
1.68439
1.6948
1.70705
1.71763
1.72369
1.72389
1.71831
1.70802
1.69472
1.68062
1.66804
1.65859
1.65241
1.64785
1.64213
1.6324
1.61683
1.59523
1.56916
1.54167
1.51674
1.49829
1.48931
1.49107
1.5025
1.52043
1.54042
1.558
1.56978
1.5741
1.57127
1.56322
1.55303
1.54428
1.54028
1.54337
1.55434
1.57232
1.59499
1.61916
1.64149
1.65893
1.66914
1.67067
1.66325
1.64801
1.62778
1.6069
1.59055
1.58342
1.58822
1.60449
1.62858
1.65487
1.67782
1.69342
1.69996
1.69769
1.6883
1.67424
1.65849
1.64435
1.63529
1.63445
1.64341
1.66111
1.68382
1.70677
1.72608
1.73989
1.74856
1.75457
1.76151
1.77245
1.78779
1.80421
1.8159
1.81708
1.80428
1.77716
1.73866
1.69467
1.65325
1.62284
1.60947
1.61443
1.63386
1.66088
1.6888
1.7133
1.73265
1.74669
1.75564
1.75932
1.75734
1.74965
1.73716
1.72156
1.70476
1.68846
1.67412
1.66296
1.65583
1.6529
1.65346
1.65591
1.65805
1.65747
1.65225
1.64176
1.62711
1.61116
1.59777
1.59054
1.59234
1.60552
1.63171
1.67024
1.71691
1.7649
1.80714
1.83864
1.85751
1.86446
1.86164
1.8513
1.83536
1.81559
1.79398
1.7726
1.75316
1.73662
1.72317
1.71237
1.70336
1.69509
1.68615
1.67456
1.65815
1.63544
1.60656
1.57363
1.54069
1.51303
1.49531
1.49001
1.49702
1.51476
1.54094
1.57242
1.60507
1.63462
1.65768
1.67264
1.67959
1.67992
1.67575
1.66926
1.66203
1.65489
1.64824
1.64261
1.63901
1.63866
1.64236
1.64974
1.6589
1.66696
1.67105
1.66945
1.66219
1.6511
1.63924
1.63
1.62594
1.62799
1.63535
1.64577
1.65657
1.66542
1.67109
1.67359
1.67371
1.67248
1.67066
1.66867
1.66675
1.66513
1.66397
1.66327
1.66272
1.66171
1.65912
1.65352
1.64349
1.62861
1.6102
1.59129
1.57587
1.56742
1.56791
1.57732
1.59402
1.61578
1.64074
1.66776
1.69583
1.72333
1.74791
1.76702
1.77864
1.78194
1.77732
1.7662
1.7505
1.73229
1.71392
1.69774
1.6852
1.67618
1.66941
1.66348
1.6576
1.65132
1.64385
1.63362
1.61889
1.59888
1.57444
1.5479
1.52201
1.49889
1.47943
1.4635
1.4506
1.44056
1.43389
1.43154
1.43439
1.44278
1.45586
1.47126
1.48545
1.49478
1.49669
1.49051
1.47802
1.46388
1.45504
1.45847
1.47796
1.51195
1.55412
1.59595
1.62951
1.64934
1.65325
1.64225
1.62026
1.5935
1.56902
1.55184
1.54259
1.53867
1.53799
1.54096
1.54926
1.56335
1.58092
1.59756
1.60879
1.61165
1.60497
1.58923
1.5677
1.54797
1.54056
1.55214
1.57953
1.61238
1.64077
1.65903
1.66566
1.66215
1.65188
1.63903
1.62735
1.61945
1.61695
1.62091
1.63196
1.64969
1.67211
1.69583
1.71703
1.73232
1.73951
1.738
1.72893
1.71481
1.69858
1.68262
1.66865
1.65826
1.65313
1.65478
1.66374
1.67943
1.70042
1.7248
1.75038
1.77474
1.79571
1.81182
1.82272
1.82921
1.83273
1.83449
1.83478
1.83302
1.82831
1.82007
1.80842
1.79411
1.77843
1.76292
1.74912
1.73816
1.73056
1.72585
1.72276
1.7195
1.71439
1.70641
1.69542
1.68213
1.66768
1.65308
1.63886
1.62489
1.61082
1.59671
1.58354
1.57313
1.56714
1.56584
1.56745
1.56896
1.56808
1.5649
1.56224
1.56427
1.57426
1.5931
1.61946
1.65087
1.68455
1.71769
1.74766
1.77237
1.7907
1.80248
1.80807
1.80741
1.7999
1.7851
1.7633
1.73536
1.70229
1.66564
1.62814
1.59382
1.56673
1.54932
1.54212
1.54449
1.55501
1.57145
1.59077
1.60998
1.62701
1.64139
1.65387
1.6655
1.67669
1.68686
1.69474
1.69902
1.69903
1.69535
1.69001
1.68612
1.68638
1.69137
1.69867
1.70405
1.70394
1.69728
1.68569
1.67197
1.65871
1.64741
1.63872
1.63293
1.63032
1.63094
1.63424
1.63934
1.64562
1.653
1.66146
1.67057
1.67926
1.68626
1.69061
1.69194
1.69052
1.68684
1.68133
1.67418
1.66541
1.65503
1.64327
1.63064
1.6178
1.60525
1.59314
1.5813
1.56943
1.55756
1.54641
1.53739
1.53234
1.53307
1.5408
1.55568
1.57658
1.60123
1.62694
1.65139
1.67304
1.69136
1.70664
1.71967
1.73122
1.7415
1.75002
1.75566
1.75707
1.75315
1.74343
1.72823
1.70842
1.685
1.6588
1.63079
1.60245
1.57581
1.55281
1.53487
1.52304
1.51788
1.51918
1.52549
1.53412
1.54197
1.54673
1.54812
1.54795
1.54906
1.55364
1.56226
1.57435
1.58917
1.60638
1.62533
1.64419
1.66023
1.67124
1.67646
1.67624
1.67119
1.66193
1.64931
1.63486
1.62104
1.61109
1.60786
1.61204
1.62148
1.63248
1.64197
1.64855
1.65195
1.65229
1.64954
1.64368
1.63496
1.62414
1.61239
1.60104
1.59128
1.58413
1.58057
1.58143
1.58713
1.59726
1.61056
1.62489
1.63743
1.64522
1.64626
1.64034
1.62936
1.61705
1.60757
1.60396
1.60685
1.61442
1.6235
1.63097
1.63482
1.63491
1.63322
1.6336
1.63993
1.65314
1.66955
1.68269
1.687
1.68025
1.66365
1.6407
1.61558
1.59177
1.57163
1.55684
1.54907
1.55005
1.56092
1.58157
1.61038
1.64427
1.67926
1.7111
1.73598
1.75115
1.75529
1.74877
1.73362
1.71313
1.69134
1.67225
1.65885
1.65194
1.64959
1.64823
1.64463
1.63724
1.62628
1.61318
1.59995
1.58872
1.5812
1.57829
1.57976
1.58459
1.59138
1.59858
1.6047
1.60853
1.60946
1.6074
1.60261
1.59562
1.58753
1.57993
1.57454
1.57302
1.57737
1.58998
1.6122
1.64316
1.67976
1.71721
1.7504
1.77574
1.79288
1.80447
1.81359
1.82092
1.82414
1.81969
1.80502
1.77982
1.74695
1.71265
1.68428
1.66605
1.65675
1.6516
1.64536
1.63425
1.61653
1.5928
1.56579
1.53967
1.51876
1.50641
1.50421
1.51203
1.52849
1.55152
1.57871
1.60738
1.63445
1.65647
1.67009
1.67283
1.66359
1.64288
1.61278
1.57678
1.53997
1.50881
1.48955
1.48499
1.49254
1.50568
1.51755
1.52345
1.52146
1.51198
1.49699
1.47953
1.46303
1.45084
1.44564
1.44895
1.46067
1.47912
1.50192
1.52704
1.55368
1.58211
1.61276
1.64529
1.67809
1.70865
1.73446
1.75369
1.7655
1.76979
1.76662
1.75615
1.73884
1.71583
1.68932
1.66242
1.63842
1.61981
1.60752
1.60066
1.5972
1.59476
1.59151
1.58656
1.57999
1.57262
1.56578
1.56122
1.56088
1.56643
1.57874
1.5972
1.61971
1.64315
1.66431
1.6807
1.69089
1.69455
1.69212
1.68455
1.67308
1.65924
1.64487
1.63184
1.62173
1.61532
1.61229
1.61106
1.60917
1.60411
1.59451
1.58085
1.5653
1.55074
1.54
1.53538
1.53816
1.54777
1.5613
1.57485
1.58574
1.59408
1.60244
1.61371
1.62876
1.6458
1.66194
1.67497
1.68402
1.68905
1.69027
1.68808
1.68347
1.67826
1.67476
1.67492
1.67948
1.68812
1.70076
1.71806
1.7403
1.76523
1.78803
1.80352
1.80857
1.80305
1.78941
1.77165
1.75406
1.73993
1.73087
1.72657
1.7252
1.72398
1.71978
1.70964
1.69126
1.6638
1.62941
1.59481
1.57012
1.56234
1.56916
1.58301
1.60046
1.62407
1.65541
1.6899
1.71992
1.74019
1.7493
1.74869
1.74156
1.73197
1.72369
1.71883
1.71685
1.71486
1.70916
1.69695
1.67727
1.65123
1.6213
1.59037
1.56094
1.53458
1.51197
1.49318
1.478
1.46637
1.45868
1.45572
1.45829
1.46656
1.47966
1.49586
1.51304
1.52919
1.54296
1.55409
1.56362
1.57332
1.58435
1.59596
1.60587
1.61176
1.61241
1.6081
1.60047
1.59236
1.58692
1.58622
1.59028
1.59707
1.60379
1.60804
1.60855
1.60556
1.60084
1.59704
1.59652
1.60011
1.60692
1.6152
1.62367
1.63187
1.63988
1.64749
1.65388
1.65769
1.6578
1.65386
1.64644
1.63696
1.62717
1.6188
1.61323
1.61148
1.6141
1.62109
1.63206
1.64642
1.66347
1.68257
1.70296
1.72341
1.7422
1.75731
1.76701
1.77051
1.76819
1.76151
1.75247
1.74313
1.73513
1.72914
1.72457
1.71965
1.71222
1.70083
1.6859
1.66984
1.65618
1.64812
1.6473
1.65344
1.66469
1.67831
1.69125
1.70055
1.70372
1.69916
1.68655
1.66718
1.6438
1.62011
1.59957
1.58435
1.57445
1.56781
1.56139
1.55296
1.5426
1.53318
1.52927
1.53514
1.55268
1.58049
1.61486
1.65128
1.6857
1.71511
1.73768
1.75277
1.76063
1.76222
1.75871
1.75129
1.74075
1.72756
1.71218
1.69522
1.67765
1.66061
1.64532
1.63325
1.6264
1.62695
1.63588
1.65179
1.6713
1.69066
1.70738
1.72066
1.7312
1.74054
1.75014
1.76051
1.77084
1.77938
1.7845
1.7857
1.7839
1.78079
1.77758
1.77414
1.76932
1.76173
1.75051
1.73569
1.71818
1.69961
1.68206
1.66785
1.6592
1.65751
1.66193
1.66906
1.67427
1.67381
1.66618
1.65254
1.63631
1.62189
1.61304
1.61159
1.61717
1.6276
1.63983
1.6505
1.65646
1.65504
1.64439
1.62401
1.59547
1.56246
1.52992
1.5022
1.48165
1.46871
1.46323
1.46513
1.47414
1.48921
1.5084
1.5291
1.54857
1.56452
1.57562
1.58175
1.58407
1.58455
1.58522
1.58725
1.59029
1.59267
1.59214
1.58676
1.57563
1.5595
1.54154
1.52759
1.52456
1.53624
1.56042
1.59058
1.62038
1.64607
1.66614
1.68023
1.68827
1.68995
1.68451
1.6713
1.65129
1.6286
1.61024
1.60236
1.60561
1.61521
1.6255
1.63348
1.63892
1.64219
1.64326
1.64238
1.64129
1.64274
1.6481
1.65576
1.66252
1.66619
1.6668
1.66606
1.66597
1.66776
1.67121
1.67459
1.67526
1.67096
1.66097
1.64693
1.63256
1.62236
1.61988
1.62618
1.63927
1.65488
1.66834
1.67639
1.67794
1.67404
1.66752
1.66244
1.66295
1.67137
1.6864
1.70347
1.717
1.72283
1.71957
1.70855
1.69294
1.67601
1.65964
1.6438
1.62735
1.60961
1.59198
1.57881
1.57605
1.58713
1.60909
1.63397
1.65369
1.66335
1.66197
1.65218
1.63976
1.63207
1.63508
1.65039
1.67511
1.70391
1.73164
1.75445
1.76998
1.77703
1.77528
1.76513
1.74759
1.7241
1.69635
1.66615
1.63521
1.60521
1.57778
1.5547
1.53807
1.53019
1.53271
1.54557
1.56653
1.59174
1.61728
1.64032
1.65949
1.67454
1.68582
1.69395
1.69978
1.70431
1.70837
1.71227
1.71572
1.71798
1.71837
1.71674
1.71371
1.71053
1.70831
1.70749
1.7075
1.70714
1.70514
1.70071
1.69366
1.68403
1.67173
1.6565
1.63855
1.61991
1.60501
1.59893
1.60315
1.61384
1.62507
1.63298
1.63655
1.63581
1.6302
1.61826
1.59867
1.57178
1.54077
1.51153
1.49109
1.48489
1.49432
1.51648
1.54614
1.57852
1.61088
1.64219
1.67207
1.69988
1.72445
1.74417
1.75695
1.75999
1.75019
1.72532
1.68628
1.63971
1.59738
1.56988
1.55973
1.56228
1.57148
1.58293
1.59367
1.6017
1.60648
1.60907
1.61146
1.61524
1.62066
1.62655
1.63118
1.63329
1.63284
1.6307
1.62789
1.62508
1.62279
1.62181
1.62327
1.62817
1.63674
1.64805
1.66022
1.67126
1.67997
1.68645
1.69171
1.69678
1.70186
1.70601
1.7075
1.70439
1.69507
1.67874
1.65576
1.628
1.59881
1.57243
1.55291
1.54283
1.54253
1.55001
1.56198
1.57558
1.58987
1.60566
1.62371
1.64278
1.65957
1.67061
1.67385
1.66941
1.65943
1.64753
1.638
1.63452
1.63906
1.65108
1.66788
1.68577
1.70124
1.71181
1.71617
1.71413
1.70644
1.69461
1.68074
1.66714
1.65582
1.64796
1.64387
1.64304
1.64454
1.64744
1.65076
1.65329
1.65364
1.65045
1.64313
1.63258
1.62125
1.6122
1.60753
1.60739
1.61036
1.61441
1.61777
1.61934
1.61857
1.61527
1.60945
1.6013
1.59129
1.58027
1.56933
1.5596
1.55202
1.54757
1.54755
1.55363
1.56737
1.58913
1.61719
1.64818
1.67836
1.70488
1.72643
1.7429
1.75491
1.76337
1.76922
1.77345
1.77712
1.78108
1.78562
1.79006
1.79302
1.79318
1.79008
1.7843
1.77703
1.76943
1.76212
1.75475
1.7458
1.73312
1.71492
1.69057
1.66089
1.62847
1.59778
1.57442
1.56291
1.56411
1.57495
1.59073
1.60775
1.62414
1.63951
1.65448
1.67003
1.68689
1.70496
1.72307
1.73943
1.75224
1.76011
1.76234
1.75908
1.75153
1.74158
1.73117
1.72178
1.71456
1.71095
1.71279
1.72144
1.73657
1.75582
1.77553
1.79172
1.80085
1.80015
1.78865
1.76845
1.74554
1.72834
1.72287
1.72842
1.73847
1.74584
1.74619
1.73833
1.72313
1.70251
1.67882
1.65435
1.631
1.61037
1.59384
1.58269
1.57792
1.57969
1.58685
1.59741
1.60963
1.6229
1.63787
1.65576
1.67718
1.70127
1.72572
1.74748
1.76365
1.77218
1.77206
1.76314
1.74582
1.72096
1.6902
1.65654
1.62442
1.59877
1.58313
1.57834
1.58322
1.59587
1.61423
1.63562
1.65671
1.6743
1.6866
1.69405
1.6988
1.70339
1.70941
1.71682
1.72434
1.73022
1.73279
1.73063
1.72259
1.70771
1.68554
1.65645
1.62196
1.5851
1.55014
1.52173
1.5034
1.49625
1.49861
1.50688
1.51712
1.52643
1.53365
1.5392
1.54435
1.55069
1.55997
1.57373
1.59231
1.61398
1.63517
1.65164
1.65967
1.65678
1.64188
1.61531
1.57901
1.53655
1.49341
1.45754
1.43827
1.4426
1.47044
1.51435
1.56442
1.61282
1.65527
1.69018
1.71748
1.73764
1.75103
1.75794
1.75868
1.75386
1.74439
1.73153
1.71683
1.70209
1.68914
1.67935
1.67327
