-3.79045
-3.79096
-3.79049
-3.79085
-3.79152
-3.79141
-3.79154
-3.79099
-3.79049
-3.79062
-3.79052
-3.79042
-3.79076
-3.78996
-3.78993
-3.78972
-3.78982
-3.78991
-3.79054
-3.78996
-3.78978
-3.78947
-3.79012
-3.7901
-3.78997
-3.79055
-3.79094
-3.79109
-3.79118
-3.79021
-3.79118
-3.78967
-3.78951
-3.79073
-3.79068
-3.79156
-3.79221
-3.79239
-3.79265
-3.79249
-3.79349
-3.79351
-3.7925
-3.79119
-3.79134
-3.79064
-3.79046
-3.79114
-3.79207
-3.79156
-3.79163
-3.79187
-3.79124
-3.79123
-3.79128
-3.7918
-3.79233
-3.79402
-3.79505
-3.79615
-3.79548
-3.79603
-3.79583
-3.79634
-3.79444
-3.79472
-3.795
-3.79474
-3.79421
-3.79355
-3.79349
-3.79314
-3.79269
-3.79204
-3.79092
-3.7899
-3.79032
-3.79112
-3.79128
-3.79163
-3.79322
-3.79354
-3.79507
-3.79559
-3.79588
-3.79635
-3.79584
-3.79593
-3.79364
-3.79329
-3.79217
-3.79254
-3.79249
-3.79191
-3.79132
-3.7904
-3.78869
-3.78836
-3.78739
-3.78673
-3.78592
-3.78676
-3.78827
-3.78966
-3.79149
-3.79282
-3.79306
-3.79361
-3.79435
-3.79352
-3.7927
-3.79185
-3.79156
-3.79109
-3.79016
-3.78901
-3.78907
-3.78888
-3.78864
-3.78769
-3.78857
-3.78769
-3.78792
-3.78845
-3.78971
-3.79039
-3.79059
-3.79158
-3.79158
-3.79184
-3.79136
-3.79056
-3.79052
-3.79064
-3.79063
-3.79105
-3.79231
-3.79267
-3.79277
-3.79184
-3.79201
-3.79116
-3.79098
-3.7902
-3.79006
-3.79058
-3.79081
-3.79031
-3.78879
-3.78795
-3.78771
-3.78816
-3.78815
-3.78953
-3.78971
-3.79075
-3.7908
-3.79044
-3.79114
-3.79163
-3.79173
-3.79125
-3.79186
-3.79135
-3.79171
-3.79225
-3.79192
-3.79225
-3.79364
-3.79363
-3.79357
-3.79366
-3.79308
-3.79264
-3.79276
-3.79366
-3.79411
-3.79386
-3.79398
-3.79408
-3.79366
-3.79426
-3.79378
-3.79313
-3.79194
-3.79117
-3.79059
-3.79009
-3.79046
-3.78967
-3.7889
-3.7887
-3.78677
-3.78655
-3.78609
-3.78525
-3.78629
-3.78705
-3.7869
-3.78675
-3.7861
-3.78555
-3.78614
-3.78686
-3.78801
-3.78915
-3.79045
-3.79231
-3.79155
-3.79136
-3.79229
-3.79154
-3.79152
-3.79117
-3.79233
-3.79256
-3.79217
-3.79169
-3.79114
-3.79092
-3.78917
-3.78796
-3.78767
-3.78805
-3.7884
-3.78854
-3.78946
-3.79073
-3.79104
-3.79182
-3.79207
-3.79213
-3.79154
-3.79218
-3.79249
-3.79099
-3.7903
-3.78989
-3.78877
-3.78897
-3.78927
-3.78947
-3.78905
-3.78875
-3.7889
-3.78932
-3.78862
-3.78928
-3.78931
-3.78967
-3.78972
-3.78991
-3.7902
-3.79057
-3.79174
-3.79158
-3.79109
-3.79057
-3.79101
-3.79139
-3.79171
-3.79224
-3.79404
-3.79597
-3.79552
-3.79534
-3.79433
-3.7946
-3.7953
-3.79561
-3.79423
-3.79438
-3.79439
-3.79437
-3.79545
-3.79608
-3.79669
-3.79818
-3.79792
-3.7981
-3.7972
-3.79512
-3.79403
-3.79435
-3.79402
-3.794
-3.7938
-3.79271
-3.79311
-3.79427
-3.79443
-3.79407
-3.79457
-3.79516
-3.79582
-3.79604
-3.79828
-3.7989
-3.79949
-3.7991
-3.798
-3.79681
-3.7962
-3.79495
-3.79344
-3.79284
-3.79306
-3.79282
-3.79269
-3.79328
-3.79204
-3.79078
-3.79028
-3.79051
-3.79057
-3.7909
-3.79101
-3.79173
-3.79271
-3.7939
-3.79407
-3.79346
-3.79293
-3.79303
-3.79283
-3.79266
-3.79241
-3.79272
-3.79467
-3.79526
-3.7965
-3.79592
-3.79556
-3.79375
-3.79333
-3.79364
-3.79367
-3.7941
-3.79451
-3.79297
-3.79286
-3.79201
-3.79206
-3.79286
-3.79296
-3.79317
-3.7937
-3.79394
-3.79333
-3.79375
-3.79258
-3.79275
-3.79277
-3.79332
-3.79312
-3.79286
-3.79329
-3.79307
-3.79358
-3.79374
-3.79366
-3.79358
-3.7933
-3.79241
-3.79169
-3.79182
-3.79192
-3.79262
-3.79418
-3.79436
-3.79515
-3.79493
-3.79465
-3.79294
-3.79244
-3.79058
-3.78955
-3.78835
-3.78773
-3.7886
-3.78689
-3.78727
-3.78726
-3.78655
-3.78765
-3.78825
-3.78909
-3.78998
-3.79066
-3.7911
-3.79244
-3.79198
-3.79093
-3.78903
-3.78905
-3.78898
-3.78963
-3.79015
-3.79098
-3.79256
-3.79345
-3.79433
-3.79377
-3.79262
-3.79206
-3.79157
-3.79087
-3.7917
-3.79139
-3.79106
-3.79027
-3.78912
-3.78942
-3.78965
-3.79014
-3.79006
-3.79099
-3.79157
-3.79276
-3.79267
-3.79301
-3.79283
-3.79287
-3.79234
-3.79159
-3.79322
-3.79246
-3.7927
-3.79276
-3.7934
-3.79362
-3.79235
-3.79249
-3.79116
-3.79221
-3.79236
-3.7939
-3.79482
-3.79592
-3.79584
-3.79517
-3.79535
-3.79559
-3.79564
-3.79552
-3.79495
-3.79498
-3.79475
-3.7926
-3.7928
-3.79195
-3.79192
-3.79192
-3.79161
-3.79274
-3.79096
-3.78989
-3.78887
-3.78814
-3.78721
-3.78705
-3.78733
-3.78843
-3.79019
-3.79204
-3.79229
-3.79373
-3.79482
-3.79558
-3.79532
-3.79551
-3.79488
-3.7949
-3.79311
-3.79282
-3.791
-3.79191
-3.79309
-3.79328
-3.79295
-3.79251
-3.79289
-3.79268
-3.79271
-3.79269
-3.79147
-3.79005
-3.78842
-3.78701
-3.78771
-3.79023
-3.79222
-3.7938
-3.79435
-3.79552
-3.79568
-3.79647
-3.7963
-3.79747
-3.79796
-3.7983
-3.79678
-3.79582
-3.7943
-3.79549
-3.79507
-3.79489
-3.79436
-3.793
-3.79181
-3.79122
-3.79078
-3.79005
-3.78983
-3.79057
-3.79044
-3.7901
-3.78966
-3.79111
-3.79267
-3.79428
-3.79527
-3.79602
-3.79573
-3.79584
-3.79447
-3.79371
-3.79341
-3.79329
-3.79227
-3.79167
-3.79272
-3.79235
-3.79234
-3.79325
-3.79389
-3.79499
-3.79599
-3.79664
-3.79583
-3.79562
-3.7958
-3.79565
-3.79668
-3.79576
-3.79612
-3.79631
-3.79582
-3.79487
-3.79452
-3.79456
-3.7952
-3.7947
-3.79479
-3.79365
-3.79343
-3.79275
-3.79224
-3.79233
-3.79297
-3.79319
-3.79436
-3.79385
-3.79226
-3.79199
-3.79219
-3.79278
-3.79254
-3.79202
-3.79295
-3.7928
-3.79235
-3.79222
-3.79397
-3.79383
-3.79385
-3.79387
-3.7927
-3.79179
-3.79186
-3.79128
-3.79143
-3.79242
-3.7937
-3.79353
-3.79368
-3.79378
-3.79128
-3.79158
-3.7921
-3.79227
-3.79153
-3.79138
-3.78982
-3.78929
-3.78869
-3.78883
-3.78966
-3.78946
-3.7905
-3.79129
-3.79193
-3.79356
-3.79425
-3.79506
-3.79541
-3.79558
-3.79455
-3.79364
-3.79431
-3.79313
-3.79298
-3.79221
-3.79158
-3.79216
-3.79216
-3.79293
-3.7938
-3.7944
-3.79581
-3.79642
-3.79559
-3.79405
-3.7931
-3.79191
-3.79211
-3.79243
-3.79295
-3.79417
-3.79414
-3.79431
-3.79579
-3.7959
-3.79577
-3.79658
-3.79711
-3.7966
-3.7967
-3.79589
-3.7957
-3.79495
-3.79311
-3.79246
-3.79172
-3.79066
-3.79037
-3.79049
-3.7924
-3.79252
-3.79325
-3.79226
-3.79237
-3.79225
-3.79209
-3.79241
-3.79416
-3.79548
-3.79636
-3.79602
-3.79498
-3.79372
-3.79258
-3.7916
-3.79084
-3.79108
-3.79058
-3.7915
-3.79364
-3.79404
-3.79423
-3.79369
-3.79376
-3.79384
-3.79493
-3.7931
-3.79263
-3.79126
-3.79011
-3.78954
-3.78996
-3.79108
-3.79133
-3.79284
-3.79364
-3.79466
-3.79408
-3.79383
-3.79479
-3.79536
-3.79472
-3.79501
-3.79398
-3.79455
-3.7939
-3.7939
-3.79496
-3.7961
-3.79556
-3.79614
-3.79706
-3.79664
-3.79658
-3.79602
-3.79609
-3.7962
-3.79623
-3.79559
-3.79532
-3.79389
-3.79357
-3.79342
-3.79195
-3.79217
-3.79231
-3.79194
-3.79179
-3.79248
-3.79343
-3.79432
-3.79404
-3.79367
-3.79236
-3.79248
-3.79186
-3.79005
-3.78971
-3.78974
-3.78988
-3.78965
-3.78991
-3.79017
-3.7912
-3.79278
-3.79511
-3.79667
-3.7967
-3.79575
-3.79533
-3.79418
-3.79362
-3.79207
-3.79127
-3.79019
-3.78999
-3.78884
-3.78932
-3.78919
-3.7909
-3.79259
-3.79357
-3.79459
-3.79563
-3.79587
-3.79612
-3.79639
-3.79629
-3.7949
-3.79501
-3.79438
-3.79536
-3.79586
-3.79659
-3.79689
-3.79693
-3.79584
-3.79421
-3.79374
-3.79338
-3.79204
-3.79236
-3.79103
-3.79191
-3.79155
-3.7924
-3.79241
-3.79257
-3.79226
-3.79195
-3.79155
-3.79068
-3.79042
-3.79016
-3.78887
-3.78926
-3.78878
-3.78994
-3.78925
-3.79002
-3.79103
-3.79039
-3.79019
-3.7909
-3.7902
-3.7892
-3.78865
-3.78815
-3.78764
-3.78751
-3.78763
-3.78858
-3.78949
-3.7905
-3.79202
-3.79109
-3.79029
-3.78972
-3.78846
-3.78924
-3.7887
-3.78842
-3.78799
-3.79015
-3.79057
-3.79107
-3.7917
-3.7918
-3.79148
-3.79084
-3.79007
-3.79044
-3.79104
-3.79043
-3.79081
-3.79099
-3.79177
-3.79161
-3.79273
-3.79297
-3.79394
-3.79425
-3.79371
-3.79228
-3.79104
-3.78959
-3.78762
-3.78584
-3.78534
-3.78545
-3.78548
-3.78705
-3.78861
-3.79052
-3.79088
-3.79018
-3.79116
-3.79121
-3.7924
-3.79304
-3.79446
-3.79518
-3.79635
-3.79573
-3.79519
-3.79544
-3.79411
-3.79341
-3.79301
-3.79333
-3.79358
-3.79265
-3.79404
-3.79384
-3.79453
-3.79381
-3.79342
-3.79316
-3.79284
-3.79332
-3.79369
-3.7936
-3.79383
-3.79278
-3.79159
-3.79039
-3.78927
-3.78981
-3.78842
-3.78861
-3.78956
-3.78993
-3.79227
-3.79225
-3.79298
-3.7932
-3.79243
-3.79175
-3.79209
-3.79219
-3.79203
-3.79236
-3.79265
-3.79218
-3.79327
-3.79335
-3.7936
-3.79316
-3.7937
-3.79349
-3.79203
-3.79135
-3.79041
-3.79099
-3.79129
-3.7911
-3.79051
-3.78828
-3.7882
-3.78607
-3.78534
-3.78524
-3.7842
-3.78455
-3.78549
-3.78689
-3.78795
-3.78913
-3.79139
-3.7914
-3.79196
-3.79185
-3.79135
-3.79124
-3.79008
-3.78996
-3.79021
-3.78923
-3.78897
-3.78857
-3.78883
-3.78895
-3.78989
-3.7903
-3.79155
-3.79335
-3.79293
-3.79321
-3.79226
-3.79136
-3.7913
-3.79016
-3.78984
-3.7895
-3.78891
-3.79016
-3.79024
-3.79001
-3.79057
-3.78923
-3.78768
-3.78726
-3.78665
-3.78656
-3.78588
-3.78563
-3.78481
-3.78398
-3.78395
-3.78527
-3.78688
-3.78744
-3.78774
-3.78896
-3.78928
-3.78956
-3.79017
-3.79124
-3.79209
-3.79251
-3.79242
-3.79164
-3.79162
-3.79088
-3.79123
-3.79113
-3.79177
-3.79147
-3.79131
-3.79061
-3.79072
-3.79063
-3.7905
-3.791
-3.79029
-3.79066
-3.79029
-3.79013
-3.7909
-3.79144
-3.79083
-3.79179
-3.79242
-3.79335
-3.79361
-3.79294
-3.79209
-3.79227
-3.79113
-3.79053
-3.78937
-3.78858
-3.78794
-3.78861
-3.78875
-3.78993
-3.79105
-3.79244
-3.79293
-3.79348
-3.79308
-3.79278
-3.79199
-3.79124
-3.79105
-3.79111
-3.79097
-3.79169
-3.79198
-3.79205
-3.7927
-3.79246
-3.79251
-3.79216
-3.79255
-3.7935
-3.7953
-3.79647
-3.79783
-3.79865
-3.79946
-3.7988
-3.79677
-3.79502
-3.79442
-3.79403
-3.79457
-3.79456
-3.79486
-3.79521
-3.79499
-3.79467
-3.79409
-3.7933
-3.79202
-3.79142
-3.79122
-3.79232
-3.79315
-3.79555
-3.79748
-3.79897
-3.79875
-3.79847
-3.79747
-3.7955
-3.7939
-3.79332
-3.79223
-3.79266
-3.79353
-3.79393
-3.79474
-3.79362
-3.79499
-3.79569
-3.79486
-3.7939
-3.79261
-3.79224
-3.79209
-3.79252
-3.79327
-3.79355
-3.79326
-3.79351
-3.7941
-3.79398
-3.7943
-3.79464
-3.79472
-3.79601
-3.7951
-3.79513
-3.79579
-3.79547
-3.79334
-3.79156
-3.79138
-3.79147
-3.79057
-3.79108
-3.79144
-3.79177
-3.79099
-3.79149
-3.79115
-3.79136
-3.79172
-3.79112
-3.79119
-3.7916
-3.79252
-3.79429
-3.79482
-3.79531
-3.79565
-3.79533
-3.79637
-3.79554
-3.79403
-3.79168
-3.79055
-3.78848
-3.78722
-3.78726
-3.78745
-3.78673
-3.7865
-3.78788
-3.78846
-3.78852
-3.78879
-3.78998
-3.79015
-3.7903
-3.79091
-3.78906
-3.78879
-3.78825
-3.78717
-3.78723
-3.78663
-3.78617
-3.78676
-3.78745
-3.78712
-3.78741
-3.78656
-3.78717
-3.78729
-3.78641
-3.78686
-3.78771
-3.78834
-3.78982
-3.79045
-3.7905
-3.7916
-3.79194
-3.79256
-3.79138
-3.79023
-3.78918
-3.7886
-3.78788
-3.7876
-3.78891
-3.78949
-3.79075
-3.79139
-3.79227
-3.79264
-3.79202
-3.79222
-3.79232
-3.79081
-3.79068
-3.78956
-3.78874
-3.78905
-3.78998
-3.79129
-3.79203
-3.79354
-3.79319
-3.79457
-3.79359
-3.79242
-3.79192
-3.79207
-3.79118
-3.79258
-3.79182
-3.79182
-3.79142
-3.79269
-3.79326
-3.79395
-3.79423
-3.79347
-3.7938
-3.79284
-3.79231
-3.79176
-3.79237
-3.79154
-3.78982
-3.78843
-3.78737
-3.7864
-3.78602
-3.78641
-3.78607
-3.78675
-3.78841
-3.79054
-3.79246
-3.79419
-3.79392
-3.79385
-3.79447
-3.79363
-3.7929
-3.79252
-3.79223
-3.79074
-3.789
-3.78878
-3.78873
-3.78867
-3.78838
-3.78799
-3.78857
-3.78879
-3.78909
-3.79043
-3.79119
-3.79141
-3.79089
-3.78969
-3.78828
-3.78691
-3.78625
-3.78761
-3.78962
-3.79089
-3.79192
-3.79238
-3.79355
-3.79393
-3.79536
-3.79634
-3.79694
-3.7959
-3.79523
-3.79436
-3.79361
-3.79318
-3.79402
-3.79357
-3.79304
-3.7926
-3.79315
-3.7933
-3.79328
-3.79288
-3.79225
-3.79114
-3.79201
-3.79068
-3.79065
-3.79013
-3.78985
-3.79087
-3.79063
-3.79143
-3.79161
-3.79204
-3.79278
-3.79332
-3.79389
-3.79447
-3.7932
-3.79371
-3.79311
-3.79235
-3.79286
-3.79107
-3.79065
-3.78946
-3.78867
-3.78947
-3.78917
-3.78907
-3.78954
-3.78793
-3.78723
-3.78666
-3.78675
-3.78686
-3.7871
-3.78731
-3.78763
-3.78762
-3.7884
-3.78854
-3.78953
-3.79022
-3.79112
-3.7924
-3.79251
-3.79209
-3.79171
-3.79223
-3.79145
-3.7904
-3.78936
-3.78936
-3.78917
-3.79013
-3.79021
-3.78948
-3.78968
-3.79064
-3.79004
-3.78939
-3.78933
-3.79037
-3.79022
-3.79064
-3.79097
-3.79007
-3.7908
-3.79054
-3.78948
-3.79055
-3.79041
-3.7897
-3.78937
-3.78996
-3.7893
-3.79069
-3.79051
-3.79105
-3.79016
-3.79005
-3.78996
-3.79062
-3.79089
-3.79074
-3.79049
-3.79171
-3.7909
-3.78995
-3.7897
-3.7885
-3.78747
-3.78653
-3.78675
-3.78625
-3.78756
-3.7878
-3.78907
-3.79017
-3.79077
-3.7916
-3.79177
-3.79259
-3.79224
-3.79223
-3.79243
-3.79198
-3.79134
-3.79172
-3.79219
-3.79183
-3.79168
-3.7919
-3.79157
-3.7924
-3.79126
-3.79132
-3.79064
-3.79042
-3.78935
-3.78868
-3.78796
-3.78759
-3.78719
-3.78726
-3.78641
-3.78563
-3.78537
-3.7855
-3.78566
-3.78699
-3.78749
-3.7874
-3.78807
-3.788
-3.78746
-3.78695
-3.78672
-3.78663
-3.78792
-3.78811
-3.78965
-3.79047
-3.79095
-3.7916
-3.79198
-3.79251
-3.79247
-3.79312
-3.79343
-3.79287
-3.79266
-3.79081
-3.78865
-3.78688
-3.7857
-3.78618
-3.78625
-3.78656
-3.78665
-3.78588
-3.78655
-3.78658
-3.78737
-3.78737
-3.78731
-3.78678
-3.78613
-3.78634
-3.78648
-3.78605
-3.78691
-3.78799
-3.78874
-3.78813
-3.78832
-3.78969
-3.79051
-3.79009
-3.79032
-3.78955
-3.78905
-3.78881
-3.78811
-3.78758
-3.78737
-3.78711
-3.78585
-3.78643
-3.78664
-3.78679
-3.78801
-3.7894
-3.79055
-3.79114
-3.79168
-3.79192
-3.792
-3.79129
-3.79128
-3.79145
-3.79215
-3.79216
-3.79195
-3.79108
-3.7918
-3.79113
-3.79064
-3.79021
-3.78925
-3.78933
-3.78825
-3.78697
-3.78584
-3.78564
-3.78529
-3.78494
-3.78536
-3.78539
-3.78613
-3.78744
-3.7886
-3.78866
-3.7898
-3.79
-3.79025
-3.78897
-3.78861
-3.78776
-3.78648
-3.78581
-3.78637
-3.78622
-3.78661
-3.78713
-3.78739
-3.78791
-3.78875
-3.79061
-3.7911
-3.79111
-3.79219
-3.79207
-3.79268
-3.79224
-3.79153
-3.79262
-3.79353
-3.79455
-3.79425
-3.79473
-3.79473
-3.79369
-3.7919
-3.79195
-3.79108
-3.79108
-3.79206
-3.79373
-3.79548
-3.79761
-3.79758
-3.79847
-3.79727
-3.79504
-3.79344
-3.79217
-3.79004
-3.79046
-3.79133
-3.79232
-3.79298
-3.79341
-3.79403
-3.79448
-3.79236
-3.79198
-3.79051
-3.79003
-3.79097
-3.79142
-3.79238
-3.79246
-3.79522
-3.79712
-3.7976
-3.79711
-3.79522
-3.79379
-3.79279
-3.79159
-3.79087
-3.79023
-3.79017
-3.79023
-3.79026
-3.79126
-3.79132
-3.79137
-3.79205
-3.79274
-3.7933
-3.7933
-3.79229
-3.79218
-3.7913
-3.79071
-3.79094
-3.7904
-3.79012
-3.78959
-3.78836
-3.78784
-3.78742
-3.78694
-3.78641
-3.78659
-3.78714
-3.78726
-3.78842
-3.78981
-3.79084
-3.79219
-3.79424
-3.7942
-3.79361
-3.79163
-3.79065
-3.79046
-3.78986
-3.79001
-3.78959
-3.78985
-3.78999
-3.79114
-3.79227
-3.79338
-3.7943
-3.7941
-3.79359
-3.79307
-3.79055
-3.79025
-3.78904
-3.78811
-3.78792
-3.78783
-3.78803
-3.78774
-3.78812
-3.78955
-3.79159
-3.79232
-3.79241
-3.79279
-3.79277
-3.79263
-3.79357
-3.79222
-3.79238
-3.79118
-3.79104
-3.79013
-3.79091
-3.79294
-3.79536
-3.79704
-3.79762
-3.7967
-3.79456
-3.79305
-3.79181
-3.79236
-3.79134
-3.79105
-3.79059
-3.7911
-3.79116
-3.7905
-3.79072
-3.7902
-3.78987
-3.79133
-3.79295
-3.79275
-3.7942
-3.79422
-3.79433
-3.79567
-3.7972
-3.79835
-3.80024
-3.79984
-3.80015
-3.80008
-3.79901
-3.79697
-3.79573
-3.79387
-3.79278
-3.79204
-3.79315
-3.794
-3.79527
-3.79448
-3.7944
-3.79441
-3.79283
-3.79272
-3.79303
-3.79352
-3.79435
-3.79511
-3.79611
-3.79659
-3.79656
-3.79614
-3.79586
-3.79528
-3.79356
-3.79286
-3.79121
-3.79136
-3.79083
-3.79155
-3.79272
-3.79372
-3.79494
-3.79489
-3.79397
-3.79316
-3.79399
-3.79352
-3.79247
-3.79207
-3.79138
-3.79143
-3.79178
-3.79265
-3.7918
-3.79184
-3.7899
-3.78987
-3.79012
-3.79112
-3.7921
-3.79272
-3.79336
-3.79473
-3.79569
-3.79668
-3.79663
-3.79737
-3.79664
-3.79605
-3.79551
-3.79576
-3.79527
-3.79491
-3.79479
-3.79562
-3.79478
-3.79532
-3.79517
-3.79461
-3.7946
-3.79399
-3.79345
-3.79275
-3.79229
-3.7925
-3.79162
-3.79144
-3.78961
-3.78888
-3.78866
-3.78827
-3.7897
-3.79074
-3.79177
-3.79269
-3.79334
-3.79366
-3.7947
-3.79401
-3.79292
-3.7915
-3.79158
-3.79122
-3.79038
-3.78976
-3.78908
-3.78914
-3.79045
-3.79209
-3.79389
-3.79459
-3.79567
-3.79675
-3.7959
-3.79605
-3.79521
-3.79555
-3.79574
-3.79573
-3.7954
-3.79378
-3.793
-3.79112
-3.78938
-3.78855
-3.78977
-3.79001
-3.78877
-3.78901
-3.7893
-3.79021
-3.79015
-3.79089
-3.7907
-3.79168
-3.79052
-3.79049
-3.79034
-3.79009
-3.78969
-3.78976
-3.78971
-3.79086
-3.79108
-3.79197
-3.79189
-3.79122
-3.79172
-3.79134
-3.79053
-3.78979
-3.78887
-3.78823
-3.78728
-3.7871
-3.7876
-3.78725
-3.78862
-3.79092
-3.7911
-3.7915
-3.79024
-3.78965
-3.78862
-3.78872
-3.78761
-3.78691
-3.78694
-3.78723
-3.78808
-3.78862
-3.78864
-3.78988
-3.79147
-3.79183
-3.79238
-3.79237
-3.79226
-3.79258
-3.79259
-3.79387
-3.79542
-3.79594
-3.79525
-3.79546
-3.79417
-3.79403
-3.79421
-3.79393
-3.79462
-3.79497
-3.79612
-3.79615
-3.79701
-3.79629
-3.79601
-3.79543
-3.79512
-3.79461
-3.7937
-3.79202
-3.79096
-3.79118
-3.79181
-3.79329
-3.79354
-3.79237
-3.79332
-3.79307
-3.7928
-3.79273
-3.79276
-3.79338
-3.79254
-3.79198
-3.79107
-3.7901
-3.78974
-3.79
-3.79005
-3.7896
-3.78994
-3.78957
-3.78859
-3.78907
-3.78924
-3.79056
-3.79178
-3.79251
-3.79266
-3.79418
-3.79575
-3.7966
-3.79679
-3.79637
-3.79561
-3.79514
-3.79416
-3.79323
-3.79222
-3.79131
-3.78998
-3.78919
-3.7898
-3.78996
-3.79091
-3.79352
-3.79431
-3.79515
-3.79557
-3.79576
-3.79521
-3.79454
-3.79423
-3.79487
-3.7936
-3.7918
-3.79074
-3.78969
-3.78928
-3.78922
-3.78909
-3.78894
-3.78795
-3.78736
-3.78696
-3.788
-3.78995
-3.79041
-3.79096
-3.79119
-3.79136
-3.79119
-3.79171
-3.79268
-3.79236
-3.79276
-3.79255
-3.79224
-3.79237
-3.79285
-3.79338
-3.79237
-3.79042
-3.78963
-3.78832
-3.78854
-3.78838
-3.78754
-3.78752
-3.78828
-3.78916
-3.78931
-3.78938
-3.78903
-3.78849
-3.78918
-3.78885
-3.79003
-3.79074
-3.79188
-3.79316
-3.79282
-3.79209
-3.79263
-3.79243
-3.79186
-3.7922
-3.79187
-3.79088
-3.79104
-3.7906
-3.7901
-3.79078
-3.7915
-3.79236
-3.79208
-3.79222
-3.79219
-3.79218
-3.79164
-3.79098
-3.79025
-3.79108
-3.78987
-3.78958
-3.7894
-3.78957
-3.78955
-3.79057
-3.79231
-3.79405
-3.79526
-3.79552
-3.7954
-3.7948
-3.79466
-3.79389
-3.79213
-3.79139
-3.79295
-3.79439
-3.79499
-3.79666
-3.79693
-3.79845
-3.79957
-3.79949
-3.79903
-3.79788
-3.79694
-3.79629
-3.79591
-3.79424
-3.79348
-3.7926
-3.79158
-3.79059
-3.79027
-3.79015
-3.79105
-3.79184
-3.79312
-3.79409
-3.79523
-3.79552
-3.79709
-3.7966
-3.79588
-3.79517
-3.79445
-3.79386
-3.79365
-3.79403
-3.79338
-3.79274
-3.79181
-3.79154
-3.79146
-3.79144
-3.79177
-3.79288
-3.79407
-3.79374
-3.79342
-3.79346
-3.79244
-3.79112
-3.79142
-3.79016
-3.78965
-3.78772
-3.78823
-3.7875
-3.78819
-3.78752
-3.78685
-3.78864
-3.79034
-3.79181
-3.79336
-3.79418
-3.79453
-3.79459
-3.79409
-3.79382
-3.79356
-3.79271
-3.79269
-3.79387
-3.79401
-3.795
-3.79549
-3.79459
-3.79481
-3.79488
-3.79564
-3.79526
-3.79418
-3.7939
-3.79399
-3.79337
-3.7936
-3.79294
-3.79162
-3.7916
-3.79236
-3.79191
-3.79201
-3.79211
-3.79217
-3.79221
-3.79316
-3.79323
-3.79329
-3.79316
-3.79423
-3.79365
-3.79264
-3.79127
-3.7913
-3.79157
-3.79179
-3.79161
-3.79246
-3.79199
-3.79181
-3.79096
-3.7901
-3.7899
-3.79001
-3.78996
-3.78955
-3.79035
-3.78921
-3.78866
-3.78972
-3.79086
-3.79218
-3.79339
-3.79398
-3.79424
-3.79355
-3.7934
-3.79271
-3.79225
-3.79267
-3.79206
-3.79147
-3.79043
-3.78961
-3.78931
-3.79042
-3.79146
-3.79246
-3.79438
-3.79479
-3.79659
-3.79651
-3.79711
-3.79661
-3.79554
-3.7948
-3.79227
-3.79049
-3.7892
-3.78832
-3.78754
-3.78759
-3.78749
-3.78876
-3.78975
-3.79177
-3.79356
-3.79565
-3.79606
-3.79548
-3.79571
-3.79527
-3.79578
-3.79595
-3.79655
-3.79516
-3.79552
-3.7955
-3.79563
-3.79429
-3.79398
-3.79413
-3.79325
-3.79286
-3.79239
-3.79161
-3.79179
-3.79285
-3.79191
-3.79227
-3.79251
-3.79214
-3.79047
-3.79051
-3.79042
-3.79001
-3.79037
-3.79
-3.78975
-3.79008
-3.79028
-3.78996
-3.78993
-3.78906
-3.7894
-3.79023
-3.79065
-3.7903
-3.79147
-3.79143
-3.79131
-3.78988
-3.78847
-3.78696
-3.78719
-3.78758
-3.78812
-3.78963
-3.79021
-3.79036
-3.79254
-3.79408
-3.79413
-3.79394
-3.79406
-3.79323
-3.79344
-3.79105
-3.79072
-3.78987
-3.79052
-3.79044
-3.7898
-3.78981
-3.7894
-3.78855
-3.78879
-3.78835
-3.7882
-3.78857
-3.78888
-3.78982
-3.79095
-3.79105
-3.79167
-3.79179
-3.79252
-3.79212
-3.79269
-3.79206
-3.79202
-3.79237
-3.79099
-3.79039
-3.79007
-3.79077
-3.79189
-3.7929
-3.79271
-3.79279
-3.79397
-3.79249
-3.79185
-3.79116
-3.79071
-3.7902
-3.78851
-3.78825
-3.78888
-3.78861
-3.78694
-3.78637
-3.78718
-3.78783
-3.78851
-3.7896
-3.78965
-3.79052
-3.78999
-3.78963
-3.78918
-3.78902
-3.7898
-3.79014
-3.79097
-3.79151
-3.79371
-3.79437
-3.79358
-3.79369
-3.79355
-3.79328
-3.79321
-3.79177
-3.7921
-3.79162
-3.79073
-3.79067
-3.7898
-3.79048
-3.7906
-3.79085
-3.79106
-3.79119
-3.79261
-3.79349
-3.79411
-3.79527
-3.79545
-3.79473
-3.79521
-3.79439
-3.79416
-3.7926
-3.79156
-3.78988
-3.78867
-3.78862
-3.78875
-3.78841
-3.78828
-3.78852
-3.78921
-3.79019
-3.79066
-3.79167
-3.79239
-3.79252
-3.79222
-3.79224
-3.79075
-3.79014
-3.7891
-3.78634
-3.78486
-3.78454
-3.78398
-3.78502
-3.78616
-3.78795
-3.78825
-3.78958
-3.78902
-3.79003
-3.79042
-3.79035
-3.79026
-3.79061
-3.79094
-3.7905
-3.7905
-3.7888
-3.78926
-3.78887
-3.7872
-3.78713
-3.78731
-3.78765
-3.78749
-3.78839
-3.78914
-3.79059
-3.79158
-3.79165
-3.79185
-3.79246
-3.79226
-3.79167
-3.79194
-3.79142
-3.79157
-3.7918
-3.79097
-3.79003
-3.79055
-3.79178
-3.79386
-3.79463
-3.79551
-3.7952
-3.79433
-3.79433
-3.79437
-3.79269
-3.79346
-3.79329
-3.79239
-3.79234
-3.79347
-3.79376
-3.79558
-3.79577
-3.79698
-3.79749
-3.79692
-3.79598
-3.79566
-3.79532
-3.79486
-3.79365
-3.79203
-3.79067
-3.7905
-3.79084
-3.79141
-3.79265
-3.79268
-3.7924
-3.79216
-3.79106
-3.79154
-3.79076
-3.78884
-3.78787
-3.7868
-3.78838
-3.78984
-3.78997
-3.79119
-3.79149
-3.79201
-3.79305
-3.79376
-3.79464
-3.79464
-3.79509
-3.795
-3.79451
-3.79411
-3.79273
-3.79222
-3.79334
-3.79393
-3.79519
-3.79543
-3.79728
-3.79689
-3.79536
-3.79505
-3.7936
-3.79224
-3.79159
-3.79084
-3.79121
-3.79261
-3.79475
-3.79586
-3.79567
-3.79504
-3.79423
-3.79439
-3.79343
-3.79279
-3.79329
-3.79323
-3.79367
-3.79251
-3.79184
-3.79142
-3.79031
-3.79047
-3.79102
-3.79128
-3.79065
-3.79054
-3.7911
-3.79086
-3.79204
-3.79147
-3.79294
-3.79396
-3.79367
-3.7935
-3.79326
-3.79197
-3.79055
-3.79063
-3.78909
-3.7891
-3.78903
-3.7895
-3.79113
-3.79252
-3.79196
-3.792
-3.79163
-3.79209
-3.79088
-3.78952
-3.79011
-3.78885
-3.79081
-3.79146
-3.79445
-3.79408
-3.79421
-3.79451
-3.79209
-3.79002
-3.78944
-3.78826
-3.78742
-3.78637
-3.7867
-3.78781
-3.78837
-3.78897
-3.79049
-3.7913
-3.79192
-3.79268
-3.79378
-3.7934
-3.79391
-3.79326
-3.79155
-3.7919
-3.79173
-3.7915
-3.79111
-3.79009
-3.79029
-3.79013
-3.79077
-3.79152
-3.79037
-3.79073
-3.78959
-3.79055
-3.79068
-3.79072
-3.79183
-3.79278
-3.79309
-3.79263
-3.79234
-3.79248
-3.79329
-3.79267
-3.79388
-3.79466
-3.79453
-3.79501
-3.79515
-3.79598
-3.79546
-3.79457
-3.79361
-3.79225
-3.79103
-3.79029
-3.79014
-3.78905
-3.79029
-3.79037
-3.79076
-3.7918
-3.79126
-3.79161
-3.79257
-3.79341
-3.79313
-3.79309
-3.79239
-3.7919
-3.79119
-3.79159
-3.79164
-3.7931
-3.79454
-3.79498
-3.79393
-3.79312
-3.79288
-3.79335
-3.79296
-3.79375
-3.79359
-3.79503
-3.79501
-3.79666
-3.79609
-3.79548
-3.79291
-3.79043
-3.79001
-3.78965
-3.78929
-3.78979
-3.79123
-3.79319
-3.79408
-3.79636
-3.79713
-3.79692
-3.79659
-3.79576
-3.79609
-3.79657
-3.79674
-3.79759
-3.79811
-3.79873
-3.79865
-3.7971
-3.79529
-3.79458
-3.79448
-3.79378
-3.79404
-3.79395
-3.79405
-3.79352
-3.79253
-3.79226
-3.79122
-3.79184
-3.79334
-3.79425
-3.7945
-3.79531
-3.79383
-3.79458
-3.7939
-3.79357
-3.79422
-3.79517
-3.79555
-3.79582
-3.79487
-3.79596
-3.7956
-3.79576
-3.79521
-3.79428
-3.79333
-3.79386
-3.79283
-3.79273
-3.7932
-3.79457
-3.79458
-3.79458
-3.79569
-3.79723
-3.79888
-3.79928
-3.8003
-3.80018
-3.80048
-3.80015
-3.79961
-3.79788
-3.79676
-3.79636
-3.79603
-3.7953
-3.79568
-3.79405
-3.79338
-3.79335
-3.79258
-3.79202
-3.79313
-3.7935
-3.79419
-3.79495
-3.79526
-3.7954
-3.79579
-3.7946
-3.79474
-3.79458
-3.79403
-3.79296
-3.79279
-3.79218
-3.7909
-3.79025
-3.79065
-3.7924
-3.79328
-3.7938
-3.79529
-3.79538
-3.79519
-3.79454
-3.79421
-3.7934
-3.79219
-3.79151
-3.79101
-3.79082
-3.79073
-3.7921
-3.791
-3.79086
-3.79151
-3.79206
-3.79238
-3.79211
-3.79181
-3.79152
-3.79077
-3.7906
-3.79072
-3.79057
-3.78994
-3.79005
-3.78869
-3.78831
-3.78806
-3.7883
-3.79017
-3.79124
-3.79167
-3.79187
-3.79179
-3.7907
-3.79046
-3.7893
-3.78816
-3.78726
-3.78775
-3.78709
-3.78849
-3.78973
-3.79054
-3.79018
-3.79143
-3.79254
-3.79245
-3.79401
-3.79378
-3.79483
-3.7947
-3.79475
-3.79464
-3.7939
-3.79329
-3.79316
-3.79329
-3.79315
-3.79294
-3.79254
-3.7923
-3.7934
-3.79318
-3.79317
-3.79324
-3.79215
-3.79225
-3.79227
-3.79236
-3.79277
-3.7929
-3.79352
-3.79624
-3.7969
-3.79605
-3.7954
-3.7958
-3.7947
-3.79492
-3.79455
-3.79455
-3.79559
-3.79614
-3.79723
-3.79767
-3.79738
-3.79634
-3.7951
-3.79391
-3.79342
-3.79479
-3.79369
-3.79393
-3.79352
-3.79367
-3.79245
-3.79086
-3.79135
-3.79043
-3.79057
-3.78998
-3.79019
-3.79126
-3.79226
-3.79379
-3.79381
-3.79391
-3.79428
-3.79443
-3.79385
-3.79332
-3.79255
-3.79019
-3.78873
-3.78745
-3.78795
-3.78701
-3.78783
-3.78794
-3.7891
-3.78972
-3.79109
-3.79107
-3.79235
-3.79298
-3.79303
-3.79351
-3.79212
-3.7911
-3.7899
-3.78924
-3.7878
-3.78774
-3.78723
-3.78738
-3.78619
-3.78507
-3.78689
-3.7864
-3.786
-3.78542
-3.78623
-3.7865
-3.78754
-3.7879
-3.78723
-3.78811
-3.78863
-3.78903
-3.78976
-3.79049
-3.79194
-3.79248
-3.79354
-3.79328
-3.79418
-3.79472
-3.79583
-3.79578
-3.79624
-3.79702
-3.79682
-3.79769
-3.79758
-3.79626
-3.79649
-3.79795
-3.79721
-3.79692
-3.79647
-3.79533
-3.79408
-3.79353
-3.79208
-3.79234
-3.79297
-3.79305
-3.7933
-3.79348
-3.79384
-3.79405
-3.7939
-3.79531
-3.79645
-3.79679
-3.79792
-3.79643
-3.79664
-3.79742
-3.79701
-3.79673
-3.79657
-3.79549
-3.79486
-3.79305
-3.792
-3.79098
-3.78913
-3.78774
-3.78791
-3.78757
-3.78869
-3.79003
-3.7914
-3.7918
-3.79285
-3.79319
-3.79387
-3.7942
-3.795
-3.79389
-3.79279
-3.79192
-3.79153
-3.79131
-3.79086
-3.79214
-3.79181
-3.79191
-3.7912
-3.79006
-3.7899
-3.78892
-3.78934
-3.78932
-3.79015
-3.78928
-3.78855
-3.7888
-3.79091
-3.79139
-3.79181
-3.79326
-3.79214
-3.79211
-3.79113
-3.79056
-3.79095
-3.79064
-3.79185
-3.7933
-3.79464
-3.79384
-3.79385
-3.79374
-3.79447
-3.79335
-3.79353
-3.79382
-3.79426
-3.79418
-3.79495
-3.79495
-3.7956
-3.797
-3.79858
-3.79794
-3.79813
-3.79641
-3.79639
-3.79655
-3.79638
-3.79783
-3.7979
-3.79734
-3.79706
-3.79737
-3.797
-3.79606
-3.79448
-3.79473
-3.79399
-3.79334
-3.79313
-3.7954
-3.79681
-3.79747
-3.79796
-3.79862
-3.79817
-3.79668
-3.79607
-3.7959
-3.79599
-3.79595
-3.79531
-3.79571
-3.79589
-3.79612
-3.79594
-3.7955
-3.79567
-3.79534
-3.79515
-3.7956
-3.79502
-3.79347
-3.79339
-3.79287
-3.79132
-3.79122
-3.79133
-3.79314
-3.79401
-3.79439
-3.79408
-3.79509
-3.7956
-3.79604
-3.79659
-3.79638
-3.79583
-3.79463
-3.79519
-3.79463
-3.79311
-3.79205
-3.78975
-3.79035
-3.79037
-3.79036
-3.79041
-3.79029
-3.79166
-3.79229
-3.79242
-3.79269
-3.79272
-3.79149
-3.79198
-3.7928
-3.79266
-3.79293
-3.79214
-3.79233
-3.79115
-3.78944
-3.78843
-3.78877
-3.78776
-3.78829
-3.78826
-3.78888
-3.78813
-3.78814
-3.78788
-3.78797
-3.78744
-3.78799
-3.78781
-3.78738
-3.78628
-3.78689
-3.78771
-3.78823
-3.78877
-3.78899
-3.78963
-3.79011
-3.79014
-3.79072
-3.79124
-3.7903
-3.78962
-3.78967
-3.79017
-3.78995
-3.79067
-3.79123
-3.79134
-3.79141
-3.79071
-3.7895
-3.7894
-3.79018
-3.7908
-3.7918
-3.79203
-3.7927
-3.79334
-3.79431
-3.7936
-3.79303
-3.791
-3.79065
-3.78953
-3.78866
-3.78914
-3.78921
-3.79057
-3.79145
-3.7914
-3.79152
-3.79105
-3.7903
-3.79074
-3.7895
-3.78843
-3.78884
-3.78969
-3.79188
-3.79364
-3.79417
-3.79463
-3.79392
-3.79383
-3.79381
-3.79295
-3.7932
-3.79337
-3.79328
-3.79372
-3.79405
-3.79429
-3.79418
-3.79356
-3.79407
-3.79551
-3.79406
-3.7935
-3.79329
-3.79026
-3.78823
-3.78752
-3.78763
-3.78794
-3.78861
-3.78767
-3.78876
-3.78969
-3.78987
-3.7892
-3.78883
-3.78977
-3.79027
-3.79035
-3.79105
-3.79273
-3.79362
-3.79502
-3.7965
-3.79729
-3.79718
-3.79694
-3.79596
-3.79382
-3.79271
-3.79102
-3.79089
-3.79077
-3.79103
-3.79175
-3.79137
-3.79177
-3.79149
-3.79159
-3.79175
-3.79206
-3.79209
-3.79367
-3.79495
-3.7956
-3.79686
-3.79648
-3.79522
-3.79486
-3.79355
-3.79198
-3.79071
-3.79059
-3.78851
-3.78837
-3.78838
-3.78886
-3.7899
-3.79132
-3.79241
-3.79146
-3.7925
-3.79447
-3.79551
-3.796
-3.79586
-3.79536
-3.79422
-3.79328
-3.79121
-3.78993
-3.78955
-3.78954
-3.78979
-3.79072
-3.79165
-3.79252
-3.79371
-3.79446
-3.79516
-3.79593
-3.79626
-3.79592
-3.79559
-3.79563
-3.79559
-3.79574
-3.7954
-3.79495
-3.79513
-3.79418
-3.79367
-3.7946
-3.79447
-3.79452
-3.79444
-3.79435
-3.79501
-3.79627
-3.79766
-3.7982
-3.79898
-3.79984
-3.79993
-3.79816
-3.7969
-3.79526
-3.79416
-3.79388
-3.79418
-3.79392
-3.79549
-3.79563
-3.79566
-3.79452
-3.79383
-3.79376
-3.79494
-3.79576
-3.79498
-3.79608
-3.7957
-3.79561
-3.79576
-3.79521
-3.79615
-3.79621
-3.79772
-3.79796
-3.79721
-3.79762
-3.79802
-3.79701
-3.79715
-3.79522
-3.79363
-3.79344
-3.79388
-3.79347
-3.79295
-3.7936
-3.79405
-3.79439
-3.79531
-3.79753
-3.79901
-3.79918
-3.7992
-3.7985
-3.79818
-3.79859
-3.79948
-3.79908
-3.79815
-3.79675
-3.79608
-3.79444
-3.79498
-3.79436
-3.79338
-3.79393
-3.79414
-3.79369
-3.79568
-3.79588
-3.79601
-3.79536
-3.79595
-3.79555
-3.79623
-3.79632
-3.79657
-3.79854
-3.79894
-3.7996
-3.79926
-3.79865
-3.79878
-3.7983
-3.79697
-3.79528
-3.79389
-3.7922
-3.79172
-3.79122
-3.79179
-3.79272
-3.79376
-3.79458
-3.79571
-3.79575
-3.79508
-3.79426
-3.7938
-3.79395
-3.79363
-3.79391
-3.79326
-3.79093
-3.79034
-3.78911
-3.78893
-3.78856
-3.79014
-3.79222
-3.79243
-3.79302
-3.7934
-3.79278
-3.79367
-3.79429
-3.79538
-3.79614
-3.79659
-3.79564
-3.79567
-3.79408
-3.7935
-3.79253
-3.79189
-3.79161
-3.79111
-3.79116
-3.79212
-3.79239
-3.79264
-3.7921
-3.79233
-3.79289
-3.79254
-3.79201
-3.79251
-3.79206
-3.79126
-3.79117
-3.79016
-3.79015
-3.79088
-3.78969
-3.78979
-3.79081
-3.79145
-3.79061
-3.78921
-3.78869
-3.78722
-3.78648
-3.78649
-3.78713
-3.78788
-3.7895
-3.79145
-3.79342
-3.79581
-3.79725
-3.79693
-3.79658
-3.79598
-3.79504
-3.79476
-3.79464
-3.79383
-3.79162
-3.79061
-3.78951
-3.78973
-3.79061
-3.79132
-3.79187
-3.79234
-3.79246
-3.79172
-3.79215
-3.79079
-3.79129
-3.79035
-3.78976
-3.78945
-3.7887
-3.78878
-3.78668
-3.78567
-3.78572
-3.78534
-3.7871
-3.78859
-3.79076
-3.79289
-3.79385
-3.79429
-3.79456
-3.79447
-3.79378
-3.79326
-3.79359
-3.7927
-3.79105
-3.78985
-3.78926
-3.7891
-3.78877
-3.78905
-3.78943
-3.78986
-3.79086
-3.79167
-3.79234
-3.79285
-3.79427
-3.79546
-3.79613
-3.7959
-3.79607
-3.79612
-3.79632
-3.7953
-3.79492
-3.79431
-3.7934
-3.79276
-3.79333
-3.79354
-3.79305
-3.79466
-3.79542
-3.79628
-3.79596
-3.79579
-3.7955
-3.79436
-3.79347
-3.79257
-3.79203
-3.7919
-3.79242
-3.79297
-3.79243
-3.79187
-3.79313
-3.79291
-3.79233
-3.79335
-3.79372
-3.79309
-3.79304
-3.79329
-3.79329
-3.79298
-3.79263
-3.79193
-3.79152
-3.79193
-3.79051
-3.79064
-3.79083
-3.79032
-3.78992
-3.79079
-3.79108
-3.79223
-3.79257
-3.79306
-3.79396
-3.79446
-3.79414
-3.79379
-3.79478
-3.79445
-3.79388
-3.79373
-3.79306
-3.79431
-3.79338
-3.79364
-3.7939
-3.79322
-3.79293
-3.79229
-3.79147
-3.79213
-3.79236
-3.79237
-3.79234
-3.79207
-3.79159
-3.79231
-3.79367
-3.79364
-3.79531
-3.79581
-3.79581
-3.79559
-3.79614
-3.79531
-3.79461
-3.79385
-3.7939
-3.79407
-3.79287
-3.79357
-3.79414
-3.79453
-3.79478
-3.795
-3.79456
-3.79587
-3.79518
-3.79501
-3.79532
-3.79551
-3.79519
-3.79461
-3.79547
-3.79743
-3.79808
-3.79833
-3.79878
-3.79875
-3.79869
-3.79985
-3.79896
-3.79776
-3.7971
-3.79605
-3.79481
-3.79511
-3.79472
-3.79587
-3.79779
-3.80022
-3.80071
-3.80182
-3.80148
-3.80014
-3.79941
-3.79824
-3.79697
-3.79698
-3.79521
-3.79378
-3.7924
-3.792
-3.79137
-3.79083
-3.79117
-3.79118
-3.79116
-3.79094
-3.78926
-3.78959
-3.79067
-3.79082
-3.79043
-3.78997
-3.79101
-3.79063
-3.79074
-3.79168
-3.7922
-3.7943
-3.79491
-3.79672
-3.7972
-3.79698
-3.79583
-3.79478
-3.79398
-3.79219
-3.79205
-3.79115
-3.78971
-3.78948
-3.78826
-3.78763
-3.78837
-3.7889
-3.78953
-3.78897
-3.78877
-3.78789
-3.78647
-3.78734
-3.78761
-3.78821
-3.78933
-3.79057
-3.79174
-3.79217
-3.79324
-3.79436
-3.79378
-3.79336
-3.79235
-3.79091
-3.78912
-3.78993
-3.7907
-3.7913
-3.79198
-3.79207
-3.79279
-3.79182
-3.79073
-3.78956
-3.78882
-3.78869
-3.78955
-3.78835
-3.78839
-3.78875
-3.78932
-3.7901
-3.79034
-3.79095
-3.79022
-3.7913
-3.79193
-3.79104
-3.79086
-3.79031
-3.79053
-3.79028
-3.79002
-3.78966
-3.7893
-3.78963
-3.79026
-3.78924
-3.78925
-3.789
-3.78933
-3.78882
-3.7897
-3.78966
-3.79009
-3.78998
-3.78928
-3.78885
-3.78829
-3.78881
-3.78869
-3.78935
-3.78919
-3.78984
-3.79042
-3.78965
-3.78936
-3.78982
-3.78928
-3.78934
-3.78794
-3.78899
-3.78963
-3.7898
-3.79066
-3.7901
-3.79046
-3.79087
-3.79135
-3.79063
-3.79097
-3.79052
-3.79065
-3.79116
-3.79076
-3.79127
-3.79196
-3.79168
-3.79223
-3.79359
-3.79328
-3.79444
-3.79388
-3.79387
-3.79349
-3.79332
-3.79303
-3.79168
-3.79083
-3.78959
-3.78881
-3.78822
-3.78854
-3.78863
-3.7886
-3.78939
-3.79049
-3.79093
-3.79103
-3.79194
-3.79104
-3.79084
-3.78924
-3.78952
-3.78873
-3.7899
-3.79076
-3.78983
-3.78851
-3.78848
-3.78781
-3.78791
-3.78873
-3.78957
-3.79034
-3.7909
-3.79128
-3.79165
-3.79251
-3.79277
-3.79337
-3.79368
-3.79343
-3.79356
-3.79367
-3.79375
-3.79554
-3.79622
-3.79649
-3.79675
-3.79551
-3.79371
-3.79382
-3.79271
-3.79193
-3.7912
-3.79163
-3.79055
-3.79129
-3.79286
-3.79276
-3.79176
-3.79173
-3.7916
-3.79162
-3.79146
-3.79038
-3.79002
-3.79
-3.79241
-3.79377
-3.79422
-3.79428
-3.79653
-3.79611
-3.79678
-3.79718
-3.79729
-3.7965
-3.79551
-3.79459
-3.79365
-3.79315
-3.79323
-3.79299
-3.79214
-3.79163
-3.79079
-3.79062
-3.79063
-3.79238
-3.79315
-3.79396
-3.79482
-3.79449
-3.79495
-3.79401
-3.79377
-3.79423
-3.79425
-3.79371
-3.79449
-3.79537
-3.79543
-3.79513
-3.79588
-3.7953
-3.79366
-3.79262
-3.79328
-3.79291
-3.79329
-3.79411
-3.79647
-3.79774
-3.79809
-3.79861
-3.79854
-3.79669
-3.79555
-3.79447
-3.7929
-3.7915
-3.79125
-3.79104
-3.79134
-3.79034
-3.79091
-3.78988
-3.7892
-3.78983
-3.78995
-3.78805
-3.787
-3.78891
-3.79055
-3.79379
-3.79614
-3.79712
-3.79707
-3.79555
-3.79562
-3.79632
-3.79579
-3.79575
-3.79607
-3.79615
-3.79611
-3.79607
-3.79654
-3.79594
-3.79678
-3.79709
-3.79656
-3.79608
-3.79595
-3.79483
-3.79459
-3.79457
-3.79355
-3.79378
-3.79409
-3.79564
-3.79706
-3.79753
-3.79791
-3.79871
-3.79982
-3.79995
-3.8001
-3.80034
-3.79992
-3.79929
-3.7978
-3.79695
-3.79673
-3.79612
-3.79475
-3.79347
-3.79296
-3.79223
-3.79206
-3.79257
-3.79298
-3.79368
-3.79446
-3.7957
-3.79599
-3.79589
-3.79735
-3.79745
-3.79735
-3.7965
-3.79686
-3.79652
-3.79511
-3.79411
-3.79311
-3.79276
-3.79116
-3.79086
-3.7896
-3.79076
-3.79189
-3.79138
-3.79099
-3.78976
-3.7901
-3.78863
-3.78957
-3.789
-3.78975
-3.78842
-3.78811
-3.78767
-3.78703
-3.7881
-3.78883
-3.78991
-3.79016
-3.78956
-3.78935
-3.78891
-3.78876
-3.78996
-3.79034
-3.79097
-3.79098
-3.79072
-3.79068
-3.79019
-3.7904
-3.79014
-3.7893
-3.78945
-3.79065
-3.79122
-3.79183
-3.79248
-3.79262
-3.79162
-3.79212
-3.79043
-3.78944
-3.78965
-3.78988
-3.79002
-3.79004
-3.79185
-3.79336
-3.79493
-3.79442
-3.79349
-3.79426
-3.79408
-3.79296
-3.79189
-3.79205
-3.79272
-3.79282
-3.79316
-3.79467
-3.79545
-3.79598
-3.79629
-3.79476
-3.79342
-3.79161
-3.78969
-3.78936
-3.78904
-3.78983
-3.79034
-3.79088
-3.79059
-3.79089
-3.79102
-3.79069
-3.7906
-3.79065
-3.79117
-3.79103
-3.79139
-3.79178
-3.79235
-3.79231
-3.79207
-3.79296
-3.79333
-3.79478
-3.7952
-3.79513
-3.79456
-3.79388
-3.79354
-3.79339
-3.79367
-3.79374
-3.79424
-3.79487
-3.79585
-3.79634
-3.7963
-3.79604
-3.7963
-3.79642
-3.79748
-3.7969
-3.79606
-3.7952
-3.79454
-3.79455
-3.79555
-3.79727
-3.79774
-3.79734
-3.79672
-3.79636
-3.79684
-3.79559
-3.79679
-3.79675
-3.79713
-3.79623
-3.79557
-3.79423
-3.79369
-3.79312
-3.79377
-3.7956
-3.79636
-3.79608
-3.79616
-3.79573
-3.79508
-3.79386
-3.79486
-3.79558
-3.79574
-3.79595
-3.79658
-3.79697
-3.79734
-3.79713
-3.79801
-3.79871
-3.7993
-3.7973
-3.7971
-3.79726
-3.79655
-3.79747
-3.79761
-3.7977
-3.79844
-3.79836
-3.79849
-3.79866
-3.79861
-3.79785
-3.79614
-3.79537
-3.79496
-3.79512
-3.79436
-3.79356
-3.79263
-3.7926
-3.79164
-3.7902
-3.79061
-3.79111
-3.79109
-3.79164
-3.79278
-3.7933
-3.79278
-3.79172
-3.79144
-3.79173
-3.79163
-3.79214
-3.79279
-3.79443
-3.79469
-3.7949
-3.79544
-3.79471
-3.7947
-3.79553
-3.79481
-3.79523
-3.79557
-3.79542
-3.79516
-3.79578
-3.79624
-3.79539
-3.79555
-3.7955
-3.79569
-3.79577
-3.79588
-3.79564
-3.7961
-3.79526
-3.79471
-3.79485
-3.79303
-3.79242
-3.79169
-3.79109
-3.79122
-3.79226
-3.79344
-3.79365
-3.79387
-3.79326
-3.79321
-3.79319
-3.79309
-3.79443
-3.79359
-3.79541
-3.79748
-3.79832
-3.79966
-3.80032
-3.79974
-3.7992
-3.79845
-3.79807
-3.79728
-3.79585
-3.7953
-3.79463
-3.79412
-3.79378
-3.79291
-3.79322
-3.79268
-3.79291
-3.793
-3.79328
-3.79267
-3.79235
-3.79105
-3.7901
-3.79022
-3.79037
-3.78928
-3.78927
-3.78886
-3.78907
-3.78804
-3.78842
-3.7871
-3.78663
-3.78671
-3.78674
-3.78809
-3.79043
-3.79286
-3.79311
-3.79265
-3.79142
-3.79057
-3.78903
-3.78734
-3.78661
-3.78616
-3.78542
-3.78524
-3.78527
-3.78509
-3.78616
-3.78713
-3.78806
-3.78819
-3.78997
-3.79081
-3.79184
-3.7925
-3.79242
-3.79235
-3.7926
-3.792
-3.79046
-3.78974
-3.78986
-3.78914
-3.78905
-3.78941
-3.78906
-3.78921
-3.78971
-3.79008
-3.79169
-3.79128
-3.79175
-3.79008
-3.7902
-3.78968
-3.78962
-3.78977
-3.78926
-3.78914
-3.78874
-3.78876
-3.78841
-3.78862
-3.78938
-3.79016
-3.79046
-3.79023
-3.79039
-3.79115
-3.79125
-3.79095
-3.79065
-3.79092
-3.79169
-3.79195
-3.79178
-3.79273
-3.79261
-3.79335
-3.79277
-3.79148
-3.79088
-3.78936
-3.78954
-3.78938
-3.7894
-3.78906
-3.78961
-3.78984
-3.78942
-3.7889
-3.78943
-3.7893
-3.7882
-3.78749
-3.78753
-3.78808
-3.78966
-3.78872
-3.7897
-3.79063
-3.79146
-3.79218
-3.7929
-3.79387
-3.79437
-3.79291
-3.79238
-3.79179
-3.79163
-3.79275
-3.79215
-3.79193
-3.79199
-3.79185
-3.79249
-3.7936
-3.79277
-3.7926
-3.79246
-3.7918
-3.79132
-3.79097
-3.79188
-3.79398
-3.79421
-3.79475
-3.79254
-3.79141
-3.79016
-3.78995
-3.78988
-3.79023
-3.79082
-3.79187
-3.79259
-3.79315
-3.79334
-3.7938
-3.79249
-3.79177
-3.79158
-3.7915
-3.79112
-3.79148
-3.79221
-3.79166
-3.79276
-3.7928
-3.79315
-3.79367
-3.79348
-3.79301
-3.793
-3.79316
-3.79296
-3.79183
-3.79074
-3.79041
-3.78945
-3.78906
-3.78773
-3.7877
-3.78802
-3.7894
-3.79079
-3.79195
-3.79242
-3.79166
-3.78976
-3.78856
-3.78691
-3.78656
-3.78767
-3.78882
-3.7905
-3.79165
-3.79222
-3.79392
-3.79317
-3.79359
-3.79306
-3.79233
-3.79255
-3.79166
-3.79018
-3.78985
-3.78988
-3.79093
-3.79197
-3.79301
-3.79346
-3.7935
-3.79271
-3.7923
-3.79255
-3.79187
-3.7898
-3.78966
-3.78905
-3.78908
-3.78922
-3.78864
-3.78802
-3.78769
-3.78793
-3.78787
-3.78827
-3.78782
-3.78816
-3.78979
-3.78899
-3.78921
-3.78942
-3.79009
-3.7903
-3.79059
-3.78889
-3.78763
-3.78745
-3.78711
-3.78722
-3.78817
-3.78914
-3.79165
-3.79154
-3.79239
-3.79222
-3.79017
-3.78805
-3.7876
-3.7865
-3.7858
-3.786
-3.78744
-3.78921
-3.78854
-3.78855
-3.78785
-3.7873
-3.78561
-3.7862
-3.78654
-3.78745
-3.78804
-3.78817
-3.79014
-3.78991
-3.78938
-3.78947
-3.78798
-3.78732
-3.78786
-3.7894
-3.79027
-3.79076
-3.79072
-3.79113
-3.78974
-3.7887
-3.78765
-3.78546
-3.7845
-3.78367
-3.78383
-3.78489
-3.78533
-3.78656
-3.78725
-3.78774
-3.78771
-3.78828
-3.78832
-3.78754
-3.78888
-3.78981
-3.7893
-3.78911
-3.79019
-3.78975
-3.78854
-3.78727
-3.78814
-3.78801
-3.78789
-3.78815
-3.78702
-3.7867
-3.7865
-3.78606
-3.78551
-3.78672
-3.78728
-3.78877
-3.78865
-3.7893
-3.79057
-3.79004
-3.79028
-3.79049
-3.78828
-3.78873
-3.78856
-3.78894
-3.78936
-3.79012
-3.79113
-3.79161
-3.79166
-3.79174
-3.79162
-3.79063
-3.78978
-3.78976
-3.7902
-3.791
-3.79111
-3.79145
-3.79175
-3.79371
-3.7938
-3.79475
-3.79598
-3.79627
-3.79705
-3.79807
-3.79828
-3.79707
-3.79569
-3.7934
-3.79176
-3.7908
-3.79021
-3.79021
-3.79099
-3.79236
-3.79471
-3.79535
-3.79517
-3.79516
-3.79441
-3.79378
-3.79522
-3.7946
-3.79529
-3.79569
-3.79667
-3.79679
-3.79629
-3.79678
-3.79675
-3.7956
-3.79498
-3.79529
-3.7946
-3.7939
-3.79434
-3.7933
-3.79256
-3.79405
-3.79412
-3.79458
-3.79465
-3.7948
-3.79464
-3.79371
-3.79379
-3.79341
-3.79288
-3.79257
-3.79253
-3.79241
-3.79181
-3.79297
-3.79375
-3.79456
-3.79519
-3.79671
-3.79754
-3.79873
-3.79894
-3.79875
-3.79934
-3.79909
-3.79741
-3.79674
-3.79545
-3.79539
-3.79363
-3.7935
-3.79439
-3.79536
-3.79648
-3.79596
-3.79655
-3.79735
-3.79642
-3.79621
-3.79625
-3.79582
-3.7945
-3.79328
-3.7928
-3.79306
-3.79303
-3.79389
-3.79374
-3.79363
-3.79417
-3.79376
-3.79409
-3.79368
-3.79327
-3.79261
-3.79325
-3.79365
-3.79218
-3.79183
-3.79125
-3.79115
-3.79001
-3.7899
-3.78889
-3.7893
-3.78962
-3.79018
-3.79042
-3.79094
-3.79273
-3.79385
-3.79528
-3.79554
-3.79468
-3.7937
-3.79308
-3.79175
-3.79046
-3.79007
-3.78986
-3.7902
-3.79141
-3.79191
-3.7922
-3.7919
-3.79241
-3.7927
-3.79317
-3.79275
-3.79329
-3.79311
-3.7937
-3.79476
-3.7948
-3.79388
-3.79357
-3.79358
-3.79273
-3.79258
-3.79226
-3.79287
-3.7941
-3.79451
-3.79492
-3.79446
-3.79426
-3.79292
-3.79287
-3.7925
-3.79235
-3.79131
-3.79146
-3.79002
-3.79038
-3.79227
-3.79352
-3.79446
-3.79443
-3.7955
-3.79607
-3.79578
-3.79599
-3.79548
-3.79525
-3.79571
-3.79585
-3.796
-3.79385
-3.79379
-3.79316
-3.79201
-3.79204
-3.79121
-3.78966
-3.78857
-3.7889
-3.7889
-3.78921
-3.79056
-3.79237
-3.79371
-3.79426
-3.79442
-3.79356
-3.79396
-3.79302
-3.7924
-3.79161
-3.79157
-3.79089
-3.79028
-3.7891
-3.78847
-3.78802
-3.78626
-3.78482
-3.7847
-3.78523
-3.78622
-3.78622
-3.78634
-3.78775
-3.78934
-3.79007
-3.79153
-3.79404
-3.79576
-3.79531
-3.79626
-3.79593
-3.79536
-3.79571
-3.79621
-3.79561
-3.79517
-3.79458
-3.79391
-3.79346
-3.79395
-3.79412
-3.79549
-3.79424
-3.79451
-3.79494
-3.79626
-3.79529
-3.79556
-3.79472
-3.79386
-3.79434
-3.79503
-3.79473
-3.79708
-3.79707
-3.79654
-3.79591
-3.79459
-3.79469
-3.79489
-3.79509
-3.7947
-3.79559
-3.79462
-3.79541
-3.79629
-3.79736
-3.79846
-3.79802
-3.79726
-3.79645
-3.79557
-3.7942
-3.79368
-3.79423
-3.7955
-3.79645
-3.79628
-3.79609
-3.79552
-3.79525
-3.79658
-3.79563
-3.79498
-3.79442
-3.79375
-3.79319
-3.79379
-3.79387
-3.79382
-3.79383
-3.79377
-3.79265
-3.79211
-3.79175
-3.78985
-3.79021
-3.79031
-3.79218
-3.79371
-3.79392
-3.7952
-3.79622
-3.79711
-3.79755
-3.7985
-3.79818
-3.79779
-3.79701
-3.79452
-3.79231
-3.78994
-3.78863
-3.78788
-3.78745
-3.78932
-3.78991
-3.79094
-3.791
-3.79125
-3.79171
-3.79149
-3.79136
-3.79112
-3.78965
-3.78903
-3.78904
-3.78915
-3.79071
-3.79209
-3.79314
-3.79255
-3.79333
-3.79393
-3.79344
-3.79303
-3.79184
-3.79152
-3.79311
-3.79488
-3.79567
-3.79508
-3.79473
-3.793
-3.7915
-3.79045
-3.78965
-3.78903
-3.78823
-3.78715
-3.78718
-3.78726
-3.78745
-3.78681
-3.78843
-3.78826
-3.78845
-3.78862
-3.78909
-3.78917
-3.79083
-3.79123
-3.79125
-3.79065
-3.79151
-3.79187
-3.79178
-3.79198
-3.79168
-3.79193
-3.79112
-3.79051
-3.79056
-3.79028
-3.7894
-3.79001
-3.78965
-3.79102
-3.79211
-3.7935
-3.79331
-3.79342
-3.79398
-3.79306
-3.79242
-3.79243
-3.79135
-3.79231
-3.7925
-3.7934
-3.79376
-3.79316
-3.7922
-3.79113
-3.79079
-3.78991
-3.78819
-3.78799
-3.78867
-3.78907
-3.78867
-3.79041
-3.79095
-3.79175
-3.79216
-3.79368
-3.79342
-3.79258
-3.79306
-3.79163
-3.79054
-3.79048
-3.78973
-3.78973
-3.79071
-3.79034
-3.79138
-3.7916
-3.79196
-3.79162
-3.79171
-3.79122
-3.79089
-3.79046
-3.78955
-3.78805
-3.78752
-3.78808
-3.78871
-3.789
-3.79031
-3.78978
-3.78986
-3.78965
-3.78999
-3.79077
-3.79062
-3.79146
-3.79133
-3.79083
-3.79028
-3.79011
-3.78945
-3.78834
-3.78769
-3.78646
-3.78675
-3.78788
-3.79054
-3.79193
-3.79154
-3.791
-3.78996
-3.78944
-3.78947
-3.7892
-3.78969
-3.79009
-3.78983
-3.78967
-3.79002
-3.78963
-3.79182
-3.79279
-3.79446
-3.79548
-3.79603
-3.79533
-3.7944
-3.79348
-3.79257
-3.79271
-3.79113
-3.79099
-3.79076
-3.7916
-3.79363
-3.79504
-3.79457
-3.79621
-3.79654
-3.79633
-3.79578
-3.79508
-3.79374
-3.79155
-3.79118
-3.79035
-3.79124
-3.79254
-3.79353
-3.79353
-3.79319
-3.79364
-3.79355
-3.79532
-3.79555
-3.79579
-3.79614
-3.79504
-3.79329
-3.79115
-3.7893
-3.78867
-3.78916
-3.78847
-3.78902
-3.78997
-3.79146
-3.7928
-3.79284
-3.79453
-3.79394
-3.79319
-3.79142
-3.79079
-3.78929
-3.78883
-3.78779
-3.78769
-3.78851
-3.78873
-3.7886
-3.78888
-3.78867
-3.78978
-3.7899
-3.78945
-3.78851
-3.78985
-3.7901
-3.79073
-3.79025
-3.78975
-3.78827
-3.78784
-3.78689
-3.78645
-3.78629
-3.78647
-3.7868
-3.78745
-3.78822
-3.78896
-3.78945
-3.79065
-3.79052
-3.79034
-3.79093
-3.79062
-3.79197
-3.79134
-3.79114
-3.7909
-3.79002
-3.7891
-3.78794
-3.78671
-3.78636
-3.7859
-3.78787
-3.7872
-3.78841
-3.78947
-3.79013
-3.79094
-3.79124
-3.79114
-3.79175
-3.79276
-3.79228
-3.79182
-3.79171
-3.79156
-3.79132
-3.79142
-3.79082
-3.79034
-3.79045
-3.78926
-3.78953
-3.79033
-3.79052
-3.79025
-3.78936
-3.78899
-3.78951
-3.78911
-3.78796
-3.78792
-3.78786
-3.78812
-3.78928
-3.78976
-3.78984
-3.7888
-3.78807
-3.78732
-3.78681
-3.78733
-3.78743
-3.78746
-3.78877
-3.7904
-3.79009
-3.79022
-3.79052
-3.7915
-3.79095
-3.79141
-3.79175
-3.79188
-3.79264
-3.79403
-3.79324
-3.79204
-3.79043
-3.78941
-3.78829
-3.78804
-3.78871
-3.78911
-3.7886
-3.78821
-3.78722
-3.78707
-3.78725
-3.78683
-3.78761
-3.78918
-3.79087
-3.79148
-3.79219
-3.7924
-3.79266
-3.79195
-3.79081
-3.7901
-3.78871
-3.78813
-3.78733
-3.78721
-3.78658
-3.7888
-3.79057
-3.79178
-3.79393
-3.79372
-3.79382
-3.79295
-3.79255
-3.79102
-3.79156
-3.79138
-3.79094
-3.79096
-3.79047
-3.78939
-3.78888
-3.78924
-3.7884
-3.78823
-3.78862
-3.78866
-3.78816
-3.78847
-3.78814
-3.7877
-3.78898
-3.79042
-3.79197
-3.79186
-3.79168
-3.79127
-3.79087
-3.79038
-3.78975
-3.79011
-3.79033
-3.79195
-3.79167
-3.79312
-3.79332
-3.79223
-3.7923
-3.79192
-3.79072
-3.79088
-3.79062
-3.79117
-3.79046
-3.79001
-3.79004
-3.79046
-3.79188
-3.79347
-3.79376
-3.79445
-3.79518
-3.79574
-3.7967
-3.79671
-3.79596
-3.79621
-3.79557
-3.79511
-3.79453
-3.79557
-3.79526
-3.79474
-3.79265
-3.79215
-3.79071
-3.79003
-3.791
-3.7924
-3.79347
-3.79398
-3.79416
-3.79542
-3.79459
-3.79339
-3.79308
-3.79245
-3.79118
-3.7896
-3.7891
-3.78738
-3.78632
-3.78651
-3.78626
-3.7881
-3.79023
-3.79261
-3.79525
-3.79629
-3.79584
-3.79616
-3.79542
-3.79351
-3.79219
-3.79178
-3.79093
-3.79142
-3.79235
-3.7917
-3.7923
-3.79228
-3.79354
-3.79476
-3.79401
-3.79271
-3.79119
-3.78962
-3.79
-3.78955
-3.78957
-3.79002
-3.78966
-3.78913
-3.78853
-3.78811
-3.7892
-3.78836
-3.7873
-3.78879
-3.78922
-3.78985
-3.78983
-3.791
-3.79194
-3.79263
-3.79279
-3.79251
-3.79144
-3.78944
-3.78846
-3.78696
-3.78717
-3.78778
-3.78885
-3.78871
-3.78999
-3.79153
-3.79136
-3.79081
-3.79185
-3.79149
-3.79182
-3.7922
-3.79272
-3.79378
-3.79197
-3.7904
-3.79082
-3.79103
-3.79077
-3.79021
-3.79013
-3.79039
-3.78982
-3.78975
-3.79104
-3.79234
-3.79255
-3.79318
-3.79221
-3.79184
-3.79268
-3.79235
-3.79308
-3.79367
-3.79403
-3.79465
-3.79331
-3.79379
-3.7936
-3.79334
-3.794
-3.79413
-3.79419
-3.79547
-3.79551
-3.79632
-3.79556
-3.79454
-3.79475
-3.79499
-3.79529
-3.79463
-3.79563
-3.79542
-3.79463
-3.79473
-3.79526
-3.79469
-3.79456
-3.79315
-3.79473
-3.79616
-3.79754
-3.79726
-3.79766
-3.79661
-3.79715
-3.79621
-3.79641
-3.79586
-3.79614
-3.79591
-3.79522
-3.79509
-3.79344
-3.79396
-3.7935
-3.79379
-3.79436
-3.79421
-3.79414
-3.79446
-3.7956
-3.79601
-3.79656
-3.79693
-3.79677
-3.79767
-3.79733
-3.79682
-3.79673
-3.796
-3.79655
-3.79575
-3.79668
-3.79752
-3.79687
-3.79698
-3.79653
-3.79552
-3.79611
-3.79529
-3.79583
-3.79488
-3.79322
-3.79294
-3.79313
-3.79105
-3.7905
-3.7906
-3.79112
-3.79057
-3.79093
-3.79097
-3.7917
-3.79246
-3.79282
-3.79329
-3.79335
-3.79336
-3.79384
-3.79378
-3.79443
-3.79355
-3.7935
-3.79383
-3.79352
-3.79346
-3.79224
-3.79226
-3.79156
-3.79229
-3.79239
-3.79319
-3.79493
-3.79493
-3.79329
-3.79282
-3.79268
-3.79263
-3.79376
-3.79414
-3.79573
-3.7957
-3.79559
-3.79588
-3.79585
-3.7953
-3.79491
-3.7935
-3.79246
-3.7923
-3.79221
-3.79167
-3.7912
-3.79243
-3.79281
-3.7931
-3.79449
-3.79598
-3.79571
-3.79517
-3.79329
-3.79343
-3.79278
-3.79237
-3.79154
-3.79098
-3.79092
-3.79036
-3.79042
-3.79044
-3.79041
-3.78899
-3.78823
-3.78937
-3.78848
-3.78883
-3.78872
-3.78904
-3.78879
-3.78879
-3.78957
-3.7897
-3.78957
-3.78948
-3.79024
-3.79182
-3.79197
-3.79163
-3.79185
-3.79019
-3.79063
-3.79033
-3.79065
-3.79187
-3.79208
-3.79162
-3.79356
-3.79275
-3.79208
-3.79177
-3.79165
-3.79123
-3.79107
-3.79094
-3.78986
-3.78934
-3.78964
-3.79034
-3.7902
-3.79089
-3.78955
-3.78898
-3.79041
-3.79071
-3.79139
-3.79229
-3.79329
-3.79233
-3.79285
-3.79337
-3.79308
-3.7933
-3.79385
-3.79232
-3.79222
-3.79294
-3.79354
-3.79369
-3.79456
-3.79613
-3.79731
-3.79787
-3.79896
-3.79781
-3.79696
-3.79685
-3.79698
-3.7964
-3.79566
-3.79429
-3.79222
-3.79061
-3.78934
-3.78819
-3.78839
-3.78826
-3.78777
-3.78748
-3.78831
-3.78985
-3.78985
-3.79045
-3.79074
-3.78981
-3.78999
-3.78838
-3.78851
-3.78908
-3.78871
-3.78758
-3.78612
-3.78566
-3.78446
-3.78465
-3.78482
-3.78498
-3.78536
-3.78655
-3.78792
-3.78937
-3.79122
-3.79227
-3.79269
-3.79241
-3.7921
-3.79112
-3.79132
-3.7912
-3.7918
-3.79199
-3.79029
-3.79112
-3.79262
-3.79334
-3.793
-3.7934
-3.79377
-3.79325
-3.79192
-3.79262
-3.79263
-3.79286
-3.79345
-3.79294
-3.79271
-3.79204
-3.79178
-3.79177
-3.79247
-3.79258
-3.79212
-3.79158
-3.79156
-3.79143
-3.79248
-3.7936
-3.7944
-3.79549
-3.79619
-3.79657
-3.79622
-3.79565
-3.79529
-3.79496
-3.79538
-3.79423
-3.79514
-3.79401
-3.79521
-3.79529
-3.79538
-3.79589
-3.79567
-3.79729
-3.79707
-3.79664
-3.79624
-3.79591
-3.79484
-3.79432
-3.79368
-3.79371
-3.79348
-3.79333
-3.79306
-3.79344
-3.79495
-3.79478
-3.79545
-3.79639
-3.7973
-3.79666
-3.79611
-3.79597
-3.79452
-3.7953
-3.79418
-3.79383
-3.79601
-3.79621
-3.79635
-3.79509
-3.79454
-3.79487
-3.79341
-3.79276
-3.79185
-3.79102
-3.79097
-3.79012
-3.79036
-3.79091
-3.79039
-3.78934
-3.78964
-3.79035
-3.79034
-3.78989
-3.79076
-3.78977
-3.78879
-3.78896
-3.78797
-3.78906
-3.78835
-3.78831
-3.78804
-3.78855
-3.78976
-3.79064
-3.79079
-3.79113
-3.78991
-3.78962
-3.79015
-3.79055
-3.79182
-3.79149
-3.79109
-3.79114
-3.79174
-3.79217
-3.79254
-3.79386
-3.79424
-3.79442
-3.79427
-3.79358
-3.79249
-3.7906
-3.7907
-3.7907
-3.79021
-3.79117
-3.79194
-3.7923
-3.79216
-3.79271
-3.79117
-3.79093
-3.79046
-3.78886
-3.78747
-3.78625
-3.78648
-3.78638
-3.78505
-3.78472
-3.78458
-3.78594
-3.78642
-3.7863
-3.78722
-3.7873
-3.78582
-3.7848
-3.78506
-3.78507
-3.78503
-3.78559
-3.7863
-3.78769
-3.78787
-3.78731
-3.78739
-3.78773
-3.78797
-3.78761
-3.78702
-3.78735
-3.78854
-3.78896
-3.7896
-3.79032
-3.79064
-3.79038
-3.79138
-3.79063
-3.79061
-3.79158
-3.79244
-3.79239
-3.79258
-3.79244
-3.79221
-3.79147
-3.79006
-3.78945
-3.78915
-3.78937
-3.78995
-3.79077
-3.79167
-3.79086
-3.79014
-3.78888
-3.7889
-3.78855
-3.78933
-3.79044
-3.79207
-3.79274
-3.79388
-3.79513
-3.79499
-3.79479
-3.79428
-3.79375
-3.79381
-3.79298
-3.79168
-3.79104
-3.7907
-3.79079
-3.79028
-3.78801
-3.7869
-3.78779
-3.78843
-3.7883
-3.78878
-3.78848
-3.78866
-3.78872
-3.78827
-3.78804
-3.78727
-3.78552
-3.78619
-3.78618
-3.78693
-3.78699
-3.7882
-3.78705
-3.7869
-3.78659
-3.78609
-3.78604
-3.78674
-3.78733
-3.78692
-3.78712
-3.78744
-3.78808
-3.7873
-3.78666
-3.78677
-3.78758
-3.78756
-3.78771
-3.78796
-3.78879
-3.78811
-3.78805
-3.78748
-3.78732
-3.78638
-3.78748
-3.78771
-3.78924
-3.79082
-3.79243
-3.79264
-3.79384
-3.79446
-3.79454
-3.79329
-3.79214
-3.79082
-3.79013
-3.789
-3.78929
-3.78845
-3.7886
-3.78796
-3.78883
-3.78978
-3.79113
-3.79135
-3.7915
-3.79107
-3.79066
-3.79029
-3.79007
-3.78979
-3.78927
-3.78963
-3.78912
-3.78978
-3.79063
-3.79043
-3.79097
-3.79021
-3.78912
-3.78987
-3.78964
-3.78812
-3.78719
-3.7875
-3.78643
-3.78628
-3.78765
-3.78718
-3.78672
-3.78674
-3.78744
-3.7877
-3.78851
-3.78888
-3.78973
-3.79114
-3.79175
-3.79232
-3.79158
-3.79069
-3.78979
-3.78863
-3.78857
-3.78833
-3.78732
-3.7882
-3.79026
-3.79015
-3.79081
-3.7907
-3.79005
-3.79108
-3.79208
-3.79241
-3.7929
-3.79253
-3.79282
-3.79223
-3.79168
-3.7911
-3.79031
-3.78903
-3.78824
-3.78863
-3.78999
-3.79052
-3.79145
-3.79201
-3.79207
-3.79121
-3.79028
-3.78961
-3.78964
-3.79006
-3.79072
-3.79167
-3.79258
-3.79326
-3.79265
-3.79382
-3.79373
-3.79262
-3.79203
-3.79265
-3.79206
-3.7914
-3.79132
-3.79159
-3.79115
-3.7905
-3.79019
-3.79045
-3.79018
-3.79125
-3.79162
-3.79216
-3.79266
-3.79336
-3.79347
-3.79388
-3.79267
-3.7921
-3.79126
-3.79119
-3.79115
-3.78985
-3.78927
-3.78775
-3.78801
-3.78912
-3.78958
-3.78993
-3.79022
-3.79147
-3.79137
-3.79068
-3.79134
-3.79258
-3.79242
-3.79291
-3.79188
-3.79053
-3.79
-3.78855
-3.78696
-3.78679
-3.78803
-3.78909
-3.79077
-3.79211
-3.79205
-3.79174
-3.79243
-3.79315
-3.79327
-3.79404
-3.79456
-3.79298
-3.79237
-3.79193
-3.79109
-3.79033
-3.79099
-3.79265
-3.79414
-3.79508
-3.79653
-3.79727
-3.79669
-3.79552
-3.79559
-3.79279
-3.79186
-3.79136
-3.79162
-3.79248
-3.79121
-3.79134
-3.78966
-3.78855
-3.78833
-3.78781
-3.78823
-3.78944
-3.79025
-3.79175
-3.79255
-3.79255
-3.79359
-3.79382
-3.79304
-3.7925
-3.7922
-3.79178
-3.79228
-3.79273
-3.79334
-3.79342
-3.79505
-3.79548
-3.79436
-3.79435
-3.79458
-3.79454
-3.79571
-3.79589
-3.79572
-3.79577
-3.79509
-3.79451
-3.79284
-3.79212
-3.79085
-3.79029
-3.78907
-3.78932
-3.7889
-3.7894
-3.79023
-3.79165
-3.79249
-3.79226
-3.79075
-3.79146
-3.79146
-3.79123
-3.79067
-3.79168
-3.79249
-3.79262
-3.79298
-3.79398
-3.79452
-3.79511
-3.79538
-3.7948
-3.79351
-3.79336
-3.79231
-3.7914
-3.79191
-3.79236
-3.79258
-3.79192
-3.79154
-3.79158
-3.79133
-3.79151
-3.79126
-3.79244
-3.79363
-3.79453
-3.79688
-3.79678
-3.79683
-3.79651
-3.79567
-3.79432
-3.79302
-3.79232
-3.7924
-3.79215
-3.79201
-3.79154
-3.79081
-3.7905
-3.79101
-3.79141
-3.79196
-3.79208
-3.79288
-3.7924
-3.79317
-3.7932
-3.79338
-3.79382
-3.7927
-3.79339
-3.7943
-3.79347
-3.79271
-3.79238
-3.79094
-3.78995
-3.79035
-3.79038
-3.79142
-3.79229
-3.794
-3.79338
-3.7929
-3.7925
-3.79235
-3.79261
-3.79327
-3.79429
-3.79572
-3.79619
-3.79596
-3.79626
-3.79648
-3.79563
-3.79622
-3.79621
-3.79655
-3.7974
-3.79684
-3.7964
-3.7959
-3.79583
-3.79574
-3.79468
-3.79435
-3.79206
-3.79236
-3.79209
-3.79129
-3.7918
-3.79254
-3.7927
-3.79123
-3.79057
-3.79081
-3.79211
-3.79176
-3.79219
-3.79403
-3.79475
-3.79547
-3.79563
-3.7946
-3.79438
-3.79321
-3.79199
-3.7904
-3.791
-3.79175
-3.79205
-3.79223
-3.79184
-3.79155
-3.78983
-3.78965
-3.79062
-3.78971
-3.78974
-3.79004
-3.79084
-3.7917
-3.79266
-3.79283
-3.79322
-3.79308
-3.79262
-3.79109
-3.79094
-3.79025
-3.78915
-3.78897
-3.78886
-3.79019
-3.79213
-3.79357
-3.79492
-3.79616
-3.79649
-3.79634
-3.79571
-3.79574
-3.79571
-3.79486
-3.79487
-3.79499
-3.79408
-3.79388
-3.79408
-3.79374
-3.79367
-3.79431
-3.79329
-3.7927
-3.79318
-3.79285
-3.7914
-3.79079
-3.79073
-3.78986
-3.79058
-3.79144
-3.79203
-3.7919
-3.79031
-3.78986
-3.79049
-3.79039
-3.7908
-3.79305
-3.79529
-3.79561
-3.79654
-3.79678
-3.79662
-3.79574
-3.79562
-3.79469
-3.79464
-3.79387
-3.7933
-3.7932
-3.79319
-3.7932
-3.79296
-3.79246
-3.79206
-3.79228
-3.79273
-3.79252
-3.79311
-3.79433
-3.794
-3.79513
-3.79481
-3.79358
-3.79324
-3.79317
-3.7934
-3.79323
-3.79241
-3.79245
-3.7923
-3.79129
-3.79097
-3.79005
-3.78978
-3.79032
-3.79011
-3.79085
-3.79162
-3.79337
-3.79288
-3.79308
-3.79268
-3.79254
-3.79315
-3.79182
-3.7904
-3.79019
-3.79084
-3.79012
-3.79112
-3.79213
-3.79272
-3.79317
-3.79215
-3.79273
-3.79279
-3.7921
-3.79223
-3.79118
-3.78958
-3.78851
-3.78719
-3.78608
-3.78634
-3.78646
-3.78663
-3.78684
-3.7871
-3.78732
-3.78743
-3.78789
-3.78886
-3.78884
-3.78928
-3.79002
-3.79147
-3.79081
-3.79146
-3.79066
-3.78991
-3.78875
-3.78791
-3.78788
-3.78701
-3.78671
-3.78649
-3.78645
-3.78735
-3.78772
-3.78872
-3.7891
-3.78889
-3.78871
-3.78883
-3.78881
-3.78837
-3.79006
-3.79132
-3.79158
-3.79081
-3.79218
-3.79285
-3.79385
-3.7932
-3.79241
-3.79216
-3.79101
-3.7906
-3.78948
-3.78782
-3.78862
-3.78918
-3.78866
-3.78777
-3.78831
-3.78805
-3.78804
-3.78696
-3.78728
-3.78788
-3.78695
-3.78801
-3.78914
-3.78925
-3.79038
-3.79127
-3.79216
-3.79309
-3.79382
-3.79347
-3.79471
-3.79292
-3.79153
-3.79054
-3.78944
-3.7883
-3.78742
-3.7868
-3.7874
-3.78704
-3.78778
-3.78777
-3.78896
-3.78993
-3.78961
-3.79092
-3.79096
-3.79019
-3.79154
-3.79271
-3.79296
-3.79291
-3.79352
-3.79238
-3.79353
-3.79313
-3.79319
-3.79235
-3.7925
-3.79106
-3.79074
-3.7907
-3.79081
-3.78911
-3.78755
-3.78824
-3.7872
-3.78658
-3.78618
-3.78608
-3.78742
-3.78895
-3.79226
-3.7954
-3.7972
-3.79652
-3.79735
-3.79614
-3.79533
-3.79524
-3.79418
-3.7934
-3.79347
-3.79249
-3.79161
-3.79147
-3.79149
-3.79141
-3.792
-3.79248
-3.79306
-3.79287
-3.79226
-3.79135
-3.79047
-3.78971
-3.79039
-3.79066
-3.7901
-3.79129
-3.79204
-3.79283
-3.79284
-3.79307
-3.79234
-3.79201
-3.79031
-3.78913
-3.78767
-3.78701
-3.78732
-3.78716
-3.78796
-3.78785
-3.7877
-3.78638
-3.78532
-3.7842
-3.78369
-3.78273
-3.78246
-3.78436
-3.78634
-3.78825
-3.78913
-3.78979
-3.79009
-3.79048
-3.79004
-3.78902
-3.78956
-3.7888
-3.7893
-3.79016
-3.79063
-3.79083
-3.79147
-3.79112
-3.79123
-3.79178
-3.79203
-3.79079
-3.7898
-3.78913
-3.78885
-3.78751
-3.78832
-3.78704
-3.78665
-3.7877
-3.78832
-3.78814
-3.78866
-3.78868
-3.7879
-3.78847
-3.78832
-3.78896
-3.78943
-3.7901
-3.79043
-3.78963
-3.78792
-3.78735
-3.78711
-3.78755
-3.78692
-3.78557
-3.78596
-3.78644
-3.78686
-3.78792
-3.78821
-3.78923
-3.78987
-3.78934
-3.78908
-3.78815
-3.78741
-3.78557
-3.78605
-3.78521
-3.78547
-3.78599
-3.78618
-3.78606
-3.78501
-3.78492
-3.78612
-3.78622
-3.78644
-3.78804
-3.78892
-3.78996
-3.79125
-3.79303
-3.79426
-3.79458
-3.79528
-3.7943
-3.79364
-3.79275
-3.79363
-3.79315
-3.79177
-3.79074
-3.79025
-3.78974
-3.78907
-3.78988
-3.79065
-3.79087
-3.79125
-3.79103
-3.79161
-3.79185
-3.79067
-3.79284
-3.79305
-3.79278
-3.79274
-3.79212
-3.79302
-3.79357
-3.79408
-3.79412
-3.79438
-3.79378
-3.79327
-3.79376
-3.79491
-3.79534
-3.79587
-3.79529
-3.79484
-3.79567
-3.79568
-3.79513
-3.79521
-3.79338
-3.7923
-3.79306
-3.79252
-3.79275
-3.79266
-3.79349
-3.79296
-3.79264
-3.79235
-3.79189
-3.79125
-3.79146
-3.79163
-3.79138
-3.79185
-3.79139
-3.79092
-3.79187
-3.79111
-3.79288
-3.7943
-3.79504
-3.79531
-3.7957
-3.7967
-3.79562
-3.79642
-3.79595
-3.79592
-3.79471
-3.79436
-3.79416
-3.79524
-3.79577
-3.79647
-3.79781
-3.79894
-3.79976
-3.79991
-3.79969
-3.80005
-3.80061
-3.79891
-3.7984
-3.79755
-3.79732
-3.79792
-3.79776
-3.79731
-3.79782
-3.7971
-3.79731
-3.79619
-3.79562
-3.79695
-3.79726
-3.7973
-3.7969
-3.79742
-3.79645
-3.79593
-3.79637
-3.79616
-3.79615
-3.79551
-3.79555
-3.79618
-3.79772
-3.7987
-3.79843
-3.79879
-3.79852
-3.79806
-3.79736
-3.79699
-3.79587
-3.79394
-3.79368
-3.79244
-3.79162
-3.79082
-3.792
-3.79278
-3.79435
-3.79482
-3.7948
-3.79565
-3.79516
-3.7949
-3.79489
-3.7951
-3.7949
-3.79433
-3.79365
-3.79402
-3.79391
-3.79317
-3.79307
-3.79251
-3.79364
-3.79421
-3.79458
-3.79522
-3.79592
-3.79542
-3.79401
-3.79386
-3.79346
-3.79304
-3.79413
-3.79343
-3.79358
-3.79448
-3.79529
-3.79537
-3.79585
-3.79552
-3.79622
-3.79605
-3.79537
-3.79459
-3.79436
-3.79412
-3.79385
-3.79422
-3.79482
-3.79527
-3.79573
-3.79497
-3.79438
-3.79376
-3.79351
-3.79381
-3.79451
-3.79502
-3.79421
-3.79447
-3.7937
-3.79242
-3.79215
-3.79106
-3.79166
-3.79112
-3.79162
-3.79139
-3.79127
-3.79125
-3.79171
-3.79182
-3.79218
-3.79248
-3.79263
-3.79186
-3.79125
-3.79116
-3.79195
-3.79281
-3.79286
-3.79298
-3.7922
-3.79105
-3.79229
-3.79206
-3.79209
-3.79212
-3.79288
-3.79225
-3.79236
-3.79241
-3.79269
-3.79328
-3.79373
-3.79472
-3.79469
-3.79472
-3.7953
-3.79583
-3.79637
-3.79679
-3.79664
-3.79769
-3.79702
-3.79733
-3.79694
-3.79611
-3.79637
-3.79634
-3.79734
-3.79683
-3.79766
-3.79738
-3.79696
-3.79511
-3.79446
-3.79292
-3.79382
-3.7934
-3.79431
-3.79463
-3.79441
-3.79606
-3.7959
-3.79656
-3.79742
-3.79721
-3.79771
-3.79792
-3.79688
-3.79692
-3.7959
-3.79617
-3.79707
-3.79669
-3.7949
-3.79423
-3.79361
-3.79354
-3.79386
-3.79408
-3.79484
-3.79486
-3.79516
-3.79491
-3.79511
-3.79429
-3.79519
-3.79457
-3.7933
-3.79292
-3.79262
-3.79207
-3.79252
-3.79249
-3.79164
-3.79182
-3.79178
-3.79089
-3.78967
-3.78871
-3.7888
-3.7894
-3.78928
-3.78973
-3.79029
-3.79033
-3.79057
-3.79098
-3.7908
-3.79063
-3.79125
-3.79168
-3.792
-3.79184
-3.79168
-3.79083
-3.79106
-3.79072
-3.79048
-3.79053
-3.79114
-3.79103
-3.79014
-3.78981
-3.78998
-3.79061
-3.79096
-3.79147
-3.79167
-3.79181
-3.79117
-3.79082
-3.78955
-3.78835
-3.78831
-3.78845
-3.78941
-3.7894
-3.78924
-3.79069
-3.79035
-3.79086
-3.79224
-3.7915
-3.79128
-3.79103
-3.78924
-3.7895
-3.78875
-3.7894
-3.7909
-3.79264
-3.79451
-3.79496
-3.79523
-3.79443
-3.7932
-3.79178
-3.79163
-3.79131
-3.79147
-3.79135
-3.79132
-3.7908
-3.79035
-3.79109
-3.7906
-3.78949
-3.78863
-3.78756
-3.78888
-3.78922
-3.78933
-3.79011
-3.78979
-3.79013
-3.78983
-3.78854
-3.78774
-3.78755
-3.78697
-3.7866
-3.78656
-3.78638
-3.78588
-3.78586
-3.78565
-3.78507
-3.78562
-3.78661
-3.78765
-3.78858
-3.78969
-3.79015
-3.79007
-3.79004
-3.79003
-3.7897
-3.78989
-3.78968
-3.78882
-3.78926
-3.78902
-3.78914
-3.78911
-3.78924
-3.78946
-3.78934
-3.78936
-3.79064
-3.79165
-3.79225
-3.79278
-3.79314
-3.79368
-3.79308
-3.79304
-3.79266
-3.79412
-3.79443
-3.79367
-3.79312
-3.79266
-3.79191
-3.7908
-3.79076
-3.78986
-3.78948
-3.78942
-3.78875
-3.78732
-3.78827
-3.78921
-3.79
-3.79114
-3.79221
-3.79157
-3.79049
-3.7888
-3.788
-3.78709
-3.78825
-3.7886
-3.78931
-3.78879
-3.7894
-3.79124
-3.79199
-3.79175
-3.79135
-3.79135
-3.79026
-3.78949
-3.79018
-3.78922
-3.7883
-3.78851
-3.78838
-3.78858
-3.78808
-3.78824
-3.78912
-3.78923
-3.78859
-3.79107
-3.79173
-3.79171
-3.79245
-3.79341
-3.7929
-3.79256
-3.79325
-3.79385
-3.79462
-3.79381
-3.79331
-3.79283
-3.79161
-3.79085
-3.78981
-3.79132
-3.79178
-3.79214
-3.79235
-3.79204
-3.79214
-3.79235
-3.79389
-3.79335
-3.79406
-3.79431
-3.79386
-3.79383
-3.793
-3.79305
-3.79158
-3.79154
-3.7921
-3.79162
-3.79166
-3.79135
-3.79086
-3.78922
-3.78857
-3.78711
-3.78709
-3.78781
-3.78857
-3.79061
-3.79275
-3.79378
-3.79431
-3.79356
-3.79322
-3.79272
-3.79274
-3.79286
-3.79241
-3.79288
-3.79218
-3.79177
-3.79173
-3.79142
-3.79188
-3.79165
-3.79191
-3.79332
-3.79425
-3.79458
-3.79441
-3.79417
-3.79361
-3.79326
-3.79306
-3.79205
-3.7914
-3.79123
-3.79221
-3.79283
-3.79388
-3.7951
-3.79633
-3.79645
-3.79504
-3.79442
-3.7927
-3.79061
-3.78896
-3.78895
-3.78906
-3.78897
-3.78829
-3.78786
-3.78783
-3.7887
-3.79
-3.79139
-3.79223
-3.79388
-3.79414
-3.79396
-3.79327
-3.79207
-3.79168
-3.79008
-3.78947
-3.7881
-3.78677
-3.78687
-3.7872
-3.78773
-3.78775
-3.78773
-3.78873
-3.78798
-3.78767
-3.78664
-3.78566
-3.78699
-3.78914
-3.79013
-3.79101
-3.79119
-3.79196
-3.79167
-3.79129
-3.79121
-3.79052
-3.79028
-3.79003
-3.79114
-3.79058
-3.78976
-3.78967
-3.78932
-3.78891
-3.78977
-3.79038
-3.7913
-3.79135
-3.79133
-3.79151
-3.79234
-3.79296
-3.79309
-3.79339
-3.79365
-3.79401
-3.79315
-3.79178
-3.79093
-3.79161
-3.79116
-3.79134
-3.79036
-3.79137
-3.79136
-3.79059
-3.79066
-3.78973
-3.78922
-3.78913
-3.79043
-3.7917
-3.79167
-3.79209
-3.79312
-3.79308
-3.79313
-3.79158
-3.79067
-3.79017
-3.78948
-3.78906
-3.78938
-3.78954
-3.79032
-3.78987
-3.79029
-3.79067
-3.79175
-3.79269
-3.79274
-3.79286
-3.79305
-3.79268
-3.79234
-3.7932
-3.79336
-3.79493
-3.79555
-3.7958
-3.79549
-3.79483
-3.79474
-3.7938
-3.79213
-3.79198
-3.79164
-3.79146
-3.79192
-3.79166
-3.7905
-3.79216
-3.79188
-3.79185
-3.79152
-3.79114
-3.7906
-3.78911
-3.78942
-3.78881
-3.78915
-3.78966
-3.79128
-3.79191
-3.7934
-3.79406
-3.79441
-3.7946
-3.7944
-3.79391
-3.79301
-3.79247
-3.79076
-3.79098
-3.79058
-3.79033
-3.79188
-3.79354
-3.79457
-3.79517
-3.79494
-3.79524
-3.79503
-3.79541
-3.79513
-3.79618
-3.79623
-3.7971
-3.79717
-3.797
-3.79768
-3.79849
-3.79802
-3.79751
-3.79677
-3.79559
-3.79497
-3.79463
-3.79468
-3.79459
-3.7949
-3.79399
-3.79315
-3.79295
-3.79194
-3.79055
-3.78989
-3.78979
-3.78971
-3.78944
-3.78913
-3.78727
-3.7874
-3.78675
-3.78741
-3.78757
-3.78811
-3.78884
-3.78986
-3.79156
-3.79326
-3.79486
-3.79548
-3.79552
-3.79634
-3.79682
-3.7952
-3.79398
-3.79402
-3.79389
-3.79374
-3.79419
-3.79524
-3.7967
-3.79664
-3.79673
-3.79665
-3.79584
-3.79535
-3.79487
-3.79284
-3.79266
-3.79226
-3.79101
-3.79062
-3.79173
-3.79075
-3.79023
-3.7912
-3.7919
-3.79237
-3.79252
-3.79173
-3.79273
-3.79175
-3.79242
-3.79293
-3.79332
-3.79169
-3.79115
-3.79061
-3.79021
-3.78974
-3.7901
-3.79099
-3.79144
-3.79163
-3.79306
-3.79393
-3.7944
-3.7945
-3.79495
-3.79462
-3.79296
-3.79299
-3.79175
-3.79184
-3.79011
-3.7888
-3.78704
-3.78886
-3.78933
-3.7897
-3.79068
-3.79045
-3.7907
-3.79191
-3.79293
-3.79343
-3.7941
-3.79432
-3.7948
-3.79669
-3.79608
-3.79523
-3.79412
-3.79376
-3.7924
-3.79146
-3.79103
-3.79063
-3.7914
-3.79149
-3.79151
-3.79261
-3.79358
-3.7945
-3.7945
-3.79469
-3.79432
-3.79371
-3.79449
-3.79319
-3.79332
-3.79281
-3.79296
-3.79278
-3.79293
-3.79263
-3.79193
-3.79314
-3.7927
-3.79242
-3.79234
-3.79071
-3.79061
-3.79061
-3.7908
-3.79078
-3.79026
-3.79097
-3.79323
-3.79343
-3.79344
-3.79495
-3.79527
-3.79506
-3.79581
-3.79536
-3.79561
-3.79506
-3.79377
-3.79248
-3.79057
-3.78962
-3.79022
-3.7906
-3.79082
-3.79171
-3.79131
-3.79061
-3.79151
-3.79119
-3.7903
-3.79055
-3.79161
-3.79076
-3.79039
-3.79215
-3.79196
-3.79165
-3.79069
-3.78933
-3.78836
-3.78814
-3.78942
-3.7911
-3.79189
-3.7934
-3.79331
-3.79282
-3.79256
-3.79322
-3.79271
-3.79218
-3.79231
-3.79231
-3.79228
-3.7923
-3.79176
-3.79217
-3.79241
-3.79386
-3.795
-3.7955
-3.79353
-3.79334
-3.79174
-3.79132
-3.79195
-3.79125
-3.79228
-3.79158
-3.79072
-3.79013
-3.79041
-3.78964
-3.78984
-3.78925
-3.7891
-3.78851
-3.78793
-3.78811
-3.78889
-3.78975
-3.79077
-3.79252
-3.79464
-3.79369
-3.79355
-3.79351
-3.79257
-3.79212
-3.79147
-3.79196
-3.79204
-3.79211
-3.79243
-3.79371
-3.7947
-3.79586
-3.79522
-3.79516
-3.79502
-3.79444
-3.79431
-3.79406
-3.7947
-3.79437
-3.79422
-3.7935
-3.79275
-3.79272
-3.79253
-3.79278
-3.79218
-3.79249
-3.79243
-3.79112
-3.7902
-3.7902
-3.79109
-3.79131
-3.79259
-3.7917
-3.79073
-3.7905
-3.78971
-3.7885
-3.78889
-3.79064
-3.79277
-3.79346
-3.79475
-3.79657
-3.79567
-3.795
-3.79409
-3.79376
-3.79295
-3.79277
-3.79185
-3.79239
-3.79134
-3.79067
-3.78965
-3.7895
-3.7896
-3.79022
-3.79044
-3.79052
-3.791
-3.79128
-3.79158
-3.79144
-3.79109
-3.78941
-3.78923
-3.78943
-3.79056
-3.79113
-3.79227
-3.79492
-3.79542
-3.79633
-3.79635
-3.79633
-3.79599
-3.79497
-3.79385
-3.79233
-3.79165
-3.79031
-3.78982
-3.7901
-3.79115
-3.79164
-3.79208
-3.79185
-3.79178
-3.79189
-3.79146
-3.79121
-3.79009
-3.78983
-3.78963
-3.78982
-3.79026
-3.79038
-3.79072
-3.79012
-3.78961
-3.78902
-3.78906
-3.78857
-3.78936
-3.78895
-3.78911
-3.79004
-3.78998
-3.79107
-3.79025
-3.79019
-3.79017
-3.78838
-3.78775
-3.7867
-3.7845
-3.78555
-3.78533
-3.78591
-3.78677
-3.78787
-3.78837
-3.78933
-3.79036
-3.78998
-3.78988
-3.79023
-3.79092
-3.79066
-3.79149
-3.79171
-3.79091
-3.79177
-3.79178
-3.79235
-3.79236
-3.79324
-3.79338
-3.7936
-3.79385
-3.79324
-3.79352
-3.79364
-3.79413
-3.79429
-3.79399
-3.79369
-3.79351
-3.79229
-3.79256
-3.79206
-3.79212
-3.79293
-3.79386
-3.794
-3.79413
-3.79375
-3.79405
-3.79281
-3.79225
-3.79202
-3.79257
-3.79272
-3.79321
-3.79292
-3.79264
-3.79333
-3.79355
-3.79435
-3.792
-3.7915
-3.79169
-3.7908
-3.79003
-3.78928
-3.78862
-3.78867
-3.78926
-3.79065
-3.79171
-3.79255
-3.79328
-3.79334
-3.79277
-3.79271
-3.79131
-3.79205
-3.79148
-3.79178
-3.79262
-3.79197
-3.79145
-3.7922
-3.79277
-3.79416
-3.79562
-3.79665
-3.79739
-3.7973
-3.79609
-3.7957
-3.79432
-3.79254
-3.79181
-3.79168
-3.79063
-3.79063
-3.79122
-3.79044
-3.79125
-3.79114
-3.79175
-3.79256
-3.79233
-3.79272
-3.7929
-3.79266
-3.79317
-3.79403
-3.79418
-3.79454
-3.79374
-3.79317
-3.79264
-3.79243
-3.79086
-3.79031
-3.78877
-3.78797
-3.78803
-3.78799
-3.78922
-3.78873
-3.78797
-3.78798
-3.78892
-3.78898
-3.78948
-3.78937
-3.79008
-3.78958
-3.78932
-3.78814
-3.78814
-3.7875
-3.78727
-3.78728
-3.78765
-3.78788
-3.78812
-3.78772
-3.78806
-3.78764
-3.78832
-3.7888
-3.78924
-3.78887
-3.78928
-3.7894
-3.78849
-3.78751
-3.78655
-3.78699
-3.78807
-3.78911
-3.79035
-3.79119
-3.79175
-3.79072
-3.79063
-3.79032
-3.78962
-3.78994
-3.78917
-3.78776
-3.78826
-3.78887
-3.78834
-3.78878
-3.78881
-3.78838
-3.79062
-3.79019
-3.7896
-3.79018
-3.79102
-3.78962
-3.78776
-3.7882
-3.7887
-3.78853
-3.78866
-3.78996
-3.79072
-3.791
-3.79192
-3.79207
-3.7923
-3.79287
-3.79287
-3.79233
-3.79328
-3.79275
-3.79219
-3.79097
-3.79057
-3.78975
-3.79029
-3.78979
-3.79017
-3.7893
-3.79031
-3.79034
-3.79039
-3.79005
-3.79007
-3.78943
-3.78935
-3.79
-3.78986
-3.79177
-3.79184
-3.7919
-3.7911
-3.79025
-3.79
-3.78967
-3.79011
-3.78866
-3.78896
-3.79033
-3.79084
-3.79144
-3.79233
-3.79256
-3.79259
-3.79242
-3.79194
-3.79223
-3.79152
-3.79031
-3.78957
-3.78966
-3.78883
-3.78788
-3.78746
-3.78772
-3.78832
-3.7899
-3.78993
-3.79026
-3.7902
-3.79047
-3.79018
-3.78987
-3.78967
-3.78958
-3.78842
-3.78815
-3.78945
-3.79078
-3.79227
-3.79401
-3.79554
-3.79592
-3.79563
-3.7942
-3.7933
-3.79278
-3.79195
-3.79103
-3.79111
-3.79058
-3.79019
-3.78943
-3.78895
-3.78853
-3.78879
-3.78847
-3.78739
-3.78652
-3.7872
-3.78753
-3.78754
-3.78745
-3.78678
-3.78704
-3.78619
-3.78673
-3.78674
-3.7873
-3.78747
-3.78678
-3.7876
-3.78763
-3.78746
-3.78659
-3.78724
-3.78774
-3.7881
-3.78625
-3.78512
-3.78583
-3.78429
-3.7836
-3.78503
-3.78538
-3.78682
-3.78739
-3.78846
-3.78994
-3.78969
-3.78938
-3.78934
-3.78972
-3.79022
-3.78968
-3.78908
-3.78918
-3.78903
-3.78962
-3.79016
-3.78999
-3.79186
-3.79239
-3.79191
-3.7924
-3.79184
-3.79185
-3.79191
-3.79163
-3.7924
-3.79192
-3.7924
-3.7915
-3.79214
-3.79256
-3.79393
-3.79363
-3.79316
-3.79251
-3.79164
-3.791
-3.79113
-3.79266
-3.79394
-3.79492
-3.79658
-3.79655
-3.79691
-3.79598
-3.79432
-3.79236
-3.79159
-3.79007
-3.78842
-3.78798
-3.7882
-3.78816
-3.7901
-3.79084
-3.79168
-3.79244
-3.79234
-3.79345
-3.79252
-3.79279
-3.79146
-3.79257
-3.79329
-3.79397
-3.79395
-3.79253
-3.79142
-3.79069
-3.79029
-3.78954
-3.78908
-3.78891
-3.78921
-3.78956
-3.78992
-3.79015
-3.79057
-3.79011
-3.7901
-3.79049
-3.7893
-3.78957
-3.78892
-3.78906
-3.78899
-3.7893
-3.79043
-3.7901
-3.78858
-3.78992
-3.79036
-3.79154
-3.79182
-3.7918
-3.79218
-3.79214
-3.79312
-3.79203
-3.79115
-3.79009
-3.78923
-3.78885
-3.78858
-3.78821
-3.78889
-3.78871
-3.78901
-3.79102
-3.79219
-3.79279
-3.7927
-3.79384
-3.79625
-3.79663
-3.79608
-3.79696
-3.79702
-3.79677
-3.79572
-3.79404
-3.79254
-3.79335
-3.79276
-3.79238
-3.79318
-3.79431
-3.79509
-3.79564
-3.79472
-3.79584
-3.79548
-3.79536
-3.79519
-3.79495
-3.79571
-3.79497
-3.79536
-3.79481
-3.79424
-3.79259
-3.79114
-3.79151
-3.7919
-3.79237
-3.79259
-3.79299
-3.79385
-3.7952
-3.79531
-3.79623
-3.7964
-3.79552
-3.79361
-3.79283
-3.791
-3.79063
-3.78956
-3.78882
-3.78803
-3.78875
-3.78826
-3.78842
-3.78777
-3.78865
-3.78822
-3.78764
-3.7876
-3.78726
-3.78615
-3.78667
-3.78809
-3.78802
-3.78812
-3.78901
-3.7904
-3.79084
-3.79111
-3.79164
-3.79175
-3.7916
-3.79215
-3.79213
-3.79213
-3.79139
-3.79234
-3.79208
-3.79195
-3.79147
-3.79155
-3.79176
-3.7929
-3.79206
-3.79181
-3.7912
-3.79128
-3.79131
-3.79104
-3.79144
-3.79229
-3.79111
-3.79126
-3.79209
-3.79298
-3.79279
-3.79285
-3.79269
-3.79196
-3.79218
-3.78994
-3.79141
-3.79121
-3.79179
-3.79288
-3.79351
-3.79301
-3.79191
-3.79096
-3.79158
-3.79049
-3.78965
-3.79099
-3.7905
-3.78952
-3.79077
-3.79104
-3.79099
-3.79089
-3.79108
-3.79059
-3.79041
-3.79003
-3.79096
-3.79145
-3.79289
-3.79229
-3.792
-3.79149
-3.79036
-3.79027
-3.7894
-3.78957
-3.79058
-3.7905
-3.79029
-3.79043
-3.79015
-3.78943
-3.78963
-3.7898
-3.78972
-3.7896
-3.78986
-3.7907
-3.79119
-3.79208
-3.79151
-3.79171
-3.79106
-3.79124
-3.79154
-3.79172
-3.79168
-3.7919
-3.79215
-3.79289
-3.79261
-3.79285
-3.79317
-3.79263
-3.79224
-3.79152
-3.79126
-3.79108
-3.79064
-3.79024
-3.78984
-3.79031
-3.79113
-3.79213
-3.79353
-3.79425
-3.79408
-3.79451
-3.79484
-3.79406
-3.79295
-3.79204
-3.79174
-3.79128
-3.7908
-3.79129
-3.79165
-3.79191
-3.79246
-3.79436
-3.79422
-3.7937
-3.79239
-3.79235
-3.79225
-3.79298
-3.79183
-3.7923
-3.7928
-3.7921
-3.79105
-3.79234
-3.79247
-3.79206
-3.79366
-3.79479
-3.7936
-3.79388
-3.79369
-3.79323
-3.79289
-3.79128
-3.79012
-3.78906
-3.78774
-3.7873
-3.78718
-3.78768
-3.78795
-3.78856
-3.78812
-3.78842
-3.78809
-3.78708
-3.78706
-3.78769
-3.78646
-3.78653
-3.78667
-3.78688
-3.78673
-3.78831
-3.78894
-3.78819
-3.78795
-3.78811
-3.7885
-3.78889
-3.78936
-3.79046
-3.79111
-3.7918
-3.7919
-3.79258
-3.79129
-3.79068
-3.79052
-3.78987
-3.79009
-3.79
-3.79028
-3.79062
-3.79086
-3.79021
-3.78948
-3.78869
-3.78851
-3.78803
-3.78839
-3.78965
-3.79085
-3.79161
-3.79202
-3.79304
-3.79396
-3.79427
-3.79322
-3.79329
-3.79382
-3.79412
-3.79352
-3.7934
-3.79242
-3.79193
-3.79179
-3.79131
-3.79133
-3.79074
-3.79182
-3.79259
-3.79314
-3.79342
-3.79414
-3.79386
-3.79378
-3.79294
-3.79152
-3.79106
-3.79101
-3.79119
-3.7918
-3.79192
-3.79194
-3.79137
-3.79084
-3.78986
-3.78804
-3.78841
-3.78686
-3.78786
-3.7886
-3.79065
-3.79112
-3.79061
-3.78985
-3.78902
-3.78913
-3.78941
-3.78922
-3.78847
-3.78752
-3.78753
-3.7875
-3.7887
-3.78975
-3.78959
-3.78955
-3.78965
-3.79009
-3.79095
-3.79008
-3.78822
-3.78788
-3.7872
-3.78562
-3.78477
-3.78407
-3.78457
-3.78599
-3.78699
-3.78798
-3.78841
-3.78902
-3.7896
-3.79103
-3.79323
-3.79349
-3.79389
-3.79423
-3.79441
-3.79434
-3.79416
-3.79429
-3.79323
-3.79305
-3.79388
-3.79387
-3.79383
-3.79441
-3.79433
-3.79463
-3.79419
-3.79394
-3.79327
-3.7927
-3.79182
-3.79277
-3.79278
-3.79209
-3.79309
-3.79262
-3.79257
-3.79342
-3.7929
-3.79311
-3.79141
-3.78982
-3.78934
-3.78965
-3.78999
-3.79173
-3.79417
-3.79602
-3.7972
-3.79711
-3.797
-3.79495
-3.79298
-3.79117
-3.79161
-3.79063
-3.79104
-3.79108
-3.79227
-3.79308
-3.793
-3.79309
-3.79227
-3.79218
-3.79064
-3.79082
-3.7924
-3.79299
-3.79389
-3.79467
-3.79409
-3.79354
-3.79343
-3.79312
-3.79258
-3.79266
-3.79207
-3.79202
-3.79264
-3.79252
-3.79324
-3.79285
-3.79363
-3.79232
-3.79198
-3.79221
-3.79252
-3.7934
-3.79293
-3.79092
-3.79065
-3.78983
-3.79027
-3.78893
-3.78892
-3.78982
-3.78924
-3.78857
-3.78741
-3.78676
-3.78699
-3.78818
-3.78957
-3.78937
-3.79049
-3.79144
-3.79176
-3.79192
-3.79308
-3.79277
-3.79182
-3.79075
-3.79109
-3.79088
-3.78937
-3.78959
-3.789
-3.78926
-3.79067
-3.79106
-3.7916
-3.79194
-3.79252
-3.79262
-3.79345
-3.79351
-3.79382
-3.7942
-3.79234
-3.79126
-3.79052
-3.79
-3.78989
-3.78994
-3.79007
-3.7903
-3.79066
-3.79112
-3.79129
-3.79023
-3.79014
-3.78982
-3.79079
-3.79122
-3.79227
-3.79352
-3.79454
-3.79517
-3.79515
-3.79574
-3.79573
-3.79465
-3.79386
-3.79338
-3.7925
-3.79221
-3.79217
-3.79178
-3.79294
-3.7931
-3.79485
-3.79459
-3.79525
-3.79551
-3.79403
-3.79333
-3.79292
-3.79176
-3.79033
-3.79037
-3.79194
-3.79275
-3.79408
-3.79492
-3.79553
-3.79557
-3.79491
-3.79439
-3.79329
-3.79314
-3.79265
-3.79139
-3.791
-3.79103
-3.79108
-3.79144
-3.79209
-3.79199
-3.79208
-3.79291
-3.79294
-3.79081
-3.78904
-3.78944
-3.78924
-3.78813
-3.78786
-3.78852
-3.78997
-3.79229
-3.79396
-3.79386
-3.79385
-3.79403
-3.79341
-3.79264
-3.79141
-3.79079
-3.79004
-3.78959
-3.78886
-3.78876
-3.78856
-3.78831
-3.7888
-3.78864
-3.78793
-3.788
-3.78783
-3.78806
-3.78815
-3.78764
-3.78816
-3.78904
-3.78897
-3.79087
-3.7906
-3.79184
-3.79124
-3.7909
-3.7922
-3.79238
-3.79251
-3.79294
-3.79358
-3.79186
-3.79072
-3.78983
-3.79094
-3.79051
-3.78949
-3.78971
-3.78963
-3.79072
-3.79125
-3.79041
-3.79073
-3.79057
-3.79113
-3.79111
-3.79187
-3.79221
-3.7918
-3.79228
-3.79184
-3.7915
-3.79184
-3.79165
-3.79137
-3.7907
-3.79058
-3.79105
-3.7903
-3.79019
-3.79014
-3.78953
-3.78898
-3.78891
-3.78796
-3.78731
-3.78679
-3.78549
-3.78505
-3.78641
-3.78642
-3.78603
-3.78578
-3.78663
-3.78832
-3.78917
-3.79089
-3.79231
-3.79342
-3.79299
-3.79287
-3.79214
-3.7915
-3.79104
-3.78873
-3.78718
-3.78616
-3.7862
-3.78707
-3.78877
-3.78999
-3.79214
-3.79254
-3.79393
-3.79495
-3.79515
-3.79534
-3.79505
-3.79415
-3.7941
-3.7933
-3.79195
-3.79101
-3.7908
-3.79113
-3.79083
-3.78967
-3.78883
-3.78867
-3.78807
-3.78728
-3.78714
-3.78798
-3.78603
-3.78607
-3.78777
-3.78807
-3.78866
-3.79021
-3.79082
-3.79123
-3.79242
-3.7926
-3.7927
-3.79218
-3.79176
-3.79121
-3.79028
-3.79028
-3.79043
-3.79056
-3.79009
-3.79029
-3.78994
-3.78927
-3.78937
-3.78993
-3.78923
-3.78969
-3.78877
-3.78871
-3.7879
-3.78785
-3.78774
-3.78858
-3.79018
-3.79057
-3.79153
-3.79306
-3.79307
-3.79203
-3.79097
-3.79103
-3.79173
-3.79287
-3.79346
-3.79223
-3.79095
-3.79107
-3.78969
-3.78872
-3.78835
-3.78944
-3.7908
-3.79208
-3.79171
-3.79264
-3.79225
-3.792
-3.79211
-3.7923
-3.79242
-3.79203
-3.79113
-3.79029
-3.78993
-3.78894
-3.78957
-3.78924
-3.78734
-3.78822
-3.78893
-3.78907
-3.78929
-3.7899
-3.79041
-3.79172
-3.79184
-3.79154
-3.79183
-3.79193
-3.79246
-3.7919
-3.79259
-3.79158
-3.7931
-3.7941
-3.79366
-3.79269
-3.79248
-3.79084
-3.79023
-3.78927
-3.78906
-3.78884
-3.78959
-3.78918
-3.7894
-3.78961
-3.79019
-3.79103
-3.79117
-3.79177
-3.79176
-3.79202
-3.79252
-3.79216
-3.79112
-3.79066
-3.79107
-3.7902
-3.788
-3.78799
-3.78655
-3.78634
-3.78659
-3.7874
-3.78825
-3.79039
-3.79109
-3.79086
-3.79113
-3.79048
-3.78973
-3.78937
-3.78807
-3.78826
-3.78878
-3.79014
-3.79106
-3.79142
-3.79157
-3.7915
-3.79104
-3.79089
-3.79181
-3.79217
-3.79345
-3.7944
-3.79526
-3.79453
-3.79422
-3.79371
-3.79412
-3.79473
-3.7968
-3.7979
-3.79734
-3.79658
-3.79614
-3.79572
-3.79619
-3.79652
-3.79685
-3.79563
-3.79514
-3.79368
-3.79398
-3.7933
-3.79321
-3.79227
-3.79247
-3.79288
-3.79293
-3.79259
-3.79276
-3.79082
-3.79045
-3.79058
-3.79079
-3.79018
-3.78934
-3.79073
-3.79217
-3.79382
-3.79382
-3.7957
-3.79597
-3.79486
-3.79335
-3.7928
-3.79023
-3.78944
-3.79028
-3.79117
-3.79211
-3.79213
-3.79215
-3.79383
-3.79412
-3.79548
-3.79469
-3.79403
-3.79355
-3.79198
-3.79107
-3.78991
-3.79001
-3.78943
-3.78994
-3.79052
-3.79103
-3.79211
-3.7928
-3.79359
-3.79244
-3.79321
-3.79264
-3.79278
-3.79288
-3.79259
-3.79228
-3.79153
-3.79234
-3.79318
-3.79367
-3.79359
-3.79369
-3.79408
-3.79266
-3.79155
-3.79174
-3.79194
-3.79186
-3.7923
-3.79323
-3.79355
-3.79291
-3.79225
-3.79066
-3.78994
-3.78983
-3.79032
-3.79064
-3.79092
-3.79212
-3.79443
-3.79704
-3.79813
-3.79744
-3.798
-3.79859
-3.79835
-3.79738
-3.79717
-3.79602
-3.79574
-3.79445
-3.7933
-3.79249
-3.79246
-3.79305
-3.79301
-3.79339
-3.79366
-3.79421
-3.79554
-3.79501
-3.79576
-3.79461
-3.79363
-3.79298
-3.79285
-3.79232
-3.79293
-3.79432
-3.79551
-3.79676
-3.79838
-3.79959
-3.79991
-3.79919
-3.79905
-3.79933
-3.79731
-3.79623
-3.79523
-3.79565
-3.79442
-3.7943
-3.79347
-3.79345
-3.79265
-3.79326
-3.79386
-3.79408
-3.7936
-3.79376
-3.79344
-3.79245
-3.79096
-3.79046
-3.78947
-3.7888
-3.78908
-3.78959
-3.79107
-3.79203
-3.79259
-3.7931
-3.79394
-3.79486
-3.79549
-3.79422
-3.79406
-3.79368
-3.79278
-3.79284
-3.79296
-3.79419
-3.79508
-3.79541
-3.79412
-3.79442
-3.79409
-3.79372
-3.79367
-3.79441
-3.79414
-3.79462
-3.79365
-3.79456
-3.79498
-3.7946
-3.79425
-3.79513
-3.79603
-3.79633
-3.79705
-3.79782
-3.79741
-3.79804
-3.79785
-3.79712
-3.79739
-3.7976
-3.79772
-3.79832
-3.7985
-3.79869
-3.79874
-3.79847
-3.79907
-3.79836
-3.79783
-3.79684
-3.79605
-3.79484
-3.79478
-3.79465
-3.7952
-3.79694
-3.79802
-3.79884
-3.79885
-3.79864
-3.79722
-3.79662
-3.7965
-3.79557
-3.79453
-3.79401
-3.79335
-3.79191
-3.79134
-3.79124
-3.79119
-3.79062
-3.79164
-3.79241
-3.79325
-3.79279
-3.79263
-3.79115
-3.79143
-3.79196
-3.79132
-3.79064
-3.78997
-3.79021
-3.78943
-3.78982
-3.79048
-3.78916
-3.78908
-3.78986
-3.78969
-3.79014
-3.78977
-3.7895
-3.78885
-3.78923
-3.78899
-3.78919
-3.78962
-3.78867
-3.78785
-3.78634
-3.78712
-3.78867
-3.78931
-3.79142
-3.79228
-3.79481
-3.79517
-3.79392
-3.7929
-3.78984
-3.78795
-3.78678
-3.78704
-3.7865
-3.78722
-3.78821
-3.78874
-3.78957
-3.79108
-3.79245
-3.7938
-3.7937
-3.79322
-3.79347
-3.79274
-3.79211
-3.79145
-3.79036
-3.78951
-3.78981
-3.79139
-3.79238
-3.79269
-3.79279
-3.79226
-3.79247
-3.79119
-3.79019
-3.79019
-3.79091
-3.79149
-3.79182
-3.79076
-3.79115
-3.7905
-3.79199
-3.79154
-3.79116
-3.7892
-3.78937
-3.78804
-3.78766
-3.78733
-3.78804
-3.78812
-3.78931
-3.7899
-3.7911
-3.79217
-3.79275
-3.79331
-3.79331
-3.79314
-3.79306
-3.7929
-3.7925
-3.79312
-3.79215
-3.79286
-3.7928
-3.79364
-3.79349
-3.79393
-3.79352
-3.79288
-3.79358
-3.79327
-3.79307
-3.79362
-3.79433
-3.79472
-3.79641
-3.79552
-3.79515
-3.79492
-3.79404
-3.79515
-3.79454
-3.79442
-3.79409
-3.79374
-3.79316
-3.79335
-3.79245
-3.79212
-3.7917
-3.79038
-3.79061
-3.79019
-3.79029
-3.79027
-3.79011
-3.79043
-3.79032
-3.7915
-3.79248
-3.79231
-3.79345
-3.79317
-3.79172
-3.79134
-3.79113
-3.7919
-3.79024
-3.79003
-3.78939
-3.78893
-3.78843
-3.78726
-3.78653
-3.78557
-3.7841
-3.78306
-3.78343
-3.78309
-3.78289
-3.78348
-3.78511
-3.7855
-3.78655
-3.78801
-3.78814
-3.78826
-3.78887
-3.78769
-3.78881
-3.78929
-3.79
-3.79039
-3.79189
-3.79264
-3.79314
-3.79241
-3.79183
-3.79137
-3.79138
-3.79203
-3.79242
-3.79333
-3.79246
-3.79166
-3.79076
-3.79071
-3.78975
-3.78989
-3.78938
-3.79056
-3.79192
-3.79165
-3.7918
-3.79187
-3.7917
-3.79287
-3.79404
-3.79413
-3.7946
-3.79419
-3.7926
-3.7926
-3.79352
-3.79251
-3.79141
-3.79094
-3.79077
-3.79016
-3.79
-3.78898
-3.78863
-3.78879
-3.78944
-3.78842
-3.78918
-3.78842
-3.7886
-3.78904
-3.78995
-3.79105
-3.79126
-3.79199
-3.79221
-3.7924
-3.79263
-3.7929
-3.79358
-3.79265
-3.79292
-3.79342
-3.79203
-3.79296
-3.79282
-3.79199
-3.79178
-3.79144
-3.79132
-3.79135
-3.79145
-3.79195
-3.79103
-3.7905
-3.79024
-3.79061
-3.79075
-3.79044
-3.79131
-3.79075
-3.79142
-3.79141
-3.79057
-3.78973
-3.78859
-3.78823
-3.78751
-3.78826
-3.78898
-3.78999
-3.79007
-3.79158
-3.79229
-3.79251
-3.79215
-3.79169
-3.79082
-3.79085
-3.79058
-3.78962
-3.78857
-3.78879
-3.78912
-3.78921
-3.78959
-3.79031
-3.79212
-3.79234
-3.79297
-3.79263
-3.79177
-3.79161
-3.79069
-3.79023
-3.79038
-3.78992
-3.78952
-3.78951
-3.78949
-3.78975
-3.79042
-3.78998
-3.79009
-3.79147
-3.79194
-3.79339
-3.79376
-3.79432
-3.79322
-3.79216
-3.79204
-3.79156
-3.79094
-3.79149
-3.79167
-3.79264
-3.79216
-3.79262
-3.79304
-3.79305
-3.7934
-3.79264
-3.79311
-3.79279
-3.79276
-3.79347
-3.79466
-3.79368
-3.79292
-3.79198
-3.79101
-3.79121
-3.79045
-3.79087
-3.79194
-3.79241
-3.79457
-3.79583
-3.79729
-3.7976
-3.79827
-3.79811
-3.7992
-3.79942
-3.79916
-3.79718
-3.79683
-3.79554
-3.79424
-3.79301
-3.7928
-3.79372
-3.79483
-3.79541
-3.79508
-3.79468
-3.79268
-3.79168
-3.79139
-3.79113
-3.79063
-3.79154
-3.79107
-3.79169
-3.79223
-3.79234
-3.79351
-3.79272
-3.79284
-3.7909
-3.7909
-3.79046
-3.79081
-3.78989
-3.79031
-3.79016
-3.79092
-3.79171
-3.79182
-3.79275
-3.79356
-3.79414
-3.79507
-3.79562
-3.7945
-3.79424
-3.79459
-3.79332
-3.79317
-3.7935
-3.7929
-3.79302
-3.79148
-3.79173
-3.79096
-3.79123
-3.7929
-3.79468
-3.79504
-3.79441
-3.79315
-3.79253
-3.79141
-3.79138
-3.79036
-3.79039
-3.79172
-3.7921
-3.79252
-3.79377
-3.79392
-3.794
-3.79458
-3.79471
-3.79498
-3.79428
-3.79298
-3.79211
-3.79122
-3.78956
-3.78909
-3.78874
-3.789
-3.79144
-3.79302
-3.79383
-3.79563
-3.79579
-3.79567
-3.79477
-3.79321
-3.79255
-3.792
-3.79149
-3.79056
-3.79116
-3.79211
-3.79299
-3.79346
-3.7937
-3.79461
-3.79508
-3.79584
-3.79454
-3.79506
-3.79534
-3.79463
-3.79366
-3.79337
-3.79235
-3.79295
-3.7922
-3.79177
-3.7912
-3.79026
-3.78859
-3.78885
-3.78869
-3.78823
-3.7887
-3.78946
-3.78915
-3.78996
-3.79071
-3.79056
-3.79129
-3.79192
-3.79115
-3.79114
-3.79011
-3.79018
-3.79205
-3.79332
-3.79294
-3.79333
-3.79249
-3.79316
-3.79244
-3.79209
-3.7916
-3.79104
-3.78983
-3.78937
-3.78832
-3.78807
-3.7883
-3.78759
-3.78917
-3.78884
-3.78859
-3.78808
-3.78781
-3.78795
-3.7881
-3.78821
-3.78878
-3.79035
-3.79106
-3.79135
-3.79146
-3.79058
-3.79024
-3.79054
-3.78994
-3.79012
-3.79035
-3.79082
-3.79283
-3.79199
-3.79146
-3.79075
-3.78945
-3.78969
-3.7897
-3.78954
-3.78915
-3.78884
-3.78942
-3.7903
-3.79069
-3.79112
-3.79118
-3.7916
-3.79194
-3.79203
-3.79063
-3.78937
-3.79023
-3.79053
-3.79066
-3.79118
-3.79164
-3.79186
-3.79256
-3.79241
-3.79241
-3.79194
-3.79135
-3.79196
-3.79141
-3.79115
-3.79121
-3.79256
-3.79307
-3.79488
-3.79572
-3.79556
-3.7965
-3.79697
-3.79656
-3.79576
-3.79359
-3.79191
-3.79094
-3.7902
-3.78912
-3.7891
-3.79022
-3.79068
-3.79108
-3.79068
-3.78934
-3.78847
-3.78826
-3.78833
-3.78944
-3.79059
-3.79156
-3.79194
-3.79171
-3.79191
-3.79167
-3.79196
-3.79248
-3.792
-3.79375
-3.7943
-3.79434
-3.79312
-3.79187
-3.79159
-3.78986
-3.78979
-3.78899
-3.78836
-3.78936
-3.78936
-3.78977
-3.78954
-3.79047
-3.78983
-3.79011
-3.78946
-3.79058
-3.79142
-3.79245
-3.79199
-3.79181
-3.79097
-3.79054
-3.79035
-3.7918
-3.79236
-3.79274
-3.79237
-3.79364
-3.79392
-3.79389
-3.79433
-3.79395
-3.79406
-3.79509
-3.79408
-3.79384
-3.79387
-3.7927
-3.79201
-3.79193
-3.79242
-3.79284
-3.79359
-3.79477
-3.79484
-3.79438
-3.79356
-3.79403
-3.79379
-3.79372
-3.79283
-3.79251
-3.79191
-3.79144
-3.79062
-3.78999
-3.78987
-3.78994
-3.79058
-3.79122
-3.79129
-3.79007
-3.79017
-3.78946
-3.79042
-3.79049
-3.79047
-3.7904
-3.79114
-3.79145
-3.79152
-3.79084
-3.79045
-3.79024
-3.79013
-3.79037
-3.78991
-3.79027
-3.78976
-3.78812
-3.78798
-3.78795
-3.78779
-3.78795
-3.78873
-3.78879
-3.78765
-3.78874
-3.78909
-3.78977
-3.79061
-3.79207
-3.79339
-3.79275
-3.79327
-3.7928
-3.79297
-3.79313
-3.79245
-3.79189
-3.79175
-3.79171
-3.79234
-3.79089
-3.79115
-3.79104
-3.79089
-3.79161
-3.79171
-3.79137
-3.79232
-3.79345
-3.79471
-3.79509
-3.79524
-3.79597
-3.79488
-3.7941
-3.7945
-3.79523
-3.79545
-3.79551
-3.79557
-3.79559
-3.7952
-3.79378
-3.79296
-3.79216
-3.79352
-3.7936
-3.79323
-3.7929
-3.79252
-3.79189
-3.7914
-3.7911
-3.79329
-3.79375
-3.79471
-3.7948
-3.79526
-3.79468
-3.7935
-3.79356
-3.79302
-3.79332
-3.79391
-3.79356
-3.7941
-3.79426
-3.79501
-3.79534
-3.79352
-3.79274
-3.79211
-3.79095
-3.79043
-3.79041
-3.78931
-3.78897
-3.78732
-3.78751
-3.78828
-3.79039
-3.79143
-3.79216
-3.79223
-3.79214
-3.79257
-3.79272
-3.79231
-3.79171
-3.7921
-3.79165
-3.79046
-3.7904
-3.79005
-3.79065
-3.79143
-3.79033
-3.78917
-3.78801
-3.7876
-3.78737
-3.78822
-3.78856
-3.7901
-3.7917
-3.79203
-3.79224
-3.79226
-3.79189
-3.79235
-3.79296
-3.79235
-3.79182
-3.79107
-3.79075
-3.78993
-3.79033
-3.7907
-3.7922
-3.79417
-3.79416
-3.79507
-3.7957
-3.79548
-3.79481
-3.79353
-3.79401
-3.79474
-3.79572
-3.79803
-3.79779
-3.79769
-3.7972
-3.79682
-3.7974
-3.79725
-3.79927
-3.79936
-3.79846
-3.7982
-3.79688
-3.795
-3.79281
-3.79226
-3.79276
-3.79424
-3.79521
-3.79658
-3.79657
-3.7963
-3.79626
-3.79488
-3.79386
-3.7935
-3.79252
-3.7922
-3.79254
-3.79299
-3.79333
-3.79332
-3.79242
-3.79155
-3.79047
-3.79066
-3.79096
-3.7909
-3.79104
-3.78987
-3.78916
-3.78951
-3.78953
-3.79009
-3.79233
-3.79378
-3.793
-3.79124
-3.79072
-3.79001
-3.79034
-3.79123
-3.79208
-3.79333
-3.79507
-3.79558
-3.79388
-3.79308
-3.79304
-3.79238
-3.7912
-3.79078
-3.78954
-3.78872
-3.78806
-3.78713
-3.78623
-3.78564
-3.78522
-3.78617
-3.78656
-3.78673
-3.78862
-3.78985
-3.79125
-3.79262
-3.79207
-3.79101
-3.79127
-3.79086
-3.79121
-3.78996
-3.78984
-3.78936
-3.78973
-3.78941
-3.78924
-3.78976
-3.7902
-3.78894
-3.78815
-3.78823
-3.78858
-3.78796
-3.78748
-3.78721
-3.78725
-3.78703
-3.78601
-3.7859
-3.78701
-3.78627
-3.78627
-3.78637
-3.78606
-3.78779
-3.78869
-3.78974
-3.79036
-3.79015
-3.79048
-3.78975
-3.78945
-3.78814
-3.78848
-3.78739
-3.78648
-3.7865
-3.78782
-3.78799
-3.78881
-3.79104
-3.79264
-3.79401
-3.79334
-3.79296
-3.79329
-3.79357
-3.79361
-3.79275
-3.79262
-3.79208
-3.79034
-3.78981
-3.78812
-3.78666
-3.7877
-3.78955
-3.79148
-3.79258
-3.79411
-3.79556
-3.79697
-3.79707
-3.79644
-3.79569
-3.79588
-3.79581
-3.7972
-3.79762
-3.79742
-3.796
-3.79557
-3.79566
-3.79706
-3.79658
-3.79555
-3.79609
-3.79674
-3.79795
-3.79787
-3.7976
-3.79778
-3.79745
-3.79695
-3.79655
-3.79683
-3.79571
-3.79527
-3.79493
-3.79445
-3.79438
-3.79382
-3.79269
-3.79033
-3.78822
-3.78791
-3.78784
-3.78835
-3.78891
-3.79037
-3.79157
-3.79203
-3.79215
-3.79207
-3.79277
-3.79344
-3.79424
-3.79434
-3.79481
-3.79409
-3.79298
-3.79214
-3.79101
-3.79075
-3.79136
-3.79241
-3.79247
-3.7934
-3.79474
-3.7957
-3.79577
-3.79458
-3.79302
-3.79196
-3.79101
-3.79115
-3.79062
-3.79062
-3.79093
-3.79251
-3.79242
-3.79209
-3.79106
-3.79115
-3.79113
-3.79128
-3.79038
-3.78847
-3.78853
-3.78802
-3.78826
-3.78968
-3.78911
-3.79041
-3.79061
-3.79106
-3.79138
-3.79161
-3.79212
-3.79186
-3.79207
-3.79125
-3.79096
-3.79076
-3.79068
-3.79191
-3.79233
-3.79331
-3.79354
-3.79439
-3.79566
-3.79641
-3.79596
-3.7965
-3.79518
-3.79457
-3.7936
-3.79266
-3.79211
-3.79241
-3.79311
-3.79301
-3.79331
-3.79382
-3.79416
-3.79453
-3.79476
-3.79323
-3.79216
-3.7918
-3.79172
-3.79234
-3.79222
-3.79366
-3.79278
-3.79185
-3.79078
-3.78883
-3.78795
-3.78759
-3.78897
-3.78969
-3.79054
-3.79245
-3.79391
-3.79388
-3.79326
-3.7924
-3.79172
-3.79218
-3.79305
-3.79274
-3.79175
-3.79197
-3.79169
-3.79125
-3.79116
-3.79088
-3.79054
-3.79035
-3.78992
-3.78951
-3.79028
-3.79163
-3.79269
-3.79318
-3.79418
-3.79412
-3.7948
-3.79463
-3.79347
-3.79244
-3.79091
-3.78822
-3.78867
-3.79006
-3.79166
-3.79292
-3.79417
-3.79405
-3.79273
-3.79207
-3.79127
-3.79078
-3.79052
-3.79109
-3.79203
-3.79284
-3.79364
-3.79443
-3.79609
-3.7969
-3.79736
-3.79735
-3.79728
-3.79784
-3.79796
-3.79608
-3.79673
-3.79676
-3.79662
-3.79619
-3.7953
-3.79477
-3.79348
-3.79259
-3.79128
-3.79047
-3.78949
-3.78904
-3.78927
-3.78955
-3.79028
-3.79107
-3.7912
-3.79268
-3.79365
-3.79288
-3.79361
-3.79354
-3.79276
-3.79146
-3.79123
-3.79155
-3.79346
-3.79499
-3.79462
-3.79499
-3.79579
-3.79522
-3.79423
-3.79328
-3.79196
-3.78897
-3.78924
-3.78975
-3.78852
-3.78776
-3.78879
-3.78976
-3.79068
-3.7913
-3.79273
-3.79289
-3.79391
-3.7934
-3.7936
-3.7947
-3.79522
-3.795
-3.79519
-3.79547
-3.79545
-3.79396
-3.79418
-3.79257
-3.79034
-3.78853
-3.78774
-3.78769
-3.78704
-3.78706
-3.78814
-3.79027
-3.79261
-3.79465
-3.79525
-3.79508
-3.79508
-3.79557
-3.7945
-3.79421
-3.79383
-3.79301
-3.79238
-3.79285
-3.79204
-3.79088
-3.79077
-3.79023
-3.79048
-3.79104
-3.79141
-3.79177
