7.73952
7.67877
7.59724
7.50816
7.41922
7.34704
7.30415
7.30325
7.36579
7.48615
7.65742
7.85058
8.04013
8.2177
8.36876
8.48489
8.55539
8.57728
8.54316
8.46182
8.33313
8.17109
7.98422
7.79796
7.61464
7.44676
7.30827
7.19705
7.1336
7.11632
7.13955
7.19373
7.26077
7.33301
7.39184
7.44514
7.49241
7.53012
7.56972
7.60336
7.63601
7.67584
7.7161
7.75848
7.78841
7.82117
7.84977
7.87159
7.89988
7.94484
7.99072
8.02711
8.05534
8.0565
8.0251
7.95964
7.85813
7.73909
7.61557
7.49657
7.40334
7.35191
7.34673
7.38396
7.45576
7.54691
7.63985
7.71574
7.76709
7.78897
7.78998
7.77512
7.7467
7.71771
7.6972
7.67894
7.67004
7.67014
7.68387
7.70412
7.74353
7.80039
7.87054
7.93642
7.97984
7.99395
7.96509
7.89918
7.80852
7.71786
7.6411
7.58498
7.55489
7.52986
7.50443
7.49032
7.49509
7.52154
7.57973
7.66147
7.75817
7.85644
7.93339
7.98424
8.00549
8.0017
7.96811
7.89823
7.79694
7.6608
7.51091
7.37055
7.24231
7.1431
7.08363
7.05569
7.04401
7.05035
7.07353
7.1211
7.19303
7.29115
7.41908
7.56103
7.70492
7.83858
7.95002
8.03924
8.09582
8.13983
8.16
8.16381
8.15906
8.14484
8.13649
8.12891
8.12097
8.11394
8.11719
8.12867
8.14175
8.1521
8.14953
8.12471
8.07135
7.9912
7.89117
7.78851
7.70146
7.63357
7.59578
7.58813
7.5872
7.58894
7.58158
7.56904
7.5449
7.51066
7.48058
7.45322
7.44368
7.45312
7.48227
7.5379
7.62566
7.73353
7.85479
7.97159
8.0645
8.12181
8.14248
8.13193
8.08373
8.01438
7.93693
7.86573
7.79925
7.74024
7.68987
7.64279
7.5902
7.53417
7.47761
7.41872
7.36295
7.31543
7.28245
7.264
7.26486
7.28901
7.33553
7.39973
7.46894
7.53773
7.60144
7.64656
7.68086
7.7131
7.74038
7.77086
7.79985
7.8285
7.85686
7.88867
7.92485
7.96856
8.01195
8.05622
8.09156
8.11773
8.13185
8.14156
8.14455
8.14643
8.14551
8.12973
8.09904
8.05693
7.99313
7.90016
7.78768
7.65712
7.50074
7.3404
7.17725
7.02432
6.9009
6.81825
6.78576
6.80631
6.88458
6.99476
7.13951
7.29994
7.46441
7.62342
7.77116
7.90069
8.01186
8.09184
8.1379
8.15358
8.13753
8.08973
8.03321
7.96342
7.89452
7.84008
7.8119
7.80219
7.82717
7.87272
7.92928
7.99451
8.05349
8.09717
8.11995
8.10837
8.06703
7.9877
7.87733
7.73878
7.58684
7.43676
7.31059
7.23021
7.19799
7.21727
7.28331
7.37842
7.49441
7.60483
7.70528
7.78812
7.83701
7.86376
7.87516
7.86531
7.85442
7.83545
7.81349
7.79871
7.78792
7.77691
7.77203
7.76018
7.74783
7.73636
7.73173
7.73725
7.74901
7.77539
7.81117
7.84668
7.88855
7.91865
7.93038
7.92993
7.91152
7.87407
7.82485
7.7779
7.72438
7.68036
7.63308
7.59253
7.56015
7.54045
7.52566
7.52666
7.53505
7.55564
7.58951
7.63001
7.6794
7.72384
7.7532
7.78391
7.81989
7.8613
7.92164
8.00641
8.09949
8.18603
8.24546
8.27363
8.26421
8.22065
8.14348
8.0403
7.91939
7.78628
7.65634
7.52837
7.42029
7.3343
7.26489
7.21481
7.18186
7.16325
7.16787
7.20067
7.25632
7.33189
7.4113
7.50207
7.58219
7.64782
7.70658
7.74826
7.77669
7.79713
7.80872
7.79831
7.7655
7.7178
7.65982
7.59795
7.5404
7.50385
7.49066
7.50047
7.53058
7.57647
7.6315
7.70284
7.78068
7.86775
7.9542
8.03178
8.10119
8.16533
8.21553
8.25158
8.27017
8.26178
8.22124
8.15097
8.06393
7.96689
7.88285
7.81715
7.78081
7.7678
7.77186
7.78698
7.80797
7.82673
7.82355
7.79599
7.74014
7.65392
7.54752
7.43252
7.31335
7.21345
7.12928
7.07252
7.04574
7.05167
7.08204
7.13502
7.2089
7.29362
7.37075
7.44954
7.51736
7.57751
7.63305
7.67648
7.72659
7.77568
7.83295
7.89425
7.9516
7.98688
8.00305
7.99566
7.97255
7.93419
7.89865
7.87741
7.87602
7.88779
7.92465
7.96549
8.00063
8.01363
7.99956
7.95805
7.89279
7.81824
7.74652
7.6891
7.64999
7.641
7.66087
7.71269
7.78257
7.86005
7.92781
7.97303
7.99649
7.98998
7.96375
7.91206
7.83975
7.75362
7.66894
7.58156
7.50926
7.45761
7.43361
7.45143
7.50987
7.6036
7.71981
7.85085
7.96719
8.05072
8.08621
8.06248
7.98145
7.85085
7.69544
7.52931
7.37256
7.24031
7.13682
7.07043
7.04073
7.03848
7.07038
7.12975
7.21522
7.31858
7.43991
7.57792
7.71473
7.84687
7.95485
8.03987
8.09091
8.11378
8.11789
8.11139
8.11123
8.11988
8.1403
8.17698
8.22192
8.27736
8.33421
8.38687
8.43364
8.4576
8.4502
8.40351
8.32232
8.22092
8.12267
8.02068
7.93879
7.86978
7.80054
7.72687
7.63344
7.52999
7.41601
7.3022
7.20161
7.11949
7.06751
7.05707
7.08871
7.16766
7.28587
7.43227
7.60013
7.76597
7.90098
7.98474
8.00998
7.96256
7.86235
7.72212
7.57997
7.45546
7.38499
7.36167
7.38408
7.45054
7.53388
7.62882
7.72207
7.82179
7.91978
8.00444
8.06742
8.11182
8.12828
8.10879
8.06066
7.98961
7.90542
7.8131
7.7293
7.67141
7.64052
7.64125
7.66556
7.69946
7.74844
7.79457
7.83923
7.8745
7.90033
7.92101
7.93136
7.93576
7.94749
7.95352
7.96155
7.96933
7.96673
7.94616
7.91604
7.86677
7.80438
7.72508
7.63452
7.52719
7.41905
7.33145
7.27156
7.24671
7.26248
7.31002
7.3898
7.49272
7.605
7.7281
7.84267
7.91919
7.92453
7.85997
7.74252
7.61544
7.52128
7.46811
7.46215
7.49728
7.57691
7.67752
7.78842
7.89043
7.97429
8.02182
8.0406
8.02088
7.97154
7.89733
7.80794
7.71691
7.63822
7.58174
7.54186
7.52165
7.51971
7.51849
7.52776
7.52435
7.51152
7.48986
7.45657
7.42489
7.40528
7.40051
7.4187
7.46853
7.54026
7.63874
7.74459
7.83155
7.90579
7.94053
7.93137
7.87548
7.78948
7.67621
7.55511
7.44675
7.36734
7.32965
7.34408
7.40654
7.52345
7.68018
7.86979
8.06096
8.24501
8.39276
8.47612
8.49584
8.44415
8.33295
8.19722
8.04803
7.91326
7.79844
7.71809
7.66967
7.65828
7.67509
7.72031
7.78471
7.87437
7.96904
8.05502
8.11737
8.14345
8.1281
8.06201
7.94958
7.78353
7.58458
7.36425
7.14747
6.95032
6.79405
6.68854
6.64082
6.63223
6.65761
6.70882
6.77822
6.86216
6.96173
7.08184
7.22593
7.38204
7.54852
7.73191
7.91496
8.09741
8.27055
8.41828
8.5174
8.57157
8.56596
8.50756
8.41051
8.29603
8.17852
8.0758
7.99567
7.94052
7.91094
7.90176
7.89564
7.89136
7.88025
7.85489
7.82867
7.79296
7.74947
7.70567
7.65517
7.6142
7.58099
7.57083
7.58437
7.63203
7.70426
7.79757
7.90257
8.00392
8.07288
8.10395
8.09462
8.04225
7.9619
7.8534
7.73081
7.60468
7.47511
7.35443
7.25504
7.18103
7.15283
7.17316
7.24501
7.35895
7.50668
7.66514
7.82126
7.95352
8.04553
8.08114
8.06616
7.99505
7.88954
7.75346
7.61838
7.48311
7.35638
7.24866
7.17515
7.12608
7.10787
7.13098
7.1782
7.25051
7.34339
7.44481
7.55269
7.6602
7.77081
7.8912
8.00997
8.12123
8.22129
8.30641
8.36167
8.39503
8.40248
8.38624
8.34474
8.27449
8.16927
8.04579
7.91718
7.78506
7.66176
7.54872
7.45131
7.3769
7.32221
7.29867
7.2989
7.31868
7.37295
7.43002
7.49542
7.56125
7.60801
7.6385
7.65359
7.65732
7.6563
7.64993
7.64953
7.66564
7.69904
7.74987
7.82617
7.9147
8.01183
8.09794
8.16098
8.19841
8.20016
8.16551
8.09504
7.99207
7.85946
7.7138
7.56944
7.45047
7.36796
7.32137
7.30474
7.30573
7.30987
7.3147
7.32558
7.35029
7.38791
7.44076
7.50681
7.56856
7.62713
7.68013
7.73042
7.78589
7.84094
7.88672
7.91483
7.93034
7.92706
7.91225
7.89176
7.86798
7.84491
7.82456
7.79109
7.76757
7.75504
7.75326
7.77452
7.80506
7.8435
7.88204
7.91641
7.94289
7.95218
7.94767
7.92723
7.88695
7.8176
7.72407
7.6123
7.47965
7.34575
7.22089
7.10866
7.01573
6.95961
6.94758
6.99364
7.10258
7.26879
7.47378
7.70443
7.93857
8.13188
8.27368
8.35805
8.39144
8.37965
8.33606
8.2647
8.18295
8.09886
8.00824
7.92849
7.86879
7.82803
7.80488
7.80764
7.83
7.86114
7.87754
7.8796
7.85655
7.79762
7.70251
7.58403
7.47106
7.35222
7.25913
7.19006
7.14969
7.13355
7.13997
7.17145
7.22388
7.28989
7.37732
7.47424
7.5755
7.68381
7.77974
7.86622
7.9518
8.03594
8.11893
8.19784
8.2559
8.27722
8.26441
8.20178
8.09421
7.9576
7.8044
7.64967
7.50331
7.3897
7.31945
7.29686
7.31938
7.38222
7.47179
7.58026
7.69871
7.81213
7.91242
7.98398
8.01586
8.00163
7.94237
7.84706
7.73529
7.61673
7.50735
7.42003
7.36962
7.35765
7.3693
7.40813
7.4713
7.55331
7.64575
7.73397
7.79887
7.83725
7.84846
7.82414
7.78268
7.73537
7.69148
7.66232
7.6448
7.64662
7.65954
7.6772
7.6908
7.70109
7.70936
7.7133
7.70204
7.68354
7.66317
7.6381
7.62016
7.61521
7.63657
7.68491
7.75969
7.86229
7.98453
8.11459
8.23859
8.34112
8.40032
8.39595
8.33756
8.22022
8.06232
7.89294
7.72848
7.59314
7.48754
7.43043
7.41456
7.43674
7.48808
7.56155
7.62172
7.66901
7.6898
7.69097
7.67729
7.65966
7.64146
7.62154
7.61172
7.60729
7.60092
7.58975
7.57256
7.54917
7.51093
7.47523
7.45047
7.4462
7.46624
7.51038
7.58618
7.68626
7.80124
7.92178
8.02664
8.09649
8.11665
8.07384
7.97508
7.84143
7.69743
7.56511
7.47951
7.44914
7.48073
7.56806
7.68924
7.83138
7.96947
8.08757
8.17407
8.21866
8.21201
8.15902
8.05903
7.92908
7.78761
7.63684
7.49681
7.37411
7.27835
7.21936
7.20972
7.24342
7.31883
7.4261
7.54201
7.65751
7.7502
7.80817
7.82809
7.81042
7.75125
7.66999
7.58327
7.50716
7.45602
7.44099
7.4595
7.5064
7.56752
7.62485
7.67112
7.7077
7.73958
7.76193
7.77338
7.76753
7.73612
7.6856
7.62771
7.58217
7.55847
7.57103
7.62526
7.72364
7.84944
7.99074
8.12311
8.22503
8.28716
8.29669
8.25397
8.16222
8.03344
7.87456
7.69323
7.50427
7.31063
7.14097
7.01041
6.92083
6.88238
6.9046
6.9894
7.13597
7.33082
7.55658
7.79922
8.01886
8.20352
8.32873
8.39313
8.40778
8.36966
8.30023
8.21436
8.11969
8.01587
7.9103
7.80685
7.71677
7.65135
7.62177
7.64367
7.71569
7.82577
7.95685
8.08428
8.18714
8.24036
8.2376
8.18189
8.07258
7.91494
7.72218
7.51709
7.31422
7.13538
6.98485
6.8739
6.82265
6.83547
6.903
7.02396
7.17414
7.33569
7.50311
7.67692
7.8359
7.98142
8.11058
8.22624
8.30796
8.35574
8.36722
8.33954
8.27707
8.19395
8.09822
8.0123
7.93686
7.88183
7.84576
7.83155
7.83031
7.8328
7.81903
7.79345
7.74762
7.69488
7.65596
7.63806
7.65559
7.70493
7.78543
7.88835
7.98748
8.06463
8.11021
8.11597
8.07129
7.98375
7.85603
7.69893
7.54169
7.39144
7.28185
7.22149
7.20538
7.24077
7.31332
7.40197
7.4874
7.54687
7.58079
7.58961
7.5718
7.55412
7.54098
7.54048
7.53611
7.55111
7.56562
7.57829
7.59005
7.59838
7.6072
7.61761
7.62288
7.61712
7.59536
7.5672
7.53723
7.51739
7.50932
7.51877
7.54967
7.59688
7.65266
7.69154
7.72811
7.75041
7.75862
7.74589
7.70814
7.65691
7.59271
7.53351
7.5026
7.50293
7.52923
7.58892
7.67708
7.76988
7.86601
7.94117
8.00305
8.0563
8.09906
8.12839
8.15268
8.16683
8.17458
8.17326
8.16904
8.17203
8.17354
8.17242
8.15644
8.11632
8.05052
7.95423
7.8389
7.70542
7.5792
7.46919
7.38023
7.31661
7.28243
7.27257
7.28024
7.3016
7.348
7.40692
7.478
7.55164
7.62737
7.70187
7.77062
7.8271
7.87509
7.9069
7.92176
7.91748
7.89915
7.87709
7.85157
7.82823
7.8143
7.8039
7.79157
7.76934
7.74138
7.70143
7.65963
7.62508
7.61597
7.62575
7.64129
7.66667
7.68686
7.69709
7.70012
7.69001
7.67325
7.64603
7.6124
7.57888
7.55381
7.54338
7.55265
7.58715
7.63724
7.68593
7.73092
7.76147
7.77887
7.78204
7.7726
7.75687
7.7344
7.69983
7.64808
7.59437
7.52418
7.45432
7.40021
7.37655
7.3816
7.42434
7.4828
7.56109
7.64538
7.73512
7.83418
7.92556
8.00373
8.05265
8.07251
8.05523
8.01234
7.93759
7.85198
7.74624
7.64603
7.55065
7.47167
7.41048
7.38075
7.37459
7.39791
7.44066
7.50988
7.59716
7.69748
7.81405
7.93946
8.06393
8.18508
8.27753
8.33626
8.34823
8.29954
8.19119
8.04216
7.86531
7.68755
7.52402
7.39495
7.31763
7.28458
7.29883
7.34695
7.4245
7.50568
7.59443
7.66989
7.7453
7.81316
7.87776
7.92127
7.9488
7.95653
7.93504
7.87942
7.80657
7.71916
7.63379
7.55459
7.50323
7.48451
7.50929
7.56764
7.6581
7.77175
7.89204
7.99288
8.06518
8.10118
8.09411
8.0547
7.99147
7.91989
7.84664
7.77852
7.71254
7.65136
7.59983
7.576
7.57204
7.58677
7.60869
7.61559
7.5926
7.5475
7.484
7.42673
7.38497
7.35457
7.33763
7.32415
7.3112
7.31207
7.34556
7.42426
7.53121
7.66416
7.79536
7.91792
7.99573
8.03417
8.03685
8.00205
7.95674
7.91577
7.88332
7.87925
7.89977
7.93985
7.99488
8.03785
8.06681
8.07621
8.04847
8.00453
7.93737
7.86577
7.77794
7.69449
7.61369
7.54838
7.50457
7.4808
7.46795
7.45561
7.44984
7.44052
7.4368
7.44451
7.45631
7.48804
7.51652
7.54509
7.56902
7.58254
7.60487
7.62734
7.65541
7.68316
7.71183
7.74324
7.77207
7.79098
7.81191
7.8332
7.85362
7.86217
7.86539
7.85571
7.82352
7.78262
7.73506
7.68476
7.64569
7.63216
7.63634
7.66644
7.71933
7.7747
7.8271
7.85487
7.86462
7.84822
7.81327
7.7701
7.73006
7.70345
7.69321
7.695
7.70931
7.72575
7.73182
7.73328
7.72297
7.70658
7.68651
7.66475
7.64887
7.64951
7.6572
7.68108
7.70684
7.7286
7.74832
7.75281
7.74067
7.71779
7.68987
7.674
7.66773
7.66958
7.6776
7.68575
7.68831
7.696
7.70097
7.71248
7.72971
7.75465
7.79348
7.83905
7.87296
7.88245
7.85576
7.78385
7.67367
7.53364
7.396
7.27329
7.19389
7.15846
7.17374
7.2251
7.30391
7.40365
7.50114
7.60317
7.70288
7.79291
7.87573
7.94558
8.00273
8.02588
8.01361
7.962
7.89007
7.80424
7.7303
7.68499
7.68145
7.7157
7.78431
7.87878
7.97849
8.07413
8.14731
8.18389
8.18059
8.1336
8.06167
7.98413
7.8894
7.79147
7.69521
7.60639
7.53268
7.461
7.41044
7.3746
7.35571
7.36024
7.39688
7.46699
7.57237
7.70273
7.83384
7.95759
8.06243
8.11473
8.12301
8.07867
8.00298
7.88809
7.76457
7.63689
7.52
7.41616
7.32685
7.25548
7.20078
7.14652
7.09792
7.06022
7.03633
7.0495
7.11127
7.22166
7.37838
7.57889
7.80079
8.02
8.2081
8.33771
8.39581
8.38731
8.31347
8.21111
8.1091
8.02194
7.96315
7.93315
7.93678
7.95932
7.97582
7.97837
7.96201
7.93216
7.89234
7.85624
7.83986
7.84216
7.87763
7.9318
8.00273
8.06626
8.10903
8.11262
8.06546
7.96411
7.82144
7.65635
7.49373
7.35819
7.26413
7.2198
7.22197
7.26778
7.33598
7.39796
7.43773
7.45171
7.44627
7.4358
7.42326
7.41599
7.41457
7.41866
7.42256
7.43887
7.46494
7.49303
7.51409
7.52657
7.51158
7.48258
7.44842
7.42371
7.41958
7.44606
7.49824
7.56835
7.64956
7.72611
7.77256
7.7803
7.75215
7.69751
7.60683
7.50058
7.39319
7.30186
7.2345
7.20886
7.23099
7.2976
7.41249
7.56726
7.7237
7.87855
8.00062
8.08642
8.12289
8.10989
8.05192
7.95537
7.83035
7.69754
7.5858
7.51504
7.50186
7.54638
7.63601
7.75248
7.87398
7.9696
8.02093
8.03631
7.99632
7.91938
7.81585
7.69915
7.59896
7.52438
7.48122
7.46413
7.47398
7.49863
7.53576
7.56257
7.5882
7.59852
7.59808
7.59393
7.58161
7.57137
7.56199
7.56169
7.58446
7.63143
7.70614
7.81146
7.93612
8.06756
8.19405
8.28654
8.34596
8.35847
8.32134
8.23762
8.10781
7.95396
7.78611
7.60968
7.44861
7.31157
7.20688
7.14694
7.12477
7.14944
7.21815
7.31572
7.43608
7.56943
7.68883
7.78912
7.86054
7.89487
7.8955
7.85882
7.80117
7.74005
7.67861
7.62455
7.58468
7.55887
7.5506
7.55058
7.55837
7.58166
7.62013
7.68237
7.76589
7.85015
7.92718
7.96773
7.97218
7.93113
7.86913
7.801
7.74715
7.72451
7.73107
7.77235
7.82534
7.88958
7.94477
7.98591
8.00685
8.0036
7.98048
7.94372
7.89783
7.84349
7.79545
7.7282
7.65238
7.57293
7.49281
7.42163
7.36341
7.32364
7.28918
7.26556
7.24691
7.22883
7.2111
7.19486
7.18761
7.2016
7.23704
7.28974
7.3586
7.44642
7.54783
7.66507
7.7842
7.91293
8.03528
8.14245
8.22243
8.27734
8.30445
8.31818
8.31823
8.31162
8.30604
8.28977
8.27305
8.24023
8.1932
8.13488
8.05447
7.97779
7.90596
7.83754
7.78236
7.73532
7.69706
7.65533
7.6137
7.57768
7.55017
7.54251
7.54885
7.5715
7.60803
7.6417
7.66798
7.68361
7.67324
7.64581
7.60671
7.562
7.52137
7.50151
7.50836
7.53889
7.58983
7.65896
7.73139
7.7924
7.82869
7.84911
7.84589
7.8111
7.75041
7.66291
7.56392
7.46709
7.37562
7.31071
7.27275
7.25874
7.26566
7.2843
7.30878
7.34397
7.38879
7.44595
7.51016
7.58942
7.67364
7.75633
7.83686
7.9034
7.94485
7.96426
7.95032
7.90058
7.83098
7.74354
7.66388
7.59009
7.5365
7.4953
7.4674
7.45722
7.46236
7.47023
7.48979
7.52732
7.58894
7.67866
7.80112
7.9378
8.06308
8.15366
8.18476
8.16768
8.11023
8.04449
7.98125
7.93053
7.90449
7.90315
7.9211
7.96695
8.01878
8.0674
8.09168
8.06745
7.97549
7.83574
7.67456
7.51105
7.37744
7.28066
7.22446
7.21054
7.24197
7.2924
7.36751
7.46203
7.56355
7.66911
7.77896
7.8768
7.95596
8.01158
8.0299
8.01334
7.9627
7.89548
7.81154
7.71855
7.62615
7.53457
7.45797
7.39765
7.35574
7.33476
7.3418
7.36337
7.39078
7.41893
7.43579
7.4338
7.42388
7.40507
7.39599
7.40702
7.44712
7.52726
7.63479
7.77721
7.92504
8.05767
8.1564
8.21754
8.22996
8.20399
8.1567
8.1054
8.06417
8.02731
7.99612
7.97384
7.94082
7.89413
7.8388
7.77273
7.71018
7.65968
7.61979
7.6039
7.60419
7.622
7.64836
7.6768
7.70491
7.7349
7.76406
7.7931
7.8173
7.84043
7.86461
7.88597
7.90621
7.92812
7.93897
7.93692
7.91058
7.86504
7.79465
7.71034
7.63097
7.57267
7.53251
7.52876
7.54887
7.58376
7.62533
7.66058
7.6723
7.67421
7.65907
7.63675
7.61013
7.5979
7.59924
7.61999
7.66161
7.71839
7.76387
7.78349
7.77176
7.72514
7.66151
7.60384
7.56856
7.57037
7.61228
7.68998
7.78407
7.88305
7.95862
8.00506
8.02498
8.02084
7.99075
7.96518
7.93981
7.92552
7.918
7.89877
7.87597
7.84442
7.81224
7.78346
7.7557
7.73392
7.7251
7.72635
7.74137
7.76184
7.78078
7.77622
7.74661
7.68375
7.586
7.46762
7.32738
7.194
7.07663
7.00562
6.98752
7.03486
7.14256
7.30204
7.48569
7.65794
7.79661
7.9014
7.96093
7.99156
7.99877
7.98039
7.95367
7.93474
7.93014
7.93596
7.96047
7.98522
8.00606
8.01503
7.9961
7.95005
7.87794
7.80766
7.74817
7.7065
7.69268
7.69937
7.72351
7.75298
7.78617
7.79913
7.80334
7.80355
7.79681
7.78542
7.77666
7.76701
7.74809
7.7271
7.70541
7.68121
7.66155
7.65135
7.64419
7.64902
7.66375
7.68118
7.69848
7.71522
7.72967
7.73921
7.74961
7.76312
7.7639
7.78228
7.80666
7.83493
7.84773
7.83079
7.78351
7.69944
7.60298
7.48797
7.37468
7.27646
7.19528
7.1416
7.10575
7.09858
7.11344
7.15703
7.22369
7.31764
7.43302
7.56794
7.71859
7.8712
8.01575
8.14394
8.2395
8.31334
8.35298
8.37851
8.39122
8.38444
8.34675
8.26169
8.14001
7.98949
7.83229
7.69602
7.59619
7.53711
7.52594
7.55664
7.62658
7.71515
7.81457
7.90671
7.99297
8.04462
8.05589
8.01588
7.92467
7.79345
7.64033
7.48208
7.34676
7.24643
7.20057
7.20242
7.25048
7.33147
7.4401
7.55972
7.66001
7.73881
7.77389
7.76317
7.70688
7.62197
7.52032
7.43866
7.38961
7.37995
7.40402
7.45518
7.52924
7.61929
7.71346
7.81093
7.9084
7.99976
8.08467
8.15371
8.19856
8.22357
8.22929
8.20183
8.16015
8.09897
8.03357
7.96284
7.89253
7.82188
7.77445
7.74181
7.73068
7.73218
7.73697
7.74791
7.74518
7.73501
7.71466
7.68554
7.66014
7.63676
7.62259
7.61573
7.60913
7.60032
7.57798
7.5583
7.54567
7.54885
7.57732
7.63664
7.72136
7.81758
7.91794
8.01704
8.09095
8.136
8.15782
8.14436
8.10625
8.0516
7.98842
7.91443
7.84515
7.77959
7.71559
7.65055
7.58017
7.51633
7.45165
7.40212
7.35794
7.33311
7.33385
7.36025
7.41507
7.4913
7.58718
7.69458
7.79912
7.90824
8.00152
8.07374
8.11808
8.12604
8.10403
8.05453
7.97624
7.87636
7.76862
7.66361
7.57365
7.52153
7.50607
7.52361
7.5653
7.61861
7.66833
7.69714
7.69609
7.66634
7.62321
7.56612
7.52308
7.49953
7.51126
7.54789
7.60256
7.67314
7.74531
7.81665
7.87482
7.92704
7.96074
7.98185
7.98324
7.95559
7.90416
7.82589
7.72296
7.59747
7.46866
7.35831
7.27033
7.21622
7.21192
7.246
7.30996
7.39026
7.48499
7.58853
7.68467
7.77901
7.87688
7.96798
8.04553
8.0984
8.12874
8.13018
8.11579
8.07329
8.00565
7.9066
7.7993
7.67361
7.55347
7.45658
7.3871
7.36905
7.38549
7.43532
7.50714
7.59968
7.70224
7.8089
7.90806
7.98846
8.03327
8.04038
8.00482
7.92939
7.82962
7.72101
7.61986
7.53696
7.47965
7.44873
7.44696
7.45792
7.48678
7.53591
7.60798
7.69744
7.79242
7.88816
7.9753
8.03115
8.04879
8.02549
7.97598
7.90725
7.82166
7.74137
7.67292
7.62065
7.59381
7.58139
7.58642
7.59397
7.59511
7.577
7.55659
7.52553
7.50214
7.48573
7.47817
7.48294
7.49037
7.50881
7.53073
7.55465
7.60024
7.65882
7.72687
7.79715
7.86427
7.92757
7.97275
8.01068
8.03694
8.03829
8.02804
8.01598
8.00483
8.00679
8.02052
8.04363
8.05784
8.04478
8.01353
7.94809
7.84796
7.72982
7.60996
7.50206
7.41782
7.37142
7.36424
7.39653
7.45469
7.52247
7.59252
7.64353
7.67114
7.67801
7.67824
7.67569
7.67454
7.67608
7.67837
7.67395
7.65155
7.61742
7.57496
7.54009
7.5243
7.53164
7.56219
7.60897
7.6704
7.73576
7.79699
7.84372
7.8802
7.88881
7.88054
7.85655
7.82082
7.79246
7.78445
7.80347
7.85284
7.92338
7.99335
8.05184
8.08111
8.08612
8.07381
8.05264
8.02779
8.00918
7.98483
7.96862
7.94779
7.93882
7.93205
7.92017
7.9091
7.88445
7.84321
7.7895
7.73659
7.69445
7.66815
7.66506
7.69608
7.76262
7.83524
7.91589
7.99408
8.03844
8.05111
8.02561
7.97483
7.89809
7.80668
7.69974
7.58713
7.46819
7.34296
7.22889
7.13421
7.07517
7.06116
7.0947
7.16248
7.26317
7.38205
7.50964
7.64223
7.75908
7.85907
7.94794
8.01528
8.05375
8.05639
8.02005
7.95034
7.84713
7.72924
7.61528
7.51248
7.4419
7.39193
7.37628
7.38506
7.41748
7.4701
7.53833
7.62799
7.73748
7.8699
8.02312
8.17623
8.31872
8.42686
8.48564
8.49553
8.45895
8.37709
8.26402
8.11416
7.95594
7.78537
7.60907
7.43748
7.27797
7.1305
7.01954
6.95265
6.95355
6.99964
7.09076
7.19639
7.29546
7.38318
7.44653
7.47651
7.48505
7.46828
7.43642
7.39656
7.36319
7.35807
7.3866
7.44197
7.53786
7.6489
7.77128
7.88961
7.99355
8.07756
8.13693
8.17769
8.19392
8.18469
8.16129
8.11997
8.069
8.0164
7.97013
7.93566
7.91074
7.89883
7.88342
7.86846
7.85528
7.83684
7.82584
7.80035
7.76632
7.71345
7.64205
7.55992
7.47783
7.41795
7.37982
7.37167
7.38763
7.42251
7.47049
7.52076
7.57949
7.63094
7.68244
7.71924
7.74692
7.77451
7.80076
7.83026
7.86089
7.88321
7.88423
7.85884
7.80023
7.73141
7.68589
7.67338
7.7039
7.76726
7.85678
7.95227
8.03048
8.06866
8.05424
7.98854
7.89287
7.77533
7.65691
7.5516
7.45231
7.36256
7.28765
7.22351
7.16386
7.11123
7.0802
7.06673
7.07621
7.12377
7.20326
7.3063
7.42085
7.54109
7.64769
7.74535
7.82292
7.88243
7.91955
7.9399
7.94101
7.91579
7.86028
7.78656
7.69586
7.59808
7.50608
7.43611
7.40412
7.41547
7.47672
7.56754
7.68538
7.80016
7.90136
7.98315
8.03923
8.07449
8.08342
8.06642
8.03418
7.98479
7.92968
7.87818
7.83378
7.80466
7.79726
7.7959
7.79628
7.80501
7.80336
7.80194
7.79516
7.79056
7.78344
7.77584
7.77315
7.78991
7.80417
7.82792
7.8509
7.87251
7.8832
7.89599
7.90402
7.90522
7.90087
7.8759
7.83318
7.76309
7.66711
7.54463
7.41726
7.28263
7.1656
7.06945
7.01873
7.01879
7.06107
7.14345
7.25221
7.37059
7.48945
7.59447
7.67388
7.72791
7.7603
7.77103
7.75981
7.74005
7.70399
7.66093
7.61333
7.5738
7.54632
7.53139
7.53022
7.55892
7.59994
7.65956
7.72392
7.77913
7.83075
7.86818
7.90419
7.91833
7.91045
7.89113
7.85727
7.81251
7.76693
7.73865
7.73006
7.72929
7.71904
7.70555
7.68136
7.65793
7.63419
7.61307
7.58402
7.55435
7.54697
7.56205
7.62185
7.71489
7.82724
7.93327
8.01747
8.06533
8.06953
8.03754
7.97508
7.89177
7.79621
7.70853
7.63188
7.57561
7.53753
7.52486
7.53101
7.55431
7.57406
7.59605
7.61248
7.61736
7.61285
7.60916
7.60002
7.58902
7.57781
7.55934
7.54059
7.51392
7.48181
7.45427
7.43207
7.41831
7.41487
7.42407
7.44726
7.47854
7.52854
7.6009
7.69625
7.80824
7.92072
8.02478
8.09116
8.11656
8.09754
8.05516
7.99002
7.91467
7.82891
7.73408
7.63996
7.54935
7.46684
7.39858
7.34738
7.32748
7.32978
7.35545
7.39859
7.44298
7.49991
7.55235
7.59071
7.62273
7.64679
7.67469
7.70502
7.74577
7.80351
7.86535
7.92655
7.97804
8.01169
8.0159
7.98887
7.94421
7.89136
7.84767
7.82316
7.82753
7.85189
7.88673
7.91882
7.92743
7.90455
7.83927
7.74834
7.63147
7.51154
7.4004
7.30922
7.25019
7.22621
7.23192
7.26285
7.30835
7.35507
7.40978
7.4695
7.53575
7.60561
7.67963
7.73867
7.77834
7.78802
7.76305
7.71328
7.6528
7.59584
7.54062
7.5093
7.51208
7.54401
7.60132
7.68085
7.76862
7.85963
7.94695
8.02317
8.08334
8.14104
8.19547
8.23522
8.25596
8.2565
8.22722
8.18048
8.11374
8.0335
7.95642
7.88735
7.83527
7.80063
7.77482
7.75633
7.7379
7.71889
7.70237
7.68424
7.6574
7.61249
7.56478
7.50861
7.45552
7.41178
7.38644
7.38427
7.41411
7.46857
7.55974
7.68957
7.84569
8.01564
8.17219
8.29102
8.35486
8.35176
8.28776
8.1858
8.0543
7.91551
7.79174
7.6994
7.64166
7.63123
7.65486
7.70993
7.7679
7.81026
7.81588
7.78233
7.71535
7.63186
7.56008
7.50678
7.4815
7.48004
7.48073
7.47752
7.45246
7.41594
7.36954
7.3231
7.28427
7.25365
7.24505
7.26147
7.28813
7.31866
7.3501
7.38427
7.41796
7.43978
7.45851
7.4789
7.50092
7.52894
7.56235
7.6015
7.6476
7.69851
7.7435
7.77593
7.80845
7.83343
7.85797
7.88564
7.91282
7.93465
7.9547
7.96332
7.96463
7.95292
7.92951
7.90795
7.88312
7.86938
7.86695
7.8841
7.91306
7.94717
7.97891
8.01294
8.04565
8.06931
8.0934
8.11848
8.13201
8.13743
8.12091
8.08685
8.03353
7.96902
7.89761
7.83219
7.78626
7.75864
7.74445
7.72685
7.69938
7.65296
7.58796
7.52366
7.47187
7.45165
7.46117
7.50419
7.57302
7.6461
7.719
7.77338
7.8049
7.80042
7.76408
7.70366
7.62652
7.54202
7.46597
7.41606
7.39715
7.3947
7.42574
7.47269
7.53422
7.59446
7.65665
7.72702
7.79744
7.87052
7.94635
8.01797
8.08384
8.13344
8.16543
8.1738
8.15034
8.09939
8.0261
7.94992
7.88284
7.83861
7.82414
7.83475
7.86585
7.89263
7.8942
7.85408
7.77826
7.68687
7.60232
7.53396
7.49202
7.47283
7.47112
7.46958
7.47694
7.48649
7.49633
7.51607
7.5367
7.56035
7.5914
7.61905
7.6446
7.67496
7.70806
7.7297
7.72108
7.69944
7.66509
7.6273
7.59805
7.584
7.58207
7.58304
7.58047
7.56086
7.5301
7.49054
7.44542
7.41305
7.38689
7.38241
7.40537
7.46962
7.55322
7.65263
7.76142
7.84996
7.90808
7.93378
7.93136
7.89183
7.83203
7.7609
7.70467
7.67265
7.68175
7.73139
7.81219
7.91762
8.025
8.1191
8.18092
8.20631
8.17898
8.0991
7.97054
7.82025
7.65945
7.52305
7.43621
7.40709
7.43004
7.50227
7.59605
7.69117
7.76362
7.80215
7.7992
7.76707
7.71785
7.66627
7.61331
7.57602
7.55073
7.5369
7.52559
7.51699
7.50796
7.5044
7.49975
7.49777
7.49506
7.48295
7.46707
7.45362
7.45365
7.47087
7.50977
7.55551
7.61465
7.67697
7.73701
7.79386
7.84269
7.88062
7.90763
7.91031
7.89812
7.87419
7.85419
7.84649
7.86757
7.92551
7.99674
8.08354
8.16937
8.24316
8.28949
8.29712
8.26151
8.18541
8.05899
7.89894
7.72635
7.56247
7.42427
7.33089
7.27921
7.26531
7.28592
7.32289
7.36666
7.40278
7.42335
7.44273
7.45322
7.45927
7.45655
7.44664
7.44228
7.45395
7.50025
7.5834
7.70547
7.85849
8.02575
8.18592
8.33761
8.45315
8.53055
8.55219
8.5104
8.41171
8.27171
8.10568
7.92927
7.76656
7.62196
7.507
7.43179
7.39842
7.40793
7.45214
7.53126
7.63154
7.72724
7.80573
7.84469
7.84308
7.79706
7.72188
7.63616
7.55965
7.50901
7.49237
7.50646
7.5425
7.59278
7.63598
7.67547
7.6971
7.70608
7.70153
7.68618
7.67786
7.66726
7.65866
7.65511
7.65555
7.64371
7.62692
7.61566
7.61149
7.6346
7.6696
7.72087
7.78527
7.85836
7.92616
7.98346
8.03149
8.06973
8.10172
8.12566
8.14661
8.14797
8.12907
8.07739
7.99388
7.88944
7.762
7.63923
7.51723
7.41469
7.32609
7.26406
7.22875
7.23081
7.26508
7.34841
7.46126
7.59985
7.74175
7.85609
7.93956
7.96744
7.94282
7.88465
7.81496
7.74448
7.69019
7.65817
7.64146
7.64397
7.66254
7.69074
7.72562
7.75413
7.77136
7.7664
7.71889
7.6467
7.55815
7.46924
7.40803
7.39095
7.42189
7.49442
7.58722
7.6816
7.73781
7.74495
7.70593
7.63735
7.57079
7.51807
7.50923
7.54053
7.61255
7.71295
7.82836
7.93684
8.01499
8.05586
8.05198
8.01448
7.95175
7.88824
7.84581
7.82169
7.82842
7.85313
7.89963
7.95991
8.03023
8.09787
8.15267
8.17936
8.18458
8.16432
8.12523
8.06961
8.0178
7.95964
7.89405
7.83604
7.77483
7.71577
7.66412
7.62523
7.59942
7.58815
7.5931
7.60724
7.61673
7.61702
7.60766
7.58127
7.54211
7.50197
7.46114
7.42192
7.38365
7.3567
7.32958
7.31165
7.31063
7.34236
7.4152
7.53218
7.67351
7.83439
7.99483
8.14388
8.26017
8.33571
8.35536
8.33069
8.25338
8.12963
7.96745
7.77963
7.59538
7.43662
7.322
7.26287
7.24708
7.26194
7.29579
7.34802
7.41669
7.5071
7.60253
7.7178
7.82663
7.92633
8.0002
8.03466
8.0274
7.99085
7.9298
7.86164
7.79356
7.73919
7.70229
7.6831
7.68202
7.69182
7.69861
7.6942
7.66983
7.62788
7.56449
7.4926
7.42166
7.36585
7.33119
7.30711
7.31676
7.34093
7.38119
7.42416
7.4827
7.55669
7.64288
7.74309
7.85019
7.95722
8.05613
8.13179
8.1766
8.17172
8.114
8.0003
7.84535
7.66209
7.47521
7.29503
7.15119
7.0466
7.00154
7.01979
7.10091
7.25104
7.44551
7.6907
7.94715
8.18595
8.37625
8.49753
8.52205
8.44027
8.2813
8.07256
7.85703
7.65461
7.49485
7.38616
7.32714
7.31792
7.35127
7.42785
7.52509
7.64002
7.75431
7.85463
7.93298
7.96975
7.98013
7.96376
7.92095
7.86758
7.81254
7.76056
7.72481
7.70527
7.71764
7.74352
7.78178
7.80801
7.82296
7.81795
7.8088
7.78711
7.76593
7.73466
7.69447
7.64946
7.59391
7.53835
7.48384
7.43298
7.40471
7.3987
7.4308
7.48981
7.58269
7.69442
7.82156
7.9456
8.0504
8.12197
8.15836
8.15515
8.12556
8.07924
8.02151
7.97175
7.91843
7.85809
7.78468
7.69028
7.56821
7.42951
7.29863
7.17921
7.09217
7.04027
7.03586
7.07217
7.15082
7.25959
7.39346
7.53753
7.68143
7.81971
7.9289
8.0085
8.04817
8.04851
8.01181
7.95142
7.88416
7.83613
7.82226
7.85549
7.92844
8.02634
8.13209
8.22924
8.29704
8.32782
8.32748
8.30253
8.25327
8.19332
8.12649
8.05331
7.96492
7.86786
7.75901
7.64254
7.51612
7.39276
7.28025
7.17601
7.09194
7.03383
7.00996
7.02264
7.06826
7.16027
7.28355
7.4394
7.60702
7.77448
7.92069
8.03613
8.09739
8.10547
8.05798
7.95516
7.81861
7.66523
7.52317
7.40442
7.3214
7.28562
7.29803
7.35333
7.44301
7.54626
7.65597
7.756
7.84726
7.915
7.9555
7.96843
7.96309
7.93154
7.87596
7.80282
7.72846
7.66609
7.62313
7.59209
7.60226
7.62652
7.67724
7.7468
7.8258
7.91439
8.01855
8.11558
8.20776
8.27638
8.3257
8.3382
8.31275
8.24959
8.16512
8.06701
7.97794
7.89392
7.82581
7.77309
7.73095
7.6984
7.65899
7.60996
7.55948
7.50634
7.47266
7.45351
7.43987
7.42928
7.41453
7.40598
7.39723
7.41655
7.45874
7.53044
7.61557
7.69984
7.77681
7.83163
7.85878
7.87256
7.87027
7.85092
7.81326
7.76041
7.69538
7.62742
7.56314
7.50695
7.4664
7.44758
7.43867
7.43745
7.44298
7.43797
7.43227
7.40806
7.39239
7.3908
7.42352
7.49125
7.60265
7.73982
7.88323
7.99804
8.06174
8.0628
8.00945
7.93058
7.84116
7.76116
7.70231
7.66049
7.63685
7.62559
7.62884
7.63833
7.66255
7.69355
7.72337
7.74036
7.74283
7.72003
7.67733
7.62527
7.57617
7.55119
7.54651
7.5629
7.58321
7.60295
7.60287
7.58259
7.54254
7.4983
7.46548
7.45414
7.47142
7.51436
7.58214
7.66588
7.74502
7.81418
7.85806
7.88787
7.89536
7.88897
7.86335
7.82514
7.76841
7.6972
7.61057
7.51845
7.43603
7.36905
7.33711
7.34726
7.39128
7.46009
7.55007
7.64791
7.7408
7.83199
7.91245
7.98554
8.05305
8.10957
8.14976
8.18401
8.21657
8.24164
8.2589
8.27924
8.282
8.27316
8.2518
8.22194
8.18229
8.13115
8.0724
8.00692
7.94401
7.88599
7.84018
7.81089
7.80299
7.80792
7.82542
7.83882
7.84506
7.83869
7.82923
7.82528
7.82892
7.84721
7.8822
7.91619
7.95509
7.97358
7.96603
7.91805
7.82322
7.6906
7.53075
7.35629
7.20173
7.07523
6.99745
6.97815
7.01414
7.09133
7.19663
7.3153
7.4287
7.52567
7.59354
7.63634
7.64663
7.6278
7.60007
7.55127
7.49742
7.45547
7.42909
7.42641
7.45354
7.50758
7.5862
7.67806
7.76842
7.85444
7.92352
7.98006
8.03698
8.09906
8.15152
8.17963
8.18356
8.16359
8.12843
8.07836
8.03076
7.9918
7.96238
7.94193
7.93
7.91735
7.88728
7.83276
7.75148
7.64341
7.52323
7.39596
7.29294
7.22984
7.2213
7.26803
7.37124
7.52395
7.70271
7.88424
8.05325
8.1737
8.23627
8.23575
8.1795
8.08465
7.97234
7.83919
7.68096
7.51124
7.34153
7.19948
7.08835
7.03825
7.04054
7.0935
7.19254
7.32192
7.46227
7.60437
7.73948
7.8568
7.94703
7.99986
8.01223
7.98426
7.92176
7.83938
7.75255
7.67461
7.60983
7.54988
7.49832
7.45264
7.40733
7.3746
7.35897
7.35893
7.38875
7.43663
7.51973
7.6283
7.76021
7.90161
8.04812
8.183
8.28177
8.33628
8.34417
8.30474
8.22302
8.11369
8.00221
7.90236
7.82
7.76199
7.73004
7.70729
7.68889
7.66322
7.62036
7.55863
7.47024
7.35904
7.23852
7.11642
6.99963
6.90212
6.83478
6.80707
6.83865
6.92752
7.06594
7.25058
7.4708
7.69196
7.9023
8.0803
8.21783
8.30052
8.34147
8.3479
8.34111
8.32971
8.32833
8.34009
8.33878
8.32699
8.28195
8.21579
8.14066
8.03936
7.91278
7.77274
7.61388
7.45903
7.32672
7.23743
7.18165
7.17471
7.20425
7.26335
7.35112
7.45061
7.56265
7.6758
7.77646
7.86531
7.93508
7.97632
7.98927
7.97035
7.93671
7.89516
7.84862
7.81311
7.7807
7.74751
7.71175
7.6582
7.60288
7.56015
7.53471
7.53831
7.57368
7.62058
7.67032
7.71183
7.73724
7.75484
7.76128
7.76667
7.7695
7.77115
7.77377
7.77451
7.75811
7.73509
7.7073
7.68547
7.66761
7.66083
7.66634
7.67108
7.67552
7.6778
7.67485
7.67827
7.68243
7.6991
7.73352
7.78418
7.85469
7.94168
8.03786
8.13949
8.22692
8.29567
8.33877
8.34857
8.32633
8.27762
8.2008
8.09347
7.95894
7.79868
7.62384
7.44845
7.28767
7.16113
7.07581
7.03656
7.03981
7.07956
7.14339
7.23023
7.33624
7.45043
7.56257
7.64989
7.70278
7.70668
7.66745
7.59885
7.52305
7.44947
7.40675
7.40605
7.44934
7.53858
7.65607
7.78392
7.90305
8.00596
8.07426
8.10597
8.09612
8.05459
7.97803
7.88103
7.77563
7.65934
7.54661
7.44176
7.35277
7.2809
7.23146
7.20604
7.20297
7.23104
7.29759
7.39438
7.52165
7.67643
7.85686
8.04074
8.2182
8.36987
8.47351
8.50163
8.45555
8.33205
8.18031
8.01665
7.86547
7.76203
7.71489
7.71846
7.75109
7.80258
7.84464
7.8595
7.8394
7.7816
7.69609
7.60602
7.52544
7.47547
7.45416
7.45744
7.47982
7.51119
7.53614
7.56046
7.58013
7.60229
7.63264
7.67943
7.73194
7.79297
7.86332
7.92826
7.98552
8.03487
8.07495
8.10405
8.12381
8.12671
8.11786
8.08645
8.04442
7.99076
7.93957
7.90015
7.85646
7.81421
7.76991
7.71964
7.66617
7.59402
7.51928
7.45476
7.418
7.41432
7.43624
7.46201
7.48047
7.48974
7.49946
7.50989
7.53632
7.55781
7.5797
7.59851
7.61235
7.62638
7.64419
7.66378
7.6918
7.71984
7.74062
7.75222
7.75929
7.75441
7.7491
7.75106
7.75742
7.78433
7.81996
7.85742
7.88594
7.90114
7.88816
7.84195
7.77665
7.70169
7.62942
7.56369
7.52137
7.50248
7.50788
7.53446
7.58456
7.63774
7.69373
7.7505
7.81005
7.86644
7.9102
7.94473
7.95784
7.9404
7.89957
7.82927
7.73559
7.63287
7.53718
7.45556
7.4145
7.41962
7.49112
7.6242
7.80836
8.00478
8.16719
8.25991
8.27598
8.23623
8.15973
8.05462
7.92402
7.77086
7.58757
7.38586
7.18719
7.01113
6.86963
6.78955
6.77685
6.82135
6.92498
7.0767
7.25477
7.45232
7.66229
7.86541
8.0616
8.23457
8.3741
8.48246
8.55043
8.56564
8.53059
8.44339
8.3157
8.15436
7.98352
7.81405
7.66149
7.52832
7.41705
7.34075
7.29882
7.27944
7.28552
7.29873
7.3173
7.3371
7.36164
7.3854
7.42839
7.48313
7.56152
7.6686
7.78153
7.89239
7.98869
8.0574
8.10419
8.12622
8.12929
8.11496
8.08977
8.05146
8.00486
7.954
7.89996
7.84362
7.79166
7.7455
7.70891
7.67613
7.65527
7.63707
7.62318
7.6196
7.627
7.63875
7.66045
7.68576
7.7085
7.71787
7.71461
7.68515
7.63707
7.57082
7.49783
7.44052
7.39882
7.39102
7.40746
7.45048
7.50805
7.56757
7.62359
7.65779
7.66781
7.66857
7.66192
7.65264
7.65938
7.68455
7.74699
7.84426
7.97246
8.13109
8.28507
8.41102
8.47499
8.45888
8.37812
8.25994
8.12069
7.98551
7.86321
7.75801
7.66959
7.60719
7.569
7.55251
7.54834
7.56827
7.59831
7.63087
7.67141
7.69931
7.72274
7.74576
7.76283
7.78735
7.81942
7.84967
7.8659
7.86551
7.84523
7.81185
7.77035
7.73125
7.69855
7.67144
7.65448
7.65406
7.66804
7.68813
7.73156
7.78507
7.85845
7.93885
8.01643
8.06843
8.09273
8.07241
8.02258
7.93759
7.8358
7.72297
7.60846
7.49472
7.38027
7.25717
7.14622
7.0678
7.03104
7.04648
7.11702
7.21826
7.35293
7.4948
7.63675
7.76712
7.87124
7.94063
7.98023
7.99629
7.98467
7.96569
7.9443
7.93617
7.94319
7.96039
7.97402
7.97631
7.96882
7.94667
7.91541
7.88074
7.85063
7.82084
7.79525
7.76677
7.73615
7.69664
7.65768
7.62687
7.60813
7.60391
7.61158
7.61251
7.60467
7.5768
7.529
7.47262
7.41857
7.3872
7.38368
7.42219
7.50216
7.60585
7.72819
7.84416
7.93769
8.00107
8.03089
8.02136
7.98849
7.94182
7.90041
7.87667
7.88297
7.90739
7.94778
7.98942
8.00335
7.98322
7.92516
7.82753
7.71314
7.60075
7.5151
7.47082
7.4649
7.49388
7.5409
7.58899
7.61911
7.62932
7.60704
7.57326
7.53257
7.50012
7.48297
7.48545
7.51036
7.54526
7.5961
7.64799
7.703
7.76802
7.84202
7.92336
8.00976
8.08658
8.1608
8.21458
8.24452
8.24708
8.22512
8.17759
8.1009
8.00901
7.91073
7.8005
7.70133
7.61978
7.54545
7.49559
7.47072
7.46791
7.4723
7.49585
7.52683
7.56163
7.60339
7.6568
7.72836
7.80055
7.87717
7.96212
8.0289
8.08056
8.11952
8.13326
8.1282
8.09154
8.01488
7.92146
7.81044
7.68491
7.56221
7.4524
7.35672
7.30102
7.27706
7.2956
7.34354
7.40923
7.48762
7.56808
7.65029
7.72854
7.80576
7.86554
7.90299
7.90232
7.86134
7.79033
7.69722
7.59965
7.51731
7.46619
7.45094
7.46841
7.5244
7.60695
7.69764
7.78958
7.87457
7.93338
7.9801
8.00881
8.02055
8.03036
8.03769
8.03744
8.01943
7.99401
7.9539
7.90911
7.85471
7.79688
7.73543
7.6754
7.60901
7.53076
7.44919
7.37622
7.31896
7.28406
7.27037
7.27658
7.28796
7.30103
7.31729
7.33723
7.35183
7.3728
7.39526
7.40715
7.41822
7.43335
7.46234
7.50258
7.55322
7.60946
7.65767
7.68875
7.69598
7.68635
7.67336
7.6586
7.65217
7.65605
7.67258
7.70964
7.75037
7.79912
7.85136
7.90053
7.95333
8.00988
8.06718
8.1271
8.19151
8.25092
8.30467
8.34099
8.35531
8.32757
8.26883
8.17711
8.05613
7.91815
7.78294
7.66081
7.56104
7.48352
7.42382
7.37472
7.32857
7.28431
7.25536
7.23626
7.23711
7.25697
7.29739
7.34905
7.41074
7.48032
7.56384
7.65876
7.75771
7.86735
7.96729
8.05506
8.12572
8.17177
8.18812
8.19342
8.18045
8.16145
8.13866
8.10915
8.07905
8.04128
7.99704
7.94654
7.89214
7.83546
7.77715
7.72702
7.683
7.65056
7.62284
7.60748
7.60164
7.62364
7.66943
7.732
7.79957
7.86312
7.9015
7.91407
7.88529
7.82927
7.75398
7.67088
7.58977
7.52149
7.47417
7.46861
7.48926
7.54723
7.62931
7.723
7.81294
7.88156
7.92953
7.95143
7.95285
7.93167
7.90409
7.87454
7.85699
7.84829
7.85567
7.88049
7.90737
7.92779
7.92842
7.90579
7.8612
7.8051
7.7465
7.69568
7.65461
7.6304
7.62527
7.63733
7.67285
7.70665
7.74774
7.77408
7.77925
7.76206
7.72939
7.68479
7.63772
7.59838
7.57034
7.5618
7.58346
7.6264
7.68762
7.77259
7.85211
7.92026
7.96556
7.98156
7.9674
7.93265
7.88516
7.83931
7.79724
7.76762
7.75326
7.75476
7.7655
7.79068
7.82242
7.84326
7.86044
7.86709
7.86961
7.86754
7.86242
7.86489
7.88051
7.90435
7.94794
7.99939
8.04225
8.05614
8.03654
7.97699
7.86541
7.71359
7.54668
7.38324
7.25533
7.17865
7.1561
7.20038
7.28896
7.40518
7.52849
7.63285
7.69497
7.71726
7.69242
7.64183
7.58473
7.53429
7.50302
7.506
7.53712
7.60546
7.68578
7.7656
7.83618
7.89744
7.93607
7.96479
7.97642
7.97091
7.95715
7.93871
7.92179
7.91018
7.90163
7.89851
7.90312
7.93264
7.97235
8.02367
8.07643
8.11277
8.13233
8.1207
8.08182
8.00818
7.91022
7.78647
7.64171
7.48686
7.33487
7.19538
7.08168
6.9922
6.93887
6.92215
6.94778
7.01311
7.12346
7.25065
7.39426
7.52688
7.63299
7.69344
7.72036
7.71862
7.69875
7.69686
7.71874
7.78137
7.87065
7.98444
8.09679
8.17936
8.22563
8.2189
8.17076
8.09948
8.01005
7.91895
7.84591
7.79467
7.76303
7.74887
7.74149
7.73909
7.72161
7.68848
7.62862
7.55793
7.48706
7.43855
7.43325
7.46886
7.52699
7.58878
7.64625
7.67609
7.68391
7.67701
7.66664
7.65887
7.66799
7.69038
7.72871
7.78136
7.83746
7.89112
7.94141
7.98387
8.01576
8.04053
8.05415
8.05545
8.04153
8.01108
7.9681
7.91164
7.84162
7.75877
7.67204
7.58343
7.49433
7.42886
7.38796
7.38564
7.40919
7.44752
7.4873
7.52391
7.53605
7.5246
7.49715
7.47144
7.45504
7.45448
7.47271
7.51567
7.56427
7.61995
7.67287
7.7219
7.77487
7.83289
7.8858
7.92939
7.9496
7.94448
7.92044
7.88156
7.8367
7.80549
7.78832
7.78661
7.80418
7.83165
7.86263
7.88978
7.90967
7.90596
7.88303
7.8362
7.78725
7.74264
7.71346
7.6864
7.66894
7.64215
7.60716
7.56606
7.52103
7.48066
7.44665
7.4292
7.42644
7.44647
7.48426
7.52182
7.56041
7.59072
7.61243
7.63249
7.64647
7.65724
7.67457
7.69673
7.72748
7.76297
7.80378
7.83659
7.86398
7.88583
7.90674
7.91569
7.91309
7.89994
7.88008
7.85363
7.81959
7.78851
7.7646
7.75659
7.75914
7.78199
7.82085
7.87642
7.94116
7.99795
8.05375
8.09926
8.12797
8.14197
8.14574
8.13251
8.09481
8.03515
7.95385
7.85086
7.73082
7.5917
7.42956
7.25966
7.09496
6.94881
6.85316
6.81124
6.83046
6.89824
7.01055
7.14104
7.27218
7.39577
7.50477
7.60089
7.69691
7.78548
7.86299
7.92268
7.96669
7.99183
7.98492
7.95194
7.90068
7.83415
7.77927
7.74769
7.74073
7.77745
7.84302
7.92864
8.0209
8.10022
8.15189
8.1667
8.15598
8.11812
8.06158
7.99259
7.91335
7.83347
7.74937
7.66105
7.58525
7.51191
7.44257
7.39052
7.35335
7.33848
7.34634
7.37567
7.42251
7.48041
7.5302
7.5829
7.62564
7.65975
7.67432
7.68159
7.68421
7.6853
7.70052
7.72908
7.77868
7.84036
7.90238
7.95959
7.9911
7.98213
7.92882
7.85055
7.74756
7.63255
7.51423
7.41733
7.35635
7.32355
7.32408
7.36463
7.42153
7.49554
7.58221
7.66863
7.73194
7.76842
7.76249
7.71156
7.62782
7.51124
7.38165
7.25635
7.15465
7.08815
7.07315
7.1106
7.21774
7.3755
7.56066
7.74661
7.9054
8.0007
8.00694
7.92422
7.79051
7.63214
7.48542
7.3703
7.29893
7.27495
7.29166
7.35159
7.4469
7.57382
7.72705
7.90275
8.08861
8.26427
8.40262
8.47897
8.47107
8.37694
8.21501
8.02763
7.84533
7.69915
7.61236
7.57181
7.57935
7.62701
7.69609
7.76493
7.8293
7.87286
7.8897
7.88517
7.86313
7.84274
7.82663
7.82012
7.82559
7.84578
7.87062
7.90339
7.92571
7.93258
7.9154
7.88224
7.83485
7.78285
7.73666
7.70009
7.671
7.64046
7.61397
7.59765
7.59403
7.60005
7.61432
7.63815
7.66492
7.69447
7.72119
7.7382
7.74021
7.7302
7.70065
7.65216
7.59736
7.54018
7.48997
7.45435
7.42966
7.43369
7.45397
7.50106
7.57163
7.66489
7.76137
7.84571
7.91433
7.95323
7.95584
7.91803
7.84299
7.75989
7.66936
7.59571
7.53987
7.50183
7.48494
7.48666
7.48483
7.4868
7.47571
7.44968
7.41441
7.38166
7.35739
7.36245
7.39508
7.4506
7.53231
7.61788
7.70789
7.7985
7.88921
7.97172
8.05275
8.11565
8.15183
8.15785
8.13638
8.10265
8.07042
8.04681
8.03538
8.03273
8.04726
8.06926
8.1001
8.12144
8.13561
8.13123
8.10046
8.03024
7.92723
7.78978
7.63058
7.467
7.29948
7.15295
7.03243
6.95691
6.92458
6.94912
7.02477
7.14246
7.29477
7.45725
7.61778
7.75754
7.86848
7.93361
7.95702
7.94376
7.90373
7.86478
7.83824
7.82147
7.81788
7.82843
7.83299
7.82638
7.79102
7.73267
7.66108
7.58414
7.52434
7.48804
7.47428
7.48451
7.51062
7.53046
7.53116
7.50574
7.45418
7.38614
7.31123
7.24223
7.18428
7.15403
7.15332
7.18446
7.23723
7.31767
7.41666
7.52043
7.62647
7.73782
7.85261
7.96277
8.07242
8.16395
8.24803
8.28485
8.29176
8.26705
8.2163
8.14963
8.07763
8.00176
7.92847
7.86763
7.81305
7.77087
7.73847
7.71791
7.71711
7.72573
7.74203
7.76936
7.79578
7.81162
7.81211
7.78879
7.74084
7.66146
7.55552
7.43801
7.3306
7.23824
7.17732
7.1592
7.20056
7.29607
7.44653
7.63032
7.82749
8.01017
8.14427
8.21941
8.23294
8.18703
8.08507
7.95206
7.80997
7.66531
7.55225
7.45931
7.40752
7.38652
7.39984
7.44733
7.52043
7.60969
7.7026
7.78986
7.86461
7.92249
7.95474
7.97272
7.98393
7.98673
7.97788
7.95463
7.91615
7.8694
7.80723
7.74853
7.69646
7.66017
7.6463
7.66315
7.69991
7.75978
7.82173
7.88737
7.93444
7.95782
7.95964
7.93431
7.89669
7.84802
7.79892
7.74949
7.70348
7.64559
7.57156
7.49326
7.41312
7.34539
7.30262
7.27492
7.2685
7.28522
7.30703
7.3381
7.38299
7.44286
7.52553
7.63567
7.7572
7.88056
7.99152
8.08063
8.13643
8.16203
8.17059
8.16133
8.14631
8.13912
8.13646
8.14968
8.17285
8.19854
8.22513
8.24828
8.26178
8.26594
8.25708
8.23299
8.19508
8.13298
8.04629
7.93498
7.80558
7.65694
7.50928
7.37575
7.2641
7.19372
7.1688
7.19597
7.26832
7.37197
7.50205
7.64095
7.78042
7.89923
7.98922
8.03825
8.03167
7.96746
7.85255
7.69843
7.52347
7.36
7.23401
7.16079
7.15287
7.20541
7.31112
7.44636
7.58449
7.71887
7.83358
7.92197
7.96028
7.95758
7.91644
7.84109
7.75321
7.67488
7.62111
7.61468
7.64484
7.70731
7.79043
7.86318
7.90425
7.90038
7.8496
7.75084
7.62055
7.47364
7.3374
7.22147
7.14436
7.12214
7.15159
7.22251
7.32788
7.44604
7.57699
7.70407
7.82283
7.93218
8.02591
8.10254
8.15787
8.18315
8.17629
8.14115
8.08899
8.02301
7.96458
7.91971
7.89883
7.89389
7.91089
7.93092
7.95276
7.96457
7.95217
7.91664
7.86149
7.7896
7.69723
7.5899
7.47109
7.34314
7.22076
7.11334
7.03271
6.9954
7.00089
7.05966
7.164
7.30486
7.4756
7.64951
7.8056
7.92657
7.99709
8.0078
7.96852
7.8908
7.79769
7.7215
7.67621
7.67594
7.7334
7.84179
7.9973
8.16521
8.31443
8.39326
8.37372
8.26412
8.08711
7.87455
7.64693
7.42085
7.22556
7.06898
6.95684
6.89631
6.89291
6.93721
7.02533
7.14157
7.27652
7.41699
7.56637
7.71833
7.86153
7.99477
8.10919
8.21404
8.29728
8.35524
8.37337
8.35131
8.28779
8.19794
8.1013
8.01433
7.94401
7.89426
7.85496
7.82167
7.78196
7.72848
7.66073
7.58685
7.52061
7.47561
7.45069
7.45153
7.45375
7.45675
7.44805
7.42573
7.38562
7.33255
7.28391
7.24512
7.22878
7.24272
7.29306
7.3899
7.52894
7.70319
7.89185
8.08618
8.25495
8.38638
8.47219
8.50536
8.49557
8.45013
8.37952
8.29418
8.1997
8.09739
7.97229
7.83732
7.68318
7.51964
7.36924
7.23661
7.1482
7.10329
7.10224
7.13717
7.19414
7.26462
7.33295
7.39757
7.45415
7.49945
7.52964
7.54864
7.55404
7.5414
7.52482
7.50622
7.49041
7.48704
7.49908
7.52697
7.57551
7.64017
7.71871
7.81554
7.92406
8.04065
8.15853
8.25602
8.31403
8.32257
8.30118
8.25403
8.18922
8.12094
8.05462
7.99023
7.93579
7.88135
7.8234
7.77437
7.72736
7.68359
7.6476
7.63002
7.63086
7.65502
7.69895
7.76824
7.85312
7.94326
8.02767
8.0951
8.13127
8.12282
8.07533
7.99568
7.8868
7.77019
7.66033
7.56251
7.5057
7.48618
7.52373
7.59915
7.70351
7.81639
7.90181
7.9482
7.95205
7.92034
7.86689
7.80887
7.75137
7.69545
7.62575
7.54458
7.44788
7.35277
7.26991
7.21344
7.19078
7.19996
7.2387
7.29618
7.3615
7.42721
7.48732
7.53234
7.55623
7.56153
7.55274
7.5386
7.51772
7.51237
7.51674
7.53698
7.575
7.63624
7.71572
7.80809
7.91344
8.01741
8.10901
8.17408
8.19464
8.17859
8.12376
8.04516
7.95197
7.85627
7.75684
7.6622
7.58321
7.51687
7.47981
7.46644
7.47785
7.4974
7.5287
7.57225
7.62378
7.67994
7.71985
7.74154
7.73458
7.69438
7.62679
7.54363
7.47143
7.42072
7.40122
7.42223
7.4725
7.55412
7.64833
7.74879
7.83908
7.91277
7.96011
7.97156
7.95334
7.90194
7.82069
7.72477
7.61905
7.50687
7.41069
7.32584
7.27091
7.24922
7.25848
7.30179
7.37625
7.47763
7.58988
7.70337
7.82023
7.91962
7.99992
8.06295
8.09876
8.12633
8.13665
8.13769
8.12347
8.08646
8.03737
7.98214
7.93297
7.89404
7.87756
7.87432
7.87629
7.88541
7.8918
7.88399
7.8687
7.8447
7.80346
7.7638
7.7145
7.67155
7.63965
7.63058
7.63954
7.66429
7.71332
7.77942
7.85863
7.94038
8.01566
8.05797
8.05823
8.00472
7.9017
7.76165
7.60229
7.44058
7.30252
7.19515
7.14402
7.15202
7.20991
7.30735
7.43635
7.56531
7.68412
7.78458
7.85446
7.88464
7.88422
7.85721
7.82656
7.79325
7.7778
7.77945
7.78936
7.81255
7.83495
7.85439
7.86494
7.85563
7.82628
7.78215
7.73439
7.69711
7.68277
7.68395
7.71158
7.75588
7.8093
7.86206
7.90465
7.92789
7.91923
7.87625
7.80521
7.72435
7.65128
7.60037
7.59429
7.62536
7.6831
7.74585
7.79515
7.82739
7.83508
7.82094
7.79061
7.73919
7.68005
7.60877
7.54301
7.48083
7.42297
7.38843
7.38652
7.42296
7.50076
7.60525
7.73262
7.84718
7.93855
7.9873
7.98379
7.93786
7.8678
7.79058
7.71446
7.66205
7.6374
7.64715
7.68396
7.73447
7.7758
7.78235
7.75325
7.6958
7.62807
7.56937
7.53262
7.51079
7.51451
7.54637
7.58319
7.63621
7.69392
7.75128
7.78381
7.79454
7.78289
7.75221
7.70689
7.66736
7.63822
7.635
7.65233
7.68663
7.72485
7.7629
7.78223
7.76654
7.72189
7.65613
7.60324
7.57131
7.5707
7.6109
7.69254
7.79936
7.91706
8.03151
8.11885
8.16468
8.17044
8.13064
8.06353
7.97289
7.87455
7.77354
7.69005
7.61986
7.58373
7.57325
7.5949
7.64019
7.71243
7.79465
7.87738
7.96348
8.03717
8.08703
8.11753
8.12771
8.12904
8.1282
8.13139
8.14711
8.17536
8.21162
8.2506
8.28491
8.30003
8.28844
8.24275
8.16406
8.05366
7.92667
7.79889
7.67947
7.5734
7.485
7.42246
7.38219
7.36416
7.37479
7.401
7.44223
7.48516
7.53286
7.57251
7.61179
7.67183
7.75109
7.84814
7.96452
8.07033
8.1341
8.13491
8.06944
7.95341
7.8176
7.67736
7.54962
7.43775
7.35294
7.28443
7.24545
7.23979
7.26472
7.31991
7.39965
7.51964
7.66212
7.81837
7.9655
8.07173
8.11861
8.09647
8.0096
7.88776
7.75462
7.63589
7.54041
7.47461
7.4423
7.43282
7.44381
7.47904
7.53697
7.61208
7.70194
7.79406
7.88923
7.98495
8.07286
8.15926
8.24208
8.31425
8.37138
8.40541
8.41024
8.38007
8.31914
8.22976
8.12654
8.00249
7.87025
7.74072
7.62314
7.52062
7.42403
7.34917
7.28822
7.23931
7.21745
7.21648
7.24023
7.29522
7.38328
7.49005
7.61085
7.72472
7.81417
7.87637
7.89987
7.89172
7.85804
7.8019
7.72631
7.65014
7.58679
7.53952
7.52617
7.5353
7.5749
7.64399
7.73416
7.83704
7.93905
8.02665
8.088
8.12258
8.13264
8.11999
8.09409
8.06598
8.03018
7.98031
7.91202
7.82071
7.71688
7.60276
7.50111
7.43417
7.39327
7.39479
7.43732
7.51982
7.63062
7.74141
7.83139
7.90229
7.94056
7.95126
7.93551
7.90612
7.85927
7.78595
7.69263
7.59154
7.49421
7.41524
7.34889
7.29753
7.26186
7.24237
7.24168
7.25456
7.28224
7.32021
7.38554
7.46597
7.56165
7.66968
7.78104
7.88843
7.98034
8.04722
8.08122
8.10718
8.10295
8.08801
8.07138
8.05171
8.03309
8.01486
7.99206
7.95871
7.90817
7.83997
7.75374
7.66835
7.59484
7.53411
7.49916
7.49541
7.51061
7.54392
7.58123
7.61815
7.64712
7.68186
7.70705
7.74125
7.78469
7.83198
7.9008
7.97731
8.05117
8.11205
8.15499
8.16885
8.15216
8.10333
8.02882
7.94745
7.86569
7.79935
7.74984
7.72138
7.70496
7.69084
7.67159
7.63785
7.59467
7.54602
7.50792
7.47458
7.45523
7.4612
7.48009
7.50525
7.5387
7.56651
7.59672
7.62216
7.64907
7.67577
7.71531
7.75717
7.80219
7.84478
7.87294
7.88083
7.86928
7.8263
7.76732
7.70605
7.64096
7.58341
7.54561
7.52745
7.53291
7.55678
7.58997
7.63354
7.67228
7.71181
7.75422
7.78986
7.82378
7.84288
7.85389
7.85835
7.86233
7.86445
7.87442
7.90203
7.93223
7.96717
7.98211
7.97233
7.9394
7.88697
7.8353
7.79056
7.76552
7.75392
7.75663
7.75914
7.77237
7.78772
7.79286
7.80048
7.80249
7.79076
7.76162
7.72063
7.66811
7.61145
7.55609
7.50604
7.46947
7.44836
7.44516
7.46908
7.50958
7.55838
7.6077
7.65006
7.67644
7.68507
7.68289
7.69354
7.71425
7.75879
7.8185
7.88986
7.95545
8.00215
8.01409
7.9866
7.93067
7.85379
7.77881
7.71014
7.65791
7.63003
7.6244
7.64179
7.68037
7.73609
7.80196
7.86189
7.8943
7.89652
7.85926
7.80557
7.7432
7.67557
7.60327
7.5272
7.44594
7.37328
7.31716
7.28846
7.29451
7.33546
7.41229
7.51167
7.63158
7.75553
7.87529
7.9764
8.05086
8.0953
8.10165
8.07402
8.02994
7.98148
7.9475
7.92227
7.91287
7.91077
7.90973
7.89822
7.877
7.83867
7.78677
7.7171
7.65183
7.59022
7.54745
7.52863
7.53802
7.57453
7.62771
7.69539
7.75405
7.80261
7.8376
7.84315
7.82042
7.77247
7.69202
7.60123
7.49956
7.41648
7.35446
7.33337
7.35787
7.43029
7.5407
7.67627
7.82556
7.9637
8.07068
8.14151
8.17935
8.1845
8.15932
8.11701
8.05222
7.97763
7.8979
7.81265
7.73416
7.66248
7.61304
7.58745
7.57543
7.58003
7.59171
7.59694
7.58993
7.56753
7.53577
7.5046
7.49463
7.51003
7.54893
7.61739
7.70429
7.78796
7.84928
7.88008
7.8912
7.87735
7.84786
7.81725
7.77221
7.7098
7.65126
7.5961
7.55373
7.5208
7.49898
7.48824
7.50009
7.5261
7.56955
7.63654
7.71678
7.80623
7.89749
7.97447
8.02382
8.05043
8.04414
8.01287
7.96761
7.90678
7.83932
7.77006
7.70255
7.64262
7.58783
7.54813
7.52642
7.51635
7.51138
7.51173
7.52913
7.5509
7.59071
7.64253
7.70042
7.76769
7.83626
7.89944
7.95103
7.99299
8.01772
8.02838
8.01732
7.99241
7.95629
7.9169
7.87123
7.81666
7.75849
7.69605
7.62498
7.55483
7.48682
7.42821
7.38928
7.37374
7.38833
7.41727
7.45952
7.51247
7.57076
7.6244
7.67792
7.72919
7.77936
7.83058
7.88005
7.92289
7.94604
7.94315
7.91592
7.87021
7.80661
7.73798
7.67737
7.63506
7.63198
7.66268
7.73988
7.84972
7.98953
8.14848
8.30879
8.45505
8.56247
8.61285
8.58166
8.47088
8.28581
8.04591
7.7796
7.51885
7.28702
7.10655
6.98768
6.94403
6.9728
7.06828
7.19865
7.35184
7.49272
7.59442
7.65377
7.6619
7.62374
7.55738
7.47408
7.38027
7.3128
7.27359
7.2805
7.34302
7.46639
7.63878
7.84794
8.07516
8.28262
8.43446
8.51771
8.52171
8.45132
8.33012
8.18504
8.0403
7.90638
7.78919
7.68983
7.61305
7.55291
7.5123
7.48913
7.49236
7.50062
7.51133
7.51744
7.5025
7.47486
7.4293
7.39139
7.37571
7.39046
7.44771
7.53299
7.62786
7.72782
7.81193
7.86367
7.88252
7.8665
7.82728
7.76228
7.69048
7.61567
7.54938
7.49766
7.46624
7.47821
7.53992
7.65653
7.82208
8.02061
8.21065
8.36338
8.43925
8.42843
8.32686
8.15949
7.95042
7.72431
7.50562
7.30396
7.14279
7.0338
6.9747
6.97022
7.01632
7.10818
7.23293
7.37053
7.49778
7.59522
7.65666
7.66913
7.64492
7.60497
7.57062
7.5522
7.56911
7.62529
7.73139
7.87056
8.01915
8.16106
8.28559
8.36309
8.39712
8.38288
8.32948
8.25214
8.16222
8.07936
8.01007
7.9622
7.94354
7.94005
7.94927
7.9679
7.98708
8.00621
8.01715
8.01176
7.98972
7.93905
7.85631
7.7508
7.62673
7.50067
7.38992
7.29932
7.24525
7.23285
7.26307
7.34241
7.46074
7.60092
7.7526
7.88175
7.99061
8.05712
8.07802
8.05638
7.97951
7.85419
7.70234
7.52292
7.34708
7.19458
7.08779
7.03716
7.05393
7.1247
7.24949
7.40498
7.54756
7.68574
7.80581
7.91842
8.03436
8.16126
8.28949
8.3828
8.42199
8.38292
8.28113
8.15002
8.00486
7.86683
7.72613
7.59103
7.45518
7.34138
7.24341
7.16867
7.12468
7.10411
7.12209
7.16937
7.24345
7.33027
7.43231
7.53883
7.64403
7.74012
7.83218
7.91016
7.96193
7.99684
8.00758
7.97956
7.9234
7.84397
7.75563
7.67073
7.59354
7.53842
7.51221
7.50734
7.52731
7.55903
7.59658
7.63523
7.65862
7.67236
7.67579
7.67121
7.66713
7.66226
7.66538
7.67171
7.67293
7.67156
7.66839
7.66446
7.65297
7.64071
7.63554
7.64704
7.68009
7.74092
7.82537
7.93359
8.03708
8.12944
8.19885
8.23307
8.23035
8.19234
8.13826
8.07295
8.00701
7.96108
7.9359
7.94015
7.97281
8.02692
8.08721
8.1385
8.15471
8.12702
8.06283
7.97015
7.87754
7.79319
7.73321
7.70116
7.7023
7.72362
7.76761
7.81201
7.85416
7.87453
7.87748
7.85695
7.81008
7.75086
7.67376
7.58943
7.50555
7.42378
7.34972
7.28263
7.22492
7.16507
7.11944
7.08796
7.08785
7.13591
7.22367
7.34938
7.51161
7.69014
7.86897
8.03743
8.17285
8.2657
8.31394
8.32841
8.30472
8.26062
8.1945
8.11677
8.038
7.96842
7.89716
7.83453
7.76969
7.69718
7.60642
7.50772
7.40863
7.31228
7.22811
7.15772
7.11932
7.10319
7.09827
7.11061
7.15154
7.21944
7.33021
7.47484
7.64941
7.82391
7.98255
8.12388
8.23207
8.29109
8.30941
8.28794
8.2301
8.13263
8.00991
7.86616
7.72704
7.62168
7.56362
7.55611
7.59037
7.64814
7.70778
7.75736
7.78958
7.7991
7.80409
7.80609
7.80649
7.80581
7.79399
7.77135
7.72585
7.66677
7.59125
7.50462
7.41372
7.32341
7.25777
7.22293
7.21798
7.24812
7.31113
7.4139
7.52535
7.64803
7.76345
7.85828
7.93609
7.99064
8.01957
8.02246
8.01403
8.00183
7.97797
7.96258
7.95567
7.94578
7.94649
7.94458
7.93123
7.89807
7.84459
7.78791
7.72559
7.67409
7.63549
7.61356
7.61
7.62559
7.65486
7.70119
7.74783
7.79125
7.81983
7.81616
7.77789
7.70496
7.59372
7.46106
7.32486
7.20396
7.12326
7.08992
7.10467
7.17179
7.27502
7.40588
7.55146
7.69348
7.82889
7.94155
8.03092
8.07721
8.07261
8.01992
7.92971
7.81578
7.6957
7.58222
7.48982
7.42706
7.38756
7.38132
7.40768
7.45823
7.52997
7.61502
7.69791
7.77553
7.84002
7.87204
7.88212
7.86713
7.83563
7.78739
7.73611
7.69767
7.68074
7.69445
7.73848
7.80092
7.87311
7.93679
7.98883
8.01855
8.02751
8.01273
7.98461
7.93774
7.88046
7.80505
7.71389
7.61436
7.50548
7.4027
7.32366
7.2657
7.24022
7.24575
7.27855
7.32442
7.37419
7.40968
7.43155
7.44232
7.4375
7.43106
7.42607
7.43503
7.45768
7.50125
7.56285
7.6367
7.7295
7.83657
7.94701
8.04544
8.10378
8.11246
8.09428
8.0599
8.0423
8.0377
8.04584
8.04269
8.01849
7.96667
7.88276
7.79289
7.71306
7.65654
7.63167
7.64003
7.67186
7.70604
7.72734
7.71732
7.67635
7.61326
7.5641
7.54301
7.57037
7.63319
7.73117
7.84082
7.92814
7.98857
8.01749
8.01862
7.99628
7.9714
7.95772
7.94979
7.94814
7.94498
7.93536
7.90731
7.86659
7.81949
7.76768
7.71282
7.65826
7.5973
7.53421
7.4839
7.44185
7.42131
7.42811
7.45798
7.50277
7.55473
7.59303
7.60946
7.59639
7.56833
7.53334
7.49561
7.46365
7.45142
7.45188
7.47102
7.50023
7.54262
7.57875
7.61463
7.6519
7.67984
7.70361
7.72468
7.74494
7.76635
7.80093
7.83668
7.87921
7.92271
7.95718
7.98579
8.0014
7.9942
7.96548
7.91635
7.86007
7.79544
7.73863
7.70536
7.70594
7.73364
7.78376
7.84575
7.91485
7.96595
7.99255
7.99083
7.9616
7.90415
7.82968
7.74053
7.67064
7.61754
7.59186
7.59914
7.63739
7.68915
7.74569
7.7936
7.82422
7.8247
7.79242
7.72592
7.62904
7.51293
7.39803
7.30746
7.24679
7.23333
7.27403
7.36228
7.49288
7.65007
7.81315
7.96246
8.08348
8.14844
8.15379
8.08337
7.93887
7.74144
7.51669
7.28997
7.08999
6.94399
6.86777
6.86926
6.93824
7.06613
7.23748
7.44386
7.65414
7.8518
8.0326
8.18252
8.28266
8.32767
8.30192
8.2215
8.09415
7.9345
7.76341
7.59979
7.45699
7.35261
7.28539
7.26057
7.27703
7.3127
7.37491
7.46824
7.57471
7.69056
7.81234
7.92085
8.00353
8.04324
8.04593
8.01143
7.9572
7.89642
7.84905
7.81695
7.79179
7.77499
7.75984
7.73463
7.69136
7.63974
7.59613
7.56853
7.56673
7.59278
7.64564
7.71546
7.78822
7.86188
7.92574
7.96877
7.9963
8.00196
7.98313
7.93878
7.87539
7.79471
7.70995
7.6359
7.57908
7.53606
7.50698
7.50241
7.50966
7.53009
7.57509
7.635
7.71009
7.78212
7.84686
7.88679
7.88978
7.86095
7.80658
7.73525
7.65266
7.58176
7.52915
7.50177
7.51409
7.5586
7.63921
7.72898
7.8178
7.88172
7.91365
7.90615
7.86
7.78863
7.69424
7.60593
7.5344
7.48627
7.4709
7.48586
7.51802
7.56754
7.62228
7.67438
7.71642
7.74701
7.75806
7.75634
7.73954
7.70992
7.66838
7.6171
7.56696
7.52437
7.49122
7.47987
7.49851
7.54563
7.6249
7.72446
7.83336
7.94497
8.0408
8.09636
8.12215
8.11485
8.08306
8.03455
7.9844
7.9425
7.91997
7.89759
7.88518
7.87207
7.8434
7.79909
7.72492
7.61871
7.48388
7.33314
7.1867
7.0756
7.01478
7.00265
7.05514
7.15372
7.28797
7.44273
7.59881
7.74048
7.86385
7.93949
7.96375
7.94282
7.86789
7.74727
7.6069
7.47604
7.37699
7.32815
7.33995
7.41791
7.54082
7.6926
7.83444
7.95108
8.04008
8.09312
8.12727
8.14292
8.13852
8.12181
8.08821
8.03759
7.97583
7.89966
7.8157
7.73267
7.6613
7.60045
7.5649
7.56294
7.58281
7.63206
7.68408
7.72238
7.73475
7.70591
7.64441
7.57715
7.51353
7.47549
7.47313
7.52142
7.60798
7.73003
7.88211
8.04702
8.1984
8.33047
8.41753
8.44822
8.41599
8.32331
8.17372
7.98414
7.77211
7.55472
7.35894
7.20789
7.10601
7.06461
7.09413
7.17748
7.31031
7.48122
7.65898
7.83376
7.99129
8.10641
8.16867
8.17293
8.11906
8.00668
7.86182
7.69547
7.53596
7.40544
7.32446
7.30294
7.32947
7.39776
7.49203
7.60015
7.70003
7.80268
7.88786
7.95619
8.00211
8.0209
8.01858
7.98453
7.93112
7.85376
7.76033
7.6595
7.57453
7.51093
7.47086
7.47103
7.49503
7.53759
7.59828
7.66875
7.74898
7.83607
7.93056
8.01808
8.09668
8.1497
8.17766
8.19123
8.18917
8.18321
8.17012
8.1494
8.11039
8.03895
7.92255
7.74794
7.53409
7.28945
7.04385
6.8313
6.66099
6.55613
6.51723
6.54796
6.64296
6.79665
7.00062
7.23925
7.48325
7.7292
7.94395
8.11699
8.22236
8.26022
8.22689
8.13374
8.00389
7.87055
7.7537
7.67009
7.63809
7.65703
7.72272
7.81898
7.93935
8.06143
8.16334
8.21202
8.19871
8.13298
8.02467
7.89272
7.76654
7.6478
7.54871
7.46677
7.39828
7.33961
7.27956
7.21403
7.15075
7.0943
7.0546
7.03543
7.04697
7.09327
7.16302
7.26912
7.4051
7.58043
7.7733
7.99522
8.22596
8.44393
8.62807
8.75855
8.81272
8.77797
8.65073
8.45042
8.19802
7.92802
7.67053
7.44486
7.25832
7.13319
7.06301
7.04695
7.08249
7.17346
7.29462
7.44078
7.58153
7.71102
7.80999
7.8774
7.89633
7.87004
7.80286
7.70504
7.58722
7.46533
7.36346
7.29353
7.26336
7.28229
7.34365
7.44887
7.58618
7.73223
7.87457
7.99642
8.06326
8.08599
8.06303
8.00697
7.92791
7.84746
7.77828
7.71375
7.67365
7.66234
7.679
7.72556
7.78259
7.83825
7.88049
7.90385
7.89612
7.86043
7.8013
7.72442
7.62737
7.51499
7.39528
7.28027
7.17934
7.09861
7.05456
7.05206
7.09977
7.2014
7.34933
7.52704
7.74091
7.95051
8.13164
8.272
8.35908
8.39642
8.38333
8.32737
8.2391
8.13525
8.02114
7.89292
7.76759
7.6581
7.57353
7.52907
7.52838
7.57567
7.66026
7.75915
7.86409
7.95792
8.03179
8.07312
8.08975
8.08303
8.05485
8.02372
7.98713
7.94371
7.90069
7.8459
7.76604
7.67106
7.5514
7.42164
7.28766
7.1805
7.10221
7.07908
7.10129
7.16715
7.26607
7.39138
7.52313
7.64578
7.7359
7.76593
7.72673
7.6252
7.48801
7.34289
7.21245
7.12889
7.10332
7.12743
7.20303
7.31382
7.4479
7.57098
7.66442
7.70859
7.72744
7.72991
7.73798
7.76797
7.84551
7.94786
8.07282
8.19153
8.28204
8.33737
8.3615
8.34125
8.29254
8.23562
8.16989
8.10492
8.0378
7.97424
7.89959
7.82118
7.73045
7.63405
7.53619
7.43834
7.35585
7.29157
7.25342
7.25304
7.27143
7.31011
7.36288
7.42499
7.48394
7.54897
7.6128
7.68793
7.77127
7.8652
7.96464
8.04894
8.1155
8.16046
8.17736
8.16685
8.12891
8.04936
7.94656
7.81975
7.68985
7.56551
7.46376
7.40018
7.35995
7.34178
7.3282
7.32743
7.33513
7.35932
7.39707
7.44542
7.49925
7.54284
7.5612
7.55951
7.52917
7.48798
7.45005
7.43515
7.45795
7.52094
7.60705
7.71431
7.81787
7.89985
7.95337
7.97357
7.95605
7.90796
7.85183
7.79822
7.75941
7.74649
7.76183
7.79036
7.816
7.83087
7.82508
7.80072
7.7525
7.70778
7.67757
7.67672
7.69095
7.72329
7.7557
7.77813
7.79529
7.80772
7.80397
7.7869
7.76155
7.72334
7.68312
7.64809
7.61659
7.5957
7.57841
7.55863
7.53526
7.50888
7.47588
7.44588
7.42312
7.41829
7.43128
7.46743
7.53807
7.63741
7.75976
7.90328
8.05248
8.18563
8.29233
8.3544
8.38857
8.39128
8.36502
8.3209
8.27402
8.22148
8.16098
8.08395
7.99349
7.88042
7.75111
7.61228
7.4843
7.37701
7.30186
7.26079
7.26183
7.29285
7.33635
7.39511
7.46161
7.53224
7.60576
7.68374
7.75633
7.82112
7.87116
7.90526
7.91541
7.89311
7.84456
7.77526
7.69737
7.63255
7.58513
7.56687
7.58027
7.63366
7.71215
7.81636
7.9199
8.01585
8.07733
8.1039
8.0876
8.03131
7.96245
7.8836
7.80953
7.74024
7.68071
7.62631
7.58058
7.53446
7.50004
7.47278
7.45042
7.44738
7.46532
7.50929
7.57714
7.65562
7.73417
7.80838
7.85798
7.89395
7.90543
7.89154
7.85542
7.79761
7.72167
7.64368
7.57625
7.52272
7.50031
7.5039
7.54153
7.61011
7.70189
7.80121
7.89687
7.98547
8.05521
8.10543
8.12261
8.12258
8.08731
8.03446
7.96401
7.87806
7.79129
7.70321
7.61444
7.53119
7.45521
7.3803
7.32615
7.2906
7.29009
7.30607
7.35178
7.41327
7.48578
7.56019
7.63587
7.70426
7.77207
7.83026
7.87921
7.91995
7.94605
7.96736
7.97846
7.98888
8.00314
8.02414
8.04562
8.04401
8.01294
7.93245
7.80451
7.64758
7.49463
7.35503
7.25604
7.20629
7.19324
7.21561
7.25327
7.30448
7.35637
7.39934
7.45306
7.4824
7.5187
7.548
7.58318
7.60877
7.64367
7.68595
7.74685
7.83483
7.93552
8.03744
8.11885
8.15984
8.16939
8.14196
8.09377
8.03791
7.99239
7.9707
7.97743
8.01535
8.0627
8.11408
8.15517
8.17905
8.17306
8.14759
8.09597
8.02958
7.95479
7.8766
7.80566
7.73835
7.68987
7.66114
7.64992
7.64619
7.64863
7.64908
7.65666
7.6685
7.69645
7.72905
7.77689
7.83403
7.88647
7.93222
7.96255
7.96256
7.93276
7.86776
7.77875
7.66512
7.54891
7.43965
7.3417
7.27408
7.23813
7.22634
7.26105
7.33777
7.45219
7.59552
7.75423
7.90922
8.03873
8.12144
8.14957
8.1186
8.03564
7.9123
7.76777
7.6187
7.48588
7.37903
7.31381
7.2866
7.30693
7.363
7.44833
7.55038
7.64843
7.74012
7.80089
7.83374
7.83906
7.83115
7.79918
7.74855
7.68147
7.60375
7.52913
7.46658
7.44088
7.45009
7.49325
7.57381
7.67502
7.78271
7.87421
7.9474
7.98108
7.97873
7.93458
7.8522
7.74136
7.60572
7.46089
7.34302
7.25508
7.22229
7.23966
7.29941
7.38547
7.47296
7.54648
7.61386
7.68034
7.75494
7.83166
7.90765
7.97991
8.03007
8.06527
8.07768
8.07071
8.05523
8.02618
8.00262
7.96768
7.93056
7.89598
7.86644
7.84966
7.83904
7.83518
7.83741
7.83122
7.8237
7.80963
7.77891
7.74811
7.71637
7.67512
7.6285
7.58985
7.56283
7.54726
7.53816
7.5472
7.56266
7.57248
7.58178
7.57589
7.56372
7.54739
7.53599
7.52615
7.52395
7.52099
7.51523
7.50564
7.49524
7.49261
7.49324
7.50438
7.52475
7.5461
7.57244
7.59668
7.62046
7.64471
7.67114
7.69693
7.71034
7.7097
7.70422
7.6886
7.67559
7.68294
7.69283
7.72135
7.7631
7.81336
7.87079
7.92805
7.98921
8.04665
8.08952
8.11472
8.12796
8.1115
8.06616
8.00506
7.92537
7.84572
7.77164
7.71327
7.68305
7.68292
7.70675
7.7484
7.80165
7.8488
7.87953
7.88801
7.88578
7.87679
7.87246
7.86974
7.87768
7.89203
7.90968
7.92838
7.93633
7.93022
7.90354
7.85347
7.78688
7.70239
7.60552
7.50378
7.40692
7.31956
7.24317
7.18636
7.15735
7.1609
7.20164
7.26978
7.37842
7.50438
7.64567
7.79349
7.92973
8.05079
8.14373
8.20316
8.22159
8.2147
8.1854
8.14022
8.09106
8.03417
7.9707
7.88714
7.78892
7.68497
7.58655
7.5117
7.46692
7.46565
7.50428
7.57013
7.64675
7.72809
7.79968
7.85252
7.8914
7.90602
7.90541
7.88018
7.83822
7.78492
7.72778
7.66286
7.59202
7.51781
7.44754
7.37505
7.31803
7.2848
7.28631
7.32903
7.41215
7.52321
7.64872
7.76653
7.88115
7.98198
8.05604
8.0875
8.076
8.00124
7.88376
7.74337
7.60597
7.48712
7.4085
7.37192
7.37554
7.40407
7.44057
7.47524
7.50661
7.53995
7.58525
7.6454
7.71577
7.78612
7.85112
7.91292
7.95864
8.00076
8.02984
8.0475
8.04933
8.03599
8.00157
7.94703
7.87151
7.78333
7.68453
7.59044
7.52069
7.47943
7.46516
7.48489
7.52149
7.57674
7.65539
7.7392
7.8318
7.91719
7.99528
8.06403
8.11485
8.14171
8.14914
8.12625
8.06606
7.98743
7.89928
7.81507
7.7479
7.70301
7.68411
7.6853
7.6849
7.68037
7.65414
7.59772
7.51628
7.43098
7.35436
7.29522
7.26607
7.27833
7.31717
7.38515
7.48088
7.58438
7.68361
7.76621
7.82454
7.8274
7.79386
7.7437
7.68225
7.62637
7.59023
7.57091
7.57313
7.58479
7.59043
7.60496
7.61029
7.62394
7.64293
7.66409
7.66764
7.6616
7.63525
7.60788
7.58988
7.58464
7.6075
7.64891
7.70659
7.76445
7.80698
7.81862
7.80142
7.75873
7.70498
7.65153
7.60742
7.59528
7.60132
7.62701
7.69447
7.7854
7.89791
8.02163
8.13329
8.20579
8.2327
8.21216
8.1455
8.0486
7.93842
7.82674
7.72288
7.63255
7.56416
7.51639
7.50791
7.54428
7.62136
7.73528
7.8597
7.98933
8.10901
8.19658
8.24328
8.23416
8.17103
8.06479
7.92554
7.77169
7.6171
7.48394
7.39349
7.34681
7.34014
7.37006
7.43147
7.51547
7.60348
7.67609
7.71984
7.72835
7.70072
7.64348
7.55929
7.46071
7.36423
7.28308
7.21766
7.18168
7.17409
7.19535
7.24456
7.32496
7.42201
7.54227
7.67989
7.82596
7.97165
8.11049
8.21571
8.27683
8.28874
8.25443
8.17783
8.07451
7.95718
7.84176
7.74863
7.68845
7.66953
7.69665
7.75748
7.83708
7.91946
7.99587
8.04643
8.07233
8.08497
8.08258
8.0713
8.04457
8.011
7.95588
7.88131
7.78767
7.67369
7.54345
7.41314
7.30587
7.22114
7.17128
7.17443
7.23446
7.3407
7.48512
7.6405
7.79366
7.91722
7.99635
8.01846
7.99889
7.94263
7.859
7.77588
7.6873
7.61456
7.54714
7.50386
7.47466
7.46473
7.47605
7.51777
7.57823
7.65566
7.7421
7.8372
7.93011
8.00373
8.04945
8.06009
8.03006
7.96309
7.88158
7.79685
7.71849
7.64691
7.59868
7.56539
7.55082
7.55858
7.58102
7.61942
7.66941
7.71708
7.76599
7.81764
7.86615
7.91553
7.96504
8.0165
8.07789
8.13421
8.16543
8.1699
8.14285
8.08869
8.02596
7.95067
7.87823
7.79719
7.70613
7.60969
7.50652
7.40203
7.30098
7.21564
7.15454
7.11631
7.11554
7.14039
7.20156
7.29423
7.39791
7.50168
7.59392
7.65746
7.70351
7.74723
7.77042
7.78262
7.7919
7.79449
7.80706
7.82416
7.86424
7.92521
7.99684
8.06648
8.10203
8.08928
8.01602
7.90553
7.76981
7.65164
7.56339
7.51169
7.50346
7.52322
7.55241
7.58982
7.62251
7.6372
7.63075
7.6019
7.56773
7.52996
7.49851
7.47504
7.48042
7.49761
7.53798
7.58457
7.62655
7.65329
7.66722
7.66898
7.66035
7.65999
7.66427
7.69167
7.72945
7.79323
7.87505
7.96595
8.0517
8.12531
8.172
8.18229
8.15792
8.10678
8.0258
7.94748
7.86883
7.79891
7.75081
7.72431
7.71438
7.72004
7.73783
7.75967
7.78686
7.80876
7.81394
7.80807
7.78115
7.73977
7.68102
7.61624
7.54054
7.46577
7.39579
7.32553
7.24874
7.19088
7.14589
7.12816
7.14075
7.18914
7.25924
7.34313
7.42542
7.50586
7.57616
7.64066
7.70247
7.75506
7.80564
7.86547
7.93091
8.00972
8.09262
8.17355
8.24668
8.30291
8.34186
8.35894
8.3532
8.32276
8.27127
8.19841
8.10936
8.00797
7.89792
7.78642
7.679
7.58686
7.50069
7.41362
7.33174
7.25719
7.18814
7.1417
7.12531
7.1451
7.19584
7.28333
7.37602
7.47539
7.56571
7.65577
7.73198
7.80169
7.86467
7.92441
7.97481
8.01856
8.05259
8.06595
8.06466
8.0583
8.05433
8.07047
8.09708
8.13939
8.16957
8.17276
8.13298
8.05013
7.93072
7.7942
7.65437
7.52249
7.41443
7.32624
7.26835
7.23277
7.22357
7.23446
7.2726
7.32425
7.38537
7.45136
7.50546
7.53951
7.55283
7.54896
7.5347
7.51748
7.49953
7.48813
7.48226
7.49111
7.50499
7.53668
7.57786
7.6284
7.68824
7.74835
7.81379
7.87882
7.943
8.00725
8.06409
8.11903
8.14803
8.1715
8.16616
8.1485
8.11324
8.06088
7.98916
7.90525
7.80948
7.70936
7.61592
7.52021
7.45066
7.39264
7.36204
7.36462
7.39723
7.45909
7.55492
7.66487
7.77696
7.87093
7.94605
7.98186
7.97888
7.94472
7.89359
7.83509
7.77473
7.71804
7.67947
7.65198
7.6435
7.63889
7.64683
7.67202
7.69749
7.7062
7.70317
7.69281
7.68792
7.69183
7.7067
7.73523
7.77789
7.83312
7.8844
7.93023
7.9553
7.95025
7.9021
7.81933
7.70941
7.58755
7.47734
7.39338
7.34618
7.32979
7.35087
7.39349
7.44774
7.50566
7.55957
7.61453
7.67256
7.73272
7.78979
7.83734
7.86777
7.88397
7.88427
7.88239
7.88473
7.8972
7.93481
7.99117
8.06576
8.12834
8.1762
8.18297
8.15947
8.12501
8.07727
8.02332
7.95926
7.89514
7.81992
7.73689
7.64407
7.53139
7.40891
7.28026
7.16316
7.07581
7.02142
7.01728
7.06655
7.1663
7.30113
7.45418
7.60279
7.72097
7.81087
7.8671
7.89519
7.90892
7.92192
7.94339
7.97732
8.02051
8.06451
8.09849
8.11164
8.09921
8.06316
8.00335
7.93044
7.85249
7.79066
7.7362
7.69988
7.67263
7.64811
7.62913
7.61455
7.61254
7.61566
7.62426
7.62616
7.60926
7.5718
7.51726
7.44997
7.38662
7.32451
7.27862
7.25397
7.24612
7.25921
7.28342
7.31559
7.34995
7.38707
7.4306
7.48488
7.53752
7.60847
7.68233
7.76111
7.82783
7.8881
7.93905
7.98378
8.0189
8.04956
8.07448
8.09531
8.11354
8.11682
8.10597
8.08377
8.04939
8.00985
7.96091
7.90998
7.85721
7.80774
7.77631
7.7575
7.75699
7.76848
7.79206
7.82327
7.85317
7.87736
7.89267
7.90318
7.90093
7.8793
7.84359
7.80076
7.74545
7.68439
7.61662
7.54816
7.49816
7.45251
7.42782
7.41467
7.4208
7.42509
7.42599
7.44369
7.47496
7.52646
7.59947
7.67579
7.75176
7.81609
7.85181
7.8621
7.847
7.81216
7.76191
7.70785
7.6675
7.64933
7.66695
7.70606
7.7734
7.8543
7.94735
8.03982
8.12174
8.1832
8.22135
8.22589
8.19673
8.12702
8.02765
7.901
7.76529
7.63417
7.51351
7.42037
7.35676
7.31905
7.30487
7.30565
7.31054
7.31381
7.30771
7.29813
7.28946
7.28471
7.2923
7.31376
7.34849
7.38405
7.4344
7.4863
7.54778
7.60989
7.66773
7.72913
7.7943
7.85341
7.91274
7.96232
8.00794
8.05155
8.09237
8.12078
8.16016
8.1875
8.20263
8.19224
8.15972
8.09553
7.99169
7.85568
7.70818
7.55071
7.41568
7.31437
7.26175
7.25586
7.30039
7.37458
7.45022
7.50567
7.5295
7.52676
7.5173
7.51583
7.54094
7.59551
7.66433
7.7466
7.8303
7.91579
8.00737
8.10175
8.19475
8.27349
8.32575
8.34179
8.31132
8.25345
8.18449
8.12183
8.08234
8.06568
8.07454
8.08635
8.09299
8.07793
8.03735
7.96741
7.85402
7.70527
7.51537
7.31206
7.10924
6.93298
6.79125
6.7103
6.69939
6.75488
6.86397
7.0088
7.17601
7.34914
7.50436
7.62224
7.69595
7.72003
7.70077
7.65293
7.60034
7.56738
7.57182
7.61191
7.6834
7.79253
7.91996
8.06334
8.20577
8.33711
8.4416
8.50702
8.51672
8.47943
8.40547
8.29476
8.1763
8.05904
7.96138
7.88399
7.83087
7.79082
7.7532
7.70699
7.6405
7.55435
7.46268
7.37596
7.31345
7.29074
7.29981
7.34154
7.41097
7.48125
7.54814
7.59525
7.62116
7.61868
7.59098
7.5449
7.50501
7.49002
7.50212
7.54696
7.60607
7.67699
7.73641
7.78698
7.82264
7.83993
7.84224
7.83015
7.80654
7.7713
7.72505
7.66528
7.60283
7.53788
7.48444
7.44367
7.42565
7.42775
7.44664
7.4797
7.51832
7.55816
7.59075
7.60656
7.61222
7.61422
7.61182
7.60007
7.58552
7.57593
7.56607
7.56605
7.58407
7.62503
7.68867
7.76965
7.86451
7.9698
8.0777
8.18169
8.27493
8.33978
8.37156
8.36239
8.32497
8.26517
8.19589
8.11482
8.0328
7.96221
7.90429
7.86305
7.84037
7.83366
7.83471
7.83221
7.82229
7.80388
7.76232
7.70524
7.64352
7.58429
7.52565
7.48015
7.44257
7.41346
7.38024
7.355
7.34292
7.36811
7.42161
7.51398
7.62929
7.76044
7.8898
8.00421
8.07613
8.10661
8.08541
8.01855
7.91067
7.78196
7.64461
7.51715
7.4119
7.32749
7.28795
7.28446
7.3305
7.41734
7.54571
7.69801
7.86629
8.03261
8.17801
8.29518
8.37306
8.40361
8.39679
8.35664
8.30366
8.24162
8.1799
8.12171
8.05989
7.9926
7.92168
7.84852
7.7731
7.70188
7.62899
7.56118
7.49738
7.44314
7.39662
7.36715
7.35192
7.35985
7.38042
7.41679
7.47862
7.54834
7.62048
7.6904
7.74228
7.77663
7.7893
7.78419
7.76271
7.72416
7.6855
7.64005
7.60716
7.5963
7.60374
7.62868
7.67406
7.72761
7.77664
7.81606
7.84234
7.85629
7.86415
7.86638
7.87194
7.86609
7.85272
7.83082
7.79796
7.76079
7.72241
7.69599
7.67343
7.66641
7.66639
7.66755
7.67529
7.69256
7.7078
7.71705
7.71402
7.70787
7.69521
7.68555
7.68752
7.71678
7.77042
7.85422
7.95142
8.05809
8.15713
8.22404
8.26749
8.26079
8.21102
8.11935
8.00804
7.88769
7.77601
7.68481
7.61352
7.55885
7.5201
7.47911
7.43871
7.38805
7.33518
7.26716
7.2074
7.16427
7.13797
7.12717
7.14471
7.19325
7.26287
7.35039
7.44857
7.55899
7.67648
7.78281
7.87666
7.95492
8.00289
8.01959
8.00496
7.95933
7.88971
7.79943
7.70501
7.60316
7.50852
7.43117
7.38206
7.36719
7.39075
7.45272
7.5508
7.67884
7.82169
7.97452
8.13436
8.28399
8.42097
8.52397
8.5837
8.57649
8.50535
8.36942
8.1969
8.02026
7.85186
7.70952
7.60004
7.52658
7.48514
7.47174
7.48165
7.50097
7.53593
7.57143
7.59843
7.61713
7.62547
7.62578
7.62104
7.6171
7.60525
7.58875
7.57469
7.57209
7.567
7.57851
7.60124
7.62942
7.67295
7.71658
7.74664
7.75832
7.73827
7.68359
7.59469
7.48561
7.36263
7.24186
7.14411
7.09068
7.08991
7.15311
7.27391
7.44626
7.63758
7.83369
7.99224
8.0961
8.1388
8.12924
8.08125
8.0029
7.92182
7.83861
7.7559
7.68248
7.61455
7.56768
7.54039
7.5482
7.58729
7.6462
7.73406
7.82569
7.91554
7.98484
8.0266
8.02982
7.99901
7.93268
7.84417
7.74683
7.66036
7.5978
7.56434
7.5541
7.57301
7.60232
7.63762
7.66625
7.68772
7.704
7.71715
7.73863
7.76126
7.7822
7.80273
7.8155
7.81995
7.8169
7.79493
7.76677
7.73672
7.72378
7.71997
7.72096
7.73325
7.75215
7.7683
7.78188
7.78483
7.78362
7.77172
7.75685
7.74226
7.74515
7.76327
7.79785
7.84669
7.90381
7.95267
7.97933
7.97918
7.95434
7.90613
7.84776
7.78726
7.74331
7.71841
7.71676
7.74567
7.78876
7.84302
7.90721
7.96636
8.00939
8.04324
8.05239
8.0334
7.99558
7.92677
7.83722
7.73194
7.61763
7.4936
7.37048
7.25144
7.15876
7.09608
7.07371
7.10376
7.18628
7.31111
7.46558
7.63708
7.79898
7.92687
8.00051
8.02485
7.99381
7.92915
7.83986
7.73566
7.62872
7.51927
7.41636
7.3233
7.24956
7.20137
7.19749
7.22699
7.2938
7.39855
7.52406
7.6644
7.8017
7.9318
8.03439
8.11708
8.16751
8.18725
8.18066
8.15538
8.11232
8.05865
8.0022
7.95135
7.90896
7.88207
7.87318
7.88238
7.90345
7.92517
7.94985
7.96459
7.95903
7.93671
7.90057
7.8462
7.7749
7.68537
7.56914
7.43829
7.29932
7.15633
7.02222
6.91455
6.83446
6.78876
6.78476
6.82589
6.9094
7.02617
7.17418
7.33669
7.5027
7.66353
7.79843
7.91349
7.99298
8.04024
8.05008
8.04035
8.02765
8.02477
8.05158
8.11462
8.21167
8.33691
8.47854
8.62546
8.77807
8.91505
9.01304
9.04987
9.00833
8.88501
8.67999
8.41832
8.12017
7.8119
7.52103
7.25303
7.03287
6.85452
6.74003
6.68171
6.68591
6.75159
6.88638
7.06449
7.2744
7.49806
7.71035
7.887
8.01944
8.09302
8.10012
8.05044
7.96139
7.83621
7.70746
7.58066
7.46715
7.37173
7.29766
7.2403
7.20159
7.17577
7.16951
7.17106
7.20597
7.27178
7.36503
7.48406
7.6242
7.76022
7.87403
7.94506
7.97705
7.97806
7.95408
7.92156
7.88239
7.83835
7.80583
7.78515
7.79185
7.8263
7.891
7.96488
8.04369
8.10417
8.12395
8.11393
8.066
7.99051
7.91398
7.83847
7.77697
7.741
7.73325
7.74259
7.75485
7.76426
7.74186
7.69424
7.62301
7.54249
7.47944
7.43685
7.42165
7.41392
7.42496
7.45609
7.48909
7.52566
7.5624
7.60929
7.66087
7.71451
7.76578
7.81709
7.86525
7.8953
7.91206
7.91791
7.90954
7.88933
7.8645
7.83561
7.79993
7.77124
7.7527
7.74559
7.73253
7.72218
7.68618
7.63658
7.56928
7.49572
7.42751
7.3734
7.33821
7.33674
7.35894
7.40228
7.46174
7.53642
7.63042
7.74278
7.86005
7.96867
8.03819
8.05998
8.02118
7.93444
7.81188
7.69062
7.58564
7.52824
7.51955
7.55351
7.62257
7.71491
7.81919
7.9185
7.99887
8.06482
8.10968
8.12809
8.12145
8.09918
8.0754
8.04475
8.00437
7.95909
7.89749
7.82436
7.74029
7.65509
7.56618
7.49068
7.43201
7.39508
7.3834
7.39395
7.41261
7.44311
7.48203
7.52669
7.57563
7.63733
7.70272
7.76765
7.82033
7.85711
7.86644
7.85868
7.836
7.80661
7.76561
7.73298
7.71188
7.7017
7.70526
7.7127
7.72347
7.744
7.76043
7.78222
7.79611
7.81431
7.83189
7.85218
7.87475
7.89772
7.90835
7.90742
7.903
7.87684
7.83587
7.78299
7.71233
7.6405
7.55914
7.48416
7.41968
7.37258
7.34378
7.33111
7.31935
7.31222
7.30886
7.31915
7.35861
7.4359
7.55395
7.71648
7.9031
8.10469
8.28751
8.43693
8.52031
8.5293
8.46844
8.34798
8.20301
8.06295
7.9404
7.84453
7.77904
7.74769
7.74661
7.76156
7.78715
7.81843
7.84621
7.86483
7.86964
7.86998
7.86661
7.85768
7.83288
7.79292
7.72909
7.64287
7.54392
7.43405
7.33245
7.25003
7.19585
7.16726
7.16518
7.18478
7.21438
7.25257
7.2821
7.31493
7.35217
7.39804
7.46058
7.54818
7.65635
7.79233
7.93871
8.07589
8.17277
8.2183
8.21039
8.17146
8.12206
8.06256
8.00085
7.93226
7.85501
7.78385
7.71614
7.65777
7.61288
7.58405
7.57696
7.58612
7.61363
7.64322
7.66876
7.68126
7.67099
7.63409
7.59216
7.54969
7.52646
7.525
7.5418
7.57657
7.62667
7.68932
7.7642
7.85211
7.93528
8.01453
8.08606
8.14058
8.18929
8.23238
8.28638
8.32155
8.33433
8.31079
8.24648
8.13713
7.99701
7.83105
7.65975
7.49307
7.33636
7.2007
7.07374
6.97306
6.89452
6.85052
6.84966
6.8951
6.99071
7.14072
7.31967
7.51229
7.70461
7.88201
8.04537
8.1763
8.28171
8.35565
8.39001
8.38414
8.33445
8.23561
8.10764
7.96053
7.80822
7.66684
7.54453
7.44758
7.38969
7.37481
7.4023
7.4609
7.53616
7.61419
7.68863
7.74818
7.78185
7.79257
7.77305
7.72638
7.65243
7.57764
7.50595
7.44627
7.40216
7.36791
7.3407
7.32752
7.32801
7.35374
7.40236
7.46366
7.53178
7.61005
7.69358
7.76731
7.83095
7.87663
7.89477
7.89045
7.86107
7.81153
7.75369
7.69051
7.64406
7.6169
7.61094
7.62221
7.63788
7.65324
7.65922
7.65573
7.63623
7.61479
7.59189
7.56407
7.54252
7.52908
7.53261
7.55299
7.58811
7.64224
7.71358
7.80578
7.91066
8.02253
8.14185
8.2516
8.34781
8.41862
8.45177
8.45199
8.41172
8.33996
8.23577
8.11524
7.97671
7.83569
7.70401
7.57944
7.47608
7.39865
7.33839
7.30673
7.29182
7.2937
7.30828
7.32234
7.34142
7.35031
7.35787
7.37044
7.39319
7.43406
7.50066
7.59111
7.69381
7.79613
7.87912
7.92128
7.9105
7.86097
7.78543
7.70466
7.63405
7.58658
7.56023
7.55745
7.5822
7.63615
7.71765
7.81485
7.91475
7.99213
8.03181
8.02157
7.96488
7.86036
7.73456
7.59637
7.4783
7.39622
7.34631
7.34037
7.37346
7.42648
7.49498
7.56387
7.62626
7.67717
7.7256
7.76891
7.80216
7.82729
7.84234
7.83612
7.81496
7.78625
7.75662
7.72973
7.72169
7.73523
7.76528
7.81253
7.85965
7.90233
7.92823
7.9344
7.91184
7.87299
7.82224
7.75904
7.69027
7.6096
7.52596
7.43058
7.33284
7.24922
7.18365
7.14737
7.15546
7.21105
7.31161
7.4408
7.59033
7.74541
7.88787
8.00861
8.10064
8.16429
8.19772
8.19785
8.18394
8.15245
8.11941
8.09788
8.08149
8.07341
8.07355
8.07228
8.06038
8.02749
7.9764
7.91157
7.83273
7.74461
7.65386
7.55992
7.46464
7.38123
7.31063
7.25624
7.22278
7.20819
7.21935
7.25231
7.30841
7.38379
7.46555
7.53777
7.59698
7.62904
7.63445
7.62457
7.6066
7.59948
7.61663
7.66007
7.72192
7.80067
7.88194
7.95348
8.01589
8.06122
8.0929
8.10543
8.11528
8.1027
8.06942
8.02441
7.96177
7.87894
7.78332
7.68877
7.60494
7.53293
7.49257
7.48548
7.51201
7.56505
7.64864
7.74631
7.84274
7.94121
8.038
8.12268
8.1708
8.18327
8.15283
8.09515
8.01959
7.93344
7.85435
7.77871
7.69831
7.61894
7.54432
7.48331
7.43097
7.39786
7.39403
7.41448
7.45008
7.49797
7.54105
7.57751
7.60855
7.62839
7.64536
7.66632
7.69292
7.7281
7.75867
7.78525
7.79693
7.79174
7.76749
7.72781
7.69534
7.67964
7.68179
7.70219
7.7456
7.80589
7.87628
7.95322
8.02772
8.09682
8.1371
8.13887
8.0996
8.01097
7.88493
7.75391
7.63122
7.54196
7.50302
7.51427
7.5679
7.65569
7.74721
7.81393
7.84707
7.83759
7.78736
7.69782
7.59808
7.50366
7.43009
7.38235
7.37499
7.40358
7.46173
7.53731
7.61017
7.67078
7.70188
7.71732
7.71865
7.72637
7.7553
7.80813
7.881
7.95365
8.00436
8.01619
7.99404
7.94162
7.87669
7.82251
7.7665
7.71524
7.6776
7.65053
7.64239
7.65457
7.68039
7.71854
7.75446
7.77738
7.77718
7.74986
7.69451
7.62511
7.56399
7.51098
7.48662
7.48521
7.51445
7.56267
7.61266
7.66633
7.70785
7.73302
7.73778
7.73992
7.73332
7.72847
7.73718
7.76177
7.8081
7.8826
7.97718
8.07224
8.14558
8.18555
8.16715
8.08601
7.95308
7.78546
7.6095
7.45467
7.32967
7.25154
7.21714
7.21995
7.25043
7.31176
7.39151
7.47403
7.54163
7.60754
7.66152
7.7065
7.76394
7.8261
7.89761
7.97808
8.06636
8.14975
8.22211
8.28406
8.34102
8.37716
8.39285
8.37895
8.33133
8.24167
8.10573
7.92919
7.71761
7.49464
7.28951
7.11859
7.00265
6.96108
6.98944
7.07958
7.22456
7.40361
7.56592
7.67073
7.69682
7.64747
7.53669
7.40148
7.27492
7.18603
7.14453
7.16345
7.23373
7.32949
7.43798
7.54384
7.64216
7.72418
7.80065
7.87557
7.95437
8.03784
8.1067
8.16484
8.20088
8.21076
8.20175
8.16815
8.10733
8.02088
7.91367
7.79709
7.67412
7.56222
7.46346
7.39258
7.36047
7.37773
7.43075
7.52247
7.63999
7.76331
7.88439
7.98579
8.05542
8.0855
8.08084
8.04902
8.004
7.9494
7.90445
7.86558
7.83215
7.80469
7.77446
7.74131
7.70661
7.67272
7.63974
7.61055
7.58883
7.56276
7.54574
7.53973
7.54748
7.56307
7.58864
7.61935
7.65134
7.67988
7.68884
7.68579
7.66488
7.63772
7.61298
7.583
7.55681
7.53629
7.52333
7.52509
7.54245
7.56469
7.58377
7.6092
7.63554
7.66654
7.70103
7.73549
7.76382
7.78435
7.79035
7.78659
7.76897
7.75271
7.73788
7.73858
7.7545
7.76943
7.78551
7.80217
7.81651
7.82536
7.83069
7.83717
7.84166
7.86012
7.87536
7.8911
7.90184
7.8889
7.86259
7.82657
7.79118
7.76662
7.7624
7.76774
7.78009
7.79402
7.7883
7.75698
7.70148
7.64036
7.58366
7.54018
7.51344
7.52301
7.56486
7.63301
7.71215
7.79475
7.86789
7.92483
7.95348
7.95624
7.94149
7.91329
7.87757
7.83853
7.81623
7.80268
7.78292
7.76284
7.73399
7.6929
7.63747
7.548
7.44896
7.34004
7.23976
7.17221
7.13364
7.1373
7.1892
7.28745
7.42319
7.58925
7.7713
7.93434
8.06108
8.13183
8.14414
8.10881
8.04664
7.97032
7.89874
7.84001
7.79669
7.77666
7.77453
7.78103
7.77972
7.76661
7.72403
7.6669
7.60185
7.54275
7.51015
7.50795
7.53774
7.60667
7.71138
7.83206
7.96576
8.08229
8.17143
8.22138
