1.2
1.21046
1.22647
1.24526
1.26443
1.28159
1.29356
1.2964
1.28663
1.26341
1.2292
1.18907
1.14839
1.11099
1.07897
1.05372
1.03698
1.03053
1.03533
1.05085
1.07557
1.10747
1.14393
1.18221
1.21966
1.25383
1.28252
1.30393
1.31674
1.32048
1.31593
1.30509
1.2908
1.27601
1.26291
1.25223
1.24362
1.23649
1.23032
1.22442
1.21813
1.21102
1.20311
1.19497
1.18744
1.18101
1.1755
1.16989
1.16298
1.15411
1.14389
1.13416
1.12753
1.12629
1.13182
1.14451
1.16375
1.18803
1.21485
1.24076
1.26189
1.27496
1.2781
1.27125
1.25631
1.23661
1.21615
1.19862
1.18665
1.18138
1.1822
1.18732
1.19458
1.202
1.20849
1.21351
1.21696
1.21867
1.21808
1.21426
1.2064
1.19428
1.17881
1.16246
1.14902
1.14251
1.14558
1.15785
1.17584
1.19456
1.20989
1.22018
1.22627
1.23048
1.23463
1.23855
1.24029
1.23722
1.22765
1.21191
1.19261
1.17382
1.15914
1.15024
1.14698
1.14893
1.15646
1.17042
1.19127
1.21806
1.24832
1.27841
1.30466
1.32436
1.33656
1.34208
1.34286
1.34055
1.33543
1.32637
1.31187
1.29126
1.2652
1.23579
1.20595
1.1786
1.15569
1.1379
1.1252
1.11733
1.11365
1.11318
1.11477
1.11728
1.11994
1.12225
1.12386
1.12451
1.12387
1.12196
1.1192
1.11683
1.11676
1.12099
1.131
1.14693
1.16732
1.18925
1.20907
1.22365
1.23146
1.23322
1.23155
1.22979
1.23048
1.23449
1.24114
1.24919
1.25734
1.26449
1.26926
1.27009
1.26542
1.25415
1.23625
1.21298
1.18686
1.16123
1.13969
1.12503
1.11876
1.12092
1.13026
1.14436
1.16042
1.17588
1.1892
1.20018
1.20966
1.21898
1.22919
1.24063
1.25284
1.26507
1.2767
1.28723
1.2959
1.30137
1.30221
1.29727
1.28676
1.27234
1.25646
1.24137
1.22858
1.21847
1.21053
1.20385
1.19754
1.1912
1.18477
1.17838
1.17196
1.16503
1.15703
1.1478
1.13796
1.12874
1.12136
1.11645
1.11388
1.11294
1.11289
1.11337
1.11477
1.11793
1.12374
1.13282
1.14551
1.16221
1.18338
1.2092
1.23924
1.2724
1.30671
1.33919
1.36634
1.38485
1.39255
1.38884
1.37456
1.35173
1.32295
1.29097
1.25806
1.22601
1.19626
1.17006
1.14856
1.1328
1.12353
1.12095
1.1246
1.1335
1.14609
1.16039
1.17413
1.18521
1.19186
1.19295
1.18832
1.17863
1.16541
1.15086
1.13729
1.12681
1.12106
1.12129
1.12836
1.14282
1.16461
1.19265
1.22442
1.25613
1.28338
1.30235
1.31055
1.30751
1.29458
1.27441
1.25046
1.22631
1.20522
1.18921
1.17889
1.17378
1.17274
1.17447
1.17775
1.18148
1.18472
1.1868
1.18755
1.1874
1.18714
1.18755
1.18897
1.19106
1.19296
1.19374
1.19257
1.18903
1.18314
1.17563
1.16791
1.16177
1.15896
1.16046
1.16605
1.17468
1.1851
1.19632
1.20754
1.21811
1.22751
1.23543
1.24161
1.24568
1.24736
1.24651
1.243
1.23676
1.2279
1.21702
1.20537
1.19487
1.18701
1.18173
1.17707
1.17015
1.15893
1.14331
1.12532
1.10833
1.09577
1.08988
1.09165
1.10114
1.11767
1.13996
1.16626
1.19459
1.223
1.24961
1.27273
1.29137
1.30545
1.31576
1.32296
1.32682
1.32622
1.32001
1.3079
1.29088
1.27097
1.25042
1.23125
1.21474
1.20134
1.19075
1.18261
1.17678
1.17378
1.17467
1.18028
1.19044
1.20376
1.21808
1.23102
1.24059
1.24565
1.246
1.24212
1.23479
1.22463
1.21193
1.19695
1.18031
1.16302
1.14612
1.13022
1.1156
1.10255
1.09189
1.08514
1.08407
1.08989
1.10249
1.12002
1.13951
1.15775
1.17237
1.18202
1.18645
1.18643
1.18347
1.17949
1.17659
1.17685
1.18204
1.19325
1.21051
1.23246
1.25683
1.28102
1.30271
1.3203
1.33269
1.33922
1.33959
1.33392
1.3231
1.30864
1.29234
1.27591
1.26051
1.24674
1.23464
1.22384
1.21366
1.20318
1.19155
1.17837
1.16416
1.15059
1.13993
1.13436
1.13484
1.14072
1.14957
1.15818
1.16372
1.1647
1.16112
1.15428
1.14624
1.13942
1.13615
1.13797
1.14524
1.15713
1.17182
1.18691
1.19985
1.20821
1.2103
1.20552
1.19467
1.17977
1.16379
1.1498
1.14029
1.13678
1.13962
1.14809
1.16097
1.17689
1.19464
1.21314
1.23121
1.24716
1.25883
1.26396
1.26075
1.24854
1.2281
1.20174
1.173
1.14624
1.12614
1.11672
1.12026
1.13661
1.16327
1.19635
1.23166
1.26536
1.29441
1.31683
1.3317
1.3392
1.34002
1.33498
1.32456
1.30916
1.28911
1.26511
1.23829
1.21036
1.18351
1.16009
1.14227
1.13127
1.12682
1.12697
1.12878
1.12954
1.12757
1.12239
1.11441
1.10424
1.0925
1.07991
1.06757
1.05726
1.05147
1.05268
1.06224
1.07941
1.10122
1.12377
1.14384
1.16013
1.17337
1.18568
1.19939
1.21609
1.2361
1.25867
1.28226
1.30479
1.32374
1.33667
1.3416
1.33725
1.32324
1.30022
1.26988
1.23513
1.20007
1.16951
1.14822
1.13988
1.14596
1.16502
1.19263
1.22248
1.24804
1.26441
1.26952
1.2644
1.25218
1.23622
1.21856
1.20003
1.18109
1.16271
1.14646
1.13391
1.12614
1.12371
1.127
1.13606
1.15031
1.16818
1.18701
1.20367
1.21535
1.22054
1.21931
1.21314
1.20388
1.19306
1.18188
1.17144
1.16289
1.15704
1.15405
1.15329
1.15372
1.15421
1.15412
1.15355
1.15335
1.15459
1.15817
1.16455
1.17399
1.18676
1.20309
1.22278
1.24469
1.26662
1.28564
1.29885
1.3042
1.30096
1.28972
1.272
1.24957
1.22375
1.19605
1.16939
1.1497
1.14424
1.15605
1.18047
1.20838
1.23185
1.24645
1.25066
1.24497
1.23113
1.21178
1.19023
1.16977
1.15323
1.14269
1.13927
1.14314
1.15358
1.16894
1.18694
1.20502
1.22093
1.23315
1.24105
1.24486
1.24545
1.24416
1.24253
1.24211
1.24415
1.24916
1.25659
1.26468
1.27119
1.27388
1.27109
1.26209
1.24714
1.22766
1.20611
1.18559
1.16938
1.16022
1.15973
1.16818
1.18444
1.20602
1.22957
1.25141
1.26814
1.27696
1.2761
1.26461
1.24255
1.21104
1.17257
1.13115
1.09198
1.06066
1.04182
1.03784
1.04837
1.07045
1.0996
1.13088
1.16007
1.18418
1.20152
1.21153
1.21446
1.21095
1.20171
1.18753
1.16963
1.14991
1.13138
1.11738
1.11086
1.11374
1.127
1.15085
1.18459
1.22625
1.27241
1.31862
1.36021
1.39337
1.41583
1.42725
1.42897
1.42331
1.41267
1.3987
1.38188
1.3619
1.33811
1.31026
1.27853
1.24354
1.20608
1.1672
1.12832
1.09164
1.06021
1.03737
1.02585
1.02669
1.0389
1.05962
1.08493
1.1108
1.13381
1.15167
1.16346
1.16964
1.17184
1.17221
1.17281
1.17497
1.17919
1.18538
1.19318
1.20222
1.21192
1.22159
1.23026
1.23654
1.23887
1.23567
1.2259
1.2097
1.18847
1.16499
1.14301
1.1263
1.11777
1.11873
1.12865
1.14584
1.1682
1.1939
1.2214
1.24919
1.27564
1.29875
1.31621
1.32571
1.32539
1.31435
1.29331
1.26458
1.23186
1.1995
1.17181
1.15247
1.14372
1.14617
1.15874
1.1791
1.20436
1.23173
1.25883
1.28381
1.30505
1.321
1.33041
1.33257
1.32755
1.31629
1.30023
1.28095
1.25991
1.23804
1.21573
1.19291
1.16935
1.14518
1.12137
1.09965
1.08175
1.06884
1.06114
1.0585
1.06108
1.06935
1.08368
1.10383
1.12861
1.15611
1.18424
1.21114
1.23554
1.25661
1.27371
1.28624
1.29352
1.29511
1.29103
1.28205
1.26976
1.25632
1.24396
1.23436
1.22828
1.22574
1.22596
1.22776
1.2297
1.23018
1.22767
1.22087
1.20909
1.19256
1.17257
1.15149
1.13211
1.11688
1.10754
1.10515
1.1103
1.12325
1.14367
1.17017
1.19998
1.22929
1.25415
1.2716
1.28081
1.28336
1.28239
1.28106
1.28083
1.28081
1.27881
1.27304
1.26333
1.25099
1.23793
1.2256
1.21429
1.20327
1.19187
1.1804
1.17034
1.1634
1.16035
1.16056
1.16264
1.16538
1.1682
1.17132
1.17519
1.17987
1.18449
1.18744
1.18722
1.18341
1.17697
1.16938
1.16206
1.15585
1.15124
1.1487
1.14884
1.15252
1.16064
1.1738
1.192
1.2146
1.24039
1.26774
1.29492
1.32013
1.34136
1.35613
1.36171
1.35573
1.33686
1.30552
1.26422
1.21726
1.1703
1.12892
1.09732
1.07748
1.06905
1.0701
1.07807
1.09069
1.1062
1.12324
1.14052
1.15654
1.16973
1.17884
1.18322
1.18298
1.1791
1.17344
1.16852
1.16715
1.17183
1.18387
1.2029
1.22681
1.25234
1.276
1.29512
1.30836
1.31575
1.31808
1.31597
1.3096
1.29907
1.28487
1.2678
1.24885
1.229
1.20928
1.19046
1.17276
1.15572
1.13857
1.12109
1.1043
1.09058
1.08298
1.08397
1.09471
1.11476
1.14222
1.17422
1.2073
1.2378
1.26239
1.27847
1.28469
1.281
1.26861
1.24964
1.22648
1.20146
1.17689
1.15552
1.14024
1.13356
1.13674
1.14939
1.16951
1.19395
1.21903
1.24142
1.2586
1.2692
1.27298
1.27036
1.26198
1.24851
1.23095
1.21105
1.19162
1.17602
1.16706
1.16589
1.17167
1.18199
1.19393
1.20483
1.21279
1.21701
1.21759
1.21542
1.21177
1.20783
1.20444
1.20194
1.20048
1.20044
1.20243
1.20661
1.21208
1.21702
1.21908
1.21613
1.207
1.19149
1.17041
1.14523
1.11796
1.09139
1.06928
1.05585
1.05474
1.06753
1.09278
1.12652
1.16367
1.19944
1.23
1.25266
1.26588
1.26929
1.26383
1.25167
1.23603
1.2206
1.20861
1.20187
1.20037
1.2027
1.20698
1.21161
1.21556
1.21834
1.22
1.22119
1.22303
1.22669
1.23273
1.24059
1.24872
1.25514
1.25804
1.25607
1.24837
1.23461
1.21516
1.19142
1.16602
1.14286
1.12638
1.12052
1.1276
1.1472
1.17582
1.20756
1.23581
1.25501
1.26185
1.25564
1.23795
1.21203
1.18192
1.15182
1.12563
1.10656
1.09694
1.09805
1.1098
1.13073
1.15822
1.1892
1.22074
1.25044
1.27626
1.29626
1.30848
1.31131
1.30402
1.28733
1.26373
1.23709
1.21165
1.19108
1.17791
1.17353
1.17826
1.19103
1.20931
1.22942
1.24709
1.25878
1.26244
1.25794
1.2472
1.23332
1.21944
1.20759
1.19818
1.19065
1.18474
1.18122
1.18172
1.18771
1.19911
1.21369
1.22767
1.23694
1.23838
1.23054
1.21374
1.1899
1.16232
1.13511
1.11253
1.0981
1.094
1.10077
1.11747
1.14235
1.17342
1.20878
1.24644
1.28398
1.3183
1.34626
1.3652
1.37327
1.36931
1.35266
1.32362
1.28379
1.23632
1.18599
1.13848
1.09912
1.07154
1.057
1.05441
1.06116
1.07424
1.09103
1.10992
1.13027
1.15183
1.17387
1.19448
1.21066
1.21921
1.21775
1.20564
1.18458
1.15824
1.13155
1.10958
1.09639
1.09445
1.10453
1.1259
1.15666
1.19421
1.23534
1.27665
1.31478
1.34666
1.36963
1.38155
1.38135
1.36933
1.34737
1.31838
1.28557
1.25178
1.21895
1.18809
1.15971
1.13426
1.11253
1.09576
1.08531
1.08229
1.08696
1.09834
1.11419
1.13162
1.14802
1.1615
1.17108
1.1765
1.17818
1.17733
1.17611
1.17712
1.18241
1.19223
1.20448
1.21559
1.22181
1.22062
1.21125
1.19488
1.17419
1.15286
1.13474
1.12311
1.12013
1.12701
1.14401
1.17004
1.20237
1.23678
1.2683
1.29234
1.30574
1.30737
1.29831
1.28153
1.26124
1.24198
1.22764
1.22019
1.2193
1.22277
1.22759
1.23134
1.23279
1.23214
1.23025
1.22797
1.22578
1.22377
1.2218
1.21983
1.21818
1.21755
1.21883
1.22268
1.22891
1.23618
1.24232
1.24513
1.2433
1.23695
1.22749
1.21698
1.20738
1.19982
1.19478
1.19286
1.19517
1.20255
1.21442
1.22851
1.24145
1.24997
1.25195
1.24652
1.23428
1.21701
1.19726
1.17795
1.16127
1.1481
1.13795
1.12982
1.12315
1.11813
1.11514
1.11427
1.11475
1.11526
1.11481
1.11345
1.11247
1.11402
1.12037
1.13307
1.15232
1.1768
1.20398
1.23083
1.25458
1.27342
1.28658
1.29427
1.29712
1.29563
1.29005
1.28072
1.26813
1.25329
1.23732
1.22122
1.20569
1.1911
1.17801
1.16723
1.15976
1.15623
1.15647
1.15961
1.16432
1.16924
1.1734
1.1764
1.17855
1.18098
1.18505
1.1918
1.20095
1.21057
1.21796
1.2211
1.21982
1.21573
1.21115
1.20782
1.20639
1.20671
1.20881
1.21279
1.21864
1.22584
1.2334
1.23973
1.24278
1.24073
1.23303
1.22099
1.20748
1.19555
1.187
1.18191
1.17941
1.1786
1.17914
1.18134
1.18589
1.19367
1.20531
1.22013
1.2358
1.24905
1.25688
1.25779
1.25234
1.24219
1.22915
1.21409
1.19733
1.17931
1.16142
1.14593
1.13533
1.13128
1.13416
1.14321
1.15725
1.17506
1.19539
1.21653
1.23647
1.25316
1.26509
1.27143
1.27211
1.26757
1.25851
1.24559
1.2292
1.20951
1.18681
1.16182
1.1359
1.11112
1.09027
1.07642
1.07233
1.07985
1.09927
1.12881
1.16471
1.20198
1.23563
1.26184
1.27864
1.2855
1.28319
1.27333
1.25838
1.2412
1.2242
1.2086
1.19463
1.18191
1.17046
1.16105
1.15517
1.15439
1.15967
1.17102
1.18735
1.20664
1.22625
1.24335
1.25518
1.25955
1.25518
1.24207
1.22162
1.19645
1.16991
1.14572
1.12732
1.11737
1.11689
1.12447
1.13682
1.15051
1.16386
1.17716
1.19105
1.2047
1.21587
1.22216
1.22277
1.21925
1.21483
1.2132
1.21685
1.22605
1.23871
1.25131
1.26078
1.26637
1.27009
1.27469
1.28032
1.28371
1.28065
1.26874
1.24855
1.22316
1.19676
1.17381
1.15783
1.1506
1.15179
1.1592
1.16964
1.17958
1.18592
1.1866
1.18097
1.17006
1.15644
1.14344
1.1343
1.13097
1.13379
1.14177
1.1536
1.16813
1.18437
1.20114
1.21679
1.22958
1.23844
1.24345
1.2458
1.24723
1.24901
1.25131
1.25307
1.25293
1.25014
1.24494
1.23853
1.23246
1.22777
1.22449
1.22165
1.2181
1.21334
1.2077
1.20208
1.19721
1.19338
1.19024
1.18717
1.18376
1.18014
1.17715
1.17605
1.17802
1.18367
1.19255
1.20333
1.21409
1.22262
1.22695
1.22573
1.21873
1.20714
1.19357
1.1814
1.17359
1.17165
1.17523
1.18257
1.19123
1.19892
1.20388
1.20526
1.20331
1.19906
1.19421
1.19053
1.18934
1.19107
1.19545
1.20159
1.20815
1.21359
1.2165
1.21619
1.21292
1.2077
1.2019
1.19718
1.19506
1.1963
1.20016
1.20467
1.20793
1.20903
1.20837
1.20699
1.20583
1.20546
1.20581
1.20643
1.20643
1.20473
1.20047
1.19357
1.18515
1.17767
1.17452
1.17914
1.19362
1.21745
1.24732
1.27804
1.30424
1.32181
1.32874
1.3252
1.31307
1.29511
1.27414
1.25219
1.23038
1.20911
1.18866
1.16964
1.15318
1.14068
1.13379
1.13399
1.14186
1.15636
1.1742
1.19072
1.20146
1.20363
1.19676
1.18223
1.16276
1.1417
1.12254
1.10848
1.10184
1.10349
1.11272
1.12765
1.14611
1.16628
1.18681
1.20675
1.22527
1.24156
1.25503
1.26548
1.27287
1.27696
1.27657
1.26994
1.25587
1.23458
1.20796
1.17906
1.15179
1.12996
1.11658
1.11333
1.12043
1.13655
1.15929
1.18565
1.21262
1.23762
1.25901
1.27631
1.29006
1.30149
1.31178
1.32141
1.32976
1.33493
1.334
1.3241
1.3031
1.27064
1.22845
1.18039
1.13205
1.08997
1.06003
1.04582
1.0476
1.06217
1.08406
1.10718
1.12644
1.13866
1.14304
1.14101
1.13565
1.13065
1.12917
1.13272
1.14086
1.15152
1.16188
1.16909
1.17108
1.16702
1.15741
1.14425
1.13081
1.12114
1.11902
1.12731
1.14682
1.17585
1.21044
1.24535
1.27522
1.29576
1.30463
1.30191
1.2901
1.27381
1.25839
1.24813
1.24446
1.24585
1.24934
1.25252
1.25449
1.2554
1.25533
1.25376
1.24986
1.24352
1.23592
1.22917
1.22546
1.22611
1.23085
1.23782
1.24404
1.24624
1.2423
1.23191
1.21685
1.20038
1.18609
1.17694
1.17474
1.18023
1.19305
1.21186
1.23441
1.25768
1.27855
1.29405
1.30163
1.29928
1.2862
1.26317
1.23285
1.19943
1.16757
1.14129
1.12324
1.11499
1.11718
1.12957
1.15073
1.17768
1.20593
1.23028
1.24593
1.2496
1.24035
1.21991
1.19247
1.16382
1.13994
1.12534
1.12222
1.13044
1.14788
1.17119
1.19641
1.21971
1.23786
1.24905
1.25296
1.25087
1.24497
1.23772
1.23113
1.22638
1.22381
1.22326
1.22435
1.22659
1.22946
1.23196
1.23257
1.22926
1.22019
1.2045
1.18267
1.15652
1.12876
1.10269
1.08152
1.06801
1.06403
1.07025
1.08627
1.11077
1.14164
1.17611
1.21119
1.24413
1.27275
1.29539
1.31064
1.31735
1.31484
1.30344
1.28458
1.26067
1.23473
1.20983
1.18884
1.17407
1.16676
1.16696
1.17339
1.18392
1.19616
1.20795
1.21772
1.22458
1.22839
1.22969
1.22923
1.22729
1.22327
1.21595
1.2043
1.18856
1.1709
1.15516
1.14566
1.14536
1.1543
1.16954
1.18623
1.1995
1.20609
1.20487
1.1966
1.18328
1.1676
1.15243
1.14051
1.13372
1.1327
1.13677
1.14438
1.15395
1.16457
1.17635
1.19006
1.20607
1.22383
1.24185
1.25828
1.27177
1.28169
1.28841
1.29293
1.29643
1.29986
1.30341
1.30636
1.30723
1.30456
1.29755
1.28625
1.27131
1.25349
1.23321
1.21061
1.186
1.16034
1.13537
1.1133
1.09601
1.08453
1.07864
1.07693
1.07735
1.07826
1.07905
1.08019
1.08284
1.0883
1.09736
1.11012
1.12572
1.14265
1.15914
1.17384
1.1861
1.1962
1.20498
1.21316
1.22104
1.22809
1.23317
1.23511
1.23324
1.22778
1.21985
1.21135
1.20448
1.2012
1.20273
1.20911
1.21907
1.2303
1.24006
1.2459
1.24608
1.24009
1.2288
1.21426
1.19899
1.1854
1.17521
1.16944
1.16871
1.17353
1.18436
1.20093
1.22151
1.24306
1.26206
1.27605
1.28407
1.28666
1.28521
1.28127
1.27596
1.26963
1.26199
1.25241
1.24047
1.22624
1.21033
1.19385
1.17823
1.16504
1.15597
1.15245
1.15531
1.16433
1.17819
1.1947
1.21133
1.22591
1.23731
1.24524
1.25003
1.2522
1.2522
1.2503
1.24617
1.23873
1.22644
1.20775
1.18263
1.15371
1.12644
1.10726
1.10036
1.10544
1.11853
1.13454
1.14947
1.16088
1.16755
1.1689
1.16477
1.1557
1.14342
1.13142
1.12493
1.12922
1.14698
1.17639
1.21192
1.24703
1.27652
1.2973
1.30848
1.31057
1.30491
1.2931
1.27657
1.25661
1.23446
1.21145
1.18887
1.16824
1.15135
1.1401
1.13604
1.13952
1.14949
1.16415
1.18165
1.20058
1.21972
1.23787
1.25392
1.26662
1.27499
1.27851
1.27737
1.27259
1.26589
1.25939
1.25512
1.25436
1.25717
1.26206
1.26634
1.26685
1.26075
1.24638
1.22386
1.19521
1.1643
1.13585
1.11421
1.10207
1.09958
1.10473
1.11415
1.12443
1.13329
1.13984
1.1446
1.14899
1.15476
1.16328
1.17489
1.18871
1.20272
1.21454
1.22264
1.22655
1.2268
1.22451
1.22069
1.21608
1.21119
1.20624
1.20133
1.1964
1.19138
1.1862
1.18091
1.17555
1.1704
1.16587
1.16287
1.16285
1.16739
1.17749
1.19272
1.21109
1.22945
1.24454
1.25377
1.25593
1.2516
1.24286
1.23266
1.22386
1.21844
1.2171
1.21934
1.22381
1.22865
1.23167
1.23088
1.2251
1.21454
1.20129
1.18896
1.1816
1.1821
1.19066
1.20454
1.21903
1.22932
1.23188
1.2254
1.21114
1.19229
1.17291
1.15682
1.14672
1.14344
1.14592
1.15181
1.15831
1.16342
1.16671
1.16925
1.17269
1.17818
1.18562
1.19397
1.20203
1.20895
1.21422
1.21723
1.21742
1.21482
1.21031
1.20587
1.20413
1.20762
1.21788
1.23513
1.25813
1.28439
1.31051
1.33273
1.34737
1.35114
1.34171
1.31848
1.28399
1.24425
1.20701
1.17796
1.15829
1.14657
1.14137
1.14174
1.14626
1.15258
1.15799
1.16046
1.1592
1.15458
1.14817
1.14224
1.13967
1.1429
1.15276
1.16767
1.18431
1.1989
1.20878
1.21273
1.21115
1.20557
1.19818
1.19131
1.18659
1.18452
1.18453
1.18552
1.18659
1.18758
1.18885
1.191
1.19427
1.19845
1.20283
1.20659
1.20902
1.20977
1.20892
1.20672
1.20365
1.20035
1.19737
1.19515
1.19387
1.19337
1.1932
1.19244
1.18995
1.18535
1.17995
1.17676
1.17915
1.1891
1.20629
1.22862
1.25314
1.27695
1.29792
1.3146
1.32611
1.33222
1.33301
1.32866
1.31936
1.30516
1.28602
1.262
1.23363
1.20218
1.16976
1.139
1.11239
1.09157
1.07685
1.06713
1.06086
1.05732
1.0575
1.06394
1.07904
1.10312
1.13374
1.16641
1.19623
1.21925
1.23297
1.23671
1.23125
1.21854
1.20103
1.18114
1.16146
1.14464
1.13368
1.13159
1.14034
1.15997
1.18835
1.22158
1.25491
1.28372
1.30445
1.31499
1.31483
1.30476
1.28653
1.26276
1.23679
1.21255
1.19408
1.18474
1.18617
1.19766
1.21607
1.2368
1.25504
1.26703
1.27086
1.26648
1.25542
1.23995
1.22224
1.2035
1.18431
1.16509
1.1466
1.12989
1.11618
1.10662
1.10208
1.10296
1.10887
1.11887
1.13172
1.14627
1.16138
1.17605
1.18918
1.19955
1.20608
1.2083
1.20688
1.2036
1.20078
1.20023
1.20278
1.20774
1.21351
1.21849
1.22173
1.22327
1.22387
1.22456
1.22627
1.22929
1.23293
1.23558
1.23521
1.22994
1.21883
1.20235
1.18211
1.16073
1.14105
1.12555
1.11573
1.1122
1.11459
1.12191
1.13291
1.14617
1.16039
1.17455
1.18815
1.20133
1.21456
1.22848
1.24323
1.25816
1.27184
1.28262
1.28897
1.28985
1.28487
1.27415
1.25819
1.23797
1.21477
1.19013
1.16595
1.1444
1.12766
1.11735
1.1142
1.11813
1.12853
1.14453
1.16506
1.1884
1.21187
1.23197
1.24559
1.25088
1.24796
1.23889
1.22699
1.21605
1.2093
1.20869
1.21429
1.22411
1.23494
1.24335
1.2468
1.24427
1.23615
1.22402
1.20999
1.19605
1.18343
1.17266
1.16389
1.15742
1.1539
1.15414
1.15886
1.16866
1.18394
1.20454
1.22931
1.25575
1.28033
1.29936
1.31019
1.31181
1.30486
1.29131
1.27362
1.25413
1.23419
1.21412
1.19368
1.17301
1.15313
1.13578
1.12245
1.11394
1.11031
1.11156
1.11799
1.13025
1.14874
1.17284
1.20029
1.2273
1.24975
1.26455
1.27056
1.26834
1.25928
1.24481
1.22621
1.20487
1.18258
1.16141
1.14379
1.13221
1.12891
1.13514
1.15049
1.17256
1.19749
1.22124
1.24075
1.2546
1.26275
1.26587
1.26471
1.25954
1.2502
1.23651
1.2188
1.19829
1.17728
1.15872
1.14558
1.13991
1.1422
1.15146
1.16545
1.18157
1.19736
1.21086
1.22072
1.22631
1.22796
1.22714
1.22598
1.22668
1.23051
1.23724
1.24535
1.25304
1.25883
1.26217
1.26332
1.26284
1.26106
1.25771
1.25208
1.24341
1.23136
1.21647
1.19988
1.18303
1.16733
1.15394
1.14381
1.13758
1.13526
1.13607
1.13851
1.14064
1.14067
1.13793
1.13326
1.12909
1.12846
1.13424
1.14782
1.16865
1.1945
1.22195
1.24732
1.26724
1.27931
1.28247
1.27735
1.2662
1.25219
1.23874
1.22849
1.22269
1.2209
1.22151
1.22247
1.22217
1.22041
1.21844
1.21841
1.22177
1.22829
1.23622
1.243
1.24635
1.24492
1.23845
1.22772
1.2141
1.19953
1.18598
1.1752
1.16839
1.16604
1.16811
1.17395
1.18205
1.18972
1.19375
1.19151
1.18222
1.16757
1.15132
1.13794
1.13048
1.12932
1.13253
1.13752
1.14251
1.1468
1.15046
1.15365
1.15628
1.15815
1.15932
1.16042
1.16269
1.16743
1.17538
1.18614
1.19808
1.20879
1.21577
1.21707
1.21178
1.20026
1.18434
1.16694
1.15149
1.14113
1.1378
1.14192
1.15244
1.16767
1.18611
1.20687
1.22952
1.25354
1.27787
1.30062
1.31933
1.33153
1.33538
1.33023
1.31671
1.29657
1.27219
1.24606
1.22027
1.19627
1.17487
1.15663
1.14221
1.13282
1.13013
1.13553
1.14945
1.17049
1.1956
1.22087
1.24257
1.25829
1.26727
1.27017
1.26822
1.26248
1.25349
1.24099
1.2242
1.20234
1.17533
1.14445
1.11241
1.08288
1.05954
1.0453
1.04164
1.04854
1.06458
1.0877
1.11584
1.14738
1.18107
1.21589
1.25082
1.28445
1.31457
1.3382
1.35224
1.35466
1.34567
1.32801
1.30602
1.28411
1.26556
1.25234
1.2454
1.24482
1.24988
1.25897
1.26961
1.27868
1.28297
1.28017
1.26949
1.25187
1.22963
1.20562
1.1822
1.16108
1.14338
1.12973
1.12054
1.11601
1.1161
1.12039
1.12812
1.13794
1.14813
1.15703
1.16363
1.16784
1.17043
1.17245
1.17464
1.17713
1.17977
1.18274
1.18694
1.19374
1.20434
1.21894
1.23612
1.25319
1.26713
1.27562
1.27778
1.27403
1.26565
1.25425
1.24139
1.22829
1.21588
1.20486
1.19573
1.18841
1.18231
1.17649
1.17016
1.16349
1.15833
1.15767
1.16409
1.17728
1.19326
1.20619
1.21131
1.20677
1.19347
1.17429
1.15342
1.13588
1.12648
1.12822
1.14097
1.16163
1.18585
1.21017
1.23292
1.25349
1.27157
1.28711
1.30028
1.31168
1.32172
1.32997
1.33502
1.33489
1.32795
1.31382
1.29361
1.26962
1.24465
1.22108
1.20032
1.18285
1.16875
1.15818
1.15148
1.14914
1.15172
1.1596
1.17281
1.19056
1.21085
1.23052
1.24605
1.25418
1.25296
1.24234
1.22418
1.20182
1.1791
1.15913
1.14358
1.13293
1.127
1.12568
1.1289
1.13631
1.14682
1.15843
1.16892
1.1766
1.18076
1.18174
1.18063
1.17865
1.17679
1.17561
1.17541
1.17632
1.17821
1.18058
1.18249
1.18275
1.18066
1.17641
1.17111
1.16603
1.1619
1.15866
1.15599
1.1539
1.15289
1.1539
1.15808
1.16649
1.18014
1.19954
1.22426
1.25281
1.28246
1.30981
1.33151
1.34475
1.34804
1.34131
1.32606
1.30498
1.28136
1.25822
1.23787
1.22173
1.21043
1.20398
1.2019
1.20332
1.2072
1.2126
1.21871
1.22488
1.23053
1.23468
1.23616
1.23375
1.22693
1.21619
1.20303
1.18938
1.17686
1.16633
1.15793
1.15158
1.14761
1.14682
1.15005
1.15716
1.16652
1.17524
1.18087
1.18285
1.18295
1.18388
1.18734
1.19313
1.19994
1.20678
1.21403
1.22259
1.23164
1.23781
1.23687
1.22637
1.2072
1.18307
1.15915
1.14023
1.12929
1.12714
1.13299
1.14511
1.16146
1.17983
1.19796
1.21383
1.22603
1.23394
1.23762
1.23774
1.23517
1.23108
1.22689
1.22402
1.22323
1.22419
1.22596
1.22773
1.22943
1.23146
1.23442
1.23857
1.24385
1.24975
1.25555
1.26037
1.26335
1.26416
1.26287
1.25943
1.25332
1.24348
1.2289
1.20925
1.18562
1.16072
1.13852
1.12305
1.11672
1.11937
1.1288
1.14231
1.15816
1.17555
1.1941
1.21327
1.23218
1.24962
1.26431
1.27491
1.28049
1.28072
1.27595
1.26722
1.25602
1.24405
1.23299
1.22401
1.21747
1.21273
1.20854
1.20328
1.19562
1.18519
1.17277
1.1602
1.14987
1.14418
1.14453
1.15099
1.16205
1.17484
1.18581
1.19193
1.19151
1.18504
1.17521
1.16612
1.16163
1.1641
1.17441
1.19199
1.21521
1.24134
1.26679
1.28799
1.30231
1.30869
1.30784
1.30182
1.29302
1.28323
1.273
1.26176
1.24866
1.23341
1.2171
1.20228
1.19203
1.18862
1.19246
1.20213
1.21526
1.22905
1.24072
1.24798
1.24924
1.24389
1.23252
1.21671
1.19862
1.18031
1.1632
1.14775
1.13387
1.12132
1.11025
1.10138
1.09583
1.09475
1.09891
1.10828
1.12188
1.13794
1.15419
1.16857
1.17977
1.18761
1.19293
1.19688
1.20028
1.20351
1.20685
1.21095
1.21682
1.22502
1.23545
1.24717
1.25859
1.26805
1.27409
1.2754
1.27087
1.2595
1.24051
1.21377
1.18057
1.14405
1.10932
1.08217
1.06723
1.06634
1.07846
1.10066
1.12897
1.159
1.18651
1.20782
1.22037
1.22323
1.21722
1.20506
1.1911
1.18052
1.17775
1.18451
1.19897
1.21665
1.2327
1.24391
1.24941
1.25044
1.24954
1.24968
1.25323
1.26104
1.27222
1.28451
1.29521
1.30219
1.30444
1.3023
1.29683
1.28937
1.2811
1.27298
1.26561
1.2593
1.25391
1.24895
1.24362
1.23723
1.22943
1.22026
1.21022
1.20012
1.19087
1.18308
1.17683
1.17158
1.16654
1.16132
1.15593
1.15092
1.147
1.1449
1.14515
1.14783
1.15246
1.15801
1.1632
1.16675
1.16765
1.1654
1.16022
1.15307
1.14532
1.13825
1.1324
1.12754
1.12314
1.11903
1.11582
1.11472
1.11699
1.12331
1.13362
1.14685
1.16108
1.17371
1.18258
1.18699
1.18846
1.1902
1.19547
1.20597
1.22103
1.23774
1.25229
1.26134
1.26297
1.25719
1.24573
1.2313
1.21671
1.20451
1.19674
1.1949
1.19961
1.21029
1.22506
1.24103
1.25505
1.26447
1.26789
1.26536
1.25815
1.24795
1.23623
1.22398
1.2114
1.19837
1.18469
1.17027
1.1553
1.14033
1.12623
1.11436
1.10643
1.10417
1.10867
1.11972
1.13545
1.15265
1.16779
1.17795
1.18151
1.1786
1.17143
1.16418
1.16217
1.16917
1.18493
1.20523
1.22481
1.2398
1.24883
1.2526
1.25287
1.25166
1.25037
1.24934
1.24797
1.24554
1.24192
1.23754
1.23279
1.2277
1.22185
1.21508
1.20814
1.2029
1.20158
1.20522
1.21269
1.22104
1.22709
1.22928
1.228
1.2252
1.22338
1.22444
1.22915
1.23699
1.24647
1.25584
1.2633
1.26689
1.2646
1.25516
1.23883
1.21811
1.19689
1.17888
1.16629
1.1602
1.16096
1.16825
1.18073
1.19556
1.20894
1.21703
1.21705
1.20789
1.19056
1.16794
1.14383
1.1222
1.10644
1.09921
1.10243
1.11698
1.14217
1.17493
1.20987
1.24042
1.26083
1.26797
1.26198
1.246
1.22486
1.20391
1.18768
1.17902
1.17854
1.18479
1.19527
1.20726
1.21864
1.22808
1.23511
1.23996
1.24336
1.24605
1.24839
1.25024
1.2513
1.25185
1.2528
1.25501
1.25825
1.26092
1.26099
1.25704
1.24893
1.23766
1.22472
1.21138
1.19838
1.18616
1.17524
1.16654
1.16118
1.16005
1.16312
1.16894
1.17465
1.17701
1.17351
1.16336
1.14773
1.12926
1.11095
1.09552
1.08519
1.08192
1.08747
1.10317
1.12894
1.16248
1.19961
1.23531
1.26515
1.28616
1.29736
1.29968
1.2955
1.28791
1.27963
1.27242
1.26687
1.26286
1.26012
1.25902
1.26024
1.26358
1.26694
1.26693
1.26027
1.24514
1.2217
1.19179
1.15827
1.12434
1.09324
1.06792
1.05104
1.04483
1.05064
1.06813
1.09513
1.12802
1.16278
1.19578
1.22438
1.24692
1.26225
1.26963
1.26874
1.25981
1.24416
1.22426
1.20385
1.18723
1.17815
1.17881
1.1889
1.20562
1.22464
1.2415
1.25263
1.25623
1.25252
1.24329
1.23132
1.21949
1.21004
1.20422
1.20223
1.20332
1.20623
1.20954
1.21217
1.21374
1.21479
1.21624
1.21869
1.22191
1.22475
1.22557
1.22294
1.21607
1.20512
1.19114
1.17589
1.1613
1.14883
1.13893
1.13107
1.12428
1.11815
1.11327
1.11126
1.11403
1.1231
1.13896
1.16065
1.18597
1.21215
1.23681
1.25861
1.27691
1.29111
1.30017
1.30259
1.29688
1.28232
1.25965
1.23135
1.20151
1.17524
1.15746
1.15114
1.15605
1.16883
1.18463
1.19935
1.21069
1.21808
1.22193
1.22263
1.22034
1.21517
1.20779
1.19993
1.19436
1.19418
1.20147
1.21609
1.23536
1.2547
1.26897
1.27404
1.26805
1.25209
1.23033
1.20883
1.19401
1.19016
1.19758
1.21282
1.23023
1.24411
1.25033
1.24697
1.2342
1.21415
1.19041
1.16753
1.14988
1.14056
1.14038
1.14765
1.15908
1.17087
1.17987
1.18403
1.18251
1.17579
1.16512
1.15196
1.13759
1.12349
1.11179
1.10462
1.1031
1.10692
1.11494
1.12584
1.13857
1.1523
1.1664
1.18033
1.19381
1.20667
1.21837
1.22799
1.23452
1.23751
1.23733
1.23535
1.23331
1.2326
1.23398
1.23777
1.24376
1.25129
1.25935
1.26711
1.27423
1.28087
1.28716
1.29221
1.29382
1.28896
1.27525
1.25235
1.222
1.18747
1.15249
1.1205
1.09442
1.07658
1.06863
1.07132
1.08479
1.10859
1.14119
1.1794
1.2183
1.25222
1.27671
1.29004
1.2936
1.29091
1.28518
1.27736
1.26644
1.25115
1.23139
1.2085
1.18494
1.16378
1.14791
1.1393
1.13856
1.14493
1.15642
1.1704
1.18408
1.19505
1.20177
1.20394
1.20249
1.19931
1.19679
1.1971
1.20184
1.2115
1.22531
1.24131
1.25698
1.26999
1.27874
1.28257
1.28171
1.27693
1.26914
1.25886
1.24631
1.2313
1.21372
1.19364
1.17161
1.14895
1.12761
1.11031
1.10007
1.09961
1.11046
1.13245
1.16375
1.20129
1.24105
1.27871
1.31041
1.33303
1.34424
1.34247
1.32692
1.29788
1.25703
1.20767
1.15462
1.10391
1.06215
1.03576
1.02967
1.04529
1.07921
1.1242
1.17186
1.21516
1.24962
1.27324
1.28572
1.28784
1.28069
1.26575
1.24481
1.22032
1.19533
1.17321
1.15667
1.14723
1.14486
1.14861
1.15716
1.16888
1.18179
1.19367
1.20231
1.20614
1.20475
1.19917
1.1918
1.18543
1.18206
1.18215
1.18479
1.18871
1.1932
1.19837
1.20484
1.21313
1.22326
1.23467
1.24625
1.25632
1.26299
1.26446
1.25959
1.24785
1.22973
1.20662
1.18077
1.15517
1.13318
1.11775
1.11071
1.11211
1.12011
1.13179
1.1443
1.15593
1.16656
1.17756
1.19111
1.20899
1.23162
1.25783
1.28502
1.31
1.32957
1.34119
1.34347
1.33625
1.32051
1.29793
1.27062
1.24076
1.21064
1.18251
1.15865
1.14121
1.13198
1.1319
1.14029
1.15447
1.17004
1.18202
1.18636
1.18111
1.16685
1.14641
1.12391
1.10347
1.08838
1.08044
1.07981
1.08538
1.0953
1.1077
1.1213
1.13582
1.15178
1.16995
1.19073
1.21403
1.23911
1.26474
1.2894
1.31159
1.32976
1.34271
1.34935
1.34885
1.34045
1.32379
1.29908
1.26756
1.23165
1.19488
1.16132
1.13504
1.11915
1.11537
1.12377
1.14268
1.16916
1.1994
1.22922
1.25467
1.27256
1.28087
1.27914
1.26835
1.25087
1.22977
1.20809
1.18827
1.17178
1.15957
1.15216
1.14991
1.15296
1.16118
1.17373
1.18902
1.20479
1.21863
1.22857
1.23352
1.2331
1.22764
1.21771
1.20405
1.18744
1.16867
1.14863
1.12838
1.10934
1.09349
1.08297
1.07959
1.08402
1.09558
1.11235
1.1316
1.15049
1.16676
1.17924
1.18809
1.1946
1.20074
1.20817
1.21749
1.22806
1.23829
1.24666
1.25246
1.25617
1.25901
1.26198
1.26478
1.26569
1.26227
1.25282
1.23749
1.21834
1.19852
1.18094
1.16739
1.15842
1.15389
1.15353
1.15722
1.1649
1.17629
1.19068
1.20667
1.22233
1.23586
1.24598
1.25215
1.25472
1.25488
1.2543
1.25456
1.25671
1.26062
1.26463
1.2657
1.26032
1.24581
1.2217
1.1907
1.15851
1.13225
1.11777
1.11735
1.12908
1.1481
1.16904
1.18783
1.20229
1.21201
1.2177
1.22046
1.22098
1.21933
1.21534
1.20931
1.20251
1.19723
1.1959
1.19996
1.20893
1.22039
1.23086
1.23708
1.2373
1.23192
1.22372
1.21668
1.21419
1.21737
1.22509
1.23486
1.24372
1.24896
1.24857
1.24181
1.22952
1.21398
1.19812
1.18459
1.1749
1.16932
1.16738
1.16855
1.17263
1.17984
1.19054
1.20511
1.22316
1.24302
1.26187
1.27649
1.28425
1.28389
1.27565
1.26116
1.24282
1.22295
1.20329
1.18475
1.16768
1.15213
1.13827
1.12636
1.11654
1.10863
1.10198
1.09595
1.0904
1.08596
1.08361
1.08405
1.08738
1.09334
1.10162
1.11192
1.12409
1.13769
1.15183
1.16509
1.17574
1.18232
1.18427
1.18239
1.17858
1.17508
1.17358
1.17442
1.17644
1.17782
1.17685
1.17264
1.16518
1.15561
1.14616
1.13979
1.13958
1.14805
1.16623
1.19351
1.22745
1.26421
1.299
1.32712
1.34503
1.35116
1.34586
1.33099
1.30933
1.28442
1.26001
1.23917
1.22375
1.21442
1.21096
1.21277
1.21882
1.22771
1.23758
1.2463
1.25195
1.2531
1.2489
1.23914
1.22456
1.20735
1.19043
1.17608
1.16467
1.15492
1.14527
1.13513
1.12547
1.11833
1.11564
1.11816
1.12505
1.13422
1.14327
1.15042
1.15482
1.15677
1.15743
1.15865
1.16273
1.172
1.18799
1.2107
1.23805
1.26623
1.29055
1.30675
1.31185
1.3045
1.28497
1.25493
1.21747
1.17727
1.14023
1.11224
1.09735
1.09601
1.10567
1.12268
1.14443
1.1703
1.20073
1.23496
1.26987
1.30112
1.32482
1.33815
1.33985
1.33016
1.31097
1.28523
1.25635
1.22716
1.19975
1.17565
1.15636
1.14363
1.13908
1.14335
1.15532
1.17213
1.19006
1.20614
1.2192
1.23013
1.24059
1.25139
1.26172
1.26998
1.27479
1.27546
1.27147
1.26207
1.2466
1.22495
1.19807
1.16777
1.13662
1.10781
1.08482
1.07074
1.0674
1.07492
1.09146
1.1137
1.13776
1.16003
1.17801
1.1907
1.19848
1.20291
1.20619
1.21062
1.21821
1.23028
1.24724
1.26851
1.29271
1.31788
1.3418
1.36218
1.37652
1.38242
1.37789
1.36179
1.33438
1.29735
1.25382
1.20808
1.16492
1.12874
1.10264
1.08776
1.08283
1.08461
1.08895
1.0922
1.09254
1.09057
1.0888
1.09012
1.09611
1.10668
1.12124
1.14
1.16382
1.1927
1.22465
1.2563
1.28397
1.30475
1.31699
1.32018
1.31496
1.30281
1.2856
1.2651
1.24282
1.22017
1.19854
1.17951
1.16473
1.15573
1.15328
1.15672
1.16424
1.17338
1.18198
1.18889
1.19429
1.19944
1.20607
1.21525
1.22614
1.23606
1.24169
1.24092
1.23387
1.22276
1.21093
1.20124
1.19497
1.19179
1.19061
1.19023
1.18995
1.18956
1.18931
1.18989
1.19202
1.19588
1.20091
1.2059
1.20946
1.21084
1.21031
1.20904
1.20849
1.20934
1.21125
1.21317
1.21396
1.21249
1.20765
1.19859
1.18495
1.16729
1.14714
1.12651
1.10757
1.09223
1.08202
1.07786
1.07997
1.08801
1.1017
1.12121
1.14687
1.17822
1.21347
1.24941
1.28225
1.3087
1.32672
1.33566
1.33618
1.3296
1.31736
1.30062
1.28037
1.258
1.23589
1.21732
1.20572
1.20348
1.21091
1.22593
1.24443
1.26141
1.27217
1.27343
1.26418
1.24556
1.22053
1.19288
1.16637
1.14425
1.12886
1.12159
1.12276
1.13174
1.14714
1.16731
1.19037
1.21439
1.23765
1.25879
1.27699
1.29168
1.30235
1.30833
1.30884
1.30321
1.29094
1.27208
1.2468
1.21567
1.17969
1.14069
1.10186
1.06793
1.04442
1.03603
1.04455
1.06808
1.10128
1.13711
1.16875
1.19111
1.20176
1.20107
1.19197
1.17921
1.16809
1.16315
1.16687
1.1791
1.19739
1.21779
1.23605
1.24884
1.25452
1.25351
1.24824
1.2418
1.23647
1.23289
1.23018
1.22695
1.22191
1.21437
1.2043
1.19225
1.17928
1.16662
1.15525
1.14564
1.13792
1.132
1.1282
1.12725
1.12984
1.1359
1.1445
1.15419
1.16365
1.17199
1.17891
1.1846
1.19001
1.19671
1.20634
1.21949
1.23462
1.24828
1.25664
1.25809
1.25432
1.24938
1.2465
1.24606
1.24611
1.24467
1.24134
1.23695
1.23267
1.2291
1.22614
1.22317
1.21942
1.21438
1.20807
1.2013
1.19528
1.19126
1.18983
1.19055
1.19211
1.19285
1.19133
1.18692
1.17997
1.17204
1.16552
1.16288
1.16591
1.17501
1.18903
1.2058
1.22278
1.23752
1.2481
1.25334
1.25292
1.2474
1.23803
1.2263
1.21348
1.20036
1.18722
1.17437
1.16263
1.15346
1.14881
1.15034
1.15867
1.17331
1.19264
1.21449
1.23637
1.25528
1.26757
1.26915
1.25646
1.22832
1.18779
1.14307
1.10539
1.08366
1.07971
1.08902
1.1056
1.12628
1.15112
1.18135
1.21746
1.25801
1.29955
1.33746
1.36706
1.38491
1.38941
1.38069
1.3605
1.33141
1.29615
1.25713
1.21653
1.17644
1.13876
1.10506
1.0767
1.0549
1.04115
1.03687
1.04296
1.05938
1.08482
1.11683
1.15218
1.18751
1.21993
1.24738
1.2687
1.28352
1.29201
1.29503
1.29383
1.29013
1.28562
1.28146
1.27774
1.27337
1.26645
1.2552
1.2386
1.21707
1.19255
1.1683
1.14761
1.13253
1.12328
1.11897
1.11858
1.12152
1.12742
1.13583
1.14616
1.1577
1.16962
1.18111
1.19154
1.20052
1.20788
1.21381
1.21851
1.2221
1.22458
1.22583
1.22579
1.22436
1.2215
1.2174
1.21286
1.2095
1.2094
1.21417
1.22415
1.23788
1.25262
1.26526
1.27324
1.27508
1.27053
1.26041
1.24654
1.23166
1.21867
1.20988
1.20607
1.20639
1.20906
1.2119
1.21271
1.20915
1.199
1.18072
1.15405
1.12093
1.08626
1.05762
1.04272
1.0451
1.06244
1.08894
1.11901
1.14869
1.17566
1.19863
1.21699
1.23067
1.23981
1.24462
1.24543
1.24261
1.23691
1.22959
1.22223
1.21613
1.21177
1.20838
1.20453
1.19902
1.19175
1.18396
1.17769
1.17492
1.17656
1.18201
1.1895
1.19707
1.20336
1.20795
1.21107
1.21281
1.21265
1.20959
1.20265
1.19147
1.1767
1.15999
1.14392
1.1314
1.12502
1.12655
1.1363
1.15283
1.17349
1.19566
1.21802
1.24095
1.26561
1.29171
1.31661
1.33614
1.34655
1.34596
1.33463
1.31444
1.28804
1.25861
1.22928
1.2028
1.18122
1.16572
1.15668
1.15345
1.15449
1.15751
1.16007
1.16046
1.15827
1.1545
1.15105
1.1498
1.15174
1.15672
1.16372
1.17145
1.1789
1.18564
1.19185
1.19812
1.20519
1.2131
1.22089
1.22694
1.22988
1.22956
1.22715
1.22489
1.22515
1.22966
1.23868
1.25088
1.26339
1.27269
1.27553
1.26988
1.25554
1.23434
1.20954
1.18514
1.16476
1.15101
1.14511
1.1466
1.1534
1.16235
1.16996
1.17335
1.17107
1.16351
1.15285
1.14275
1.13748
1.14064
1.15376
1.17536
1.20148
1.22694
1.24704
1.25865
1.26094
1.25523
1.24475
1.23372
1.22599
1.22387
1.22759
1.23558
1.24523
1.25372
1.25869
1.25883
1.25417
1.24586
1.23548
1.22408
1.2117
1.19763
1.18133
1.16305
1.14391
1.12551
1.10937
1.09668
1.08839
1.08532
1.0881
1.09706
1.11182
1.1312
1.15345
1.17654
1.19846
1.21766
1.23305
1.24412
1.25096
1.25404
1.2542
1.25224
1.24873
1.24379
1.23709
1.22804
1.21623
1.2018
1.18578
1.1697
1.15501
1.14271
1.13348
1.128
1.12728
1.13234
1.14357
1.16052
1.18188
1.20595
1.23066
1.25364
1.27223
1.28421
1.2884
1.28507
1.27574
1.26255
1.2472
1.2307
1.21355
1.19633
1.18011
1.16659
1.15802
1.15676
1.16434
1.18025
1.20163
1.2242
1.24369
1.25692
1.26224
1.25918
1.24852
1.23203
1.21218
1.19176
1.17332
1.15862
1.14829
1.14185
1.13816
1.13602
1.13484
1.13493
1.13722
1.14242
1.15055
1.16088
1.17214
1.18326
1.19403
1.20533
1.21838
1.23367
1.2502
1.26568
1.27763
1.2845
1.28641
1.2849
1.28197
1.27902
1.27635
1.27369
1.27071
1.26775
1.26563
1.26496
1.26532
1.26521
1.26261
1.25617
1.24603
1.23407
1.22314
1.21568
1.21277
1.21369
1.21665
1.21958
1.22084
1.21949
1.21536
1.20879
1.20042
1.19103
1.18136
1.17181
1.16223
1.15219
1.14124
1.12924
1.1165
1.10386
1.09262
1.08434
1.08078
1.08362
1.09409
1.1122
1.13664
1.16472
1.19306
1.21855
1.23914
1.25443
1.26558
1.27448
1.28272
1.29071
1.29754
1.30171
1.30197
1.29794
1.29025
1.27996
1.26795
1.25442
1.23907
1.22145
1.2017
1.18081
1.1605
1.14283
1.12961
1.12164
1.11851
1.11899
1.12177
1.126
1.13117
1.13702
1.14343
1.15057
1.15883
1.16855
1.17966
1.19142
1.2028
1.21289
1.22126
1.22789
1.23295
1.23616
1.23657
1.23296
1.22448
1.2116
1.19635
1.18207
1.17227
1.16952
1.17449
1.18596
1.20174
1.21926
1.23613
1.25008
1.25885
1.2606
1.25441
1.24077
1.22176
1.20047
1.18026
1.16397
1.15328
1.14874
1.14979
1.15505
1.16253
1.17027
1.1764
1.17962
1.17918
1.17537
1.1697
1.16487
1.1638
1.16813
1.1773
1.18934
1.20202
1.21364
1.22297
1.22902
1.23105
1.22884
1.22303
1.21514
1.20741
1.20192
1.20016
1.20266
1.20896
1.21774
1.22715
1.23516
1.23994
1.24016
1.2351
1.22477
1.20991
1.19199
1.17337
1.15689
1.14539
1.14067
1.14282
1.15018
1.16029
1.17081
1.17994
1.1865
1.18982
1.18973
1.18655
1.18114
1.1748
1.16899
1.16499
1.1633
1.16387
1.1661
1.16886
1.17066
1.16987
1.16538
1.15727
1.14711
1.13779
1.13273
1.13509
1.14703
1.16906
1.19962
1.23487
1.26946
1.29782
1.31561
1.32047
1.31235
1.29345
1.26809
1.24164
1.2194
1.20514
1.20049
1.20461
1.21483
1.22735
1.2381
1.24366
1.24194
1.23262
1.21724
1.19873
1.18047
1.16493
1.15321
1.14564
1.14211
1.14233
1.14553
1.15047
1.15591
1.1609
1.16482
1.16716
1.16745
1.16501
1.15911
1.14977
1.13811
1.12632
1.11699
1.11227
1.11347
1.12114
1.13516
1.1551
1.1803
1.20969
1.24167
1.27392
1.30394
1.32947
1.34889
1.3612
1.36569
1.36178
1.34927
1.3287
1.30196
1.27233
1.24413
1.22157
1.20747
1.20223
1.20369
1.20786
1.21007
1.20627
1.19428
1.1745
1.14977
1.12474
1.10461
1.09362
1.09366
1.10387
1.12111
1.1412
1.16016
1.17521
1.18518
1.19025
1.19156
1.1907
1.18964
1.19066
1.19612
1.20733
1.22304
1.23914
1.25037
1.253
1.24665
1.23421
1.22012
1.20859
1.20221
1.20146
1.2049
1.20997
1.21391
1.21467
1.21128
1.20415
1.19457
1.18399
1.1736
1.16408
1.15575
1.14881
1.14352
1.14026
1.13942
1.1413
1.14604
1.15356
1.16362
1.17603
1.19068
1.20727
1.22489
1.24171
1.25524
1.26309
1.264
1.25826
1.24818
1.23738
1.22954
1.22715
1.23054
1.23785
1.24605
1.25217
1.25402
1.25076
1.24292
1.23199
1.21981
1.20795
1.19698
1.18617
1.17471
1.16307
1.15324
1.14778
1.14829
1.15434
1.16382
1.17389
1.18207
1.18684
1.18784
1.18541
1.18029
1.17364
1.16724
1.16333
1.16403
1.17022
1.18079
1.19292
1.2038
1.21193
1.21761
1.22235
1.22775
1.23482
1.24352
1.25298
1.26176
1.26835
1.27156
1.27084
1.26634
1.25903
1.25032
1.24157
1.23383
1.22774
1.22338
1.22034
1.21781
1.21478
1.21042
1.20439
1.19697
1.1889
1.18112
1.17433
1.16888
1.16481
1.16221
1.16138
1.16258
1.166
1.17145
1.17816
1.18495
1.19048
1.19342
1.19279
1.18814
1.17974
1.16869
1.15653
1.14466
1.13408
1.12544
1.11922
1.11589
1.1159
1.11947
1.12666
1.13758
1.15248
1.17162
1.19521
1.22314
1.25485
1.28904
1.3231
1.35317
1.3751
1.38568
1.3837
1.37025
1.34836
1.32222
1.29585
1.27184
1.25076
1.23166
1.21344
1.1958
1.17931
1.16505
1.15421
1.14794
1.14722
1.15249
1.163
1.1765
1.18947
1.19809
1.19944
1.19245
1.17812
1.1592
1.1394
1.12245
1.11131
1.10739
1.11043
1.11901
1.13145
1.14642
1.16313
1.18085
1.1988
1.2162
1.23249
1.24735
1.26045
1.27117
1.27857
1.2816
1.27962
1.27276
1.2621
1.24939
1.2364
1.22449
1.21442
1.20666
1.2015
1.1989
1.19812
1.19767
1.1955
1.18978
1.17982
1.16655
1.15249
1.14083
1.13455
1.13574
1.14541
1.1631
1.18698
1.214
1.24039
1.26273
1.27862
1.28688
1.28736
1.28074
1.26816
1.25105
1.23131
1.21162
1.19501
1.18445
1.18214
1.18909
1.20473
1.22714
1.25347
1.28028
1.30395
1.32095
1.32799
1.32268
1.30414
1.2736
1.23478
1.19368
1.15804
1.13576
1.13219
1.14744
1.17618
1.21021
1.24208
1.26723
1.28377
1.29146
1.29073
1.2821
1.26602
1.24299
1.21365
1.17922
1.14185
1.1049
1.07328
1.05327
1.05064
1.06748
1.09998
1.1398
1.17807
1.20827
1.22721
1.23439
1.2311
1.21985
1.20395
1.18701
1.17256
1.16301
1.15929
1.16067
1.16531
1.17095
1.1755
1.17757
1.1766
1.17274
1.16682
1.16027
1.15515
1.1536
1.15691
1.16481
1.17555
1.18699
1.19744
1.20617
1.21323
1.21902
1.22373
1.22696
1.22807
1.22667
1.22304
1.21781
1.21161
1.20508
1.19891
1.19411
1.19187
1.19317
1.19842
1.20713
1.21798
1.22916
1.23898
1.24613
1.24985
1.2496
1.24491
1.23548
1.22135
1.20355
1.18416
1.16595
1.15178
1.14406
1.14436
1.15278
1.16783
1.18665
1.206
1.22297
1.23562
1.24315
1.24585
1.24507
1.24293
1.24183
1.24362
1.24886
1.25653
1.26436
1.26953
1.26957
1.26324
1.25107
1.23488
1.21681
1.19826
1.17959
1.16067
1.14191
1.12448
1.11028
1.1015
1.09951
1.10368
1.1113
1.11901
1.12441
1.12679
1.12639
1.12384
1.11975
1.11484
1.11015
1.10729
1.10829
1.11511
1.12909
1.15047
1.1785
1.21142
1.24686
1.28202
1.31395
1.33981
1.35721
1.36434
1.36022
1.34491
1.31979
1.28747
1.2514
1.21538
1.18309
1.15766
1.14122
1.13433
1.13549
1.14167
1.14938
1.15564
1.15892
1.15917
1.15767
1.15673
1.15906
1.16676
1.18037
1.19829
1.21724
1.23356
1.24432
1.24846
1.24703
1.24268
1.23883
1.23855
1.24361
1.25414
1.26888
1.28559
1.30157
1.31421
1.32149
1.32223
1.31606
1.3035
1.28591
1.26508
1.24262
1.21948
1.19592
1.17184
1.14754
1.12417
1.10344
1.08753
1.07836
1.07677
1.08215
1.09276
1.10664
1.12207
1.13772
1.15256
1.16596
1.17751
1.18712
1.19465
1.19991
1.2028
1.20319
1.20113
1.19715
1.1922
1.18765
1.18539
1.18741
1.19508
1.20864
1.22728
1.24917
1.27181
1.29201
1.30632
1.31141
1.30473
1.28531
1.25434
1.21544
1.17409
1.13631
1.10721
1.09029
1.08722
1.09775
1.11956
1.14877
1.18077
1.21138
1.2375
1.25734
1.27009
1.27546
1.27338
1.26423
1.24908
1.22991
1.20928
1.18972
1.17316
1.16046
1.15156
1.14582
1.1425
1.1412
1.14215
1.14588
1.15314
1.16405
1.17766
1.19219
1.20542
1.2153
1.22034
1.21964
1.2133
1.20238
1.18888
1.1754
1.16439
1.15776
1.15637
1.15974
1.16639
1.17447
1.18266
1.19073
1.19961
1.21069
1.2247
1.24086
1.25707
1.27082
1.28026
1.2848
1.28513
1.28257
1.27825
1.2724
1.2642
1.25232
1.23574
1.21445
1.1897
1.16408
1.14087
1.12306
1.11217
1.10793
1.10845
1.11134
1.11453
1.11656
1.1167
1.11467
1.11076
1.1057
1.10053
1.09616
1.09328
1.0923
1.09354
1.09747
1.10474
1.11621
1.13271
1.15459
1.1813
1.21122
1.24183
1.27024
1.29364
1.30956
1.31604
1.31223
1.29872
1.27723
1.2503
1.22087
1.19177
1.16576
1.14561
1.13397
1.13311
1.14444
1.16768
1.20019
1.23723
1.27279
1.30098
1.31742
1.32008
1.30933
1.28773
1.25919
1.22799
1.19808
1.17266
1.15408
1.14408
1.14353
1.15197
1.16733
1.18611
1.20391
1.21652
1.22078
1.21555
1.20222
1.18452
1.16774
1.15707
1.15616
1.16632
1.18656
1.21419
1.24549
1.27605
1.30157
1.31851
1.32477
1.31996
1.30547
1.2839
1.25838
1.23161
1.20541
1.18062
1.15778
1.13763
1.12133
1.11033
1.10572
1.1078
1.11587
1.12833
1.14296
1.15724
1.16859
1.17515
1.17627
1.17275
1.16662
1.16048
1.1567
1.15678
1.16116
1.16959
1.18165
1.19726
1.2166
1.23961
1.26542
1.29201
1.31646
1.33564
1.34682
1.34818
1.33899
1.31963
1.29169
1.25795
1.22224
1.18923
1.16342
1.14805
1.1444
1.15149
1.16644
1.18491
1.20176
1.21203
1.21185
1.19917
1.17407
1.1392
1.10005
1.06501
1.04391
1.04421
1.0666
1.10548
1.15336
1.20396
1.25283
1.29657
1.3325
1.35846
1.37313
1.3764
1.36919
1.3534
1.33138
1.30528
1.27679
1.24716
1.21743
1.18848
1.16101
1.13552
1.11263
1.09337
1.07941
1.07273
1.07468
1.08494
1.10128
1.12024
1.13841
1.15342
1.16456
1.17268
1.17986
1.18848
1.20014
1.2149
1.23111
1.24598
1.25679
1.26205
1.26217
1.25927
1.25635
1.25599
1.25949
1.26674
1.2765
1.28686
1.29564
1.30047
1.29904
1.28943
1.27066
1.24301
1.20814
1.16892
1.12942
1.09411
1.06674
1.04932
1.04217
1.04437
1.05419
1.06909
1.08642
1.10462
1.12402
1.14631
1.17295
1.20384
1.23681
1.26845
1.29513
1.31391
1.3233
1.32353
1.31661
1.30549
1.29305
1.28113
1.2705
1.2613
1.25386
1.24866
1.2462
1.24657
1.24922
1.25309
1.25689
1.25936
1.2594
1.25632
1.24985
1.24007
1.227
1.21057
1.1906
1.16738
1.14214
1.11758
1.09742
1.08499
1.08173
1.08684
1.09785
1.11187
1.12638
1.13974
1.15144
1.16188
1.17159
1.18079
1.18939
1.19734
1.20474
1.21137
1.21612
1.21732
1.2137
1.20485
1.19137
1.17454
1.15626
1.1389
1.12516
1.11758
1.11798
1.12704
1.14407
1.16706
1.19297
1.21828
1.23936
1.25305
1.25704
1.25043
1.23416
1.21132
1.18695
1.16687
1.15561
1.15445
1.16132
1.17234
1.18407
1.19484
1.20532
1.21782
1.23433
1.25464
1.27616
1.29509
1.30814
1.31368
1.31181
1.30391
1.29188
1.27763
1.26295
1.24943
1.23861
1.23166
1.22909
1.23025
1.23361
1.23736
1.23992
1.24005
1.23703
1.23043
1.21985
1.20506
1.18636
1.16484
1.14266
1.12294
1.10909
1.10363
1.10723
1.11863
1.1354
1.15512
1.17606
1.19699
1.2168
1.23413
1.24743
1.2556
1.25835
1.25639
1.25075
1.24238
1.23191
1.21997
1.20775
1.19732
1.19121
1.19162
1.19944
1.21356
1.23083
1.24725
1.2591
1.26398
1.26097
1.25056
1.23436
1.21458
1.19386
1.17477
1.15944
1.14936
1.1454
1.148
1.15716
1.17238
1.19244
1.21533
1.2387
1.26032
1.27824
1.29104
1.29763
1.2974
1.29021
1.27652
1.25762
1.23538
1.21195
1.18943
1.16951
1.15322
1.14085
1.132
1.12598
1.12222
1.12071
1.12206
1.12688
1.13504
1.14522
1.15508
1.16232
1.16578
1.16583
1.16388
1.1617
1.16073
1.1617
1.16496
1.17054
1.17831
1.1878
1.19798
1.20736
1.21447
1.21813
1.21757
1.21234
1.20236
1.18813
1.17096
1.15315
1.13783
1.12849
1.12821
1.13871
1.15971
1.18913
1.22355
1.25867
1.29007
1.31367
1.32654
1.32736
1.3167
1.29681
1.27102
1.2431
1.2166
1.19465
1.17946
1.17197
1.1716
1.17636
1.18335
1.18981
1.19372
1.19422
1.19154
1.18662
1.1808
1.17584
1.17356
1.17545
1.18187
1.19163
1.2022
1.21076
1.21517
1.21438
1.20852
1.19856
1.18615
1.17325
1.16216
1.15534
1.15506
1.16264
1.17723
1.19561
1.21301
1.2248
1.22812
1.22286
1.21148
1.19783
1.1858
1.17809
1.17568
1.17813
1.18448
1.19396
1.20606
1.22022
1.23556
1.25079
1.26415
1.27327
1.27566
1.26941
1.2541
1.23124
1.20415
1.17736
1.15582
1.14358
1.14229
1.15098
1.16649
1.18451
1.20091
1.21242
1.21705
1.21426
1.20521
1.19291
1.18209
1.17783
1.18282
1.19567
1.21197
1.22707
1.23815
1.2443
1.2458
1.24331
1.23747
1.22898
1.21902
1.20953
1.20274
1.2006
1.20391
1.21172
1.22172
1.23083
1.23633
1.23652
1.23105
1.22096
1.20852
1.19696
1.1898
1.18961
1.19666
1.20846
1.22064
1.22875
1.22959
1.22194
1.20635
1.18494
1.16097
1.13834
1.12086
1.11144
1.11139
1.12018
1.13595
1.15613
1.17806
1.19922
1.21765
1.23181
1.2405
1.24298
1.2391
1.2293
1.21471
1.19704
1.17832
1.16075
1.14633
1.13636
1.13131
1.13065
1.13293
1.13607
1.13804
1.13733
1.13334
1.12659
1.11836
1.11062
1.10576
1.10616
1.11355
1.1283
1.14917
1.1736
1.19862
1.22178
1.24163
1.25755
1.26927
1.27657
1.27926
1.27741
1.27159
1.26311
1.25382
1.2455
1.23881
1.23258
1.22411
1.21055
1.1908
1.16674
1.14349
1.12793
1.12566
1.13784
1.16087
1.18897
1.21735
1.24328
1.26548
1.2832
1.29567
1.3024
1.30327
1.29827
1.28728
1.26997
1.24613
1.21636
1.18306
1.1508
1.12574
1.11349
1.11663
1.13334
1.15847
1.18589
1.21085
1.23058
1.24408
1.25148
1.25329
1.25003
1.24219
1.23038
1.21552
1.19854
1.18042
1.16214
1.14469
1.12854
1.11347
1.09897
1.08516
1.07341
1.06592
1.06469
1.07046
1.08257
1.09981
1.12111
1.14557
1.17202
1.19878
1.22416
1.24676
1.26591
1.28163
1.29415
1.30366
1.30995
1.31206
1.30865
1.29846
1.28141
1.25902
1.23418
1.21039
1.19071
1.1772
1.17062
1.17087
1.17715
1.18812
1.20213
1.21713
1.23081
1.24098
1.24601
1.24483
1.23716
1.22357
1.20546
1.18487
1.1645
1.14707
1.13471
1.12832
1.12738
1.13031
1.13525
1.14101
1.14745
1.15551
1.16689
1.1828
1.20291
1.22479
1.24473
1.25915
1.26571
1.26342
1.25247
1.23407
1.21088
1.18684
1.16623
1.15211
1.14526
1.14462
1.14858
1.15633
1.16802
1.18383
1.20316
1.2242
1.24455
1.26225
1.27632
1.28672
1.29395
1.29865
1.30101
1.30079
1.29751
1.29059
1.27964
1.26458
1.24592
1.22475
1.2026
1.18132
1.16287
1.1489
1.14019
1.13657
1.13694
1.13962
1.14306
1.14617
1.14876
1.15138
1.15518
1.16139
1.17101
1.18426
1.20051
1.21802
1.23435
1.247
1.25418
1.25534
1.25125
1.24372
1.23489
1.22651
1.21942
1.21344
1.20769
1.20108
1.19273
1.182
1.16874
1.15356
1.13788
1.12384
1.11381
1.10998
1.11343
1.12387
1.13957
1.15785
1.17572
1.19059
1.20087
1.20647
1.20882
1.21027
1.21326
1.21915
1.22796
1.23835
1.24844
1.2564
1.26094
1.26162
1.25875
1.25327
1.24644
1.23949
1.23325
1.22778
1.2225
1.21652
1.20904
1.19992
1.18996
1.18086
1.17457
1.17265
1.17579
1.18373
1.1954
1.20922
1.2232
1.23536
1.24394
1.24785
1.24705
1.2424
1.23537
1.22736
1.21924
1.21128
1.20386
1.19734
1.19226
1.18898
1.1876
1.18785
1.18897
1.18957
1.18793
1.1831
1.17547
1.16732
1.16198
1.16207
1.16806
1.17785
1.18817
1.19627
1.20096
1.2026
1.20231
1.20088
1.19865
1.19577
1.19276
1.19062
1.19039
1.19298
1.19864
1.20695
1.21716
1.22839
1.23972
1.25024
1.2589
1.26446
1.26582
1.2624
1.25481
1.24472
1.23463
1.2269
1.22289
1.22233
1.22333
1.2232
1.2194
1.21029
1.19595
1.17846
1.16137
1.14874
1.14369
1.14714
1.15763
1.1722
1.18755
1.20102
1.21107
1.21715
1.21922
1.21711
1.2104
1.19903
1.18459
1.17102
1.16312
1.16363
1.17157
1.18366
1.1973
1.21172
1.22712
1.24354
1.26026
1.27578
1.28809
1.29512
1.29516
1.28738
1.2722
1.251
1.22582
1.19893
1.17274
1.14964
1.13193
1.12144
1.11897
1.12369
1.13299
1.14343
1.15203
1.15722
1.15907
1.15887
1.15846
1.15961
1.16366
1.17147
1.18312
1.19791
1.21427
1.22985
1.24196
1.24824
1.24764
1.24071
1.22921
1.21549
1.20181
1.19012
1.18208
1.17915
1.18246
1.19227
1.20779
1.22711
1.24761
1.26618
1.27968
1.28544
1.28167
1.26798
1.24554
1.21705
1.18647
1.15794
1.13494
1.11951
1.11207
1.11153
1.11622
1.12464
1.13585
1.14945
1.16502
1.18163
1.19777
1.21171
1.22197
1.22775
1.22915
1.22731
1.22421
1.22221
1.22331
1.2283
1.23627
1.24486
1.25091
1.25136
1.24444
1.23043
1.21185
1.19296
1.17794
1.1692
1.1667
1.16874
1.17359
1.18035
1.18884
1.19884
1.20956
1.21979
1.22844
1.23491
1.23913
1.24106
1.24047
1.23668
1.22899
1.21705
1.20128
1.18314
1.16487
1.14923
1.13861
1.13439
1.13651
1.14381
1.15471
1.1677
1.18175
1.19603
1.2097
1.22193
1.23188
1.23917
1.24388
1.24646
1.24743
1.24696
1.24485
1.24054
1.23351
1.22366
1.21155
1.19818
1.18479
1.17246
1.16199
1.15401
1.14888
1.14686
1.14794
1.15182
1.15792
1.16557
1.17423
1.18356
1.19359
1.20469
1.2172
1.23086
1.24458
1.25659
1.26499
1.26871
1.26765
1.26262
1.25496
1.24601
1.23679
1.22779
1.21891
1.20969
1.19956
1.18836
1.1768
1.1665
1.15954
1.15751
1.16094
1.1694
1.1817
1.19597
1.20961
1.21957
1.22302
1.21806
1.20419
1.18231
1.15422
1.12221
1.08897
1.05813
1.03419
1.02204
1.02557
1.04626
1.08256
1.13033
1.18412
1.23816
1.28696
1.32574
1.35089
1.36036
1.35419
1.33475
1.30651
1.27511
1.24617
1.22437
1.21257
1.21168
1.22069
1.23705
1.25742
1.27818
1.29573
1.30659
1.30776
1.29697
1.27325
1.23741
1.19249
1.14383
1.09837
1.06327
1.04381
1.04183
1.05529
1.07933
1.10829
1.13742
1.16386
1.18671
1.20625
1.22272
1.23599
1.24544
1.2506
1.25182
1.25039
1.24847
1.24846
1.25214
1.26001
1.27058
1.28078
1.28674
1.28541
1.27561
1.25856
1.23725
1.21543
1.19664
1.18348
1.17719
1.17767
1.18374
1.19369
1.20578
1.21853
1.23076
1.2411
1.24749
1.24708
1.23676
1.21446
1.18072
1.13957
1.09826
1.0652
1.0473
1.04815
1.06735
1.10124
1.14443
1.19129
1.23694
1.27762
1.31077
1.33459
1.34796
1.35025
1.34146
1.32278
1.29682
1.26757
1.23982
1.21793
1.20497
1.20174
1.20667
1.21635
1.22643
1.23256
1.23124
1.22048
1.20017
1.17228
1.14051
1.10949
1.08367
1.06641
1.0595
1.06299
1.0753
1.09335
1.1135
1.13246
1.14784
1.15823
1.16317
1.16322
1.16004
1.15557
1.15102
1.14683
1.14361
1.14276
1.14607
1.15514
1.17065
1.19204
1.21752
1.24437
1.26944
1.28981
1.30312
1.30767
1.30257
1.28799
1.26525
1.23676
1.20584
1.17628
1.15182
1.13527
1.12839
1.13178
1.14541
1.16868
1.19994
1.2361
1.27269
1.30486
1.32826
1.33986
1.33831
1.32404
1.29944
1.26893
1.23786
1.21043
1.18752
1.16668
1.14452
1.11924
1.0928
1.07111
1.0617
1.06857
1.08926
1.11734
1.1473
1.1766
1.20472
1.23165
1.25705
1.28001
1.29916
1.31333
1.32153
1.32326
1.31855
1.30796
1.29262
1.27399
1.25348
1.23243
1.21196
1.19285
1.17574
1.16113
1.14973
1.14262
1.14098
1.14561
1.1563
1.17169
1.18976
1.20807
1.22419
1.23604
1.24237
1.24303
1.23904
1.23225
1.22457
1.21772
1.21286
1.21047
1.21038
1.21185
1.21382
1.2153
1.21575
1.21523
1.21418
1.21323
1.21294
1.21379
1.21577
1.21827
1.21986
1.21857
1.21257
1.20081
1.18361
1.16271
1.14098
1.12167
1.1076
1.1005
1.10073
1.10748
1.11899
1.13291
1.14671
1.15785
1.16416
1.16431
1.15808
1.14673
1.13315
1.12149
1.11604
1.11965
1.13235
1.15128
1.1721
1.1907
1.2041
1.21096
1.21124
1.206
1.19707
1.18677
1.17758
1.17145
1.16963
1.17251
1.17999
1.19152
1.20623
1.22283
1.23968
1.25535
1.26924
1.28179
1.29399
1.30623
1.31752
1.32544
1.32712
1.3205
1.30488
1.2809
1.2502
1.21522
1.17916
1.14574
1.11835
1.09906
1.08832
1.08524
1.08839
1.09645
1.10811
1.12177
1.13553
1.14777
1.1579
1.16679
1.17639
1.1887
1.20463
1.22364
1.24416
1.26409
1.28148
1.29497
1.30424
1.30995
1.31296
1.3132
1.30901
1.29809
1.27894
1.25185
1.2189
1.18344
1.14918
1.11948
1.09687
1.08276
1.07732
1.07995
1.08987
1.1067
1.1302
1.15865
1.18776
1.21142
1.22473
1.22635
1.21867
1.20626
1.19382
1.18443
1.17908
1.17708
1.17697
1.17736
1.17755
1.1778
1.17909
1.18278
1.18994
1.20128
1.21675
1.23541
1.25546
1.27448
1.28996
1.29966
1.30205
1.29658
1.28379
1.26497
1.242
1.2172
1.19306
1.17194
1.15562
1.14499
1.13983
1.13921
1.14173
1.14602
1.15085
1.15513
1.15798
1.15895
1.1585
1.15812
1.1599
1.16557
1.1754
1.18808
1.20147
1.21363
1.22311
1.22895
1.23067
1.22806
1.22132
1.21119
1.19912
1.18736
1.17863
1.17575
1.18081
1.19448
1.21573
1.24191
1.26926
1.29368
1.31152
1.32021
1.31856
1.3069
1.28695
1.26139
1.23308
1.20441
1.1773
1.15353
1.13532
1.12513
1.12489
1.13492
1.15353
1.17736
1.2027
1.22636
1.24625
1.2611
1.27007
1.27268
1.26889
1.25943
1.24562
1.22933
1.21253
1.19712
1.18477
1.1766
1.17317
1.17448
1.18017
1.18901
1.19872
1.20614
1.20849
1.20437
1.19429
1.18014
1.16449
1.15003
1.139
1.13299
1.13251
1.13703
1.14529
1.15622
1.1696
1.18581
1.20509
1.22697
1.24986
1.27148
1.28931
1.30124
1.30608
1.30391
1.29618
1.28531
1.27409
1.26499
1.25959
1.25823
1.26008
1.26338
1.26608
1.26634
1.26295
1.2555
1.24402
1.22847
1.2088
1.18565
1.16138
1.14043
1.12772
1.12548
1.13125
1.13962
1.14575
1.14766
1.14665
1.14618
1.15002
1.16022
1.17616
1.19472
1.21168
1.22339
1.22766
1.22447
1.216
1.20632
1.20034
1.20174
1.21115
1.22534
1.23845
1.24464
1.24058
1.22647
1.20561
1.18284
1.163
1.14942
1.14319
1.14321
1.14706
1.15196
1.15582
1.15768
1.15797
1.1582
1.1601
1.16474
1.17221
1.18168
1.19215
1.20318
1.2148
1.22723
1.24014
1.25236
1.26193
1.26674
1.26537
1.25812
1.24698
1.2352
1.22608
1.22186
1.22324
1.2293
1.23811
1.24746
1.25529
1.26028
1.26172
1.25965
1.25473
1.24789
1.24003
1.23199
1.22443
1.21765
1.21157
1.20583
1.19999
1.19358
1.18612
1.1775
1.16798
1.15831
1.14957
1.14287
1.13933
1.13989
1.14518
1.15505
1.16849
1.18331
1.19666
1.2057
1.20838
1.2041
1.19386
1.18005
1.16586
1.15431
1.14775
1.14766
1.15444
1.16749
1.18504
1.20443
1.22237
1.23569
1.24222
1.24119
1.23345
1.22101
1.20656
1.19301
1.183
1.17887
1.1822
1.19338
1.2115
1.23423
1.25819
1.27942
1.29408
1.29923
1.29334
1.2766
1.25076
1.21878
1.18443
1.15191
1.12553
1.10915
1.10605
1.11834
1.14604
1.18641
1.2342
1.28279
1.32581
1.35821
1.37679
1.38016
1.36866
1.3442
1.31008
1.27014
1.2282
1.18727
1.14977
1.11819
1.09537
1.08404
1.08583
1.10039
1.12542
1.15729
1.19191
1.22526
1.25391
1.27541
1.28873
1.29403
1.29223
1.28451
1.27173
1.25462
1.23366
1.20973
1.1846
1.16125
1.14333
1.13383
1.1337
1.14118
1.15267
1.1645
1.17412
1.18056
1.1843
1.18669
1.1895
1.19449
1.20266
1.21356
1.22507
1.23418
1.23825
1.23599
1.22781
1.21539
1.20096
1.18655
1.17378
1.16379
1.15716
1.15434
1.15587
1.16222
1.17325
1.18766
1.20323
1.21751
1.22889
1.23692
1.24202
1.24466
1.24467
1.24127
1.2337
1.22184
1.20683
1.19113
1.17777
1.16962
1.16843
1.1744
1.18611
1.20129
1.21751
1.23248
1.24393
1.24955
1.24752
1.23743
1.22066
1.20037
1.18068
1.16544
1.15725
1.15725
1.16528
1.17996
1.19881
1.21845
1.23536
1.24685
1.25184
1.25078
1.24517
1.23688
1.22754
1.21852
1.21099
1.20573
1.20311
1.20319
1.206
1.21142
1.21907
1.22824
1.23775
1.24596
1.2511
1.25169
1.24679
1.23608
1.21991
1.19929
1.17603
1.15292
1.13329
1.12012
1.11495
1.11739
1.12538
1.13609
1.14663
1.15504
1.16048
1.1633
1.16454
1.16581
1.16899
1.17617
1.18945
1.21015
1.23782
1.26976
1.30142
1.3276
1.34407
1.34848
1.3406
1.3223
1.29657
1.26678
1.23603
1.2071
1.18269
1.16564
1.15837
1.16234
1.1773
1.20088
1.22903
1.25648
1.27782
1.28841
1.28557
1.26939
1.24295
1.21167
1.18151
1.15683
1.13935
1.12853
1.12299
1.12141
1.12298
1.12746
1.13494
1.14548
1.15905
1.17507
1.1926
1.21019
1.22602
1.23825
1.24509
1.24533
1.23884
1.22714
1.21368
1.20306
1.19929
1.20403
1.21597
1.23163
1.24655
1.25655
1.25868
1.25149
1.23504
1.21053
1.17994
1.14607
1.11255
1.0835
1.06298
1.05406
1.05824
1.07535
1.10392
1.14154
1.18475
1.22923
1.27019
1.30329
1.32524
1.33429
1.3302
1.31409
1.28812
1.25511
1.21846
1.18205
1.14978
1.1253
1.11148
1.11
1.1211
1.14345
1.17418
1.20907
1.24303
1.27109
1.28942
1.2962
1.29177
1.27836
1.25928
1.23779
1.21635
1.19645
1.17881
1.16425
1.15399
1.14885
1.14915
1.1546
1.16471
1.17903
1.19664
1.21559
1.23313
1.24633
1.25324
1.25356
1.24847
1.23971
1.22855
1.21533
1.19994
1.18256
1.16405
1.14604
1.1305
1.11922
1.11299
1.11119
1.1121
1.11379
1.11525
1.11709
1.12175
1.13291
1.15409
1.18716
1.23091
1.28131
1.33268
1.3792
1.41608
1.4402
1.45002
1.44532
1.42686
1.39616
1.35536
1.30735
1.25577
1.20462
1.15819
1.12071
1.09602
1.08661
1.09267
1.11162
1.13862
1.16784
1.19379
1.21229
1.22074
1.21823
1.20536
1.18408
1.15765
1.13044
1.10787
1.09529
1.0961
1.11024
1.13414
1.16262
1.19092
1.216
1.23672
1.25337
1.26717
1.27975
1.29235
1.3054
1.3184
1.33003
1.33876
1.34303
1.34185
1.33472
1.32138
1.30168
1.27543
1.24258
1.20349
1.15929
1.11241
1.06643
1.02602
0.996406
0.98236
0.987081
1.01109
1.05168
1.10338
1.15932
1.21294
1.25932
1.29573
1.32117
1.33551
1.33873
1.3311
1.31378
1.28928
1.26129
1.23343
1.20858
1.18864
1.17511
1.1696
1.1735
1.18671
1.207
1.23077
1.25449
1.27527
1.29056
1.29793
1.29554
1.28268
1.26043
1.23153
1.19956
1.16861
1.14285
1.12608
1.12048
1.12549
1.13831
1.15536
1.17344
1.19029
1.2041
1.21349
1.21745
1.21557
1.20837
1.1975
1.1856
1.17583
1.17076
1.1715
1.17793
1.1893
1.20483
1.22394
1.24615
1.27067
1.29596
1.31959
1.33849
1.35
1.35252
1.34509
1.32711
1.29857
1.26092
1.21751
1.17316
1.13306
1.10148
1.08097
1.07194
1.07323
1.08275
1.09825
1.11787
1.14032
1.16459
1.18935
1.21233
1.23057
1.24114
1.24204
1.23306
1.21614
1.1948
1.17297
1.15395
1.13982
1.1314
1.12861
1.13063
1.13603
1.14318
1.15061
1.1578
1.16535
1.1748
1.18811
1.20678
1.23084
1.25849
1.2864
1.31064
1.32775
1.33566
1.33367
1.32224
1.30262
1.27679
1.24778
1.22
1.19892
1.18994
1.19617
1.21672
1.24663
1.27886
1.30669
1.32529
1.33225
1.3272
1.31107
1.28631
1.25702
1.22893
1.20779
1.19666
1.19413
1.19547
1.1952
1.18909
1.17506
1.15374
1.12824
1.10322
1.08333
1.07176
1.06952
1.0754
1.08689
1.10128
1.11638
1.13099
1.14495
1.15874
1.17327
1.18924
1.20703
1.22646
1.24671
1.26652
1.28413
1.29763
1.30545
1.30696
1.30249
1.29337
1.28152
1.26877
1.25606
1.24344
1.23011
1.21509
1.19777
1.17857
1.15904
1.14127
1.12706
1.11757
1.11328
1.11468
1.1225
1.13736
1.15889
1.18512
1.21274
1.23809
1.25822
1.27183
1.27939
1.28282
1.28401
1.28383
1.28185
1.27702
1.26873
1.2576
1.24545
1.23499
1.22913
1.22968
1.23632
1.2463
1.25545
1.25959
1.25593
1.24383
1.22476
1.20176
1.17872
1.15941
1.14684
1.14263
1.14674
1.15739
1.17145
1.18524
1.19523
1.19922
1.19695
1.19033
1.18283
1.17812
1.17882
1.18517
1.19493
1.20447
1.21052
1.2115
1.20785
1.20151
1.19474
1.18924
1.18589
1.18485
1.18637
1.19064
1.19763
1.20659
1.21612
1.22462
1.23101
1.23519
1.23792
1.24041
1.2436
1.24773
1.25239
1.25667
1.25959
1.26024
1.25752
1.25014
1.23696
1.21735
1.19186
1.16232
1.13179
1.10391
1.08193
1.06785
1.06205
1.06334
1.06968
1.07875
1.08879
1.0991
1.11024
1.12366
1.14107
1.16333
1.18989
1.21858
1.24613
1.26939
1.286
1.29496
1.29652
1.29215
1.28363
1.27271
1.2605
1.24752
1.23384
1.21943
1.20465
1.19051
1.17841
1.17008
1.167
1.16989
1.17849
1.1914
1.20633
1.22055
1.23133
1.23637
1.23417
1.22447
1.20806
1.18702
1.16442
1.14401
1.12938
1.12309
1.12579
1.13601
1.15065
1.16616
1.18018
1.19202
1.2023
1.21175
1.22064
1.22896
1.23674
1.24402
1.25009
1.25337
1.25209
1.24537
1.23386
1.21944
1.20437
1.19072
1.17989
1.17297
1.1707
1.17357
1.18166
1.19425
1.20978
1.2261
1.24086
1.25191
1.25751
1.25667
1.24912
1.23543
1.21706
1.19612
1.17498
1.15583
1.1404
1.1298
1.12462
1.12486
1.13017
1.13986
1.15298
1.16848
1.18531
1.20265
1.21998
1.23725
1.2542
1.27018
1.28378
1.29333
1.29747
1.29565
1.28832
1.27669
1.26242
1.247
1.23166
1.21721
1.20405
1.1923
1.18201
1.17343
1.16699
1.16282
1.16031
1.15805
1.15447
1.14886
1.14247
1.13875
1.14228
1.1564
1.18111
1.21276
1.24568
1.27446
1.29534
1.30674
1.30902
1.304
1.29432
1.28269
1.27106
1.26044
1.25116
1.24312
1.23619
1.23035
1.22554
1.22129
1.21645
1.20933
1.19829
1.18264
1.16345
1.14367
1.1272
1.11743
1.1159
1.12193
1.1328
1.14477
1.15426
1.15863
1.15682
1.14941
1.13845
1.12674
1.11714
1.11176
1.11169
1.11711
1.12746
1.14163
1.15825
1.17579
1.19258
1.20685
1.21734
1.22369
1.22662
1.22744
1.22729
1.22662
1.22517
1.22213
1.21669
1.20834
1.19713
1.18386
1.16995
1.15751
1.149
1.14659
1.1516
1.164
1.18235
1.20431
1.22738
1.24935
1.26845
1.28316
1.29207
1.29394
1.28787
1.27345
1.2511
1.22223
1.18964
1.15729
1.12973
1.11125
1.105
1.11209
1.13116
1.15882
1.19079
1.22308
1.25235
1.27591
1.29155
1.29777
1.29423
1.28183
1.26265
1.23967
1.21641
1.19612
1.18109
1.17215
1.16892
1.17056
1.17649
1.18656
1.20059
1.21741
1.23462
1.24899
1.25742
1.25772
1.24939
1.23356
1.21281
1.19048
1.16993
1.15406
1.14501
1.14406
1.15161
1.16733
1.19014
1.21788
1.24709
1.27338
1.29225
1.30044
1.29693
1.28372
1.26559
1.24784
1.23316
1.22066
1.208
1.19394
1.17875
1.16353
1.1497
1.13861
1.1311
1.12753
1.12754
1.13037
1.13517
1.14124
1.14803
1.155
1.16146
1.16672
1.17029
1.17223
1.17304
1.1735
1.17448
1.17675
1.18084
1.18689
1.19473
1.20395
1.21407
1.22429
1.23347
1.24034
1.24411
1.24457
1.24228
1.2384
1.23432
1.23145
1.23075
1.23225
1.23501
1.23771
1.23929
1.23966
1.23961
1.23997
1.24109
1.24258
1.24352
1.24296
1.24056
1.2366
1.23188
1.22711
1.22256
1.21808
1.21351
1.20897
1.20497
1.20243
1.20215
1.20424
1.20779
1.21103
1.21209
1.20975
1.20379
1.19479
1.18354
1.17071
1.15676
1.1425
1.12909
1.11803
1.11068
1.10807
1.1108
1.11898
1.13207
1.14871
1.16672
1.18362
1.19715
1.20548
1.20771
1.20401
1.19585
1.18579
1.17664
1.17065
1.16864
1.16981
1.17243
1.17484
1.17597
1.17541
1.17309
1.16948
1.16558
1.16306
1.16362
1.16841
1.17778
1.19133
1.20813
1.22707
1.24696
1.2666
1.28488
1.30058
1.31239
1.31899
1.31929
1.31259
1.29892
1.27891
1.25392
1.22573
1.19643
1.16818
1.14303
1.123
1.10987
1.10438
1.10564
1.11156
1.11987
1.12915
1.13926
1.151
1.16543
1.18298
1.20268
1.22199
1.23748
1.24611
1.24637
1.23879
1.22573
1.21028
1.19516
1.18228
1.17265
1.16685
1.16534
1.16848
1.17611
1.18712
1.2
1.21356
1.22736
1.24156
1.25626
1.27105
1.28473
1.29545
1.30104
1.29948
1.28939
1.27106
1.24667
1.21943
1.19229
1.16711
1.14521
1.1286
1.12018
1.12265
1.13706
1.16182
1.19271
1.22396
1.24994
1.26672
1.27311
1.27083
1.26356
1.25515
1.24797
1.24212
1.2361
1.22811
1.21731
1.2042
1.19016
1.1768
1.16502
1.15515
1.14717
1.14103
1.13688
1.13517
1.13652
1.14171
1.15126
1.16529
1.18304
1.20267
1.22137
1.23642
1.24598
1.24942
1.24724
1.24044
1.22995
1.21659
1.20123
1.18485
1.16859
1.15357
1.1407
1.1308
1.12481
1.12377
1.1285
1.13898
1.15406
1.17138
1.18802
1.20113
1.20885
1.21075
1.2081
1.20378
1.20159
1.20492
1.21525
1.23152
1.2507
1.26886
1.28275
1.29031
1.29074
1.28396
1.27056
1.25181
1.22989
1.20774
1.18895
1.17685
1.17363
1.17916
1.19086
1.20452
1.2162
1.22367
1.22679
1.22681
1.22547
1.22415
1.22339
1.22276
1.2214
1.21902
1.21656
1.21594
1.21864
1.22456
1.23162
1.23682
1.23741
1.23217
1.22157
1.20752
1.19306
1.18173
1.17655
1.17889
1.18767
1.19985
1.21199
1.22151
1.22693
1.2274
1.22221
1.21084
1.19328
1.17074
1.14586
1.12272
1.10603
1.0995
1.10446
1.11929
1.14038
1.16376
1.18653
1.2072
1.22494
1.23875
1.24692
1.24777
1.24017
1.2241
1.2009
1.17307
1.14408
1.11795
1.09835
1.08811
1.08879
1.10071
1.12269
1.15213
1.18513
1.21732
1.24476
1.26468
1.27568
1.27745
1.27083
1.25762
1.24045
1.22253
1.20726
1.19779
1.19617
1.2029
1.21701
1.23633
1.25808
1.27934
1.2977
1.31148
1.31963
1.32176
1.31793
1.30841
1.29364
1.27396
1.24973
1.22169
1.19111
1.16019
1.1317
1.1087
1.09385
1.08895
1.09439
1.10894
1.12998
1.1541
1.17761
1.19701
1.20944
1.21315
1.20783
1.19496
1.1776
1.15964
1.14454
1.13429
1.12903
1.12758
1.12844
1.13078
1.13465
1.14076
1.15017
1.16375
1.18184
1.20411
1.22937
1.2556
1.28013
1.29991
1.31209
1.31437
1.30567
1.28638
1.25877
1.22696
1.19614
1.17139
1.15624
1.15181
1.15702
1.16947
1.18628
1.20474
1.22271
1.23862
1.25138
1.26032
1.26502
1.26517
1.26067
1.25165
1.23842
1.22147
1.20174
1.18071
1.16035
1.14301
1.13116
1.12697
1.13154
1.14421
1.16237
1.1823
1.20083
1.21652
1.22903
1.23788
1.24228
1.24183
1.23718
1.22959
1.22047
1.21076
1.20091
1.19105
1.18107
1.17064
1.15935
1.14701
1.134
1.12204
1.11376
1.11156
1.116
1.12567
1.13853
1.15309
1.16893
1.18615
1.20499
1.22564
1.2479
1.27087
1.29274
1.31132
1.32495
1.33276
1.33437
1.32925
1.31702
1.29846
1.27611
1.25358
1.23413
1.21939
1.20908
1.20186
1.19658
1.19275
1.19023
1.18847
1.18607
1.1811
1.1718
1.15762
1.13997
1.12275
1.11143
1.11119
1.12415
1.14803
1.17714
1.20489
1.2262
1.23858
1.24214
1.2388
1.23142
1.22289
1.21578
1.21201
1.21262
1.21745
1.22524
1.234
1.24156
1.24609
1.24648
1.24243
1.23469
1.22505
1.21598
1.20968
1.20726
1.20831
1.21123
1.21405
1.21505
1.21287
1.20665
1.19601
1.18134
1.16404
1.1464
1.13131
1.12146
1.11866
1.12331
1.13446
1.15011
1.16767
1.18459
1.19868
1.20862
1.21398
1.21506
1.21265
1.20777
1.2015
1.19485
1.18879
1.18443
1.18291
1.18514
1.19154
1.20167
1.2143
1.22801
1.24186
1.25568
1.26975
1.28385
1.29676
1.30635
1.31052
1.30808
1.29917
1.28524
1.2685
1.25108
1.23462
1.22001
1.20762
1.19725
1.18815
1.17916
1.16896
1.15648
1.14144
1.1245
1.10732
1.0919
1.07989
1.07217
1.06911
1.07085
1.07749
1.08886
1.10442
1.12333
1.14458
1.16709
1.18956
1.21075
1.22989
1.24702
1.26311
1.2792
1.29535
1.31006
1.32088
1.3255
1.32258
1.3122
1.2958
1.27574
1.25446
1.2339
1.21508
1.19819
1.18281
1.16845
1.15469
1.14169
1.13041
1.12229
1.11836
1.11836
1.12033
1.1214
1.11923
1.11328
1.10535
1.09898
1.09831
1.10623
1.12341
1.14811
1.17708
1.20688
1.23467
1.25857
1.27747
1.29101
1.29935
1.30276
1.30135
1.29525
1.28512
1.27248
1.25951
1.24849
1.24112
1.23814
1.23912
1.24283
1.24779
1.25248
1.25568
1.25659
1.25487
1.25051
1.24347
1.23375
1.22144
1.2069
1.19102
1.1749
1.15945
1.14484
1.13097
1.1181
1.10721
1.09971
1.09652
1.09765
1.10255
1.11063
1.12173
1.13592
1.15314
1.17284
1.19394
1.2151
1.23486
1.25174
1.2644
1.2717
1.2729
1.26754
1.25565
1.23796
1.21624
1.19334
1.17287
1.15819
1.15127
1.15226
1.15966
1.17108
1.18409
1.19669
1.2076
1.21603
1.22159
1.22411
1.22367
1.22055
1.2157
1.21067
1.20728
1.20683
1.20902
1.21181
1.21257
1.20945
1.20218
1.19166
1.17944
1.16722
1.15678
1.15019
1.14977
1.15743
1.17363
1.19647
1.22211
1.24609
1.26472
1.27599
1.27967
1.27698
1.26995
1.26078
1.2511
1.24145
1.23148
1.22064
1.20891
1.19717
1.18684
1.17933
1.17521
1.17384
1.1736
1.1724
1.16812
1.15914
1.14521
1.12827
1.11234
1.10199
1.09957
1.1042
1.11325
1.12441
1.13659
1.14952
1.16322
1.17803
1.19454
1.21357
1.23567
1.26045
1.28632
1.31051
1.3297
1.3409
1.34194
1.33194
1.31168
1.28359
1.25159
1.22039
1.19437
1.17617
1.16616
1.16258
1.16255
1.16292
1.16128
1.15633
1.14829
1.13873
1.13021
1.12538
1.12613
1.13289
1.14442
1.15845
1.17245
1.18443
1.19342
1.19969
1.2044
1.20876
1.2131
1.21669
1.21852
1.21845
1.21767
1.21827
1.22231
1.23085
1.24352
1.25859
1.27367
1.28666
1.29612
1.30132
1.30202
1.29865
1.29214
1.28391
1.27527
1.26665
1.2576
1.24726
1.23503
1.22092
1.20563
1.19028
1.17602
1.16368
1.1535
1.1454
1.13891
1.13353
1.12893
1.12515
1.12247
1.12125
1.12199
1.12511
1.13076
1.13879
1.14868
1.15974
1.17099
1.18121
1.18917
1.19391
1.19517
1.19328
1.18904
1.18347
1.17766
1.17269
1.16941
1.16828
1.16947
1.17296
1.17885
1.1872
1.19788
1.2103
1.22337
1.23569
1.24585
1.25296
1.2568
1.25807
1.25795
1.25744
1.25678
1.25512
1.25091
1.24285
1.2308
1.21607
1.20087
1.18774
1.17866
1.17476
1.1761
1.18169
1.18981
1.19817
1.20442
1.20654
1.20333
1.19457
1.1809
1.16381
1.14523
1.12718
1.11147
1.09973
1.09342
1.09383
1.10189
1.11759
1.13983
1.16661
1.19533
1.22339
1.24831
1.26807
1.28144
1.28827
1.2896
1.28743
1.28416
1.28188
1.28173
1.28347
1.28577
1.28701
1.28609
1.28277
1.2773
1.2701
1.26152
1.25183
1.24127
1.23002
1.21832
1.20639
1.19441
1.18258
1.17117
1.16053
1.15084
1.14201
1.13377
1.12587
1.11833
1.11177
1.1073
1.10653
1.11121
1.1228
1.14191
1.16786
1.19841
1.23007
1.25856
1.27982
1.29086
1.29056
1.28037
1.26416
1.2473
1.23508
1.23053
1.23274
1.23768
1.24042
1.23759
1.2286
1.21508
1.1994
1.18305
1.16623
1.14837
1.12927
1.1099
1.09262
1.08046
1.07611
1.08052
1.09216
1.10717
1.12089
1.12972
1.13236
1.12996
1.12539
1.12192
1.12235
1.12867
1.1422
1.16397
1.1945
1.23295
1.27665
1.32127
1.36191
1.39392
1.41381
1.41976
1.41182
1.39173
1.36252
1.32792
1.2919
1.25849
1.2315
1.21414
1.20784
1.21151
1.22145
1.23242
1.23961
1.23979
1.23176
1.21603
1.19397
1.16729
1.13773
1.10727
1.07868
1.05534
1.0405
1.03635
1.04328
1.05958
1.08223
1.10757
1.1322
1.15336
1.16942
1.18009
1.1868
1.1924
1.20021
1.21259
1.22977
1.24962
1.26838
1.28222
1.28851
1.28663
1.27775
1.26434
1.24916
1.23481
1.22361
1.21767
1.2184
1.22544
1.23605
1.24599
1.25127
1.24986
1.24199
1.22967
1.21554
1.20198
1.1908
1.18307
1.17908
1.17858
1.18093
1.1856
1.19253
1.20186
1.21351
1.22682
1.24037
1.25246
1.26152
1.26646
1.26682
1.26293
1.25589
1.24741
1.23925
1.23274
1.22852
1.22657
1.22642
1.22749
1.22934
1.23195
1.23514
1.23818
1.23964
1.23793
1.23192
1.22137
1.20669
1.18865
1.16808
1.14601
1.12381
1.10349
1.08759
1.07847
1.07732
1.0835
1.09505
1.10981
1.12602
1.14237
1.15759
1.17044
1.17989
1.18547
1.18757
1.18738
1.18662
1.18719
1.19062
1.19756
1.20766
1.21971
1.23188
1.24225
1.24979
1.25501
1.25979
1.26554
1.27171
1.27555
1.27387
1.26475
1.24813
1.22546
1.19926
1.17266
1.14912
1.13199
1.12389
1.12618
1.13857
1.15921
1.1851
1.21285
1.23923
1.26165
1.27819
1.2875
1.28871
1.28137
1.26548
1.24197
1.21278
1.1807
1.14882
1.12028
1.09774
1.08315
1.07725
1.07939
1.08751
1.09884
1.11081
1.12197
1.13234
1.14294
1.15475
1.16807
1.18236
1.1968
1.21088
1.22448
1.23771
1.25052
1.26256
1.2729
1.28048
1.28443
1.28423
1.27981
1.27135
1.2593
1.24452
1.2285
1.21326
1.20085
1.1927
1.18932
1.19049
1.19563
1.20384
1.21387
1.22411
1.23255
1.23722
1.2369
1.23138
1.22162
1.20938
1.19674
1.1856
1.17727
1.17205
1.16923
1.16775
1.16703
1.16737
1.16977
1.175
1.18269
1.19165
1.20035
1.20778
1.21344
1.21718
1.21901
1.21891
1.21701
1.21388
1.21052
1.20819
1.20791
1.21007
1.21384
1.21732
1.21799
1.21358
1.20277
1.18559
1.16356
1.13938
1.11633
1.09789
1.08716
1.08625
1.09567
1.11383
1.13747
1.16261
1.18582
1.205
1.21954
1.2301
1.23819
1.24566
1.25415
1.26451
1.2767
1.28981
1.30248
1.31306
1.32
1.32203
1.31849
1.30944
1.29548
1.27763
1.25699
1.23448
1.21101
1.18792
1.1671
1.15058
1.13999
1.13586
1.13791
1.14542
1.15769
1.174
1.19328
1.21391
1.23368
1.25026
1.26156
1.26592
1.26255
1.25153
1.23374
1.21047
1.18326
1.15367
1.12312
1.09293
1.0649
1.04186
1.02769
1.02626
1.03939
1.06544
1.09983
1.13703
1.17216
1.20181
1.22411
1.23859
1.24581
1.24712
1.24417
1.23851
1.23158
1.22477
1.2192
1.2156
1.21407
1.21424
1.21557
1.2177
1.22046
1.22354
1.22639
1.22834
1.22876
1.22714
1.22318
1.2169
1.20887
1.20041
1.1935
1.19039
1.19321
1.20332
1.22069
1.24386
1.27009
1.2958
1.31713
1.33035
1.33226
1.32085
1.29602
1.2601
1.21779
1.17561
1.14033
1.11693
1.10707
1.10908
1.11948
1.13483
1.15258
1.17119
1.18996
1.20814
1.22465
1.23797
1.24624
1.24801
1.24262
1.23045
1.21298
1.19262
1.17242
1.15547
1.14437
1.14085
1.14547
1.15749
1.17485
1.1945
1.21294
1.22698
1.2349
1.2366
1.23347
1.22778
1.22178
1.21706
1.21413
1.21254
1.21137
1.20958
1.20654
1.20228
1.19761
1.19375
1.19194
1.19282
1.19617
1.20084
1.20536
1.20828
1.20885
1.20705
1.20353
1.19918
1.19496
1.19181
1.19041
1.19109
1.19359
1.19703
1.19981
1.2002
1.19677
1.18902
1.17772
1.16494
1.15343
1.14602
1.14465
1.1497
1.15996
1.17306
1.18608
1.19638
1.20205
1.20225
1.19712
1.18774
1.17572
1.16267
1.1501
1.13945
1.13206
1.12916
1.13155
1.13932
1.15209
1.16919
1.18995
1.21367
1.23948
1.26608
1.29167
1.3138
1.32991
1.33746
1.33465
1.32078
1.29671
1.26495
1.22944
1.19509
1.16679
1.14837
1.14159
1.14585
1.15848
1.17597
1.1953
1.21476
1.23386
1.25264
1.27063
1.2863
1.29738
1.30149
1.29733
1.28494
1.26565
1.24144
1.21447
1.18692
1.16091
1.13846
1.12114
1.10974
1.10423
1.10395
1.108
1.11546
1.12528
1.1363
1.14708
1.15624
1.16266
1.16571
1.16537
1.16239
1.15818
1.1545
1.15288
1.15428
1.15899
1.16703
1.17828
1.19287
1.21113
1.2334
1.25943
1.28805
1.31714
1.34413
1.36668
1.38287
1.39143
1.39157
1.383
1.36595
1.34137
1.31098
1.27708
1.24225
1.20903
1.17964
1.1559
1.13911
1.12976
1.12718
1.12943
1.13335
1.13526
1.13199
1.12172
1.10422
1.08052
1.05233
1.02154
0.990239
0.961422
0.939287
0.928827
0.934426
0.958041
0.998322
1.05122
1.1115
1.17396
1.23415
1.2886
1.33491
1.37139
1.39682
1.41016
1.41073
1.39836
1.37383
1.33898
1.29683
1.25147
1.20756
1.16969
1.14178
1.12638
1.12423
1.1341
1.15321
1.17796
1.2048
1.23086
1.25423
1.27381
1.28919
1.30037
1.3078
1.31207
1.31355
1.31196
1.30613
1.29435
1.27529
1.24923
1.21881
1.18867
1.16384
1.14766
1.14065
1.14108
1.14638
1.15454
1.16432
1.17463
1.18386
1.18994
1.1908
1.18526
1.17373
1.15823
1.14219
1.12949
1.12328
1.12511
1.1344
1.14896
1.16565
1.18111
1.1924
1.19788
1.19754
1.19304
1.18745
1.18444
1.18713
1.19674
1.21181
1.22892
1.24437
1.25568
1.26195
1.2634
1.26091
1.25556
1.24832
1.24011
1.23135
1.22208
1.21192
1.20065
1.18861
1.17689
1.16698
1.16008
1.15644
1.15569
1.15737
1.16142
1.16784
1.17624
1.18551
1.19401
1.2003
1.20397
1.2062
1.20926
1.21555
1.22624
1.24075
1.25687
1.27183
1.28314
1.2892
1.28956
1.28466
1.27538
1.26227
1.24533
1.22421
1.19903
1.17144
1.14524
1.12569
1.11759
1.1232
1.14117
1.16699
1.19456
1.21798
1.23301
1.23775
1.23255
1.21944
1.20132
1.18108
1.16129
1.14406
1.13085
1.12251
1.11918
1.12027
1.12464
1.13096
1.13829
1.14638
1.15568
1.16712
1.18139
1.19839
1.21705
1.23554
1.25178
1.26404
1.27131
1.27358
1.27168
1.26695
1.26048
1.25282
1.24373
1.23276
1.21989
1.20592
1.19228
1.1808
1.17319
1.17046
1.1726
1.17868
1.1872
1.1964
1.20458
1.21052
1.21365
1.21407
1.21237
1.20934
1.20562
1.20158
1.19745
1.19339
1.18935
1.18518
1.18079
1.17626
1.17208
1.16885
1.16738
1.16839
1.17244
1.18007
1.19145
1.20621
1.22321
1.24074
1.25677
1.26974
1.27886
1.28437
1.28745
1.28963
1.29191
1.29393
1.29373
1.28841
1.27515
1.25226
1.21993
1.18027
1.13715
1.09584
1.06224
1.0417
1.03729
1.04868
1.07203
1.10155
1.13143
1.15743
1.1773
1.19026
1.19662
1.19738
1.19405
1.18848
1.18256
1.17792
1.17546
1.17497
1.17557
1.17657
1.17823
1.18196
1.18953
1.2021
1.21963
1.24092
1.26398
1.2862
1.30479
1.31758
1.32374
1.32389
1.3197
1.31325
1.30616
1.29935
1.29287
1.28601
1.27741
1.26547
1.24861
1.22573
1.19674
1.16381
1.13195
1.10778
1.09597
1.09636
1.10489
1.11714
1.13071
1.14508
1.16054
1.17708
1.19385
1.20952
1.22283
1.23291
1.23921
1.24146
1.23959
1.23422
1.227
1.22048
1.21718
1.21866
1.22461
1.23306
1.24108
1.24602
1.24641
1.24226
1.23447
1.22411
1.21154
1.19657
1.17948
1.16177
1.14576
1.13296
1.12315
1.11491
1.10693
1.09922
1.09303
1.09051
1.09414
1.10582
1.12614
1.15391
1.18647
1.22062
1.25361
1.2837
1.31041
1.33388
1.35401
1.36995
1.38003
1.38212
1.37446
1.35614
1.32788
1.29215
1.25273
1.21356
1.1775
1.14575
1.11838
1.09537
1.07776
1.06741
1.06612
1.07469
1.09247
1.11727
1.14613
1.17598
1.20422
1.22885
1.2481
1.26021
1.26402
1.25951
1.24827
1.23302
1.21664
1.20162
1.18986
1.18272
1.1812
1.18592
1.19653
1.21138
1.2278
1.24314
1.25587
1.26577
1.27337
1.27903
1.28244
1.28266
1.27882
1.27063
1.25849
1.24323
1.22607
1.20835
1.1915
1.177
1.16638
1.16097
1.16157
1.16797
1.17882
1.19193
1.20484
1.2153
1.22185
1.22396
1.22211
1.21773
1.2129
1.20962
1.20921
1.21179
1.21658
1.22239
1.22821
1.23315
1.23622
1.23644
1.23312
1.22598
1.21518
1.20088
1.18318
1.16236
1.1392
1.11513
1.09218
1.07273
1.05885
1.05192
1.05251
1.06054
1.07542
1.09621
1.12154
1.14962
1.1784
1.20601
1.23101
1.25238
1.26938
1.28152
1.28867
1.29116
1.2898
1.28596
1.28123
1.27709
1.27433
1.27273
1.27115
1.26779
1.26076
1.2486
1.23086
1.20891
1.18625
1.16772
1.15776
1.15849
1.16891
1.18547
1.20369
1.21962
1.23079
1.23655
1.237
1.23214
1.22166
1.2056
1.18535
1.16409
1.14621
1.13595
1.13606
1.14716
1.16761
1.19409
1.22226
1.24765
1.26659
1.27693
1.27837
1.27231
1.26127
1.24816
1.23541
1.22433
1.21504
1.20694
1.19951
1.19281
1.1876
1.18486
1.18521
1.18865
1.19429
1.20052
1.20536
1.20699
1.20417
1.19692
1.18651
1.17514
1.16536
1.15935
1.1583
1.16216
1.17
1.18055
1.19287
1.20664
1.2221
1.23951
1.25858
1.27815
1.29612
1.31002
1.31739
1.31619
1.30543
1.28544
1.25802
1.22634
1.19392
1.16378
1.13803
1.11794
1.10442
1.09765
1.09681
1.1004
1.1066
1.11359
1.11979
1.12385
1.12527
1.12475
1.12413
1.12575
1.13146
1.14186
1.15621
1.17317
1.19153
1.21059
1.22978
1.24834
1.26538
1.28
1.29152
1.29947
1.3032
1.30209
1.29573
1.28435
1.26908
1.2519
1.23534
1.22213
1.21446
1.21282
1.21567
1.22001
1.22256
1.221
1.2143
1.2027
1.18752
1.17103
1.15567
1.14335
1.13459
1.12898
1.12596
1.12548
1.12793
1.13385
1.14366
1.15732
1.17429
1.19333
1.21276
1.2306
1.24467
1.25299
1.25415
1.24773
1.23466
1.21709
1.19736
1.17703
1.15667
1.13714
1.12057
1.11002
1.10786
1.11432
1.12755
1.14458
1.16274
1.18037
1.19705
1.21319
1.2293
1.2452
1.25987
1.27153
1.27857
1.27995
1.27585
1.2676
1.25725
1.24693
1.23829
1.23197
1.22758
1.22403
1.22001
1.21457
1.20749
1.19968
1.19309
1.1898
1.19108
1.19661
1.20455
1.21219
1.21677
1.21656
1.21112
1.20121
1.18796
1.17233
1.15535
1.13835
1.12333
1.11298
1.11037
1.11778
1.13564
1.16164
1.19132
1.21919
1.24034
1.25147
1.25139
1.24125
1.22432
1.20545
1.18998
1.18235
1.18473
1.19648
1.21479
1.23584
1.25586
1.27172
1.28118
1.28275
1.27607
1.26249
1.24502
1.22764
1.21404
1.20612
1.20342
1.20353
1.20291
1.1983
1.1878
1.17208
1.15505
1.14286
1.14033
1.14741
1.15994
1.17374
1.18675
1.19868
1.20953
1.21877
1.22529
1.22784
1.22569
1.21925
1.21032
1.20171
1.19634
1.19653
1.20297
1.21469
1.22932
1.24385
1.25536
1.26166
1.26171
1.25571
1.24509
1.23212
1.21931
1.20874
1.20162
1.19822
1.19783
1.1991
1.20026
1.19934
1.19453
1.18451
1.16902
1.1492
1.12785
1.1092
1.09824
1.09927
1.11412
1.14141
1.17682
1.21459
1.24916
1.27666
1.29504
1.30397
1.30414
1.29691
1.28409
1.26783
1.25057
1.23432
1.22029
1.20857
1.19834
1.18818
1.17663
1.16278
1.14707
1.13095
1.11584
1.10215
1.08971
1.07884
1.07055
1.06626
1.06712
1.07437
1.0896
1.11435
1.14894
1.1914
1.23738
1.28135
1.31815
1.34371
1.35525
1.35133
1.33219
1.30065
1.2625
1.22616
1.20074
1.19258
1.20279
1.22693
1.25748
1.28657
1.30778
1.31733
1.31435
1.30066
1.27989
1.25635
1.23371
1.21409
1.19759
1.18301
1.16871
1.15377
1.13857
1.12447
1.11303
1.10549
1.1025
1.10448
1.11159
1.12392
1.14117
1.16245
1.18638
1.21129
1.23526
1.25614
1.27165
1.27975
1.27919
1.26975
1.25241
1.22909
1.20259
1.17628
1.15372
1.13791
1.13042
1.131
1.13766
1.14762
1.1581
1.1671
1.17383
1.17863
1.18266
1.1871
1.19267
1.19929
1.20645
1.21366
1.22059
1.22704
1.23283
1.23763
1.24093
1.24213
1.24077
1.23676
1.23064
1.2236
1.21724
1.2132
1.21249
1.21506
1.21996
1.22575
1.23139
1.23624
1.23963
1.24087
1.23958
1.23619
1.23174
1.22719
1.22277
1.21818
1.21302
1.20724
1.20121
1.19571
1.19192
1.19098
1.19322
1.19774
1.2026
1.20579
1.20622
1.20384
1.1994
1.19409
1.18901
1.18477
1.18158
1.17932
1.17755
1.17562
1.17295
1.16947
1.16617
1.16492
1.16756
1.17453
1.18425
1.19387
1.20075
1.20345
1.20223
1.19876
1.19573
1.19588
1.20102
1.21117
1.22448
1.23789
1.24821
1.2531
1.25144
1.24348
1.23044
1.21433
1.1976
1.18279
1.17209
1.1668
1.1668
1.17081
1.17694
1.18333
1.18874
1.19266
1.19521
1.1969
1.19865
1.20173
1.20782
1.21854
1.23467
1.25529
1.2778
1.29872
1.31488
1.32391
1.32446
1.31568
1.2974
1.27008
1.23561
1.19787
1.16249
1.1352
1.11974
1.11667
1.12369
1.13708
1.1531
1.16843
1.18064
1.18835
1.19132
1.19053
1.18807
1.18654
1.18848
1.19525
1.20646
1.21998
1.23271
1.24155
1.24411
1.23899
1.22586
1.20554
1.18016
1.15303
1.12818
1.10941
1.09929
