0.8
0.806976
0.817648
0.830174
0.842956
0.854392
0.862372
0.864264
0.857755
0.842273
0.819469
0.792714
0.76559
0.740663
0.719312
0.702483
0.691318
0.687021
0.690219
0.700566
0.717048
0.738312
0.76262
0.788137
0.813106
0.835888
0.855015
0.869285
0.877824
0.880323
0.877289
0.87006
0.860531
0.850673
0.841938
0.83482
0.829078
0.824329
0.820211
0.816279
0.812089
0.807344
0.802071
0.796647
0.791625
0.787342
0.783667
0.77993
0.775319
0.769409
0.762593
0.756109
0.751686
0.75086
0.754544
0.763004
0.775833
0.792023
0.809897
0.827171
0.841258
0.849974
0.852068
0.8475
0.837538
0.824409
0.810766
0.799079
0.791099
0.787586
0.788132
0.791547
0.796386
0.801336
0.805662
0.809009
0.811308
0.812449
0.812051
0.809509
0.804264
0.796185
0.785874
0.774976
0.766011
0.761676
0.763721
0.771902
0.783892
0.796374
0.806594
0.813455
0.817517
0.820323
0.823084
0.825703
0.826857
0.824812
0.818435
0.807941
0.795076
0.782549
0.772761
0.766825
0.764655
0.765951
0.770974
0.780283
0.794181
0.812043
0.832211
0.852275
0.869771
0.882909
0.891039
0.894719
0.89524
0.8937
0.890284
0.884249
0.874579
0.860837
0.843463
0.823858
0.803963
0.785736
0.770461
0.758602
0.750136
0.744888
0.742436
0.742121
0.74318
0.744851
0.746629
0.748166
0.749243
0.74967
0.749247
0.747974
0.746136
0.744555
0.744508
0.747329
0.753998
0.764622
0.778215
0.792832
0.806045
0.815767
0.820975
0.822149
0.821036
0.81986
0.82032
0.822994
0.82743
0.832795
0.838229
0.842995
0.846175
0.846726
0.843611
0.836101
0.824169
0.808653
0.791237
0.774156
0.75979
0.750018
0.74584
0.747281
0.753505
0.762906
0.773616
0.783922
0.792802
0.80012
0.80644
0.812656
0.819458
0.827085
0.835228
0.843378
0.851132
0.858155
0.863931
0.867582
0.868138
0.864847
0.857838
0.848225
0.837638
0.827583
0.81905
0.812312
0.807018
0.802564
0.798362
0.794135
0.789848
0.785586
0.781304
0.776689
0.771353
0.765199
0.758638
0.752494
0.747576
0.744301
0.742585
0.74196
0.741929
0.742246
0.743181
0.745285
0.749161
0.755212
0.763672
0.774806
0.788922
0.80613
0.826161
0.848267
0.871138
0.892797
0.910896
0.923236
0.928366
0.925893
0.916371
0.901151
0.881968
0.860648
0.838708
0.81734
0.797505
0.780039
0.765708
0.755197
0.749021
0.747298
0.749736
0.755665
0.764059
0.773592
0.782751
0.790143
0.794572
0.795298
0.79221
0.785754
0.776941
0.767242
0.75819
0.751205
0.747376
0.747528
0.752242
0.761879
0.776408
0.795099
0.816282
0.837419
0.85559
0.868232
0.873699
0.871674
0.863053
0.849608
0.833639
0.817542
0.80348
0.792805
0.785925
0.782521
0.781824
0.78298
0.785169
0.787653
0.789813
0.791202
0.791703
0.791598
0.79143
0.791699
0.792645
0.79404
0.795307
0.795826
0.795047
0.792685
0.788758
0.783752
0.778604
0.774512
0.772637
0.77364
0.777368
0.783117
0.790069
0.797545
0.805025
0.812072
0.818342
0.823622
0.827742
0.830456
0.831572
0.831007
0.82867
0.824508
0.818602
0.811347
0.80358
0.796579
0.791339
0.787819
0.784714
0.780101
0.772623
0.762207
0.750216
0.738889
0.730514
0.726587
0.727764
0.734095
0.745116
0.759973
0.777505
0.796392
0.815336
0.833071
0.84849
0.860912
0.870302
0.877174
0.881973
0.884545
0.884146
0.880004
0.871933
0.860589
0.847311
0.833613
0.820832
0.809829
0.80089
0.793835
0.788404
0.784518
0.78252
0.783114
0.786856
0.793626
0.802504
0.812055
0.820677
0.827059
0.830435
0.830669
0.828077
0.823195
0.816418
0.807952
0.797967
0.786874
0.775344
0.764077
0.753482
0.743734
0.735034
0.727928
0.723426
0.722711
0.726595
0.73499
0.746683
0.759671
0.771835
0.78158
0.78801
0.790966
0.790955
0.788983
0.786327
0.784394
0.784569
0.788024
0.795502
0.807003
0.821638
0.837886
0.854016
0.868476
0.880198
0.888459
0.892812
0.893061
0.889281
0.882068
0.872424
0.861563
0.850608
0.84034
0.831163
0.823093
0.815896
0.809108
0.802119
0.794366
0.78558
0.776107
0.767057
0.759956
0.756241
0.756559
0.760478
0.76638
0.77212
0.775812
0.776464
0.77408
0.769519
0.764161
0.759614
0.757435
0.758645
0.763494
0.77142
0.781214
0.791275
0.799899
0.805473
0.806867
0.803683
0.796443
0.786516
0.775862
0.766533
0.760196
0.757852
0.759745
0.765397
0.773981
0.784595
0.796425
0.808762
0.820807
0.831443
0.839219
0.842639
0.840503
0.832357
0.818731
0.801159
0.781998
0.764163
0.750763
0.744483
0.746843
0.757742
0.77551
0.797567
0.821108
0.84357
0.862941
0.877886
0.887801
0.892797
0.893349
0.889986
0.883043
0.872776
0.859406
0.843408
0.825524
0.806904
0.789005
0.773396
0.761514
0.754177
0.751213
0.751311
0.752519
0.753028
0.751712
0.74826
0.742938
0.736159
0.728336
0.71994
0.71171
0.704841
0.700979
0.701788
0.708163
0.719607
0.734146
0.749177
0.762561
0.773422
0.782249
0.790451
0.799592
0.810725
0.824066
0.839112
0.854841
0.869857
0.88249
0.891116
0.894398
0.891497
0.882162
0.866816
0.846584
0.82342
0.800048
0.779673
0.765482
0.759917
0.763975
0.776677
0.795087
0.814989
0.832024
0.842938
0.846346
0.842932
0.834787
0.824145
0.812375
0.800019
0.787391
0.77514
0.764309
0.755938
0.750758
0.749142
0.751334
0.757372
0.766871
0.778783
0.791342
0.802448
0.810234
0.81369
0.812874
0.808762
0.802587
0.795371
0.78792
0.78096
0.77526
0.771362
0.769365
0.768861
0.769147
0.769474
0.769415
0.769036
0.768897
0.769724
0.772112
0.776368
0.782658
0.791176
0.802061
0.815184
0.829796
0.844416
0.857091
0.865899
0.869468
0.867305
0.85981
0.847999
0.833043
0.81583
0.797365
0.77959
0.766469
0.762826
0.770702
0.786977
0.805586
0.821233
0.830964
0.833775
0.829979
0.820751
0.80785
0.793488
0.779846
0.768819
0.761793
0.75951
0.762093
0.769056
0.779292
0.791291
0.803344
0.813952
0.822101
0.827367
0.829905
0.830301
0.829442
0.828354
0.82807
0.829431
0.832776
0.837727
0.843123
0.847462
0.849251
0.847395
0.841391
0.831424
0.818439
0.804074
0.790397
0.77959
0.773483
0.773151
0.778786
0.789627
0.804014
0.819715
0.834276
0.845424
0.851308
0.850734
0.843073
0.828367
0.807359
0.781711
0.754098
0.727988
0.707108
0.694544
0.691892
0.698911
0.713635
0.733065
0.753922
0.773383
0.789453
0.801014
0.807685
0.809639
0.807299
0.801143
0.79169
0.779753
0.766608
0.754256
0.744923
0.740573
0.742492
0.751332
0.767231
0.789728
0.817499
0.848274
0.879083
0.906807
0.928915
0.943888
0.951501
0.952648
0.948873
0.941778
0.932464
0.921252
0.907932
0.892071
0.873505
0.85235
0.829025
0.804057
0.778134
0.752212
0.727762
0.706807
0.691582
0.683901
0.68446
0.692602
0.706412
0.723288
0.740535
0.755871
0.767777
0.775642
0.779763
0.781227
0.781471
0.781874
0.783312
0.786127
0.790254
0.795453
0.801477
0.807946
0.814393
0.82017
0.82436
0.825916
0.823778
0.817266
0.806464
0.792316
0.776661
0.762007
0.75087
0.745183
0.745823
0.752435
0.76389
0.778798
0.795935
0.81427
0.832796
0.850428
0.865836
0.877476
0.883807
0.883592
0.876234
0.862203
0.843055
0.82124
0.799667
0.781209
0.768313
0.762479
0.764117
0.772491
0.786067
0.802904
0.821157
0.839222
0.855872
0.870035
0.880666
0.886939
0.888378
0.885032
0.877529
0.866819
0.853965
0.839939
0.825357
0.810484
0.795275
0.779568
0.76345
0.747582
0.7331
0.721165
0.712561
0.707427
0.705667
0.707389
0.712902
0.722453
0.735885
0.752404
0.770739
0.789494
0.807424
0.823694
0.837737
0.849138
0.857491
0.862349
0.863409
0.860685
0.854702
0.846504
0.837547
0.829308
0.822904
0.818852
0.817158
0.81731
0.818508
0.819797
0.820123
0.818448
0.813911
0.80606
0.795043
0.78171
0.76766
0.75474
0.744586
0.738358
0.736768
0.740201
0.748836
0.762448
0.78011
0.799985
0.819529
0.836101
0.847734
0.853871
0.855575
0.854926
0.854042
0.853889
0.853874
0.852543
0.848694
0.84222
0.833995
0.825288
0.817067
0.809528
0.802179
0.794582
0.786937
0.780228
0.7756
0.773567
0.773706
0.775093
0.77692
0.778803
0.780882
0.783461
0.786579
0.789663
0.791628
0.791478
0.788942
0.784647
0.779586
0.774706
0.770566
0.767495
0.7658
0.765894
0.768349
0.773762
0.78253
0.794664
0.809736
0.826929
0.845163
0.86328
0.88009
0.89424
0.904088
0.907806
0.90382
0.89124
0.870348
0.842811
0.811505
0.780201
0.75261
0.731549
0.71832
0.712703
0.713397
0.718714
0.727125
0.737467
0.748828
0.760347
0.771024
0.779817
0.785896
0.788813
0.788653
0.786068
0.782293
0.779011
0.778102
0.781222
0.789248
0.80193
0.817871
0.834893
0.850669
0.863414
0.872241
0.877165
0.878717
0.877313
0.873066
0.86605
0.856578
0.8452
0.832567
0.819336
0.806183
0.793639
0.781838
0.77048
0.759048
0.747396
0.736199
0.727057
0.721984
0.722644
0.72981
0.743171
0.76148
0.782815
0.804865
0.8252
0.841594
0.852315
0.856462
0.853997
0.845743
0.833091
0.817654
0.800971
0.784593
0.770344
0.760159
0.755706
0.757825
0.766262
0.779671
0.795968
0.812688
0.827612
0.839068
0.846131
0.848652
0.846908
0.841318
0.832338
0.82063
0.807365
0.794413
0.784016
0.778043
0.777261
0.78111
0.787995
0.795957
0.80322
0.808523
0.811339
0.81173
0.81028
0.807844
0.805217
0.802958
0.801294
0.800319
0.800294
0.801623
0.804408
0.808053
0.81135
0.812717
0.810755
0.804669
0.794326
0.780276
0.763485
0.745305
0.727596
0.712855
0.703899
0.703161
0.711684
0.728522
0.751015
0.775777
0.799625
0.82
0.835109
0.843917
0.846196
0.842554
0.834449
0.824019
0.813736
0.805741
0.801247
0.800244
0.801797
0.804654
0.807743
0.810374
0.812225
0.813333
0.814128
0.815355
0.817795
0.821821
0.827061
0.832478
0.836757
0.838695
0.83738
0.832244
0.823072
0.810109
0.794279
0.777349
0.761906
0.750917
0.747014
0.751736
0.764801
0.783878
0.805043
0.823877
0.836675
0.841237
0.837094
0.825302
0.808021
0.787948
0.767881
0.750419
0.737705
0.731292
0.73203
0.739868
0.753817
0.772149
0.7928
0.813828
0.833628
0.850839
0.864172
0.872319
0.87421
0.869344
0.85822
0.84249
0.824724
0.807767
0.794055
0.785273
0.782351
0.785506
0.794018
0.80621
0.819612
0.831393
0.839189
0.841624
0.838627
0.831464
0.82221
0.812957
0.805062
0.798784
0.793767
0.789824
0.787481
0.787812
0.791805
0.799407
0.809125
0.818446
0.824625
0.825586
0.82036
0.809159
0.793265
0.774877
0.756743
0.741688
0.732066
0.729333
0.733848
0.744982
0.761565
0.782279
0.805852
0.830961
0.855988
0.878869
0.897505
0.910132
0.915515
0.912873
0.901771
0.882415
0.855858
0.824213
0.790662
0.758989
0.732747
0.714358
0.70467
0.70294
0.70744
0.716157
0.727354
0.739949
0.753514
0.767885
0.782579
0.796317
0.807106
0.812808
0.811831
0.803763
0.789722
0.772162
0.754367
0.73972
0.730926
0.729631
0.736356
0.7506
0.771106
0.796137
0.823562
0.851098
0.876521
0.897777
0.913084
0.921036
0.920897
0.912886
0.89825
0.878922
0.857045
0.834521
0.812631
0.792058
0.77314
0.756172
0.741686
0.730505
0.723537
0.721524
0.724637
0.732229
0.742792
0.75441
0.765347
0.774335
0.780717
0.784332
0.785455
0.78489
0.784073
0.784747
0.788272
0.794821
0.802989
0.810391
0.814541
0.813744
0.807499
0.796587
0.782796
0.768573
0.75649
0.748738
0.746755
0.751342
0.762672
0.780023
0.80158
0.824521
0.845534
0.861562
0.870492
0.871579
0.865543
0.854354
0.840825
0.827986
0.818426
0.813457
0.812868
0.815181
0.818397
0.820896
0.821861
0.821429
0.820164
0.818646
0.817186
0.815847
0.814533
0.81322
0.812122
0.811697
0.812551
0.81512
0.819275
0.824117
0.828215
0.830089
0.82887
0.824632
0.81833
0.811322
0.804918
0.79988
0.796518
0.79524
0.796781
0.801698
0.809614
0.819007
0.82763
0.833315
0.834633
0.831016
0.822853
0.811337
0.798176
0.785297
0.774181
0.765397
0.758631
0.753212
0.748769
0.745421
0.743429
0.742849
0.743166
0.743507
0.743205
0.742302
0.741649
0.742683
0.746917
0.755381
0.768213
0.78453
0.802651
0.82055
0.836389
0.848944
0.85772
0.862847
0.864744
0.86375
0.860035
0.853812
0.845422
0.835524
0.82488
0.814148
0.803791
0.794066
0.785338
0.778154
0.773171
0.77082
0.770983
0.773072
0.776211
0.779493
0.782266
0.784265
0.785701
0.787318
0.790036
0.794534
0.800632
0.807045
0.811974
0.814067
0.813215
0.810485
0.807432
0.805215
0.804257
0.804474
0.80587
0.808526
0.812425
0.817229
0.822269
0.826487
0.828517
0.827151
0.822017
0.813994
0.804985
0.797033
0.791336
0.787942
0.786274
0.785734
0.786097
0.787562
0.790593
0.795778
0.803541
0.813419
0.823869
0.832703
0.837917
0.83853
0.834893
0.82813
0.819432
0.809395
0.798219
0.786209
0.774279
0.763953
0.756889
0.754189
0.756105
0.762142
0.771497
0.783372
0.796927
0.811022
0.824315
0.835439
0.84339
0.847623
0.848073
0.845049
0.839008
0.830392
0.819464
0.80634
0.791206
0.774546
0.757265
0.740746
0.726847
0.71761
0.714884
0.719903
0.732844
0.752543
0.776473
0.801321
0.823751
0.841227
0.852429
0.857002
0.855457
0.848885
0.83892
0.827468
0.81613
0.805734
0.796421
0.787939
0.780307
0.774031
0.770115
0.769596
0.773112
0.780677
0.791563
0.804426
0.817503
0.828902
0.836786
0.839703
0.836786
0.828047
0.814416
0.797631
0.779938
0.763813
0.751546
0.744917
0.744594
0.749647
0.757878
0.767007
0.775904
0.784775
0.794032
0.803132
0.810579
0.814771
0.815182
0.812831
0.809883
0.808799
0.811232
0.817366
0.825808
0.834205
0.840521
0.84425
0.846725
0.849795
0.853548
0.855807
0.853766
0.845824
0.83237
0.815441
0.797838
0.782538
0.771888
0.767069
0.767859
0.772803
0.779763
0.786388
0.790614
0.791068
0.787315
0.780042
0.770957
0.762293
0.756199
0.753983
0.755861
0.761179
0.76907
0.778752
0.789582
0.800759
0.811193
0.81972
0.825626
0.828968
0.830536
0.831484
0.832676
0.834209
0.835377
0.835287
0.833427
0.829957
0.825688
0.821637
0.818513
0.816325
0.81443
0.812069
0.808894
0.805131
0.801384
0.798143
0.79559
0.793495
0.79145
0.789175
0.786758
0.784767
0.784031
0.785345
0.789111
0.795033
0.80222
0.809391
0.815081
0.817965
0.817152
0.812484
0.804759
0.795713
0.787598
0.782392
0.781101
0.783487
0.788382
0.794156
0.799278
0.802584
0.803508
0.802204
0.799371
0.79614
0.793689
0.792893
0.794046
0.796965
0.801057
0.805433
0.809058
0.811
0.810796
0.808611
0.805132
0.801268
0.79812
0.796708
0.797534
0.800109
0.803113
0.805284
0.806017
0.805582
0.80466
0.803885
0.803637
0.803876
0.804284
0.804286
0.803151
0.800316
0.795714
0.790099
0.785112
0.783012
0.786096
0.79575
0.811632
0.83155
0.852029
0.869494
0.88121
0.885824
0.883468
0.875377
0.863406
0.849424
0.834794
0.82025
0.80607
0.792439
0.779762
0.768786
0.760452
0.755862
0.755991
0.761238
0.770904
0.782803
0.793811
0.800972
0.802422
0.797843
0.788151
0.775173
0.76113
0.748359
0.73899
0.734557
0.735659
0.741814
0.751765
0.764073
0.77752
0.791207
0.8045
0.816843
0.827706
0.836688
0.843651
0.848583
0.851308
0.851045
0.846629
0.83725
0.823055
0.805309
0.786042
0.767857
0.753304
0.744385
0.74222
0.746952
0.757701
0.77286
0.79043
0.808415
0.825078
0.839343
0.850875
0.860041
0.867662
0.874523
0.880941
0.886509
0.889951
0.889332
0.882731
0.868731
0.84709
0.818967
0.786925
0.754703
0.726648
0.70669
0.697212
0.698397
0.708116
0.722706
0.738123
0.750958
0.759105
0.762023
0.760674
0.757097
0.753765
0.752782
0.755147
0.760572
0.767681
0.774584
0.779392
0.780722
0.778013
0.771609
0.76283
0.753872
0.747424
0.746014
0.751538
0.764549
0.7839
0.806962
0.830235
0.850149
0.86384
0.869756
0.867939
0.860067
0.849207
0.838927
0.832085
0.82964
0.83057
0.832894
0.835014
0.836325
0.836934
0.836886
0.835841
0.833243
0.829012
0.823944
0.819444
0.816973
0.81741
0.820569
0.825211
0.829358
0.830827
0.828198
0.821272
0.811233
0.800251
0.790729
0.784624
0.783157
0.786818
0.795365
0.807907
0.822941
0.838453
0.852369
0.862702
0.867754
0.866184
0.85747
0.842115
0.821898
0.799621
0.778381
0.760858
0.748829
0.743326
0.744784
0.753047
0.767153
0.785118
0.803953
0.820189
0.830619
0.833067
0.826899
0.813272
0.794978
0.775881
0.759957
0.750224
0.748149
0.753624
0.765253
0.780791
0.797609
0.813137
0.825241
0.832698
0.83531
0.833913
0.829982
0.825149
0.820756
0.817584
0.815874
0.815508
0.816234
0.817729
0.819639
0.821309
0.821713
0.819505
0.81346
0.802998
0.788448
0.771011
0.752508
0.735124
0.721014
0.712005
0.709352
0.713497
0.724178
0.740517
0.761095
0.784074
0.807459
0.829422
0.848498
0.86359
0.87376
0.878231
0.876563
0.868961
0.856384
0.840446
0.823153
0.806551
0.792558
0.782712
0.777842
0.777972
0.78226
0.78928
0.797442
0.805299
0.811815
0.816384
0.818925
0.819793
0.819488
0.818196
0.815513
0.810635
0.80287
0.792373
0.780603
0.770109
0.763773
0.763572
0.769536
0.779695
0.790817
0.799669
0.804061
0.803245
0.797732
0.788853
0.7784
0.768289
0.760338
0.755814
0.75513
0.757846
0.762922
0.769301
0.776378
0.784236
0.79337
0.804047
0.815888
0.827897
0.838856
0.847845
0.854461
0.858942
0.861955
0.864287
0.866572
0.868942
0.870905
0.871484
0.869707
0.865033
0.857498
0.847541
0.835661
0.822137
0.807072
0.790668
0.77356
0.756912
0.7422
0.730671
0.723018
0.719095
0.717955
0.71823
0.718841
0.719366
0.720128
0.721891
0.725533
0.731574
0.740083
0.750482
0.761764
0.772761
0.782561
0.790732
0.797466
0.803317
0.808775
0.814027
0.818728
0.822112
0.823405
0.822159
0.818519
0.813237
0.807564
0.802987
0.800798
0.80182
0.806075
0.812715
0.820201
0.826704
0.830597
0.830718
0.826724
0.819202
0.809504
0.799329
0.790267
0.783474
0.779629
0.779142
0.782352
0.789571
0.800618
0.814337
0.828705
0.841375
0.8507
0.856047
0.857775
0.856805
0.854181
0.850643
0.846422
0.841325
0.834942
0.826981
0.817492
0.806884
0.795902
0.785486
0.776692
0.770645
0.768303
0.770208
0.776219
0.785462
0.796469
0.807552
0.817273
0.824872
0.830157
0.833352
0.834798
0.834798
0.833533
0.830777
0.825821
0.817626
0.805167
0.788418
0.769138
0.750957
0.738176
0.733575
0.736962
0.745686
0.756362
0.766311
0.773918
0.778369
0.779266
0.776511
0.770467
0.762278
0.754283
0.749951
0.75281
0.764651
0.784259
0.807948
0.831353
0.851011
0.864869
0.872322
0.873714
0.86994
0.862063
0.851044
0.837741
0.822975
0.807635
0.792581
0.778826
0.767567
0.76007
0.757361
0.759681
0.76633
0.7761
0.78777
0.800386
0.813149
0.825249
0.835948
0.844415
0.849993
0.852341
0.851578
0.848392
0.843929
0.839594
0.836744
0.836239
0.838116
0.841371
0.844224
0.844568
0.840498
0.830921
0.815904
0.796808
0.776198
0.757235
0.742808
0.734713
0.733057
0.73649
0.742764
0.749621
0.755527
0.759896
0.763067
0.765992
0.76984
0.77552
0.783259
0.79247
0.801812
0.809695
0.815096
0.8177
0.817863
0.81634
0.813792
0.810722
0.807459
0.804159
0.800885
0.797599
0.79425
0.790799
0.78727
0.783698
0.780264
0.777244
0.775248
0.775231
0.77826
0.784994
0.79515
0.807392
0.819635
0.829697
0.835849
0.837286
0.834397
0.828575
0.821772
0.815909
0.812291
0.811399
0.812893
0.815872
0.819097
0.821114
0.820587
0.816735
0.809693
0.800857
0.792642
0.787735
0.788067
0.793774
0.803024
0.812688
0.819547
0.821251
0.816934
0.807427
0.794857
0.781941
0.771216
0.764481
0.762296
0.763949
0.767875
0.772206
0.775612
0.777808
0.779498
0.781793
0.785454
0.790417
0.795981
0.801351
0.80597
0.809481
0.811484
0.811614
0.809877
0.806875
0.803912
0.802757
0.805079
0.811921
0.823417
0.838753
0.856257
0.873673
0.888485
0.898244
0.900762
0.894473
0.878988
0.855993
0.829497
0.804674
0.785308
0.772193
0.764383
0.760911
0.761159
0.764171
0.768384
0.771994
0.773641
0.772801
0.769722
0.765445
0.761496
0.759782
0.761935
0.768509
0.77845
0.789537
0.799269
0.805854
0.808486
0.807435
0.803712
0.798786
0.794205
0.791061
0.789679
0.789687
0.790344
0.791059
0.791718
0.792565
0.793998
0.796179
0.79897
0.801888
0.804395
0.806012
0.806516
0.805946
0.804481
0.802433
0.800231
0.798246
0.796768
0.795913
0.795583
0.795469
0.794962
0.793302
0.790234
0.786632
0.78451
0.786099
0.792732
0.80419
0.819081
0.835425
0.851301
0.865281
0.876399
0.88407
0.888146
0.888676
0.885774
0.879574
0.870106
0.857344
0.84133
0.82242
0.801455
0.779837
0.759334
0.741591
0.727716
0.717897
0.711418
0.707241
0.704882
0.704997
0.709291
0.719359
0.735414
0.755827
0.777609
0.797489
0.812832
0.82198
0.82447
0.82083
0.812363
0.800685
0.78743
0.774306
0.763094
0.755784
0.754394
0.760228
0.773316
0.792235
0.814389
0.836606
0.855816
0.869631
0.87666
0.876551
0.869837
0.85769
0.841838
0.824529
0.808369
0.796056
0.789826
0.790781
0.798438
0.810715
0.824534
0.836697
0.844687
0.84724
0.844322
0.836947
0.826635
0.814824
0.802332
0.789538
0.776729
0.764401
0.753258
0.744122
0.737746
0.734722
0.735308
0.73925
0.745911
0.754482
0.764182
0.774254
0.784034
0.792787
0.799702
0.804054
0.805534
0.804587
0.8024
0.800518
0.800156
0.801854
0.805163
0.809008
0.812326
0.814488
0.815516
0.815914
0.81637
0.817512
0.819526
0.821952
0.823721
0.823476
0.819963
0.812556
0.801568
0.788074
0.773821
0.760701
0.750365
0.743823
0.741469
0.743061
0.747941
0.755274
0.764111
0.773596
0.783036
0.792103
0.800888
0.809707
0.81899
0.828822
0.838772
0.847896
0.855078
0.859313
0.8599
0.856577
0.849431
0.838794
0.825317
0.809845
0.79342
0.777299
0.762937
0.751773
0.744901
0.742797
0.745423
0.752351
0.76302
0.776704
0.792266
0.807911
0.821313
0.830394
0.833918
0.831974
0.825928
0.817996
0.810699
0.806199
0.805796
0.809524
0.816077
0.823291
0.828903
0.831202
0.829512
0.824099
0.816014
0.806662
0.797366
0.78895
0.781771
0.775927
0.771615
0.769268
0.769425
0.772577
0.779104
0.789295
0.803025
0.819541
0.837166
0.853555
0.866243
0.873462
0.874539
0.869904
0.860871
0.84908
0.836087
0.822792
0.809413
0.795789
0.782006
0.768753
0.757185
0.748302
0.74263
0.740209
0.741043
0.745328
0.7535
0.765826
0.781891
0.800193
0.818203
0.833169
0.843033
0.847037
0.845559
0.83952
0.829875
0.817471
0.803244
0.788384
0.774276
0.762524
0.75481
0.752608
0.756762
0.766993
0.781708
0.798329
0.81416
0.827166
0.8364
0.841832
0.843912
0.84314
0.839693
0.833467
0.824343
0.812531
0.79886
0.78485
0.77248
0.763721
0.759938
0.761469
0.767641
0.776968
0.787713
0.798238
0.807237
0.813812
0.81754
0.81864
0.818091
0.817318
0.817787
0.820337
0.824825
0.830236
0.835357
0.839219
0.841445
0.842212
0.841891
0.840705
0.838477
0.834723
0.828942
0.820909
0.810982
0.799917
0.788687
0.778222
0.769293
0.762541
0.758384
0.75684
0.757378
0.759007
0.760429
0.760449
0.758619
0.755505
0.752724
0.752307
0.756162
0.765215
0.7791
0.796331
0.814636
0.831548
0.844826
0.852872
0.854981
0.85157
0.844135
0.834796
0.825825
0.818996
0.815129
0.813931
0.814343
0.814979
0.814783
0.813606
0.812293
0.812271
0.814511
0.818863
0.824147
0.828666
0.8309
0.829949
0.825634
0.818477
0.809398
0.799685
0.790655
0.783469
0.778924
0.777359
0.77874
0.782634
0.788036
0.793148
0.795833
0.79434
0.788148
0.778379
0.767547
0.758625
0.753655
0.752878
0.755019
0.758349
0.761673
0.764531
0.766972
0.769098
0.770853
0.7721
0.772883
0.773613
0.775126
0.778288
0.783585
0.790762
0.798723
0.805857
0.810516
0.81138
0.807851
0.800171
0.789561
0.777963
0.767661
0.76075
0.758536
0.76128
0.768292
0.778444
0.790738
0.804582
0.819678
0.835694
0.851911
0.867078
0.879551
0.887688
0.890255
0.886821
0.877808
0.864378
0.848128
0.830709
0.813513
0.797515
0.78325
0.771087
0.761472
0.755214
0.753418
0.757021
0.7663
0.780325
0.797064
0.813912
0.828382
0.838862
0.844848
0.846783
0.845482
0.841656
0.835661
0.827325
0.816136
0.801558
0.783553
0.762965
0.741607
0.721919
0.706362
0.696864
0.694425
0.699024
0.709718
0.725131
0.743895
0.764919
0.787377
0.810591
0.833881
0.856301
0.876383
0.892134
0.901496
0.903106
0.897112
0.885338
0.870682
0.856071
0.843708
0.83489
0.830263
0.82988
0.833257
0.839313
0.846405
0.85245
0.855315
0.853448
0.846329
0.834578
0.81975
0.803747
0.788136
0.774056
0.762255
0.753156
0.747029
0.744008
0.744064
0.746926
0.752079
0.758625
0.765421
0.771356
0.775753
0.77856
0.780284
0.781631
0.783091
0.784751
0.786516
0.788497
0.791292
0.795825
0.802894
0.812626
0.824083
0.835463
0.844756
0.850415
0.851851
0.849357
0.843765
0.836166
0.827592
0.818858
0.81059
0.803243
0.797153
0.792274
0.788207
0.784328
0.780109
0.775662
0.772217
0.771781
0.77606
0.78485
0.795509
0.804126
0.807537
0.804515
0.795647
0.78286
0.768947
0.757256
0.750984
0.752143
0.760645
0.774419
0.790565
0.806777
0.821947
0.835657
0.847714
0.858075
0.866856
0.874455
0.881147
0.886649
0.890011
0.889926
0.885298
0.875883
0.862406
0.846412
0.829765
0.814056
0.800215
0.788566
0.779164
0.772121
0.767653
0.766092
0.767813
0.773064
0.781875
0.793704
0.80723
0.820349
0.830697
0.836118
0.835308
0.828229
0.816117
0.801211
0.786064
0.772751
0.762385
0.755284
0.751333
0.75045
0.752597
0.757538
0.764548
0.772286
0.779282
0.784399
0.787172
0.787829
0.78709
0.785768
0.784525
0.783742
0.783608
0.78421
0.785475
0.787055
0.788324
0.788503
0.787106
0.784275
0.78074
0.777352
0.774599
0.772437
0.770662
0.769268
0.768596
0.769269
0.772054
0.777662
0.786761
0.799692
0.816173
0.835208
0.854972
0.873209
0.887671
0.896501
0.89869
0.894204
0.884039
0.869984
0.854243
0.838815
0.825246
0.814488
0.806951
0.802656
0.80127
0.802213
0.804803
0.808399
0.812472
0.816589
0.820352
0.823118
0.824107
0.822498
0.817952
0.810794
0.80202
0.792917
0.784573
0.777554
0.771952
0.767721
0.765071
0.764548
0.7667
0.77144
0.777678
0.783496
0.787248
0.788568
0.788636
0.789256
0.791561
0.795418
0.799961
0.804523
0.809353
0.815063
0.821096
0.825205
0.824579
0.817579
0.804802
0.788716
0.772769
0.760153
0.752859
0.751429
0.75533
0.763406
0.774307
0.786556
0.798643
0.809221
0.817356
0.822627
0.825083
0.825161
0.823449
0.820721
0.817925
0.816014
0.815486
0.816129
0.817308
0.818488
0.819619
0.820974
0.822946
0.825711
0.829231
0.833166
0.837036
0.840246
0.842234
0.842771
0.84191
0.839618
0.835544
0.82899
0.81927
0.806168
0.790413
0.773812
0.759014
0.7487
0.744477
0.746249
0.752531
0.761543
0.772109
0.783703
0.796064
0.808846
0.821455
0.833078
0.842873
0.849941
0.853662
0.853812
0.850631
0.844812
0.837345
0.82937
0.821995
0.816007
0.811645
0.808485
0.805694
0.802185
0.79708
0.790123
0.781848
0.773467
0.76658
0.762789
0.763023
0.767328
0.774701
0.783225
0.790543
0.794619
0.794337
0.790026
0.78347
0.777411
0.774419
0.77607
0.782938
0.794659
0.810142
0.827559
0.844527
0.85866
0.868207
0.872459
0.871893
0.867879
0.862011
0.855484
0.848664
0.841176
0.832438
0.822271
0.811399
0.80152
0.794685
0.792413
0.794973
0.80142
0.810171
0.819367
0.827149
0.831986
0.832824
0.82926
0.82168
0.81114
0.79908
0.786872
0.775464
0.765167
0.755915
0.747545
0.740169
0.734252
0.730551
0.729831
0.732604
0.738855
0.747923
0.75863
0.76946
0.779045
0.78651
0.791739
0.795284
0.797918
0.800188
0.802343
0.804568
0.807298
0.811212
0.816681
0.823636
0.831446
0.839062
0.845369
0.849396
0.850267
0.847246
0.839668
0.827004
0.809183
0.787045
0.762703
0.739544
0.721446
0.711486
0.710892
0.718974
0.733771
0.752646
0.772666
0.791005
0.805213
0.813582
0.815489
0.811482
0.80337
0.794068
0.787012
0.785165
0.789674
0.799313
0.811103
0.821801
0.82927
0.832938
0.833624
0.833029
0.833123
0.835485
0.840693
0.848149
0.856338
0.863477
0.868127
0.869629
0.868198
0.864556
0.859578
0.854069
0.848651
0.843741
0.839534
0.835943
0.832634
0.829078
0.824819
0.819623
0.813508
0.806812
0.80008
0.793912
0.788719
0.784553
0.781051
0.777696
0.774211
0.77062
0.767277
0.764665
0.763269
0.763431
0.765221
0.768306
0.772008
0.77547
0.777836
0.778435
0.776932
0.77348
0.768714
0.763545
0.758833
0.754935
0.751696
0.748759
0.746021
0.74388
0.743146
0.744657
0.748876
0.755745
0.764565
0.774051
0.782473
0.788389
0.791329
0.792309
0.793465
0.796977
0.803979
0.814022
0.825159
0.834863
0.840896
0.841979
0.838124
0.830486
0.820864
0.811139
0.80301
0.797824
0.796602
0.79974
0.80686
0.816706
0.827355
0.836701
0.84298
0.845258
0.843574
0.838768
0.831964
0.824154
0.815988
0.807601
0.798916
0.789792
0.780179
0.770203
0.760221
0.750822
0.742908
0.73762
0.736112
0.739115
0.746478
0.756964
0.768433
0.778528
0.785303
0.787675
0.785736
0.780953
0.77612
0.774779
0.77945
0.78995
0.803486
0.816539
0.826531
0.832551
0.835064
0.835245
0.834442
0.833583
0.83289
0.831978
0.830361
0.827945
0.825024
0.821858
0.818468
0.814566
0.810052
0.805425
0.801936
0.801055
0.803481
0.808462
0.814026
0.81806
0.819523
0.818666
0.816802
0.815588
0.816293
0.819432
0.824657
0.830981
0.837224
0.8422
0.844592
0.843065
0.836771
0.825884
0.812072
0.797926
0.785917
0.777529
0.773468
0.773973
0.778836
0.787152
0.797043
0.805957
0.811353
0.811366
0.805257
0.79371
0.778628
0.762556
0.748133
0.737626
0.73281
0.734952
0.744653
0.761445
0.783285
0.806582
0.82695
0.840554
0.845312
0.841318
0.830664
0.816573
0.802604
0.791784
0.786017
0.785695
0.789862
0.796844
0.804843
0.812424
0.818719
0.823406
0.826637
0.828906
0.830699
0.83226
0.833496
0.834198
0.834564
0.8352
0.836673
0.838836
0.840615
0.840661
0.838024
0.832623
0.825109
0.816479
0.807588
0.798918
0.790774
0.783493
0.777693
0.774117
0.773365
0.775415
0.779296
0.783099
0.784674
0.782341
0.775574
0.765157
0.752841
0.740636
0.730344
0.723463
0.721278
0.724977
0.735449
0.752628
0.774986
0.799738
0.823543
0.843434
0.857441
0.864906
0.866454
0.863665
0.858605
0.853085
0.84828
0.844578
0.841905
0.840077
0.839344
0.840163
0.842385
0.844627
0.844623
0.840181
0.83009
0.814466
0.794528
0.772179
0.74956
0.728825
0.711945
0.70069
0.696556
0.700427
0.712089
0.730084
0.752015
0.775186
0.797188
0.816254
0.83128
0.8415
0.846423
0.84583
0.839876
0.829439
0.816174
0.802566
0.791489
0.785432
0.785874
0.792603
0.803746
0.816426
0.827665
0.835085
0.837489
0.835011
0.828863
0.820882
0.812992
0.806694
0.802815
0.801484
0.802212
0.804154
0.806361
0.808111
0.809161
0.80986
0.810824
0.812461
0.814609
0.816498
0.817045
0.815297
0.810711
0.803415
0.794095
0.783927
0.774201
0.765887
0.759286
0.754045
0.749521
0.745436
0.742183
0.740838
0.74269
0.748734
0.759305
0.773768
0.790649
0.8081
0.824543
0.839075
0.851271
0.860742
0.86678
0.868395
0.864588
0.854879
0.839765
0.820901
0.801008
0.78349
0.771641
0.767427
0.770698
0.779218
0.789756
0.799568
0.807128
0.812056
0.81462
0.815084
0.81356
0.810111
0.80519
0.799956
0.796242
0.796123
0.800983
0.810726
0.823576
0.83647
0.845977
0.849358
0.845363
0.834728
0.820221
0.805888
0.796006
0.793443
0.798386
0.808545
0.820152
0.829406
0.833551
0.831312
0.822803
0.809435
0.793607
0.778352
0.766584
0.760374
0.760255
0.765098
0.772719
0.780581
0.786583
0.789354
0.788339
0.78386
0.776746
0.767973
0.758397
0.748996
0.741191
0.736413
0.735401
0.737947
0.743295
0.750558
0.759044
0.768203
0.777603
0.786887
0.795875
0.804447
0.812248
0.818658
0.823016
0.825009
0.824886
0.823568
0.822206
0.821736
0.822651
0.825182
0.829173
0.834195
0.839568
0.844738
0.849489
0.853912
0.858104
0.861474
0.862546
0.859304
0.850169
0.834897
0.814669
0.79165
0.768327
0.746997
0.729611
0.717721
0.712418
0.714215
0.72319
0.73906
0.760795
0.78627
0.812201
0.834814
0.851142
0.860025
0.862402
0.860606
0.856786
0.851572
0.844296
0.834101
0.820928
0.805668
0.789959
0.775856
0.765271
0.759535
0.759037
0.763289
0.770949
0.780266
0.789384
0.796702
0.801181
0.802627
0.801657
0.799542
0.797857
0.79807
0.801224
0.807668
0.816874
0.827539
0.837989
0.846658
0.852495
0.855047
0.854473
0.851287
0.846091
0.839241
0.830872
0.820864
0.809144
0.795763
0.781074
0.765965
0.751743
0.740206
0.73338
0.733071
0.740309
0.754964
0.775835
0.800862
0.827367
0.852474
0.873605
0.888685
0.896162
0.89498
0.884612
0.865252
0.83802
0.805112
0.769747
0.735942
0.708102
0.690508
0.686447
0.696861
0.719474
0.749465
0.781238
0.810109
0.833081
0.848827
0.857149
0.858561
0.853794
0.843833
0.829877
0.813548
0.796888
0.782138
0.771115
0.764819
0.763238
0.76574
0.771441
0.779257
0.787862
0.795778
0.801538
0.804096
0.803164
0.799447
0.79453
0.790289
0.788043
0.788098
0.789863
0.792474
0.795468
0.798916
0.803229
0.80875
0.815508
0.823116
0.830834
0.837548
0.841991
0.842975
0.839723
0.831903
0.819821
0.804411
0.787181
0.770115
0.755451
0.745166
0.740474
0.741405
0.746737
0.754527
0.762864
0.770618
0.777705
0.785041
0.794074
0.805991
0.821081
0.838556
0.85668
0.873334
0.886381
0.894129
0.895647
0.890834
0.88034
0.865285
0.847077
0.827172
0.807092
0.788339
0.772435
0.760809
0.754656
0.754599
0.760191
0.769648
0.780024
0.788012
0.790904
0.787404
0.777901
0.764273
0.749273
0.735646
0.725589
0.720296
0.719877
0.723586
0.7302
0.738466
0.747534
0.757215
0.767855
0.779969
0.793822
0.809356
0.826075
0.843157
0.859601
0.874395
0.886508
0.895139
0.899567
0.899234
0.893632
0.882524
0.866051
0.845042
0.821101
0.796586
0.774216
0.756695
0.746101
0.743583
0.749177
0.761784
0.779442
0.799603
0.819483
0.836449
0.848372
0.853912
0.852761
0.845566
0.833913
0.819845
0.805397
0.792177
0.781189
0.773046
0.768106
0.766605
0.768641
0.774118
0.782483
0.792677
0.803195
0.81242
0.819048
0.822345
0.822064
0.818429
0.811806
0.802701
0.791625
0.779116
0.765754
0.752253
0.739561
0.728993
0.721981
0.719723
0.722677
0.730385
0.741566
0.754399
0.766996
0.777843
0.786163
0.792061
0.7964
0.800491
0.805446
0.811658
0.818708
0.825524
0.831107
0.834974
0.837448
0.83934
0.841318
0.843189
0.843796
0.841515
0.835213
0.82499
0.812225
0.799016
0.787295
0.778259
0.772279
0.76926
0.76902
0.771483
0.776602
0.784192
0.793788
0.804447
0.814888
0.823905
0.830656
0.834766
0.836481
0.836586
0.836199
0.836376
0.837808
0.840413
0.843084
0.843803
0.840212
0.830537
0.814467
0.793802
0.772342
0.754835
0.74518
0.744903
0.752723
0.7654
0.779363
0.791886
0.801527
0.808006
0.811802
0.813637
0.813984
0.812885
0.810225
0.806207
0.801675
0.798152
0.797266
0.799971
0.80595
0.813592
0.820571
0.824721
0.824868
0.821282
0.815811
0.811123
0.809459
0.811579
0.816729
0.823242
0.82915
0.832638
0.832381
0.827872
0.819679
0.809317
0.798749
0.789728
0.783269
0.77955
0.778252
0.779031
0.781754
0.786558
0.793696
0.803408
0.815438
0.828678
0.841244
0.850993
0.856167
0.855926
0.850432
0.840776
0.828543
0.815301
0.802192
0.789833
0.778456
0.768089
0.758846
0.750904
0.744359
0.739084
0.734653
0.730633
0.726936
0.723973
0.722406
0.722702
0.724918
0.728892
0.734414
0.741282
0.749395
0.758458
0.767889
0.776729
0.78383
0.788212
0.789511
0.788257
0.78572
0.783388
0.782387
0.782947
0.784293
0.785214
0.784569
0.78176
0.776787
0.77041
0.764105
0.759861
0.759723
0.765363
0.777489
0.795672
0.818303
0.842809
0.866003
0.884748
0.896689
0.900773
0.897242
0.887325
0.872889
0.856277
0.840004
0.826114
0.815833
0.809612
0.807308
0.808511
0.812548
0.818471
0.825055
0.830868
0.834631
0.835401
0.832598
0.826091
0.816373
0.804899
0.793622
0.784053
0.776444
0.769949
0.763515
0.75675
0.750312
0.745551
0.743757
0.745441
0.750035
0.756143
0.762181
0.766945
0.769881
0.771178
0.771617
0.77243
0.77515
0.781335
0.791993
0.807133
0.825367
0.844151
0.860368
0.871169
0.874564
0.869668
0.856645
0.83662
0.811646
0.78485
0.760151
0.741494
0.73157
0.730674
0.737113
0.74845
0.762951
0.7802
0.800487
0.823304
0.846578
0.867415
0.883215
0.892103
0.89323
0.886776
0.873977
0.856817
0.837565
0.818108
0.799836
0.783768
0.770907
0.762418
0.759386
0.762233
0.770215
0.781418
0.793377
0.804094
0.812802
0.820087
0.827062
0.834257
0.841145
0.846652
0.849862
0.850305
0.847646
0.84138
0.831067
0.816636
0.798712
0.778516
0.757747
0.738537
0.723213
0.713827
0.711597
0.716616
0.72764
0.742469
0.758508
0.773355
0.785342
0.7938
0.79899
0.801941
0.804125
0.807081
0.812138
0.820186
0.831491
0.845675
0.861809
0.878584
0.894531
0.908117
0.917683
0.921615
0.918592
0.907857
0.889585
0.864899
0.835877
0.805385
0.776613
0.752493
0.735093
0.725176
0.721888
0.723075
0.72597
0.728131
0.728359
0.727047
0.725869
0.726745
0.730739
0.737787
0.747496
0.760003
0.775878
0.795133
0.816432
0.837534
0.855978
0.869833
0.877991
0.880117
0.876643
0.868538
0.857064
0.843398
0.828545
0.813444
0.799026
0.786338
0.776485
0.770487
0.768851
0.771144
0.776161
0.782254
0.787987
0.792594
0.796191
0.799627
0.804049
0.810166
0.817429
0.824038
0.827791
0.82728
0.822581
0.815176
0.807288
0.800829
0.796645
0.794527
0.793737
0.793485
0.793302
0.793041
0.792873
0.793257
0.794678
0.797251
0.800608
0.803932
0.80631
0.807228
0.806872
0.806028
0.805657
0.806229
0.807501
0.80878
0.80931
0.808324
0.805101
0.799057
0.789968
0.778194
0.764757
0.751004
0.738383
0.728153
0.721345
0.718577
0.719983
0.725342
0.734469
0.747471
0.764583
0.785477
0.808983
0.832943
0.854833
0.872469
0.884482
0.890443
0.890788
0.886403
0.87824
0.867081
0.853578
0.838665
0.823926
0.811549
0.803812
0.802317
0.807271
0.817286
0.829621
0.840941
0.848111
0.848955
0.842787
0.830376
0.813684
0.795254
0.77758
0.762833
0.752575
0.74773
0.748509
0.754491
0.764763
0.778207
0.793579
0.809597
0.825097
0.839191
0.851328
0.861122
0.868232
0.872222
0.87256
0.868804
0.860624
0.848051
0.831202
0.81045
0.78646
0.760458
0.734575
0.711952
0.696283
0.690687
0.696364
0.71205
0.734188
0.758075
0.779165
0.794076
0.801172
0.800715
0.794644
0.786138
0.778727
0.775432
0.777911
0.786064
0.798261
0.811861
0.824032
0.832558
0.836344
0.835674
0.832157
0.827867
0.824316
0.821929
0.820122
0.817966
0.814605
0.809582
0.802865
0.794835
0.786189
0.777747
0.770167
0.76376
0.758612
0.754666
0.752134
0.751503
0.753225
0.757266
0.762997
0.769463
0.775768
0.781327
0.785937
0.789732
0.793337
0.797807
0.804229
0.812992
0.823081
0.832184
0.837763
0.838729
0.836214
0.83292
0.831001
0.83071
0.830739
0.82978
0.82756
0.824633
0.821781
0.819398
0.817425
0.815448
0.812947
0.809585
0.80538
0.800868
0.796855
0.794172
0.79322
0.793699
0.794739
0.795233
0.79422
0.791282
0.786644
0.78136
0.777012
0.775254
0.777276
0.783338
0.792688
0.803868
0.815189
0.825011
0.83207
0.835559
0.835282
0.831598
0.825356
0.817531
0.808988
0.80024
0.791478
0.782911
0.775083
0.768971
0.765875
0.766892
0.772448
0.782208
0.795095
0.809662
0.824248
0.836854
0.845047
0.846101
0.83764
0.818883
0.791863
0.762048
0.736926
0.722438
0.71981
0.72601
0.737066
0.750856
0.767416
0.78757
0.81164
0.838676
0.866366
0.891637
0.911374
0.923276
0.92627
0.92046
0.907
0.887606
0.864103
0.838085
0.811017
0.784294
0.759171
0.736708
0.717799
0.703266
0.694103
0.691249
0.695306
0.706254
0.723213
0.744555
0.76812
0.791675
0.813288
0.831589
0.845803
0.855678
0.861342
0.863354
0.862553
0.860087
0.857078
0.854305
0.851824
0.84891
0.8443
0.836797
0.825734
0.811378
0.795033
0.778867
0.765077
0.755021
0.748855
0.745979
0.745717
0.747678
0.751616
0.75722
0.764105
0.771803
0.779744
0.787407
0.794363
0.800347
0.805256
0.809205
0.812341
0.814735
0.816385
0.817221
0.817195
0.816243
0.814332
0.811602
0.808576
0.806337
0.806266
0.809445
0.816099
0.825254
0.835079
0.843505
0.848826
0.850054
0.847022
0.84027
0.831023
0.821108
0.812446
0.806583
0.804046
0.804262
0.806039
0.807936
0.808472
0.806099
0.799332
0.787144
0.769363
0.747285
0.724171
0.705081
0.695148
0.696736
0.708292
0.725961
0.746007
0.765796
0.783773
0.799089
0.811325
0.820447
0.826537
0.829745
0.830286
0.828406
0.824604
0.81973
0.81482
0.810755
0.807846
0.805585
0.803021
0.799346
0.794498
0.789304
0.785127
0.783279
0.784372
0.788004
0.793003
0.798049
0.802238
0.805303
0.807379
0.808537
0.808432
0.806392
0.801768
0.794311
0.784465
0.773327
0.762613
0.754263
0.750016
0.751033
0.757532
0.76855
0.782323
0.797108
0.812013
0.827303
0.84374
0.861137
0.877737
0.890762
0.8977
0.897306
0.889753
0.876294
0.858694
0.839074
0.819518
0.801864
0.787481
0.77715
0.771121
0.768965
0.769663
0.771673
0.773383
0.773639
0.772182
0.769665
0.767366
0.766533
0.767827
0.771148
0.775812
0.780966
0.785934
0.790428
0.794565
0.798746
0.803458
0.808735
0.813927
0.817957
0.819921
0.819706
0.818098
0.816591
0.816768
0.819776
0.825786
0.833923
0.842261
0.848457
0.850353
0.846585
0.837029
0.822892
0.806362
0.790091
0.776505
0.767338
0.763409
0.764403
0.768935
0.774897
0.779972
0.782234
0.780713
0.775673
0.768565
0.76183
0.758321
0.760425
0.769175
0.783575
0.800987
0.817959
0.831359
0.839102
0.840624
0.836822
0.829836
0.822477
0.817326
0.815916
0.818393
0.823722
0.830153
0.835816
0.839124
0.839218
0.836116
0.830576
0.823653
0.816052
0.807799
0.798423
0.787556
0.775364
0.762604
0.750342
0.739578
0.731121
0.725594
0.723545
0.725399
0.731374
0.74121
0.754132
0.768967
0.784361
0.798976
0.811775
0.822035
0.829414
0.83397
0.836027
0.836135
0.834824
0.832484
0.829196
0.824729
0.818694
0.810817
0.801203
0.790522
0.779799
0.770004
0.761806
0.75565
0.752003
0.751522
0.754891
0.762381
0.773683
0.787917
0.803967
0.820443
0.835757
0.848153
0.856138
0.858934
0.856715
0.850496
0.841702
0.831465
0.820467
0.809032
0.797555
0.786741
0.777728
0.772014
0.771175
0.776229
0.786831
0.801088
0.816135
0.829124
0.837947
0.84149
0.839454
0.832347
0.821356
0.80812
0.794504
0.782216
0.772416
0.76553
0.761232
0.758774
0.757349
0.756559
0.75662
0.758146
0.761611
0.767032
0.77392
0.781426
0.788837
0.796021
0.803554
0.812255
0.822446
0.833468
0.843787
0.85175
0.856337
0.857606
0.8566
0.854646
0.852677
0.850899
0.849124
0.847142
0.845164
0.843756
0.843309
0.843544
0.843472
0.841742
0.837449
0.830689
0.822715
0.815424
0.810452
0.808516
0.809129
0.8111
0.813052
0.813895
0.812993
0.810242
0.805859
0.800277
0.794017
0.787574
0.781205
0.774819
0.768125
0.760825
0.752825
0.744331
0.735909
0.728416
0.722893
0.720517
0.722415
0.72939
0.741466
0.75776
0.776481
0.795372
0.812366
0.826092
0.836286
0.843721
0.849655
0.855146
0.860472
0.865029
0.86781
0.867982
0.865295
0.860164
0.853305
0.845302
0.836282
0.826044
0.814298
0.801134
0.787207
0.773664
0.761889
0.753075
0.747757
0.745671
0.745995
0.747848
0.750669
0.754116
0.758014
0.762284
0.767048
0.772554
0.779035
0.786441
0.79428
0.801864
0.808597
0.814176
0.818596
0.821967
0.824107
0.824382
0.821971
0.816323
0.807736
0.797568
0.788045
0.781511
0.77968
0.78299
0.790642
0.801158
0.812841
0.824088
0.833388
0.839235
0.840401
0.836271
0.827178
0.814509
0.800316
0.786841
0.775979
0.768856
0.765828
0.766529
0.770031
0.775023
0.780177
0.784265
0.786411
0.786119
0.783579
0.779799
0.776579
0.775868
0.778755
0.784867
0.792893
0.801348
0.809094
0.815313
0.819349
0.820697
0.819227
0.815351
0.810094
0.804939
0.801279
0.800107
0.801773
0.805972
0.811825
0.818098
0.823442
0.826626
0.826771
0.823397
0.816516
0.806609
0.794661
0.782244
0.77126
0.763593
0.760446
0.761878
0.766787
0.773528
0.780543
0.786629
0.790997
0.793216
0.793151
0.791034
0.787428
0.783198
0.77933
0.776659
0.775531
0.775913
0.777399
0.779243
0.780443
0.779911
0.776917
0.771512
0.764741
0.758528
0.755152
0.756727
0.764686
0.779372
0.799746
0.823247
0.846306
0.865212
0.877074
0.880316
0.874897
0.862298
0.845396
0.827758
0.812932
0.803429
0.800329
0.803074
0.809889
0.818233
0.825403
0.82911
0.827961
0.821748
0.811491
0.799154
0.786977
0.776618
0.76881
0.763757
0.76141
0.761556
0.763685
0.766979
0.770604
0.773932
0.776544
0.778108
0.778302
0.776675
0.772739
0.766514
0.758742
0.750878
0.744659
0.741511
0.742313
0.747429
0.756774
0.770068
0.786867
0.806458
0.827779
0.849281
0.869296
0.886313
0.899262
0.907469
0.910457
0.907853
0.899512
0.8858
0.867976
0.848223
0.829421
0.81438
0.804978
0.801485
0.802461
0.80524
0.806714
0.804182
0.796188
0.783003
0.766512
0.749824
0.736406
0.72908
0.729108
0.735911
0.747403
0.7608
0.773442
0.783477
0.790123
0.793499
0.794372
0.793803
0.793096
0.793772
0.797414
0.804887
0.815357
0.826094
0.83358
0.835332
0.8311
0.822808
0.813411
0.805727
0.801475
0.800972
0.803266
0.806645
0.809271
0.809777
0.807517
0.80277
0.79638
0.789325
0.782397
0.776055
0.770498
0.765873
0.762348
0.760176
0.75961
0.760868
0.764029
0.769037
0.775746
0.78402
0.793785
0.804848
0.816596
0.827807
0.836824
0.842059
0.842666
0.83884
0.832119
0.824921
0.81969
0.818099
0.820358
0.825231
0.830702
0.834779
0.836011
0.833842
0.828614
0.821326
0.813208
0.805301
0.797989
0.790777
0.783141
0.775383
0.768825
0.765189
0.765527
0.769558
0.775879
0.782596
0.788048
0.791229
0.791891
0.790274
0.786859
0.782424
0.778157
0.775551
0.776019
0.780149
0.78719
0.795281
0.802533
0.807952
0.81174
0.814898
0.818497
0.823215
0.829015
0.83532
0.84117
0.845564
0.847705
0.847225
0.844228
0.839354
0.833545
0.827716
0.822554
0.818493
0.815585
0.813559
0.811873
0.809854
0.806944
0.802927
0.79798
0.792597
0.787413
0.782886
0.779254
0.776541
0.774808
0.774254
0.775054
0.777333
0.780966
0.785438
0.789968
0.793654
0.795614
0.795194
0.792093
0.786492
0.779128
0.771021
0.76311
0.756053
0.750293
0.746148
0.743928
0.743934
0.746314
0.751107
0.758386
0.768317
0.781083
0.796808
0.815424
0.836564
0.859359
0.882069
0.902115
0.916731
0.923784
0.922468
0.913501
0.898909
0.881481
0.863902
0.847897
0.833838
0.821106
0.808961
0.797197
0.786209
0.776703
0.769471
0.765292
0.764815
0.768328
0.775331
0.784335
0.79298
0.798729
0.799629
0.794964
0.785415
0.772803
0.759598
0.748302
0.740873
0.738259
0.740285
0.746005
0.754299
0.764282
0.775418
0.78723
0.799202
0.8108
0.821657
0.831567
0.840298
0.847445
0.85238
0.854402
0.85308
0.848505
0.841403
0.83293
0.82427
0.816324
0.809615
0.804441
0.801002
0.799268
0.798748
0.798449
0.797002
0.793189
0.786544
0.7777
0.768329
0.760551
0.756368
0.75716
0.763604
0.775398
0.791321
0.809331
0.826925
0.841819
0.852415
0.857922
0.858239
0.853824
0.845442
0.83403
0.820874
0.807747
0.796672
0.789631
0.78809
0.792724
0.803151
0.818095
0.83565
0.853519
0.869301
0.880632
0.88533
0.881789
0.86943
0.849064
0.823186
0.795785
0.772023
0.757173
0.754791
0.764961
0.784123
0.806808
0.828054
0.844819
0.855846
0.860977
0.860484
0.854732
0.844014
0.828657
0.809102
0.786147
0.761234
0.736597
0.715522
0.702178
0.700427
0.711652
0.733317
0.759868
0.785379
0.805514
0.818139
0.822924
0.820732
0.813236
0.802633
0.791343
0.781709
0.775342
0.772859
0.77378
0.776876
0.780636
0.783668
0.78505
0.784403
0.781827
0.777878
0.773516
0.770102
0.769068
0.771274
0.776537
0.783698
0.791325
0.798295
0.804111
0.808819
0.812682
0.815819
0.817971
0.818713
0.81778
0.81536
0.81187
0.807743
0.803388
0.799275
0.796071
0.794579
0.795447
0.798945
0.804756
0.811986
0.819442
0.825989
0.830756
0.833236
0.833064
0.829942
0.823651
0.814231
0.80237
0.789441
0.777298
0.76785
0.76271
0.762904
0.768521
0.77855
0.7911
0.803997
0.815311
0.823749
0.828764
0.83057
0.830049
0.828622
0.827887
0.829081
0.832572
0.837688
0.842907
0.846356
0.846378
0.842163
0.834044
0.823254
0.811206
0.798843
0.786392
0.773782
0.761272
0.749653
0.740184
0.734332
0.733004
0.735784
0.740866
0.746004
0.74961
0.751194
0.750928
0.749224
0.746499
0.743227
0.740102
0.738193
0.73886
0.743409
0.752723
0.766982
0.785664
0.807611
0.831242
0.854677
0.875965
0.893208
0.904807
0.909557
0.906811
0.896604
0.879862
0.858312
0.834267
0.810254
0.788727
0.771772
0.760813
0.75622
0.756991
0.761116
0.766252
0.770424
0.772612
0.772779
0.771783
0.771153
0.772709
0.777843
0.786911
0.798858
0.811492
0.822372
0.829549
0.832307
0.831356
0.828456
0.825886
0.825702
0.829072
0.836096
0.845923
0.857058
0.86771
0.876138
0.880991
0.881484
0.877373
0.869003
0.857274
0.843387
0.828413
0.812988
0.797279
0.781228
0.76503
0.749449
0.735628
0.725018
0.718907
0.717849
0.721435
0.728509
0.737757
0.74805
0.75848
0.76837
0.777304
0.78501
0.791416
0.796436
0.799939
0.801869
0.802129
0.800755
0.798098
0.794798
0.791765
0.790258
0.791608
0.796718
0.80576
0.818184
0.832783
0.847875
0.861343
0.870882
0.874275
0.869823
0.856875
0.836227
0.810297
0.782729
0.757538
0.73814
0.72686
0.724816
0.731833
0.746372
0.765844
0.787179
0.807586
0.825
0.838229
0.846729
0.850305
0.848923
0.842818
0.83272
0.819939
0.806188
0.793148
0.782107
0.773638
0.767706
0.763882
0.761665
0.760799
0.761433
0.76392
0.768758
0.776031
0.785107
0.794794
0.803614
0.8102
0.813557
0.813091
0.808864
0.801588
0.792589
0.783598
0.776261
0.771842
0.770915
0.773158
0.777593
0.782983
0.788443
0.793817
0.799739
0.807128
0.816464
0.827242
0.838045
0.847211
0.853505
0.856533
0.856751
0.855048
0.852169
0.848267
0.842799
0.834881
0.82383
0.809631
0.79313
0.776056
0.760582
0.748707
0.741449
0.738618
0.738969
0.740895
0.74302
0.744376
0.744465
0.743115
0.740505
0.737135
0.733685
0.730775
0.728851
0.728203
0.729028
0.731646
0.736492
0.744143
0.755141
0.769724
0.787536
0.807481
0.827884
0.846824
0.862425
0.873038
0.877357
0.874823
0.865814
0.851485
0.833532
0.813913
0.794514
0.777172
0.763738
0.755979
0.755404
0.762959
0.778451
0.800129
0.824821
0.848528
0.867323
0.87828
0.880054
0.872885
0.858484
0.839463
0.818662
0.798721
0.781771
0.769386
0.762722
0.762352
0.767982
0.778222
0.790743
0.802606
0.811014
0.81385
0.810369
0.801483
0.78968
0.778493
0.77138
0.770772
0.777546
0.79104
0.809461
0.830326
0.850701
0.867716
0.879009
0.883179
0.879974
0.870314
0.855937
0.838922
0.821071
0.803605
0.787081
0.771852
0.758419
0.747553
0.740217
0.737147
0.738533
0.743916
0.752221
0.761974
0.771491
0.779063
0.783433
0.784181
0.781833
0.777745
0.773652
0.771131
0.771186
0.774109
0.779725
0.787769
0.798175
0.811068
0.826407
0.84361
0.861337
0.87764
0.890425
0.897879
0.898787
0.892659
0.879754
0.861127
0.838631
0.814826
0.792821
0.775612
0.765368
0.762931
0.767658
0.777628
0.78994
0.801176
0.80802
0.8079
0.799446
0.782715
0.759469
0.733369
0.710008
0.695938
0.696142
0.711065
0.73699
0.768906
0.802639
0.835221
0.864379
0.888335
0.905638
0.915423
0.9176
0.912796
0.902265
0.887584
0.870185
0.851191
0.831443
0.811619
0.792323
0.774007
0.757013
0.741753
0.728912
0.719607
0.715151
0.716452
0.723292
0.734189
0.746828
0.758942
0.768949
0.776375
0.781789
0.786574
0.792318
0.800093
0.809934
0.820738
0.830651
0.837858
0.841364
0.841447
0.839513
0.837569
0.837328
0.839658
0.844492
0.850999
0.857907
0.863762
0.866983
0.866027
0.859623
0.847109
0.828672
0.805426
0.779279
0.752947
0.729409
0.711161
0.699549
0.694781
0.696249
0.702793
0.712724
0.724283
0.736416
0.749349
0.764203
0.781968
0.802557
0.824539
0.845632
0.863418
0.875942
0.882203
0.882354
0.877741
0.870328
0.862034
0.85409
0.847001
0.84087
0.835906
0.832439
0.830801
0.831048
0.832816
0.835394
0.837928
0.839573
0.839603
0.837548
0.833236
0.826713
0.818002
0.807047
0.793736
0.778252
0.76143
0.745054
0.731616
0.723326
0.721156
0.724561
0.731902
0.741244
0.750919
0.759824
0.767625
0.774584
0.781062
0.787195
0.792929
0.798224
0.803163
0.807581
0.810745
0.811546
0.809132
0.803234
0.794245
0.783025
0.770838
0.75927
0.750109
0.745051
0.74532
0.751362
0.762716
0.778039
0.795313
0.812189
0.826241
0.835368
0.838024
0.833619
0.822773
0.807543
0.791298
0.777913
0.770409
0.769637
0.774216
0.781557
0.789379
0.796559
0.803548
0.811877
0.822883
0.836429
0.850772
0.863395
0.87209
0.875783
0.874537
0.86927
0.861253
0.851756
0.841966
0.832954
0.825737
0.821107
0.819393
0.820166
0.822409
0.824909
0.82661
0.826697
0.824687
0.820289
0.813233
0.80337
0.790905
0.776562
0.761775
0.748624
0.73939
0.735751
0.738153
0.745752
0.756932
0.770077
0.784038
0.797996
0.811202
0.822755
0.831617
0.837066
0.838902
0.837595
0.833832
0.828253
0.821273
0.813313
0.805169
0.798213
0.794137
0.794416
0.79963
0.809039
0.820555
0.831499
0.839399
0.842654
0.840647
0.833709
0.822906
0.809717
0.795904
0.783183
0.772957
0.766238
0.7636
0.765333
0.77144
0.781589
0.794962
0.810217
0.825802
0.840212
0.852162
0.860691
0.865088
0.864935
0.860137
0.851012
0.838415
0.823584
0.807967
0.792954
0.779671
0.768814
0.76057
0.754668
0.750651
0.748149
0.74714
0.748043
0.751254
0.756696
0.76348
0.770053
0.774883
0.777186
0.77722
0.775919
0.774465
0.773817
0.774469
0.776641
0.780359
0.785543
0.791869
0.798653
0.80491
0.809646
0.812084
0.811712
0.80823
0.801573
0.792089
0.780643
0.76877
0.758551
0.752326
0.752138
0.759139
0.773141
0.792751
0.8157
0.83911
0.860044
0.875778
0.884358
0.884904
0.877801
0.864542
0.847347
0.828734
0.811068
0.796436
0.786308
0.78131
0.781065
0.784237
0.788903
0.793204
0.795813
0.796146
0.794363
0.791077
0.787197
0.783894
0.782375
0.783631
0.787915
0.794419
0.801463
0.807175
0.810117
0.809588
0.805681
0.799038
0.790764
0.782169
0.774772
0.770228
0.770042
0.775096
0.784817
0.797075
0.808676
0.816533
0.818744
0.815239
0.807655
0.798552
0.790536
0.785395
0.783784
0.785419
0.789655
0.795976
0.804039
0.81348
0.823704
0.833857
0.842764
0.848847
0.85044
0.846276
0.836068
0.820828
0.802766
0.784906
0.770548
0.762385
0.761525
0.767319
0.777662
0.789672
0.800606
0.808278
0.811367
0.809509
0.803474
0.795273
0.788061
0.78522
0.78855
0.797112
0.807978
0.818048
0.825437
0.829531
0.830533
0.828876
0.824983
0.819318
0.812683
0.80635
0.801827
0.800401
0.802607
0.807811
0.814478
0.820551
0.824222
0.824348
0.820703
0.813976
0.805678
0.797972
0.7932
0.793074
0.797771
0.805639
0.813759
0.819166
0.819727
0.814626
0.804233
0.789962
0.77398
0.758896
0.747238
0.740961
0.740926
0.746789
0.757299
0.770755
0.785371
0.79948
0.811769
0.821207
0.827
0.828655
0.826064
0.819536
0.809808
0.798023
0.785545
0.773834
0.764219
0.757573
0.754205
0.753766
0.755288
0.757377
0.758695
0.758221
0.755563
0.75106
0.745575
0.740414
0.737171
0.737441
0.742367
0.752203
0.766116
0.782402
0.799082
0.814521
0.827751
0.838365
0.846183
0.851044
0.852837
0.851605
0.847729
0.842077
0.835878
0.830332
0.825875
0.821721
0.816071
0.807033
0.793865
0.777829
0.762326
0.751953
0.750438
0.758561
0.773912
0.792647
0.811569
0.828854
0.843655
0.855464
0.863778
0.86827
0.868845
0.86551
0.858186
0.846649
0.830751
0.810908
0.788707
0.767197
0.750494
0.742325
0.744422
0.755558
0.772313
0.790594
0.807236
0.82039
0.829389
0.83432
0.835529
0.833357
0.828124
0.820253
0.810346
0.799024
0.786948
0.774762
0.763127
0.752363
0.742311
0.73265
0.723443
0.715609
0.710614
0.709795
0.713643
0.721712
0.733204
0.747407
0.763711
0.781347
0.799189
0.816104
0.831176
0.843942
0.854421
0.862766
0.869105
0.873299
0.87471
0.872434
0.865642
0.854273
0.839348
0.82279
0.806925
0.79381
0.784797
0.780416
0.78058
0.784764
0.79208
0.801418
0.811423
0.820538
0.827319
0.830675
0.829888
0.824772
0.815716
0.803638
0.789917
0.776332
0.764714
0.756473
0.752213
0.751589
0.753539
0.756831
0.760674
0.764966
0.770343
0.777925
0.788535
0.801939
0.816529
0.829821
0.839437
0.843806
0.842282
0.834979
0.822711
0.807255
0.791227
0.777489
0.768072
0.763505
0.763079
0.765719
0.77089
0.778681
0.789222
0.802106
0.816133
0.829701
0.8415
0.850882
0.857811
0.862631
0.865767
0.867338
0.867193
0.865006
0.860391
0.853091
0.843054
0.830614
0.8165
0.801736
0.787547
0.775247
0.765933
0.76013
0.757715
0.757957
0.759746
0.762042
0.764114
0.765838
0.767588
0.770122
0.774262
0.780671
0.789509
0.80034
0.812013
0.822902
0.831333
0.836117
0.836892
0.83417
0.829144
0.823262
0.817672
0.812946
0.80896
0.805129
0.800722
0.795155
0.788001
0.779163
0.769038
0.758588
0.749224
0.742542
0.739985
0.742289
0.749248
0.759714
0.771902
0.783811
0.793724
0.800577
0.804312
0.805881
0.806849
0.808842
0.812769
0.818641
0.825567
0.832293
0.837597
0.840626
0.84108
0.839169
0.835517
0.830959
0.826328
0.822167
0.818522
0.815002
0.811016
0.806026
0.79995
0.793305
0.78724
0.783045
0.781764
0.783863
0.789156
0.79693
0.806143
0.815464
0.823573
0.829293
0.831902
0.831364
0.828264
0.823577
0.818241
0.812824
0.80752
0.802571
0.798227
0.794837
0.79265
0.791736
0.791902
0.792649
0.793044
0.791955
0.788736
0.783648
0.778215
0.774652
0.774713
0.778705
0.785235
0.792112
0.797516
0.80064
0.801734
0.80154
0.800588
0.799099
0.797178
0.795176
0.793743
0.79359
0.795323
0.799094
0.804633
0.811441
0.81893
0.826479
0.833496
0.839264
0.842977
0.843878
0.841597
0.836538
0.82981
0.823085
0.817934
0.815259
0.814886
0.815552
0.815464
0.812933
0.806859
0.797301
0.785639
0.774245
0.765824
0.762462
0.764757
0.77175
0.781467
0.791702
0.800679
0.807379
0.811435
0.812812
0.811405
0.806936
0.79935
0.78973
0.78068
0.775415
0.775756
0.781047
0.789105
0.798201
0.807814
0.818077
0.829028
0.840175
0.850519
0.858726
0.863413
0.863439
0.85825
0.848132
0.834001
0.817211
0.799287
0.781827
0.766427
0.754618
0.747629
0.74598
0.749128
0.755329
0.762289
0.768019
0.771482
0.772712
0.772582
0.772308
0.773071
0.775772
0.780977
0.788746
0.798606
0.809512
0.819902
0.827975
0.83216
0.831757
0.827142
0.819471
0.810325
0.801208
0.793411
0.78805
0.786103
0.788304
0.794848
0.805193
0.818076
0.83174
0.844118
0.853121
0.856957
0.854444
0.845322
0.830362
0.811367
0.790978
0.771963
0.756628
0.74634
0.741381
0.741022
0.744145
0.749757
0.757231
0.766302
0.776678
0.787751
0.798512
0.807806
0.814645
0.818502
0.819434
0.818209
0.816141
0.814805
0.815543
0.818865
0.824178
0.829909
0.833937
0.834238
0.829625
0.820283
0.807898
0.795306
0.785292
0.779466
0.777803
0.779159
0.782392
0.786903
0.792563
0.799225
0.806372
0.81319
0.818962
0.823276
0.826087
0.827376
0.82698
0.824451
0.819326
0.811369
0.800855
0.788763
0.776577
0.766151
0.759072
0.756259
0.757674
0.762542
0.769804
0.778469
0.787836
0.797355
0.806464
0.814618
0.821254
0.826115
0.829255
0.830976
0.831618
0.83131
0.829902
0.827028
0.822339
0.815775
0.807701
0.798788
0.789863
0.781638
0.77466
0.769337
0.765921
0.764573
0.765294
0.767879
0.771946
0.77705
0.782819
0.789038
0.795727
0.803127
0.811463
0.820573
0.829723
0.837724
0.843329
0.845809
0.8451
0.841745
0.83664
0.830671
0.82453
0.818525
0.812607
0.806459
0.799706
0.792237
0.784531
0.777669
0.773029
0.771675
0.773963
0.779603
0.7878
0.797311
0.806404
0.813046
0.815349
0.81204
0.802795
0.788205
0.769483
0.748137
0.725982
0.70542
0.689463
0.681362
0.683713
0.697506
0.721705
0.753553
0.78941
0.825437
0.857972
0.883827
0.900593
0.906905
0.902794
0.889832
0.871006
0.850075
0.830783
0.816247
0.808378
0.807784
0.813796
0.824698
0.838277
0.852119
0.863817
0.871061
0.871841
0.864644
0.848833
0.824937
0.794994
0.762552
0.732245
0.708848
0.695874
0.694556
0.703527
0.719552
0.738858
0.758282
0.77591
0.791142
0.804164
0.815148
0.823991
0.830295
0.833733
0.834546
0.833596
0.832314
0.832303
0.83476
0.840004
0.847052
0.853853
0.857827
0.856939
0.850404
0.839039
0.824836
0.81029
0.797763
0.788986
0.78479
0.785111
0.789163
0.795795
0.803854
0.812355
0.820509
0.827399
0.831662
0.83139
0.824504
0.809643
0.787144
0.759713
0.732171
0.710131
0.6982
0.69877
0.71157
0.734161
0.762952
0.794193
0.824627
0.851749
0.873846
0.889724
0.898641
0.900169
0.894308
0.881851
0.864544
0.845049
0.826548
0.811956
0.803312
0.801157
0.804447
0.810899
0.817619
0.821704
0.820827
0.813654
0.800115
0.781523
0.760341
0.739658
0.72245
0.710938
0.706335
0.708663
0.716866
0.7289
0.742333
0.754974
0.765226
0.772152
0.775447
0.775477
0.773362
0.770379
0.767348
0.764551
0.762408
0.761837
0.764046
0.77009
0.780431
0.79469
0.811679
0.829583
0.846295
0.859875
0.868747
0.871782
0.868382
0.85866
0.843499
0.824504
0.80389
0.784189
0.767878
0.756849
0.752258
0.754521
0.763608
0.779119
0.799961
0.824066
0.848463
0.869907
0.885506
0.893242
0.89221
0.882693
0.866291
0.845953
0.825238
0.806955
0.791681
0.77779
0.763012
0.746162
0.728531
0.714074
0.707802
0.712383
0.726172
0.744896
0.764868
0.784403
0.803145
0.821103
0.838035
0.853337
0.866105
0.87555
0.881018
0.882172
0.879032
0.871972
0.861748
0.849329
0.835653
0.82162
0.807972
0.795236
0.783825
0.774086
0.766485
0.761746
0.760653
0.763741
0.770868
0.781127
0.793173
0.805378
0.816124
0.824028
0.828249
0.828684
0.826025
0.821498
0.816379
0.811813
0.80857
0.806983
0.806917
0.807901
0.809213
0.8102
0.810501
0.810155
0.809457
0.808819
0.808629
0.80919
0.810515
0.812179
0.813238
0.812383
0.808381
0.800538
0.789075
0.77514
0.760652
0.747778
0.738398
0.733664
0.73382
0.738317
0.745995
0.755274
0.764471
0.771898
0.776107
0.776204
0.772053
0.764485
0.755433
0.74766
0.744024
0.746431
0.754901
0.767522
0.781402
0.793799
0.802735
0.807306
0.807494
0.804
0.798044
0.791183
0.785052
0.780964
0.779753
0.781672
0.786659
0.794345
0.804155
0.815221
0.826455
0.8369
0.84616
0.854523
0.862658
0.87082
0.878345
0.883624
0.884744
0.880335
0.869918
0.853934
0.833467
0.810145
0.786108
0.763829
0.745567
0.73271
0.725549
0.723491
0.725594
0.730965
0.73874
0.747846
0.75702
0.765179
0.771936
0.777858
0.78426
0.792467
0.803088
0.81576
0.829442
0.842729
0.854319
0.86331
0.869496
0.873298
0.875309
0.875466
0.872674
0.865393
0.852629
0.834566
0.812597
0.788963
0.766121
0.746317
0.731245
0.721839
0.718216
0.719968
0.726582
0.737803
0.753466
0.772431
0.791843
0.807616
0.816484
0.817566
0.812444
0.804173
0.795879
0.789622
0.786056
0.78472
0.784647
0.784906
0.785034
0.785199
0.786063
0.788521
0.793294
0.800851
0.811164
0.823609
0.836971
0.84965
0.859974
0.866439
0.868031
0.864387
0.855862
0.843314
0.827999
0.811466
0.795376
0.781296
0.770417
0.763327
0.759887
0.759473
0.761152
0.764015
0.767232
0.770088
0.771985
0.772634
0.772336
0.772083
0.773268
0.777048
0.783601
0.792055
0.800982
0.809084
0.815405
0.8193
0.820445
0.818706
0.814215
0.80746
0.799416
0.791573
0.785756
0.783836
0.787208
0.796319
0.810485
0.827941
0.846172
0.862454
0.874348
0.880139
0.879043
0.871268
0.857967
0.840927
0.822053
0.802937
0.784864
0.769021
0.756881
0.750089
0.749929
0.756616
0.769017
0.784906
0.801798
0.817574
0.830832
0.840732
0.846714
0.84845
0.845929
0.83962
0.830414
0.819552
0.80835
0.798083
0.789844
0.784401
0.782111
0.782989
0.786781
0.792672
0.799145
0.804095
0.805659
0.80291
0.796193
0.786763
0.776329
0.766684
0.759332
0.755326
0.755007
0.758021
0.763525
0.770811
0.779735
0.790539
0.803395
0.817977
0.83324
0.847653
0.859543
0.867495
0.870718
0.869276
0.864122
0.856877
0.849395
0.843325
0.839728
0.838821
0.840051
0.842251
0.844051
0.844224
0.841969
0.837001
0.829344
0.818983
0.805868
0.790433
0.774253
0.760289
0.751814
0.75032
0.754168
0.75975
0.763833
0.765108
0.764436
0.764123
0.766678
0.77348
0.784105
0.796481
0.807786
0.815592
0.818441
0.816312
0.810664
0.804216
0.800223
0.801163
0.807431
0.816895
0.825636
0.829758
0.827051
0.817645
0.803737
0.788562
0.775337
0.766283
0.762124
0.762143
0.764708
0.767972
0.770548
0.771783
0.771982
0.772136
0.773402
0.776496
0.781474
0.787785
0.794764
0.802119
0.809866
0.818155
0.826761
0.834909
0.841288
0.844491
0.843581
0.838746
0.831319
0.823464
0.817388
0.814575
0.815491
0.819531
0.825404
0.831637
0.836862
0.840189
0.84115
0.839766
0.836487
0.831927
0.826687
0.821329
0.816286
0.811767
0.807715
0.803887
0.799995
0.795717
0.79075
0.785003
0.778651
0.772205
0.766377
0.761915
0.75955
0.759927
0.763451
0.770036
0.778995
0.788871
0.797773
0.803799
0.805587
0.802734
0.795907
0.786698
0.777239
0.769537
0.765168
0.765104
0.769623
0.778325
0.790029
0.802951
0.814912
0.823793
0.828145
0.82746
0.8223
0.814005
0.804373
0.795339
0.788669
0.785916
0.788132
0.795587
0.807668
0.822818
0.838793
0.852945
0.86272
0.866154
0.862226
0.851069
0.833839
0.812519
0.78962
0.767941
0.750351
0.739435
0.737368
0.745562
0.764029
0.79094
0.822799
0.855196
0.883872
0.905473
0.917859
0.920106
0.912438
0.896134
0.873386
0.846759
0.818803
0.791513
0.76651
0.745462
0.730246
0.72269
0.723885
0.733592
0.750278
0.771527
0.794604
0.816843
0.83594
0.850275
0.859153
0.862688
0.86149
0.856337
0.847822
0.836411
0.822442
0.806484
0.789735
0.77417
0.76222
0.755884
0.755803
0.760787
0.768449
0.776334
0.782746
0.787038
0.789535
0.791129
0.793002
0.796329
0.80177
0.809041
0.816716
0.822789
0.825498
0.82399
0.818538
0.810262
0.800637
0.791032
0.782521
0.775858
0.771438
0.769562
0.770581
0.774813
0.782166
0.791771
0.802154
0.811675
0.81926
0.824611
0.828015
0.82977
0.829783
0.827515
0.82247
0.814559
0.804552
0.794089
0.785181
0.779748
0.778956
0.782931
0.79074
0.80086
0.811673
0.821651
0.829286
0.833033
0.831682
0.824954
0.813773
0.800248
0.787123
0.776962
0.7715
0.771502
0.776853
0.786637
0.79921
0.812297
0.823573
0.831237
0.834557
0.833856
0.830113
0.824587
0.818358
0.812345
0.807329
0.803818
0.802073
0.802129
0.804001
0.807614
0.812715
0.818828
0.825164
0.830641
0.834065
0.834462
0.831193
0.82405
0.813273
0.799525
0.784017
0.768611
0.755526
0.746745
0.743303
0.744926
0.750257
0.757395
0.76442
0.770025
0.773657
0.77553
0.776358
0.777204
0.779329
0.784116
0.792967
0.806763
0.825211
0.846507
0.867613
0.885065
0.896046
0.89899
0.893734
0.881531
0.86438
0.844518
0.824021
0.804731
0.788461
0.777094
0.77225
0.774896
0.784864
0.800589
0.819353
0.837655
0.851877
0.858937
0.857048
0.846259
0.828633
0.80778
0.78767
0.771222
0.759569
0.752356
0.748662
0.747605
0.748656
0.751642
0.756625
0.763656
0.772697
0.783382
0.795068
0.806791
0.817347
0.825503
0.83006
0.83022
0.825893
0.81809
0.809123
0.802039
0.799529
0.802688
0.810647
0.821085
0.831032
0.837697
0.839118
0.834324
0.823359
0.807023
0.786625
0.764049
0.741699
0.722334
0.708653
0.702707
0.705494
0.7169
0.73595
0.761025
0.789835
0.819485
0.846792
0.868859
0.883495
0.889528
0.886802
0.876061
0.858748
0.836741
0.812308
0.788032
0.766523
0.7502
0.740984
0.740001
0.747399
0.762297
0.782784
0.80605
0.828686
0.847392
0.859616
0.864132
0.861178
0.852241
0.839519
0.825193
0.810903
0.797635
0.785873
0.776169
0.769325
0.765903
0.766097
0.769731
0.776474
0.786023
0.797759
0.810396
0.822089
0.830885
0.835491
0.835708
0.832313
0.826471
0.819036
0.810219
0.799958
0.788376
0.776036
0.764024
0.753669
0.746146
0.741992
0.74079
0.741401
0.74253
0.743502
0.744724
0.747836
0.755272
0.769397
0.791437
0.820605
0.854206
0.888456
0.919463
0.944051
0.960134
0.96668
0.963548
0.951238
0.930777
0.903575
0.871565
0.837182
0.803081
0.77213
0.74714
0.730678
0.724404
0.728444
0.741082
0.759077
0.778559
0.795861
0.808194
0.813828
0.812152
0.803574
0.789388
0.771765
0.753625
0.73858
0.730192
0.73073
0.74016
0.756094
0.775083
0.793949
0.810669
0.82448
0.83558
0.844782
0.853164
0.861566
0.870269
0.878936
0.88669
0.892508
0.895353
0.89457
0.889813
0.880923
0.867789
0.850284
0.828384
0.802324
0.772863
0.741606
0.710954
0.684015
0.664271
0.654907
0.658054
0.674058
0.701123
0.735587
0.772883
0.808623
0.839549
0.863822
0.880779
0.89034
0.892485
0.8874
0.875852
0.85952
0.840859
0.82229
0.805717
0.792426
0.783404
0.779731
0.782332
0.79114
0.804666
0.820512
0.836324
0.850181
0.860374
0.86529
0.863693
0.855118
0.840288
0.821017
0.799704
0.779072
0.761898
0.750723
0.746988
0.750325
0.758876
0.770241
0.782293
0.793523
0.802731
0.808994
0.811632
0.810377
0.805579
0.798332
0.7904
0.783886
0.780503
0.780997
0.785286
0.792866
0.803219
0.81596
0.830765
0.847113
0.863974
0.879724
0.892325
0.900002
0.901677
0.896729
0.884739
0.865714
0.840614
0.811676
0.782107
0.755374
0.734323
0.720644
0.714629
0.715487
0.721834
0.732165
0.745245
0.760215
0.776392
0.792898
0.808218
0.820382
0.82743
0.828027
0.82204
0.810762
0.796532
0.78198
0.769299
0.75988
0.754269
0.752407
0.753752
0.757353
0.762117
0.767077
0.771869
0.776899
0.783201
0.792072
0.804522
0.820561
0.838991
0.857598
0.873757
0.885168
0.89044
0.889113
0.881491
0.86841
0.851192
0.831855
0.81333
0.799277
0.793291
0.797447
0.811144
0.831084
0.852571
0.871125
0.883524
0.88817
0.884798
0.874049
0.857542
0.838014
0.819285
0.805195
0.797776
0.796087
0.796979
0.796803
0.792726
0.783374
0.769163
0.752161
0.73548
0.722218
0.714507
0.713013
0.716933
0.724595
0.734184
0.744252
0.753993
0.763302
0.772492
0.782179
0.792828
0.80469
0.817641
0.831138
0.844348
0.856087
0.865085
0.870298
0.871307
0.868324
0.862245
0.854347
0.845846
0.837373
0.828957
0.820075
0.810059
0.798516
0.785713
0.772694
0.760845
0.751373
0.745048
0.742186
0.743117
0.74833
0.758243
0.772594
0.790079
0.80849
0.825391
0.838814
0.847889
0.852929
0.855212
0.856007
0.855888
0.854569
0.851348
0.845821
0.838399
0.830301
0.82333
0.819421
0.819784
0.824215
0.830866
0.836964
0.839727
0.837284
0.829219
0.816506
0.801176
0.785811
0.772943
0.764558
0.761755
0.764495
0.771594
0.780969
0.790158
0.796818
0.799478
0.79797
0.793556
0.788551
0.785412
0.785877
0.790111
0.79662
0.802981
0.807011
0.807664
0.805235
0.801009
0.796493
0.792826
0.790593
0.789901
0.790912
0.793762
0.798423
0.80439
0.810748
0.816411
0.820675
0.82346
0.825278
0.826943
0.829069
0.83182
0.83493
0.837777
0.83973
0.840162
0.838349
0.833424
0.82464
0.811565
0.794571
0.774879
0.754525
0.735943
0.721284
0.711903
0.708034
0.708893
0.713121
0.719169
0.725863
0.732732
0.740162
0.74911
0.760716
0.775551
0.793261
0.812384
0.830753
0.84626
0.857332
0.863304
0.86435
0.861433
0.855755
0.848473
0.840335
0.83168
0.822558
0.812955
0.803101
0.793671
0.785609
0.780055
0.777999
0.779928
0.785662
0.794269
0.804222
0.8137
0.820887
0.824245
0.822781
0.816312
0.805375
0.791345
0.776282
0.762676
0.75292
0.748729
0.750526
0.757343
0.767101
0.777442
0.786784
0.794682
0.801533
0.80783
0.81376
0.819309
0.824497
0.829348
0.833391
0.835577
0.834729
0.830244
0.822576
0.812962
0.802917
0.793812
0.786594
0.781982
0.780467
0.782382
0.787775
0.796169
0.806521
0.817397
0.827243
0.834607
0.838339
0.837779
0.832745
0.823622
0.811371
0.797412
0.783319
0.770553
0.760267
0.753202
0.749747
0.749909
0.753445
0.759904
0.768656
0.778989
0.79021
0.801763
0.813323
0.824831
0.836135
0.846785
0.855851
0.862222
0.864978
0.863768
0.858881
0.851128
0.841615
0.831332
0.821107
0.811476
0.802698
0.794865
0.788006
0.782288
0.777995
0.77521
0.773543
0.772035
0.769644
0.765906
0.761644
0.759164
0.761523
0.770931
0.787405
0.808504
0.830455
0.849639
0.86356
0.871162
0.872677
0.869331
0.862878
0.855126
0.847375
0.840294
0.834109
0.828747
0.824126
0.820236
0.817025
0.81419
0.810967
0.80622
0.798861
0.788428
0.775631
0.762443
0.751469
0.74495
0.743935
0.747955
0.755198
0.763181
0.769506
0.772423
0.771213
0.766275
0.758964
0.75116
0.744763
0.741171
0.741124
0.74474
0.751642
0.761086
0.772169
0.783863
0.795051
0.804567
0.811562
0.815794
0.817749
0.818294
0.818196
0.817747
0.81678
0.81475
0.811127
0.80556
0.79809
0.78924
0.779964
0.771672
0.765997
0.76439
0.767734
0.776003
0.788235
0.802876
0.818251
0.832897
0.845636
0.85544
0.861377
0.862626
0.858578
0.848966
0.834065
0.814818
0.793091
0.771526
0.75315
0.740832
0.736667
0.741391
0.754106
0.772544
0.793863
0.815384
0.834898
0.850608
0.861032
0.865182
0.86282
0.854552
0.841764
0.826445
0.810941
0.797411
0.787394
0.781436
0.779283
0.780374
0.784324
0.79104
0.800393
0.811609
0.823083
0.832663
0.838282
0.838483
0.832927
0.822373
0.808541
0.793652
0.77995
0.769371
0.763338
0.762705
0.767739
0.77822
0.793428
0.811919
0.831396
0.848919
0.861497
0.866957
0.864617
0.855815
0.843724
0.83189
0.822108
0.813772
0.805331
0.79596
0.785835
0.775684
0.766465
0.759071
0.75407
0.751687
0.751694
0.753579
0.756779
0.760825
0.765355
0.769998
0.774305
0.777815
0.780193
0.781484
0.782027
0.782332
0.782987
0.784501
0.787225
0.79126
0.796487
0.802635
0.809378
0.816196
0.822313
0.826895
0.829409
0.829712
0.828186
0.825598
0.822881
0.820965
0.820499
0.821499
0.823342
0.825138
0.826195
0.826442
0.826405
0.826644
0.827395
0.828388
0.829011
0.828642
0.827042
0.824399
0.821256
0.818071
0.815038
0.812054
0.809005
0.805982
0.803316
0.801621
0.801432
0.802828
0.805196
0.807357
0.808059
0.806499
0.802523
0.796525
0.789025
0.780471
0.771174
0.761664
0.752726
0.74535
0.740454
0.738716
0.740532
0.745987
0.754714
0.765807
0.777811
0.789082
0.798097
0.803655
0.80514
0.80267
0.797234
0.790525
0.784427
0.780434
0.779093
0.779871
0.781618
0.783227
0.783982
0.783605
0.782058
0.779651
0.777055
0.775377
0.775748
0.778943
0.785188
0.794221
0.805419
0.818047
0.831306
0.844401
0.856584
0.867056
0.874926
0.879324
0.879526
0.875062
0.865947
0.852607
0.83595
0.817155
0.797623
0.778788
0.762023
0.748669
0.739916
0.736253
0.737095
0.741041
0.74658
0.752768
0.759505
0.767331
0.776951
0.788651
0.801786
0.814661
0.824988
0.830737
0.830911
0.825859
0.817154
0.806853
0.796776
0.788188
0.78177
0.777899
0.776894
0.778989
0.784075
0.791416
0.799997
0.80904
0.818242
0.827708
0.837504
0.847367
0.85649
0.863636
0.867363
0.866319
0.859595
0.847376
0.831115
0.812954
0.794863
0.778071
0.763471
0.752398
0.746785
0.748432
0.758037
0.774547
0.795137
0.815974
0.833293
0.84448
0.848742
0.847221
0.842375
0.836763
0.831978
0.82808
0.824069
0.818738
0.811542
0.802797
0.79344
0.784532
0.776682
0.770103
0.764782
0.760684
0.757918
0.756783
0.757681
0.761141
0.767509
0.776857
0.788696
0.801779
0.814247
0.824281
0.830653
0.832948
0.831491
0.82696
0.819969
0.81106
0.800817
0.789897
0.779059
0.769044
0.760464
0.753866
0.749873
0.749177
0.75233
0.759319
0.769371
0.780923
0.79201
0.800754
0.805902
0.807164
0.805399
0.802517
0.801061
0.803283
0.810166
0.821017
0.833802
0.845908
0.855166
0.860207
0.860491
0.855975
0.847039
0.834541
0.819928
0.805161
0.79263
0.784569
0.782418
0.786105
0.793906
0.803014
0.810799
0.815777
0.817857
0.817871
0.816982
0.816101
0.815596
0.81517
0.814264
0.812679
0.811042
0.810627
0.812428
0.816371
0.821083
0.824546
0.824939
0.821445
0.814383
0.805011
0.795375
0.787819
0.784365
0.785928
0.791778
0.799898
0.807996
0.814342
0.817951
0.818266
0.814808
0.807229
0.79552
0.780493
0.763905
0.748481
0.737356
0.733003
0.736306
0.746193
0.760257
0.775837
0.79102
0.804799
0.816625
0.825833
0.831282
0.831848
0.82678
0.816069
0.800602
0.782048
0.76272
0.745297
0.732232
0.725406
0.725858
0.733803
0.748462
0.768088
0.790086
0.811545
0.82984
0.843121
0.850456
0.851631
0.847221
0.838411
0.826965
0.815017
0.804841
0.798527
0.797445
0.801932
0.811338
0.824222
0.838719
0.852891
0.865136
0.874323
0.879754
0.881175
0.87862
0.872273
0.862428
0.849304
0.833156
0.814457
0.794076
0.773458
0.754465
0.73913
0.729233
0.725965
0.729591
0.739295
0.753319
0.769398
0.785074
0.798004
0.806295
0.808764
0.80522
0.79664
0.785064
0.773094
0.763026
0.756191
0.752686
0.751721
0.752296
0.753853
0.756431
0.760506
0.766783
0.775835
0.787893
0.802738
0.819583
0.83707
0.853421
0.866609
0.874725
0.876249
0.870449
0.857588
0.839183
0.817976
0.797426
0.780927
0.77083
0.767875
0.771349
0.779644
0.790855
0.803161
0.815141
0.825746
0.834256
0.840216
0.843345
0.84345
0.840444
0.834433
0.825612
0.814315
0.80116
0.787138
0.773565
0.762005
0.754104
0.751312
0.754358
0.762809
0.774912
0.788198
0.800556
0.811016
0.819354
0.825251
0.828183
0.827883
0.824784
0.819728
0.813647
0.807173
0.800603
0.794033
0.787382
0.780427
0.772898
0.764671
0.756003
0.748025
0.742504
0.741042
0.743999
0.750444
0.759017
0.76873
0.779288
0.790768
0.803328
0.817091
0.831931
0.847245
0.861826
0.874215
0.883302
0.888504
0.889579
0.886169
0.878012
0.86564
0.850739
0.83572
0.822751
0.81293
0.806051
0.801239
0.797717
0.795164
0.793486
0.792315
0.79071
0.7874
0.781197
0.771749
0.759981
0.748498
0.740954
0.740796
0.749433
0.765354
0.784762
0.803258
0.817464
0.825719
0.828096
0.825867
0.820948
0.81526
0.810522
0.808009
0.808413
0.81163
0.816824
0.822663
0.827704
0.830726
0.830988
0.828286
0.823124
0.816703
0.810655
0.806454
0.804842
0.805543
0.807488
0.809367
0.810033
0.808581
0.804435
0.797342
0.787561
0.776028
0.76427
0.754204
0.747641
0.745776
0.748874
0.756305
0.766738
0.778446
0.789724
0.79912
0.805746
0.809323
0.810038
0.808432
0.805181
0.801
0.796564
0.792528
0.789619
0.78861
0.790091
0.794361
0.80111
0.809531
0.818673
0.827903
0.837119
0.846501
0.855899
0.864507
0.870898
0.87368
0.872053
0.86611
0.856829
0.845668
0.834054
0.823079
0.813343
0.80508
0.798164
0.792103
0.786109
0.77931
0.770989
0.76096
0.749665
0.738215
0.727935
0.719926
0.714779
0.71274
0.7139
0.718328
0.725908
0.73628
0.748886
0.763055
0.77806
0.79304
0.807165
0.819924
0.831348
0.84207
0.852801
0.863564
0.873373
0.880588
0.883668
0.88172
0.874798
0.863865
0.850495
0.83631
0.822601
0.810054
0.798793
0.788538
0.778965
0.769796
0.761127
0.75361
0.748192
0.745576
0.745574
0.746886
0.747599
0.746152
0.742186
0.736898
0.732657
0.732206
0.737486
0.748942
0.765409
0.784719
0.804586
0.823116
0.839045
0.851647
0.860672
0.866231
0.868506
0.867564
0.863499
0.856745
0.84832
0.839673
0.832323
0.827411
0.825424
0.826078
0.828556
0.83186
0.834988
0.837117
0.837726
0.83658
0.833672
0.828979
0.822503
0.814292
0.804601
0.794012
0.783268
0.772965
0.763224
0.753982
0.745399
0.738143
0.733142
0.731013
0.731769
0.735035
0.740422
0.747823
0.757279
0.76876
0.781893
0.795961
0.810067
0.82324
0.834491
0.842933
0.847801
0.848598
0.845026
0.837098
0.82531
0.810829
0.795563
0.781914
0.772126
0.767517
0.768173
0.773105
0.78072
0.789391
0.797793
0.805066
0.810686
0.814396
0.816074
0.815778
0.813701
0.810467
0.807116
0.804856
0.804552
0.806012
0.807875
0.808377
0.8063
0.801453
0.794441
0.786296
0.77815
0.771185
0.766795
0.766514
0.771617
0.782421
0.797647
0.814738
0.830727
0.843146
0.850663
0.853115
0.851317
0.846635
0.840522
0.834066
0.827636
0.820987
0.813759
0.805938
0.798111
0.791227
0.786221
0.783473
0.782558
0.782401
0.781599
0.778744
0.772762
0.76347
0.752178
0.741559
0.734658
0.733045
0.736131
0.742164
0.749604
0.75773
0.766344
0.77548
0.785351
0.796362
0.809048
0.82378
0.840301
0.85755
0.87367
0.886465
0.893934
0.894626
0.887958
0.874456
0.855727
0.834391
0.813596
0.796245
0.784116
0.777437
0.775053
0.77503
0.775282
0.774184
0.770888
0.765527
0.759154
0.75347
0.750251
0.750754
0.755259
0.762944
0.772297
0.781635
0.789621
0.795615
0.799792
0.802935
0.80584
0.808735
0.811126
0.812345
0.812297
0.811779
0.812182
0.814871
0.820568
0.829015
0.839058
0.84911
0.857776
0.864083
0.867546
0.868017
0.865766
0.861425
0.855941
0.850179
0.844436
0.838403
0.83151
0.823354
0.813947
0.803757
0.793521
0.784016
0.775786
0.769002
0.7636
0.759271
0.755686
0.752618
0.7501
0.74831
0.747499
0.747992
0.750075
0.75384
0.75919
0.765784
0.773159
0.780662
0.787476
0.792778
0.79594
0.796781
0.795521
0.792692
0.788982
0.785103
0.781796
0.779605
0.778856
0.779648
0.781975
0.785898
0.791463
0.798586
0.806866
0.815578
0.823793
0.830565
0.835305
0.837867
0.838715
0.838634
0.838293
0.837857
0.836749
0.833941
0.828569
0.820535
0.810712
0.800582
0.791827
0.785775
0.783175
0.784068
0.787796
0.793204
0.798782
0.802947
0.804358
0.80222
0.796383
0.787266
0.775872
0.763487
0.751454
0.740978
0.733152
0.728946
0.729217
0.734592
0.74506
0.759886
0.777742
0.796888
0.815593
0.832208
0.845378
0.854291
0.858847
0.859736
0.858285
0.856108
0.854584
0.854486
0.855649
0.857177
0.858006
0.857394
0.855181
0.851532
0.846737
0.841016
0.834553
0.827513
0.820012
0.812214
0.804259
0.796272
0.78839
0.78078
0.773688
0.767227
0.76134
0.755848
0.750578
0.745556
0.741179
0.738202
0.737684
0.740805
0.748532
0.761276
0.778572
0.798938
0.820049
0.83904
0.853215
0.860571
0.860375
0.853583
0.842771
0.831531
0.823387
0.82035
0.821824
0.82512
0.826945
0.825061
0.819069
0.810053
0.799598
0.788699
0.777486
0.765582
0.752849
0.739931
0.728414
0.720308
0.717405
0.720349
0.728105
0.738115
0.747261
0.753148
0.754908
0.75331
0.750257
0.747945
0.748235
0.75245
0.761467
0.775978
0.796334
0.82197
0.851097
0.880846
0.907937
0.929281
0.942541
0.946509
0.941212
0.927821
0.908344
0.885277
0.86127
0.838992
0.821
0.809425
0.80523
0.807676
0.814298
0.821611
0.826404
0.826527
0.821175
0.810685
0.795983
0.778196
0.758484
0.738179
0.719121
0.703561
0.693664
0.6909
0.695521
0.70639
0.721484
0.738381
0.754798
0.768908
0.77961
0.786726
0.791199
0.794934
0.800143
0.808395
0.819843
0.83308
0.845585
0.854812
0.859009
0.857752
0.851833
0.842894
0.832776
0.823204
0.815737
0.811783
0.81227
0.81696
0.824036
0.830658
0.83418
0.833242
0.82799
0.819782
0.810359
0.80132
0.793868
0.788711
0.786054
0.785723
0.787286
0.790398
0.795018
0.801238
0.80901
0.817879
0.826912
0.834975
0.841013
0.844305
0.844549
0.841952
0.837259
0.831607
0.826166
0.821827
0.819014
0.817713
0.817612
0.818324
0.819561
0.821298
0.823427
0.825455
0.826425
0.825284
0.821281
0.814247
0.804461
0.792431
0.778718
0.764009
0.749205
0.735657
0.725057
0.718979
0.718212
0.722332
0.730035
0.739871
0.750679
0.761581
0.771728
0.780293
0.786594
0.790316
0.791717
0.791588
0.791082
0.791462
0.793743
0.798372
0.805109
0.813138
0.821252
0.828165
0.83319
0.836673
0.839859
0.843695
0.847807
0.850368
0.849245
0.843169
0.832086
0.816973
0.799509
0.78177
0.766081
0.75466
0.749261
0.75079
0.759049
0.772804
0.790067
0.808567
0.826154
0.8411
0.852129
0.858336
0.859138
0.854245
0.843653
0.82798
0.808518
0.787133
0.765883
0.746854
0.731827
0.722098
0.718164
0.719596
0.725009
0.732557
0.740537
0.747982
0.754893
0.761959
0.769835
0.778716
0.788241
0.79787
0.807253
0.816321
0.825139
0.833682
0.841707
0.848601
0.853653
0.856289
0.856154
0.853204
0.847564
0.839534
0.829683
0.819003
0.808839
0.800563
0.795135
0.792882
0.793657
0.797085
0.802559
0.809246
0.816071
0.8217
0.824816
0.824597
0.820919
0.814415
0.80625
0.797825
0.790398
0.784847
0.781367
0.779487
0.7785
0.778021
0.778244
0.779846
0.783335
0.788463
0.794435
0.800236
0.805189
0.808957
0.811454
0.812671
0.812607
0.811341
0.809252
0.807015
0.805459
0.805275
0.806715
0.809228
0.811548
0.811993
0.809055
0.801846
0.790391
0.775708
0.759585
0.74422
0.731927
0.724773
0.724169
0.730445
0.742556
0.758317
0.775075
0.790545
0.803331
0.813026
0.820064
0.825457
0.830442
0.836097
0.843007
0.85113
0.859874
0.868323
0.87537
0.879998
0.881351
0.878994
0.87296
0.863654
0.851753
0.837992
0.822988
0.807343
0.791945
0.778064
0.767051
0.759992
0.757242
0.758605
0.763612
0.771792
0.782663
0.795517
0.809272
0.822451
0.83351
0.84104
0.843947
0.841702
0.834352
0.822491
0.806982
0.78884
0.76911
0.748746
0.72862
0.709933
0.694574
0.685125
0.684175
0.692925
0.710293
0.733221
0.758022
0.781438
0.801208
0.816073
0.825728
0.830542
0.831416
0.829444
0.825671
0.821055
0.816515
0.812802
0.810397
0.809379
0.809497
0.810378
0.811797
0.813641
0.815692
0.817591
0.81889
0.819171
0.818096
0.815453
0.811269
0.805915
0.800272
0.795664
0.793593
0.795475
0.802216
0.813796
0.829242
0.846724
0.863865
0.878088
0.886903
0.888176
0.880569
0.864013
0.840065
0.81186
0.783739
0.760223
0.744621
0.738047
0.739385
0.746317
0.756554
0.768387
0.780795
0.793306
0.805424
0.816433
0.825311
0.830825
0.832004
0.828415
0.820298
0.808652
0.795079
0.781613
0.770312
0.762912
0.760568
0.76365
0.771659
0.783234
0.79633
0.808623
0.817988
0.823269
0.8244
0.822313
0.818519
0.814522
0.811374
0.809417
0.808363
0.807582
0.806387
0.804359
0.80152
0.798409
0.795834
0.794626
0.795214
0.797448
0.800559
0.803573
0.805523
0.805897
0.804699
0.802355
0.799453
0.796643
0.794538
0.793609
0.794061
0.795729
0.798022
0.799873
0.800135
0.797844
0.792681
0.785148
0.776624
0.768952
0.764015
0.763099
0.766467
0.773307
0.782038
0.79072
0.797585
0.801369
0.801499
0.798083
0.79183
0.783814
0.775111
0.766734
0.75963
0.754705
0.752776
0.754364
0.759548
0.768057
0.779462
0.793303
0.809115
0.826318
0.844053
0.86111
0.875865
0.886603
0.891639
0.889764
0.880518
0.864474
0.843297
0.819628
0.796726
0.777862
0.76558
0.761062
0.763897
0.772319
0.783978
0.796864
0.809839
0.822574
0.835092
0.847089
0.857532
0.864917
0.867658
0.864885
0.856625
0.843769
0.82763
0.80965
0.791278
0.773938
0.758974
0.747425
0.739828
0.736152
0.735969
0.738669
0.743639
0.75019
0.757533
0.764719
0.770827
0.775108
0.777141
0.77691
0.774926
0.772122
0.769664
0.768588
0.769517
0.772662
0.778019
0.785518
0.795249
0.807422
0.822264
0.839623
0.858699
0.878095
0.896089
0.911122
0.921914
0.927619
0.927711
0.921998
0.910631
0.894246
0.873985
0.851384
0.828164
0.806017
0.786426
0.770601
0.759409
0.753176
0.751456
0.752952
0.755568
0.756839
0.754661
0.747811
0.736144
0.720349
0.701555
0.681025
0.660159
0.640948
0.626192
0.619218
0.62295
0.638694
0.665548
0.700815
0.741
0.78264
0.822766
0.85907
0.889941
0.914262
0.931212
0.940105
0.940489
0.932237
0.915887
0.892653
0.864554
0.834312
0.805041
0.779793
0.761187
0.750923
0.749486
0.756067
0.768808
0.785308
0.803199
0.820572
0.83615
0.84921
0.859462
0.866912
0.871865
0.874713
0.875703
0.874641
0.870755
0.8629
0.850192
0.832818
0.812539
0.792446
0.77589
0.765107
0.760432
0.76072
0.764253
0.769696
0.776216
0.783089
0.789238
0.793295
0.793865
0.790175
0.782487
0.772153
0.761458
0.752991
0.748851
0.750076
0.75627
0.765974
0.7771
0.787403
0.794934
0.798589
0.798361
0.79536
0.791631
0.789625
0.79142
0.797824
0.807875
0.81928
0.829577
0.83712
0.841301
0.842265
0.840608
0.837037
0.832216
0.826738
0.8209
0.814719
0.807948
0.800433
0.792405
0.784592
0.777987
0.773386
0.770962
0.770459
0.771582
0.774282
0.778559
0.784159
0.790343
0.796007
0.8002
0.802648
0.804132
0.806174
0.810365
0.817497
0.827164
0.837914
0.847887
0.855429
0.859467
0.85971
0.856442
0.85025
0.841513
0.830223
0.816138
0.799352
0.78096
0.763493
0.750462
0.745062
0.7488
0.760781
0.777992
0.796371
0.811986
0.822007
0.825168
0.821699
0.812961
0.800882
0.78739
0.77419
0.76271
0.753902
0.748343
0.746119
0.746847
0.749762
0.753973
0.758857
0.764252
0.770454
0.778079
0.78759
0.798924
0.81137
0.823693
0.834517
0.842691
0.847539
0.849056
0.847789
0.84463
0.840321
0.835214
0.829154
0.821842
0.813263
0.803945
0.794852
0.787199
0.782128
0.780308
0.781731
0.785787
0.791469
0.797597
0.803054
0.807014
0.809097
0.809378
0.808247
0.80623
0.803746
0.801054
0.798303
0.79559
0.792899
0.790122
0.78719
0.78417
0.781384
0.779236
0.778253
0.778929
0.781626
0.786711
0.794297
0.80414
0.815476
0.827163
0.837848
0.846495
0.852575
0.856245
0.858297
0.859755
0.861271
0.862619
0.862484
0.858939
0.850097
0.834837
0.813288
0.786845
0.758101
0.730558
0.708162
0.694466
0.691526
0.699117
0.714687
0.73437
0.754289
0.771618
0.784866
0.793508
0.797749
0.798254
0.796031
0.792321
0.788377
0.785278
0.783637
0.783313
0.783712
0.784377
0.785486
0.787972
0.79302
0.801401
0.813086
0.827278
0.842651
0.857468
0.869863
0.878389
0.882495
0.882591
0.879798
0.875499
0.870772
0.866237
0.861915
0.857338
0.851605
0.843644
0.832406
0.817151
0.797824
0.775874
0.754631
0.738521
0.730649
0.730904
0.736593
0.744761
0.753808
0.76339
0.773694
0.784718
0.795899
0.806349
0.815223
0.821937
0.826139
0.827639
0.826397
0.822811
0.817997
0.813653
0.811456
0.81244
0.816408
0.822042
0.827384
0.830678
0.830941
0.828171
0.822979
0.816072
0.807695
0.797713
0.786319
0.774515
0.763839
0.755305
0.748769
0.743273
0.737955
0.732815
0.728686
0.72701
0.729425
0.737212
0.750757
0.769272
0.790977
0.813746
0.835739
0.855799
0.873605
0.889256
0.902671
0.913301
0.920017
0.921414
0.916305
0.904094
0.885256
0.861436
0.835156
0.80904
0.784998
0.763835
0.745585
0.73025
0.718504
0.711608
0.710745
0.716463
0.728317
0.744846
0.764085
0.783984
0.802815
0.819236
0.832067
0.840141
0.842681
0.839676
0.832181
0.822011
0.811092
0.801082
0.793241
0.78848
0.787469
0.790615
0.797688
0.807586
0.818536
0.828757
0.837249
0.843849
0.84891
0.852687
0.854959
0.855109
0.852547
0.847085
0.838996
0.828817
0.817381
0.805568
0.79433
0.784664
0.777585
0.773977
0.774381
0.778645
0.78588
0.794622
0.803224
0.8102
0.814567
0.815972
0.81474
0.811817
0.808597
0.806412
0.806139
0.807861
0.811054
0.814928
0.818809
0.822099
0.824147
0.824296
0.822077
0.817321
0.810121
0.800586
0.788787
0.774905
0.759469
0.74342
0.72812
0.715153
0.705903
0.70128
0.701671
0.707023
0.716947
0.730805
0.747692
0.766411
0.785602
0.804008
0.820674
0.834922
0.846254
0.854346
0.859114
0.860773
0.859868
0.857305
0.854154
0.851392
0.849554
0.848488
0.847431
0.845191
0.840505
0.832402
0.820576
0.805941
0.790831
0.778478
0.771842
0.772326
0.779271
0.790316
0.802463
0.813081
0.820526
0.824366
0.824665
0.821424
0.814443
0.803733
0.790233
0.77606
0.764138
0.757302
0.757372
0.764775
0.778405
0.79606
0.814841
0.831768
0.844393
0.851285
0.852244
0.848205
0.840843
0.832105
0.823606
0.816223
0.810025
0.804628
0.799673
0.795207
0.791735
0.789906
0.790143
0.792437
0.796196
0.800344
0.803576
0.804659
0.802777
0.797945
0.791004
0.783425
0.776908
0.772897
0.772198
0.774776
0.779999
0.78703
0.795246
0.804428
0.814735
0.826342
0.839051
0.852099
0.864083
0.873346
0.878257
0.877462
0.870288
0.856961
0.838682
0.817563
0.795943
0.775856
0.758685
0.745293
0.736283
0.731764
0.731207
0.733597
0.73773
0.742395
0.746526
0.749231
0.750177
0.749834
0.749418
0.750497
0.754309
0.761243
0.77081
0.782113
0.794352
0.807057
0.819853
0.832225
0.843585
0.853334
0.861014
0.866311
0.868799
0.86806
0.863818
0.856235
0.846054
0.834601
0.823562
0.814755
0.809637
0.808549
0.81045
0.81334
0.815043
0.814002
0.809536
0.801798
0.791682
0.780688
0.770449
0.762233
0.756395
0.752654
0.750642
0.750321
0.751956
0.755898
0.762437
0.771546
0.782857
0.795552
0.808504
0.820401
0.82978
0.835328
0.8361
0.831818
0.823105
0.811391
0.798241
0.784687
0.771115
0.758092
0.747045
0.740012
0.738576
0.742882
0.751699
0.763055
0.77516
0.786914
0.798036
0.808796
0.819535
0.830131
0.839911
0.847687
0.852378
0.853303
0.850566
0.845069
0.838168
0.831287
0.825528
0.821315
0.818384
0.816018
0.813342
0.809716
0.804991
0.799786
0.795393
0.793199
0.794054
0.797739
0.803034
0.808123
0.811182
0.811041
0.807415
0.800809
0.79197
0.781553
0.770234
0.758901
0.748884
0.741987
0.740248
0.745187
0.757092
0.77443
0.79421
0.812791
0.826896
0.83431
0.834257
0.827497
0.816216
0.803632
0.793321
0.788231
0.789819
0.797653
0.809857
0.823896
0.837237
0.847816
0.854119
0.855168
0.850716
0.841662
0.830015
0.818427
0.809363
0.80408
0.802281
0.802351
0.801938
0.798869
0.791869
0.781385
0.770034
0.761908
0.760221
0.764937
0.773297
0.782492
0.791164
0.799123
0.806354
0.812511
0.816857
0.81856
0.817126
0.812836
0.806883
0.801137
0.797557
0.797684
0.801981
0.80979
0.819544
0.829235
0.836908
0.841105
0.841141
0.837141
0.830058
0.821416
0.812873
0.805829
0.801082
0.798815
0.798555
0.799399
0.800176
0.799561
0.796353
0.789675
0.779344
0.766136
0.7519
0.739469
0.732162
0.732844
0.742746
0.760941
0.784549
0.809726
0.832776
0.851107
0.863363
0.869315
0.869426
0.864604
0.856063
0.845222
0.833714
0.822882
0.813524
0.805712
0.798892
0.792119
0.784418
0.775188
0.764713
0.75397
0.743897
0.734764
0.726475
0.719228
0.713702
0.710842
0.711411
0.716247
0.726402
0.742899
0.765961
0.794264
0.824923
0.854235
0.878764
0.895805
0.903503
0.900885
0.888129
0.867103
0.841669
0.817442
0.800491
0.795054
0.801857
0.817955
0.83832
0.857714
0.871856
0.878223
0.876234
0.867106
0.853262
0.83757
0.822476
0.809394
0.798394
0.788676
0.779139
0.769178
0.759048
0.749644
0.742021
0.736994
0.734997
0.736321
0.741059
0.749282
0.760778
0.774964
0.790921
0.807524
0.823508
0.83743
0.847765
0.853169
0.852792
0.846502
0.834942
0.819392
0.801728
0.784184
0.769148
0.758605
0.753615
0.753998
0.758442
0.765079
0.772068
0.778069
0.782551
0.785753
0.788437
0.791398
0.795111
0.799526
0.804299
0.809105
0.813729
0.818026
0.821887
0.82509
0.827289
0.828088
0.827181
0.824507
0.820428
0.815733
0.811493
0.808798
0.808324
0.810043
0.813304
0.817168
0.820927
0.824158
0.82642
0.827244
0.826384
0.824126
0.821162
0.818126
0.815182
0.812121
0.80868
0.804829
0.800806
0.797141
0.794611
0.793984
0.795481
0.798494
0.801732
0.803863
0.804148
0.802563
0.799602
0.796061
0.792675
0.789845
0.787722
0.786213
0.785034
0.783744
0.781967
0.779648
0.777444
0.776612
0.778376
0.78302
0.7895
0.795914
0.800499
0.802303
0.801488
0.799172
0.797152
0.797253
0.800679
0.807447
0.816321
0.825261
0.832141
0.8354
0.834293
0.828986
0.820294
0.809553
0.798401
0.788525
0.781395
0.777864
0.777864
0.78054
0.784627
0.788888
0.792491
0.795108
0.796805
0.797932
0.799098
0.801151
0.805216
0.812358
0.823112
0.83686
0.851869
0.865814
0.876586
0.882607
0.88297
0.877122
0.864933
0.846717
0.823741
0.798582
0.774996
0.756797
0.746495
0.744444
0.749126
0.758056
0.76873
0.77895
0.787093
0.792236
0.794213
0.793689
0.792046
0.791029
0.792318
0.796831
0.804304
0.813319
0.821806
0.827699
0.829407
0.825991
0.817239
0.803696
0.786776
0.768687
0.752117
0.739609
0.73286
