-6.3208
-6.3241
-6.32611
-6.32625
-6.32649
-6.32484
-6.32249
-6.32169
-6.31903
-6.31809
-6.31627
-6.31631
-6.31876
-6.31923
-6.31952
-6.31996
-6.32156
-6.32201
-6.32313
-6.32219
-6.32269
-6.32295
-6.32487
-6.32296
-6.3221
-6.32197
-6.32099
-6.32407
-6.32446
-6.32357
-6.32219
-6.32041
-6.32055
-6.32
-6.32282
-6.3237
-6.32322
-6.324
-6.32179
-6.32145
-6.32203
-6.32065
-6.32027
-6.31899
-6.32201
-6.32147
-6.3212
-6.32436
-6.32709
-6.32561
-6.32556
-6.32769
-6.32619
-6.32521
-6.32463
-6.32468
-6.32786
-6.32921
-6.32832
-6.32834
-6.32735
-6.32447
-6.32117
-6.31895
-6.31733
-6.31643
-6.31624
-6.318
-6.31993
-6.32222
-6.3221
-6.32079
-6.32154
-6.32213
-6.3207
-6.32119
-6.32071
-6.31987
-6.31764
-6.31889
-6.31911
-6.31903
-6.31816
-6.31923
-6.32299
-6.32484
-6.32648
-6.3266
-6.32691
-6.32607
-6.32593
-6.32673
-6.32448
-6.32474
-6.32703
-6.3266
-6.32396
-6.32272
-6.32108
-6.32154
-6.32236
-6.32134
-6.32156
-6.3215
-6.32236
-6.32223
-6.32219
-6.32352
-6.32353
-6.32628
-6.32773
-6.32492
-6.32437
-6.32395
-6.32095
-6.31779
-6.31807
-6.31813
-6.31812
-6.31667
-6.3164
-6.31741
-6.31632
-6.31581
-6.31529
-6.31437
-6.31454
-6.31409
-6.3175
-6.31601
-6.31606
-6.31632
-6.31581
-6.31747
-6.31616
-6.31546
-6.31667
-6.31979
-6.32095
-6.32084
-6.32113
-6.32094
-6.32096
-6.32149
-6.32275
-6.32393
-6.32521
-6.32485
-6.32186
-6.32089
-6.31989
-6.31746
-6.31925
-6.32069
-6.32231
-6.32069
-6.31991
-6.32159
-6.32154
-6.32267
-6.32073
-6.3183
-6.318
-6.31862
-6.31735
-6.31694
-6.3152
-6.31351
-6.31377
-6.31586
-6.31737
-6.3159
-6.31715
-6.31844
-6.31946
-6.31865
-6.3197
-6.32176
-6.32265
-6.32238
-6.32315
-6.32358
-6.32329
-6.32455
-6.32609
-6.32659
-6.32472
-6.32302
-6.32216
-6.32222
-6.32302
-6.32341
-6.32437
-6.3239
-6.32125
-6.32182
-6.32297
-6.32239
-6.32305
-6.32207
-6.32174
-6.32142
-6.3214
-6.32099
-6.32086
-6.31979
-6.32012
-6.31895
-6.31854
-6.31782
-6.31834
-6.31782
-6.31852
-6.31826
-6.31677
-6.31765
-6.31893
-6.31765
-6.31771
-6.3217
-6.32443
-6.32521
-6.32882
-6.32807
-6.32707
-6.32637
-6.32467
-6.32367
-6.3235
-6.324
-6.32109
-6.32232
-6.3209
-6.31974
-6.31911
-6.31927
-6.31958
-6.32032
-6.3189
-6.31888
-6.31987
-6.31988
-6.32046
-6.32382
-6.32279
-6.32381
-6.32526
-6.32553
-6.32307
-6.32379
-6.32065
-6.31859
-6.31868
-6.31738
-6.31663
-6.31606
-6.31467
-6.31597
-6.31604
-6.31776
-6.31846
-6.31961
-6.32012
-6.32117
-6.32179
-6.31983
-6.31901
-6.31859
-6.31772
-6.3188
-6.31829
-6.32073
-6.32149
-6.31979
-6.32164
-6.32243
-6.32115
-6.32298
-6.32113
-6.32112
-6.32264
-6.32251
-6.32271
-6.32461
-6.324
-6.32571
-6.32645
-6.32648
-6.32479
-6.32171
-6.32051
-6.318
-6.31618
-6.3177
-6.31647
-6.31706
-6.31908
-6.3179
-6.31664
-6.31785
-6.32056
-6.32027
-6.3225
-6.32111
-6.32291
-6.32405
-6.3245
-6.32298
-6.3237
-6.32215
-6.32252
-6.3229
-6.32266
-6.3238
-6.32286
-6.32275
-6.32563
-6.32452
-6.32151
-6.3218
-6.32262
-6.32096
-6.3196
-6.31828
-6.31952
-6.32058
-6.32234
-6.32308
-6.32405
-6.32454
-6.32451
-6.32557
-6.32483
-6.32682
-6.32673
-6.32561
-6.32616
-6.32582
-6.32455
-6.32416
-6.32268
-6.31981
-6.31828
-6.31725
-6.31999
-6.31843
-6.31865
-6.31993
-6.31796
-6.3179
-6.31877
-6.31837
-6.31612
-6.31624
-6.3177
-6.31777
-6.31733
-6.31794
-6.3206
-6.32148
-6.32165
-6.32152
-6.32114
-6.32083
-6.32219
-6.32098
-6.32077
-6.31872
-6.31709
-6.3175
-6.31826
-6.31743
-6.31827
-6.31923
-6.31907
-6.31907
-6.31978
-6.32103
-6.32105
-6.32301
-6.32274
-6.32261
-6.32014
-6.31835
-6.3183
-6.3194
-6.31973
-6.31834
-6.31973
-6.32127
-6.32254
-6.32471
-6.32604
-6.32614
-6.32858
-6.32758
-6.3284
-6.32816
-6.32722
-6.32499
-6.32474
-6.32527
-6.32403
-6.32168
-6.32304
-6.32124
-6.32076
-6.31994
-6.3181
-6.32006
-6.31901
-6.32015
-6.32001
-6.31933
-6.31854
-6.32155
-6.32311
-6.32371
-6.32155
-6.32135
-6.32116
-6.32107
-6.32124
-6.3244
-6.32223
-6.31997
-6.31699
-6.31615
-6.3167
-6.31819
-6.32083
-6.32196
-6.32121
-6.31892
-6.31835
-6.31767
-6.31862
-6.31811
-6.31818
-6.3176
-6.31795
-6.31979
-6.31946
-6.31975
-6.31701
-6.31608
-6.31728
-6.32
-6.31969
-6.32118
-6.32021
-6.31901
-6.31922
-6.318
-6.31712
-6.31705
-6.31857
-6.31759
-6.31837
-6.3196
-6.32018
-6.32086
-6.32139
-6.32352
-6.32393
-6.3249
-6.32521
-6.32429
-6.32453
-6.3241
-6.32307
-6.32439
-6.32351
-6.32235
-6.32057
-6.32079
-6.32109
-6.31927
-6.3196
-6.31886
-6.32095
-6.32095
-6.32165
-6.32125
-6.31961
-6.31897
-6.31714
-6.31649
-6.31683
-6.31562
-6.31543
-6.31402
-6.31398
-6.31538
-6.31507
-6.31567
-6.31614
-6.31763
-6.31955
-6.3211
-6.31903
-6.32256
-6.32316
-6.32264
-6.323
-6.32195
-6.32391
-6.32421
-6.32504
-6.32504
-6.32286
-6.32139
-6.32035
-6.31849
-6.31785
-6.31626
-6.31543
-6.31613
-6.3146
-6.31255
-6.31295
-6.3154
-6.31617
-6.31953
-6.32031
-6.32246
-6.32199
-6.32352
-6.32049
-6.32034
-6.32174
-6.31928
-6.31872
-6.31796
-6.32081
-6.32178
-6.32192
-6.32287
-6.32492
-6.32414
-6.32341
-6.32561
-6.32746
-6.32791
-6.3262
-6.3258
-6.32574
-6.32384
-6.32284
-6.32065
-6.31832
-6.31875
-6.31639
-6.31706
-6.31784
-6.32003
-6.32194
-6.32123
-6.3214
-6.32243
-6.32012
-6.32135
-6.32199
-6.32111
-6.32099
-6.3232
-6.32284
-6.32381
-6.32286
-6.3216
-6.31834
-6.31845
-6.3196
-6.31817
-6.31681
-6.31628
-6.31543
-6.31698
-6.3174
-6.31701
-6.31868
-6.31797
-6.31705
-6.31751
-6.32116
-6.32308
-6.32581
-6.32761
-6.3246
-6.32197
-6.31996
-6.32034
-6.31772
-6.31702
-6.31601
-6.31628
-6.31583
-6.31845
-6.31821
-6.31924
-6.31917
-6.31955
-6.32097
-6.32279
-6.32345
-6.32173
-6.32162
-6.32125
-6.31938
-6.32121
-6.319
-6.32017
-6.32078
-6.31978
-6.31994
-6.31891
-6.31669
-6.31652
-6.31786
-6.31788
-6.31994
-6.31831
-6.31632
-6.3192
-6.3172
-6.31705
-6.31763
-6.3201
-6.3198
-6.32113
-6.32274
-6.32335
-6.32299
-6.32177
-6.31879
-6.31771
-6.31508
-6.31457
-6.31342
-6.31695
-6.31781
-6.31758
-6.31965
-6.3189
-6.3199
-6.32342
-6.32288
-6.32349
-6.32148
-6.32086
-6.31884
-6.31811
-6.31614
-6.31586
-6.31565
-6.3178
-6.31654
-6.31652
-6.31746
-6.31906
-6.3209
-6.32126
-6.32233
-6.32175
-6.32459
-6.32587
-6.32771
-6.3281
-6.32935
-6.32965
-6.32918
-6.32554
-6.32468
-6.3244
-6.32369
-6.32275
-6.32214
-6.32179
-6.32041
-6.31677
-6.31576
-6.31677
-6.31496
-6.31586
-6.31629
-6.31537
-6.31413
-6.31646
-6.31541
-6.31598
-6.31731
-6.31893
-6.31917
-6.31967
-6.31924
-6.31897
-6.31967
-6.32015
-6.31954
-6.32142
-6.32218
-6.32303
-6.32615
-6.32536
-6.32517
-6.32559
-6.32433
-6.32589
-6.32508
-6.32573
-6.32427
-6.32365
-6.32103
-6.32045
-6.3204
-6.3194
-6.31685
-6.3182
-6.32009
-6.32104
-6.32315
-6.3228
-6.32418
-6.32475
-6.32323
-6.32317
-6.32294
-6.32151
-6.32211
-6.32023
-6.31821
-6.31585
-6.31527
-6.31469
-6.31646
-6.31707
-6.3171
-6.31647
-6.31791
-6.3177
-6.32087
-6.32247
-6.32701
-6.32611
-6.32565
-6.326
-6.32618
-6.32267
-6.32261
-6.32446
-6.32314
-6.32453
-6.32511
-6.32357
-6.32249
-6.32082
-6.32078
-6.32071
-6.31772
-6.3164
-6.31717
-6.31813
-6.31729
-6.31911
-6.3193
-6.31981
-6.31938
-6.31804
-6.31702
-6.32014
-6.32246
-6.32196
-6.32224
-6.32139
-6.32141
-6.32169
-6.32029
-6.32012
-6.3173
-6.31607
-6.31812
-6.31479
-6.31716
-6.31814
-6.31674
-6.31836
-6.32002
-6.32132
-6.32186
-6.32097
-6.32186
-6.3226
-6.32158
-6.3211
-6.32254
-6.32179
-6.32221
-6.32063
-6.3203
-6.32147
-6.32148
-6.32253
-6.32363
-6.32408
-6.32348
-6.32396
-6.3241
-6.32544
-6.32514
-6.32398
-6.32385
-6.32432
-6.3248
-6.32586
-6.32595
-6.32424
-6.32102
-6.31963
-6.31896
-6.31718
-6.31849
-6.31958
-6.32095
-6.32254
-6.32186
-6.32062
-6.31989
-6.32027
-6.31806
-6.31734
-6.31745
-6.31812
-6.31942
-6.31948
-6.31698
-6.31962
-6.31888
-6.31765
-6.3189
-6.31761
-6.31807
-6.31771
-6.31715
-6.31632
-6.31553
-6.31771
-6.31964
-6.32037
-6.31988
-6.32137
-6.32282
-6.3232
-6.32668
-6.32803
-6.32662
-6.32503
-6.32483
-6.32339
-6.32298
-6.32172
-6.31945
-6.31701
-6.31687
-6.31531
-6.31044
-6.31094
-6.31304
-6.31552
-6.31625
-6.31674
-6.31633
-6.31831
-6.31884
-6.31763
-6.31985
-6.32092
-6.31992
-6.31979
-6.32222
-6.32277
-6.32185
-6.32018
-6.32299
-6.32415
-6.32355
-6.32365
-6.32555
-6.32782
-6.3239
-6.32614
-6.32559
-6.32596
-6.32541
-6.32495
-6.32452
-6.3228
-6.32143
-6.32272
-6.32119
-6.32009
-6.31941
-6.31558
-6.3157
-6.31774
-6.31841
-6.31901
-6.31933
-6.31822
-6.31837
-6.32107
-6.32041
-6.3217
-6.32417
-6.32477
-6.32407
-6.32268
-6.32385
-6.32343
-6.32184
-6.31985
-6.31859
-6.3175
-6.31826
-6.31927
-6.31953
-6.32069
-6.32052
-6.31998
-6.31899
-6.31804
-6.31761
-6.31788
-6.31649
-6.31668
-6.3182
-6.3205
-6.31981
-6.31623
-6.31595
-6.31606
-6.31624
-6.31656
-6.31679
-6.31766
-6.32113
-6.32319
-6.322
-6.32323
-6.3232
-6.32257
-6.32234
-6.32102
-6.3216
-6.32031
-6.31913
-6.3184
-6.31972
-6.32109
-6.32119
-6.32066
-6.32375
-6.32592
-6.32481
-6.32388
-6.32176
-6.3207
-6.31882
-6.31817
-6.31919
-6.31935
-6.31904
-6.31896
-6.31923
-6.31893
-6.31937
-6.32268
-6.32177
-6.32219
-6.32374
-6.32348
-6.32376
-6.32145
-6.32185
-6.31957
-6.31862
-6.31848
-6.31862
-6.31556
-6.31804
-6.31948
-6.32263
-6.32439
-6.32531
-6.32412
-6.32247
-6.32301
-6.32127
-6.31924
-6.31893
-6.31938
-6.31897
-6.31693
-6.31865
-6.31954
-6.31991
-6.31916
-6.31829
-6.31899
-6.31806
-6.31755
-6.31821
-6.31824
-6.31903
-6.32025
-6.32083
-6.3228
-6.32456
-6.3242
-6.32285
-6.32411
-6.3233
-6.32329
-6.32235
-6.32007
-6.31978
-6.31894
-6.32014
-6.32233
-6.32384
-6.32422
-6.32499
-6.32405
-6.32484
-6.32501
-6.3226
-6.32284
-6.3219
-6.3214
-6.32137
-6.32146
-6.31916
-6.31849
-6.3183
-6.3178
-6.31968
-6.31936
-6.31969
-6.32084
-6.32143
-6.32069
-6.32268
-6.32369
-6.32364
-6.32351
-6.32374
-6.32322
-6.32313
-6.32201
-6.32026
-6.32008
-6.32097
-6.32151
-6.32038
-6.32024
-6.32023
-6.32041
-6.32228
-6.32371
-6.32416
-6.32225
-6.32158
-6.32134
-6.32137
-6.31926
-6.31807
-6.31597
-6.31527
-6.31691
-6.31787
-6.31961
-6.32099
-6.32254
-6.32261
-6.32247
-6.32312
-6.32258
-6.32533
-6.32515
-6.32209
-6.32108
-6.32154
-6.32158
-6.32128
-6.31978
-6.31917
-6.31994
-6.31801
-6.31958
-6.319
-6.31997
-6.3206
-6.31811
-6.3192
-6.32033
-6.32027
-6.31946
-6.32024
-6.32066
-6.32127
-6.3213
-6.32165
-6.32333
-6.32322
-6.32221
-6.32149
-6.32057
-6.32017
-6.31928
-6.32096
-6.32313
-6.32302
-6.32276
-6.32422
-6.32732
-6.32879
-6.32959
-6.32716
-6.32638
-6.32795
-6.32709
-6.32392
-6.32185
-6.31744
-6.31562
-6.31767
-6.31996
-6.31786
-6.31842
-6.31933
-6.32031
-6.31782
-6.3184
-6.3191
-6.31891
-6.319
-6.31989
-6.32018
-6.32245
-6.32223
-6.32349
-6.32405
-6.32527
-6.32494
-6.32447
-6.3236
-6.32622
-6.32638
-6.32772
-6.32843
-6.32616
-6.32486
-6.32275
-6.32261
-6.32204
-6.3192
-6.31838
-6.31987
-6.3213
-6.32193
-6.32423
-6.32457
-6.32438
-6.3248
-6.3215
-6.32159
-6.31902
-6.31624
-6.31768
-6.31772
-6.31683
-6.31609
-6.31513
-6.31674
-6.3168
-6.31574
-6.3186
-6.31891
-6.31936
-6.31848
-6.32349
-6.32212
-6.32179
-6.32214
-6.32247
-6.32409
-6.32507
-6.32417
-6.32302
-6.32261
-6.32417
-6.32403
-6.32305
-6.32022
-6.31915
-6.31964
-6.31957
-6.3184
-6.31549
-6.31858
-6.31849
-6.31941
-6.31978
-6.32059
-6.32239
-6.32144
-6.32246
-6.3241
-6.32222
-6.31988
-6.32109
-6.32114
-6.3185
-6.31874
-6.31665
-6.31893
-6.32024
-6.3192
-6.31838
-6.32015
-6.32033
-6.32055
-6.31912
-6.31886
-6.31945
-6.31804
-6.31832
-6.31814
-6.31885
-6.3204
-6.32075
-6.322
-6.32176
-6.32478
-6.32555
-6.32545
-6.32587
-6.32628
-6.32447
-6.32175
-6.32036
-6.32158
-6.31961
-6.31901
-6.31787
-6.31815
-6.31786
-6.31696
-6.31643
-6.31792
-6.31788
-6.31793
-6.31736
-6.31769
-6.31856
-6.318
-6.3186
-6.31979
-6.31903
-6.31835
-6.31813
-6.31934
-6.31832
-6.3188
-6.32
-6.32288
-6.32273
-6.32268
-6.32544
-6.32453
-6.32341
-6.32295
-6.32183
-6.32265
-6.3222
-6.32237
-6.32246
-6.32177
-6.31992
-6.31818
-6.31762
-6.31644
-6.31615
-6.31877
-6.31938
-6.31942
-6.31811
-6.31766
-6.3191
-6.32021
-6.32074
-6.32199
-6.32495
-6.32209
-6.32198
-6.32189
-6.32147
-6.31984
-6.32045
-6.31795
-6.31888
-6.31768
-6.31847
-6.32026
-6.31954
-6.32064
-6.32102
-6.32292
-6.32296
-6.32428
-6.32321
-6.32526
-6.32364
-6.32575
-6.32378
-6.32257
-6.32118
-6.32226
-6.32137
-6.32244
-6.32195
-6.32315
-6.3215
-6.31987
-6.31987
-6.31896
-6.31847
-6.31944
-6.31809
-6.31994
-6.3208
-6.32093
-6.3231
-6.32683
-6.32766
-6.32803
-6.32627
-6.326
-6.32609
-6.32315
-6.32186
-6.3194
-6.31844
-6.31582
-6.31736
-6.31617
-6.31893
-6.31875
-6.31919
-6.31772
-6.32059
-6.32233
-6.32161
-6.32094
-6.3228
-6.32191
-6.32142
-6.31935
-6.31992
-6.31894
-6.31875
-6.31688
-6.31768
-6.31869
-6.31839
-6.31716
-6.31921
-6.32157
-6.32251
-6.32342
-6.32245
-6.3224
-6.32305
-6.32495
-6.325
-6.32407
-6.32297
-6.32387
-6.32265
-6.32375
-6.32414
-6.32231
-6.32114
-6.3227
-6.32317
-6.32528
-6.32476
-6.32338
-6.32469
-6.32434
-6.32256
-6.32123
-6.32077
-6.32027
-6.31775
-6.319
-6.31837
-6.31949
-6.31617
-6.31764
-6.31788
-6.31604
-6.31747
-6.31661
-6.31411
-6.31459
-6.31331
-6.31336
-6.31489
-6.3148
-6.31861
-6.32075
-6.31976
-6.32292
-6.32239
-6.324
-6.32163
-6.32304
-6.32172
-6.32215
-6.32211
-6.32106
-6.31943
-6.31893
-6.32086
-6.31996
-6.32062
-6.32049
-6.31927
-6.32159
-6.31946
-6.32104
-6.32179
-6.32195
-6.32432
-6.32203
-6.32127
-6.32051
-6.32176
-6.32277
-6.32126
-6.31908
-6.32009
-6.31974
-6.31938
-6.31907
-6.32211
-6.32302
-6.32305
-6.32568
-6.32561
-6.32473
-6.32526
-6.32525
-6.32215
-6.32221
-6.32199
-6.32036
-6.32132
-6.32066
-6.32251
-6.32084
-6.32002
-6.31994
-6.32059
-6.32136
-6.32102
-6.32001
-6.32005
-6.31893
-6.31832
-6.32079
-6.3214
-6.32266
-6.32256
-6.3217
-6.32166
-6.32178
-6.31954
-6.32018
-6.31864
-6.31916
-6.32146
-6.32133
-6.32198
-6.32295
-6.32344
-6.325
-6.32384
-6.32298
-6.32253
-6.32154
-6.32096
-6.32234
-6.32078
-6.32076
-6.31967
-6.31977
-6.32143
-6.32153
-6.32052
-6.32144
-6.32304
-6.32396
-6.32465
-6.3235
-6.32384
-6.32167
-6.32227
-6.32093
-6.32146
-6.32049
-6.32107
-6.32162
-6.31951
-6.3211
-6.32082
-6.32056
-6.32261
-6.3241
-6.32508
-6.32233
-6.32233
-6.32309
-6.32578
-6.32468
-6.32412
-6.32211
-6.32005
-6.31751
-6.3173
-6.31797
-6.31765
-6.31865
-6.31773
-6.31644
-6.31629
-6.31678
-6.32101
-6.32405
-6.32138
-6.32211
-6.32274
-6.32329
-6.3231
-6.32057
-6.32319
-6.32289
-6.3229
-6.32316
-6.32327
-6.32256
-6.32245
-6.32116
-6.31916
-6.32075
-6.32146
-6.31862
-6.32152
-6.3229
-6.32647
-6.32532
-6.32809
-6.32699
-6.32625
-6.32433
-6.3236
-6.3245
-6.32453
-6.3221
-6.32268
-6.32324
-6.32304
-6.32483
-6.32374
-6.32011
-6.31766
-6.31754
-6.31674
-6.31708
-6.31773
-6.31838
-6.31984
-6.32116
-6.32005
-6.32267
-6.32339
-6.32127
-6.32002
-6.31989
-6.32239
-6.32254
-6.32111
-6.32231
-6.32375
-6.32491
-6.3243
-6.32441
-6.32454
-6.3228
-6.32351
-6.32129
-6.32114
-6.31932
-6.31984
-6.32043
-6.32169
-6.32346
-6.32615
-6.32789
-6.3285
-6.32758
-6.32488
-6.32248
-6.32128
-6.32249
-6.32213
-6.32068
-6.32071
-6.32136
-6.32165
-6.32168
-6.32044
-6.32098
-6.32151
-6.32141
-6.32065
-6.32272
-6.3231
-6.32291
-6.32321
-6.32407
-6.3222
-6.32427
-6.32524
-6.32532
-6.32409
-6.32289
-6.32126
-6.32165
-6.32361
-6.32334
-6.3205
-6.32048
-6.32318
-6.32556
-6.32397
-6.32576
-6.32662
-6.32652
-6.3245
-6.32349
-6.32096
-6.31828
-6.31851
-6.31796
-6.31453
-6.31674
-6.31616
-6.31851
-6.31943
-6.32143
-6.32312
-6.32312
-6.32192
-6.32162
-6.32244
-6.3221
-6.32134
-6.31908
-6.31686
-6.31658
-6.3178
-6.31866
-6.32136
-6.32537
-6.32266
-6.32273
-6.32154
-6.32127
-6.32384
-6.32346
-6.32217
-6.32078
-6.32204
-6.32285
-6.32422
-6.32226
-6.32338
-6.321
-6.32089
-6.3214
-6.32024
-6.32065
-6.31938
-6.31927
-6.31995
-6.31912
-6.31977
-6.3217
-6.32214
-6.32216
-6.32153
-6.31864
-6.31994
-6.31921
-6.31892
-6.31896
-6.31891
-6.32161
-6.32177
-6.321
-6.32349
-6.32444
-6.32489
-6.32485
-6.32178
-6.32121
-6.31996
-6.31816
-6.31915
-6.3201
-6.31877
-6.32066
-6.32184
-6.3219
-6.32202
-6.32078
-6.32259
-6.32449
-6.32356
-6.32309
-6.32316
-6.32284
-6.32289
-6.32106
-6.32059
-6.32139
-6.32112
-6.32202
-6.32157
-6.31963
-6.3206
-6.32006
-6.32283
-6.32315
-6.32558
-6.32499
-6.32421
-6.32333
-6.32094
-6.32018
-6.31698
-6.31791
-6.31783
-6.3203
-6.32237
-6.32326
-6.32382
-6.3236
-6.32289
-6.3227
-6.32442
-6.32101
-6.32285
-6.32437
-6.32447
-6.32472
-6.32415
-6.32349
-6.32119
-6.32254
-6.32303
-6.32299
-6.32269
-6.32203
-6.32222
-6.3229
-6.32151
-6.31978
-6.3197
-6.32067
-6.32009
-6.31953
-6.31736
-6.31882
-6.31783
-6.31769
-6.31777
-6.31962
-6.32021
-6.32136
-6.3194
-6.31854
-6.31886
-6.31821
-6.32122
-6.32112
-6.32275
-6.32377
-6.32282
-6.32659
-6.3263
-6.32488
-6.32561
-6.32505
-6.32487
-6.32317
-6.32411
-6.32568
-6.32651
-6.32754
-6.32588
-6.3255
-6.32486
-6.32277
-6.32315
-6.32376
-6.32226
-6.32341
-6.32319
-6.32182
-6.32115
-6.32216
-6.32198
-6.32104
-6.32142
-6.3226
-6.32144
-6.31956
-6.31886
-6.32186
-6.32234
-6.32255
-6.32507
-6.32665
-6.32878
-6.32839
-6.3257
-6.32625
-6.32535
-6.32476
-6.32493
-6.32462
-6.32509
-6.32692
-6.32714
-6.32665
-6.32513
-6.32554
-6.32371
-6.32263
-6.32265
-6.32088
-6.31927
-6.31944
-6.31714
-6.31617
-6.31835
-6.31937
-6.32306
-6.32294
-6.32427
-6.32296
-6.32327
-6.32428
-6.32307
-6.31996
-6.32041
-6.32112
-6.32136
-6.32142
-6.32204
-6.32052
-6.31943
-6.3193
-6.31814
-6.31943
-6.31883
-6.32065
-6.32005
-6.3201
-6.32129
-6.32078
-6.3199
-6.32132
-6.31959
-6.32073
-6.32135
-6.32058
-6.31928
-6.32158
-6.32249
-6.32112
-6.32173
-6.31999
-6.31904
-6.31938
-6.31951
-6.31558
-6.31667
-6.31724
-6.31696
-6.31876
-6.32101
-6.32048
-6.3211
-6.3219
-6.32094
-6.32138
-6.32145
-6.32298
-6.32172
-6.32159
-6.32232
-6.32227
-6.32405
-6.32378
-6.32338
-6.32388
-6.32501
-6.32297
-6.32171
-6.32164
-6.3208
-6.32079
-6.32279
-6.32212
-6.32252
-6.32099
-6.31915
-6.31838
-6.31655
-6.31873
-6.31668
-6.31573
-6.31559
-6.31613
-6.31389
-6.31381
-6.31537
-6.31754
-6.3191
-6.31824
-6.31931
-6.32082
-6.31861
-6.31851
-6.31947
-6.31878
-6.31956
-6.31944
-6.31912
-6.32227
-6.32348
-6.32511
-6.32427
-6.32287
-6.32217
-6.32216
-6.32119
-6.32022
-6.31892
-6.31955
-6.32051
-6.32082
-6.32212
-6.32313
-6.32161
-6.32152
-6.32093
-6.32211
-6.32105
-6.32147
-6.3226
-6.32209
-6.31902
-6.31963
-6.31763
-6.3174
-6.31873
-6.3194
-6.31966
-6.32362
-6.3237
-6.32432
-6.3238
-6.32469
-6.32277
-6.32231
-6.32277
-6.32269
-6.32034
-6.32066
-6.32264
-6.32382
-6.32614
-6.3274
-6.32654
-6.32557
-6.32436
-6.32349
-6.32189
-6.32165
-6.31955
-6.3207
-6.32235
-6.32171
-6.3199
-6.32268
-6.32164
-6.32274
-6.32195
-6.31938
-6.32052
-6.31977
-6.31991
-6.31928
-6.31823
-6.31938
-6.32145
-6.32216
-6.32349
-6.32324
-6.32282
-6.32102
-6.32241
-6.32271
-6.32278
-6.32343
-6.3213
-6.32274
-6.32221
-6.32388
-6.32196
-6.3204
-6.31803
-6.3177
-6.3175
-6.3174
-6.31803
-6.31833
-6.31565
-6.31733
-6.31824
-6.31777
-6.32001
-6.32198
-6.32176
-6.32044
-6.32136
-6.3198
-6.32103
-6.3222
-6.32139
-6.3214
-6.32072
-6.32236
-6.32038
-6.31807
-6.3175
-6.31625
-6.31674
-6.3171
-6.31835
-6.31656
-6.31942
-6.32063
-6.31917
-6.31856
-6.31952
-6.3192
-6.31861
-6.32067
-6.32175
-6.32181
-6.32308
-6.32394
-6.32346
-6.32523
-6.32508
-6.32335
-6.32233
-6.32202
-6.32143
-6.32055
-6.32031
-6.31843
-6.31486
-6.31862
-6.31776
-6.31791
-6.31701
-6.31774
-6.32007
-6.32051
-6.32276
-6.31988
-6.32059
-6.32135
-6.32066
-6.32082
-6.31898
-6.32039
-6.32019
-6.3213
-6.32049
-6.32032
-6.31886
-6.31839
-6.31833
-6.31748
-6.31752
-6.31751
-6.31609
-6.31736
-6.31566
-6.31866
-6.31992
-6.31989
-6.31941
-6.31889
-6.32177
-6.32322
-6.32527
-6.32714
-6.3263
-6.32383
-6.32284
-6.32154
-6.32104
-6.3185
-6.31815
-6.31805
-6.3208
-6.31963
-6.32103
-6.32141
-6.32188
-6.32256
-6.32292
-6.32283
-6.32453
-6.32482
-6.32582
-6.32313
-6.32111
-6.31891
-6.31887
-6.31784
-6.3162
-6.31951
-6.32029
-6.32198
-6.32241
-6.32328
-6.32341
-6.32694
-6.32678
-6.32472
-6.32161
-6.3202
-6.32062
-6.32031
-6.31823
-6.31719
-6.3162
-6.31558
-6.31635
-6.31627
-6.31696
-6.31969
-6.32055
-6.31849
-6.32057
-6.31994
-6.32146
-6.32059
-6.32027
-6.32017
-6.32319
-6.32123
-6.32048
-6.31877
-6.31881
-6.32134
-6.32053
-6.32179
-6.32079
-6.31998
-6.32159
-6.32274
-6.32579
-6.32727
-6.32658
-6.32503
-6.32225
-6.32333
-6.32267
-6.32181
-6.32108
-6.31987
-6.31734
-6.31493
-6.31534
-6.31635
-6.31441
-6.31525
-6.31716
-6.31616
-6.31833
-6.3207
-6.32228
-6.32243
-6.32506
-6.32534
-6.32496
-6.32494
-6.32563
-6.32798
-6.32642
-6.32572
-6.3213
-6.32092
-6.32106
-6.32081
-6.32087
-6.31966
-6.31919
-6.31818
-6.31764
-6.32083
-6.32035
-6.32105
-6.32099
-6.32007
-6.32079
-6.3205
-6.31948
-6.32031
-6.32231
-6.3231
-6.32358
-6.325
-6.32293
-6.32109
-6.32036
-6.32023
-6.31951
-6.31753
-6.31582
-6.31485
-6.31442
-6.31177
-6.31394
-6.31516
-6.31814
-6.31787
-6.31835
-6.31968
-6.31864
-6.31776
-6.31534
-6.31554
-6.31413
-6.31568
-6.3157
-6.31546
-6.31757
-6.31842
-6.31898
-6.31915
-6.32107
-6.3217
-6.31872
-6.318
-6.31968
-6.31844
-6.318
-6.31812
-6.31979
-6.31905
-6.31547
-6.31545
-6.31638
-6.3151
-6.31398
-6.3127
-6.31349
-6.31398
-6.31705
-6.3169
-6.31875
-6.32033
-6.32418
-6.32141
-6.32156
-6.32128
-6.32063
-6.32365
-6.32149
-6.32074
-6.31916
-6.31902
-6.31803
-6.31784
-6.31721
-6.3168
-6.31665
-6.31933
-6.32154
-6.32347
-6.32526
-6.32509
-6.32385
-6.32224
-6.32139
-6.32081
-6.32027
-6.31722
-6.31779
-6.319
-6.31986
-6.31911
-6.31811
-6.31923
-6.31966
-6.31749
-6.31719
-6.31799
-6.32038
-6.31999
-6.31838
-6.32008
-6.32025
-6.32026
-6.32115
-6.32007
-6.32136
-6.32057
-6.32002
-6.31932
-6.32192
-6.32052
-6.32186
-6.32107
-6.32116
-6.32222
-6.32203
-6.32383
-6.32305
-6.3235
-6.32712
-6.32613
-6.32484
-6.32364
-6.32355
-6.32425
-6.32346
-6.32569
-6.32444
-6.32096
-6.32165
-6.32221
-6.3213
-6.32148
-6.32024
-6.31901
-6.31666
-6.31655
-6.32096
-6.32042
-6.3199
-6.32118
-6.32151
-6.3205
-6.31945
-6.31973
-6.3195
-6.31991
-6.31919
-6.31874
-6.31929
-6.31725
-6.31702
-6.31811
-6.32005
-6.31953
-6.31882
-6.31898
-6.31985
-6.31994
-6.31895
-6.31962
-6.31986
-6.32181
-6.32318
-6.32307
-6.32223
-6.32111
-6.3214
-6.32089
-6.32058
-6.32014
-6.32081
-6.31833
-6.31976
-6.32017
-6.32049
-6.3222
-6.32198
-6.32016
-6.31848
-6.31653
-6.31488
-6.31594
-6.31611
-6.31774
-6.31797
-6.31729
-6.3167
-6.3173
-6.31593
-6.31815
-6.31745
-6.31997
-6.31859
-6.31758
-6.31892
-6.3175
-6.31747
-6.3191
-6.32157
-6.32221
-6.3213
-6.32146
-6.32309
-6.32275
-6.31864
-6.32029
-6.32065
-6.31746
-6.31875
-6.3195
-6.32183
-6.32173
-6.32276
-6.3227
-6.32387
-6.32307
-6.32219
-6.32407
-6.32508
-6.3268
-6.327
-6.32514
-6.32134
-6.32026
-6.31875
-6.31846
-6.31841
-6.31562
-6.31618
-6.31841
-6.31811
-6.31822
-6.31946
-6.32184
-6.32432
-6.32415
-6.32472
-6.32395
-6.32148
-6.32161
-6.31965
-6.32256
-6.32299
-6.32321
-6.32158
-6.31866
-6.31698
-6.31521
-6.31533
-6.3155
-6.31363
-6.31338
-6.31189
-6.31237
-6.31565
-6.31835
-6.31935
-6.3208
-6.32042
-6.32504
-6.3253
-6.32611
-6.32714
-6.32644
-6.32426
-6.32571
-6.32585
-6.32734
-6.32291
-6.32188
-6.31832
-6.31717
-6.31899
-6.31913
-6.31941
-6.322
-6.32132
-6.32083
-6.3195
-6.31949
-6.32077
-6.31982
-6.31872
-6.32184
-6.3206
-6.3216
-6.32059
-6.31946
-6.31911
-6.31949
-6.32122
-6.3207
-6.32053
-6.32161
-6.32006
-6.31969
-6.31981
-6.3204
-6.32117
-6.32157
-6.32265
-6.32126
-6.32287
-6.3242
-6.32422
-6.32618
-6.32366
-6.32482
-6.32418
-6.32428
-6.32495
-6.32572
-6.32717
-6.32509
-6.32415
-6.32223
-6.32105
-6.32034
-6.31948
-6.32038
-6.31782
-6.31728
-6.31422
-6.31474
-6.31651
-6.31659
-6.31721
-6.31747
-6.31751
-6.31781
-6.31843
-6.31724
-6.31873
-6.32064
-6.31906
-6.31845
-6.31749
-6.31869
-6.31896
-6.31874
-6.31837
-6.31875
-6.31991
-6.32185
-6.32111
-6.32255
-6.32341
-6.32095
-6.32006
-6.32013
-6.31923
-6.31902
-6.32146
-6.32488
-6.32367
-6.3226
-6.32295
-6.3206
-6.31862
-6.31812
-6.31952
-6.31956
-6.32206
-6.32173
-6.32239
-6.32274
-6.3244
-6.32416
-6.32236
-6.32159
-6.32342
-6.32296
-6.32203
-6.32083
-6.32025
-6.32029
-6.32007
-6.32072
-6.31888
-6.31958
-6.31678
-6.31629
-6.31636
-6.31587
-6.31635
-6.31552
-6.31598
-6.31772
-6.3168
-6.31669
-6.31635
-6.31613
-6.31806
-6.31998
-6.31841
-6.3186
-6.32019
-6.3183
-6.32033
-6.32076
-6.32184
-6.3203
-6.31933
-6.31987
-6.3216
-6.31909
-6.32184
-6.32213
-6.3222
-6.32101
-6.32302
-6.32275
-6.32315
-6.32395
-6.3226
-6.32362
-6.32345
-6.32467
-6.32588
-6.32862
-6.32661
-6.32686
-6.32515
-6.327
-6.3267
-6.3247
-6.32473
-6.32434
-6.32393
-6.32417
-6.32274
-6.32117
-6.32164
-6.32245
-6.32163
-6.32008
-6.31972
-6.31668
-6.31678
-6.31779
-6.32036
-6.32058
-6.31907
-6.31841
-6.32057
-6.31917
-6.32111
-6.32032
-6.31908
-6.32022
-6.31914
-6.31999
-6.31665
-6.31757
-6.32118
-6.32127
-6.31998
-6.31941
-6.32081
-6.32075
-6.31915
-6.31814
-6.32062
-6.32056
-6.3217
-6.32109
-6.32076
-6.3186
-6.31808
-6.31798
-6.31454
-6.31559
-6.31495
-6.31554
-6.31596
-6.31756
-6.31794
-6.31784
-6.31902
-6.31973
-6.3209
-6.3225
-6.32549
-6.32567
-6.32601
-6.32527
-6.32581
-6.32412
-6.32187
-6.31777
-6.31866
-6.31874
-6.3186
-6.31946
-6.32088
-6.31993
-6.32089
-6.3222
-6.32226
-6.32335
-6.32186
-6.32162
-6.32262
-6.32191
-6.32112
-6.32058
-6.32037
-6.31951
-6.31766
-6.31864
-6.3195
-6.32028
-6.32078
-6.32115
-6.32284
-6.32173
-6.32322
-6.32417
-6.32659
-6.32517
-6.32481
-6.32337
-6.32285
-6.32391
-6.32361
-6.32288
-6.32234
-6.32199
-6.32314
-6.32099
-6.32014
-6.31904
-6.31807
-6.32148
-6.32052
-6.31972
-6.32126
-6.32116
-6.32161
-6.31995
-6.32008
-6.32078
-6.31955
-6.32041
-6.32149
-6.32185
-6.32047
-6.31981
-6.32069
-6.32004
-6.31937
-6.31771
-6.31646
-6.31417
-6.31368
-6.31388
-6.31288
-6.31285
-6.31297
-6.31698
-6.31861
-6.32163
-6.32141
-6.31985
-6.31893
-6.31816
-6.31802
-6.31934
-6.31992
-6.31976
-6.32134
-6.3203
-6.31886
-6.31766
-6.31813
-6.3175
-6.31944
-6.32004
-6.32014
-6.32145
-6.32257
-6.32211
-6.31943
-6.32103
-6.32146
-6.31919
-6.31756
-6.31703
-6.31573
-6.31562
-6.31473
-6.31327
-6.31343
-6.31746
-6.31921
-6.31841
-6.31869
-6.31973
-6.31991
-6.32239
-6.3219
-6.32191
-6.32333
-6.32323
-6.32361
-6.32294
-6.32134
-6.32115
-6.32075
-6.32169
-6.3233
-6.32334
-6.32218
-6.3211
-6.32328
-6.32217
-6.32255
-6.32243
-6.32247
-6.32173
-6.32087
-6.31829
-6.31949
-6.32033
-6.3196
-6.31974
-6.31933
-6.32016
-6.32153
-6.32225
-6.32429
-6.32707
-6.32625
-6.3263
-6.32624
-6.3248
-6.32208
-6.32177
-6.31984
-6.32037
-6.31867
-6.31877
-6.31873
-6.31966
-6.3196
-6.31983
-6.32149
-6.32111
-6.32184
-6.32098
-6.31807
-6.31804
-6.31797
-6.32163
-6.32268
-6.32226
-6.32028
-6.31836
-6.32019
-6.32101
-6.31867
-6.31776
-6.3186
-6.3202
-6.31992
-6.31808
-6.31948
-6.32052
-6.3202
-6.32012
-6.31967
-6.31985
-6.32037
-6.31968
-6.31714
-6.31597
-6.31807
-6.31755
-6.31891
-6.32019
-6.32049
-6.32115
-6.32316
-6.32332
-6.3245
-6.32378
-6.32368
-6.3248
-6.3232
-6.32406
-6.32351
-6.32353
-6.32128
-6.31973
-6.31993
-6.32254
-6.32297
-6.3218
-6.32284
-6.32254
-6.32065
-6.32144
-6.32076
-6.32244
-6.32318
-6.32418
-6.32406
-6.32499
-6.32632
-6.32619
-6.32644
-6.3263
-6.32749
-6.327
-6.32624
-6.32688
-6.32587
-6.32513
-6.32218
-6.32109
-6.31945
-6.31675
-6.31694
-6.31577
-6.31613
-6.3157
-6.31763
-6.31925
-6.3188
-6.31744
-6.31739
-6.31833
-6.31777
-6.3165
-6.32114
-6.32141
-6.32185
-6.31982
-6.32043
-6.32137
-6.31969
-6.3193
-6.3189
-6.3179
-6.31826
-6.31874
-6.32132
-6.32311
-6.32343
-6.32412
-6.32405
-6.32501
-6.32464
-6.32458
-6.32429
-6.32361
-6.32401
-6.32281
-6.32277
-6.32323
-6.32484
-6.32586
-6.32537
-6.32343
-6.32318
-6.3226
-6.32215
-6.32095
-6.32316
-6.32221
-6.32059
-6.32019
-6.31781
-6.3177
-6.31798
-6.31568
-6.31563
-6.3178
-6.31903
-6.31845
-6.31875
-6.32441
-6.32586
-6.32545
-6.3247
-6.32403
-6.32331
-6.32305
-6.32368
-6.32358
-6.32555
-6.32591
-6.32518
-6.32524
-6.32158
-6.32096
-6.32014
-6.32011
-6.31646
-6.31781
-6.32016
-6.31839
-6.31853
-6.32044
-6.32274
-6.32277
-6.32564
-6.327
-6.32898
-6.32764
-6.32662
-6.32378
-6.32126
-6.3209
-6.3196
-6.31967
-6.31979
-6.32151
-6.32118
-6.32262
-6.3244
-6.32695
-6.32486
-6.3244
-6.32297
-6.32044
-6.31906
-6.32079
-6.32036
-6.32046
-6.31946
-6.31915
-6.31901
-6.32139
-6.32356
-6.32512
-6.32482
-6.32662
-6.32541
-6.32388
-6.32175
-6.32165
-6.32193
-6.32319
-6.3228
-6.32402
-6.32433
-6.32346
-6.32392
-6.32396
-6.32411
-6.32343
-6.323
-6.321
-6.32239
-6.32133
-6.32004
-6.31945
-6.31891
-6.3194
-6.32033
-6.31943
-6.32117
-6.32153
-6.32232
-6.32213
-6.32358
-6.32388
-6.32066
-6.32218
-6.32206
-6.32159
-6.32006
-6.31971
-6.32148
-6.32375
-6.32285
-6.32409
-6.32499
-6.32475
-6.32403
-6.32422
-6.3226
-6.32262
-6.32411
-6.32362
-6.32312
-6.32122
-6.32074
-6.32382
-6.32395
-6.32505
-6.32461
-6.32389
-6.32337
-6.32191
-6.3217
-6.32058
-6.32068
-6.32025
-6.31878
-6.31762
-6.31938
-6.31756
-6.31829
-6.31667
-6.31621
-6.31808
-6.32045
-6.32122
-6.32127
-6.32221
-6.32091
-6.32133
-6.32228
-6.32183
-6.32069
-6.31889
-6.31911
-6.31791
-6.31572
-6.31623
-6.31618
-6.31806
-6.31809
-6.31892
-6.31936
-6.31966
-6.31988
-6.31949
-6.3184
-6.31774
-6.31798
-6.31722
-6.31964
-6.31932
-6.32035
-6.32006
-6.32031
-6.32235
-6.32071
-6.32157
-6.32343
-6.32375
-6.32124
-6.32232
-6.32429
-6.32481
-6.32646
-6.32282
-6.3224
-6.32268
-6.32279
-6.32115
-6.32034
-6.31994
-6.31856
-6.31742
-6.31652
-6.31725
-6.31583
-6.31655
-6.31582
-6.3165
-6.31748
-6.31601
-6.31785
-6.31617
-6.31787
-6.31754
-6.31943
-6.3193
-6.31936
-6.31764
-6.31903
-6.31653
-6.3168
-6.31579
-6.31493
-6.31784
-6.31631
-6.3162
-6.31719
-6.31771
-6.31744
-6.31977
-6.32164
-6.32158
-6.32222
-6.32095
-6.31871
-6.3178
-6.31765
-6.32033
-6.32235
-6.32271
-6.32705
-6.32801
-6.3276
-6.32797
-6.32656
-6.32387
-6.32148
-6.31969
-6.31974
-6.31787
-6.3198
-6.3226
-6.32488
-6.32636
-6.32398
-6.32369
-6.31987
-6.31792
-6.31674
-6.31715
-6.31734
-6.31768
-6.3197
-6.3203
-6.32148
-6.32175
-6.32422
-6.32569
-6.32301
-6.32213
-6.31931
-6.31982
-6.3195
-6.319
-6.31701
-6.31585
-6.31556
-6.31869
-6.31991
-6.32168
-6.32332
-6.32646
-6.324
-6.32245
-6.32375
-6.32209
-6.32301
-6.32455
-6.32536
-6.32476
-6.32442
-6.32439
-6.32284
-6.32017
-6.31927
-6.31945
-6.31936
-6.32187
-6.32562
-6.3267
-6.32702
-6.32728
-6.32852
-6.3259
-6.32487
-6.32335
-6.32252
-6.32107
-6.31948
-6.31668
-6.31771
-6.31782
-6.3183
-6.31682
-6.31691
-6.31718
-6.32114
-6.3219
-6.32328
-6.32394
-6.32403
-6.32499
-6.3241
-6.323
-6.32223
-6.32017
-6.31969
-6.31992
-6.32003
-6.31817
-6.31648
-6.31407
-6.31789
-6.31769
-6.32005
-6.31981
-6.31885
-6.31963
-6.32234
-6.32328
-6.32463
-6.32407
-6.32423
-6.32385
-6.32436
-6.3262
-6.32723
-6.32686
-6.32673
-6.32614
-6.32598
-6.32419
-6.32418
-6.32395
-6.3241
-6.32276
-6.32034
-6.32308
-6.32006
-6.31875
-6.31686
-6.31955
-6.32061
-6.32035
-6.32042
-6.31953
-6.3194
-6.32008
-6.32067
-6.32221
-6.32178
-6.32254
-6.32305
-6.32538
-6.32681
-6.3282
-6.32689
-6.32742
-6.3247
-6.3243
-6.3221
-6.31977
-6.31903
-6.31613
-6.31834
-6.31514
-6.31379
-6.31438
-6.31693
-6.31748
-6.31902
-6.32367
-6.32547
-6.32676
-6.32499
-6.32556
-6.32453
-6.32276
-6.322
-6.32102
-6.32082
-6.31786
-6.31836
-6.31816
-6.31894
-6.31971
-6.31844
-6.32111
-6.3208
-6.31973
-6.32077
-6.32034
-6.31872
-6.3185
-6.31807
-6.32046
-6.319
-6.31967
-6.31802
-6.31955
-6.3199
-6.32215
-6.32072
-6.32176
-6.32052
-6.32159
-6.32337
-6.32324
-6.32405
-6.32251
-6.32082
-6.32154
-6.32013
-6.32051
-6.31788
-6.31818
-6.31696
-6.31786
-6.31742
-6.31762
-6.31881
-6.32121
-6.32208
-6.3235
-6.32304
-6.32195
-6.32321
-6.32114
-6.3211
-6.3219
-6.32226
-6.32275
-6.3261
-6.33022
-6.3295
-6.3291
-6.32614
-6.3246
-6.32169
-6.32078
-6.31904
-6.31847
-6.31682
-6.31604
-6.31581
-6.31355
-6.31507
-6.31614
-6.31801
-6.31891
-6.31965
-6.32001
-6.32149
-6.32218
-6.32321
-6.32225
-6.32114
-6.32074
-6.32044
-6.31923
-6.31989
-6.32226
-6.32327
-6.32217
-6.3225
-6.32169
-6.32049
-6.3193
-6.32143
-6.32265
-6.32389
-6.32379
-6.3252
-6.32485
-6.32241
-6.3224
-6.32257
-6.32296
-6.32196
-6.32023
-6.32071
-6.31761
-6.31685
-6.31467
-6.31506
-6.31583
-6.31801
-6.31763
-6.31911
-6.31873
-6.31794
-6.32047
-6.32297
-6.32604
-6.32577
-6.32515
-6.32523
-6.32487
-6.32454
-6.32439
-6.32323
-6.32402
-6.32346
-6.32374
-6.32089
-6.31941
-6.31959
-6.32077
-6.31838
-6.3166
-6.31631
-6.31809
-6.3193
-6.31899
-6.31787
-6.32187
-6.31843
-6.31958
-6.31852
-6.31722
-6.31826
-6.31971
-6.31672
-6.31709
-6.31634
-6.31872
-6.31775
-6.31787
-6.31832
-6.32056
-6.32127
-6.32265
-6.32021
-6.32051
-6.32109
-6.32208
-6.32324
-6.32137
-6.3209
-6.32205
-6.32242
-6.32553
-6.32399
-6.32115
-6.32003
-6.31937
-6.32068
-6.31995
-6.32351
-6.32296
-6.32363
-6.32183
-6.32064
-6.32042
-6.3185
-6.3183
-6.32135
-6.32145
-6.32057
-6.31967
-6.31973
-6.32008
-6.32096
-6.32102
-6.32088
-6.32188
-6.32279
-6.32143
-6.3221
-6.32324
-6.32196
-6.32309
-6.32038
-6.32276
-6.32165
-6.32083
-6.31808
-6.31806
-6.31719
-6.31775
-6.31704
-6.31703
-6.31678
-6.3175
-6.31945
-6.3189
-6.31949
-6.32009
-6.31961
-6.32079
-6.32174
-6.32311
-6.32258
-6.32364
-6.32244
-6.32164
-6.322
-6.32424
-6.32441
-6.32496
-6.3247
-6.32379
-6.3235
-6.32036
-6.31942
-6.3193
-6.32247
-6.32344
-6.32497
-6.32551
-6.32746
-6.3288
-6.32823
-6.32645
-6.32388
-6.32294
-6.32184
-6.31973
-6.31986
-6.31922
-6.32158
-6.321
-6.32198
-6.32163
-6.32289
-6.32257
-6.32295
-6.32204
-6.32167
-6.32106
-6.31917
-6.31988
-6.31942
-6.31698
-6.31561
-6.31608
-6.31518
-6.31417
-6.31522
-6.31471
-6.31583
-6.31664
-6.31585
-6.31541
-6.31756
-6.31805
-6.31619
-6.31591
-6.3176
-6.31517
-6.3164
-6.31734
-6.31826
-6.31787
-6.31743
-6.31827
-6.31909
-6.32049
-6.32015
-6.31997
-6.31994
-6.32078
-6.32098
-6.32263
-6.32192
-6.32206
-6.32133
-6.32185
-6.32155
-6.32008
-6.31978
-6.31912
-6.3169
-6.31873
-6.31728
-6.31808
-6.31755
-6.31754
-6.31915
-6.31995
-6.32043
-6.32305
-6.32194
-6.32299
-6.32379
-6.32293
-6.32089
-6.32007
-6.32023
-6.32043
-6.32131
-6.32147
-6.32272
-6.3217
-6.32226
-6.32436
-6.32116
-6.32167
-6.32294
-6.32207
-6.32167
-6.32117
-6.31964
-6.31877
-6.31774
-6.31699
-6.31717
-6.31489
-6.3148
-6.31682
-6.31742
-6.31481
-6.31335
-6.31566
-6.31811
-6.31958
-6.3183
-6.31872
-6.31794
-6.31704
-6.31742
-6.31884
-6.31913
-6.31865
-6.32037
-6.32293
-6.32461
-6.32585
-6.32451
-6.32629
-6.3263
-6.32595
-6.32441
-6.3238
-6.32265
-6.32013
-6.31994
-6.32256
-6.32256
-6.32439
-6.32449
-6.32445
-6.32599
-6.3285
-6.32761
-6.32675
-6.32818
-6.32842
-6.32923
-6.32701
-6.32835
-6.32495
-6.32313
-6.32271
-6.32159
-6.32047
-6.32097
-6.32107
-6.32004
-6.31915
-6.31908
-6.3208
-6.32265
-6.32383
-6.32447
-6.3241
-6.32338
-6.32244
-6.32184
-6.32398
-6.32433
-6.32273
-6.32324
-6.32327
-6.32321
-6.32503
-6.32323
-6.32459
-6.32235
-6.32079
-6.31873
-6.31852
-6.31665
-6.31417
-6.31525
-6.31756
-6.31868
-6.31905
-6.32043
-6.32306
-6.32336
-6.32237
-6.32251
-6.32263
-6.32092
-6.32167
-6.32233
-6.32321
-6.32458
-6.32442
-6.32554
-6.32753
-6.3274
-6.32608
-6.32551
-6.3247
-6.32428
-6.32526
-6.32284
-6.32005
-6.31964
-6.31915
-6.31645
-6.31811
-6.31927
-6.32048
-6.319
-6.31912
-6.31737
-6.31685
-6.31592
-6.31762
-6.31861
-6.31623
-6.31771
-6.31652
-6.32024
-6.32357
-6.32203
-6.32314
-6.32529
-6.32378
-6.32553
-6.32724
-6.32796
-6.32425
-6.32399
-6.32116
-6.32007
-6.32077
-6.31971
-6.32076
-6.32002
-6.31941
-6.32186
-6.3235
-6.32402
-6.32466
-6.32401
-6.32516
-6.32414
-6.32288
-6.32436
-6.32354
-6.32377
-6.32448
-6.32342
-6.32592
-6.32662
-6.3244
-6.3235
-6.3225
-6.3197
-6.31979
-6.32022
-6.32053
-6.32184
-6.32081
-6.32094
-6.31968
-6.31902
-6.31869
-6.31712
-6.31433
-6.31613
-6.31758
-6.31926
-6.31885
-6.31995
-6.32069
-6.31991
-6.32122
-6.32167
-6.32083
-6.32089
-6.31856
-6.31871
-6.3181
-6.31641
-6.31596
-6.31551
-6.31518
-6.31504
-6.31252
-6.31215
-6.31195
-6.31188
-6.31348
-6.31571
-6.31661
-6.3175
-6.3194
-6.32065
-6.32212
-6.32301
-6.32384
-6.3256
-6.32612
-6.32652
-6.32595
-6.32485
-6.32325
-6.32373
-6.32398
-6.32304
-6.32229
-6.32087
-6.32207
-6.32325
-6.3265
-6.32902
-6.32925
-6.32577
-6.3247
-6.32257
-6.32088
-6.32083
-6.31906
-6.31765
-6.31695
-6.3179
-6.31719
-6.31828
-6.31912
-6.32124
-6.32131
-6.32348
-6.3245
-6.32274
-6.32339
-6.32355
-6.32426
-6.32394
-6.32356
-6.32215
-6.32067
-6.3217
-6.32267
-6.32103
-6.32038
-6.31976
-6.31889
-6.3159
-6.31639
-6.31762
-6.31841
-6.31779
-6.31946
-6.31982
-6.32496
-6.32361
-6.32283
-6.32534
-6.3252
-6.32335
-6.32137
-6.32303
-6.32328
-6.32437
-6.32549
-6.32542
-6.32584
-6.32722
-6.32687
-6.32678
-6.32384
-6.32215
-6.32256
-6.32295
-6.32201
-6.32251
-6.32071
-6.32008
-6.31995
-6.32004
-6.31784
-6.31825
-6.31875
-6.31678
-6.31655
-6.31704
-6.31723
-6.31741
-6.31824
-6.31817
-6.31914
-6.31757
-6.31852
-6.31838
-6.32035
-6.32059
-6.31657
-6.31643
-6.31732
-6.31931
-6.32149
-6.31989
-6.32117
-6.32153
-6.32213
-6.32211
-6.32178
-6.32082
-6.32124
-6.32185
-6.32265
-6.32257
-6.32464
-6.32222
-6.32315
-6.32288
-6.32199
-6.3217
-6.321
-6.31992
-6.32043
-6.31936
-6.31905
-6.3205
-6.32237
-6.32164
-6.32277
-6.32309
-6.32227
-6.32426
-6.32267
-6.32184
-6.32154
-6.32182
-6.31974
-6.31874
-6.32059
-6.32131
-6.32112
-6.31971
-6.32034
-6.3192
-6.31863
-6.31873
-6.31957
-6.31732
-6.31813
-6.31937
-6.32033
-6.31937
-6.31846
-6.32026
-6.3203
-6.32053
-6.32217
-6.3209
-6.32081
-6.32246
-6.32388
-6.32308
-6.32324
-6.31977
-6.31816
-6.31564
-6.3158
-6.31622
-6.31769
-6.3193
-6.32048
-6.32111
-6.32014
-6.31966
-6.32166
-6.32473
-6.32564
-6.32781
-6.32971
-6.32925
-6.32733
-6.32822
-6.32692
-6.32427
-6.32464
-6.32363
-6.32095
-6.32079
-6.32086
-6.3192
-6.31968
-6.31774
-6.31692
-6.31849
-6.31826
-6.3172
-6.31821
-6.31861
-6.31992
-6.32006
-6.32152
-6.32037
-6.3189
-6.31622
-6.31564
-6.31856
-6.31985
-6.31926
-6.32039
-6.31909
-6.32023
-6.3212
-6.32159
-6.31965
-6.32013
-6.31751
-6.31862
-6.3197
-6.31734
-6.31785
-6.31839
-6.31824
-6.31949
-6.31906
-6.31982
-6.32082
-6.32243
-6.32237
-6.3226
-6.3221
-6.32056
-6.31926
-6.3195
-6.31969
-6.32018
-6.3197
-6.32087
-6.31978
-6.32064
-6.32279
-6.32364
-6.32286
-6.32336
-6.32225
-6.32151
-6.32186
-6.32468
-6.32544
-6.32727
-6.32644
-6.32603
-6.32661
-6.3243
-6.32438
-6.32147
-6.32054
-6.31876
-6.31789
-6.31826
-6.31666
-6.31715
-6.31957
-6.31892
-6.31807
-6.31926
-6.31861
-6.31967
-6.31794
-6.31708
-6.31857
-6.31782
-6.32031
-6.32137
-6.32174
-6.32343
-6.32431
-6.32328
-6.32404
-6.3232
-6.32187
-6.32111
-6.32258
-6.32244
-6.32135
-6.31996
-6.32184
-6.32054
-6.32064
-6.32282
-6.32128
-6.32275
-6.32258
-6.32033
-6.32118
-6.32098
-6.31956
-6.31864
-6.31988
-6.32095
-6.32204
-6.32169
-6.32145
-6.32073
-6.32056
-6.32234
-6.32383
-6.32205
-6.3189
-6.31984
-6.31845
-6.32096
-6.321
-6.32061
-6.31889
-6.32037
-6.32077
-6.32452
-6.32432
-6.32584
-6.32609
-6.32776
-6.32939
-6.32952
-6.32745
-6.32814
-6.3278
-6.32541
-6.32403
-6.32227
-6.31804
-6.31858
-6.31683
-6.318
-6.31849
-6.31761
-6.31753
-6.31947
-6.32042
-6.31899
-6.32059
-6.32098
-6.32308
-6.32347
-6.32227
-6.31994
-6.31912
-6.31973
-6.31909
-6.31967
-6.32078
-6.32208
-6.3217
-6.32228
-6.3216
-6.32165
-6.32078
-6.32212
-6.32332
-6.32403
-6.32498
-6.32534
-6.32395
-6.32507
-6.32511
-6.32623
-6.32825
-6.32908
-6.32957
-6.32744
-6.32666
-6.32447
-6.32108
-6.32055
-6.31814
-6.31709
-6.31733
-6.31712
-6.31564
-6.31661
-6.31699
-6.31895
-6.32091
-6.32297
-6.32239
-6.3239
-6.32409
-6.32244
-6.32379
-6.32411
-6.32249
-6.32283
-6.32268
-6.32363
-6.32354
-6.32163
-6.32074
-6.31944
-6.31886
-6.31839
-6.3192
-6.31787
-6.32001
-6.31933
-6.31902
-6.31779
-6.31702
-6.31716
-6.31673
-6.31904
-6.31826
-6.31915
-6.32064
-6.32075
-6.32085
-6.32103
-6.32005
-6.32151
-6.31922
-6.31897
-6.32042
-6.32358
-6.32581
-6.32707
-6.32986
-6.33024
-6.32782
-6.32941
-6.32855
-6.32562
-6.32779
-6.32832
-6.32695
-6.32403
-6.32475
-6.32199
-6.3199
-6.31975
-6.32051
-6.3209
-6.31835
-6.32008
-6.32194
-6.31878
-6.31963
-6.32088
-6.31992
-6.32099
-6.31927
-6.31891
-6.3234
-6.32359
-6.32297
-6.32411
-6.32372
-6.32243
-6.3251
-6.32435
-6.32616
-6.32482
-6.32304
-6.32179
-6.3197
-6.31929
-6.31925
-6.32058
-6.31947
-6.31986
-6.31951
-6.32132
-6.32384
-6.3239
-6.3239
-6.32443
-6.32489
-6.32415
-6.32332
-6.32445
-6.32312
-6.32104
-6.3215
-6.32192
-6.32094
-6.32396
-6.32341
-6.3231
-6.32492
-6.32438
-6.32286
-6.32206
-6.32492
-6.32522
-6.32614
-6.32435
-6.32437
-6.3253
-6.32756
-6.32736
-6.32629
-6.32649
-6.3265
-6.3256
-6.32546
-6.32591
-6.32709
-6.32654
-6.32714
-6.32781
-6.32719
-6.32555
-6.32746
-6.32686
-6.3244
-6.32454
-6.32361
-6.32215
-6.31922
-6.31816
-6.31852
-6.31849
-6.31874
-6.31885
-6.32026
-6.32153
-6.32032
-6.32022
-6.31999
-6.32068
-6.32171
-6.3189
-6.31877
-6.31774
-6.31645
-6.3171
-6.31676
-6.31603
-6.3169
-6.31842
-6.31871
-6.32008
-6.31998
-6.32037
-6.31964
-6.32361
-6.32504
-6.32511
-6.32529
-6.3258
-6.32467
-6.3236
-6.32241
-6.32192
-6.32194
-6.32213
-6.32309
-6.32465
-6.32251
-6.32217
-6.32141
-6.32133
-6.32005
-6.31985
-6.31969
-6.32018
-6.319
-6.3178
-6.31924
-6.31792
-6.31938
-6.3204
-6.31961
-6.31884
-6.32121
-6.32052
-6.32264
-6.32373
-6.3238
-6.32483
-6.32424
-6.32499
-6.32577
-6.32592
-6.32473
-6.32312
-6.32303
-6.3219
-6.32172
-6.32026
-6.32075
-6.32052
-6.32276
-6.32133
-6.31923
-6.31822
-6.31912
-6.3191
-6.32068
-6.31919
-6.32057
-6.32078
-6.32075
-6.32047
-6.32061
-6.32116
-6.32312
-6.32073
-6.32285
-6.32316
-6.32343
-6.32307
-6.32237
-6.32385
-6.32381
-6.32376
-6.32232
-6.32328
-6.32307
-6.32363
-6.3221
-6.3224
-6.32236
-6.32046
-6.32041
-6.32066
-6.32181
-6.32268
-6.32403
-6.32517
-6.32642
-6.32657
-6.32725
-6.3272
-6.32677
-6.32702
-6.32349
-6.32437
-6.32095
-6.319
-6.31845
-6.31886
-6.31821
-6.31772
-6.31702
-6.3158
-6.31637
-6.31781
-6.31662
-6.31677
-6.318
-6.31457
-6.31498
-6.316
-6.31727
-6.31831
-6.31958
-6.31997
-6.32076
-6.32004
-6.32047
-6.3205
-6.32015
-6.31949
-6.32084
-6.32004
-6.31808
-6.32016
-6.3207
-6.32191
-6.32114
-6.31996
-6.31993
-6.3191
-6.3178
-6.31999
-6.3197
-6.31866
-6.31828
-6.32083
-6.32204
-6.32078
-6.32207
-6.32437
-6.32456
-6.32548
-6.32394
-6.32175
-6.32236
-6.31985
-6.31962
-6.32023
-6.31978
-6.31914
-6.32104
-6.32102
-6.32405
-6.32576
-6.32511
-6.32441
-6.32504
-6.32459
-6.3268
-6.32472
-6.32427
-6.32478
-6.32545
-6.32392
-6.3253
-6.32343
-6.32183
-6.32174
-6.32119
-6.32086
-6.31981
-6.31773
-6.3169
-6.31763
-6.32055
-6.31921
-6.32021
-6.32041
-6.31989
-6.32156
-6.32114
-6.32242
-6.32242
-6.32465
-6.32521
-6.32634
-6.3283
-6.32974
-6.32963
-6.32895
-6.32645
-6.32643
-6.32567
-6.32551
-6.32432
-6.32347
-6.31886
-6.31904
-6.31704
-6.31645
-6.31591
-6.31876
-6.31892
-6.31875
-6.32168
-6.32059
-6.32081
-6.31867
-6.31963
-6.31872
-6.31833
-6.32102
-6.32144
-6.32351
-6.32373
-6.32001
-6.31845
-6.31945
-6.31962
-6.31975
-6.3206
-6.32096
-6.32246
-6.32191
-6.32387
-6.3241
-6.32562
-6.32427
-6.3237
-6.32393
-6.32234
-6.32027
-6.32021
-6.32191
-6.32072
-6.32227
-6.32311
-6.32275
-6.32114
-6.3209
-6.31953
-6.32042
-6.3214
-6.32059
-6.31991
-6.31965
-6.31879
-6.3186
-6.31972
-6.31991
-6.32013
-6.32007
-6.32035
-6.32128
-6.32123
-6.32114
-6.3217
-6.32321
-6.32272
-6.32176
-6.32382
-6.32303
-6.32366
-6.32166
-6.32173
-6.32408
-6.32745
-6.32662
-6.32657
-6.32643
-6.32634
-6.32399
-6.3217
-6.32056
-6.3207
-6.31837
-6.31946
-6.31975
-6.32081
-6.32217
-6.32148
-6.31947
-6.31954
-6.31954
-6.32107
-6.32232
-6.32149
-6.32103
-6.32256
-6.32195
-6.32189
-6.3225
-6.32122
-6.32068
-6.32126
-6.3227
-6.3221
-6.32296
-6.32187
-6.32346
-6.32312
-6.32321
-6.32131
-6.32276
-6.32113
-6.32192
-6.32275
-6.32287
-6.3232
-6.32273
-6.32373
-6.324
-6.32554
-6.32423
-6.32046
-6.31975
-6.31884
-6.31995
-6.32208
-6.32191
-6.32233
-6.32362
-6.32319
-6.32336
-6.32287
-6.32277
-6.32113
-6.32217
-6.32327
-6.32374
-6.32128
-6.3208
-6.32163
-6.32282
-6.3224
-6.32095
-6.32069
-6.31933
-6.31783
-6.31493
-6.31518
-6.3151
-6.31608
-6.31556
-6.31392
-6.31595
-6.31612
-6.31699
-6.32017
-6.3234
-6.32343
-6.32249
-6.3235
-6.32486
-6.32592
-6.32636
-6.32422
-6.32139
-6.32171
-6.32185
-6.32196
-6.32425
-6.32258
-6.32167
-6.32011
-6.32104
-6.31977
-6.31958
-6.32005
-6.31938
-6.31931
-6.32041
-6.31852
-6.31731
-6.31715
-6.31906
-6.31978
-6.31868
-6.32025
-6.32148
-6.32093
-6.32235
-6.32079
-6.31855
-6.32064
-6.32016
-6.32149
-6.32284
-6.32264
-6.32214
-6.32218
-6.3242
-6.32354
-6.32368
-6.32398
-6.32419
-6.32497
-6.32341
-6.32274
-6.32459
-6.32252
-6.32204
-6.32345
-6.3222
-6.32148
-6.32003
-6.31887
-6.3181
-6.31717
-6.31544
-6.31809
-6.31727
-6.31716
-6.31612
-6.31865
-6.31953
-6.31932
-6.31989
-6.31831
-6.31854
-6.31814
-6.3189
-6.32093
-6.32005
-6.31975
-6.32251
-6.32822
-6.32894
-6.32844
-6.32726
-6.32894
-6.32903
-6.32571
-6.32492
-6.32449
-6.31996
-6.31976
-6.32037
-6.31959
-6.31782
-6.31927
-6.31968
-6.32189
-6.3254
-6.32618
-6.32866
-6.33016
-6.33034
-6.32821
-6.32606
-6.32297
-6.32295
-6.31906
-6.31641
-6.31684
-6.31928
-6.32027
-6.32068
-6.32233
-6.32594
-6.32556
-6.32597
-6.32577
-6.32561
-6.32439
-6.32159
-6.3198
-6.31677
-6.31476
-6.31377
-6.31384
-6.3131
-6.31167
-6.31098
-6.31282
-6.31594
-6.31983
-6.32264
-6.32477
-6.32402
-6.32443
-6.32501
-6.32188
-6.32237
-6.32306
-6.32243
-6.32216
-6.32453
-6.32428
-6.32388
-6.32412
-6.3239
-6.32508
-6.32343
-6.32194
-6.321
-6.32069
-6.31947
-6.3203
-6.31872
-6.31899
-6.31911
-6.32059
-6.32032
-6.32081
-6.32175
-6.32159
-6.32012
-6.31835
-6.31986
-6.32201
-6.32279
-6.32223
-6.32231
-6.32309
-6.32264
-6.32257
-6.3216
-6.32072
-6.32092
-6.32221
-6.3213
-6.32104
-6.32229
-6.32209
-6.32235
-6.32245
-6.32182
-6.32403
-6.32231
-6.32347
-6.32331
-6.32288
-6.32002
-6.31903
-6.32093
-6.32115
-6.32093
-6.32014
-6.32058
-6.32401
-6.32292
-6.32377
-6.32147
-6.31968
-6.32014
-6.32068
-6.31979
-6.32335
-6.32325
-6.32359
-6.32423
-6.32469
-6.32423
-6.32576
-6.32451
-6.32355
-6.32402
-6.32082
-6.32008
-6.31877
-6.31778
-6.31712
-6.31945
-6.31903
-6.31947
-6.32044
-6.32112
-6.32194
-6.32145
-6.32001
-6.31907
-6.31877
-6.32046
-6.31931
-6.31855
-6.31592
-6.31732
-6.31793
-6.31843
-6.31813
-6.32017
-6.32089
-6.32276
-6.32378
-6.3213
-6.32143
-6.31933
-6.31891
-6.31666
-6.31718
-6.31604
-6.31529
-6.31573
-6.31487
-6.31632
-6.3175
-6.31935
-6.3192
-6.32081
-6.32172
-6.32302
-6.32657
-6.32687
-6.32467
-6.32435
-6.32441
-6.32177
-6.321
-6.31919
-6.32044
-6.32131
-6.32061
-6.32115
-6.31973
-6.31876
-6.32039
-6.32157
-6.32049
-6.3204
-6.3212
-6.32274
-6.32486
-6.32581
-6.32587
-6.32468
-6.32519
-6.32393
-6.32259
-6.32094
-6.32263
-6.32223
-6.32038
-6.32028
-6.32121
-6.32116
-6.32079
-6.32276
-6.32262
-6.32461
-6.31939
-6.32142
-6.3212
-6.32085
-6.32126
-6.32181
-6.32124
-6.32184
-6.32302
-6.32188
-6.32233
-6.32213
-6.32288
-6.32395
-6.32176
-6.32086
-6.32128
-6.31985
-6.31949
-6.32125
-6.32321
-6.32535
-6.32562
-6.32715
-6.33017
-6.33231
-6.32962
-6.32693
-6.32421
-6.32313
-6.32089
-6.32127
-6.3206
-6.32073
-6.31919
-6.31629
-6.31705
-6.31904
-6.32012
-6.32009
-6.32232
-6.32346
-6.32285
-6.32608
-6.3239
-6.32548
-6.32313
-6.32238
-6.32165
-6.32002
-6.31886
-6.31827
-6.31859
-6.31882
-6.31821
-6.31699
-6.31928
-6.32118
-6.32074
-6.31965
-6.31925
-6.3199
-6.32092
-6.31931
-6.32046
-6.31947
-6.31922
-6.31944
-6.31986
-6.31798
-6.31811
-6.31613
-6.3173
-6.3155
-6.31586
-6.31701
-6.31656
-6.31826
-6.31849
-6.32048
-6.32208
-6.32372
-6.32194
-6.32125
-6.3225
-6.32197
-6.3228
-6.32341
-6.32163
-6.3231
-6.32373
-6.32027
-6.31915
-6.31832
-6.31737
-6.31823
-6.31904
-6.31731
-6.31742
-6.31815
-6.31922
-6.3189
-6.31928
-6.31954
-6.3173
-6.31774
-6.31962
-6.31977
-6.3215
-6.32032
-6.31855
-6.31817
-6.31788
-6.31768
-6.31883
-6.32001
-6.32187
-6.32411
-6.32449
-6.32593
-6.32711
-6.32764
-6.32611
-6.32695
-6.32654
-6.32519
-6.32552
-6.324
-6.32267
-6.32003
-6.31784
-6.31847
-6.3184
-6.31928
-6.3185
-6.3196
-6.32034
-6.32068
-6.32282
-6.32536
-6.32645
-6.32682
-6.32825
-6.32842
-6.32741
-6.32706
-6.32566
-6.32442
-6.32127
-6.31887
-6.32044
-6.32076
-6.32038
-6.31728
-6.31885
-6.31947
-6.31932
-6.32113
-6.32254
-6.32252
-6.32278
-6.31893
-6.31769
-6.31769
-6.31624
-6.31663
-6.31812
-6.31953
-6.31932
-6.32021
-6.32043
-6.32121
-6.31927
-6.31921
-6.31982
-6.31806
-6.31603
-6.31551
-6.31433
-6.31603
-6.31505
-6.31517
-6.31631
-6.31751
-6.31978
-6.32121
-6.32084
-6.32054
-6.32086
-6.32171
-6.32139
-6.32309
-6.32227
-6.32121
-6.31873
-6.3195
-6.31881
-6.32095
-6.32109
-6.31981
-6.32056
-6.32195
-6.32298
-6.32333
-6.32531
-6.32666
-6.32668
-6.32687
-6.32518
-6.32349
-6.32281
-6.32092
-6.3215
-6.32077
-6.32079
-6.32168
-6.32
-6.3194
-6.3196
-6.31923
-6.31877
-6.32024
-6.32151
-6.3237
-6.32572
-6.32366
-6.32147
-6.3206
-6.31932
-6.32012
-6.31875
-6.31938
-6.31903
-6.32189
-6.32678
-6.32908
-6.32935
-6.32761
-6.32696
-6.32918
-6.32819
-6.32631
-6.32554
-6.32536
-6.32361
-6.32265
-6.3203
-6.31883
-6.31787
-6.31965
-6.31959
-6.31802
-6.31781
-6.31766
-6.32016
-6.31949
-6.31896
-6.31701
-6.31686
-6.31677
-6.3188
-6.32118
-6.32222
-6.32133
-6.31998
-6.31767
-6.31715
-6.31621
-6.31582
-6.31615
-6.31737
-6.31899
-6.31999
-6.31915
-6.31956
-6.31752
-6.31997
-6.32142
-6.32274
-6.32249
-6.32314
-6.32524
-6.32486
-6.32425
-6.32275
-6.32168
-6.32209
-6.32117
-6.32003
-6.31814
-6.31856
-6.31651
-6.31684
-6.31712
-6.31686
-6.31851
-6.31936
-6.31967
-6.3197
-6.31983
-6.32055
-6.32075
-6.32438
-6.32322
-6.32259
-6.32295
-6.32132
-6.32323
-6.32266
-6.323
-6.32346
-6.32355
-6.32362
-6.32166
-6.3208
-6.31964
-6.31915
-6.31967
-6.32155
-6.32183
-6.32145
-6.32357
-6.32395
-6.32452
-6.32594
-6.3263
-6.32596
-6.32563
-6.32335
-6.32141
-6.32106
-6.32038
-6.3214
-6.32262
-6.32126
-6.31964
-6.31988
-6.3237
-6.32377
-6.32291
-6.32306
-6.32268
-6.32252
-6.32366
-6.32195
-6.32125
-6.32314
-6.32243
-6.32269
-6.3236
-6.32413
-6.32191
-6.32018
-6.31901
-6.32045
-6.32037
-6.32012
-6.3201
-6.32001
-6.31922
-6.31899
-6.32179
-6.32393
-6.32399
-6.32508
-6.3239
-6.32137
-6.3227
-6.32117
-6.32305
-6.32071
-6.32052
-6.31978
-6.31737
-6.31808
-6.31845
-6.31778
-6.31708
-6.31761
-6.3182
-6.31972
-6.32046
-6.32338
-6.32414
-6.32538
-6.32465
-6.32452
-6.32478
-6.32498
-6.32559
-6.32477
-6.32349
-6.32272
-6.32212
-6.32102
-6.32072
-6.32179
-6.32254
-6.32252
-6.32102
-6.32259
-6.32045
-6.31984
-6.3195
-6.31944
-6.31773
-6.31666
-6.31761
-6.31775
-6.31881
-6.31925
-6.3187
-6.32059
-6.32016
-6.32114
-6.32153
-6.32204
-6.3208
-6.32106
-6.32153
-6.32022
-6.3217
-6.3205
-6.31966
-6.3173
-6.31893
-6.32097
-6.32175
-6.32166
-6.31946
-6.32042
-6.32034
-6.31978
-6.31952
-6.31968
-6.32141
-6.32078
-6.32049
-6.32101
-6.3199
-6.32118
-6.32039
-6.32114
-6.32055
-6.32051
-6.31936
-6.31833
-6.31994
-6.32061
-6.32222
-6.32471
-6.32412
-6.32266
-6.32388
-6.32229
-6.3241
-6.32385
-6.32222
-6.32152
-6.32051
-6.31928
-6.3169
-6.31668
-6.3183
-6.31623
-6.31623
-6.31662
-6.31571
-6.31861
-6.31789
-6.31875
-6.3177
-6.31674
-6.31871
-6.31965
-6.32005
-6.31924
-6.31986
-6.31851
-6.31856
-6.32072
-6.32046
-6.31934
-6.32086
-6.32109
-6.32035
-6.32281
-6.32099
-6.32228
-6.32244
-6.32246
-6.31948
-6.31741
-6.31823
-6.31809
-6.31902
-6.3198
-6.32022
-6.31775
-6.31723
-6.31664
-6.31806
-6.32032
-6.32229
-6.32321
-6.32433
-6.32308
-6.3247
-6.32353
-6.3207
-6.31901
-6.31825
-6.31495
-6.31559
-6.31721
-6.31715
-6.31661
-6.31802
-6.31864
-6.32095
-6.32036
-6.32213
-6.32083
-6.31855
-6.31892
-6.31779
-6.31877
-6.31927
-6.31834
-6.31815
-6.31825
-6.31878
-6.31967
-6.31999
-6.3182
-6.31961
-6.31882
-6.31817
-6.31771
-6.31778
-6.31809
-6.318
-6.31908
-6.32051
-6.32172
-6.3212
-6.32051
-6.32202
-6.32048
-6.31907
-6.31736
-6.31735
-6.31964
-6.32047
-6.32132
-6.32175
-6.32112
-6.32335
-6.32358
-6.32537
-6.32283
-6.31982
-6.31983
-6.31895
-6.31783
-6.31724
-6.31606
-6.3174
-6.31591
-6.31848
-6.3199
-6.32129
-6.324
-6.32582
-6.32498
-6.3224
-6.32269
-6.32207
-6.32263
-6.32224
-6.32175
-6.32101
-6.32113
-6.32426
-6.32615
-6.32672
-6.32647
-6.32551
-6.32341
-6.32519
-6.32541
-6.32149
-6.32248
-6.32129
-6.32027
-6.31752
-6.31953
-6.32104
-6.32091
-6.31963
-6.32001
-6.31879
-6.31929
-6.31774
-6.31721
-6.31718
-6.31904
-6.31836
-6.31703
-6.31811
-6.31907
-6.32191
-6.32007
-6.31881
-6.3196
-6.32038
-6.31935
-6.31926
-6.31953
-6.31826
-6.31831
-6.32019
-6.32048
-6.32258
-6.32185
-6.32182
-6.32088
-6.32198
-6.32032
-6.32145
-6.31858
-6.3173
-6.31506
-6.31484
-6.31282
-6.31327
-6.3162
-6.31578
-6.31521
-6.31699
-6.31812
-6.32011
-6.32062
-6.32059
-6.32103
-6.32071
-6.32039
-6.32082
-6.32142
-6.32127
-6.32202
-6.32233
-6.32243
-6.32151
-6.322
-6.32251
-6.3221
-6.32182
-6.32274
-6.32459
-6.32448
-6.32467
-6.32551
-6.32378
-6.32409
-6.32392
-6.32557
-6.32411
-6.32424
-6.3248
-6.32117
-6.31895
-6.31999
-6.31882
-6.3183
-6.3191
-6.32026
-6.32157
-6.32331
-6.32288
-6.32305
-6.32207
-6.32166
-6.3189
-6.32061
-6.32197
-6.3217
-6.32112
-6.3205
-6.32276
-6.3205
-6.31968
-6.31857
-6.3177
-6.31908
-6.32025
-6.32112
-6.32385
-6.32532
-6.32688
-6.32645
-6.32585
-6.32457
-6.32108
-6.31958
-6.32039
-6.32093
-6.32058
-6.32
-6.31823
-6.31881
-6.31918
-6.31833
-6.31878
-6.31756
-6.31599
-6.31643
-6.31772
-6.31892
-6.31897
-6.31932
-6.31957
-6.32132
-6.32038
-6.32226
-6.32399
-6.32424
-6.3224
-6.31981
-6.32205
-6.32204
-6.32303
-6.32564
-6.32366
-6.32188
-6.32125
-6.32086
-6.31959
-6.32049
-6.31946
-6.31877
-6.31996
-6.31999
-6.32231
-6.32393
-6.32382
-6.32356
-6.3257
-6.32632
-6.32445
-6.32335
-6.31856
-6.31758
-6.31727
-6.31674
-6.31671
-6.31628
-6.31581
-6.31559
-6.31649
-6.31675
-6.31626
-6.31719
-6.31861
-6.31769
-6.31715
-6.31804
-6.31943
-6.32152
-6.32087
-6.32183
-6.32175
-6.3178
-6.31888
-6.31962
-6.32041
-6.31914
-6.31562
-6.31481
-6.31761
-6.31705
-6.31742
-6.31795
-6.32061
-6.32067
-6.31946
-6.32083
-6.32336
-6.32535
-6.32645
-6.32417
-6.32347
-6.32377
-6.32414
-6.32358
-6.32075
-6.31853
-6.31722
-6.31974
-6.31868
-6.31926
-6.31992
-6.31942
-6.31845
-6.31638
-6.31449
-6.31403
-6.31715
-6.31308
-6.31436
-6.31548
-6.31548
-6.31704
-6.31862
-6.31933
-6.31919
-6.31853
-6.31857
-6.31924
-6.32237
-6.32302
-6.32114
-6.3213
-6.32103
-6.31883
-6.31871
-6.31752
-6.3175
-6.31728
-6.31871
-6.31587
-6.31745
-6.31699
-6.31612
-6.31846
-6.31596
-6.31356
-6.31298
-6.31456
-6.31574
-6.31742
-6.31815
-6.31943
-6.32176
-6.32186
-6.32263
-6.3219
-6.32206
-6.32132
-6.32112
-6.32149
-6.32142
-6.32271
-6.32327
-6.32398
-6.32125
-6.32128
-6.32219
-6.31955
-6.31826
-6.31936
-6.31929
-6.32193
-6.32202
-6.32272
-6.32237
-6.32354
-6.32176
-6.32194
-6.32194
-6.32084
-6.32025
-6.31977
-6.31769
-6.32006
-6.32197
-6.32047
-6.32037
-6.32073
-6.31965
-6.31949
-6.31873
-6.3181
-6.31891
-6.3179
-6.32017
-6.32215
-6.3219
-6.32267
-6.3209
-6.32174
-6.32192
-6.3214
-6.31916
-6.31869
-6.31872
-6.31645
-6.31756
-6.31639
-6.31781
-6.31907
-6.31893
-6.32011
-6.31999
-6.32129
-6.32063
-6.32038
-6.3183
-6.31951
-6.31814
-6.31745
-6.32169
-6.32281
-6.32208
-6.32142
-6.32204
-6.32227
-6.3237
-6.32505
-6.32598
-6.32682
-6.32624
-6.32587
-6.3267
-6.32526
-6.32492
-6.32577
-6.32624
-6.32495
-6.32339
-6.32301
-6.32432
-6.32179
-6.32163
-6.32043
-6.32161
-6.32243
-6.32367
-6.32334
-6.3229
-6.32305
-6.32199
-6.32254
-6.32116
-6.32152
-6.32243
-6.3217
-6.32065
-6.31924
-6.31876
-6.32028
-6.32275
-6.32505
-6.32744
-6.32602
-6.32725
-6.32684
-6.32628
-6.32572
-6.32486
-6.32364
-6.32457
-6.32467
-6.32456
-6.3236
-6.32187
-6.32076
-6.31879
-6.31894
-6.31769
-6.31766
-6.31753
-6.31894
-6.32088
-6.32135
-6.32279
-6.32533
-6.32625
-6.32683
-6.32427
-6.32424
-6.32331
-6.32288
-6.32231
-6.32352
-6.32354
-6.32426
-6.32397
-6.32616
-6.32393
-6.32241
-6.31998
-6.31866
-6.31831
-6.31808
-6.31904
-6.31733
-6.31906
-6.32065
-6.32013
-6.32168
-6.32266
-6.32135
-6.32312
-6.32208
-6.32429
-6.32295
-6.32359
-6.32269
-6.3217
-6.32009
-6.31966
-6.32023
-6.31863
-6.31743
-6.31844
-6.31957
-6.31839
-6.31672
-6.31683
-6.31585
-6.31837
-6.31988
-6.31971
-6.32039
-6.3196
-6.32091
-6.32016
-6.31808
-6.31899
-6.31908
-6.31877
-6.31964
-6.32067
-6.32201
-6.32285
-6.32339
-6.32037
-6.31741
-6.31827
-6.31896
-6.31904
-6.31991
-6.32208
-6.32469
-6.32297
-6.32267
-6.32288
-6.31885
-6.3174
-6.32075
-6.32108
-6.32129
-6.31947
-6.3186
-6.31837
-6.31911
-6.31624
-6.31491
-6.31481
-6.31342
-6.31407
-6.31524
-6.31538
-6.31611
-6.31865
-6.31801
-6.31892
-6.32
-6.31931
-6.32042
-6.32145
-6.32208
-6.32262
-6.32243
-6.32444
-6.32514
-6.32328
-6.32116
-6.32101
-6.32249
-6.32067
-6.32236
-6.32208
-6.32246
-6.32487
-6.32546
-6.3252
-6.32471
-6.32493
-6.32358
-6.32324
-6.32193
-6.3232
-6.32411
-6.32462
-6.32247
-6.32028
-6.32002
-6.31946
-6.31862
-6.31941
-6.31851
-6.3181
-6.31879
-6.31965
-6.3211
-6.32001
-6.32163
-6.32338
-6.32331
-6.32138
-6.32076
-6.31913
-6.31809
-6.31798
-6.31789
-6.31761
-6.31623
-6.31602
-6.31721
-6.31839
-6.31819
-6.31913
-6.31953
-6.31897
-6.31909
-6.31605
-6.31613
-6.3143
-6.31488
-6.31503
-6.31444
-6.31482
-6.31497
-6.31626
-6.31671
-6.3197
-6.32171
-6.32404
-6.32685
-6.32908
-6.3288
-6.32735
-6.32484
-6.3243
-6.32367
-6.32381
-6.32205
-6.32342
-6.32147
-6.32038
-6.32258
-6.32333
-6.32473
-6.32657
-6.32583
-6.32442
-6.32718
-6.32504
-6.32453
-6.32374
-6.32279
-6.32086
-6.32107
-6.32203
-6.32072
-6.31983
-6.3212
-6.32034
-6.3188
-6.31881
-6.31956
-6.32042
-6.32024
-6.32054
-6.32116
-6.32182
-6.32022
-6.31955
-6.31945
-6.32129
-6.31966
-6.32112
-6.32218
-6.32118
-6.32226
-6.32101
-6.32307
-6.32315
-6.32221
-6.32236
-6.31992
-6.31869
-6.32073
-6.32023
-6.3194
-6.32038
-6.32076
-6.32171
-6.32056
-6.32247
-6.32292
-6.32389
-6.32345
-6.32251
-6.32327
-6.32112
-6.31902
-6.31779
-6.31778
-6.31674
-6.31816
-6.31779
-6.31956
-6.32083
-6.32445
-6.32661
-6.32755
-6.32796
-6.32729
-6.32955
-6.32998
-6.32736
-6.3253
-6.32289
-6.32149
-6.32029
-6.31911
-6.3184
-6.3188
-6.32023
-6.31959
-6.32149
-6.32376
-6.32401
-6.32154
-6.32061
-6.3194
-6.32004
-6.31754
-6.31534
-6.31649
-6.31876
-6.31787
-6.32047
-6.32121
-6.3222
-6.3226
-6.32169
-6.32171
-6.32047
-6.32002
-6.3198
-6.31733
-6.31789
-6.3193
-6.31925
-6.31927
-6.31836
-6.31852
-6.32047
-6.32066
-6.32161
-6.32387
-6.3247
-6.32627
-6.32688
-6.32524
-6.32528
-6.32447
-6.32386
-6.3245
-6.32263
-6.31967
-6.31797
-6.31501
-6.31827
-6.31895
-6.32116
-6.32282
-6.32126
-6.32259
-6.32543
-6.32382
-6.32537
-6.32547
-6.32543
-6.32403
-6.32275
-6.31916
-6.31831
-6.31489
-6.31039
-6.31384
-6.31302
-6.3124
-6.31145
-6.31117
-6.31057
-6.30942
-6.31227
-6.31349
-6.31703
-6.32099
-6.32236
-6.32463
-6.32321
-6.32407
-6.32394
-6.32699
-6.32505
-6.32395
-6.32307
-6.32114
-6.32276
-6.32116
-6.31966
-6.31732
-6.31771
-6.31663
-6.316
-6.31578
-6.31725
-6.31618
-6.31549
-6.31878
-6.31927
-6.31793
-6.32019
-6.32202
-6.32434
-6.32512
-6.32404
-6.32435
-6.32383
-6.32196
-6.3224
-6.32138
-6.32121
-6.32057
-6.31814
-6.31902
-6.31959
-6.32044
-6.32183
-6.32182
-6.32271
-6.32131
-6.31961
-6.32056
-6.3219
-6.32232
-6.32082
-6.32091
-6.32122
-6.32135
-6.32096
-6.32138
-6.32145
-6.32195
-6.31881
-6.3189
-6.31834
-6.31671
-6.31615
-6.31686
-6.32002
-6.32069
-6.32177
-6.32388
-6.32284
-6.32259
-6.32162
-6.32037
-6.31903
-6.31837
-6.31686
-6.318
-6.32058
-6.32169
-6.32371
-6.32236
-6.32228
-6.32198
-6.3226
-6.32166
-6.32282
-6.32095
-6.32127
-6.31988
-6.32157
-6.3217
-6.32218
-6.32456
-6.32363
-6.32388
-6.32334
-6.32198
-6.32213
-6.32261
-6.32318
-6.32124
-6.32186
-6.32004
-6.32083
-6.32202
-6.31983
-6.31927
-6.31948
-6.31731
-6.31639
-6.31681
-6.31533
-6.3151
-6.31596
-6.31775
-6.31715
-6.31899
-6.31812
-6.3184
-6.31882
-6.31873
-6.31691
-6.31963
-6.32057
-6.32109
-6.32013
-6.32114
-6.32072
-6.31882
-6.31833
-6.31895
-6.32274
-6.32202
-6.32009
-6.32049
-6.32079
-6.31893
-6.31977
-6.31828
-6.31725
-6.31359
-6.31387
-6.31742
-6.31771
-6.31657
-6.31842
-6.31894
-6.31905
-6.3191
-6.32206
-6.32299
-6.3246
-6.32466
-6.32218
-6.32036
-6.31992
-6.31987
-6.31934
-6.3189
-6.31767
-6.31676
-6.31961
-6.32036
-6.32068
-6.32099
-6.32039
-6.32154
-6.32184
-6.32483
-6.32526
-6.32499
-6.32393
-6.32297
-6.325
-6.32419
-6.32222
-6.32241
-6.32326
-6.32453
-6.32013
-6.32017
-6.3185
-6.31838
-6.32105
-6.32127
-6.32023
-6.31944
-6.32112
-6.32135
-6.31952
-6.32177
-6.32102
-6.3189
-6.32131
-6.32091
-6.3207
-6.32071
-6.32179
-6.3241
-6.32265
-6.32293
-6.32143
-6.32013
-6.31908
-6.31833
-6.31758
-6.31849
-6.31757
-6.3191
-6.31992
-6.31974
-6.3211
-6.32131
-6.31956
-6.32019
-6.32147
-6.3233
-6.32571
-6.32489
-6.32292
-6.32188
-6.31901
-6.31799
-6.31694
-6.31551
-6.31656
-6.31681
-6.3192
-6.31892
-6.31984
-6.32186
-6.32347
-6.32384
-6.32384
-6.32347
-6.32382
-6.32304
-6.32022
-6.32026
-6.3196
-6.31834
-6.31849
-6.31814
-6.31671
-6.31676
-6.31538
-6.31252
-6.3146
-6.31573
-6.31749
-6.31723
-6.31808
-6.31898
-6.31923
-6.32056
-6.32153
-6.32134
-6.32172
-6.32139
-6.32326
-6.32403
-6.32523
-6.3248
-6.32491
-6.32295
-6.32318
-6.32215
-6.32278
-6.32372
-6.32294
-6.32422
-6.32525
-6.32313
-6.32343
-6.32335
-6.32335
-6.32227
-6.32178
-6.32059
-6.32221
-6.32327
-6.32202
-6.32225
-6.321
-6.32083
-6.31953
-6.31946
-6.31809
-6.31671
-6.31791
-6.31849
-6.31888
-6.31898
-6.31701
-6.31673
-6.31902
-6.31857
-6.3208
-6.31943
-6.31936
-6.31762
-6.31821
-6.31848
-6.31783
-6.32021
-6.32024
-6.31922
-6.31854
-6.31873
-6.31904
-6.31936
-6.32112
-6.32173
-6.32256
-6.3226
-6.3244
-6.32298
-6.32302
-6.3213
-6.32303
-6.32163
-6.31816
-6.31866
-6.31874
-6.31848
-6.31833
-6.32115
-6.32274
-6.32095
-6.3201
-6.31905
-6.31849
-6.31744
-6.31935
-6.32154
-6.32266
-6.32369
-6.32471
-6.32414
-6.32486
-6.32583
-6.32275
-6.32172
-6.32082
-6.31986
-6.32
-6.32075
-6.31926
-6.3187
-6.3186
-6.3214
-6.32243
-6.32193
-6.32251
-6.32422
-6.32324
-6.32385
-6.32288
-6.32264
-6.31958
-6.3205
-6.32085
-6.31865
-6.31841
-6.31814
-6.31815
-6.31876
-6.32029
-6.31823
-6.31845
-6.31774
-6.31714
-6.31891
-6.31917
-6.3189
-6.32065
-6.32275
-6.32511
-6.32407
-6.32471
-6.32537
-6.32448
-6.32119
-6.31956
-6.31939
-6.3205
-6.31869
-6.31942
-6.32099
-6.32232
-6.32235
-6.32289
-6.32257
-6.32581
-6.32354
-6.32294
-6.32317
-6.32275
-6.32056
-6.32023
-6.32019
-6.32075
-6.32059
-6.32128
-6.32142
-6.32153
-6.32245
-6.32436
-6.32524
-6.32281
-6.3223
-6.32156
-6.32011
-6.32007
-6.31963
-6.31921
-6.31985
-6.32124
-6.32077
-6.32293
-6.32278
-6.32404
-6.32678
-6.32779
-6.32689
-6.3266
-6.32737
-6.32739
-6.32623
-6.32308
-6.32167
-6.32151
-6.32237
-6.31941
-6.31842
-6.31995
-6.3201
-6.31955
-6.3209
-6.3212
-6.32479
-6.32565
-6.32554
-6.32568
-6.3254
-6.32475
-6.3251
-6.32366
-6.32348
-6.32207
-6.31819
-6.31959
-6.32075
-6.31775
-6.31707
-6.31783
-6.3172
-6.31758
-6.31733
-6.31859
-6.31721
-6.31714
-6.31766
-6.32012
-6.32046
-6.31983
-6.32124
-6.32152
-6.32037
-6.32001
-6.3226
-6.32505
-6.32431
-6.32261
-6.32039
-6.31878
-6.31697
-6.31569
-6.31658
-6.31603
-6.3153
-6.3169
-6.31694
-6.31735
-6.31846
-6.32025
-6.32067
-6.32219
-6.32379
-6.32387
-6.32289
-6.32354
-6.32522
-6.32239
-6.32112
-6.32202
-6.32094
-6.32184
-6.32164
-6.32335
-6.32246
-6.32115
-6.32157
-6.32126
-6.32042
-6.31998
-6.32256
-6.32263
-6.32215
-6.32275
-6.32128
-6.32182
-6.31935
-6.31954
-6.31853
-6.31947
-6.32026
-6.32206
-6.32508
-6.32627
-6.33008
-6.33028
-6.3292
-6.32921
-6.32824
-6.32641
-6.32671
-6.32524
-6.32391
-6.32305
-6.32325
-6.32318
-6.32539
-6.32631
-6.32691
-6.3265
-6.32573
-6.3255
-6.32383
-6.32166
-6.32224
-6.32334
-6.32341
-6.32381
-6.32201
-6.321
-6.32152
-6.32042
-6.31901
-6.32235
-6.32252
-6.32189
-6.32069
-6.32111
-6.32194
-6.32264
-6.31975
-6.32147
-6.32107
-6.3202
-6.3218
-6.32167
-6.32237
-6.32281
-6.32307
-6.3236
-6.3249
-6.32345
-6.32102
-6.323
-6.32217
-6.3229
-6.32331
-6.32276
-6.32282
-6.32412
-6.32214
-6.3243
-6.32733
-6.32588
-6.32527
-6.32723
-6.32903
-6.32866
-6.32745
-6.32651
-6.32642
-6.32423
-6.32315
-6.31944
-6.31886
-6.31955
-6.31897
-6.3215
-6.32162
-6.32132
-6.32259
-6.32223
-6.32221
-6.32252
-6.32086
-6.32009
-6.31952
-6.31846
-6.31592
-6.31642
-6.31678
-6.31544
-6.31773
-6.31673
-6.31744
-6.31829
-6.31718
-6.31832
-6.32083
-6.31967
-6.31967
-6.31932
-6.32005
-6.3178
-6.3179
-6.31881
-6.31834
-6.31787
-6.32136
-6.32236
-6.32406
-6.32532
-6.32633
-6.32659
-6.32794
-6.32835
-6.32771
-6.32791
-6.32698
-6.32373
-6.32314
-6.32376
-6.32119
-6.32074
-6.31957
-6.31645
-6.31791
-6.31977
-6.31975
-6.32134
-6.32317
-6.32412
-6.32403
-6.32632
-6.32566
-6.32645
-6.32672
-6.32687
-6.32543
-6.32167
-6.32
-6.31862
-6.31792
-6.31654
-6.31923
-6.31748
-6.31839
-6.31942
-6.32054
-6.32206
-6.32064
-6.32178
-6.32093
-6.32164
-6.32285
-6.32511
-6.32383
-6.32262
-6.32454
-6.32263
-6.32218
-6.32222
-6.3204
-6.31954
-6.31932
-6.32012
-6.31944
-6.32025
-6.3193
-6.32076
-6.32288
-6.32195
-6.32178
-6.32049
-6.32111
-6.32223
-6.32367
-6.32485
-6.32503
-6.3275
-6.32677
-6.32778
-6.32885
-6.32646
-6.32627
-6.32424
-6.32342
-6.32264
-6.32264
-6.32249
-6.32098
-6.31851
-6.3203
-6.31895
-6.32031
-6.32013
-6.32255
-6.32283
-6.32299
-6.32372
-6.32486
-6.32347
-6.32192
-6.32133
-6.31863
-6.31593
-6.31368
-6.31494
-6.31562
-6.31647
-6.31627
-6.31944
-6.32344
-6.3243
-6.32468
-6.32615
-6.32463
-6.32552
-6.32573
-6.32602
-6.32583
-6.32384
-6.32291
-6.32424
-6.32547
-6.32719
-6.32811
-6.32954
-6.32896
-6.32576
-6.32577
-6.32351
-6.3222
-6.31734
-6.31773
-6.31506
-6.31303
-6.31336
-6.31549
-6.3175
-6.31991
-6.32219
-6.32532
-6.3264
-6.32747
-6.32719
-6.32569
-6.32478
-6.32759
-6.32681
-6.32634
-6.32685
-6.32873
-6.32722
-6.32799
-6.32526
-6.3248
-6.32263
-6.32287
-6.3223
-6.32514
-6.32741
-6.32793
-6.32715
-6.32794
-6.33069
-6.3309
-6.32892
-6.32639
-6.32276
-6.32207
-6.32093
-6.31883
-6.31874
-6.31778
-6.31496
-6.31861
-6.31974
-6.32035
-6.32029
-6.32214
-6.32244
-6.32026
-6.32247
-6.32293
-6.32171
-6.31984
-6.31517
-6.31299
-6.31306
-6.31441
-6.31431
-6.31588
-6.3177
-6.31913
-6.31918
-6.32049
-6.32238
-6.32352
-6.32218
-6.31958
-6.31927
-6.31907
-6.32006
-6.32
-6.31796
-6.31663
-6.31976
-6.31683
-6.31606
-6.31771
-6.31874
-6.3199
-6.31874
-6.31804
-6.31874
-6.32085
-6.32086
-6.31947
-6.32121
-6.3218
-6.32049
-6.31953
-6.31798
-6.31794
-6.31735
-6.31672
-6.31909
-6.31988
-6.31998
-6.31891
-6.32046
-6.32099
-6.3214
-6.3236
-6.32239
-6.32172
-6.32333
-6.32279
-6.32276
-6.32584
-6.32511
-6.32558
-6.3248
-6.32721
-6.32663
-6.32902
-6.32642
-6.32447
-6.32262
-6.32254
-6.32238
-6.32422
-6.3256
-6.32594
-6.32737
-6.3286
-6.32917
-6.32746
-6.32537
-6.32624
-6.32515
-6.32199
-6.32147
-6.32047
-6.32109
-6.31996
-6.32106
-6.32167
-6.32525
-6.32395
-6.32306
-6.32328
-6.32545
-6.32174
-6.32114
-6.31837
-6.31739
-6.31909
-6.32033
-6.31735
-6.31836
-6.32071
-6.32022
-6.32118
-6.32143
-6.32268
-6.32142
-6.32283
-6.32235
-6.32351
-6.32396
-6.32366
-6.32482
-6.32417
-6.3243
-6.32465
-6.32111
-6.32154
-6.32248
-6.32296
-6.32164
-6.32231
-6.32066
-6.32151
-6.32097
-6.32139
-6.32062
-6.31779
-6.31807
-6.31883
-6.31933
-6.32117
-6.32274
-6.32246
-6.32575
-6.32537
-6.326
-6.32496
-6.32585
-6.32685
-6.3236
-6.32212
-6.31955
-6.32037
-6.31925
-6.31902
-6.31771
-6.31737
-6.31782
-6.31753
-6.31819
-6.32104
-6.32041
-6.32123
-6.32102
-6.32167
-6.32228
-6.32143
-6.31901
-6.31975
-6.31827
-6.31816
-6.32001
-6.32112
-6.32069
-6.32112
-6.32292
-6.32209
-6.32121
-6.32133
-6.32133
-6.32013
-6.32051
-6.3229
-6.32367
-6.32265
-6.31893
-6.31973
-6.31983
-6.32066
-6.31852
-6.31912
-6.31736
-6.3171
-6.31956
-6.32076
-6.3197
-6.32094
-6.32252
-6.32212
-6.32322
-6.32351
-6.32268
-6.32343
-6.32258
-6.32186
-6.32189
-6.32167
-6.32077
-6.32208
-6.32328
-6.32472
-6.32378
-6.32306
-6.32285
-6.32028
-6.31899
-6.3201
-6.32017
-6.31962
-6.32072
-6.32145
-6.32585
-6.32533
-6.32368
-6.32373
-6.32486
-6.32361
-6.32267
-6.32218
-6.32347
-6.32232
-6.32183
-6.32087
-6.32124
-6.3203
-6.32004
-6.31995
-6.32112
-6.31915
-6.31671
-6.31802
-6.31817
-6.31808
-6.31802
-6.31794
-6.31658
-6.31724
-6.31867
-6.32091
-6.32105
-6.32001
-6.32061
-6.32112
-6.32241
-6.32409
-6.32225
-6.3208
-6.31915
-6.31904
-6.31702
-6.31774
-6.31613
-6.31747
-6.31692
-6.31929
-6.31954
-6.32007
-6.32262
-6.32092
-6.32085
-6.32064
-6.32206
-6.32227
-6.32253
-6.32119
-6.32274
-6.32173
-6.32035
-6.32113
-6.32043
-6.32055
-6.32033
-6.31897
-6.31848
-6.31885
-6.31779
-6.32137
-6.32213
-6.32327
-6.32413
-6.32333
-6.32241
-6.32325
-6.3232
-6.32163
-6.3218
-6.31957
-6.31954
-6.31856
-6.31672
-6.31442
-6.31429
-6.31633
-6.31729
-6.3187
-6.31825
-6.32074
-6.31868
-6.3211
-6.32149
-6.3221
-6.32454
-6.32463
-6.32464
-6.32561
-6.32527
-6.32359
-6.32505
-6.32342
-6.32293
-6.31846
-6.31917
-6.3177
-6.31768
-6.31783
-6.31908
-6.31914
-6.32023
-6.31843
-6.3176
-6.31743
-6.31698
-6.3185
-6.31742
-6.31752
-6.31713
-6.31693
-6.31643
-6.31554
-6.318
-6.31798
-6.31878
-6.32034
-6.32203
-6.32022
-6.32152
-6.32093
-6.3177
-6.31687
-6.31531
-6.31694
-6.31719
-6.3179
-6.32127
-6.31752
-6.32282
-6.32293
-6.32433
-6.32151
-6.32281
-6.32201
-6.32331
-6.32447
-6.32242
-6.3209
-6.31878
-6.31802
-6.32108
-6.32094
-6.3219
-6.32218
-6.32338
-6.32459
-6.32496
-6.32467
-6.32129
-6.32076
-6.31988
-6.31957
-6.31877
-6.32095
-6.32083
-6.32256
-6.3232
-6.32271
-6.32207
-6.31995
-6.32156
-6.32244
-6.32269
-6.32177
-6.32163
-6.3206
-6.32151
-6.32075
-6.32119
-6.31897
-6.3203
-6.32004
-6.31926
-6.32124
-6.32249
-6.32204
-6.32242
-6.32092
-6.3203
-6.31851
-6.32067
-6.32195
-6.32271
-6.32493
-6.32344
-6.32084
-6.32332
-6.3225
-6.32102
-6.31964
-6.31879
-6.3183
-6.31824
-6.31897
-6.32137
-6.32269
-6.32302
-6.32212
-6.32177
-6.32198
-6.32343
-6.32363
-6.3239
-6.32171
-6.3217
-6.3201
-6.32029
-6.32073
-6.32086
-6.32296
-6.32147
-6.32303
-6.32461
-6.32675
-6.32461
-6.32438
-6.32415
-6.32385
-6.3237
-6.3226
-6.3231
-6.3201
-6.31858
-6.3197
-6.31907
-6.31876
-6.31814
-6.32043
-6.32038
-6.32309
-6.32426
-6.32575
-6.32685
-6.32584
-6.32616
-6.32835
-6.32521
-6.32459
-6.32148
-6.32004
-6.31962
-6.31814
-6.31677
-6.3174
-6.31781
-6.31932
-6.3195
-6.32008
-6.31983
-6.31714
-6.31779
-6.31688
-6.31758
-6.3192
-6.31846
-6.31959
-6.31548
-6.3152
-6.31582
-6.31671
-6.31817
-6.31767
-6.31818
-6.31843
-6.31715
-6.31918
-6.31967
-6.31987
-6.32394
-6.32442
-6.32227
-6.32233
-6.32422
-6.32405
-6.32247
-6.32116
-6.32279
-6.32095
-6.31893
-6.31964
-6.3182
-6.31973
-6.32024
-6.32062
-6.31925
-6.31944
-6.31838
-6.31838
-6.31878
-6.31949
-6.32013
-6.31872
-6.31919
-6.31901
-6.31825
-6.31919
-6.31856
-6.31891
-6.31955
-6.32019
-6.31956
-6.31772
-6.31824
-6.32043
-6.31999
-6.32134
-6.32217
-6.31799
-6.31924
-6.3189
-6.31832
-6.31813
-6.31767
-6.31922
-6.31925
-6.31876
-6.31972
-6.32081
-6.31744
-6.31669
-6.31819
-6.31733
-6.31854
-6.3179
-6.31798
-6.31882
-6.31824
-6.31697
-6.31709
-6.31806
-6.31738
-6.31729
-6.318
-6.32064
-6.32152
-6.32221
-6.32083
-6.32099
-6.31952
-6.31839
-6.31798
-6.31707
-6.31763
-6.31768
-6.31782
-6.31859
-6.31766
-6.31761
-6.3184
-6.31941
-6.31899
-6.31783
-6.31815
-6.31898
-6.31936
-6.31933
-6.31797
-6.31957
-6.31641
-6.316
-6.31514
-6.31321
-6.31375
-6.31385
-6.31511
-6.31651
-6.32017
-6.32075
-6.32108
-6.32252
-6.32226
-6.32238
-6.32098
-6.32259
-6.32449
-6.32524
-6.32535
-6.32381
-6.32398
-6.32281
-6.32084
-6.31917
-6.31909
-6.31762
-6.31727
-6.31957
-6.32062
-6.32367
-6.32349
-6.32454
-6.32512
-6.32555
-6.32461
-6.32496
-6.32566
-6.3257
-6.32307
-6.32351
-6.3231
-6.32279
-6.32198
-6.32046
-6.31812
-6.31638
-6.31498
-6.31803
-6.31926
-6.32001
-6.32133
-6.32426
-6.3235
-6.3266
-6.32776
-6.32678
-6.32358
-6.32247
-6.32144
-6.32207
-6.32203
-6.32143
-6.32084
-6.32036
-6.32042
-6.32127
-6.32133
-6.32041
-6.31927
-6.3196
-6.3207
-6.31959
-6.3214
-6.32029
-6.32048
-6.3207
-6.32194
-6.32262
-6.324
-6.32478
-6.32553
-6.32452
-6.32522
-6.32658
-6.32545
-6.32388
-6.32393
-6.32148
-6.32236
-6.32366
-6.32115
-6.321
-6.31902
-6.31974
-6.32057
-6.32018
-6.32052
-6.32227
-6.3212
-6.32082
-6.32459
-6.32655
-6.3276
-6.32769
-6.32656
-6.32565
-6.32414
-6.3222
-6.32417
-6.32395
-6.32332
-6.32368
-6.32511
-6.32421
-6.32295
-6.32368
-6.3246
-6.32194
-6.32221
-6.32257
-6.32053
-6.32035
-6.32117
-6.32138
-6.31798
-6.3215
-6.32389
-6.3217
-6.32101
-6.32195
-6.32246
-6.32434
-6.32316
-6.32117
-6.32283
-6.32029
-6.32252
-6.32273
-6.32234
-6.32048
-6.32238
-6.32145
-6.32298
-6.32229
-6.32064
-6.32171
-6.3208
-6.32131
-6.32047
-6.31965
-6.31918
-6.32055
-6.32064
-6.32049
-6.31966
-6.31982
-6.32205
-6.319
-6.31879
-6.32208
-6.3195
-6.31892
-6.31822
-6.31625
-6.31506
-6.31756
-6.31934
-6.31883
-6.31867
-6.31875
-6.31912
-6.32025
-6.32129
-6.32192
-6.32112
-6.32337
-6.32386
-6.32234
-6.32058
-6.31739
-6.31937
-6.32141
-6.32191
-6.32306
-6.32281
-6.32459
-6.32697
-6.32753
-6.32744
-6.32658
-6.32789
-6.32951
-6.32769
-6.32514
-6.32425
-6.32479
-6.32523
-6.32403
-6.32285
-6.3233
-6.32498
-6.32647
-6.32695
-6.32532
-6.32472
-6.32513
-6.32494
-6.32325
-6.32369
-6.32245
-6.3212
-6.31997
-6.31878
-6.31536
-6.31553
-6.31511
-6.31478
-6.31529
-6.31572
-6.31289
-6.31262
-6.3142
-6.31654
-6.31786
-6.31929
-6.31944
-6.31987
-6.32123
-6.32162
-6.32211
-6.32248
-6.32098
-6.32005
-6.32013
-6.3206
-6.31844
-6.31864
-6.32006
-6.31938
-6.31987
-6.32001
-6.32246
-6.32177
-6.3228
-6.32325
-6.32272
-6.32309
-6.32556
-6.32746
-6.32421
-6.3226
-6.323
-6.3216
-6.31856
-6.31726
-6.31598
-6.3181
-6.31849
-6.319
-6.31909
-6.32208
-6.32293
-6.32414
-6.32734
-6.32543
-6.32594
-6.32275
-6.32336
-6.32101
-6.32154
-6.32334
-6.32579
-6.32438
-6.32366
-6.32301
-6.32377
-6.32277
-6.3207
-6.32049
-6.32116
-6.32201
-6.32386
-6.32683
-6.3262
-6.32424
-6.3227
-6.32434
-6.32238
-6.32165
-6.32182
-6.32167
-6.32326
-6.32337
-6.32134
-6.32163
-6.32163
-6.32033
-6.32063
-6.3212
-6.32304
-6.32554
-6.32392
-6.32157
-6.32241
-6.32276
-6.32402
-6.32702
-6.32724
-6.32932
-6.32718
-6.32603
-6.32621
-6.32542
-6.3249
-6.32424
-6.32498
-6.32584
-6.32625
-6.32857
-6.32695
-6.32787
-6.32685
-6.32406
-6.32354
-6.32307
-6.32156
-6.32366
-6.32469
-6.32007
-6.32022
-6.32166
-6.32112
-6.32178
-6.31903
-6.31931
-6.31752
-6.31546
-6.31464
-6.31302
-6.31457
-6.31618
-6.32004
-6.32054
-6.32361
-6.3225
-6.32136
-6.32173
-6.31996
-6.31909
-6.32176
-6.32244
-6.32173
-6.32181
-6.32226
-6.32425
-6.32283
-6.32151
-6.32031
-6.3222
-6.31981
-6.32133
-6.31975
-6.31904
-6.31923
-6.32089
-6.32095
-6.32025
-6.3213
-6.31958
-6.32028
-6.31764
-6.31915
-6.31807
-6.31675
-6.31595
-6.31704
-6.31713
-6.31745
-6.31885
-6.31989
-6.31915
-6.32238
-6.32016
-6.31931
-6.32024
-6.31979
-6.31901
-6.31959
-6.32027
-6.3204
-6.32129
-6.32001
-6.31916
-6.32166
-6.32264
-6.32499
-6.32508
-6.32539
-6.3233
-6.32399
-6.32398
-6.32205
-6.32046
-6.32301
-6.32084
-6.32103
-6.32105
-6.32166
-6.31979
-6.31875
-6.31762
-6.31895
-6.31943
-6.32093
-6.32083
-6.31809
-6.31718
-6.31712
-6.31531
-6.31538
-6.31417
-6.31438
-6.31544
-6.31604
-6.31709
-6.3169
-6.31673
-6.31656
-6.31705
-6.31685
-6.31723
-6.31751
-6.31801
-6.31936
-6.32091
-6.32267
-6.32116
-6.32067
-6.3229
-6.32357
-6.32223
-6.32293
-6.32273
-6.32266
-6.32221
-6.32314
-6.31942
-6.32049
-6.32048
-6.32257
-6.3205
-6.32003
-6.31854
-6.31732
-6.31575
-6.31652
-6.31676
-6.31553
-6.31629
-6.31725
-6.31794
-6.32029
-6.32023
-6.3225
-6.32053
-6.31962
-6.31844
-6.31873
-6.31959
-6.32179
-6.323
-6.32389
-6.32519
-6.32375
-6.32387
-6.32172
-6.32089
-6.31911
-6.31896
-6.31657
-6.31656
-6.31739
-6.31651
-6.31682
-6.31853
-6.32059
-6.32222
-6.32274
-6.3218
-6.32138
-6.32053
-6.32125
-6.32001
-6.32136
-6.31948
-6.31824
-6.31767
-6.31716
-6.31935
-6.32004
-6.32045
-6.32053
-6.31996
-6.32139
-6.32005
-6.32401
-6.32187
-6.32389
-6.32326
-6.32324
-6.32387
-6.32612
-6.32705
-6.32789
-6.32764
-6.32433
-6.3254
-6.32115
-6.32131
-6.32105
-6.31944
-6.31878
-6.31912
-6.31635
-6.31544
-6.31551
-6.31822
-6.317
-6.31716
-6.31822
-6.31971
-6.31997
-6.31969
-6.32054
-6.32291
-6.32199
-6.322
-6.31976
-6.32206
-6.3241
-6.32174
-6.31956
-6.32175
-6.32368
-6.32418
-6.32151
-6.31923
-6.31977
-6.32231
-6.32466
-6.32425
-6.32499
-6.32366
-6.32287
-6.32232
-6.32448
-6.32527
-6.32574
-6.32708
-6.32766
-6.32828
-6.32815
-6.33035
-6.32917
-6.32756
-6.32551
-6.32324
-6.32291
-6.32252
-6.32177
-6.32075
-6.31984
-6.3191
-6.31943
-6.31878
-6.31963
-6.31931
-6.31942
-6.3216
-6.32206
-6.32389
-6.32314
-6.32544
-6.32327
-6.32439
-6.3256
-6.32299
-6.32183
-6.32094
-6.32263
-6.32207
-6.32351
-6.32404
-6.32304
-6.32432
-6.32452
-6.32579
-6.32609
-6.32412
-6.32481
-6.32469
-6.32392
-6.32203
-6.32079
-6.31968
-6.31937
-6.32298
-6.32415
-6.32458
-6.32507
-6.32493
-6.32385
-6.32226
-6.32062
-6.31973
-6.32003
-6.32126
-6.32305
-6.32398
-6.3226
-6.32166
-6.32113
-6.32262
-6.32073
-6.32172
-6.32053
-6.31948
-6.31948
-6.3188
-6.31932
-6.31879
-6.32026
-6.32062
-6.32087
-6.32227
-6.32337
-6.32338
-6.32382
-6.32175
-6.32275
-6.323
-6.3219
-6.32211
-6.3211
-6.32151
-6.32206
-6.32303
-6.32335
-6.32228
-6.31952
-6.32191
-6.32013
-6.31975
-6.31754
-6.319
-6.31986
-6.32073
-6.32027
-6.32072
-6.32049
-6.32056
-6.32001
-6.31755
-6.31804
-6.32021
-6.32208
-6.32395
-6.32319
-6.32301
-6.32179
-6.32174
-6.32319
-6.32193
-6.32223
-6.32189
-6.32291
-6.32337
-6.32298
-6.32333
-6.32412
-6.32497
-6.32293
-6.32122
-6.32275
-6.32494
-6.32453
-6.32442
-6.32292
-6.32291
-6.3247
-6.32248
-6.32474
-6.32444
-6.32489
-6.3206
-6.31962
-6.32249
-6.32167
-6.32133
-6.32026
-6.31732
-6.31749
-6.31726
-6.31629
-6.31807
-6.31893
-6.31909
-6.31846
-6.31925
-6.32141
-6.32237
-6.32284
-6.31937
-6.31916
-6.31776
-6.31882
-6.31878
-6.31894
-6.31959
-6.32136
-6.32198
-6.32303
-6.32252
-6.32357
-6.32348
-6.32541
-6.32643
-6.32591
-6.32644
-6.32455
-6.32194
-6.32068
-6.3199
-6.31968
-6.32034
-6.32052
-6.32172
-6.32185
-6.32149
-6.32229
-6.32237
-6.32149
-6.31936
-6.32082
-6.31876
-6.31866
-6.31632
-6.31529
-6.3172
-6.31783
-6.31654
-6.31722
-6.31631
-6.3177
-6.31844
-6.31786
-6.31693
-6.32053
-6.31767
-6.3175
-6.31746
-6.3202
-6.3205
-6.31996
-6.32134
-6.32322
-6.32125
-6.32242
-6.3209
-6.31999
-6.31887
-6.32036
-6.31955
-6.31793
-6.31753
-6.31788
-6.31867
-6.31949
-6.31916
-6.32033
-6.32067
-6.31979
-6.32141
-6.3213
-6.32191
-6.32248
-6.32171
-6.32096
-6.31975
-6.31915
-6.31886
-6.31843
-6.32121
-6.32208
-6.32151
-6.32083
-6.31926
-6.31931
-6.31732
-6.31794
-6.31821
-6.32002
-6.32101
-6.32017
-6.32201
-6.32223
-6.32582
-6.32613
-6.32595
-6.32367
-6.32518
-6.32546
-6.32372
-6.3211
-6.31939
-6.31996
-6.32061
-6.32005
-6.32052
-6.32297
-6.32438
-6.32482
-6.32435
-6.32438
-6.32485
-6.32459
-6.32217
-6.32104
-6.32227
-6.32011
-6.31974
-6.31826
-6.31863
-6.31932
-6.32035
-6.3207
-6.32377
-6.32514
-6.32366
-6.32572
-6.32547
-6.32588
-6.32413
-6.32326
-6.3218
-6.32186
-6.32258
-6.32264
-6.32315
-6.32387
-6.32298
-6.32329
-6.3236
-6.3218
-6.32265
-6.32304
-6.32015
-6.32044
-6.32033
-6.32238
-6.323
-6.32304
-6.32227
-6.32338
-6.32372
-6.32246
-6.32241
-6.32023
-6.32026
-6.31827
-6.32005
-6.32068
-6.32073
-6.32111
-6.32077
-6.3207
-6.3206
-6.32083
-6.32107
-6.32291
-6.323
-6.32423
-6.32367
-6.32395
-6.32253
-6.32143
-6.32137
-6.32115
-6.3211
-6.3196
-6.31787
-6.31907
-6.32025
-6.31942
-6.31822
-6.31991
-6.32193
-6.32131
-6.3222
-6.32292
-6.32285
-6.32174
-6.32001
-6.31899
-6.31837
-6.31752
-6.31744
-6.31785
-6.31752
-6.3194
-6.32114
-6.32453
-6.32549
-6.32558
-6.32353
-6.32424
-6.32581
-6.3253
-6.32468
-6.32398
-6.32295
-6.32169
-6.32122
-6.32288
-6.32441
-6.32313
-6.32445
-6.32568
-6.32449
-6.32148
-6.32154
-6.32126
-6.32242
-6.32183
-6.32323
-6.32282
-6.3237
-6.32075
-6.32127
-6.31993
-6.32042
-6.32023
-6.32038
-6.31925
-6.32232
-6.32364
-6.32534
-6.32563
-6.32663
-6.32567
-6.32471
-6.32247
-6.31937
-6.32065
-6.31857
-6.31935
-6.31783
-6.31766
-6.31601
-6.31624
-6.31547
-6.31469
-6.3155
-6.31525
-6.31481
-6.31632
-6.31671
-6.31845
-6.31797
-6.31891
-6.3201
-6.32039
-6.32145
-6.32257
-6.3227
-6.32243
-6.32338
-6.32365
-6.3262
-6.32778
-6.32903
-6.32826
-6.32803
-6.32608
-6.32536
-6.32267
-6.3229
-6.32413
-6.3209
-6.3194
-6.31906
-6.31795
-6.31931
-6.3201
-6.32122
-6.32132
-6.32103
-6.32257
-6.32072
-6.32194
-6.32132
-6.31827
-6.31677
-6.31726
-6.31627
-6.31581
-6.3175
-6.32001
-6.32258
-6.32449
-6.32435
-6.32412
-6.32095
-6.32111
-6.32105
-6.32003
-6.3199
-6.31994
-6.32147
-6.32033
-6.32112
-6.31866
-6.31685
-6.31827
-6.32006
-6.31966
-6.32035
-6.32148
-6.324
-6.32324
-6.32267
-6.32185
-6.32177
-6.31955
-6.31888
-6.31669
-6.31731
-6.31694
-6.3166
-6.32048
-6.31847
-6.31887
-6.31791
-6.31862
-6.31766
-6.31825
-6.31922
-6.31941
-6.32026
-6.32187
-6.3214
-6.32338
-6.32322
-6.32407
-6.32227
-6.32554
-6.32605
-6.32349
-6.3211
-6.32218
-6.32227
-6.32012
-6.31903
-6.31838
-6.31913
-6.31834
-6.31604
-6.31747
-6.3191
-6.31802
-6.31769
-6.31736
-6.31761
-6.31974
-6.32212
-6.32507
-6.32367
-6.32336
-6.3225
-6.32174
-6.32078
-6.32036
-6.32022
-6.32014
-6.3192
-6.31712
-6.31713
-6.31763
-6.31631
-6.3174
-6.31743
-6.31974
-6.32053
-6.32325
-6.32371
-6.3264
-6.32823
-6.32596
-6.32424
-6.32228
-6.32117
-6.32072
-6.32168
-6.32312
-6.32376
-6.32648
-6.32513
-6.32359
-6.32344
-6.32301
-6.32288
-6.32269
-6.32214
-6.3193
-6.3187
-6.31968
-6.32027
-6.31787
-6.32028
-6.31973
-6.31917
-6.3209
-6.31884
-6.31696
-6.31723
-6.31709
-6.31842
-6.32015
-6.32244
-6.32224
-6.32268
-6.32404
-6.32501
-6.32369
-6.32275
-6.32073
-6.32012
-6.31826
-6.31989
-6.31802
-6.31838
-6.31907
-6.32006
-6.32074
-6.32171
-6.32626
-6.32704
-6.32709
-6.32706
-6.32469
-6.32412
-6.32144
-6.32084
-6.31788
-6.31522
-6.31687
-6.31516
-6.31633
-6.31652
-6.31797
-6.31866
-6.32045
-6.32059
-6.32189
-6.32292
-6.32426
-6.32427
-6.32338
-6.32274
-6.32508
-6.32472
-6.32556
-6.32498
-6.32548
-6.32597
-6.32606
-6.32636
-6.32334
-6.32127
-6.32118
-6.32087
-6.32135
-6.32063
-6.31735
-6.31754
-6.31792
-6.31976
-6.31728
-6.31574
-6.31715
-6.31735
-6.31667
-6.31739
-6.31753
-6.31935
-6.31923
-6.32067
-6.32198
-6.32474
-6.32441
-6.32463
-6.32551
-6.32622
-6.32524
-6.32456
-6.3251
-6.32543
-6.32408
-6.32319
-6.3217
-6.32187
-6.3205
-6.3203
-6.32104
-6.31893
-6.31924
-6.32004
-6.3184
-6.31788
-6.32041
-6.31984
-6.32066
-6.32283
-6.32173
-6.32381
-6.32583
-6.32713
-6.32641
-6.32624
-6.32493
-6.32536
-6.3226
-6.32056
-6.31959
-6.31752
-6.31514
-6.31455
-6.3156
-6.31516
-6.3149
-6.31574
-6.31913
-6.31932
-6.32063
-6.31869
-6.31673
-6.31679
-6.31741
-6.32029
-6.32219
-6.32335
-6.32299
-6.32305
-6.31934
-6.31914
-6.32
-6.31844
-6.31774
-6.31564
-6.31538
-6.31403
-6.31642
-6.3157
-6.31598
-6.31686
-6.31798
-6.31804
-6.31897
-6.32012
-6.32081
-6.32039
-6.32048
-6.32017
-6.31949
-6.31821
-6.31736
-6.31895
-6.31813
-6.31743
-6.31937
-6.32132
-6.32165
-6.3223
-6.32232
-6.32174
-6.32409
-6.32474
-6.3236
-6.32351
-6.32414
-6.32261
-6.32254
-6.32367
-6.32442
-6.32388
-6.32274
-6.32304
-6.32193
-6.32204
-6.32274
-6.32238
-6.32546
-6.32513
-6.32587
-6.3253
-6.32751
-6.32881
-6.32846
-6.32839
-6.32613
-6.32248
-6.31888
-6.31575
-6.31476
-6.31655
-6.31567
-6.31483
-6.31544
-6.3172
-6.31929
-6.31977
-6.3219
-6.32288
-6.32462
-6.3262
-6.32479
-6.3257
-6.32316
-6.32405
-6.32126
-6.32065
-6.32065
-6.32165
-6.31793
-6.31671
-6.31619
-6.31547
-6.31588
-6.31865
-6.31949
-6.31984
-6.32178
-6.3235
-6.32294
-6.32621
-6.32593
-6.32573
-6.32474
-6.32336
-6.32131
-6.32091
-6.32057
-6.3219
-6.32129
-6.32483
-6.32301
-6.32007
-6.31964
-6.32131
-6.32143
-6.32206
-6.32153
-6.32279
-6.32332
-6.32295
-6.32396
-6.32287
-6.32169
-6.32231
-6.3208
-6.32133
-6.32073
-6.32073
-6.31892
-6.32031
-6.3195
-6.31905
-6.32274
-6.32257
-6.32354
-6.32553
-6.32297
-6.32202
-6.32278
-6.32347
-6.32295
-6.323
-6.32407
-6.3216
-6.32293
-6.32293
-6.32396
-6.32622
-6.32459
-6.32249
-6.31842
-6.32089
-6.32283
-6.3213
-6.32246
-6.32369
-6.32558
-6.32358
-6.32087
-6.31915
-6.31977
-6.31956
-6.31722
-6.31755
-6.31786
-6.3178
-6.31965
-6.32248
-6.32303
-6.32189
-6.32254
-6.32172
-6.32049
-6.31864
-6.32152
-6.32045
-6.32378
-6.32389
-6.32418
-6.32386
-6.32328
-6.32346
-6.32548
-6.32363
-6.32185
-6.31983
-6.31881
-6.31906
-6.31895
-6.31796
-6.31821
-6.31798
-6.32087
-6.32187
-6.32323
-6.32265
-6.32408
-6.32294
-6.3242
-6.32193
-6.31927
-6.31804
-6.3174
-6.31674
-6.31505
-6.31457
-6.31718
-6.31764
-6.31718
-6.31799
-6.32064
-6.32316
-6.32167
-6.32045
-6.32119
-6.32071
-6.32259
-6.32353
-6.32376
-6.32125
-6.32111
-6.31982
-6.31935
-6.31948
-6.31869
-6.31672
-6.31748
-6.31702
-6.31593
-6.31576
-6.31782
-6.31799
-6.3186
-6.3184
-6.31904
-6.31885
-6.3213
-6.32175
-6.3211
-6.31866
-6.32024
-6.32007
-6.31915
-6.31887
-6.31765
-6.31878
-6.32095
-6.31993
-6.32121
-6.31992
-6.32187
-6.32154
-6.32152
-6.32052
-6.31859
-6.31574
-6.31653
-6.31901
-6.31799
-6.32059
-6.32259
-6.32231
-6.32325
-6.32015
-6.32041
-6.32081
-6.32271
-6.32459
-6.32558
-6.32445
-6.3254
-6.3251
-6.32499
-6.32462
-6.32264
-6.32044
-6.31945
-6.31697
-6.31739
-6.31635
-6.31814
-6.31729
-6.31816
-6.31885
-6.31865
-6.32117
-6.32242
-6.3209
-6.31971
-6.31968
-6.32094
-6.32129
-6.32048
-6.32179
-6.32362
-6.324
-6.32355
-6.3228
-6.32392
-6.32399
-6.32369
-6.32317
-6.32445
-6.32394
-6.32381
-6.32393
-6.32259
-6.32329
-6.32272
-6.32158
-6.31995
-6.32059
-6.32169
-6.32202
-6.32287
-6.32157
-6.32421
-6.32518
-6.3254
-6.32547
-6.32472
-6.32222
-6.32191
-6.32007
-6.31991
-6.32037
-6.32308
-6.32472
-6.32705
-6.3276
-6.32521
-6.32432
-6.32247
-6.32162
-6.32299
-6.32165
-6.32146
-6.32215
-6.32341
-6.32495
-6.32454
-6.32447
-6.32225
-6.32187
-6.32111
-6.31928
-6.31815
-6.32046
-6.32055
-6.3223
-6.32188
-6.32109
-6.32164
-6.32199
-6.32144
-6.32056
-6.31967
-6.31758
-6.31926
-6.31986
-6.31826
-6.31914
-6.31985
-6.32213
-6.31767
-6.31695
-6.31681
-6.31852
-6.32035
-6.32345
-6.32407
-6.32567
-6.32567
-6.32543
-6.32639
-6.32509
-6.32768
-6.327
-6.32714
-6.32612
-6.32425
-6.32352
-6.32343
-6.31996
-6.31908
-6.31958
-6.31947
-6.31922
-6.31546
-6.31588
-6.31668
-6.31829
-6.32074
-6.32106
-6.31977
-6.32124
-6.32114
-6.32138
-6.3223
-6.32234
-6.32253
-6.32416
-6.32466
-6.32445
-6.32336
-6.32283
-6.32356
-6.32553
-6.3261
-6.32619
-6.32768
-6.32699
-6.32632
-6.32522
-6.32745
-6.32648
-6.32594
-6.325
-6.3228
-6.3213
-6.32143
-6.32084
-6.32143
-6.31938
-6.31605
-6.31504
-6.31706
-6.31791
-6.31696
-6.3181
-6.31842
-6.31856
-6.32043
-6.32039
-6.32027
-6.32061
-6.32037
-6.32314
-6.32312
-6.32204
-6.31998
-6.31771
-6.31821
-6.31958
-6.32209
-6.32337
-6.32623
-6.32574
-6.32384
-6.32412
-6.32333
-6.32276
-6.32049
-6.31817
-6.31747
-6.31646
-6.3158
-6.31352
-6.31259
-6.31372
-6.31341
-6.31495
-6.31509
-6.31477
-6.31648
-6.31659
-6.3186
-6.31957
-6.32203
-6.32175
-6.32353
-6.32479
-6.32426
-6.32621
-6.32645
-6.32436
-6.32483
-6.32272
-6.32262
-6.32262
-6.32181
-6.32311
-6.32128
-6.32207
-6.32213
-6.32107
-6.32014
-6.31936
-6.31783
-6.31666
-6.31769
-6.31917
-6.31985
-6.32087
-6.32388
-6.32469
-6.32473
-6.32369
-6.32265
-6.32082
-6.32093
-6.32202
-6.32245
-6.32187
-6.32039
-6.31979
-6.31895
-6.32018
-6.32177
-6.32385
-6.32392
-6.32632
-6.32605
-6.32824
-6.32741
-6.32403
-6.32442
-6.3239
-6.32198
-6.32229
-6.32093
-6.31977
-6.31899
-6.32011
-6.31955
-6.31895
-6.32003
-6.32023
-6.31858
-6.31923
-6.31983
-6.31932
-6.3183
-6.31935
-6.31895
-6.31816
-6.31906
-6.31853
-6.31987
-6.31983
-6.31965
-6.31822
-6.31964
-6.31997
-6.31953
-6.32033
-6.31983
-6.32067
-6.31859
-6.31871
-6.31962
-6.31836
-6.31846
-6.31996
-6.32
-6.31903
-6.31721
-6.31792
-6.31833
-6.31779
-6.31815
-6.31899
-6.32059
-6.32095
-6.32062
-6.32276
-6.32181
-6.32326
-6.32357
-6.32018
-6.31862
-6.31837
-6.31794
-6.31806
-6.3184
-6.32016
-6.32093
-6.31996
-6.31982
-6.32056
-6.3206
-6.32155
-6.32435
-6.32512
-6.32548
-6.32547
-6.3241
-6.32365
-6.32217
-6.32196
-6.32151
-6.31992
-6.31889
-6.32039
-6.32055
-6.32181
-6.32333
-6.32331
-6.32457
-6.32489
-6.32279
-6.31935
-6.31762
-6.31543
-6.31479
-6.31632
-6.31603
-6.31637
-6.31632
-6.31916
-6.31716
-6.31846
-6.3211
-6.3202
-6.31862
-6.3189
-6.32031
-6.32025
-6.31868
-6.3198
-6.31882
-6.31806
-6.3183
-6.32098
-6.32002
-6.31828
-6.31956
-6.32056
-6.32041
-6.31893
-6.32098
-6.32155
-6.32363
-6.32384
-6.32373
-6.32535
-6.32396
-6.32226
-6.32354
-6.32451
-6.32412
-6.32067
-6.31995
-6.32039
-6.31916
-6.31802
-6.31836
-6.3173
-6.31838
-6.31925
-6.31818
-6.31864
-6.31898
-6.31855
-6.31837
-6.31726
-6.31923
-6.32012
-6.32087
-6.32004
-6.31942
-6.32113
-6.3203
-6.31794
-6.31709
-6.31853
-6.3188
-6.31852
-6.31866
-6.31858
-6.31933
-6.31772
-6.31868
-6.32057
-6.32034
-6.32163
-6.32417
-6.32262
-6.32215
-6.32127
-6.31887
-6.31712
-6.31691
-6.31486
-6.31464
-6.31816
-6.3204
-6.32109
-6.3206
-6.32397
-6.32565
-6.32634
-6.32546
-6.3257
-6.32357
-6.32182
-6.32062
-6.31947
-6.3197
-6.3186
-6.32047
-6.31992
-6.32099
-6.32104
-6.31954
-6.31861
-6.31825
-6.31973
-6.32119
-6.32159
-6.31912
-6.31974
-6.32295
-6.32187
-6.32306
-6.32391
-6.32175
-6.32043
-6.31869
-6.31725
-6.31819
-6.3184
-6.31892
-6.31875
-6.31807
-6.31737
-6.31909
-6.32149
-6.32033
-6.32152
-6.31995
-6.32029
-6.31844
-6.3168
-6.31865
-6.31814
-6.31845
-6.31915
-6.32176
-6.31973
-6.31883
-6.31807
-6.31614
-6.31566
-6.3164
-6.31557
-6.31397
-6.31435
-6.3178
-6.31948
-6.32245
-6.32543
-6.3268
-6.32796
-6.32884
-6.32731
-6.32743
-6.3255
-6.32361
-6.32313
-6.32539
-6.32494
-6.32279
-6.32119
-6.32429
-6.32388
-6.32473
-6.3274
-6.32505
-6.3242
-6.3243
-6.3245
-6.32229
-6.32048
-6.32062
-6.32204
-6.32094
-6.32193
-6.32175
-6.322
-6.32208
-6.32297
-6.32429
-6.32392
-6.3245
-6.32488
-6.32341
-6.32342
-6.32375
-6.32095
-6.31938
-6.32121
-6.32282
-6.32097
-6.32134
-6.32447
-6.32798
-6.329
-6.33033
-6.33021
-6.32935
-6.32734
-6.32737
-6.32521
-6.3214
-6.3206
-6.32022
-6.32013
-6.31853
-6.31911
-6.31921
-6.31982
-6.31975
-6.31752
-6.31901
-6.31903
-6.32011
-6.32254
-6.32207
-6.32097
-6.32052
-6.32097
-6.32228
-6.32245
-6.32407
-6.32354
-6.32472
-6.32569
-6.32551
-6.32169
-6.32052
-6.3182
-6.31612
-6.31728
-6.31814
-6.31934
-6.32045
-6.32196
-6.32235
-6.32216
-6.32072
-6.32194
-6.32108
-6.3215
-6.32298
-6.3233
-6.32436
-6.32513
-6.32521
-6.32458
-6.32424
-6.32355
-6.32123
-6.32309
-6.32362
-6.32279
-6.32028
-6.31937
-6.31879
-6.31928
-6.31992
-6.31944
-6.32201
-6.32236
-6.32362
-6.3228
-6.31894
-6.31791
-6.31715
-6.31729
-6.31899
-6.31971
-6.31826
-6.31756
-6.31953
-6.3192
-6.31949
-6.31909
-6.3184
-6.31808
-6.31917
-6.32006
-6.32168
-6.32132
-6.32275
-6.32266
-6.32469
-6.32439
-6.32188
-6.32302
-6.32463
-6.32501
-6.32447
-6.32425
-6.324
-6.32272
-6.32332
-6.31966
-6.31962
-6.3194
-6.31778
-6.31984
-6.32022
-6.32035
-6.32083
-6.32175
-6.32099
-6.32261
-6.32415
-6.32273
-6.32284
-6.32403
-6.32607
-6.32461
-6.32153
-6.31946
-6.32174
-6.32173
-6.32083
-6.31912
-6.31927
-6.31935
-6.31967
-6.31856
-6.31879
-6.31927
-6.3186
-6.3187
-6.32059
-6.32499
-6.32387
-6.32083
-6.32176
-6.32216
-6.32335
-6.32374
-6.32136
-6.32414
-6.32318
-6.32416
-6.32575
-6.32351
-6.32401
-6.32408
-6.32248
-6.32025
-6.31974
-6.31952
-6.31754
-6.31811
-6.31754
-6.31752
-6.31835
-6.31981
-6.31992
-6.32063
-6.3201
-6.31969
-6.32115
-6.32135
-6.32075
-6.31943
-6.31967
-6.3185
-6.32158
-6.32323
-6.32492
-6.32661
-6.3251
-6.32341
-6.32358
-6.3228
-6.32056
-6.32118
-6.31895
-6.3194
-6.31953
-6.31982
