-3.8253
-3.82498
-3.82377
-3.82389
-3.82426
-3.82468
-3.82559
-3.82629
-3.82806
-3.82793
-3.82795
-3.82843
-3.8291
-3.82907
-3.82917
-3.82964
-3.82977
-3.82997
-3.83005
-3.82806
-3.82717
-3.82658
-3.82642
-3.82693
-3.82606
-3.82606
-3.82692
-3.82696
-3.82839
-3.82818
-3.82931
-3.82956
-3.82979
-3.82962
-3.8289
-3.82872
-3.828
-3.82705
-3.8263
-3.82645
-3.82646
-3.82596
-3.82571
-3.82521
-3.82423
-3.82445
-3.82361
-3.82268
-3.82252
-3.82278
-3.82339
-3.82409
-3.82525
-3.82651
-3.82589
-3.82566
-3.82559
-3.82615
-3.82546
-3.82545
-3.82422
-3.82364
-3.82213
-3.82046
-3.82025
-3.82041
-3.82177
-3.82241
-3.82382
-3.82557
-3.82581
-3.82803
-3.8299
-3.82994
-3.82901
-3.82792
-3.82569
-3.82471
-3.82403
-3.82431
-3.8262
-3.82654
-3.82715
-3.82797
-3.82888
-3.82916
-3.82892
-3.82875
-3.82836
-3.82802
-3.82712
-3.82751
-3.82695
-3.8265
-3.82548
-3.82431
-3.82252
-3.82278
-3.82291
-3.82433
-3.82667
-3.82852
-3.82975
-3.83025
-3.83082
-3.83101
-3.82954
-3.82816
-3.82692
-3.82511
-3.82411
-3.82302
-3.82322
-3.82371
-3.82517
-3.82697
-3.82866
-3.82991
-3.83045
-3.83021
-3.82984
-3.82905
-3.82919
-3.82832
-3.82713
-3.82597
-3.82599
-3.82524
-3.82444
-3.82283
-3.82307
-3.82313
-3.82328
-3.8239
-3.8252
-3.82738
-3.82934
-3.82985
-3.82949
-3.82976
-3.82862
-3.82823
-3.82803
-3.82803
-3.82763
-3.82716
-3.82588
-3.82578
-3.82368
-3.82204
-3.82095
-3.8208
-3.82178
-3.82249
-3.82351
-3.82545
-3.82569
-3.82648
-3.82713
-3.8275
-3.82664
-3.82717
-3.8283
-3.82889
-3.82888
-3.82918
-3.82906
-3.82856
-3.82769
-3.82687
-3.82694
-3.82756
-3.82779
-3.829
-3.82814
-3.82807
-3.82813
-3.82827
-3.82829
-3.82737
-3.82684
-3.8277
-3.82647
-3.82581
-3.82484
-3.82522
-3.82562
-3.82598
-3.82686
-3.82693
-3.82797
-3.82907
-3.82847
-3.83
-3.82887
-3.82833
-3.82718
-3.82763
-3.82745
-3.82753
-3.82742
-3.82787
-3.82865
-3.82866
-3.82933
-3.83022
-3.82976
-3.82793
-3.82717
-3.82653
-3.82593
-3.82622
-3.82562
-3.82515
-3.82643
-3.82607
-3.82538
-3.82502
-3.82569
-3.82593
-3.82682
-3.82748
-3.82717
-3.82855
-3.82988
-3.82929
-3.83055
-3.83171
-3.83114
-3.83081
-3.82981
-3.82956
-3.82917
-3.82848
-3.82964
-3.82949
-3.82919
-3.82969
-3.82958
-3.8293
-3.82948
-3.83016
-3.82859
-3.82767
-3.82552
-3.82456
-3.82338
-3.82284
-3.8231
-3.8235
-3.82273
-3.82199
-3.82176
-3.82259
-3.82213
-3.82321
-3.8238
-3.82449
-3.82554
-3.82651
-3.8256
-3.82501
-3.82365
-3.82368
-3.82376
-3.8234
-3.82322
-3.82378
-3.82398
-3.82563
-3.82404
-3.82447
-3.82395
-3.8245
-3.82471
-3.82474
-3.82469
-3.82455
-3.82341
-3.82376
-3.82523
-3.82436
-3.82426
-3.82284
-3.82376
-3.8241
-3.82476
-3.82569
-3.82664
-3.82715
-3.82819
-3.82884
-3.82916
-3.82998
-3.8303
-3.82874
-3.82848
-3.82757
-3.82632
-3.82518
-3.82403
-3.82417
-3.82358
-3.82407
-3.82346
-3.82361
-3.82398
-3.8253
-3.82664
-3.82772
-3.82746
-3.82636
-3.82533
-3.82606
-3.82514
-3.82464
-3.82412
-3.82374
-3.82252
-3.82211
-3.82202
-3.82185
-3.82317
-3.8252
-3.82839
-3.83043
-3.83117
-3.83117
-3.83174
-3.83192
-3.83116
-3.83021
-3.83086
-3.8301
-3.82917
-3.82852
-3.82806
-3.82712
-3.82713
-3.82743
-3.82709
-3.82645
-3.82681
-3.82787
-3.82805
-3.82743
-3.82766
-3.82786
-3.82793
-3.82747
-3.82641
-3.82654
-3.82723
-3.82768
-3.82863
-3.8293
-3.82844
-3.82854
-3.82801
-3.8271
-3.82695
-3.82731
-3.82797
-3.82794
-3.82702
-3.82651
-3.82717
-3.82697
-3.82731
-3.8267
-3.82757
-3.82904
-3.83051
-3.83082
-3.83158
-3.83089
-3.83045
-3.82972
-3.82959
-3.829
-3.8293
-3.8308
-3.83155
-3.83142
-3.83162
-3.83128
-3.8309
-3.83108
-3.83169
-3.83197
-3.83175
-3.8302
-3.83107
-3.83089
-3.82998
-3.83093
-3.83016
-3.82843
-3.82753
-3.82622
-3.82565
-3.82572
-3.8263
-3.82581
-3.82523
-3.825
-3.82436
-3.82566
-3.82538
-3.82381
-3.82485
-3.82501
-3.82529
-3.82502
-3.82515
-3.82588
-3.82716
-3.82761
-3.82854
-3.82863
-3.82818
-3.8267
-3.8258
-3.82474
-3.82546
-3.82538
-3.82523
-3.82545
-3.82585
-3.82586
-3.82689
-3.82593
-3.82569
-3.82654
-3.82754
-3.82868
-3.82901
-3.82967
-3.82901
-3.82885
-3.82608
-3.82377
-3.82422
-3.82276
-3.82169
-3.82091
-3.82044
-3.8209
-3.82088
-3.82072
-3.82187
-3.82355
-3.82596
-3.82802
-3.82935
-3.82918
-3.8293
-3.82867
-3.82706
-3.82619
-3.82503
-3.8237
-3.82423
-3.82471
-3.82517
-3.82587
-3.82594
-3.82532
-3.82381
-3.8235
-3.82295
-3.82299
-3.82114
-3.8221
-3.82328
-3.82477
-3.82559
-3.82657
-3.82638
-3.82645
-3.82603
-3.82617
-3.82463
-3.82405
-3.8251
-3.82477
-3.82479
-3.82369
-3.82346
-3.82303
-3.82271
-3.82277
-3.8236
-3.82488
-3.82524
-3.82589
-3.82461
-3.82421
-3.82556
-3.82694
-3.82723
-3.82692
-3.82701
-3.82614
-3.82497
-3.82456
-3.82423
-3.82286
-3.82229
-3.82196
-3.82218
-3.82253
-3.82273
-3.82313
-3.82304
-3.82286
-3.82265
-3.82142
-3.82172
-3.82119
-3.8204
-3.82006
-3.82058
-3.82082
-3.82171
-3.8231
-3.82342
-3.82331
-3.82348
-3.82371
-3.82349
-3.82368
-3.82365
-3.82374
-3.82472
-3.8253
-3.82522
-3.82521
-3.82417
-3.82417
-3.82339
-3.82245
-3.82251
-3.82226
-3.82134
-3.82116
-3.82167
-3.82415
-3.82566
-3.82649
-3.82693
-3.82738
-3.826
-3.82441
-3.82285
-3.82313
-3.82368
-3.82529
-3.82554
-3.82538
-3.82521
-3.82474
-3.82396
-3.82396
-3.82335
-3.82297
-3.82285
-3.82244
-3.82172
-3.82116
-3.82196
-3.82168
-3.82248
-3.82286
-3.82454
-3.82744
-3.82768
-3.82613
-3.82606
-3.82462
-3.82439
-3.82462
-3.82457
-3.82469
-3.82583
-3.82559
-3.82566
-3.82517
-3.82491
-3.82464
-3.82331
-3.82337
-3.82418
-3.82447
-3.82552
-3.82679
-3.8278
-3.82833
-3.82852
-3.82875
-3.82771
-3.82757
-3.82638
-3.82635
-3.82601
-3.82597
-3.82608
-3.82668
-3.82696
-3.82704
-3.82533
-3.82533
-3.8243
-3.82349
-3.82274
-3.82197
-3.82112
-3.82174
-3.82204
-3.82212
-3.82269
-3.82228
-3.82204
-3.82192
-3.82229
-3.8222
-3.82331
-3.82331
-3.82309
-3.82232
-3.82226
-3.82198
-3.82303
-3.82336
-3.82451
-3.82469
-3.82542
-3.82595
-3.82598
-3.82558
-3.82536
-3.82489
-3.82525
-3.82514
-3.82607
-3.82669
-3.82714
-3.82637
-3.82615
-3.82474
-3.82427
-3.82404
-3.82388
-3.82202
-3.82221
-3.82177
-3.8225
-3.8238
-3.8244
-3.82412
-3.82201
-3.82067
-3.81895
-3.81786
-3.81732
-3.81649
-3.81674
-3.81681
-3.81864
-3.82018
-3.82175
-3.82206
-3.82345
-3.82338
-3.82319
-3.82345
-3.82341
-3.82396
-3.82346
-3.82217
-3.82254
-3.82207
-3.8213
-3.82177
-3.82169
-3.82141
-3.82002
-3.82046
-3.82097
-3.8198
-3.82049
-3.81862
-3.81696
-3.81642
-3.81664
-3.81721
-3.81833
-3.82208
-3.82371
-3.82581
-3.8278
-3.82788
-3.82856
-3.82868
-3.82778
-3.82663
-3.8261
-3.82686
-3.82683
-3.82704
-3.8265
-3.82646
-3.82614
-3.82711
-3.82636
-3.82608
-3.82539
-3.82467
-3.82502
-3.82623
-3.82769
-3.82739
-3.82779
-3.82733
-3.82669
-3.82586
-3.82482
-3.82394
-3.82411
-3.82387
-3.82288
-3.8216
-3.82061
-3.8197
-3.8205
-3.81992
-3.8215
-3.82177
-3.82242
-3.82399
-3.8244
-3.825
-3.82518
-3.82562
-3.82507
-3.82427
-3.82364
-3.82239
-3.82214
-3.82145
-3.82127
-3.82103
-3.82169
-3.82227
-3.82238
-3.82268
-3.82256
-3.8227
-3.82253
-3.82318
-3.8232
-3.8232
-3.82495
-3.82502
-3.82551
-3.82607
-3.82585
-3.82534
-3.8247
-3.82518
-3.82574
-3.82639
-3.82584
-3.82614
-3.82496
-3.82341
-3.82314
-3.82168
-3.82138
-3.821
-3.8218
-3.82047
-3.82117
-3.82088
-3.82134
-3.82197
-3.82244
-3.82177
-3.82271
-3.82342
-3.8239
-3.82487
-3.82477
-3.825
-3.82588
-3.82638
-3.82645
-3.82749
-3.82744
-3.82737
-3.82691
-3.82722
-3.82759
-3.82722
-3.82668
-3.82848
-3.82877
-3.82787
-3.8278
-3.82755
-3.82726
-3.82796
-3.82817
-3.82827
-3.82861
-3.82931
-3.82856
-3.82888
-3.82927
-3.82893
-3.8288
-3.82893
-3.82812
-3.82767
-3.82805
-3.82799
-3.82765
-3.82763
-3.82773
-3.82757
-3.829
-3.8299
-3.82998
-3.83007
-3.82982
-3.83059
-3.83038
-3.82975
-3.82888
-3.82705
-3.82701
-3.82658
-3.82706
-3.82676
-3.82872
-3.82873
-3.82788
-3.82759
-3.82584
-3.82557
-3.82532
-3.82533
-3.82543
-3.82564
-3.82638
-3.82652
-3.82749
-3.82773
-3.82833
-3.82831
-3.82847
-3.82828
-3.82673
-3.82685
-3.82522
-3.8245
-3.82465
-3.82476
-3.82513
-3.82427
-3.82423
-3.82447
-3.82452
-3.82493
-3.82645
-3.82801
-3.82899
-3.82873
-3.82921
-3.82873
-3.82819
-3.82759
-3.82717
-3.82632
-3.82572
-3.82467
-3.82418
-3.82495
-3.82545
-3.82647
-3.8253
-3.826
-3.8269
-3.82524
-3.8262
-3.8269
-3.82831
-3.82846
-3.82711
-3.82686
-3.8271
-3.82751
-3.82737
-3.82795
-3.82892
-3.82881
-3.82793
-3.82774
-3.8274
-3.8276
-3.82822
-3.82879
-3.82779
-3.82814
-3.82736
-3.8257
-3.8249
-3.82427
-3.82417
-3.82491
-3.82565
-3.82799
-3.83008
-3.8307
-3.83178
-3.83213
-3.83059
-3.83053
-3.8307
-3.8295
-3.82729
-3.82614
-3.82589
-3.82582
-3.82489
-3.82499
-3.82654
-3.82633
-3.82747
-3.82771
-3.82831
-3.82906
-3.82968
-3.83015
-3.83016
-3.82918
-3.82886
-3.82882
-3.82813
-3.82887
-3.82794
-3.82723
-3.82739
-3.826
-3.82668
-3.82572
-3.82743
-3.82806
-3.82674
-3.82725
-3.82711
-3.82678
-3.82467
-3.82448
-3.82444
-3.82527
-3.82609
-3.827
-3.82742
-3.82787
-3.82746
-3.82681
-3.82668
-3.82687
-3.82641
-3.826
-3.82442
-3.82398
-3.82405
-3.82386
-3.82391
-3.82327
-3.82478
-3.82767
-3.82739
-3.82679
-3.82637
-3.8258
-3.82427
-3.82352
-3.82308
-3.82319
-3.82403
-3.82498
-3.82726
-3.82876
-3.82976
-3.83043
-3.82985
-3.83058
-3.82946
-3.82902
-3.82989
-3.82842
-3.82744
-3.82694
-3.826
-3.8253
-3.82585
-3.82628
-3.8269
-3.828
-3.82715
-3.82807
-3.8281
-3.82793
-3.82678
-3.82681
-3.82809
-3.82775
-3.8273
-3.8269
-3.82691
-3.82636
-3.82563
-3.82499
-3.82504
-3.82457
-3.82479
-3.82442
-3.82429
-3.82547
-3.82613
-3.82579
-3.82615
-3.82599
-3.82639
-3.82716
-3.82712
-3.82724
-3.82715
-3.82667
-3.82601
-3.82647
-3.82666
-3.82569
-3.82437
-3.82416
-3.8251
-3.82621
-3.82754
-3.82955
-3.83032
-3.83099
-3.83227
-3.83138
-3.82998
-3.82887
-3.82623
-3.82527
-3.82478
-3.82329
-3.82356
-3.82264
-3.82213
-3.82285
-3.82237
-3.82326
-3.82327
-3.82464
-3.82539
-3.8262
-3.82579
-3.82567
-3.82504
-3.82425
-3.82435
-3.82288
-3.8225
-3.82168
-3.82152
-3.82132
-3.82114
-3.82187
-3.82199
-3.82185
-3.82309
-3.82329
-3.82331
-3.82387
-3.82344
-3.82327
-3.8232
-3.82407
-3.82418
-3.82543
-3.8265
-3.82837
-3.83059
-3.83041
-3.83062
-3.82999
-3.82875
-3.82857
-3.82788
-3.82762
-3.82833
-3.82763
-3.82763
-3.82678
-3.82742
-3.82739
-3.82704
-3.82713
-3.82834
-3.82865
-3.82752
-3.82833
-3.82727
-3.82802
-3.82719
-3.82749
-3.82656
-3.82703
-3.82753
-3.82804
-3.82766
-3.82841
-3.82816
-3.8273
-3.82704
-3.82631
-3.82627
-3.82582
-3.82596
-3.82695
-3.82818
-3.82841
-3.82778
-3.82795
-3.82815
-3.82816
-3.82772
-3.82769
-3.82742
-3.82802
-3.82916
-3.82921
-3.82886
-3.8278
-3.82847
-3.82823
-3.828
-3.82944
-3.82994
-3.83094
-3.83049
-3.82961
-3.8293
-3.82907
-3.82787
-3.82767
-3.82744
-3.82737
-3.82761
-3.82733
-3.82706
-3.82563
-3.82536
-3.82391
-3.82471
-3.82534
-3.82536
-3.82761
-3.82887
-3.83064
-3.83203
-3.83303
-3.8327
-3.83219
-3.83151
-3.83114
-3.83143
-3.83066
-3.82836
-3.82795
-3.828
-3.8277
-3.8258
-3.82495
-3.82407
-3.82351
-3.8225
-3.8211
-3.82177
-3.82411
-3.82446
-3.8247
-3.82442
-3.82473
-3.82461
-3.82445
-3.82505
-3.82515
-3.82456
-3.82606
-3.82618
-3.82557
-3.82594
-3.82526
-3.8257
-3.82577
-3.82538
-3.826
-3.82641
-3.82651
-3.82619
-3.82583
-3.82651
-3.82685
-3.82745
-3.82704
-3.82673
-3.82676
-3.82498
-3.82448
-3.8234
-3.82275
-3.82202
-3.8216
-3.8216
-3.82199
-3.82182
-3.82196
-3.8233
-3.82452
-3.82467
-3.82582
-3.82482
-3.82356
-3.82283
-3.82172
-3.82079
-3.82039
-3.81971
-3.82052
-3.82278
-3.8238
-3.82397
-3.82329
-3.82196
-3.82062
-3.81956
-3.81911
-3.82063
-3.82132
-3.82183
-3.82281
-3.82411
-3.82459
-3.82455
-3.82571
-3.82638
-3.82557
-3.82568
-3.82595
-3.82605
-3.82667
-3.82633
-3.82616
-3.82477
-3.82307
-3.82324
-3.82289
-3.82238
-3.8218
-3.82065
-3.82005
-3.82127
-3.82203
-3.82244
-3.82211
-3.82224
-3.82316
-3.82237
-3.82243
-3.82287
-3.82231
-3.82146
-3.82189
-3.82266
-3.8229
-3.82264
-3.82331
-3.82348
-3.82322
-3.82249
-3.82031
-3.82063
-3.82114
-3.8213
-3.82115
-3.82235
-3.8222
-3.8227
-3.82342
-3.82255
-3.82215
-3.82173
-3.82114
-3.82105
-3.82211
-3.82301
-3.82325
-3.82415
-3.82516
-3.82548
-3.82588
-3.82607
-3.8272
-3.82763
-3.82754
-3.82683
-3.82446
-3.82385
-3.82305
-3.82191
-3.82203
-3.82272
-3.82349
-3.8237
-3.8233
-3.82377
-3.82289
-3.82244
-3.82211
-3.82389
-3.82555
-3.82654
-3.82697
-3.82798
-3.82764
-3.82756
-3.82671
-3.82696
-3.82615
-3.82506
-3.82502
-3.82434
-3.82424
-3.82405
-3.82475
-3.82552
-3.82579
-3.82505
-3.82512
-3.82473
-3.82414
-3.82421
-3.82289
-3.82157
-3.82154
-3.82191
-3.8227
-3.82319
-3.82371
-3.82365
-3.82372
-3.823
-3.82303
-3.82324
-3.822
-3.82297
-3.82466
-3.82596
-3.82579
-3.82641
-3.82642
-3.82577
-3.8263
-3.82665
-3.82573
-3.8256
-3.8245
-3.82317
-3.82239
-3.82229
-3.8219
-3.82272
-3.82244
-3.8242
-3.82365
-3.8231
-3.82088
-3.82082
-3.81985
-3.8191
-3.81978
-3.8194
-3.81954
-3.82032
-3.8214
-3.82245
-3.82342
-3.82571
-3.82794
-3.82873
-3.82941
-3.82909
-3.82801
-3.82709
-3.82629
-3.82613
-3.82688
-3.82578
-3.82526
-3.82465
-3.82424
-3.8238
-3.82322
-3.823
-3.82351
-3.82442
-3.82549
-3.82652
-3.82678
-3.82685
-3.82757
-3.82783
-3.82871
-3.82915
-3.83007
-3.82859
-3.82995
-3.83051
-3.83141
-3.83113
-3.83009
-3.82973
-3.82883
-3.82761
-3.82641
-3.82581
-3.82529
-3.82463
-3.82506
-3.82519
-3.82599
-3.82498
-3.8256
-3.8247
-3.82449
-3.82331
-3.82273
-3.82118
-3.8217
-3.82208
-3.82251
-3.82353
-3.82356
-3.82455
-3.82493
-3.82448
-3.82398
-3.82412
-3.82497
-3.82549
-3.8253
-3.82654
-3.82721
-3.82817
-3.82834
-3.8288
-3.82774
-3.82704
-3.82607
-3.82637
-3.82523
-3.82492
-3.82576
-3.82517
-3.82598
-3.82672
-3.82558
-3.82671
-3.82795
-3.82784
-3.82736
-3.82622
-3.82538
-3.82461
-3.82351
-3.82297
-3.82257
-3.82211
-3.82286
-3.82399
-3.82474
-3.82412
-3.82408
-3.82383
-3.82388
-3.82263
-3.82244
-3.82323
-3.82278
-3.82388
-3.82426
-3.82403
-3.82356
-3.82368
-3.82389
-3.82324
-3.82361
-3.82376
-3.8244
-3.82466
-3.82514
-3.8257
-3.82585
-3.82659
-3.82686
-3.82794
-3.82678
-3.82511
-3.82395
-3.8224
-3.82268
-3.82129
-3.82168
-3.82197
-3.82158
-3.82314
-3.82503
-3.82614
-3.82823
-3.82921
-3.82899
-3.82765
-3.82751
-3.82571
-3.82555
-3.82445
-3.82484
-3.82393
-3.82296
-3.82325
-3.82371
-3.82352
-3.8244
-3.8242
-3.82479
-3.82529
-3.82583
-3.82578
-3.82684
-3.82719
-3.82789
-3.82886
-3.8289
-3.82932
-3.82866
-3.82797
-3.82712
-3.82691
-3.82658
-3.82521
-3.8249
-3.82397
-3.82458
-3.82542
-3.82634
-3.82592
-3.8258
-3.82672
-3.82738
-3.8287
-3.82805
-3.8288
-3.82988
-3.82885
-3.82838
-3.82589
-3.82481
-3.82196
-3.82059
-3.82032
-3.81951
-3.82101
-3.82371
-3.82678
-3.82981
-3.83172
-3.83401
-3.83436
-3.83364
-3.83328
-3.83156
-3.83086
-3.83004
-3.82872
-3.82773
-3.82661
-3.82598
-3.82511
-3.82482
-3.82533
-3.82603
-3.82656
-3.82705
-3.82811
-3.82842
-3.82766
-3.82797
-3.82928
-3.83101
-3.83157
-3.83291
-3.83217
-3.83197
-3.8306
-3.8287
-3.82758
-3.82573
-3.82539
-3.82379
-3.8243
-3.82419
-3.8252
-3.82548
-3.82671
-3.82824
-3.82841
-3.8293
-3.82974
-3.83016
-3.8296
-3.82903
-3.82828
-3.82873
-3.82882
-3.82868
-3.82921
-3.82944
-3.83038
-3.82964
-3.82945
-3.82897
-3.82903
-3.82857
-3.82904
-3.82948
-3.82895
-3.82932
-3.82852
-3.82781
-3.82712
-3.82633
-3.82519
-3.82449
-3.824
-3.82423
-3.82414
-3.82478
-3.82491
-3.82661
-3.82665
-3.82734
-3.82613
-3.82409
-3.82351
-3.82337
-3.82201
-3.82199
-3.82199
-3.82417
-3.82519
-3.82684
-3.82909
-3.82985
-3.83002
-3.82993
-3.83066
-3.82966
-3.82944
-3.8278
-3.82814
-3.82825
-3.82879
-3.82816
-3.82816
-3.8266
-3.82581
-3.82513
-3.82524
-3.82519
-3.82526
-3.82445
-3.8255
-3.82517
-3.82535
-3.82538
-3.8259
-3.82653
-3.82779
-3.82833
-3.82835
-3.82795
-3.82767
-3.82616
-3.82499
-3.82343
-3.82296
-3.8231
-3.82195
-3.82136
-3.82153
-3.82205
-3.82298
-3.82332
-3.82374
-3.82385
-3.82395
-3.82476
-3.82528
-3.82456
-3.82484
-3.82554
-3.82588
-3.82799
-3.82807
-3.82832
-3.82914
-3.82929
-3.82716
-3.82514
-3.82395
-3.82458
-3.82393
-3.82322
-3.82367
-3.82365
-3.82401
-3.82408
-3.82538
-3.8258
-3.82556
-3.82516
-3.82584
-3.82574
-3.82482
-3.82449
-3.82538
-3.82488
-3.82427
-3.82416
-3.82318
-3.82402
-3.82482
-3.82544
-3.82533
-3.82532
-3.8241
-3.82508
-3.8267
-3.82624
-3.82709
-3.82632
-3.82686
-3.82703
-3.82641
-3.82597
-3.82421
-3.82344
-3.82395
-3.82438
-3.82558
-3.82629
-3.82726
-3.82795
-3.8286
-3.82887
-3.828
-3.82653
-3.82601
-3.82389
-3.82303
-3.82123
-3.82059
-3.82058
-3.81954
-3.81897
-3.81865
-3.81812
-3.81814
-3.81874
-3.82012
-3.82026
-3.82059
-3.82005
-3.81998
-3.81957
-3.81882
-3.81856
-3.81952
-3.81895
-3.81885
-3.81831
-3.82008
-3.8196
-3.8196
-3.82039
-3.82105
-3.82199
-3.82191
-3.82105
-3.82071
-3.82152
-3.82081
-3.82218
-3.82382
-3.82436
-3.82524
-3.82473
-3.82438
-3.8246
-3.82483
-3.82503
-3.82554
-3.82691
-3.82613
-3.82604
-3.82511
-3.82465
-3.82475
-3.82482
-3.82533
-3.82482
-3.82442
-3.82525
-3.82437
-3.82534
-3.82576
-3.82836
-3.82941
-3.82901
-3.82821
-3.82801
-3.82837
-3.82699
-3.82777
-3.8281
-3.82844
-3.82882
-3.82876
-3.82799
-3.82891
-3.82964
-3.82797
-3.82773
-3.82588
-3.82582
-3.82558
-3.82464
-3.82465
-3.82388
-3.82346
-3.82316
-3.82254
-3.82322
-3.8236
-3.82398
-3.82602
-3.82609
-3.8271
-3.82715
-3.82736
-3.8273
-3.82801
-3.82864
-3.82782
-3.82854
-3.82675
-3.82519
-3.8239
-3.82316
-3.82302
-3.8226
-3.82206
-3.82096
-3.82111
-3.82165
-3.82169
-3.82278
-3.82273
-3.8241
-3.82497
-3.82513
-3.82391
-3.82409
-3.82468
-3.8244
-3.82406
-3.8243
-3.82479
-3.82417
-3.82538
-3.82449
-3.82496
-3.82583
-3.82697
-3.82715
-3.82638
-3.82639
-3.82528
-3.82435
-3.82392
-3.82359
-3.82421
-3.82392
-3.82391
-3.82463
-3.82513
-3.82577
-3.8263
-3.8264
-3.82679
-3.82808
-3.82774
-3.82574
-3.8245
-3.82361
-3.82271
-3.82305
-3.82126
-3.82158
-3.82187
-3.82303
-3.82241
-3.82241
-3.82259
-3.82176
-3.82087
-3.82086
-3.82167
-3.82326
-3.82412
-3.82437
-3.8245
-3.82445
-3.8246
-3.82455
-3.82415
-3.82417
-3.82311
-3.82276
-3.82346
-3.82373
-3.82368
-3.82385
-3.82347
-3.82216
-3.82123
-3.82062
-3.81982
-3.81944
-3.81856
-3.81933
-3.81928
-3.81953
-3.81784
-3.81852
-3.8189
-3.81936
-3.8209
-3.82252
-3.82243
-3.82189
-3.82177
-3.8215
-3.82019
-3.82156
-3.82209
-3.82277
-3.82357
-3.82316
-3.82306
-3.82346
-3.82503
-3.82525
-3.82508
-3.82784
-3.8291
-3.82897
-3.82985
-3.8296
-3.82999
-3.82962
-3.82856
-3.82793
-3.82782
-3.8274
-3.82635
-3.82609
-3.82632
-3.82644
-3.8269
-3.82773
-3.82714
-3.82678
-3.82676
-3.82681
-3.82592
-3.8254
-3.82489
-3.82407
-3.8249
-3.82448
-3.82424
-3.82447
-3.82621
-3.82614
-3.82631
-3.82548
-3.82508
-3.82493
-3.82505
-3.82553
-3.82551
-3.82642
-3.82639
-3.82629
-3.82646
-3.82558
-3.82525
-3.82466
-3.82331
-3.82243
-3.81987
-3.81983
-3.82031
-3.82015
-3.82143
-3.82128
-3.82203
-3.82291
-3.82361
-3.82267
-3.82311
-3.82347
-3.8234
-3.82309
-3.82411
-3.82394
-3.82327
-3.82332
-3.82335
-3.82266
-3.82222
-3.82215
-3.82185
-3.82303
-3.8236
-3.82442
-3.82483
-3.82382
-3.82429
-3.82309
-3.82393
-3.82375
-3.8245
-3.82437
-3.82541
-3.82652
-3.82742
-3.82782
-3.82851
-3.82914
-3.82864
-3.82793
-3.82752
-3.82652
-3.82567
-3.82469
-3.82446
-3.82498
-3.82537
-3.82696
-3.82764
-3.82831
-3.82969
-3.83021
-3.82932
-3.82835
-3.82848
-3.82791
-3.82733
-3.82664
-3.82511
-3.82453
-3.8246
-3.82441
-3.8234
-3.82288
-3.82299
-3.82326
-3.82339
-3.82492
-3.8263
-3.82648
-3.82686
-3.82732
-3.82596
-3.82585
-3.82557
-3.82695
-3.82639
-3.82463
-3.82379
-3.82196
-3.82027
-3.81849
-3.81829
-3.81821
-3.81793
-3.81896
-3.81955
-3.8207
-3.8214
-3.8213
-3.82265
-3.82238
-3.82312
-3.82301
-3.82198
-3.8209
-3.82102
-3.82107
-3.82008
-3.82152
-3.82186
-3.82232
-3.82269
-3.82308
-3.82557
-3.82486
-3.82412
-3.82327
-3.82235
-3.82129
-3.82095
-3.82046
-3.81988
-3.82089
-3.82122
-3.821
-3.81986
-3.81916
-3.81893
-3.81979
-3.8203
-3.82106
-3.82147
-3.8219
-3.82334
-3.82347
-3.82275
-3.82256
-3.8224
-3.82301
-3.82149
-3.82031
-3.81857
-3.81684
-3.81622
-3.81618
-3.81793
-3.81983
-3.82193
-3.82333
-3.82438
-3.8243
-3.82411
-3.82318
-3.82361
-3.82303
-3.82287
-3.82222
-3.82093
-3.8215
-3.8216
-3.82101
-3.82129
-3.82222
-3.82237
-3.82336
-3.82379
-3.82426
-3.82476
-3.82498
-3.8256
-3.82493
-3.82505
-3.82435
-3.82346
-3.82365
-3.82305
-3.82336
-3.82436
-3.82585
-3.82648
-3.82673
-3.82658
-3.82554
-3.82483
-3.82318
-3.8241
-3.82284
-3.82402
-3.8252
-3.82761
-3.82871
-3.82962
-3.82935
-3.82989
-3.82965
-3.82884
-3.82816
-3.82801
-3.82718
-3.82742
-3.82739
-3.8273
-3.82792
-3.82775
-3.82795
-3.82748
-3.82658
-3.82666
-3.82703
-3.82707
-3.82725
-3.82622
-3.8255
-3.82452
-3.82493
-3.82496
-3.8265
-3.82698
-3.82651
-3.82706
-3.82672
-3.82737
-3.82776
-3.82769
-3.82811
-3.82838
-3.82764
-3.82865
-3.82818
-3.8284
-3.8288
-3.82916
-3.83031
-3.83104
-3.83199
-3.8309
-3.82983
-3.83024
-3.82849
-3.82775
-3.82862
-3.82895
-3.82803
-3.82802
-3.82848
-3.82961
-3.83013
-3.83147
-3.83196
-3.83213
-3.83274
-3.83263
-3.83171
-3.83135
-3.83115
-3.83045
-3.83047
-3.83006
-3.82917
-3.82834
-3.82772
-3.82744
-3.82668
-3.82578
-3.82607
-3.82669
-3.82802
-3.82842
-3.82902
-3.82824
-3.82878
-3.8284
-3.82826
-3.82717
-3.82739
-3.82647
-3.82627
-3.82488
-3.82423
-3.82473
-3.82496
-3.82537
-3.82482
-3.82576
-3.82666
-3.82725
-3.82732
-3.82723
-3.82714
-3.82599
-3.82564
-3.82506
-3.82366
-3.82357
-3.82341
-3.82371
-3.82398
-3.82542
-3.82476
-3.82466
-3.82299
-3.8222
-3.82283
-3.82273
-3.82428
-3.82466
-3.82611
-3.8257
-3.82608
-3.82411
-3.82392
-3.82397
-3.82399
-3.82451
-3.82509
-3.82582
-3.82573
-3.82557
-3.82595
-3.82537
-3.82503
-3.82428
-3.82324
-3.82342
-3.82371
-3.82321
-3.824
-3.82443
-3.82377
-3.82343
-3.82425
-3.8252
-3.82557
-3.82543
-3.8269
-3.82717
-3.82809
-3.82835
-3.82747
-3.8252
-3.82333
-3.82325
-3.82112
-3.82072
-3.82101
-3.82189
-3.82394
-3.82489
-3.82484
-3.82522
-3.82457
-3.8239
-3.82286
-3.82205
-3.82212
-3.82255
-3.82267
-3.82386
-3.82456
-3.82477
-3.82532
-3.82608
-3.82726
-3.82745
-3.82733
-3.82784
-3.82813
-3.82617
-3.82561
-3.8242
-3.82346
-3.82208
-3.82076
-3.82021
-3.82153
-3.82298
-3.82475
-3.82584
-3.82661
-3.82828
-3.82838
-3.82847
-3.82873
-3.82823
-3.82682
-3.8272
-3.82688
-3.82767
-3.8281
-3.82882
-3.8288
-3.82903
-3.82963
-3.83047
-3.83099
-3.83047
-3.83082
-3.82947
-3.8285
-3.82861
-3.82827
-3.8273
-3.82732
-3.82727
-3.82744
-3.82596
-3.82731
-3.82801
-3.8268
-3.82825
-3.82801
-3.82673
-3.82608
-3.82573
-3.82447
-3.82464
-3.82493
-3.82458
-3.82412
-3.82495
-3.82716
-3.82713
-3.82727
-3.82753
-3.82668
-3.8272
-3.82593
-3.82486
-3.82415
-3.82353
-3.82412
-3.82396
-3.82374
-3.82475
-3.82477
-3.82489
-3.82509
-3.82572
-3.8253
-3.82442
-3.82529
-3.82466
-3.82507
-3.82516
-3.82539
-3.82604
-3.82579
-3.82782
-3.82809
-3.82802
-3.82906
-3.82923
-3.82871
-3.8276
-3.82638
-3.82636
-3.82538
-3.82427
-3.82504
-3.82458
-3.82453
-3.82306
-3.82225
-3.82082
-3.81939
-3.81998
-3.82135
-3.82207
-3.82272
-3.82316
-3.82423
-3.824
-3.82453
-3.8237
-3.82334
-3.82417
-3.82424
-3.8252
-3.82517
-3.8247
-3.82464
-3.82384
-3.82374
-3.82391
-3.823
-3.82347
-3.82334
-3.8247
-3.82575
-3.82571
-3.82817
-3.82719
-3.8281
-3.82854
-3.82699
-3.82632
-3.82455
-3.82307
-3.82183
-3.8222
-3.82289
-3.82346
-3.82486
-3.8256
-3.82587
-3.82698
-3.82631
-3.82574
-3.82572
-3.82622
-3.8253
-3.82467
-3.82393
-3.82307
-3.82218
-3.82164
-3.82126
-3.82333
-3.82441
-3.8244
-3.82572
-3.82608
-3.82655
-3.82654
-3.82574
-3.82593
-3.82697
-3.82706
-3.8273
-3.82814
-3.82728
-3.82676
-3.82731
-3.82615
-3.82591
-3.82666
-3.82615
-3.82643
-3.82546
-3.82415
-3.82382
-3.82359
-3.82347
-3.8229
-3.82131
-3.82149
-3.82145
-3.82326
-3.82515
-3.82627
-3.8279
-3.82849
-3.82797
-3.82656
-3.82638
-3.82757
-3.82536
-3.82543
-3.82469
-3.82587
-3.82438
-3.82418
-3.82408
-3.82447
-3.8247
-3.82434
-3.82443
-3.8244
-3.82434
-3.82418
-3.82465
-3.82509
-3.8256
-3.82465
-3.82515
-3.82513
-3.82413
-3.82231
-3.82186
-3.82241
-3.82229
-3.82272
-3.82353
-3.8229
-3.82215
-3.82135
-3.82277
-3.82213
-3.82275
-3.82342
-3.82409
-3.82477
-3.82556
-3.82483
-3.82559
-3.82471
-3.8249
-3.82438
-3.82282
-3.8215
-3.82047
-3.82106
-3.82094
-3.82155
-3.82154
-3.82203
-3.82268
-3.82333
-3.82461
-3.82549
-3.82633
-3.82706
-3.82804
-3.82854
-3.82848
-3.82831
-3.82709
-3.82417
-3.82119
-3.81973
-3.81878
-3.81836
-3.81949
-3.82087
-3.82264
-3.82391
-3.82449
-3.82519
-3.82427
-3.82293
-3.82234
-3.82164
-3.82111
-3.82113
-3.82186
-3.82229
-3.82135
-3.82105
-3.82072
-3.82109
-3.81962
-3.81866
-3.81841
-3.81994
-3.81891
-3.8205
-3.82207
-3.82339
-3.82213
-3.82145
-3.82114
-3.8213
-3.82229
-3.82292
-3.82294
-3.82301
-3.82349
-3.82392
-3.82348
-3.8229
-3.82202
-3.82121
-3.82108
-3.81974
-3.81956
-3.81915
-3.81865
-3.81875
-3.8183
-3.81894
-3.82055
-3.82184
-3.82312
-3.82416
-3.82414
-3.82374
-3.82308
-3.82199
-3.82186
-3.82133
-3.81958
-3.81854
-3.81687
-3.81675
-3.81623
-3.81592
-3.81669
-3.81627
-3.81575
-3.81641
-3.81681
-3.817
-3.81804
-3.81876
-3.81951
-3.82083
-3.82089
-3.82137
-3.82204
-3.82147
-3.82033
-3.82173
-3.82177
-3.82307
-3.82372
-3.82367
-3.82432
-3.8246
-3.82298
-3.8223
-3.82102
-3.8209
-3.81944
-3.81903
-3.81955
-3.81992
-3.82061
-3.82197
-3.82287
-3.82405
-3.82544
-3.82569
-3.82494
-3.82306
-3.82333
-3.82186
-3.82169
-3.821
-3.82009
-3.81969
-3.82052
-3.82036
-3.82062
-3.82039
-3.821
-3.81991
-3.81943
-3.81851
-3.81819
-3.81826
-3.819
-3.81949
-3.82065
-3.82119
-3.82218
-3.82076
-3.82056
-3.82128
-3.8226
-3.82247
-3.82298
-3.82249
-3.821
-3.82065
-3.82081
-3.8205
-3.82148
-3.82167
-3.82153
-3.82097
-3.82262
-3.82445
-3.82595
-3.82694
-3.82662
-3.82664
-3.82614
-3.82586
-3.82374
-3.8227
-3.82085
-3.82048
-3.8196
-3.81896
-3.81897
-3.82053
-3.82198
-3.8235
-3.82432
-3.82471
-3.82414
-3.82518
-3.82522
-3.82397
-3.82385
-3.82383
-3.82293
-3.82179
-3.82177
-3.82146
-3.81999
-3.82097
-3.82192
-3.82267
-3.8239
-3.82498
-3.82639
-3.82612
-3.82508
-3.82374
-3.82368
-3.8224
-3.82208
-3.82075
-3.82086
-3.82189
-3.82231
-3.82286
-3.8234
-3.82351
-3.8242
-3.82387
-3.82254
-3.8233
-3.82317
-3.8237
-3.82415
-3.82597
-3.82718
-3.82751
-3.82735
-3.82588
-3.82717
-3.82616
-3.82526
-3.82375
-3.82339
-3.82362
-3.82242
-3.82463
-3.82503
-3.82724
-3.82751
-3.82844
-3.82915
-3.82847
-3.82819
-3.82764
-3.82673
-3.82574
-3.82386
-3.8227
-3.82246
-3.82359
-3.82336
-3.82319
-3.82374
-3.82356
-3.82241
-3.82225
-3.82285
-3.82347
-3.82418
-3.82543
-3.82592
-3.82568
-3.82437
-3.82312
-3.82095
-3.82012
-3.8189
-3.81861
-3.81954
-3.81946
-3.82037
-3.81986
-3.81982
-3.82019
-3.81963
-3.81898
-3.8203
-3.82271
-3.82474
-3.82634
-3.82583
-3.82492
-3.82384
-3.82203
-3.8209
-3.8204
-3.8205
-3.82153
-3.82264
-3.82349
-3.82494
-3.82625
-3.82771
-3.82751
-3.82679
-3.82535
-3.82338
-3.82259
-3.82247
-3.82178
-3.82144
-3.82083
-3.82133
-3.81903
-3.81775
-3.81699
-3.8168
-3.81687
-3.81848
-3.81969
-3.82037
-3.82047
-3.82136
-3.82165
-3.82143
-3.82031
-3.81871
-3.81786
-3.81758
-3.81682
-3.81663
-3.8175
-3.81809
-3.81886
-3.81897
-3.82039
-3.82016
-3.81924
-3.81919
-3.81987
-3.81923
-3.8184
-3.81736
-3.81623
-3.81528
-3.81658
-3.81697
-3.81823
-3.81835
-3.81952
-3.81985
-3.81953
-3.8191
-3.81955
-3.8199
-3.82024
-3.81994
-3.81931
-3.81859
-3.81889
-3.8179
-3.8182
-3.81846
-3.81789
-3.81764
-3.81673
-3.81645
-3.81525
-3.81585
-3.81708
-3.81701
-3.81749
-3.81793
-3.8178
-3.81878
-3.81899
-3.81991
-3.82013
-3.82137
-3.821
-3.82018
-3.82014
-3.81993
-3.81922
-3.82041
-3.82068
-3.82086
-3.82149
-3.82113
-3.8202
-3.81993
-3.81998
-3.82021
-3.82081
-3.82231
-3.82345
-3.82395
-3.82401
-3.82382
-3.82483
-3.82431
-3.8221
-3.82245
-3.82251
-3.82266
-3.82253
-3.82215
-3.82262
-3.82249
-3.82166
-3.82125
-3.82108
-3.8209
-3.82119
-3.82217
-3.82269
-3.82339
-3.82478
-3.82545
-3.82699
-3.82814
-3.8282
-3.82718
-3.82632
-3.82485
-3.82321
-3.82395
-3.82463
-3.82523
-3.82583
-3.82542
-3.8254
-3.82492
-3.82438
-3.82367
-3.82273
-3.82133
-3.8195
-3.81916
-3.81934
-3.82195
-3.82314
-3.82466
-3.8252
-3.82586
-3.82472
-3.82349
-3.82318
-3.822
-3.8219
-3.81957
-3.81745
-3.81667
-3.81661
-3.81726
-3.81811
-3.81963
-3.82086
-3.82118
-3.82177
-3.82081
-3.82092
-3.81964
-3.81991
-3.82022
-3.82025
-3.81962
-3.819
-3.81921
-3.81939
-3.81804
-3.81802
-3.81749
-3.81592
-3.81583
-3.81714
-3.8172
-3.81887
-3.82036
-3.82064
-3.82129
-3.82166
-3.82202
-3.82165
-3.82233
-3.82213
-3.82177
-3.82214
-3.82098
-3.8206
-3.8195
-3.81936
-3.81914
-3.81853
-3.8172
-3.81574
-3.81534
-3.81592
-3.81602
-3.81662
-3.81815
-3.81775
-3.81927
-3.82051
-3.8209
-3.82197
-3.82113
-3.82221
-3.82224
-3.82254
-3.82317
-3.82237
-3.82189
-3.82175
-3.82032
-3.81948
-3.81864
-3.81763
-3.81791
-3.81609
-3.81573
-3.81545
-3.81653
-3.81701
-3.81835
-3.81959
-3.82199
-3.82404
-3.82514
-3.82581
-3.82551
-3.82581
-3.82575
-3.82435
-3.82369
-3.82356
-3.82345
-3.82427
-3.82453
-3.82398
-3.82479
-3.82566
-3.82565
-3.82511
-3.8252
-3.82585
-3.82591
-3.82448
-3.82405
-3.8234
-3.82404
-3.82308
-3.82343
-3.82289
-3.82229
-3.82243
-3.82137
-3.82013
-3.81972
-3.82024
-3.821
-3.82047
-3.82088
-3.82035
-3.81974
-3.82042
-3.81992
-3.81985
-3.82193
-3.8235
-3.82369
-3.82316
-3.82198
-3.82157
-3.82022
-3.8189
-3.81814
-3.81748
-3.81801
-3.81835
-3.81854
-3.81984
-3.82107
-3.82248
-3.82277
-3.82203
-3.82198
-3.82157
-3.82152
-3.82055
-3.82028
-3.82008
-3.8202
-3.81972
-3.82037
-3.8207
-3.82033
-3.82073
-3.8208
-3.821
-3.82011
-3.82144
-3.82122
-3.82217
-3.82202
-3.82202
-3.82188
-3.82206
-3.82083
-3.82074
-3.82017
-3.81989
-3.82047
-3.82085
-3.82306
-3.82235
-3.82235
-3.82184
-3.82169
-3.82163
-3.8225
-3.824
-3.82484
-3.82579
-3.82559
-3.82495
-3.82535
-3.82345
-3.82207
-3.82117
-3.82086
-3.82058
-3.82085
-3.8215
-3.8218
-3.8215
-3.82251
-3.82079
-3.82084
-3.82085
-3.8208
-3.82221
-3.82363
-3.82439
-3.82493
-3.82492
-3.82519
-3.82539
-3.82646
-3.82685
-3.82733
-3.82702
-3.82757
-3.82763
-3.82738
-3.82804
-3.82865
-3.82888
-3.82981
-3.83018
-3.82856
-3.82819
-3.82763
-3.82656
-3.82602
-3.82582
-3.82513
-3.82544
-3.82546
-3.82552
-3.82632
-3.82708
-3.82634
-3.82657
-3.82688
-3.82784
-3.82939
-3.83004
-3.83051
-3.83204
-3.83263
-3.83214
-3.83131
-3.8292
-3.82907
-3.82913
-3.8288
-3.82847
-3.82767
-3.82626
-3.82622
-3.82616
-3.82569
-3.82423
-3.82398
-3.82396
-3.82357
-3.82392
-3.82527
-3.8264
-3.82585
-3.82582
-3.82558
-3.82672
-3.82718
-3.82569
-3.82468
-3.82427
-3.82412
-3.82415
-3.82547
-3.82542
-3.82514
-3.82422
-3.82306
-3.82112
-3.82112
-3.81973
-3.8191
-3.81856
-3.81753
-3.81849
-3.82053
-3.82245
-3.82408
-3.82463
-3.82508
-3.82554
-3.82499
-3.8247
-3.82363
-3.82264
-3.82159
-3.82129
-3.8204
-3.81927
-3.8181
-3.81674
-3.8167
-3.81708
-3.8172
-3.81907
-3.81944
-3.81926
-3.81934
-3.81886
-3.81854
-3.81962
-3.8203
-3.82018
-3.82063
-3.82143
-3.82183
-3.82176
-3.82325
-3.82483
-3.82564
-3.82705
-3.82749
-3.82697
-3.82619
-3.82544
-3.82442
-3.82527
-3.82532
-3.82579
-3.82648
-3.82745
-3.82871
-3.82953
-3.82847
-3.8285
-3.82833
-3.82605
-3.82471
-3.82389
-3.82338
-3.82317
-3.82365
-3.82398
-3.82519
-3.82459
-3.8239
-3.82498
-3.82508
-3.82465
-3.82509
-3.82513
-3.82518
-3.82458
-3.82375
-3.82409
-3.82381
-3.82413
-3.82503
-3.82396
-3.82318
-3.82346
-3.8232
-3.82385
-3.82384
-3.82489
-3.82475
-3.82533
-3.82484
-3.82534
-3.82562
-3.82601
-3.82685
-3.82647
-3.82651
-3.82562
-3.82557
-3.82455
-3.82316
-3.82258
-3.82279
-3.82395
-3.82492
-3.82539
-3.8254
-3.82522
-3.82465
-3.82349
-3.82314
-3.82207
-3.8208
-3.82097
-3.82105
-3.82085
-3.82075
-3.8206
-3.82099
-3.82063
-3.82034
-3.81996
-3.81905
-3.81897
-3.81988
-3.81954
-3.81956
-3.82148
-3.82326
-3.82236
-3.82381
-3.82417
-3.82391
-3.82422
-3.82484
-3.82565
-3.82525
-3.82485
-3.8251
-3.82365
-3.82335
-3.82344
-3.82289
-3.82257
-3.82271
-3.82199
-3.82214
-3.82247
-3.8238
-3.82451
-3.82528
-3.82475
-3.8241
-3.82315
-3.82252
-3.82228
-3.82261
-3.82184
-3.8215
-3.82066
-3.82022
-3.81929
-3.8189
-3.81835
-3.81812
-3.81882
-3.81835
-3.81804
-3.81794
-3.81794
-3.81906
-3.81917
-3.81984
-3.82105
-3.82217
-3.82283
-3.82418
-3.82429
-3.82327
-3.82209
-3.82192
-3.82156
-3.82127
-3.82112
-3.82134
-3.82131
-3.8205
-3.81946
-3.81886
-3.81815
-3.81718
-3.81553
-3.81583
-3.81532
-3.81466
-3.81501
-3.81507
-3.81604
-3.81646
-3.81727
-3.81762
-3.81713
-3.81626
-3.81687
-3.81698
-3.81765
-3.81669
-3.81637
-3.81621
-3.8158
-3.81597
-3.81645
-3.81543
-3.81492
-3.81559
-3.8155
-3.81691
-3.81708
-3.81729
-3.81691
-3.8171
-3.815
-3.8149
-3.81429
-3.81445
-3.81584
-3.81768
-3.81808
-3.81945
-3.81953
-3.8202
-3.81979
-3.81924
-3.81972
-3.819
-3.81855
-3.81821
-3.81744
-3.81685
-3.81615
-3.81478
-3.81479
-3.81579
-3.81562
-3.81657
-3.8173
-3.81977
-3.82001
-3.82011
-3.82074
-3.82105
-3.82137
-3.82072
-3.82099
-3.82103
-3.82099
-3.82135
-3.82244
-3.82189
-3.82216
-3.82043
-3.82075
-3.81895
-3.81754
-3.81611
-3.81485
-3.81496
-3.81534
-3.81549
-3.81627
-3.81853
-3.81941
-3.82143
-3.82309
-3.82365
-3.82416
-3.82416
-3.82389
-3.8232
-3.82279
-3.82283
-3.82289
-3.82212
-3.82199
-3.82209
-3.82237
-3.82155
-3.82149
-3.82145
-3.82181
-3.8223
-3.82236
-3.82228
-3.82258
-3.82281
-3.82211
-3.82171
-3.8231
-3.82328
-3.82394
-3.82466
-3.82585
-3.82628
-3.82686
-3.82751
-3.82683
-3.8272
-3.827
-3.82689
-3.82604
-3.82405
-3.82428
-3.82479
-3.82507
-3.82559
-3.82677
-3.8267
-3.82716
-3.82796
-3.82718
-3.82885
-3.82905
-3.82866
-3.82845
-3.82865
-3.82828
-3.82861
-3.82764
-3.8263
-3.82451
-3.82442
-3.82279
-3.82241
-3.82227
-3.82129
-3.82138
-3.82182
-3.82121
-3.82239
-3.82146
-3.82201
-3.82224
-3.82238
-3.82291
-3.82433
-3.82491
-3.82573
-3.82588
-3.82604
-3.82516
-3.82419
-3.82507
-3.82413
-3.82342
-3.82304
-3.82256
-3.82239
-3.82272
-3.82247
-3.82241
-3.82398
-3.82361
-3.823
-3.82296
-3.82404
-3.82441
-3.82346
-3.82457
-3.82501
-3.82441
-3.82395
-3.82354
-3.8236
-3.82385
-3.82339
-3.82269
-3.82312
-3.82348
-3.82444
-3.82473
-3.82428
-3.8243
-3.82288
-3.82109
-3.8203
-3.82085
-3.82041
-3.82091
-3.82202
-3.8225
-3.82279
-3.82397
-3.82432
-3.8243
-3.82363
-3.82191
-3.82075
-3.82078
-3.81996
-3.82076
-3.82087
-3.82151
-3.82267
-3.82452
-3.82512
-3.8256
-3.825
-3.82333
-3.823
-3.82312
-3.82321
-3.82293
-3.82351
-3.82357
-3.82494
-3.82483
-3.82534
-3.82557
-3.82513
-3.82479
-3.82486
-3.82512
-3.82428
-3.82335
-3.82308
-3.82283
-3.82285
-3.82318
-3.82305
-3.82293
-3.82304
-3.82362
-3.82485
-3.82532
-3.82676
-3.82783
-3.82902
-3.83072
-3.83029
-3.8301
-3.83002
-3.82958
-3.82873
-3.82696
-3.82577
-3.82389
-3.82249
-3.82145
-3.81994
-3.81968
-3.82002
-3.81928
-3.81985
-3.82031
-3.82065
-3.82054
-3.82162
-3.82174
-3.82093
-3.82174
-3.82306
-3.8224
-3.82211
-3.82211
-3.82164
-3.82209
-3.82237
-3.82312
-3.82491
-3.82512
-3.82616
-3.82749
-3.8272
-3.82717
-3.82706
-3.8268
-3.82591
-3.82445
-3.82416
-3.82335
-3.8225
-3.82243
-3.82239
-3.82204
-3.82108
-3.82079
-3.82041
-3.81998
-3.81968
-3.81915
-3.81967
-3.81905
-3.8194
-3.81885
-3.81877
-3.81982
-3.82082
-3.82267
-3.82379
-3.82511
-3.82533
-3.82581
-3.8266
-3.8277
-3.82709
-3.82794
-3.828
-3.82732
-3.82649
-3.8268
-3.82503
-3.82451
-3.82373
-3.82102
-3.81957
-3.81956
-3.81916
-3.82023
-3.82099
-3.82162
-3.82275
-3.82393
-3.82465
-3.82367
-3.82298
-3.82172
-3.82074
-3.8197
-3.81985
-3.82052
-3.82228
-3.82444
-3.82595
-3.82734
-3.82785
-3.82711
-3.82653
-3.82578
-3.82434
-3.82414
-3.82249
-3.82298
-3.82271
-3.82258
-3.82271
-3.82381
-3.82386
-3.824
-3.82233
-3.82234
-3.82139
-3.82147
-3.82125
-3.82098
-3.82237
-3.82381
-3.82365
-3.82353
-3.82248
-3.82229
-3.82125
-3.81957
-3.81837
-3.81759
-3.8167
-3.81686
-3.81643
-3.81653
-3.8148
-3.81547
-3.8155
-3.81575
-3.81687
-3.81845
-3.81952
-3.81987
-3.821
-3.82166
-3.82043
-3.81945
-3.82029
-3.82036
-3.82007
-3.81973
-3.82091
-3.82132
-3.82222
-3.82145
-3.8226
-3.8233
-3.82216
-3.82426
-3.82449
-3.82485
-3.82438
-3.8234
-3.82282
-3.82249
-3.82236
-3.82084
-3.82123
-3.82195
-3.82293
-3.82341
-3.82404
-3.82507
-3.82404
-3.8247
-3.82264
-3.82184
-3.82187
-3.82311
-3.82479
-3.82611
-3.8267
-3.82843
-3.82907
-3.82971
-3.82812
-3.82787
-3.8277
-3.82735
-3.82662
-3.82607
-3.82618
-3.82556
-3.82481
-3.82514
-3.82351
-3.82303
-3.82287
-3.82255
-3.82367
-3.82374
-3.82438
-3.82499
-3.82484
-3.82402
-3.82331
-3.82148
-3.82045
-3.82043
-3.82022
-3.8209
-3.82065
-3.82176
-3.82374
-3.82464
-3.82509
-3.82541
-3.82543
-3.8255
-3.82621
-3.82636
-3.82717
-3.82782
-3.8268
-3.82713
-3.82645
-3.82676
-3.82573
-3.82509
-3.82449
-3.82466
-3.82407
-3.82346
-3.82475
-3.82506
-3.82519
-3.82658
-3.82699
-3.827
-3.8273
-3.82729
-3.82701
-3.82671
-3.82464
-3.82316
-3.82303
-3.82179
-3.82111
-3.82234
-3.82223
-3.82307
-3.82329
-3.82293
-3.82337
-3.82487
-3.82543
-3.82529
-3.82653
-3.82456
-3.82308
-3.82325
-3.82212
-3.82204
-3.82233
-3.82358
-3.82418
-3.82479
-3.82574
-3.82606
-3.82758
-3.82665
-3.82611
-3.8253
-3.82564
-3.82472
-3.82445
-3.82371
-3.82299
-3.82293
-3.82267
-3.8212
-3.81998
-3.82013
-3.8202
-3.82077
-3.82307
-3.82347
-3.82315
-3.82348
-3.82222
-3.82228
-3.82249
-3.82161
-3.82113
-3.82164
-3.82045
-3.82112
-3.82201
-3.82268
-3.82325
-3.82358
-3.82399
-3.8239
-3.82197
-3.82166
-3.82162
-3.82249
-3.82264
-3.82349
-3.82451
-3.82505
-3.8256
-3.82554
-3.82627
-3.82562
-3.82543
-3.82492
-3.82454
-3.82469
-3.82481
-3.82563
-3.82601
-3.82728
-3.82702
-3.82741
-3.82695
-3.82619
-3.82473
-3.82392
-3.82345
-3.82375
-3.823
-3.82353
-3.82503
-3.82471
-3.82585
-3.82593
-3.82697
-3.82734
-3.8266
-3.82569
-3.82469
-3.82499
-3.8246
-3.82461
-3.82393
-3.82321
-3.82194
-3.82169
-3.82121
-3.82001
-3.82024
-3.82113
-3.82146
-3.82244
-3.82252
-3.82239
-3.82099
-3.82003
-3.81846
-3.81787
-3.81662
-3.8167
-3.81865
-3.8196
-3.82099
-3.82235
-3.82324
-3.82285
-3.82289
-3.82199
-3.82323
-3.82364
-3.82233
-3.82279
-3.82311
-3.82197
-3.82205
-3.82288
-3.82238
-3.82311
-3.82427
-3.82454
-3.82445
-3.82492
-3.82527
-3.82552
-3.82509
-3.82497
-3.82416
-3.8245
-3.82484
-3.82612
-3.82654
-3.8276
-3.82821
-3.8283
-3.82877
-3.82768
-3.82827
-3.82847
-3.82752
-3.82771
-3.82862
-3.82625
-3.82513
-3.82422
-3.82336
-3.82316
-3.82305
-3.82223
-3.8225
-3.82409
-3.82489
-3.82627
-3.82866
-3.82938
-3.82892
-3.82835
-3.82719
-3.82716
-3.82551
-3.82398
-3.82375
-3.82336
-3.8245
-3.82373
-3.82431
-3.82414
-3.8249
-3.8261
-3.82614
-3.82695
-3.82621
-3.82701
-3.82679
-3.82538
-3.82458
-3.82465
-3.82375
-3.8235
-3.82288
-3.8236
-3.82325
-3.82214
-3.82111
-3.81904
-3.81811
-3.81766
-3.81786
-3.81844
-3.81956
-3.82155
-3.82346
-3.82401
-3.82655
-3.82748
-3.82784
-3.82979
-3.82943
-3.82922
-3.82737
-3.82637
-3.8256
-3.82494
-3.82392
-3.82353
-3.82359
-3.82375
-3.82356
-3.82437
-3.82332
-3.82425
-3.82358
-3.82331
-3.82395
-3.82441
-3.82404
-3.82297
-3.82087
-3.82015
-3.81982
-3.82021
-3.82079
-3.82162
-3.82131
-3.82112
-3.8214
-3.82082
-3.82121
-3.82022
-3.82058
-3.8209
-3.82078
-3.82093
-3.82173
-3.82147
-3.82091
-3.82091
-3.82136
-3.82217
-3.82207
-3.82373
-3.82546
-3.82687
-3.82693
-3.82623
-3.82512
-3.82467
-3.82391
-3.82354
-3.82359
-3.82354
-3.82289
-3.82244
-3.82255
-3.82368
-3.82374
-3.82353
-3.82377
-3.82312
-3.82313
-3.82279
-3.82332
-3.82462
-3.82395
-3.82507
-3.8247
-3.82409
-3.82364
-3.82202
-3.82241
-3.82237
-3.82385
-3.82488
-3.82453
-3.82497
-3.82405
-3.82424
-3.82405
-3.82405
-3.8249
-3.82418
-3.82348
-3.82195
-3.82155
-3.82061
-3.82116
-3.81973
-3.82022
-3.82029
-3.82133
-3.82114
-3.82052
-3.82178
-3.82118
-3.82167
-3.82137
-3.82129
-3.82113
-3.82113
-3.82164
-3.82179
-3.82324
-3.82332
-3.82402
-3.82389
-3.82313
-3.82246
-3.82262
-3.8222
-3.82323
-3.82269
-3.82187
-3.82172
-3.82233
-3.82347
-3.82325
-3.8234
-3.82305
-3.82451
-3.82553
-3.82709
-3.82682
-3.82652
-3.82601
-3.82566
-3.82562
-3.82569
-3.82565
-3.82596
-3.82575
-3.82624
-3.82649
-3.82618
-3.82665
-3.82596
-3.82585
-3.82566
-3.82664
-3.82608
-3.82721
-3.82767
-3.82742
-3.82726
-3.82659
-3.82738
-3.82718
-3.82718
-3.82863
-3.82862
-3.82984
-3.83076
-3.8308
-3.83053
-3.83014
-3.83033
-3.82888
-3.82822
-3.82784
-3.82668
-3.82539
-3.82454
-3.82476
-3.82541
-3.8266
-3.82758
-3.82836
-3.82845
-3.82894
-3.82877
-3.82794
-3.82802
-3.82844
-3.82862
-3.83022
-3.83101
-3.82972
-3.82987
-3.82849
-3.82807
-3.82753
-3.8265
-3.8249
-3.8253
-3.8237
-3.82288
-3.8222
-3.82199
-3.82137
-3.82172
-3.82213
-3.82185
-3.82296
-3.82263
-3.82247
-3.82362
-3.82374
-3.82354
-3.82431
-3.82385
-3.82396
-3.82211
-3.82165
-3.82027
-3.81968
-3.81837
-3.81789
-3.81596
-3.81579
-3.81561
-3.8177
-3.81906
-3.82066
-3.82159
-3.82143
-3.82218
-3.82313
-3.82238
-3.82203
-3.82126
-3.82105
-3.82076
-3.82104
-3.82215
-3.82305
-3.82279
-3.82297
-3.82296
-3.82246
-3.82248
-3.82094
-3.8206
-3.82148
-3.82184
-3.82224
-3.82349
-3.82321
-3.82297
-3.82428
-3.82452
-3.82379
-3.82269
-3.82251
-3.8223
-3.82274
-3.82267
-3.82287
-3.8221
-3.82342
-3.82225
-3.82229
-3.82163
-3.82209
-3.82218
-3.82287
-3.82303
-3.82223
-3.82247
-3.82377
-3.82509
-3.82614
-3.82732
-3.8266
-3.82645
-3.82626
-3.82535
-3.82398
-3.82318
-3.82137
-3.82036
-3.82064
-3.8207
-3.81937
-3.81903
-3.81846
-3.81732
-3.8182
-3.81829
-3.82005
-3.82118
-3.82352
-3.82554
-3.82673
-3.8272
-3.82674
-3.82554
-3.82586
-3.82558
-3.82587
-3.82622
-3.82543
-3.82546
-3.82431
-3.82363
-3.82384
-3.82301
-3.82245
-3.82184
-3.82188
-3.82185
-3.823
-3.82419
-3.82408
-3.82452
-3.82447
-3.82504
-3.82584
-3.82625
-3.82511
-3.82472
-3.82459
-3.82326
-3.82202
-3.82095
-3.82053
-3.81957
-3.81937
-3.8199
-3.81988
-3.82177
-3.82198
-3.82297
-3.82393
-3.82444
-3.82427
-3.82371
-3.82371
-3.82337
-3.82294
-3.82337
-3.82366
-3.82439
-3.82356
-3.82257
-3.82268
-3.82132
-3.82106
-3.82104
-3.82056
-3.82093
-3.82016
-3.82092
-3.821
-3.82168
-3.82243
-3.8227
-3.82366
-3.824
-3.82356
-3.82241
-3.82205
-3.8213
-3.82075
-3.82258
-3.82301
-3.82286
-3.82369
-3.82497
-3.82807
-3.82896
-3.82864
-3.82911
-3.8286
-3.8293
-3.82863
-3.82734
-3.82691
-3.82605
-3.82579
-3.82457
-3.82374
-3.82283
-3.82258
-3.82188
-3.82157
-3.82227
-3.82194
-3.82182
-3.82343
-3.82324
-3.82517
-3.82485
-3.82526
-3.82499
-3.82549
-3.8259
-3.82555
-3.82513
-3.82484
-3.82417
-3.82319
-3.82277
-3.82172
-3.82026
-3.81962
-3.82009
-3.81986
-3.82026
-3.82076
-3.82203
-3.82275
-3.82415
-3.82416
-3.82419
-3.82356
-3.82375
-3.82372
-3.82388
-3.82281
-3.82217
-3.821
-3.8198
-3.81886
-3.81985
-3.82115
-3.82369
-3.8249
-3.82483
-3.82402
-3.82353
-3.82313
-3.8227
-3.82268
-3.82212
-3.82169
-3.82256
-3.82203
-3.82145
-3.82059
-3.82133
-3.82053
-3.82064
-3.82244
-3.82202
-3.82263
-3.82205
-3.82278
-3.82311
-3.82462
-3.82421
-3.82486
-3.82403
-3.82434
-3.82336
-3.82239
-3.82111
-3.82072
-3.82299
-3.82272
-3.82377
-3.82549
-3.82635
-3.82703
-3.82742
-3.8278
-3.82845
-3.8279
-3.8272
-3.82676
-3.82631
-3.82507
-3.82475
-3.8225
-3.82113
-3.82105
-3.82102
-3.8202
-3.82034
-3.82208
-3.82223
-3.82207
-3.82317
-3.82253
-3.82359
-3.82332
-3.82335
-3.82445
-3.82532
-3.82563
-3.82534
-3.82559
-3.82464
-3.82454
-3.82292
-3.82172
-3.82091
-3.81954
-3.81923
-3.82009
-3.81951
-3.82116
-3.82173
-3.82168
-3.82242
-3.82339
-3.82355
-3.82487
-3.82389
-3.82328
-3.82148
-3.82082
-3.8202
-3.81944
-3.82011
-3.82015
-3.82162
-3.82176
-3.82317
-3.8235
-3.82338
-3.82279
-3.82139
-3.81953
-3.81881
-3.81839
-3.81951
-3.82062
-3.82105
-3.82088
-3.82162
-3.82149
-3.82193
-3.82176
-3.82162
-3.8228
-3.82348
-3.82332
-3.82265
-3.82203
-3.82179
-3.82113
-3.82126
-3.82216
-3.82308
-3.82292
-3.82275
-3.82334
-3.82274
-3.82301
-3.82284
-3.8219
-3.82193
-3.82181
-3.82179
-3.82238
-3.82443
-3.82462
-3.82569
-3.82778
-3.82767
-3.82687
-3.82654
-3.82487
-3.82243
-3.82157
-3.82008
-3.81809
-3.81787
-3.81852
-3.82013
-3.82198
-3.82415
-3.82507
-3.82671
-3.82533
-3.825
-3.82496
-3.82305
-3.82359
-3.82278
-3.82213
-3.82264
-3.82067
-3.8198
-3.81867
-3.8183
-3.81732
-3.81699
-3.81876
-3.81954
-3.82079
-3.82283
-3.8251
-3.82687
-3.82769
-3.82655
-3.82624
-3.8282
-3.82803
-3.82755
-3.82726
-3.82704
-3.82638
-3.826
-3.82557
-3.82459
-3.82357
-3.82409
-3.82424
-3.82418
-3.82454
-3.82453
-3.82392
-3.82485
-3.82627
-3.82725
-3.82658
-3.82677
-3.82689
-3.82789
-3.82786
-3.82768
-3.82594
-3.82518
-3.82568
-3.82419
-3.82278
-3.82212
-3.82356
-3.82303
-3.82403
-3.8252
-3.82582
-3.82474
-3.8238
-3.82432
-3.82271
-3.82221
-3.82129
-3.82187
-3.82064
-3.82069
-3.82076
-3.82044
-3.82065
-3.82039
-3.82189
-3.82239
-3.82337
-3.82411
-3.8247
-3.82442
-3.82431
-3.82487
-3.82452
-3.82316
-3.82178
-3.82096
-3.81967
-3.81778
-3.81673
-3.8173
-3.81881
-3.81988
-3.82149
-3.82114
-3.8208
-3.82111
-3.82009
-3.82027
-3.82016
-3.82001
-3.82056
-3.82012
-3.82035
-3.82021
-3.82095
-3.82154
-3.8225
-3.82274
-3.82354
-3.82326
-3.82433
-3.82395
-3.82517
-3.8256
-3.8257
-3.82602
-3.82775
-3.82892
-3.82966
-3.82941
-3.82925
-3.83028
-3.83017
-3.8294
-3.8285
-3.82814
-3.82767
-3.82663
-3.8275
-3.82733
-3.82728
-3.82551
-3.82607
-3.82611
-3.82551
-3.82491
-3.82455
-3.82356
-3.82375
-3.82561
-3.82543
-3.82659
-3.82661
-3.82518
-3.82518
-3.82437
-3.8239
-3.82417
-3.82399
-3.82313
-3.82354
-3.82306
-3.8231
-3.82242
-3.82241
-3.82252
-3.82276
-3.82139
-3.82152
-3.8212
-3.82122
-3.82108
-3.82086
-3.82146
-3.82147
-3.8212
-3.82157
-3.82085
-3.82146
-3.8215
-3.82047
-3.82042
-3.82079
-3.82098
-3.82149
-3.82269
-3.82233
-3.82193
-3.82111
-3.82141
-3.82124
-3.82176
-3.82115
-3.82238
-3.82321
-3.82309
-3.8236
-3.82322
-3.82241
-3.82314
-3.82343
-3.82369
-3.82339
-3.82473
-3.82393
-3.82273
-3.82352
-3.82313
-3.82364
-3.82459
-3.8243
-3.82491
-3.82574
-3.82582
-3.82534
-3.82449
-3.8251
-3.8254
-3.82419
-3.82413
-3.82451
-3.82306
-3.82253
-3.82379
-3.82322
-3.82305
-3.82253
-3.82269
-3.82312
-3.82242
-3.82281
-3.82255
-3.82214
-3.82119
-3.8203
-3.82057
-3.82101
-3.82111
-3.8222
-3.82245
-3.82292
-3.82233
-3.8226
-3.8226
-3.82237
-3.82289
-3.82368
-3.82379
-3.82426
-3.82437
-3.82323
-3.82217
-3.82217
-3.82253
-3.82072
-3.8207
-3.82265
-3.82305
-3.82371
-3.82381
-3.82374
-3.82532
-3.82594
-3.82554
-3.82537
-3.82616
-3.82732
-3.82732
-3.82737
-3.82653
-3.82527
-3.82487
-3.82393
-3.82269
-3.82207
-3.82138
-3.82189
-3.82201
-3.82164
-3.8208
-3.82161
-3.82195
-3.82247
-3.82288
-3.82503
-3.8268
-3.82798
-3.82814
-3.82766
-3.82731
-3.82714
-3.8246
-3.82446
-3.82325
-3.82251
-3.82359
-3.82369
-3.82434
-3.82534
-3.82548
-3.82537
-3.8255
-3.82519
-3.82462
-3.82495
-3.82452
-3.82306
-3.82388
-3.82352
-3.823
-3.82242
-3.82358
-3.82369
-3.82308
-3.82296
-3.82288
-3.82215
-3.82126
-3.82224
-3.82172
-3.82217
-3.82271
-3.82301
-3.82409
-3.82572
-3.82522
-3.82433
-3.82325
-3.82296
-3.82314
-3.82278
-3.82338
-3.82307
-3.82382
-3.82399
-3.82423
-3.82494
-3.82435
-3.82394
-3.8239
-3.82307
-3.82221
-3.82164
-3.82167
-3.82129
-3.82144
-3.82044
-3.82159
-3.82204
-3.82211
-3.82228
-3.82215
-3.8225
-3.82198
-3.82269
-3.82247
-3.82213
-3.82378
-3.82469
-3.82519
-3.82522
-3.82498
-3.82414
-3.82265
-3.82131
-3.81961
-3.81969
-3.81991
-3.82035
-3.82069
-3.82184
-3.8211
-3.82085
-3.82147
-3.82096
-3.82042
-3.8204
-3.82046
-3.82066
-3.82115
-3.82083
-3.82218
-3.82318
-3.82389
-3.82371
-3.82373
-3.82355
-3.82261
-3.82198
-3.82149
-3.82134
-3.82131
-3.8216
-3.82226
-3.82272
-3.82349
-3.8237
-3.82412
-3.82502
-3.82559
-3.82695
-3.8273
-3.8278
-3.82702
-3.82643
-3.82599
-3.82614
-3.8257
-3.82591
-3.82498
-3.82414
-3.825
-3.82483
-3.82505
-3.82466
-3.82437
-3.82542
-3.8254
-3.8252
-3.82479
-3.82593
-3.82572
-3.82509
-3.82594
-3.82618
-3.82717
-3.82639
-3.82543
-3.82542
-3.8245
-3.82585
-3.82656
-3.8268
-3.82586
-3.82478
-3.82458
-3.82416
-3.82387
-3.82435
-3.82509
-3.82543
-3.8268
-3.82841
-3.8289
-3.82992
-3.83112
-3.83171
-3.83065
-3.8309
-3.83023
-3.82938
-3.82823
-3.82686
-3.82539
-3.8235
-3.82469
-3.82427
-3.82406
-3.82501
-3.82628
-3.8279
-3.8294
-3.82994
-3.82958
-3.82783
-3.82628
-3.82596
-3.82492
-3.82381
-3.82398
-3.82394
-3.82349
-3.82456
-3.82576
-3.82699
-3.82838
-3.8289
-3.8283
-3.82874
-3.82811
-3.82677
-3.82509
-3.82478
-3.82394
-3.82598
-3.82646
-3.82682
-3.82706
-3.82677
-3.82634
-3.82661
-3.82756
-3.82759
-3.82835
-3.82823
-3.82832
-3.82775
-3.82714
-3.82657
-3.82623
-3.82669
-3.82684
-3.82602
-3.82543
-3.82441
-3.82299
-3.82171
-3.82107
-3.82075
-3.82105
-3.82096
-3.82113
-3.82129
-3.82142
-3.82242
-3.82277
-3.82328
-3.82341
-3.82294
-3.82213
-3.82142
-3.8211
-3.81981
-3.82013
-3.82102
-3.82189
-3.82241
-3.82297
-3.82381
-3.82504
-3.82491
-3.82504
-3.82514
-3.82647
-3.82651
-3.82612
-3.82624
-3.82576
-3.82584
-3.82618
-3.8259
-3.82507
-3.82334
-3.82247
-3.82144
-3.82152
-3.82189
-3.82343
-3.82378
-3.82422
-3.82333
-3.82346
-3.82457
-3.82417
-3.82398
-3.82458
-3.82537
-3.82638
-3.82583
-3.82664
-3.82732
-3.82812
-3.8275
-3.82773
-3.82769
-3.82679
-3.82671
-3.82626
-3.82515
-3.82463
-3.82534
-3.82426
-3.82332
-3.82245
-3.82107
-3.82039
-3.81959
-3.81916
-3.82028
-3.81975
-3.82095
-3.82207
-3.8232
-3.82425
-3.82533
-3.82535
-3.82463
-3.82467
-3.82379
-3.82324
-3.82262
-3.82176
-3.82291
-3.8229
-3.82209
-3.82205
-3.82287
-3.8238
-3.82489
-3.82546
-3.82611
-3.82615
-3.82695
-3.82795
-3.82848
-3.8287
-3.83015
-3.82834
-3.82838
-3.827
-3.82634
-3.82579
-3.82502
-3.82513
-3.82344
-3.82229
-3.82249
-3.8204
-3.8205
-3.82113
-3.8203
-3.81858
-3.81784
-3.81929
-3.81943
-3.81956
-3.82011
-3.82164
-3.82363
-3.82479
-3.82531
-3.82572
-3.82504
-3.82413
-3.82418
-3.82482
-3.82566
-3.82681
-3.82644
-3.82684
-3.82746
-3.82792
-3.82837
-3.82721
-3.82582
-3.82514
-3.82575
-3.82474
-3.82372
-3.82406
-3.82289
-3.82272
-3.82336
-3.82487
-3.82659
-3.82839
-3.83003
-3.82966
-3.82842
-3.8288
-3.82949
-3.82877
-3.82849
-3.82852
-3.82836
-3.8274
-3.827
-3.82651
-3.82713
-3.82623
-3.82628
-3.82633
-3.82633
-3.82619
-3.82713
-3.82838
-3.82909
-3.83011
-3.8317
-3.83193
-3.8307
-3.82978
-3.82911
-3.82808
-3.82677
-3.82641
-3.82613
-3.82478
-3.82514
-3.82388
-3.82346
-3.82439
-3.8251
-3.82646
-3.82581
-3.82507
-3.82339
-3.82236
-3.8208
-3.82062
-3.82066
-3.81962
-3.81917
-3.82
-3.8202
-3.82066
-3.82026
-3.81984
-3.81902
-3.8189
-3.81806
-3.81742
-3.81729
-3.81748
-3.81888
-3.82075
-3.82125
-3.82266
-3.82309
-3.82384
-3.82433
-3.82312
-3.82327
-3.8233
-3.82288
-3.82345
-3.82307
-3.82401
-3.82377
-3.82332
-3.82457
-3.82406
-3.82369
-3.82402
-3.82526
-3.82583
-3.8258
-3.82724
-3.82794
-3.82857
-3.8277
-3.82675
-3.82709
-3.82744
-3.82675
-3.82692
-3.82725
-3.82724
-3.82691
-3.82647
-3.82705
-3.82616
-3.8258
-3.8247
-3.82427
-3.82404
-3.82324
-3.82257
-3.82267
-3.82409
-3.82558
-3.82604
-3.82724
-3.82797
-3.82808
-3.82855
-3.82772
-3.82707
-3.82581
-3.82465
-3.82435
-3.8248
-3.82471
-3.82528
-3.82387
-3.82292
-3.8235
-3.82372
-3.82469
-3.8255
-3.82589
-3.82559
-3.82564
-3.82447
-3.82385
-3.82321
-3.8227
-3.82293
-3.82276
-3.82088
-3.82119
-3.82085
-3.82149
-3.82149
-3.8214
-3.82157
-3.8218
-3.82188
-3.82144
-3.82076
-3.8202
-3.81973
-3.81964
-3.81983
-3.82007
-3.81946
-3.82078
-3.82272
-3.82232
-3.82213
-3.82187
-3.82114
-3.81916
-3.8199
-3.81984
-3.81951
-3.81888
-3.81796
-3.8174
-3.81654
-3.81547
-3.8157
-3.81549
-3.81544
-3.81478
-3.81511
-3.81528
-3.81633
-3.81601
-3.81724
-3.81819
-3.81878
-3.81926
-3.81963
-3.82122
-3.82033
-3.81973
-3.81882
-3.8179
-3.81793
-3.81669
-3.81681
-3.81663
-3.81576
-3.81791
-3.81776
-3.81784
-3.81737
-3.81725
-3.81703
-3.81758
-3.81813
-3.81809
-3.81922
-3.81932
-3.81961
-3.82077
-3.82014
-3.8207
-3.82128
-3.82129
-3.8205
-3.81944
-3.81908
-3.81893
-3.81969
-3.81925
-3.82055
-3.82174
-3.82296
-3.82444
-3.82524
-3.8263
-3.8263
-3.82582
-3.82447
-3.82329
-3.82304
-3.82064
-3.82018
-3.82068
-3.8211
-3.82145
-3.82211
-3.82393
-3.82436
-3.82459
-3.82418
-3.82378
-3.82354
-3.82303
-3.82313
-3.8226
-3.82213
-3.8215
-3.82177
-3.82061
-3.82088
-3.82048
-3.82063
-3.82192
-3.82209
-3.82184
-3.82095
-3.8214
-3.82073
-3.81977
-3.82023
-3.81973
-3.82045
-3.82302
-3.82489
-3.82566
-3.82561
-3.82464
-3.82278
-3.82156
-3.82072
-3.81998
-3.82064
-3.82115
-3.82142
-3.821
-3.82117
-3.821
-3.82059
-3.82197
-3.82179
-3.82137
-3.8227
-3.82299
-3.82349
-3.82319
-3.82289
-3.82282
-3.82161
-3.82131
-3.82183
-3.82271
-3.82375
-3.82458
-3.82508
-3.82593
-3.82455
-3.82499
-3.82499
-3.82618
-3.82582
-3.82455
-3.82449
-3.82324
-3.82389
-3.82393
-3.82534
-3.8262
-3.82647
-3.82697
-3.82569
-3.82465
-3.82414
-3.82343
-3.82309
-3.82317
-3.82331
-3.82325
-3.82243
-3.82187
-3.82157
-3.82115
-3.82193
-3.82301
-3.82374
-3.82426
-3.82494
-3.82562
-3.82612
-3.82704
-3.82642
-3.827
-3.82757
-3.82717
-3.82681
-3.8252
-3.82533
-3.82495
-3.82464
-3.82407
-3.8241
-3.82502
-3.8254
-3.82646
-3.82583
-3.82629
-3.82674
-3.82664
-3.82572
-3.82579
-3.82488
-3.82315
-3.82276
-3.82188
-3.82141
-3.8212
-3.82141
-3.82281
-3.82295
-3.82329
-3.82301
-3.82427
-3.82387
-3.82345
-3.82294
-3.82314
-3.82372
-3.82372
-3.82452
-3.82371
-3.82253
-3.82277
-3.82199
-3.82131
-3.822
-3.82296
-3.8224
-3.82161
-3.82155
-3.82124
-3.81972
-3.82111
-3.82065
-3.82095
-3.82166
-3.82139
-3.82232
-3.82247
-3.82299
-3.82192
-3.82213
-3.82178
-3.82121
-3.82058
-3.82021
-3.82007
-3.8205
-3.82081
-3.82094
-3.82154
-3.8218
-3.8223
-3.82261
-3.82282
-3.82221
-3.82234
-3.82162
-3.82329
-3.82393
-3.82542
-3.82538
-3.82529
-3.82503
-3.82474
-3.82456
-3.82381
-3.8236
-3.82372
-3.82441
-3.82612
-3.82628
-3.82634
-3.82527
-3.82518
-3.82406
-3.82329
-3.82199
-3.82226
-3.82221
-3.82338
-3.82632
-3.82808
-3.82807
-3.82749
-3.82692
-3.82623
-3.8256
-3.82527
-3.82484
-3.82429
-3.82327
-3.82271
-3.82355
-3.82417
-3.82462
-3.82535
-3.82513
-3.82538
-3.82537
-3.82531
-3.82547
-3.82646
-3.82633
-3.82772
-3.82859
-3.8288
-3.82868
-3.82885
-3.82793
-3.82742
-3.82604
-3.82637
-3.82613
-3.82698
-3.82659
-3.82687
-3.82506
-3.82568
-3.82553
-3.82517
-3.82338
-3.82214
-3.82161
-3.82167
-3.82157
-3.82262
-3.82432
-3.82704
-3.82867
-3.83028
-3.83147
-3.82998
-3.8294
-3.8277
-3.82617
-3.82479
-3.82387
-3.8239
-3.82237
-3.82141
-3.82046
-3.82008
-3.82056
-3.81881
-3.81893
-3.81939
-3.82026
-3.82178
-3.82361
-3.8255
-3.82711
-3.82753
-3.82791
-3.82732
-3.82663
-3.82525
-3.82404
-3.82282
-3.82049
-3.81925
-3.81908
-3.81876
-3.81786
-3.81861
-3.81795
-3.81794
-3.81887
-3.8213
-3.82227
-3.82483
-3.82596
-3.82589
-3.82573
-3.82559
-3.8249
-3.82484
-3.82413
-3.82379
-3.82282
-3.82307
-3.82364
-3.82313
-3.82356
-3.82422
-3.82453
-3.82457
-3.82481
-3.82516
-3.82509
-3.82361
-3.82535
-3.82541
-3.82598
-3.82566
-3.82713
-3.82787
-3.82787
-3.82786
-3.82653
-3.82517
-3.82477
-3.82567
-3.82327
-3.8232
-3.82283
-3.82172
-3.82085
-3.82043
-3.81978
-3.8209
-3.82122
-3.82079
-3.82189
-3.82228
-3.82286
-3.82277
-3.82228
-3.82196
-3.82149
-3.82134
-3.8209
-3.82095
-3.82166
-3.82235
-3.82158
-3.82084
-3.82202
-3.8223
-3.82362
-3.82443
-3.8256
-3.82569
-3.82465
-3.82447
-3.82455
-3.82524
-3.82627
-3.82673
-3.82704
-3.82648
-3.82465
-3.82411
-3.82471
-3.82488
-3.82371
-3.82423
-3.82373
-3.82391
-3.82364
-3.82316
-3.8213
-3.82028
-3.81977
-3.8193
-3.81897
-3.81894
-3.81807
-3.81796
-3.81935
-3.82113
-3.82235
-3.82333
-3.82385
-3.82521
-3.82531
-3.82575
-3.82524
-3.82562
-3.82566
-3.82626
-3.82614
-3.82666
-3.82714
-3.82617
-3.82617
-3.82542
-3.8254
-3.82471
-3.82462
-3.82574
-3.8264
-3.82618
-3.82647
-3.82484
-3.82395
-3.82311
-3.82229
-3.82207
-3.82243
-3.82387
-3.82455
-3.8234
-3.82228
-3.82189
-3.82132
-3.82161
-3.82124
-3.82206
-3.82273
-3.82387
-3.82416
-3.82555
-3.82706
-3.8265
-3.82565
-3.8242
-3.82432
-3.82324
-3.82197
-3.8208
-3.81996
-3.82089
-3.8207
-3.82091
-3.8228
-3.82322
-3.82313
-3.82326
-3.82489
-3.82547
-3.82459
-3.82483
-3.82363
-3.82462
-3.82399
-3.82407
-3.82429
-3.82512
-3.82477
-3.82412
-3.82445
-3.82554
-3.82618
-3.82659
-3.82678
-3.82661
-3.82666
-3.82498
-3.82408
-3.8245
-3.82474
-3.82495
-3.82484
-3.82539
-3.82514
-3.82634
-3.82695
-3.82786
-3.8281
-3.82867
-3.82771
-3.82816
-3.8273
-3.82689
-3.8272
-3.82648
-3.82565
-3.82485
-3.82373
-3.82399
-3.82415
-3.82424
-3.82512
-3.8262
-3.82664
-3.82836
-3.8278
-3.8284
-3.82839
-3.82871
-3.82828
-3.82799
-3.82738
-3.82648
-3.826
-3.82466
-3.82371
-3.82408
-3.82316
-3.82405
-3.82436
-3.825
-3.82671
-3.82756
-3.82711
-3.82588
-3.82584
-3.82552
-3.82299
-3.82175
-3.82193
-3.82213
-3.82276
-3.82328
-3.82302
-3.82368
-3.82438
-3.82466
-3.82502
-3.82631
-3.82658
-3.82645
-3.82755
-3.82775
-3.82678
-3.82769
-3.82761
-3.82846
-3.82854
-3.8282
-3.82922
-3.82875
-3.82797
-3.82709
-3.82599
-3.82417
-3.82209
-3.82124
-3.82181
-3.82151
-3.82262
-3.82156
-3.82348
-3.82265
-3.82316
-3.82339
-3.82344
-3.82423
-3.82503
-3.82692
-3.82732
-3.82726
-3.82744
-3.82687
-3.82641
-3.82572
-3.82477
-3.82366
-3.82395
-3.8239
-3.82298
-3.82345
-3.82464
-3.82572
-3.82582
-3.82588
-3.82711
-3.82784
-3.82816
-3.82871
-3.8285
-3.82794
-3.82752
-3.82636
-3.82561
-3.82527
-3.82519
-3.82413
-3.82343
-3.8246
-3.8256
-3.82641
-3.82542
-3.82578
-3.82654
-3.82661
-3.82644
-3.82595
-3.82634
-3.82702
-3.82757
-3.82913
-3.8304
-3.83194
-3.83298
-3.8336
-3.83345
-3.83408
-3.83327
-3.83256
-3.83291
-3.83173
-3.8306
-3.82983
-3.82841
-3.8283
-3.82666
-3.82598
-3.82716
-3.82626
-3.8271
-3.82707
-3.82723
-3.82718
-3.82776
-3.8273
-3.82699
-3.82738
-3.8279
-3.82788
-3.8286
-3.82949
-3.82917
-3.82934
-3.82837
-3.82809
-3.82788
-3.82757
-3.82752
-3.8277
-3.82705
-3.82766
-3.82772
-3.82825
-3.82844
-3.82767
-3.8278
-3.82829
-3.82763
-3.8277
-3.82761
-3.82694
-3.82645
-3.82486
-3.82464
-3.82552
-3.82496
-3.82454
-3.82449
-3.82361
-3.82263
-3.82257
-3.82343
-3.82334
-3.82267
-3.8225
-3.82254
-3.823
-3.82207
-3.8224
-3.8233
-3.82554
-3.82591
-3.82702
-3.82671
-3.82554
-3.82465
-3.82337
-3.82287
-3.8213
-3.82111
-3.81986
-3.82108
-3.82219
-3.82182
-3.82413
-3.82495
-3.82416
-3.82383
-3.82372
-3.82332
-3.82213
-3.82247
-3.82324
-3.82196
-3.82171
-3.82127
-3.82012
-3.82071
-3.82131
-3.82259
-3.82409
-3.82431
-3.82525
-3.82577
-3.82577
-3.82528
-3.82461
-3.82448
-3.82452
-3.82329
-3.82263
-3.82293
-3.82295
-3.82396
-3.82319
-3.82381
-3.82445
-3.8238
-3.82331
-3.8239
-3.82393
-3.82374
-3.82316
-3.82268
-3.82241
-3.82233
-3.82356
-3.82442
-3.82541
-3.826
-3.82608
-3.82637
-3.82683
-3.82612
-3.82589
-3.82606
-3.82676
-3.82747
-3.82689
-3.82637
-3.82675
-3.82517
-3.82487
-3.82428
-3.82455
-3.82377
-3.82276
-3.82273
-3.82416
-3.82408
-3.8254
-3.82576
-3.82569
-3.8257
-3.82654
-3.82716
-3.82717
-3.8266
-3.82756
-3.82802
-3.82908
-3.82871
-3.82802
-3.82865
-3.82911
-3.82943
-3.83043
-3.82937
-3.82815
-3.82752
-3.82577
-3.82462
-3.82549
-3.82534
-3.82521
-3.8261
-3.82645
-3.82569
-3.82596
-3.8259
-3.82593
-3.82559
-3.82639
-3.82699
-3.82695
-3.82695
-3.82773
-3.82837
-3.82855
-3.82839
-3.82832
-3.82886
-3.82912
-3.82923
-3.82772
-3.82644
-3.82451
-3.82354
-3.82258
-3.82082
-3.81972
-3.8203
-3.81992
-3.82185
-3.82485
-3.82629
-3.82739
-3.82786
-3.82714
-3.82737
-3.8281
-3.8271
-3.82578
-3.82426
-3.82429
-3.82347
-3.82229
-3.82201
-3.82115
-3.82122
-3.82166
-3.82123
-3.82169
-3.82163
-3.8227
-3.8225
-3.82379
-3.82458
-3.82474
-3.82422
-3.82339
-3.82203
-3.82186
-3.8221
-3.82322
-3.82304
-3.8246
-3.82456
-3.82509
-3.82435
-3.82477
-3.82498
-3.82486
-3.82429
-3.82438
-3.82305
-3.82267
-3.82201
-3.8228
-3.82267
-3.82368
-3.82454
-3.82489
-3.82606
-3.82564
-3.82563
-3.82581
-3.82626
-3.82538
-3.82453
-3.82238
-3.82255
-3.82204
-3.82194
-3.82374
-3.8239
-3.82525
-3.82587
-3.82661
-3.82761
-3.82831
-3.82758
-3.82658
-3.82598
-3.82658
-3.82604
-3.82587
-3.82614
-3.82612
-3.82665
-3.8279
-3.82886
-3.82761
-3.8265
-3.82698
-3.82498
-3.82426
-3.82497
-3.82426
-3.82336
-3.82323
-3.82265
-3.82396
-3.82444
-3.82487
-3.82522
-3.82471
-3.82545
-3.82585
-3.82564
-3.82702
-3.82745
-3.82729
-3.82827
-3.82763
-3.82636
-3.82604
-3.82539
-3.82486
-3.8247
-3.82549
-3.8251
-3.8262
-3.82682
-3.82673
-3.8266
-3.82646
-3.82487
-3.82441
-3.82345
-3.82378
-3.82386
-3.82396
-3.82559
-3.82631
-3.82661
-3.8261
-3.82663
-3.82686
-3.82814
-3.8297
-3.83003
-3.83039
-3.83069
-3.83068
-3.83045
-3.82985
-3.82946
-3.82907
-3.82912
-3.8285
-3.82771
-3.82753
-3.82733
-3.82713
-3.82832
-3.82904
-3.82884
-3.82842
-3.82837
-3.82805
-3.82706
-3.82654
-3.82602
-3.82577
-3.82547
-3.82578
-3.82605
-3.82442
-3.82361
-3.82289
-3.82205
-3.82345
-3.82469
-3.82644
-3.8273
-3.8276
-3.82844
-3.82912
-3.83004
-3.82934
-3.82895
-3.82761
-3.82707
-3.82686
-3.82592
-3.82523
-3.82454
-3.82365
-3.82362
-3.82364
-3.82285
-3.82219
-3.82203
-3.82161
-3.82215
-3.82123
-3.82167
-3.82154
-3.82193
-3.8232
-3.82295
-3.82308
-3.82206
-3.82173
-3.82138
-3.82123
-3.82231
-3.82281
-3.8244
-3.8243
-3.82364
-3.82374
-3.82375
-3.82235
-3.8222
-3.82109
-3.82112
-3.81957
-3.81874
-3.8191
-3.81978
-3.82099
-3.82211
-3.82326
-3.82384
-3.82396
-3.82421
-3.82412
-3.82483
-3.82472
-3.82282
-3.82226
-3.82231
-3.82261
-3.82264
-3.82207
-3.82191
-3.81935
-3.81959
-3.81952
-3.82019
-3.82085
-3.82107
-3.82201
-3.82258
-3.82276
-3.82298
-3.82385
-3.82503
-3.82509
-3.82555
-3.82496
-3.82468
-3.82336
-3.82394
-3.82257
-3.82191
-3.82219
-3.82139
-3.82236
-3.82332
-3.82334
-3.82349
-3.8235
-3.82323
-3.82308
-3.82327
-3.8238
-3.82327
-3.82293
-3.82324
-3.82238
-3.82306
-3.82299
-3.82269
-3.82261
-3.8237
-3.82299
-3.82286
-3.82187
-3.82091
-3.82084
-3.81967
-3.82029
-3.82011
-3.82062
-3.82078
-3.82079
-3.82094
-3.82084
-3.82099
-3.82053
-3.82101
-3.82126
-3.82155
-3.82171
-3.82151
-3.82144
-3.82105
-3.82153
-3.82196
-3.8215
-3.82214
-3.82232
-3.82136
-3.82137
-3.82026
-3.82002
-3.82025
-3.82014
-3.82116
-3.82191
-3.82324
-3.82461
-3.82544
-3.82474
-3.82544
-3.82517
-3.8254
-3.82419
-3.82424
-3.82472
-3.82367
-3.82374
-3.82381
-3.82352
-3.82392
-3.82307
-3.823
-3.82242
-3.8219
-3.82208
-3.82244
-3.82297
-3.82375
-3.82301
-3.82337
-3.82376
-3.82362
-3.82314
-3.82316
-3.82328
-3.82373
-3.82367
-3.82532
-3.82563
-3.82634
-3.82745
-3.82844
-3.82817
-3.82759
-3.8272
-3.82598
-3.82467
-3.82466
-3.8237
-3.82403
-3.82322
-3.82394
-3.8237
-3.82326
-3.82268
-3.82276
-3.82375
-3.82378
-3.82408
-3.82461
-3.82443
-3.82559
-3.82828
-3.82853
-3.82896
-3.82855
-3.82847
-3.82843
-3.82816
-3.82836
-3.8291
-3.82952
-3.8294
-3.8294
-3.8291
-3.82845
-3.82807
-3.82831
-3.82833
-3.82683
-3.82519
-3.82432
-3.82405
-3.82328
-3.82243
-3.82228
-3.82215
-3.82356
-3.82421
-3.82711
-3.82557
-3.82607
-3.82636
-3.82618
-3.82551
-3.82516
-3.82627
-3.82698
-3.82674
-3.82564
-3.82493
-3.82438
-3.82388
-3.82343
-3.82572
-3.82618
-3.82684
-3.82774
-3.82802
-3.82794
-3.82808
-3.82744
-3.82671
-3.82554
-3.82573
-3.82581
-3.82674
-3.8282
-3.82982
-3.82915
-3.8299
-3.82932
-3.83013
-3.83055
-3.83199
-3.83198
-3.83193
-3.83012
-3.82874
-3.82797
-3.82634
-3.82493
-3.82249
-3.82301
-3.82337
-3.82524
-3.82589
-3.82746
-3.82853
-3.82886
-3.82731
-3.82659
-3.82508
-3.82507
-3.82571
-3.82702
-3.82704
-3.82845
-3.82844
-3.82767
-3.82763
-3.82745
-3.82804
-3.82669
-3.82718
-3.82692
-3.82671
-3.82773
-3.82807
-3.82945
-3.83117
-3.83166
-3.83186
-3.83232
-3.83174
-3.82976
-3.82862
-3.82834
-3.82845
-3.8277
-3.82754
-3.82669
-3.82612
-3.82668
-3.82672
-3.82572
-3.82529
-3.82538
-3.82625
-3.82741
-3.8282
-3.82904
-3.83035
-3.83
-3.82941
-3.82865
-3.82708
-3.82647
-3.82604
-3.82525
-3.82546
-3.82618
-3.82607
-3.82585
-3.82619
-3.82629
-3.82608
-3.82532
-3.82522
-3.82346
-3.82225
-3.82224
-3.8224
-3.82246
-3.82424
-3.82503
-3.82582
-3.82725
-3.82688
-3.82682
-3.82669
-3.82439
-3.82271
-3.8224
-3.82009
-3.81986
-3.8183
-3.81771
-3.81909
-3.82147
-3.82268
-3.82277
-3.82258
-3.82115
-3.82057
-3.81943
-3.81885
-3.81853
-3.81933
-3.81917
-3.81979
-3.82125
-3.82082
-3.82107
-3.82086
-3.82114
-3.82093
-3.81992
-3.81899
-3.81925
-3.81816
-3.81681
-3.81722
-3.81789
-3.81982
-3.82039
-3.82043
-3.82169
-3.82248
-3.82264
-3.82196
-3.82255
-3.82314
-3.82265
-3.82359
-3.8235
-3.82323
-3.8226
-3.82262
-3.82158
-3.8227
-3.8236
-3.82471
-3.82606
-3.82629
-3.82491
-3.82385
-3.82303
-3.82211
-3.82256
-3.82355
-3.82445
-3.82513
-3.82637
-3.82715
-3.82726
-3.82795
-3.82788
-3.82723
-3.82723
-3.82666
-3.82719
-3.82735
-3.82602
-3.82545
-3.82545
-3.82437
-3.82408
-3.82236
-3.822
-3.82173
-3.82296
-3.82379
-3.82442
-3.8252
-3.82442
-3.82378
-3.82369
-3.82276
-3.82275
-3.82096
-3.81996
-3.82053
-3.82299
-3.82364
-3.82438
-3.82481
-3.82563
-3.82508
-3.82504
-3.82341
-3.82382
-3.82515
-3.82478
-3.82415
-3.8231
-3.82308
-3.821
-3.82025
-3.82006
-3.82101
-3.82183
-3.82287
-3.82315
-3.82497
-3.82615
-3.82745
-3.8279
-3.82664
-3.82638
-3.82683
-3.82582
-3.82469
-3.82332
-3.82084
-3.81975
-3.81871
-3.81778
-3.81697
-3.81679
-3.81748
-3.81738
-3.81862
-3.81907
-3.81924
-3.81967
-3.82169
-3.82281
-3.82413
-3.82618
-3.82711
-3.82731
-3.82801
-3.82738
-3.82676
-3.82637
-3.82582
-3.82427
-3.82302
-3.82265
-3.82175
-3.82033
-3.82051
-3.82116
-3.8213
-3.82228
-3.82175
-3.82137
-3.82099
-3.82174
-3.82099
-3.82141
-3.82174
-3.82267
-3.82325
-3.82268
-3.82007
-3.81878
-3.81901
-3.8185
-3.81733
-3.8169
-3.81765
-3.81929
-3.82079
-3.82273
-3.82423
-3.82497
-3.82584
-3.82475
-3.8236
-3.82257
-3.82128
-3.81993
-3.81965
-3.82046
-3.82076
-3.82111
-3.82176
-3.8241
-3.82606
-3.82626
-3.82674
-3.82591
-3.82495
-3.82372
-3.82338
-3.82285
-3.82192
-3.82159
-3.82191
-3.82193
-3.82322
-3.82443
-3.82678
-3.82721
-3.82698
-3.82695
-3.82706
-3.82658
-3.82579
-3.82457
-3.8246
-3.82399
-3.8232
-3.82478
-3.82597
-3.82551
-3.82463
-3.82374
-3.82283
-3.8209
-3.81991
-3.81962
-3.81941
-3.81911
-3.81951
-3.81938
-3.81935
-3.81934
-3.81913
-3.8195
-3.81782
-3.8177
-3.81799
-3.81885
-3.8188
-3.81914
-3.81939
-3.81964
-3.82023
-3.82045
-3.82021
-3.82133
-3.82159
-3.82084
-3.8203
-3.81977
-3.81936
-3.81869
-3.81884
-3.81832
-3.81885
-3.81937
-3.81919
-3.81858
-3.81854
-3.8179
-3.81743
-3.81826
-3.81752
-3.8177
-3.81958
-3.81975
-3.81962
-3.8206
-3.82023
-3.82049
-3.82052
-3.82103
-3.82158
-3.82015
-3.81842
-3.81747
-3.81798
-3.81736
-3.81739
-3.81854
-3.81871
-3.81884
-3.8189
-3.81907
-3.81882
-3.81894
-3.81913
-3.81861
-3.81852
-3.81928
-3.81864
-3.81885
-3.81917
-3.82051
-3.81937
-3.81958
-3.82077
-3.82162
-3.82256
-3.82305
-3.82257
-3.82143
-3.82065
-3.8202
-3.82041
-3.82105
-3.82128
-3.82181
-3.82211
-3.82197
-3.82338
-3.82441
-3.82526
-3.82589
-3.82655
-3.82499
-3.82443
-3.8234
-3.82063
-3.8198
-3.81939
-3.81939
-3.81939
-3.82033
-3.82176
-3.8227
-3.82287
-3.82273
-3.82291
-3.82356
-3.82452
-3.8254
-3.82704
-3.82758
-3.82598
-3.82539
-3.82347
-3.82328
-3.82291
-3.82357
-3.82178
-3.82195
-3.82215
-3.82263
-3.82256
-3.82265
-3.8241
-3.82318
-3.82406
-3.82346
-3.82362
-3.82382
-3.82308
-3.82232
-3.82183
-3.8215
-3.82255
-3.82213
-3.82191
-3.82195
-3.82184
-3.82172
-3.82022
-3.81978
-3.82055
-3.82094
-3.82156
-3.82231
-3.82243
-3.82348
-3.82398
-3.82462
-3.82512
-3.82582
-3.82522
-3.82531
-3.82393
-3.82312
-3.82184
-3.82217
-3.82148
-3.8216
-3.82282
-3.82428
-3.82455
-3.82662
-3.82722
-3.82765
-3.8284
-3.82741
-3.82893
-3.82892
-3.82933
-3.82936
-3.82974
-3.82846
-3.82827
-3.82668
-3.82518
-3.82389
-3.82355
-3.82312
-3.82322
-3.82317
-3.82303
-3.82281
-3.82296
-3.8238
-3.8239
-3.82487
-3.8244
-3.82462
-3.82416
-3.82415
-3.82462
-3.82479
-3.82445
-3.82478
-3.82487
-3.82572
-3.82505
-3.82455
-3.82605
-3.82649
-3.82721
-3.82779
-3.82821
-3.82899
-3.82936
-3.82904
-3.82882
-3.82857
-3.82796
-3.82775
-3.82846
-3.82766
-3.82743
-3.82777
-3.82721
-3.82732
-3.82804
-3.82761
-3.827
-3.82653
-3.82502
-3.82454
-3.82354
-3.82399
-3.82363
-3.82462
-3.82553
-3.82707
-3.82822
-3.82806
-3.82789
-3.82864
-3.82729
-3.82613
-3.82593
-3.8254
-3.82514
-3.82502
-3.82458
-3.82488
-3.82489
-3.82462
-3.82526
-3.82449
-3.82325
-3.82411
-3.82541
-3.82631
-3.82699
-3.82783
-3.82743
-3.8282
-3.82813
-3.82736
-3.82591
-3.82485
-3.82497
-3.8251
-3.82446
-3.82466
-3.82403
-3.8246
-3.82353
-3.82324
-3.82337
-3.82383
-3.82528
-3.82553
-3.82506
-3.82487
-3.82359
-3.82297
-3.8222
-3.82144
-3.82193
-3.8218
-3.82227
-3.82097
-3.82058
-3.82056
-3.82021
-3.82029
-3.82099
-3.82077
-3.82114
-3.82082
-3.82268
-3.82396
-3.82401
-3.82335
-3.82255
-3.82345
-3.82352
-3.82376
-3.82364
-3.82358
-3.82359
-3.82313
-3.82345
-3.82361
-3.82393
-3.82444
-3.825
-3.8258
-3.82542
-3.82554
-3.82633
-3.82796
-3.82844
-3.82859
-3.82801
-3.82876
-3.82913
-3.82875
-3.82748
-3.82647
-3.82595
-3.82538
-3.82535
-3.82438
-3.82571
-3.82674
-3.82892
-3.82957
-3.82938
-3.82923
-3.82957
-3.82879
-3.82814
-3.82779
-3.82669
-3.82689
-3.82709
-3.82641
-3.82581
-3.8252
-3.8253
-3.826
-3.82627
-3.82809
-3.82926
-3.83012
-3.83028
-3.83148
-3.82969
-3.82944
-3.82747
-3.82797
-3.82656
-3.8252
-3.82525
-3.82536
-3.82547
-3.82715
-3.82754
-3.82926
-3.82903
-3.82944
-3.8291
-3.82867
-3.8268
-3.82615
-3.82561
-3.8246
-3.82416
-3.82345
-3.82232
-3.82144
-3.82102
-3.82
-3.81866
-3.81895
-3.81808
-3.81886
-3.8197
-3.82005
-3.82065
-3.82132
-3.82218
-3.82253
-3.82281
-3.8237
-3.82518
-3.82617
-3.82558
-3.82559
-3.82653
-3.82711
-3.82681
-3.82793
-3.8289
-3.8296
-3.83022
-3.82968
-3.83078
-3.82967
-3.82957
-3.82743
-3.82662
-3.82737
-3.82738
-3.82708
-3.82652
-3.82779
-3.82838
-3.82849
-3.82761
-3.82787
-3.82694
-3.82615
-3.82646
-3.82554
-3.82557
-3.82527
-3.82576
-3.82532
-3.8258
-3.82621
-3.82719
-3.82786
-3.82816
-3.82748
-3.8277
-3.8277
-3.82923
-3.82851
-3.82672
-3.82588
-3.82524
-3.82452
-3.82395
-3.82352
-3.82388
-3.82371
-3.82388
-3.82478
-3.82665
-3.82729
-3.82767
-3.82686
-3.82721
-3.8268
-3.8263
-3.82572
-3.82584
-3.82511
-3.82608
-3.82571
-3.82661
-3.8264
-3.827
-3.82738
-3.82828
-3.82816
-3.82943
-3.82879
-3.8288
-3.82801
-3.82646
-3.82584
-3.82637
-3.82647
-3.82726
-3.82754
-3.8288
-3.82855
-3.82807
-3.82834
-3.8296
-3.82954
-3.8295
-3.8296
-3.82955
-3.82962
-3.82854
-3.82856
-3.82756
-3.82782
-3.82805
-3.82744
-3.82725
-3.82772
-3.82721
-3.82769
-3.82716
-3.82552
-3.82484
-3.8239
-3.82323
-3.82219
-3.82177
-3.82345
-3.82517
-3.82581
-3.82581
-3.82628
-3.82804
-3.82714
-3.82636
-3.82678
-3.8273
-3.82711
-3.82721
-3.8266
-3.82503
-3.82419
-3.82333
-3.82419
-3.82343
-3.8229
-3.82317
-3.82292
-3.82289
-3.8236
-3.82343
-3.82279
-3.82291
-3.82432
-3.82542
-3.82545
-3.82471
-3.82349
-3.82317
-3.82329
-3.8245
-3.82453
-3.8245
-3.82422
-3.82374
-3.82403
-3.82384
-3.82468
-3.82505
-3.82443
-3.82443
-3.82392
-3.82336
-3.82307
-3.82452
-3.82467
-3.82432
-3.82514
-3.82436
-3.82466
-3.82534
-3.82579
-3.8262
-3.82688
-3.82608
-3.82633
-3.82406
-3.82055
-3.81966
-3.81911
-3.81847
-3.81814
-3.81764
-3.81912
-3.82072
-3.8219
-3.82234
-3.82411
-3.82432
-3.82405
-3.82368
-3.82399
-3.8241
-3.82352
-3.82301
-3.82173
-3.82169
-3.82052
-3.82063
-3.82004
-3.82035
-3.82015
-3.82026
-3.82043
-3.82162
-3.82203
-3.82356
-3.82398
-3.82433
-3.82436
-3.82303
-3.82216
-3.82133
-3.82207
-3.82203
-3.8229
-3.82499
-3.82701
-3.82699
-3.82537
-3.8235
-3.82233
-3.82359
-3.82342
-3.82394
-3.82302
-3.82264
-3.82244
-3.82229
-3.82245
-3.82174
-3.8217
-3.82226
-3.82216
-3.82283
-3.82285
-3.82341
-3.82383
-3.82455
-3.82549
-3.8258
-3.82625
-3.82687
-3.82684
-3.82744
-3.82755
-3.82653
-3.82702
-3.82674
-3.82619
-3.82714
-3.82734
-3.82741
-3.82656
-3.82541
-3.82508
-3.82442
-3.825
-3.8255
-3.82582
-3.82557
-3.8247
-3.824
-3.8241
-3.82437
-3.82402
-3.82301
-3.8233
-3.82299
-3.8237
-3.8231
-3.82329
-3.82381
-3.8233
-3.82232
-3.82185
-3.8212
-3.82237
-3.82183
-3.82096
-3.8215
-3.82225
-3.82202
-3.82237
-3.82339
-3.82378
-3.8227
-3.82164
-3.82187
-3.8211
-3.82062
-3.82138
-3.82027
-3.82004
-3.81888
-3.81912
-3.8193
-3.81947
-3.81852
-3.8186
-3.818
-3.81782
-3.81765
-3.81897
-3.81973
-3.82084
-3.82118
-3.82191
-3.82174
-3.82324
-3.82282
-3.82308
-3.8238
-3.82434
-3.82367
-3.82316
-3.82333
-3.82319
-3.82326
-3.82366
-3.82352
-3.82306
-3.82307
-3.82236
-3.82234
-3.82289
-3.82287
-3.82322
-3.82314
-3.82384
-3.82414
-3.8263
-3.82762
-3.82811
-3.828
-3.82786
-3.82743
-3.82836
-3.82832
-3.82814
-3.82867
-3.8271
-3.82677
-3.82681
-3.82616
-3.82491
-3.8249
-3.82545
-3.82495
-3.82539
-3.82606
-3.82766
-3.82697
-3.82608
-3.82588
-3.82572
-3.82591
-3.82545
-3.82475
-3.8255
-3.8256
-3.82551
-3.82486
-3.82417
-3.82427
-3.82435
-3.82455
-3.82443
-3.82514
-3.82543
-3.82568
-3.82554
-3.82483
-3.82446
-3.82325
-3.82307
-3.82356
-3.82269
-3.82196
-3.82254
-3.82246
-3.82315
-3.82258
-3.82226
-3.82394
-3.82534
-3.82645
-3.82738
-3.82691
-3.82794
-3.82708
-3.82688
-3.8267
-3.82625
-3.8264
-3.82526
-3.82494
-3.82323
-3.82271
-3.82221
-3.82224
-3.8229
-3.82366
-3.82523
-3.82666
-3.82775
-3.82889
-3.82761
-3.82728
-3.82692
-3.82515
-3.82531
-3.8256
-3.82487
-3.82516
-3.82629
-3.82708
-3.8275
-3.82865
-3.82898
-3.83009
-3.83044
-3.82984
-3.82863
-3.82859
-3.82862
-3.82825
-3.82725
-3.82773
-3.82711
-3.82617
-3.82578
-3.82592
-3.82597
-3.82572
-3.82626
-3.82744
-3.82783
-3.82734
-3.82801
-3.82836
-3.82804
-3.82727
-3.8271
-3.82575
-3.82588
-3.82628
-3.8272
-3.82614
-3.82715
-3.82798
-3.82728
-3.82807
-3.82743
-3.82759
-3.82816
-3.82801
-3.82838
-3.8279
-3.82663
-3.82677
-3.82711
-3.82775
-3.8275
-3.8264
-3.82621
-3.82459
-3.8246
-3.82467
-3.82499
-3.82527
-3.825
-3.82636
-3.82739
-3.82729
-3.82819
-3.82747
-3.82661
-3.82669
-3.82664
-3.8273
-3.82725
-3.82757
-3.82709
-3.82671
-3.82578
-3.82579
-3.82509
-3.82572
-3.82534
-3.8256
-3.82501
-3.825
-3.82516
-3.82433
-3.82559
-3.82481
-3.82444
-3.82395
-3.82351
-3.82333
-3.82363
-3.82449
-3.82572
-3.8265
-3.82681
-3.82614
-3.82498
-3.82487
-3.8246
-3.82464
-3.82499
-3.82312
-3.82278
-3.82351
-3.82378
-3.8237
-3.82242
-3.8227
-3.82188
-3.82123
-3.82146
-3.8226
-3.82362
-3.82305
-3.82255
-3.82546
-3.82514
-3.82469
-3.82415
-3.82328
-3.82193
-3.82076
-3.82156
-3.82172
-3.82139
-3.82177
-3.82196
-3.82191
-3.82177
-3.82224
-3.82253
-3.82345
-3.82469
-3.82447
-3.82587
-3.82741
-3.82788
-3.82703
-3.82728
-3.82713
-3.82707
-3.82678
-3.82562
-3.82483
-3.82505
-3.8249
-3.82412
-3.82266
-3.82292
-3.82211
-3.82155
-3.82104
-3.82218
-3.82298
-3.82412
-3.82412
-3.82323
-3.82378
-3.8245
-3.82404
-3.8254
-3.82504
-3.82468
-3.82439
-3.82505
-3.82526
-3.82723
-3.82885
-3.83029
-3.82977
-3.83079
-3.83074
-3.83008
-3.82825
-3.82749
-3.82709
-3.82618
-3.8267
-3.82724
-3.82786
-3.82907
-3.82865
-3.82814
-3.82875
-3.82836
-3.82743
-3.82649
-3.82636
-3.8249
-3.82434
-3.82467
-3.82421
-3.82453
-3.82497
-3.82534
-3.82729
-3.82807
-3.83005
-3.83017
-3.82954
-3.82897
-3.82627
-3.82491
-3.82395
-3.82273
-3.82218
-3.82276
-3.82228
-3.82309
-3.82438
-3.82469
-3.82392
-3.82453
-3.82428
-3.8246
-3.82457
-3.82426
-3.82503
-3.82561
-3.82525
-3.82365
-3.82287
-3.82336
-3.82304
-3.82372
-3.8238
-3.82421
-3.82509
-3.82549
-3.82618
-3.82629
-3.8263
-3.82628
-3.82635
-3.82559
-3.8247
-3.82462
-3.82496
-3.82607
-3.82433
-3.82415
-3.82439
-3.82439
-3.82467
-3.82456
-3.82464
-3.82503
-3.82689
-3.82786
-3.82777
-3.82832
-3.82902
-3.82846
-3.82683
-3.82547
-3.82568
-3.82511
-3.82384
-3.82285
-3.82305
-3.82325
-3.82439
-3.8248
-3.82722
-3.82795
-3.82732
-3.82713
-3.82729
-3.82701
-3.82815
-3.82869
-3.82853
-3.82954
-3.82957
-3.82927
-3.82869
-3.82826
-3.82811
-3.82807
-3.82725
-3.82723
-3.82553
-3.82475
-3.82484
-3.82448
-3.82428
-3.82396
-3.82427
-3.82364
-3.82306
-3.82276
-3.82269
-3.82281
-3.82379
-3.82446
-3.82499
-3.82584
-3.82581
-3.82525
-3.82355
-3.82259
-3.82209
-3.82311
-3.82316
-3.82414
-3.82478
-3.82444
-3.82516
-3.8254
-3.82664
-3.82703
-3.8275
-3.82708
-3.82719
-3.82709
-3.82801
-3.82735
-3.82781
-3.82884
-3.82812
-3.82782
-3.82789
-3.82746
-3.82826
-3.82873
-3.82954
-3.82957
-3.82982
-3.83123
-3.83233
-3.83351
-3.83246
-3.83246
-3.8316
-3.83056
-3.82949
-3.82854
-3.82794
-3.82766
-3.82772
-3.82642
-3.82675
-3.82623
-3.82716
-3.82824
-3.82882
-3.82895
-3.83049
-3.83067
-3.831
-3.83177
-3.83186
-3.83183
-3.83149
-3.83101
-3.83039
-3.82936
-3.82983
-3.82914
-3.82796
-3.8285
-3.82742
-3.82661
-3.82652
-3.82606
-3.82515
-3.82682
-3.82752
-3.82767
-3.82699
-3.82754
-3.82802
-3.82813
-3.82819
-3.82773
-3.82719
-3.82717
-3.8263
-3.82576
-3.82646
-3.82796
-3.82915
-3.8298
-3.83
-3.83002
-3.82789
-3.82762
-3.82661
-3.82628
-3.82597
-3.82678
-3.82769
-3.82841
-3.82837
-3.8294
-3.82979
-3.83004
-3.82993
-3.829
-3.8289
-3.82688
-3.82543
-3.82565
-3.82472
-3.82407
-3.82503
-3.82463
-3.82497
-3.82612
-3.82694
-3.82674
-3.82577
-3.82589
-3.82562
-3.82529
-3.82403
-3.82421
-3.82383
-3.82306
-3.82338
-3.82437
-3.8245
-3.82497
-3.82572
-3.82562
-3.8248
-3.82468
-3.8233
-3.82329
-3.8224
-3.82294
-3.82227
-3.82137
-3.82003
-3.82016
-3.82048
-3.82054
-3.82177
-3.82281
-3.82434
-3.82491
-3.82641
-3.82687
-3.82812
-3.82755
-3.82749
-3.82641
-3.82579
-3.82522
-3.82569
-3.82521
-3.82487
-3.82541
-3.82491
-3.82581
-3.82637
-3.82634
-3.82623
-3.8263
-3.82511
-3.82524
-3.82445
-3.82449
-3.82421
-3.8241
-3.82384
-3.82254
-3.82255
-3.82362
-3.82513
-3.82599
-3.82652
-3.8264
-3.82675
-3.82724
-3.8273
-3.8271
-3.82843
-3.82809
-3.82958
-3.82926
-3.82944
-3.82924
-3.82978
-3.8308
-3.83183
-3.83211
-3.83259
-3.83309
-3.83347
-3.83178
-3.82914
-3.82769
-3.82758
-3.82706
-3.82694
-3.82743
-3.82776
-3.82839
-3.82841
-3.82988
-3.8297
-3.82881
-3.82711
-3.82653
-3.82656
-3.8257
-3.82623
-3.82691
-3.8283
-3.82802
-3.82832
-3.82843
-3.829
-3.82988
-3.82948
-3.82903
-3.82958
-3.82814
-3.82719
-3.82738
-3.82772
-3.82744
-3.8272
-3.82721
-3.82618
-3.82445
-3.82304
-3.82169
-3.82061
-3.82003
-3.81932
-3.81917
-3.81929
-3.81962
-3.82141
-3.82136
-3.82152
-3.82102
-3.82164
-3.82057
-3.82162
-3.82136
-3.8216
-3.8233
-3.8238
-3.82449
-3.82502
-3.8255
-3.8248
-3.82488
-3.82445
-3.82436
-3.82418
-3.82329
-3.82224
-3.8214
-3.82114
-3.81981
-3.81944
-3.81952
-3.81979
-3.82063
-3.82079
-3.82236
-3.82212
-3.82463
-3.82495
-3.82643
-3.82804
-3.82873
-3.82926
-3.82867
-3.82793
-3.82728
-3.82616
-3.82515
-3.82523
-3.8249
-3.82444
-3.82372
-3.824
-3.82468
-3.82527
-3.82503
-3.82598
-3.82551
-3.82512
-3.82628
-3.82737
-3.82786
-3.8279
-3.82829
-3.82696
-3.82681
-3.82461
-3.82324
-3.82292
-3.82192
-3.82188
-3.82184
-3.82244
-3.82171
-3.82219
-3.82312
-3.82315
-3.82225
-3.82198
-3.82243
-3.82208
-3.82252
-3.82243
-3.82111
-3.82033
-3.81996
-3.81895
-3.81938
-3.81977
-3.82087
-3.81983
-3.82027
-3.82119
-3.82334
-3.82431
-3.82382
-3.82426
-3.82401
-3.82384
-3.82314
-3.82173
-3.82129
-3.82168
-3.82188
-3.82285
-3.82296
-3.82395
-3.823
-3.8237
-3.82353
-3.82235
-3.82299
-3.82335
-3.82358
-3.8231
-3.82257
-3.82218
-3.82161
-3.82154
-3.82127
-3.82155
-3.82354
-3.82509
-3.82614
-3.82579
-3.82574
-3.82421
-3.82418
-3.82435
-3.82349
-3.82325
-3.82338
-3.82325
-3.82286
-3.82307
-3.82305
-3.82334
-3.82282
-3.8226
-3.82388
-3.82543
-3.82593
-3.82648
-3.82592
-3.82613
-3.8258
-3.82543
-3.82423
-3.82343
-3.82383
-3.82351
-3.82347
-3.82215
-3.82238
-3.82201
-3.82206
-3.82174
-3.82294
-3.82326
-3.82404
-3.82515
-3.82541
-3.82533
-3.82318
-3.82206
-3.82204
-3.82191
-3.82314
-3.82351
-3.82418
-3.82493
-3.82454
-3.82461
-3.82423
-3.82321
-3.8228
-3.82322
-3.82407
-3.82459
-3.82591
-3.82576
-3.82557
-3.82601
-3.8263
-3.82492
-3.8246
-3.82531
-3.8262
-3.82924
-3.83063
-3.83112
-3.83123
-3.83028
-3.82861
-3.82711
-3.82582
-3.82528
-3.82455
-3.82516
-3.82663
-3.82748
-3.8274
-3.82787
-3.82805
-3.82778
-3.82763
-3.82586
-3.82412
-3.82416
-3.82397
-3.82309
-3.82377
-3.82469
-3.82667
-3.82827
-3.82933
-3.82998
-3.83067
-3.83089
-3.83125
-3.82957
-3.82862
-3.82792
-3.82602
-3.82529
-3.82476
-3.82499
-3.82593
-3.82571
-3.82625
-3.82549
-3.82558
-3.82487
-3.82392
-3.82256
-3.82231
-3.8227
-3.82337
-3.82258
-3.82282
-3.82324
-3.82303
-3.82298
-3.82264
-3.82072
-3.8196
-3.81887
-3.82002
-3.82023
-3.82137
-3.82146
-3.82251
-3.82453
-3.82583
-3.82571
-3.82641
-3.82597
-3.82575
-3.82606
-3.82569
-3.82559
-3.82568
-3.82575
-3.82529
-3.82529
-3.82518
-3.82492
-3.82517
-3.82511
-3.82432
-3.82387
-3.82439
-3.82549
-3.82626
-3.82774
-3.82751
-3.82843
-3.82909
-3.82921
-3.82881
-3.82677
-3.82669
-3.82687
-3.82568
-3.82486
-3.82573
-3.82559
-3.82699
-3.82725
-3.82789
-3.82819
-3.827
-3.82612
-3.82504
-3.82544
-3.82491
-3.82401
-3.82506
-3.82468
-3.82398
-3.82391
-3.82425
-3.82455
-3.82581
-3.82551
-3.82485
-3.82462
-3.82514
-3.82477
-3.82457
-3.82468
-3.82383
-3.82481
-3.82648
-3.82621
-3.82461
-3.82475
-3.82322
-3.8238
-3.82388
-3.82456
-3.82518
-3.82481
-3.82458
-3.82501
-3.82559
-3.82778
-3.82822
-3.82841
-3.82809
-3.82854
-3.82758
-3.82636
-3.82573
-3.82436
-3.82433
-3.8239
-3.82249
-3.82355
-3.8238
-3.82266
-3.82267
-3.82392
-3.82465
-3.82661
-3.82821
-3.82945
-3.83029
-3.83148
-3.83179
-3.83104
-3.8312
-3.83028
-3.8294
-3.82802
-3.82754
-3.8278
-3.82692
-3.82751
-3.82811
-3.82863
-3.82855
-3.82841
-3.82855
-3.82868
-3.82776
-3.82704
-3.8257
-3.82495
-3.82348
-3.82237
-3.8206
-3.81975
-3.81929
-3.81911
-3.81749
-3.81749
-3.81777
-3.81913
-3.82107
-3.82379
-3.82598
-3.82726
-3.82724
-3.82772
-3.82882
-3.82833
-3.82842
-3.82773
-3.82617
-3.82523
-3.8252
-3.82544
-3.82482
-3.82473
-3.82381
-3.82386
-3.82251
-3.82188
-3.82118
-3.82068
-3.81958
-3.81984
-3.81988
-3.82136
-3.82387
-3.82471
-3.82621
-3.82565
-3.82529
-3.82477
-3.82389
-3.82357
-3.82365
-3.82273
-3.82293
-3.82298
-3.82397
-3.82426
-3.82375
-3.82315
-3.82409
-3.82262
-3.82294
-3.82328
-3.8236
-3.82283
-3.82341
-3.82256
-3.82296
-3.82297
-3.82318
-3.82332
-3.82478
-3.82691
-3.82773
-3.82831
-3.82773
-3.82695
-3.82714
-3.82665
-3.82661
-3.82583
-3.82533
-3.82464
-3.82439
-3.82486
-3.8245
-3.8242
-3.82327
-3.8229
-3.82334
-3.82379
-3.82412
-3.82427
-3.82394
-3.82452
-3.82451
-3.82373
-3.82332
-3.82275
-3.82283
-3.82265
-3.82247
-3.82396
-3.82423
-3.82429
-3.82465
-3.82516
-3.82504
-3.82631
-3.82476
-3.82474
-3.82434
-3.8226
-3.82192
-3.82119
-3.8202
-3.81999
-3.82086
-3.82283
-3.82342
-3.82332
-3.823
-3.82335
-3.82278
-3.82243
-3.8228
-3.82229
-3.82106
-3.82204
-3.82189
-3.82229
-3.82174
-3.82252
-3.82232
-3.82216
-3.82292
-3.82341
-3.82411
-3.82512
-3.82507
-3.82438
-3.82447
-3.82404
-3.82579
-3.82593
-3.82735
-3.82731
-3.8265
-3.82697
-3.8255
-3.82517
-3.82484
-3.82455
-3.82405
-3.82482
-3.82565
-3.82642
-3.82629
-3.82553
-3.8249
-3.8249
-3.82494
-3.8249
-3.82538
-3.82723
-3.82745
-3.82762
-3.82764
-3.82839
-3.82834
-3.82885
-3.82886
-3.82891
-3.82874
-3.82865
-3.82809
-3.82692
-3.82618
-3.8256
-3.82564
-3.82522
-3.82397
-3.82325
-3.82316
-3.82383
-3.82442
-3.82577
-3.82556
-3.82468
-3.82401
-3.82216
-3.82158
-3.82203
-3.82263
-3.82294
-3.82426
-3.82515
-3.82492
-3.82649
-3.82655
-3.82559
-3.82508
-3.82522
-3.82594
-3.82545
-3.82535
-3.825
-3.82548
-3.8247
-3.82341
-3.82299
-3.82268
-3.8233
-3.82413
-3.82384
-3.82466
-3.82494
-3.82377
-3.82335
-3.82371
-3.82303
-3.82233
-3.82196
-3.82246
-3.82214
-3.82237
-3.82223
-3.82311
-3.82319
-3.82312
-3.82359
-3.82309
-3.82259
-3.82213
-3.82272
-3.82328
-3.82301
-3.82223
-3.82296
-3.82418
-3.82524
-3.82679
-3.82777
-3.82793
-3.82613
-3.82548
-3.82464
-3.82353
-3.82383
-3.82341
-3.82492
-3.82607
-3.82611
-3.82605
-3.82574
-3.82553
-3.82492
-3.82439
-3.82434
-3.82346
-3.82344
-3.8236
-3.82264
-3.82246
-3.82327
-3.82418
-3.82392
-3.82427
-3.82427
-3.82297
-3.82363
-3.82507
-3.82432
-3.82296
-3.82271
-3.82295
-3.82186
-3.82153
-3.82144
-3.82118
-3.82223
-3.82228
-3.82321
-3.82302
-3.82352
-3.82431
-3.82494
-3.82443
-3.82532
-3.82653
-3.82701
-3.82686
-3.82686
-3.82773
-3.82765
-3.82874
-3.82768
-3.82774
-3.82741
-3.82808
-3.82887
-3.82865
-3.82974
-3.83054
-3.82946
-3.82952
-3.82821
-3.82713
-3.82703
-3.82623
-3.82656
-3.82873
-3.82897
-3.82868
-3.82879
-3.82771
-3.82629
-3.82419
-3.82352
-3.82272
-3.82223
-3.82274
-3.82314
-3.82321
-3.82391
-3.82567
-3.82577
-3.82424
-3.82364
-3.82296
-3.82243
-3.82207
-3.82365
-3.8249
-3.8259
-3.82646
-3.82743
-3.82688
-3.8267
-3.8252
-3.82459
-3.82419
-3.82477
-3.82485
-3.8237
-3.82287
-3.82319
-3.82338
-3.823
-3.82261
-3.82089
-3.81991
-3.82068
-3.81955
-3.81872
-3.81971
-3.81966
-3.82029
-3.82159
-3.82242
-3.82415
-3.8256
-3.82605
-3.82687
-3.82825
-3.82707
-3.82603
-3.82558
-3.82421
-3.82238
-3.82197
-3.82089
-3.82021
-3.81979
-3.82061
-3.82097
-3.821
-3.82196
-3.82131
-3.82251
-3.82277
-3.82281
-3.82366
-3.82455
-3.82429
-3.82355
-3.82329
-3.82355
-3.82241
-3.82224
-3.82121
-3.82074
-3.82038
-3.81977
-3.82049
-3.82151
-3.82211
-3.82379
-3.82462
-3.82522
-3.82566
-3.82464
-3.82413
-3.82301
-3.82173
-3.82192
-3.82147
-3.82225
-3.82214
-3.82125
-3.82063
-3.82142
-3.82128
-3.81991
-3.81986
-3.81918
-3.81919
-3.81952
-3.82025
-3.82114
-3.82218
-3.8243
-3.82448
-3.8253
-3.82636
-3.82572
-3.82553
-3.82537
-3.82544
-3.82515
-3.82572
-3.82431
-3.82584
-3.82513
-3.82501
-3.8257
-3.82453
-3.82473
-3.82415
-3.82296
-3.82254
-3.82187
-3.82086
-3.82112
-3.82164
-3.82096
-3.82002
-3.82064
-3.81937
-3.81915
-3.81857
-3.81809
-3.81765
-3.81782
-3.81868
-3.81954
-3.82019
-3.82069
-3.82101
-3.82095
-3.82067
-3.82116
-3.82019
-3.82014
-3.81995
-3.82025
-3.81976
-3.82089
-3.82167
-3.82286
-3.82177
-3.82143
-3.81992
-3.8196
-3.81962
-3.81897
-3.82003
-3.82043
-3.8215
-3.82085
-3.82209
-3.82328
-3.82236
-3.82276
-3.82365
-3.82368
-3.82293
-3.823
-3.82252
-3.82229
-3.82189
-3.82165
-3.82159
-3.82091
-3.82089
-3.82137
-3.82126
-3.82238
-3.82213
-3.82218
-3.82268
-3.82259
-3.82291
-3.82233
-3.82148
-3.82161
-3.8201
-3.82013
-3.82039
-3.82051
-3.82119
-3.82127
-3.82139
-3.82111
-3.82167
-3.82226
-3.82254
-3.82278
-3.82227
-3.82202
-3.82253
-3.82181
-3.82156
-3.82089
-3.82021
-3.82066
-3.81939
-3.81866
-3.82032
-3.82167
-3.82272
-3.82218
-3.82221
-3.82261
-3.82248
-3.8211
-3.82039
-3.82103
-3.81974
-3.81988
-3.81919
-3.81964
-3.81895
-3.81844
-3.82016
-3.82037
-3.81915
-3.81986
-3.8193
-3.82044
-3.82104
-3.82067
-3.82033
-3.82007
-3.82098
-3.82157
-3.82307
-3.82446
-3.82446
-3.82381
-3.82221
-3.8212
-3.81971
-3.81895
-3.81803
-3.81874
-3.81883
-3.82001
-3.81988
-3.81992
-3.82159
-3.82217
-3.82142
-3.82124
-3.82079
-3.82091
-3.82087
-3.82023
-3.81903
-3.82056
-3.82032
-3.82036
-3.81989
-3.81962
-3.81988
-3.82068
-3.82189
-3.82264
-3.82258
-3.82245
-3.82309
-3.82205
-3.82235
-3.82224
-3.82264
-3.82254
-3.82225
-3.82318
-3.82304
-3.82197
-3.82217
-3.82295
-3.82276
-3.82241
-3.82142
-3.82105
-3.82053
-3.82089
-3.81992
-3.8199
-3.81972
-3.81923
-3.81917
-3.82031
-3.82092
-3.82164
-3.82242
-3.82307
-3.82348
-3.82209
-3.82146
-3.8214
-3.8212
-3.82032
-3.82033
-3.81995
-3.81934
-3.81941
-3.81952
-3.82004
-3.82125
-3.82169
-3.82226
-3.82043
-3.81906
-3.81882
-3.81872
-3.8187
-3.81879
-3.81846
-3.81878
-3.81878
-3.81862
-3.81935
-3.81926
-3.82001
-3.82098
-3.8219
-3.82286
-3.8231
-3.82227
-3.82125
-3.8202
-3.81861
-3.81792
-3.81806
-3.81735
-3.81762
-3.81841
-3.82035
-3.82184
-3.82351
-3.82491
-3.8255
-3.82659
-3.82631
-3.82714
-3.82713
-3.82703
-3.82646
-3.82722
-3.82816
-3.82681
-3.82678
-3.82719
-3.82718
-3.8269
-3.82873
-3.82851
-3.82803
-3.82882
-3.82831
-3.82731
-3.82672
-3.82473
-3.82437
-3.8235
-3.82357
-3.82256
-3.82228
-3.82338
-3.82356
-3.82435
-3.82612
-3.82726
-3.82772
-3.8287
-3.82901
-3.82832
-3.82752
-3.82811
-3.82697
-3.82517
-3.82471
-3.82449
-3.82379
-3.82399
-3.82393
-3.82289
-3.82208
-3.82166
-3.82167
-3.82248
-3.82288
-3.82315
-3.82304
-3.82262
-3.823
-3.82264
-3.82365
-3.82233
-3.82286
-3.82322
-3.82425
-3.82449
-3.8232
-3.82148
-3.82092
-3.82062
-3.82069
-3.82059
-3.82044
-3.82073
-3.82106
-3.82336
-3.82629
-3.82792
-3.8302
-3.83096
-3.8303
-3.82891
-3.82788
-3.82644
-3.82572
-3.82534
-3.82587
-3.82553
-3.82565
-3.82598
-3.82634
-3.82587
-3.82703
-3.82776
-3.82761
-3.82764
-3.82764
-3.82753
-3.82715
-3.82729
-3.82642
-3.82572
-3.82639
-3.82753
-3.82582
-3.82794
-3.82823
-3.82782
-3.82738
-3.8263
-3.82571
-3.82609
-3.82476
-3.82489
-3.82568
-3.82574
-3.82522
-3.82436
-3.82409
-3.82384
-3.8234
-3.822
-3.82227
-3.8228
-3.82251
-3.82314
-3.82439
-3.82422
-3.82405
-3.82572
-3.82586
-3.82492
-3.82365
-3.8237
-3.8248
-3.82596
-3.826
-3.82571
-3.825
-3.82481
-3.82446
-3.82407
-3.82338
-3.82313
-3.82339
-3.82269
-3.82155
-3.8213
-3.82132
-3.82253
-3.82334
-3.82343
-3.82257
-3.82165
-3.821
-3.82032
-3.81971
-3.81955
-3.82018
-3.82121
-3.82197
-3.82306
-3.82302
-3.82247
-3.82169
-3.821
-3.82158
-3.82235
-3.82195
-3.82268
-3.82258
-3.82271
-3.82168
-3.82161
-3.82157
-3.82084
-3.82071
-3.82022
-3.82037
-3.82097
-3.8225
-3.82353
-3.82352
-3.82305
-3.82202
-3.82063
-3.82016
-3.82068
-3.8211
-3.82163
-3.82235
-3.82221
-3.82316
-3.82256
-3.82247
-3.82259
-3.82231
-3.8221
-3.82235
-3.82272
-3.82245
-3.8224
-3.82208
-3.82251
-3.82305
-3.82269
-3.82276
-3.82236
-3.8215
-3.82259
-3.82224
-3.82322
-3.82339
-3.82284
-3.82293
-3.82351
-3.8239
-3.82352
-3.82351
-3.82477
-3.82518
-3.82649
-3.8268
-3.82762
-3.82799
-3.82856
-3.82833
-3.82825
-3.82918
-3.82753
-3.8272
-3.82659
-3.82592
-3.82591
-3.82771
-3.82854
-3.82949
-3.82838
-3.82786
-3.82765
-3.82756
-3.8278
-3.8273
-3.82705
-3.82625
-3.82486
-3.82362
-3.8225
-3.82178
-3.82157
-3.82265
-3.82396
-3.82338
-3.82387
-3.82277
-3.82284
-3.82268
-3.82399
-3.82472
-3.82472
-3.82531
-3.82558
-3.82618
-3.82618
-3.82612
-3.82713
-3.82752
-3.82784
-3.82892
-3.82869
-3.82875
-3.82827
-3.82832
-3.82752
-3.82618
-3.82414
-3.82333
-3.82232
-3.82057
-3.81913
-3.81898
-3.81876
-3.81919
-3.81861
-3.82126
-3.82413
-3.82558
-3.82584
-3.82611
-3.8254
-3.82459
-3.82353
-3.82433
-3.82444
-3.82506
-3.82637
-3.82702
-3.82695
-3.82668
-3.82439
-3.82401
-3.82273
-3.82272
-3.82179
-3.82242
-3.82333
-3.82331
-3.82442
-3.82434
-3.82476
-3.82525
-3.82601
-3.82703
-3.82662
-3.82692
-3.82658
-3.82683
-3.82743
-3.82614
-3.82652
-3.82555
-3.82547
-3.8247
-3.82505
-3.82498
-3.82406
-3.82441
-3.82558
-3.82544
-3.82481
-3.8238
-3.82395
-3.82352
-3.82304
-3.82335
-3.82368
-3.82362
-3.82377
-3.82325
-3.82273
-3.82253
-3.82372
-3.82507
-3.82475
-3.82349
-3.82378
-3.8235
-3.82321
-3.82284
-3.82326
-3.82242
-3.8219
-3.8211
-3.8213
-3.82158
-3.82232
-3.82154
-3.82143
-3.82108
-3.82099
-3.82044
-3.82069
-3.81924
-3.82032
-3.82013
-3.82061
-3.82136
-3.82134
-3.82106
-3.81999
-3.82002
-3.81973
-3.81959
-3.81879
-3.81941
-3.81859
-3.81853
-3.81818
-3.81944
-3.81976
-3.81943
-3.81981
-3.82018
-3.82217
-3.82251
-3.82393
-3.82329
-3.82405
-3.82518
-3.82465
-3.82418
-3.82296
-3.82328
-3.82143
-3.82084
-3.82073
-3.8208
-3.8213
-3.82224
-3.82275
-3.82272
-3.8232
-3.822
-3.82282
-3.8224
-3.82183
-3.82156
-3.82118
-3.82018
-3.81932
-3.81931
-3.82003
-3.821
-3.8228
-3.82451
-3.82542
-3.82569
-3.82543
-3.82441
-3.8234
-3.82241
-3.8211
-3.81986
-3.81956
-3.81842
-3.8182
-3.8178
-3.81876
-3.81882
-3.8194
-3.81906
-3.81934
-3.82006
-3.82034
-3.8207
-3.82078
-3.82
-3.81956
-3.81888
-3.81923
-3.81965
-3.81868
-3.81786
-3.81846
-3.81745
-3.81686
-3.81687
-3.81552
-3.8149
-3.8141
-3.81461
-3.81415
-3.81483
-3.81547
-3.81673
-3.81803
-3.82011
-3.82254
-3.823
-3.82316
-3.82353
-3.82293
-3.82276
-3.82281
-3.82219
-3.82171
-3.82196
-3.82196
-3.82247
-3.82246
-3.82374
-3.82315
-3.82271
-3.82159
-3.82108
-3.82005
-3.81996
-3.81923
-3.82013
-3.82182
-3.82295
-3.82332
-3.82335
-3.82289
-3.82323
-3.82362
-3.8225
-3.82238
-3.8228
-3.82261
-3.82286
-3.82187
-3.82212
