1.2
1.20274
1.20492
1.20622
1.20659
1.20626
1.20529
1.20429
1.20351
1.20319
1.20329
1.20396
1.205
1.20599
1.20678
1.20732
1.20751
1.20752
1.20733
1.20681
1.20599
1.2049
1.20386
1.20289
1.202
1.20122
1.20044
1.19986
1.19964
1.19937
1.19934
1.19946
1.19963
1.19988
1.20024
1.2006
1.2011
1.20198
1.20304
1.20422
1.20566
1.20742
1.20939
1.21139
1.21322
1.21487
1.21608
1.21671
1.21673
1.21611
1.21497
1.21341
1.21149
1.20925
1.20685
1.20423
1.20171
1.1991
1.19636
1.19341
1.19016
1.18693
1.18369
1.18054
1.17769
1.17564
1.1746
1.17465
1.17602
1.17868
1.18203
1.18586
1.19005
1.19408
1.19777
1.20094
1.20369
1.20601
1.20798
1.20975
1.21117
1.21206
1.21248
1.21252
1.21214
1.21127
1.2101
1.20839
1.20647
1.2043
1.20189
1.19939
1.19695
1.19466
1.19278
1.19107
1.18927
1.18722
1.18461
1.18119
1.1767
1.17186
1.16724
1.16419
1.16391
1.16637
1.1714
1.17756
1.18381
1.18939
1.1941
1.19772
1.20049
1.20265
1.20458
1.20629
1.20786
1.20916
1.21045
1.2116
1.21275
1.21378
1.21456
1.21523
1.21584
1.21626
1.2165
1.2166
1.21664
1.21635
1.21581
1.21518
1.21446
1.21368
1.21289
1.2122
1.2118
1.21172
1.2117
1.21171
1.21192
1.21203
1.2121
1.21201
1.21161
1.21094
1.20991
1.2088
1.20745
1.20592
1.20417
1.20254
1.20088
1.19941
1.19844
1.1979
1.198
1.19852
1.19955
1.20113
1.20304
1.20512
1.20743
1.20947
1.21157
1.21356
1.2154
1.21722
1.21886
1.22049
1.22206
1.22328
1.2244
1.22541
1.22621
1.22686
1.22713
1.22694
1.22631
1.22534
1.22389
1.22211
1.21993
1.21743
1.21474
1.21212
1.20956
1.20709
1.20479
1.20247
1.19982
1.19696
1.19426
1.19207
1.191
1.19147
1.19349
1.19672
1.20112
1.20591
1.2106
1.21494
1.21876
1.22201
1.22493
1.22737
1.22933
1.23078
1.23199
1.23301
1.23397
1.23498
1.23591
1.23672
1.23761
1.23843
1.23914
1.2399
1.24045
1.2407
1.24065
1.24013
1.23911
1.23766
1.23559
1.23294
1.22985
1.22641
1.22283
1.21956
1.21666
1.21444
1.21299
1.21282
1.21386
1.21595
1.21884
1.22236
1.22613
1.22975
1.23314
1.23608
1.2385
1.24044
1.24147
1.24177
1.24118
1.2396
1.23678
1.23282
1.22822
1.22322
1.21865
1.21572
1.21496
1.21661
1.22045
1.2255
1.23072
1.23544
1.23907
1.24145
1.24274
1.24296
1.24232
1.24106
1.23926
1.23702
1.23437
1.23177
1.2295
1.22798
1.22737
1.22776
1.22914
1.23119
1.23373
1.23638
1.23879
1.241
1.24299
1.24462
1.24599
1.24717
1.24815
1.2489
1.24937
1.24937
1.24877
1.24756
1.24557
1.24299
1.24019
1.23729
1.23466
1.23237
1.23101
1.23021
1.23007
1.23035
1.23097
1.23192
1.23287
1.23391
1.23522
1.23672
1.23835
1.24009
1.24192
1.2437
1.24536
1.24678
1.2481
1.24918
1.24997
1.2504
1.25055
1.25043
1.2503
1.25013
1.24987
1.24961
1.24953
1.24979
1.25051
1.25125
1.2521
1.25304
1.25402
1.25499
1.25565
1.25595
1.25604
1.25589
1.25546
1.25478
1.25405
1.25287
1.25119
1.24931
1.24725
1.24492
1.24227
1.23941
1.23645
1.23342
1.23088
1.22886
1.22731
1.22636
1.22627
1.22683
1.22753
1.22835
1.22934
1.23013
1.23064
1.23078
1.23071
1.23034
1.22978
1.22897
1.228
1.22674
1.22539
1.22386
1.22214
1.22043
1.21842
1.21639
1.21423
1.21208
1.20996
1.2081
1.2065
1.20534
1.20458
1.20431
1.20454
1.20523
1.20625
1.20762
1.20933
1.21091
1.2124
1.21344
1.21402
1.21407
1.21336
1.2121
1.21035
1.20837
1.2061
1.20349
1.20083
1.19811
1.19597
1.19443
1.19346
1.19332
1.19389
1.19533
1.19749
1.19997
1.20252
1.20495
1.20705
1.20877
1.21006
1.21082
1.21072
1.21002
1.20862
1.20643
1.20349
1.19961
1.195
1.18971
1.18405
1.17835
1.17281
1.16797
1.16423
1.16182
1.16073
1.16075
1.1618
1.16364
1.16615
1.16913
1.17251
1.17586
1.1793
1.18231
1.1848
1.18649
1.1873
1.18708
1.18585
1.18408
1.18189
1.18009
1.17887
1.17822
1.17828
1.17863
1.17922
1.17956
1.17925
1.17826
1.17656
1.1748
1.17317
1.17201
1.17179
1.17247
1.17369
1.17547
1.17705
1.17846
1.17909
1.17881
1.17754
1.17531
1.17219
1.1682
1.16377
1.15928
1.15496
1.15069
1.14703
1.14413
1.14197
1.14066
1.13996
1.13995
1.14052
1.14169
1.14319
1.14505
1.1472
1.14968
1.1523
1.15508
1.15791
1.16059
1.16303
1.16485
1.16577
1.16578
1.16478
1.16285
1.16026
1.15734
1.15482
1.15329
1.15313
1.15453
1.15694
1.15991
1.16301
1.16552
1.16747
1.16878
1.16961
1.16998
1.16987
1.16942
1.16856
1.16717
1.16528
1.1631
1.16049
1.15736
1.15398
1.1503
1.14643
1.14276
1.13957
1.1372
1.13583
1.1356
1.1367
1.13903
1.14231
1.14617
1.15012
1.154
1.15736
1.16003
1.16182
1.16262
1.16246
1.16124
1.15924
1.15696
1.15447
1.15233
1.15095
1.1503
1.15032
1.15092
1.15219
1.15391
1.15604
1.1584
1.16079
1.16319
1.16534
1.16702
1.16801
1.16826
1.16781
1.16667
1.16545
1.16438
1.16376
1.16384
1.16456
1.16568
1.16674
1.16748
1.16737
1.16662
1.16549
1.16411
1.16288
1.16226
1.16238
1.16336
1.16511
1.16727
1.16947
1.17163
1.17369
1.17545
1.17709
1.17832
1.17935
1.18029
1.18082
1.18118
1.18144
1.18151
1.18141
1.18106
1.18054
1.18011
1.17968
1.17925
1.17874
1.17845
1.17821
1.17809
1.1783
1.17884
1.17972
1.18064
1.18169
1.18277
1.18391
1.18522
1.18641
1.18756
1.18872
1.18983
1.19099
1.1925
1.19407
1.19553
1.19696
1.19836
1.19955
1.20029
1.20083
1.20102
1.20086
1.2004
1.19976
1.19899
1.19821
1.19725
1.19605
1.19478
1.19338
1.19195
1.19066
1.18993
1.18988
1.19037
1.19135
1.1923
1.1928
1.19272
1.19187
1.19065
1.18939
1.18868
1.18867
1.18952
1.19117
1.19339
1.19543
1.19697
1.19792
1.19826
1.19846
1.19878
1.19966
1.20124
1.20335
1.20576
1.20848
1.21122
1.21385
1.21604
1.21783
1.21907
1.2196
1.21947
1.2189
1.21781
1.21619
1.21419
1.21141
1.20741
1.20216
1.19545
1.18727
1.17876
1.17193
1.16941
1.17215
1.17921
1.18778
1.1955
1.20102
1.20385
1.20435
1.20295
1.20039
1.19755
1.19489
1.19285
1.19163
1.19126
1.19173
1.19292
1.19431
1.1953
1.19559
1.19492
1.19309
1.19069
1.18894
1.18889
1.19119
1.19594
1.20235
1.20917
1.21572
1.2213
1.22599
1.22955
1.23212
1.23408
1.23533
1.23618
1.23688
1.23705
1.23698
1.23656
1.23561
1.23411
1.23199
1.22914
1.22555
1.2211
1.21596
1.21026
1.20414
1.19809
1.19282
1.18859
1.18582
1.18462
1.18497
1.18688
1.18985
1.19359
1.19757
1.20154
1.2052
1.20841
1.21097
1.2127
1.21337
1.21253
1.20975
1.20477
1.19778
1.19016
1.18413
1.18204
1.18453
1.1901
1.19621
1.2009
1.20342
1.20399
1.20276
1.20049
1.19764
1.19456
1.19168
1.1896
1.18846
1.1884
1.18934
1.19123
1.19361
1.19622
1.19879
1.20115
1.20287
1.20412
1.20488
1.20523
1.20501
1.20421
1.20277
1.20095
1.19889
1.19658
1.19422
1.19199
1.18996
1.18817
1.18674
1.18554
1.18485
1.1846
1.18458
1.18462
1.18467
1.18469
1.18471
1.18466
1.18454
1.18443
1.18419
1.18375
1.18312
1.18208
1.1807
1.17915
1.17744
1.17576
1.17426
1.17315
1.17247
1.17242
1.17294
1.17393
1.17529
1.17698
1.17891
1.18087
1.18279
1.1847
1.18643
1.18789
1.18897
1.18957
1.1896
1.18932
1.18843
1.18713
1.18569
1.18439
1.18377
1.18435
1.18601
1.18834
1.19095
1.1934
1.19536
1.19664
1.19706
1.19668
1.19554
1.19358
1.19089
1.18791
1.18495
1.18251
1.18068
1.17998
1.18039
1.18143
1.18278
1.184
1.18461
1.18468
1.18403
1.18318
1.18237
1.18167
1.1814
1.18159
1.18246
1.18379
1.18556
1.18756
1.18935
1.1909
1.1922
1.19325
1.19371
1.19382
1.19378
1.19367
1.19352
1.19354
1.19361
1.19364
1.19333
1.19267
1.19139
1.18955
1.18729
1.18471
1.18227
1.1807
1.18057
1.18223
1.18561
1.19002
1.19458
1.1985
1.2017
1.20407
1.20546
1.20592
1.20555
1.20443
1.203
1.20119
1.19899
1.19681
1.19435
1.19201
1.18972
1.18769
1.18609
1.18489
1.18401
1.1835
1.18338
1.18359
1.1839
1.1843
1.18501
1.18585
1.18685
1.18795
1.18905
1.19003
1.19084
1.19135
1.19133
1.19054
1.1892
1.18735
1.18525
1.18298
1.1808
1.17901
1.17787
1.17737
1.17752
1.17844
1.17983
1.18152
1.18341
1.18555
1.18782
1.19023
1.19259
1.19487
1.19711
1.19914
1.20094
1.20252
1.20394
1.20512
1.20595
1.20632
1.20634
1.206
1.20547
1.20453
1.20331
1.20191
1.20034
1.19867
1.19712
1.19576
1.19455
1.19348
1.19266
1.19223
1.19215
1.19234
1.19287
1.19361
1.19462
1.19594
1.1975
1.19923
1.20104
1.20277
1.20445
1.20606
1.20739
1.20836
1.20882
1.20888
1.20865
1.20806
1.2073
1.20636
1.20538
1.2045
1.20363
1.20286
1.20229
1.20186
1.20161
1.20157
1.2018
1.20224
1.20291
1.20386
1.20502
1.20626
1.20762
1.20894
1.21009
1.21122
1.21229
1.2134
1.2144
1.21516
1.21592
1.21661
1.21706
1.21718
1.21688
1.21634
1.21541
1.21443
1.21355
1.2127
1.21194
1.21144
1.21131
1.21175
1.21241
1.21312
1.21367
1.21351
1.21273
1.21177
1.21099
1.2113
1.21311
1.21639
1.22052
1.2246
1.2281
1.23029
1.23139
1.23143
1.2306
1.22881
1.22655
1.22399
1.22118
1.21839
1.21553
1.2126
1.20934
1.20584
1.20223
1.19876
1.19581
1.19395
1.19377
1.19558
1.19937
1.20477
1.21093
1.21709
1.22247
1.22674
1.22958
1.23118
1.2315
1.23094
1.22993
1.2286
1.22716
1.22564
1.2239
1.22196
1.21961
1.21723
1.21496
1.21317
1.21211
1.21185
1.21216
1.21299
1.21428
1.21593
1.21771
1.21944
1.22096
1.2224
1.22381
1.22496
1.2256
1.22587
1.22593
1.22578
1.22535
1.22468
1.22378
1.2227
1.22128
1.21955
1.21759
1.21541
1.21283
1.20981
1.20638
1.20255
1.19839
1.19436
1.19083
1.18822
1.18684
1.18705
1.18895
1.19208
1.19611
1.20065
1.20525
1.20948
1.21319
1.21634
1.21902
1.22084
1.22201
1.22248
1.22218
1.22099
1.21917
1.21673
1.21371
1.21027
1.20667
1.20334
1.20038
1.19799
1.19645
1.19575
1.19584
1.19657
1.19757
1.19872
1.19965
1.2003
1.20048
1.20017
1.1994
1.19816
1.19656
1.19482
1.19318
1.19182
1.19084
1.19038
1.19062
1.19172
1.19345
1.19559
1.1982
1.20108
1.20406
1.20718
1.21037
1.2135
1.21646
1.21928
1.22147
1.22319
1.22435
1.22482
1.22469
1.22373
1.22203
1.21961
1.21666
1.21342
1.21007
1.2068
1.20394
1.20137
1.19914
1.19711
1.19525
1.19336
1.19148
1.18954
1.1877
1.18594
1.18449
1.18379
1.1843
1.18637
1.19016
1.195
1.20045
1.20537
1.20924
1.21214
1.21402
1.2151
1.21582
1.21625
1.21641
1.21683
1.21746
1.21837
1.21956
1.22081
1.22206
1.22343
1.22459
1.22552
1.22608
1.22653
1.2266
1.22648
1.22594
1.22482
1.22329
1.22126
1.21894
1.21673
1.21493
1.21384
1.21361
1.21431
1.21581
1.21778
1.21992
1.22198
1.22383
1.22532
1.22631
1.22683
1.22679
1.22609
1.22494
1.22348
1.22158
1.21946
1.21732
1.21515
1.21309
1.21105
1.20924
1.20776
1.20628
1.20482
1.20336
1.20202
1.20063
1.19968
1.19931
1.19994
1.20154
1.20418
1.2075
1.21127
1.21505
1.21855
1.22166
1.22447
1.22689
1.22896
1.2305
1.23148
1.23181
1.2319
1.23167
1.23118
1.23038
1.22926
1.22777
1.22623
1.22482
1.22367
1.22302
1.22319
1.22394
1.22538
1.22738
1.22963
1.23193
1.23414
1.23604
1.23763
1.23888
1.23976
1.24043
1.24099
1.24129
1.24157
1.24179
1.24205
1.24213
1.24202
1.24164
1.24092
1.23984
1.23856
1.23732
1.23638
1.23575
1.23572
1.2364
1.23778
1.23944
1.24105
1.24261
1.2438
1.24476
1.24558
1.24636
1.24711
1.24765
1.24811
1.24814
1.24775
1.24692
1.24568
1.24423
1.24258
1.24085
1.23911
1.23768
1.23677
1.23645
1.23693
1.23803
1.23948
1.24108
1.24294
1.24489
1.24653
1.24781
1.24897
1.25022
1.25174
1.25355
1.25546
1.25757
1.25982
1.26207
1.2642
1.26604
1.26759
1.26892
1.26953
1.26969
1.26939
1.26857
1.26718
1.2651
1.26221
1.25877
1.25488
1.25077
1.24669
1.2429
1.23947
1.23647
1.23363
1.23062
1.22745
1.22427
1.22176
1.22039
1.22047
1.22195
1.224
1.22613
1.22779
1.22902
1.22982
1.23033
1.23058
1.23059
1.23027
1.22975
1.22887
1.22756
1.22577
1.22361
1.22133
1.21889
1.21645
1.2141
1.21175
1.20951
1.20726
1.20518
1.20349
1.20227
1.20157
1.20134
1.20147
1.2021
1.20312
1.20439
1.20565
1.20684
1.20788
1.20875
1.20935
1.20971
1.20993
1.21003
1.21007
1.20979
1.20932
1.20884
1.20831
1.20767
1.20698
1.20652
1.20618
1.20588
1.20553
1.20514
1.20479
1.20439
1.20393
1.20347
1.20276
1.20184
1.20052
1.19902
1.19726
1.19538
1.19302
1.19038
1.18734
1.18373
1.17952
1.17472
1.16964
1.16501
1.1616
1.15975
1.15949
1.16028
1.16143
1.16259
1.1641
1.16626
1.16935
1.17315
1.1768
1.17962
1.18141
1.18215
1.18234
1.18255
1.18339
1.18517
1.18796
1.1916
1.19573
1.19974
1.20315
1.20619
1.20845
1.20992
1.21091
1.21148
1.21165
1.2115
1.21119
1.21063
1.21019
1.20967
1.2089
1.208
1.2072
1.20656
1.20593
1.20525
1.20475
1.20465
1.20474
1.2051
1.20561
1.20639
1.20745
1.20853
1.20964
1.21079
1.21175
1.2127
1.21348
1.21414
1.21436
1.21429
1.21385
1.2132
1.21231
1.211
1.20967
1.2084
1.20722
1.20626
1.2057
1.20529
1.20538
1.20597
1.20691
1.20794
1.209
1.20987
1.21061
1.21102
1.21099
1.2104
1.20944
1.20821
1.20686
1.20569
1.20491
1.20468
1.20505
1.20605
1.20763
1.20959
1.21155
1.21353
1.21534
1.21672
1.21783
1.21867
1.21908
1.21947
1.2198
1.21989
1.22
1.22014
1.22043
1.22075
1.22119
1.22195
1.22272
1.22356
1.22451
1.22553
1.22654
1.22769
1.22886
1.23005
1.23111
1.23201
1.23291
1.23369
1.23424
1.2346
1.23469
1.23437
1.23362
1.23259
1.23107
1.22912
1.22678
1.22409
1.22127
1.21845
1.21578
1.21362
1.21203
1.2111
1.2107
1.21076
1.21117
1.2118
1.21273
1.21379
1.21471
1.21557
1.21628
1.21696
1.21755
1.21836
1.21961
1.22111
1.22287
1.2247
1.22633
1.22769
1.22865
1.22916
1.22921
1.22876
1.22794
1.22669
1.2251
1.22322
1.22117
1.21924
1.21736
1.21577
1.21472
1.21426
1.21447
1.21531
1.21669
1.21839
1.22028
1.22213
1.22383
1.22543
1.22689
1.22828
1.22975
1.23124
1.23282
1.23452
1.23629
1.23821
1.24017
1.24219
1.24393
1.24532
1.24643
1.24719
1.24762
1.24772
1.24748
1.24684
1.24594
1.24452
1.24277
1.24098
1.23891
1.2366
1.23425
1.23213
1.23025
1.22907
1.22879
1.2296
1.23148
1.23422
1.23763
1.24141
1.24501
1.24834
1.25109
1.25313
1.2544
1.25493
1.2549
1.25427
1.25341
1.25233
1.25143
1.25105
1.25079
1.25071
1.25043
1.24965
1.24829
1.24619
1.24319
1.2395
1.2354
1.23113
1.22718
1.22391
1.22195
1.22141
1.2222
1.224
1.22639
1.22892
1.23128
1.23355
1.23563
1.23779
1.24001
1.24252
1.24532
1.2483
1.25151
1.25473
1.25767
1.2603
1.26247
1.26397
1.26478
1.26506
1.26476
1.26403
1.26294
1.26181
1.2607
1.25977
1.25901
1.25842
1.25793
1.25752
1.25728
1.25706
1.25693
1.25649
1.25581
1.25478
1.25364
1.25253
1.25163
1.25076
1.25032
1.25019
1.25002
1.2499
1.24972
1.24903
1.24791
1.2463
1.24387
1.24073
1.23698
1.23296
1.22931
1.22695
1.22666
1.22905
1.23396
1.24024
1.24672
1.25257
1.25738
1.26105
1.2634
1.26503
1.26572
1.26559
1.26511
1.26419
1.26313
1.26197
1.26081
1.25972
1.25867
1.2578
1.25677
1.25566
1.25454
1.25329
1.25212
1.25079
1.24919
1.2473
1.24566
1.2444
1.24368
1.24374
1.24477
1.24669
1.24903
1.25139
1.25356
1.25561
1.257
1.25808
1.25883
1.25921
1.25903
1.25851
1.25795
1.25713
1.25619
1.25557
1.25544
1.25582
1.25683
1.25866
1.26091
1.2634
1.26591
1.26861
1.27132
1.27391
1.27631
1.27852
1.28045
1.28165
1.28247
1.28288
1.28272
1.28213
1.28103
1.27957
1.27767
1.27536
1.27299
1.27066
1.26884
1.26825
1.2692
1.27177
1.27564
1.28015
1.28489
1.28909
1.29236
1.29414
1.29488
1.29451
1.2931
1.291
1.28828
1.28512
1.282
1.27879
1.27569
1.27265
1.26957
1.26658
1.26384
1.26161
1.26042
1.26028
1.26102
1.2624
1.26427
1.26647
1.26853
1.27007
1.27142
1.27242
1.27314
1.27388
1.27478
1.27618
1.2778
1.27972
1.28218
1.28493
1.28802
1.29112
1.29415
1.29705
1.29958
1.30189
1.30374
1.30508
1.30559
1.3053
1.30434
1.30259
1.30006
1.29662
1.29279
1.28912
1.28625
1.28448
1.28402
1.28492
1.28652
1.28824
1.28995
1.29147
1.29232
1.29235
1.29189
1.29101
1.29002
1.28892
1.28787
1.28711
1.28659
1.28627
1.28624
1.28645
1.28683
1.28745
1.28818
1.28895
1.28962
1.29026
1.29083
1.29124
1.29165
1.29216
1.29256
1.29293
1.29305
1.2932
1.29335
1.29346
1.29334
1.29277
1.29181
1.29032
1.28802
1.28477
1.28075
1.27614
1.27142
1.26728
1.26417
1.26242
1.26197
1.26186
1.2615
1.2605
1.25902
1.25726
1.25534
1.25358
1.25225
1.25137
1.25096
1.25108
1.25154
1.25211
1.25264
1.25304
1.2538
1.25485
1.2563
1.25783
1.25957
1.26117
1.26237
1.26273
1.26224
1.26112
1.25982
1.25879
1.25869
1.2601
1.26296
1.26653
1.27014
1.27313
1.27525
1.27633
1.27653
1.27638
1.27613
1.276
1.27622
1.27671
1.27732
1.27791
1.27815
1.27775
1.27678
1.27534
1.27354
1.27118
1.26858
1.26568
1.2622
1.25817
1.25407
1.25005
1.24666
1.24448
1.24363
1.24406
1.24568
1.24847
1.25207
1.25595
1.25994
1.26375
1.26711
1.27009
1.27266
1.27481
1.2766
1.2781
1.27903
1.2796
1.27978
1.27968
1.27931
1.27865
1.27775
1.27652
1.27518
1.27392
1.27256
1.27126
1.2701
1.26894
1.26786
1.26662
1.26526
1.26371
1.26219
1.26083
1.25983
1.25954
1.26029
1.26203
1.26434
1.2668
1.26911
1.27124
1.27288
1.27389
1.27435
1.27447
1.27411
1.27342
1.27253
1.27131
1.27021
1.26905
1.26774
1.26653
1.26533
1.26409
1.26315
1.26246
1.26197
1.26156
1.26157
1.26203
1.26275
1.26383
1.2653
1.2669
1.2686
1.27015
1.27152
1.27265
1.27353
1.27404
1.27447
1.27462
1.2747
1.27462
1.27438
1.27406
1.27337
1.27246
1.27143
1.2705
1.26981
1.26943
1.26943
1.27006
1.27141
1.27333
1.27522
1.27743
1.27957
1.28144
1.28281
1.28403
1.28489
1.28511
1.28493
1.28458
1.28401
1.2835
1.28316
1.28294
1.28274
1.2824
1.28179
1.2814
1.28128
1.28173
1.28291
1.28502
1.28781
1.29078
1.29349
1.29562
1.29697
1.29721
1.29615
1.29384
1.29016
1.28497
1.27827
1.26994
1.2602
1.24936
1.23784
1.22657
1.21667
1.20976
1.20716
1.20978
1.21699
1.22729
1.23867
1.24929
1.25825
1.26499
1.26952
1.27191
1.27253
1.27192
1.27054
1.26868
1.26646
1.2642
1.2623
1.26083
1.2599
1.25954
1.25936
1.25963
1.2603
1.26129
1.2623
1.26338
1.26433
1.26504
1.2655
1.26577
1.2657
1.26541
1.26496
1.26415
1.26297
1.2616
1.26009
1.2583
1.25632
1.2542
1.25185
1.24908
1.24588
1.24228
1.23844
1.23479
1.23165
1.22924
1.22787
1.22772
1.22874
1.23069
1.23321
1.23601
1.23902
1.24163
1.24386
1.24566
1.24698
1.24779
1.24836
1.24881
1.24911
1.24934
1.2493
1.24933
1.24911
1.24863
1.24787
1.24699
1.24591
1.24465
1.24308
1.2412
1.23943
1.23796
1.23705
1.23693
1.23789
1.2398
1.24242
1.24523
1.24773
1.24968
1.25063
1.25076
1.25024
1.24928
1.2486
1.24836
1.24882
1.24981
1.25101
1.25198
1.25274
1.25307
1.25319
1.25355
1.25386
1.25432
1.25483
1.25569
1.25689
1.25835
1.26029
1.26263
1.26511
1.26762
1.2701
1.27229
1.27444
1.27644
1.27794
1.27911
1.27972
1.27992
1.27967
1.27906
1.27795
1.2767
1.27512
1.27333
1.271
1.26849
1.26563
1.26249
1.25882
1.25484
1.2511
1.24823
1.24677
1.24727
1.24982
1.25392
1.25881
1.26351
1.26711
1.26863
1.2675
1.26398
1.25831
1.25203
1.24734
1.246
1.24835
1.25286
1.25756
1.26064
1.26128
1.25938
1.25535
1.25013
1.24451
1.23959
1.23633
1.23509
1.23596
1.23835
1.24187
1.24576
1.24934
1.25219
1.25409
1.255
1.25495
1.25391
1.25222
1.24996
1.2476
1.24582
1.24491
1.2454
1.24723
1.24982
1.25293
1.25633
1.25962
1.26252
1.26505
1.26714
1.2685
1.26927
1.26923
1.26857
1.26701
1.26454
1.26129
1.2571
1.25229
1.24721
1.2424
1.23833
1.23559
1.23453
1.23542
1.23777
1.241
1.24449
1.24768
1.25041
1.25245
1.25372
1.25444
1.25456
1.25437
1.25382
1.25306
1.25224
1.25119
1.25005
1.2489
1.24789
1.24694
1.24602
1.24513
1.24431
1.24344
1.24259
1.24177
1.2411
1.24055
1.24017
1.24015
1.24029
1.24073
1.24153
1.24248
1.24355
1.24471
1.24615
1.24768
1.24934
1.25099
1.25273
1.25439
1.25606
1.25768
1.2593
1.26097
1.26255
1.26417
1.26575
1.26721
1.26859
1.26965
1.27051
1.27127
1.27188
1.27204
1.27203
1.27162
1.27065
1.26901
1.26632
1.26268
1.25806
1.2523
1.24565
1.23857
1.23182
1.22598
1.22164
1.21933
1.21901
1.22047
1.22323
1.2271
1.2316
1.23645
1.24128
1.24568
1.24951
1.25273
1.25529
1.25711
1.25807
1.25783
1.25666
1.25472
1.25241
1.25016
1.24859
1.24808
1.24899
1.2512
1.25431
1.25775
1.26108
1.26405
1.26632
1.2681
1.26894
1.26926
1.26892
1.26833
1.26745
1.26657
1.26542
1.26411
1.26292
1.26178
1.26092
1.26041
1.26029
1.26044
1.26069
1.26099
1.26136
1.26148
1.26133
1.26097
1.2603
1.25891
1.25698
1.2546
1.2516
1.24819
1.24469
1.24116
1.23804
1.23554
1.23373
1.23246
1.2316
1.23103
1.23073
1.23067
1.23083
1.2313
1.23193
1.23272
1.23347
1.23403
1.23445
1.23468
1.23488
1.23525
1.23603
1.23696
1.23808
1.23924
1.24021
1.24067
1.24063
1.24021
1.23928
1.23841
1.23764
1.23689
1.23645
1.23635
1.23681
1.23753
1.23839
1.23978
1.24133
1.24288
1.24429
1.24547
1.24649
1.24722
1.24767
1.24753
1.24695
1.24595
1.24451
1.24265
1.24021
1.23735
1.23421
1.23068
1.22703
1.22342
1.22008
1.21732
1.21542
1.2146
1.21513
1.21686
1.21955
1.22295
1.22663
1.23009
1.23314
1.23589
1.23794
1.23948
1.2403
1.24032
1.23963
1.23844
1.23706
1.23567
1.23457
1.23405
1.23414
1.23498
1.23634
1.23825
1.24048
1.24273
1.24518
1.24778
1.25013
1.25224
1.25402
1.25533
1.25591
1.25565
1.25452
1.25261
1.2502
1.2475
1.2451
1.2434
1.24275
1.24317
1.24448
1.2461
1.24782
1.24951
1.25091
1.25191
1.25225
1.25189
1.2509
1.2492
1.24687
1.24418
1.24106
1.23776
1.2343
1.23123
1.22855
1.22656
1.22527
1.22462
1.22435
1.22419
1.22401
1.22373
1.22337
1.22311
1.2232
1.224
1.22555
1.22771
1.23011
1.23253
1.23488
1.23679
1.23825
1.23898
1.2392
1.23911
1.23883
1.23845
1.238
1.23757
1.23696
1.23637
1.23577
1.2351
1.23456
1.23434
1.23463
1.23573
1.23772
1.24032
1.24342
1.24678
1.24993
1.25262
1.25483
1.25655
1.25781
1.25846
1.25846
1.25824
1.25755
1.25663
1.25544
1.25412
1.25251
1.25044
1.24789
1.24497
1.24198
1.23887
1.23599
1.23347
1.23152
1.23043
1.23021
1.23084
1.23214
1.2342
1.23664
1.23953
1.2424
1.24508
1.2476
1.2497
1.25138
1.25263
1.25333
1.25371
1.25391
1.25393
1.25385
1.25384
1.25377
1.25364
1.25371
1.25409
1.25463
1.25519
1.25587
1.25638
1.25665
1.25695
1.25739
1.25781
1.25806
1.25835
1.25882
1.25938
1.25997
1.26069
1.26145
1.26232
1.26333
1.26426
1.26513
1.26603
1.26714
1.26826
1.26931
1.27026
1.27133
1.27222
1.27298
1.27343
1.27333
1.2726
1.27101
1.26855
1.26514
1.26107
1.25694
1.25331
1.25089
1.25027
1.25128
1.25374
1.25696
1.26042
1.2633
1.26522
1.26637
1.26687
1.26705
1.2672
1.26759
1.26869
1.27026
1.27181
1.27292
1.27349
1.27295
1.27134
1.26839
1.26407
1.25862
1.25231
1.24551
1.23873
1.23211
1.22603
1.22108
1.21769
1.2164
1.21721
1.22006
1.22425
1.22917
1.23386
1.23768
1.24079
1.24322
1.24502
1.24648
1.24764
1.24848
1.24926
1.24968
1.24973
1.24938
1.24882
1.24793
1.24675
1.24513
1.24323
1.241
1.23839
1.23552
1.23247
1.22959
1.22672
1.22418
1.22233
1.22101
1.22034
1.22017
1.22044
1.22107
1.22196
1.22284
1.22357
1.22404
1.22431
1.22431
1.22418
1.22384
1.22337
1.22277
1.22203
1.22115
1.22029
1.21951
1.21869
1.21803
1.21721
1.21632
1.21539
1.21454
1.21345
1.21236
1.21123
1.20998
1.20858
1.2071
1.20538
1.20344
1.2013
1.19898
1.19659
1.19425
1.1923
1.19083
1.18988
1.18951
1.18954
1.18974
1.19016
1.19059
1.19084
1.1906
1.18989
1.18852
1.18682
1.18471
1.18236
1.17962
1.17668
1.17399
1.17149
1.16923
1.16759
1.16686
1.16712
1.16802
1.16927
1.17101
1.17289
1.17481
1.17689
1.17881
1.1807
1.18268
1.18459
1.18625
1.18772
1.18898
1.19008
1.19104
1.19167
1.19216
1.19252
1.19271
1.19297
1.19322
1.19324
1.19326
1.1933
1.19337
1.19339
1.19335
1.19349
1.19378
1.19425
1.19477
1.19529
1.19589
1.19659
1.19742
1.19826
1.19919
1.20021
1.20106
1.20207
1.2029
1.20343
1.20366
1.20334
1.20239
1.20081
1.1986
1.19587
1.19318
1.19119
1.19041
1.19139
1.19391
1.19753
1.20164
1.20551
1.20859
1.21067
1.21163
1.21176
1.21111
1.20975
1.20793
1.20593
1.20434
1.20338
1.20317
1.20429
1.20653
1.20981
1.21338
1.21664
1.21916
1.22081
1.22151
1.22131
1.22043
1.21923
1.21788
1.21691
1.21656
1.21702
1.218
1.21949
1.22146
1.22353
1.22585
1.22822
1.23048
1.23263
1.23449
1.23615
1.23748
1.23864
1.23962
1.24033
1.24093
1.24138
1.24157
1.24155
1.24123
1.24032
1.23897
1.23748
1.23598
1.23443
1.23279
1.23126
1.22985
1.22855
1.22713
1.22571
1.22423
1.2227
1.22137
1.22012
1.21924
1.21936
1.22052
1.22254
1.22529
1.22843
1.23134
1.23395
1.23588
1.23686
1.23721
1.23674
1.23543
1.23361
1.2315
1.22908
1.22646
1.22396
1.22157
1.2194
1.21742
1.2155
1.21364
1.21173
1.21011
1.20866
1.20748
1.20656
1.20632
1.20683
1.20794
1.20949
1.2112
1.21304
1.21491
1.21663
1.21816
1.21954
1.22081
1.22191
1.22296
1.22395
1.22482
1.22557
1.22621
1.22702
1.22777
1.22815
1.22816
1.22792
1.22745
1.2269
1.22614
1.22509
1.22391
1.22254
1.22101
1.21918
1.21736
1.21536
1.21333
1.21125
1.20898
1.20655
1.20418
1.20192
1.19998
1.19856
1.19784
1.19791
1.19916
1.20151
1.20476
1.20853
1.21242
1.21599
1.21917
1.22167
1.22355
1.22497
1.22593
1.22647
1.22664
1.22658
1.2261
1.22533
1.22416
1.22263
1.2204
1.21782
1.21509
1.21259
1.21065
1.20951
1.20939
1.21013
1.21155
1.21344
1.2156
1.21783
1.22004
1.22204
1.22393
1.2256
1.22692
1.22806
1.2288
1.2294
1.22974
1.22985
1.22973
1.22952
1.22933
1.22926
1.22934
1.2295
1.22974
1.23003
1.23051
1.23114
1.23166
1.23234
1.23307
1.23377
1.23449
1.23539
1.23607
1.23657
1.23693
1.23711
1.23714
1.2371
1.23696
1.23691
1.23696
1.23712
1.2374
1.23787
1.23841
1.23901
1.2396
1.24031
1.24111
1.24226
1.24345
1.24448
1.24555
1.24655
1.24727
1.24784
1.24816
1.24818
1.24803
1.24779
1.24752
1.24735
1.24763
1.24837
1.24926
1.25043
1.25173
1.25255
1.2528
1.25213
1.25037
1.24795
1.24497
1.24159
1.23802
1.23401
1.23021
1.22624
1.22225
1.21888
1.21652
1.21576
1.21649
1.21901
1.22322
1.22856
1.2349
1.24145
1.24794
1.25376
1.25851
1.26215
1.26456
1.26576
1.26596
1.2651
1.26359
1.26158
1.25929
1.25685
1.25446
1.25221
1.25039
1.24899
1.24801
1.2473
1.24683
1.24673
1.24689
1.24705
1.2471
1.24709
1.24716
1.24707
1.24697
1.24691
1.24677
1.24668
1.24674
1.24687
1.2471
1.24733
1.24749
1.24749
1.24729
1.24669
1.2456
1.24363
1.24033
1.23537
1.22839
1.21951
1.20998
1.2022
1.19869
1.2007
1.20717
1.2155
1.22328
1.22932
1.2332
1.23515
1.2358
1.23535
1.23456
1.23371
1.23312
1.23285
1.23272
1.23263
1.23249
1.23226
1.23181
1.23118
1.23028
1.2288
1.2269
1.22466
1.22249
1.22091
1.21991
1.21953
1.21987
1.22089
1.22241
1.22408
1.22587
1.22762
1.22939
1.23091
1.2323
1.23355
1.23479
1.23591
1.23702
1.23802
1.23893
1.2397
1.24032
1.2407
1.24065
1.24056
1.2405
1.24035
1.24015
1.24007
1.24012
1.24029
1.24086
1.24159
1.24245
1.24332
1.24412
1.24498
1.24552
1.24547
1.24509
1.24394
1.24216
1.23966
1.23628
1.23211
1.2272
1.22165
1.21557
1.20975
1.205
1.2021
1.2013
1.20259
1.20548
1.20889
1.21222
1.21487
1.21713
1.21901
1.22097
1.22353
1.2265
1.23018
1.23408
1.23778
1.2409
1.24323
1.2447
1.2454
1.24539
1.24506
1.24452
1.24426
1.24446
1.24486
1.24608
1.24786
1.25002
1.25235
1.25473
1.25697
1.25887
1.26049
1.26176
1.26236
1.26224
1.26137
1.2597
1.25706
1.25319
1.24816
1.24248
1.23718
1.23323
1.23136
1.23192
1.23466
1.23858
1.24267
1.24637
1.24919
1.25123
1.25293
1.25436
1.25552
1.25647
1.25739
1.25837
1.25936
1.26021
1.26124
1.26212
1.26305
1.26411
1.26495
1.26553
1.26595
1.26622
1.26612
1.26568
1.26498
1.26397
1.26268
1.26117
1.25943
1.25743
1.25539
1.25313
1.25072
1.24847
1.24615
1.24383
1.24202
1.24076
1.24036
1.24071
1.24179
1.24348
1.24509
1.24622
1.24663
1.24649
1.24602
1.24537
1.24463
1.24408
1.2437
1.24318
1.24243
1.24087
1.23828
1.23467
1.23029
1.22574
1.22202
1.22034
1.22139
1.22504
1.23028
1.2361
1.24147
1.24574
1.24848
1.24975
1.24964
1.24838
1.24613
1.24329
1.24022
1.23747
1.23543
1.2344
1.23454
1.23553
1.23692
1.23824
1.23912
1.2394
1.23874
1.23707
1.23437
1.23098
1.22749
1.22411
1.22159
1.22032
1.22048
1.22182
1.22412
1.22675
1.22924
1.2311
1.23231
1.233
1.23305
1.23255
1.23167
1.23056
1.22907
1.22719
1.22481
1.22214
1.21933
1.21658
1.21398
1.21168
1.20983
1.20886
1.20893
1.21008
1.21211
1.21485
1.21786
1.22078
1.22361
1.22597
1.22802
1.22961
1.23103
1.23224
1.23341
1.23438
1.23497
1.23542
1.23586
1.23609
1.23617
1.23619
1.23605
1.23588
1.23568
1.23543
1.23513
1.23477
1.23447
1.23423
1.23418
1.23407
1.23414
1.23422
1.23469
1.2354
1.23603
1.23687
1.23785
1.2389
1.24012
1.24152
1.24326
1.24533
1.24746
1.24984
1.25244
1.2551
1.25787
1.26078
1.26337
1.26588
1.26813
1.27018
1.27175
1.27285
1.27337
1.27287
1.27118
1.26859
1.26518
1.26101
1.25639
1.25195
1.24799
1.2444
1.24122
1.23862
1.23638
1.23465
1.23341
1.23238
1.23163
1.23086
1.23018
1.22985
1.23012
1.23143
1.23418
1.23805
1.24246
1.24722
1.25177
1.25569
1.25963
1.26326
1.26699
1.271
1.27505
1.27866
1.28154
1.28353
1.28471
1.285
1.2845
1.2833
1.2813
1.27875
1.27583
1.27247
1.26853
1.26388
1.25828
1.25129
1.24329
1.23557
1.23012
1.22882
1.23267
1.24049
1.25011
1.25918
1.26649
1.27201
1.27564
1.27811
1.27961
1.28049
1.28092
1.28085
1.28046
1.27964
1.27836
1.2766
1.27448
1.2721
1.26934
1.26633
1.26316
1.26022
1.25768
1.25569
1.25451
1.25452
1.2555
1.25735
1.25986
1.26278
1.26571
1.2682
1.27028
1.27165
1.27233
1.27231
1.27166
1.27039
1.26856
1.2666
1.2644
1.26224
1.26012
1.25813
1.25653
1.2554
1.25485
1.25499
1.25585
1.25724
1.25881
1.26053
1.26221
1.26337
1.26382
1.26354
1.26273
1.26109
1.25876
1.25578
1.25251
1.24918
1.24621
1.24387
1.24261
1.24232
1.2432
1.24512
1.24761
1.25033
1.25307
1.25561
1.25783
1.25934
1.2604
1.26099
1.26107
1.26067
1.25979
1.25847
1.25731
1.25608
1.25468
1.25313
1.25165
1.25042
1.24914
1.24812
1.2473
1.24651
1.24565
1.24474
1.24379
1.24284
1.24185
1.24092
1.24021
1.23986
1.23984
1.24
1.24057
1.24151
1.24292
1.24454
1.24616
1.24763
1.24885
1.24972
1.25001
1.24951
1.24841
1.24706
1.24553
1.2441
1.24291
1.24228
1.24234
1.24307
1.24457
1.24638
1.24828
1.25017
1.2518
1.25332
1.25473
1.25602
1.25702
1.258
1.25868
1.25951
1.26038
1.26119
1.26213
1.26308
1.26393
1.26473
1.26537
1.26569
1.2656
1.26513
1.26434
1.26352
1.2624
1.26108
1.25976
1.25855
1.25801
1.258
1.25854
1.25985
1.26178
1.26421
1.26687
1.26931
1.27139
1.27315
1.27445
1.27519
1.27543
1.27526
1.27483
1.27411
1.27354
1.27324
1.27293
1.27296
1.27307
1.2732
1.27315
1.27318
1.27305
1.27233
1.27111
1.26985
1.26856
1.26729
1.26632
1.26511
1.26402
1.26303
1.26225
1.26162
1.26123
1.26091
1.26109
1.26177
1.26333
1.26553
1.26806
1.27092
1.27386
1.27658
1.27896
1.28073
1.28174
1.28174
1.28069
1.27852
1.27526
1.27136
1.26717
1.26357
1.26145
1.26131
1.26288
1.2659
1.26945
1.27258
1.275
1.27654
1.27733
1.2776
1.27722
1.27651
1.27547
1.27451
1.27391
1.2734
1.27307
1.27274
1.27245
1.27215
1.27173
1.27134
1.27097
1.27077
1.27067
1.27045
1.27039
1.27041
1.27045
1.27044
1.27041
1.26999
1.26925
1.2684
1.26717
1.26574
1.26404
1.26235
1.26041
1.25857
1.25692
1.25541
1.2545
1.25407
1.25409
1.25467
1.25577
1.25728
1.25913
1.26126
1.26354
1.26562
1.26745
1.26886
1.26986
1.2703
1.27034
1.27016
1.26981
1.26922
1.26834
1.26744
1.26646
1.26547
1.26436
1.26307
1.26172
1.2604
1.25885
1.25704
1.25511
1.25316
1.25111
1.24911
1.24725
1.24544
1.24351
1.24159
1.23963
1.23784
1.23605
1.23442
1.23322
1.23251
1.2322
1.23228
1.23267
1.23326
1.23385
1.23457
1.23501
1.23502
1.23479
1.2345
1.23422
1.2342
1.23479
1.23596
1.23764
1.23951
1.24158
1.24376
1.24567
1.24706
1.24805
1.24862
1.24874
1.24855
1.24805
1.24728
1.24641
1.24568
1.24492
1.24433
1.2438
1.24327
1.24241
1.24118
1.23935
1.23687
1.23398
1.23094
1.22853
1.22766
1.22864
1.23162
1.23604
1.24132
1.24682
1.25183
1.25604
1.25917
1.2614
1.26281
1.26369
1.2641
1.26426
1.26396
1.26372
1.26332
1.26254
1.26127
1.25972
1.25793
1.25584
1.25336
1.25086
1.24808
1.24548
1.24327
1.24176
1.24128
1.24174
1.24322
1.24571
1.24901
1.2527
1.25616
1.25917
1.26162
1.26308
1.26358
1.26285
1.2611
1.25877
1.2559
1.25282
1.25002
1.24808
1.24725
1.24777
1.24949
1.25215
1.25545
1.25891
1.26222
1.2653
1.2679
1.26993
1.27151
1.27246
1.27289
1.27281
1.27242
1.27128
1.26956
1.26741
1.26471
1.26147
1.25802
1.25461
1.25155
1.24892
1.24727
1.24667
1.2468
1.24768
1.24892
1.25023
1.25136
1.25207
1.25231
1.25184
1.25098
1.24993
1.24896
1.24825
1.24818
1.24881
1.25006
1.2515
1.25279
1.25375
1.25416
1.2538
1.25262
1.25063
1.24826
1.24587
1.24406
1.2431
1.24352
1.245
1.24715
1.2495
1.25186
1.25376
1.2553
1.25629
1.25688
1.25714
1.25715
1.25689
1.2564
1.25579
1.25507
1.2543
1.25359
1.25299
1.2524
1.25176
1.25092
1.25
1.2491
1.24826
1.24756
1.24714
1.24661
1.2462
1.24591
1.24557
1.24524
1.24481
1.24444
1.24412
1.24383
1.24349
1.2431
1.24274
1.24226
1.24191
1.24142
1.24082
1.2401
1.23907
1.23783
1.23658
1.23555
1.23501
1.23529
1.23671
1.23948
1.24327
1.24771
1.2524
1.25686
1.26056
1.26346
1.26545
1.26641
1.26649
1.2659
1.26444
1.26218
1.25944
1.25579
1.25155
1.24707
1.24238
1.23824
1.23495
1.23276
1.23182
1.23198
1.23292
1.23433
1.23566
1.2369
1.2382
1.23982
1.2418
1.24411
1.24667
1.24941
1.25207
1.25461
1.25701
1.25896
1.26057
1.26191
1.26318
1.26432
1.26549
1.26682
1.26814
1.26939
1.27054
1.27161
1.27256
1.27316
1.27333
1.27313
1.27251
1.27146
1.27005
1.26829
1.26626
1.26416
1.2622
1.26041
1.25894
1.25778
1.25705
1.2567
1.2566
1.2567
1.25703
1.25768
1.25849
1.25954
1.26103
1.26285
1.26493
1.26741
1.26993
1.27262
1.27517
1.27749
1.27946
1.28092
1.28199
1.28249
1.2824
1.28172
1.28064
1.27906
1.27687
1.27446
1.27214
1.26982
1.26774
1.26602
1.26494
1.26452
1.26495
1.26614
1.26806
1.27089
1.27451
1.27837
1.28228
1.28616
1.28972
1.29285
1.29555
1.29745
1.29851
1.29897
1.29857
1.29751
1.29574
1.29332
1.29048
1.28765
1.28513
1.28311
1.28185
1.2817
1.28261
1.28405
1.28584
1.28768
1.2889
1.28935
1.2889
1.2875
1.28533
1.28267
1.28011
1.27803
1.27676
1.2765
1.27715
1.27836
1.27985
1.28095
1.28182
1.28245
1.28284
1.28311
1.28319
1.28299
1.28278
1.2826
1.2824
1.2821
1.28173
1.28133
1.28091
1.28057
1.28026
1.28005
1.28
1.28011
1.28043
1.28105
1.2818
1.28272
1.28374
1.28482
1.28574
1.28664
1.28741
1.28791
1.28821
1.28824
1.28784
1.28705
1.286
1.28482
1.28347
1.28205
1.2807
1.27977
1.27947
1.27986
1.28089
1.28227
1.28376
1.28511
1.28612
1.28649
1.28631
1.28569
1.28451
1.28271
1.2807
1.2788
1.27714
1.27601
1.27545
1.27557
1.27652
1.27825
1.28068
1.28357
1.28655
1.28938
1.29199
1.29402
1.29535
1.29637
1.29688
1.29701
1.2968
1.29621
1.2955
1.29452
1.2934
1.29232
1.29134
1.29086
1.29035
1.28991
1.28951
1.28932
1.28934
1.28955
1.2897
1.28986
1.28991
1.28975
1.28973
1.28981
1.2901
1.29101
1.29252
1.29464
1.29745
1.30078
1.30453
1.30844
1.31203
1.31514
1.31741
1.31854
1.31877
1.31784
1.31569
1.31242
1.30838
1.30391
1.29959
1.29613
1.29389
1.29314
1.29369
1.29546
1.29792
1.30071
1.30367
1.30641
1.30876
1.31062
1.31208
1.31298
1.31334
1.31312
1.31241
1.31124
1.30989
1.30853
1.30743
1.30692
1.30672
1.30713
1.30776
1.30819
1.30808
1.30719
1.30522
1.30217
1.29832
1.29415
1.29064
1.2892
1.29046
1.29404
1.29944
1.3052
1.31056
1.31466
1.31731
1.31841
1.31811
1.31622
1.31294
1.30851
1.30318
1.29726
1.29134
1.28546
1.28066
1.27732
1.27584
1.27618
1.27799
1.28059
1.28374
1.28684
1.2894
1.29133
1.29261
1.29311
1.29299
1.29212
1.29076
1.28899
1.28709
1.28526
1.28366
1.28243
1.28177
1.28162
1.2819
1.28233
1.28294
1.28367
1.28435
1.28487
1.28534
1.28558
1.28557
1.28536
1.28484
1.28392
1.28262
1.28117
1.27936
1.27742
1.27547
1.27342
1.27148
1.26964
1.26809
1.26672
1.26575
1.26522
1.26487
1.26469
1.26466
1.26474
1.26488
1.26496
1.26501
1.26503
1.26497
1.26498
1.26508
1.26508
1.26518
1.26533
1.26547
1.26562
1.26569
1.26583
1.26599
1.26605
1.26617
1.26648
1.26707
1.2679
1.26907
1.27069
1.27247
1.27436
1.27647
1.27837
1.27996
1.28117
1.28185
1.28186
1.28104
1.27957
1.27742
1.27466
1.27149
1.26824
1.26533
1.26294
1.26118
1.25959
1.25782
1.25586
1.25349
1.25084
1.24818
1.24613
1.24505
1.24551
1.24781
1.25178
1.25686
1.26247
1.26797
1.27278
1.27663
1.27963
1.28185
1.28353
1.28485
1.28586
1.28669
1.28719
1.28721
1.28666
1.28534
1.28361
1.28174
1.27996
1.27845
1.27737
1.27703
1.27751
1.27877
1.28067
1.28306
1.2856
1.28809
1.29046
1.29256
1.29412
1.29511
1.29551
1.29531
1.2948
1.29408
1.29343
1.29313
1.29352
1.29474
1.29677
1.29946
1.30239
1.30538
1.30795
1.30995
1.31141
1.3121
1.31228
1.3122
1.31173
1.31084
1.30991
1.30913
1.30852
1.30812
1.30805
1.30784
1.3075
1.30718
1.30673
1.30576
1.30423
1.30243
1.30029
1.29754
1.29443
1.29148
1.28875
1.28661
1.28526
1.28465
1.28476
1.28531
1.28597
1.28648
1.28666
1.28664
1.28671
1.28727
1.28836
1.29028
1.29333
1.29716
1.30147
1.30574
1.30965
1.31305
1.31555
1.31717
1.3178
1.31732
1.31571
1.3132
1.30978
1.3057
1.30132
1.29748
1.29465
1.29313
1.29289
1.2936
1.29462
1.29572
1.2968
1.29784
1.29881
1.29966
1.29996
1.29975
1.29867
1.29678
1.29414
1.29112
1.28791
1.28512
1.28316
1.28215
1.28248
1.28429
1.28715
1.29091
1.29528
1.3001
1.30474
1.30897
1.31269
1.31579
1.31821
1.31982
1.32082
1.3212
1.321
1.32029
1.31903
1.31754
1.31617
1.31511
1.31422
1.31414
1.31444
1.31537
1.31679
1.31864
1.32041
1.32244
1.32441
1.32614
1.32755
1.32865
1.3292
1.32937
1.32902
1.32832
1.32708
1.32551
1.32361
1.32157
1.31943
1.31744
1.3158
1.31459
1.31403
1.31399
1.31455
1.31563
1.31717
1.31897
1.32086
1.32283
1.32449
1.32567
1.32622
1.32608
1.32518
1.32371
1.32167
1.31901
1.31599
1.31311
1.3106
1.30877
1.30819
1.30916
1.31148
1.31481
1.31875
1.32291
1.32692
1.33039
1.33303
1.33512
1.33653
1.33736
1.33753
1.33723
1.33649
1.33571
1.33456
1.33313
1.33159
1.3297
1.32756
1.32508
1.32232
1.31932
1.31641
1.31398
1.31207
1.31091
1.31054
1.31072
1.31151
1.31262
1.31391
1.31508
1.31609
1.31693
1.31742
1.31747
1.31681
1.31551
1.3135
1.31065
1.30687
1.30224
1.29677
1.29095
1.28551
1.28138
1.27911
1.27897
1.28068
1.28336
1.28611
1.28832
1.2899
1.29074
1.29084
1.29041
1.28972
1.28865
1.28756
1.28633
1.28531
1.28441
1.28372
1.28332
1.28335
1.28366
1.28418
1.28512
1.28645
1.28787
1.28932
1.29099
1.29241
1.29368
1.29437
1.29449
1.29379
1.29219
1.28944
1.28573
1.2812
1.27654
1.27224
1.2693
1.26809
1.26852
1.27035
1.27311
1.27618
1.27904
1.28155
1.28359
1.28507
1.28618
1.28672
1.2868
1.28639
1.28584
1.28521
1.28467
1.28436
1.2841
1.28403
1.28399
1.28364
1.28312
1.28212
1.28062
1.27864
1.2764
1.27412
1.27198
1.27012
1.26902
1.269
1.26997
1.27182
1.27448
1.27764
1.28096
1.28395
1.28635
1.28833
1.2897
1.29046
1.29069
1.29063
1.29047
1.29016
1.28985
1.28967
1.28974
1.28999
1.29002
1.29027
1.29061
1.291
1.29163
1.29243
1.29344
1.29452
1.29556
1.29647
1.29726
1.29807
1.29882
1.29956
1.30029
1.30115
1.30221
1.30323
1.30431
1.30545
1.30651
1.30745
1.30808
1.30845
1.3084
1.30791
1.30669
1.3049
1.30269
1.29998
1.29726
1.29454
1.2924
1.29099
1.29044
1.29025
1.29065
1.29137
1.29227
1.29332
1.29431
1.29516
1.29566
1.29564
1.29508
1.29405
1.29305
1.29235
1.29225
1.29316
1.29532
1.29866
1.3026
1.30664
1.31048
1.31376
1.31611
1.31734
1.31736
1.31625
1.31406
1.31073
1.30661
1.30201
1.29783
1.29445
1.29219
1.29116
1.29169
1.29341
1.2958
1.29873
1.30169
1.30473
1.30762
1.3102
1.31268
1.31486
1.31671
1.31811
1.319
1.31961
1.31982
1.31944
1.31819
1.31596
1.31261
1.30831
1.30302
1.29693
1.29061
1.2845
1.27933
1.27557
1.27381
1.27398
1.27574
1.27896
1.28299
1.28716
1.29116
1.29494
1.29844
1.30148
1.30408
1.30622
1.30795
1.30909
1.30956
1.30941
1.3087
1.30759
1.30604
1.30395
1.30148
1.2987
1.29561
1.29239
1.28919
1.28627
1.284
1.28262
1.28246
1.28339
1.2852
1.28732
1.28954
1.29166
1.29328
1.29439
1.29487
1.29498
1.29483
1.29422
1.29333
1.29239
1.29128
1.29014
1.28888
1.28767
1.28656
1.28558
1.28485
1.28424
1.28362
1.28323
1.28302
1.28289
1.28282
1.28288
1.2829
1.28295
1.28286
1.28296
1.28299
1.28296
1.28289
1.2829
1.28294
1.28307
1.28326
1.28354
1.28399
1.28442
1.28508
1.2859
1.28679
1.2877
1.28872
1.2896
1.2905
1.29141
1.29224
1.29292
1.29336
1.29332
1.29281
1.2919
1.29056
1.28875
1.28664
1.28455
1.28302
1.28243
1.28325
1.28555
1.28906
1.29321
1.29759
1.30175
1.30539
1.30841
1.3107
1.31239
1.31349
1.31381
1.31335
1.31191
1.30917
1.30506
1.29956
1.293
1.28639
1.28142
1.27987
1.28218
1.28762
1.29454
1.30139
1.30667
1.31025
1.31218
1.31245
1.3111
1.30859
1.3051
1.30029
1.29457
1.28805
1.28163
1.27617
1.27284
1.2726
1.27576
1.28182
1.28953
1.29726
1.30449
1.31077
1.31583
1.31975
1.3229
1.32528
1.32704
1.32821
1.32885
1.32896
1.32839
1.32687
1.32462
1.32167
1.31801
1.31381
1.30923
1.30493
1.30146
1.2995
1.29935
1.30083
1.30351
1.30707
1.31093
1.3148
1.31825
1.32124
1.32396
1.32617
1.32793
1.32958
1.33083
1.33182
1.33248
1.33298
1.33316
1.33294
1.33229
1.3311
1.32925
1.32675
1.32357
1.31962
1.31501
1.30994
1.30474
1.29983
1.29531
1.29123
1.28778
1.28485
1.28258
1.28127
1.28124
1.28268
1.28546
1.28934
1.29362
1.29776
1.30141
1.30407
1.30546
1.30551
1.30441
1.3023
1.29924
1.29566
1.29201
1.28866
1.28595
1.28431
1.28399
1.28499
1.28736
1.29102
1.29537
1.30012
1.30481
1.30928
1.31329
1.31653
1.31909
1.32109
1.32257
1.32377
1.32459
1.325
1.32525
1.32548
1.32564
1.32564
1.32548
1.32523
1.32483
1.32406
1.32302
1.32177
1.32025
1.31833
1.31591
1.3131
1.30979
1.30597
1.30203
1.29827
1.2952
1.29304
1.29193
1.29187
1.29263
1.29376
1.29508
1.29652
1.29811
1.29972
1.30144
1.30304
1.30461
1.3061
1.3075
1.3087
1.30969
1.31056
1.31132
1.31203
1.31265
1.31334
1.31402
1.31472
1.31537
1.31596
1.31664
1.31722
1.31768
1.318
1.31838
1.31865
1.31884
1.31901
1.31923
1.31937
1.31953
1.31952
1.31958
1.31967
1.31981
1.32004
1.32021
1.32049
1.32089
1.32158
1.32233
1.3232
1.3241
1.32495
1.32563
1.32622
1.32626
1.32603
1.32521
1.32377
1.32188
1.31942
1.31679
1.31433
1.31229
1.31078
1.3102
1.31058
1.31198
1.3144
1.31751
1.32112
1.32487
1.32837
1.33147
1.3339
1.33554
1.33637
1.33684
1.33684
1.33624
1.33519
1.33411
1.33307
1.33197
1.33076
1.3299
1.32944
1.32934
1.32936
1.32962
1.33027
1.33128
1.3323
1.33319
1.3339
1.33445
1.33487
1.33494
1.33491
1.3346
1.3342
1.33381
1.33338
1.33341
1.33385
1.33469
1.33617
1.33806
1.33983
1.34149
1.34324
1.34472
1.34625
1.34751
1.34824
1.34855
1.34869
1.34834
1.34736
1.34582
1.34375
1.34135
1.33845
1.33518
1.33161
1.32759
1.32356
1.31952
1.31575
1.31225
1.3095
1.30749
1.30627
1.30595
1.30662
1.30835
1.31119
1.31493
1.31918
1.32342
1.32745
1.33099
1.33392
1.3361
1.33778
1.33878
1.33926
1.33885
1.33805
1.33682
1.33504
1.33273
1.33008
1.32699
1.32375
1.32048
1.31735
1.31447
1.31204
1.31005
1.30854
1.30753
1.30676
1.30612
1.30563
1.30511
1.3046
1.30418
1.3038
1.30377
1.30419
1.30502
1.30636
1.30807
1.30995
1.31186
1.31374
1.31561
1.31735
1.31893
1.3201
1.32092
1.32147
1.32146
1.32094
1.31991
1.31802
1.31531
1.31174
1.30712
1.30184
1.29665
1.2929
1.29163
1.29332
1.29751
1.30309
1.30884
1.31384
1.31781
1.32086
1.32305
1.32442
1.32513
1.32535
1.32485
1.32429
1.32341
1.32203
1.32022
1.31785
1.31499
1.31176
1.30811
1.30402
1.29986
1.29614
1.29358
1.2926
1.29364
1.29664
1.30084
1.30579
1.31093
1.31611
1.32109
1.32554
1.32975
1.33345
1.33647
1.33891
1.34076
1.34208
1.34283
1.34301
1.34285
1.34258
1.34227
1.34222
1.34275
1.34413
1.34637
1.34924
1.35251
1.35573
1.3587
1.36085
1.362
1.36151
1.3592
1.35484
1.34836
1.33993
1.3305
1.32105
1.31308
1.30806
1.30665
1.30847
1.31256
1.3176
1.32259
1.32716
1.33147
1.33559
1.34005
1.34469
1.34984
1.3549
1.35973
1.36378
1.36679
1.36857
1.36918
1.36883
1.36762
1.36625
1.36482
1.36375
1.36386
1.36499
1.36693
1.36948
1.37227
1.37501
1.37754
1.37978
1.38145
1.38267
1.3833
1.38338
1.38319
1.3828
1.38218
1.38136
1.38045
1.37961
1.37895
1.37834
1.3779
1.37759
1.37736
1.377
1.37649
1.37564
1.37449
1.37296
1.37116
1.36949
1.36807
1.36721
1.36714
1.36753
1.36827
1.36914
1.36996
1.37041
1.37064
1.37065
1.37056
1.37053
1.37066
1.37105
1.37154
1.37206
1.37253
1.37283
1.37289
1.37272
1.37239
1.37216
1.37193
1.37177
1.37164
1.37187
1.37222
1.37276
1.37361
1.37466
1.37582
1.37687
1.37798
1.37911
1.3801
1.38125
1.3825
1.38361
1.38434
1.38469
1.38465
1.3839
1.38222
1.37976
1.37651
1.37281
1.36842
1.36361
1.35903
1.35536
1.35288
1.35133
1.35073
1.35067
1.35069
1.35045
1.35008
1.34979
1.3497
1.35015
1.35132
1.35332
1.35597
1.35903
1.3621
1.36485
1.36681
1.36774
1.36782
1.36712
1.36583
1.36406
1.36209
1.36001
1.35785
1.35585
1.35403
1.3524
1.35101
1.35004
1.34924
1.34866
1.34833
1.34818
1.34825
1.34835
1.34842
1.34863
1.34886
1.34884
1.34892
1.34915
1.34938
1.34954
1.34977
1.34997
1.35012
1.3502
1.35035
1.35057
1.35062
1.35055
1.35039
1.34999
1.34919
1.34783
1.34555
1.3422
1.3377
1.3321
1.3259
1.32012
1.31605
1.31477
1.31662
1.3208
1.32624
1.33176
1.33642
1.33981
1.34212
1.34353
1.34434
1.34457
1.34428
1.34355
1.34261
1.3414
1.34005
1.33855
1.33702
1.33552
1.33388
1.33245
1.33122
1.33022
1.32949
1.32923
1.32952
1.33032
1.33159
1.33337
1.33569
1.33839
1.34126
1.34434
1.34757
1.35082
1.35387
1.35663
1.35887
1.36083
1.36238
1.36354
1.36443
1.36495
1.36471
1.36395
1.36277
1.36152
1.36027
1.35896
1.35802
1.35723
1.35675
1.35691
1.35776
1.35946
1.36195
1.36493
1.36792
1.37101
1.374
1.37651
1.37863
1.38047
1.3819
1.38279
1.38327
1.38327
1.38272
1.38161
1.37991
1.37784
1.37532
1.3725
1.36957
1.36695
1.36468
1.36321
1.36287
1.36364
1.36527
1.36738
1.37017
1.37292
1.37559
1.37799
1.38004
1.38162
1.38275
1.38349
1.38373
1.38347
1.38291
1.38189
1.38057
1.37884
1.37652
1.37352
1.37012
1.36616
1.36184
1.35748
1.35389
1.35203
1.35242
1.35527
1.36013
1.36602
1.37206
1.37743
1.38184
1.38536
1.3883
1.39021
1.39163
1.39213
1.39216
1.3914
1.39008
1.38809
1.3855
1.38237
1.37893
1.37543
1.37207
1.36913
1.36682
1.36545
1.36521
1.36611
1.36773
1.37018
1.37308
1.37599
1.37895
1.38158
1.38363
1.38508
1.38587
1.38617
1.38584
1.385
1.38373
1.38206
1.38008
1.37811
1.37616
1.37446
1.37294
1.37172
1.37061
1.36942
1.36828
1.36737
1.36698
1.36746
1.36917
1.37209
1.37586
1.3798
1.38336
1.38604
1.38729
1.38689
1.38456
1.38027
1.37368
1.36517
1.35507
1.34481
1.33611
1.3305
1.32896
1.33132
1.33738
1.34587
1.355
1.36291
1.36848
1.37091
1.36963
1.36524
1.35856
1.35129
1.34588
1.34423
1.34682
1.35228
1.35914
1.36537
1.37026
1.37335
1.37496
1.37554
1.37544
1.3749
1.37428
1.37369
1.37321
1.3728
1.37262
1.37263
1.37275
1.37298
1.37322
1.37341
1.37339
1.37309
1.37279
1.37258
1.37235
1.37215
1.37202
1.3718
1.37157
1.37159
1.37179
1.3721
1.3725
1.37284
1.37325
1.37378
1.37436
1.37508
1.3759
1.37681
1.37781
1.37886
1.38008
1.38133
1.38254
1.38364
1.38449
1.38513
1.38548
1.38558
1.38544
1.38457
1.38295
1.38053
1.37722
1.37288
1.36778
1.36223
1.35666
1.35198
1.34859
1.34674
1.34644
1.34725
1.3483
1.34874
1.34846
1.34721
1.34533
1.34327
1.34193
1.34187
1.34302
1.34533
1.34799
1.35053
1.35273
1.35467
1.3564
1.35812
1.35997
1.36186
1.36393
1.36592
1.36776
1.36946
1.37091
1.37223
1.37334
1.37406
1.37447
1.37452
1.37417
1.37345
1.37238
1.37097
1.36928
1.36739
1.36554
1.364
1.36278
1.36202
1.3615
1.36141
1.36173
1.36231
1.363
1.36368
1.36432
1.36488
1.36534
1.3656
1.36572
1.36574
1.36563
1.36535
1.36501
1.36447
1.36394
1.36335
1.36239
1.36124
1.35967
1.35745
1.35445
1.35047
1.34549
1.33942
1.33263
1.32574
1.31985
1.31603
1.3148
1.31627
1.31986
1.32438
1.32905
1.33335
1.33691
1.33953
1.34122
1.34219
1.34254
1.34236
1.34188
1.34127
1.3406
1.34001
1.33959
1.33938
1.33952
1.3399
1.34048
1.34135
1.34242
1.34337
1.34441
1.3456
1.34663
1.34779
1.34916
1.35037
1.35133
1.35213
1.35286
1.35355
1.35421
1.35469
1.35485
1.35467
1.35394
1.35264
1.35088
1.34851
1.34584
1.34294
1.34019
1.33796
1.33663
1.33652
1.33782
1.34033
1.34355
1.3472
1.35085
1.35428
1.3571
1.3595
1.36135
1.36263
1.36366
1.36416
1.36452
1.36498
1.36515
1.36522
1.365
1.36458
1.36353
1.36198
1.36025
1.35835
1.3561
1.35412
1.3524
1.35102
1.35006
1.34944
1.34899
1.3487
1.34813
1.34698
1.34478
1.34174
1.33829
1.33469
1.33126
1.3284
1.32653
1.32594
1.32688
1.32944
1.33316
1.33782
1.34297
1.34807
1.35273
1.35653
1.35954
1.3618
1.36319
1.36394
1.36432
1.36491
1.36569
1.36658
1.36767
1.36865
1.3696
1.37032
1.37089
1.37099
1.37062
1.36951
1.3677
1.36497
1.36135
1.3567
1.35099
1.34454
1.33787
1.33166
1.32681
1.32455
1.32496
1.32731
1.33063
1.3341
1.33684
1.3386
1.33948
1.33943
1.33872
1.3377
1.33646
1.33497
1.33362
1.33228
1.331
1.3299
1.32897
1.32824
1.32781
1.32735
1.32687
1.32633
1.3256
1.3246
1.32335
1.32177
1.31983
1.31772
1.31577
1.31432
1.31339
1.3135
1.31491
1.31743
1.3207
1.3245
1.32856
1.33258
1.33626
1.33936
1.34172
1.34346
1.34439
1.34467
1.34422
1.34315
1.34203
1.34079
1.33953
1.33839
1.33739
1.33668
1.33626
1.33601
1.3361
1.33644
1.33702
1.33775
1.33841
1.33874
1.33887
1.33851
1.33798
1.33723
1.33646
1.33557
1.33486
1.33444
1.33443
1.335
1.33618
1.33808
1.34034
1.34272
1.34497
1.34655
1.34721
1.34677
1.34533
1.34264
1.33863
1.33326
1.32722
1.322
1.32
1.32264
1.32942
1.33818
1.34648
1.35243
1.35581
1.35671
1.35582
1.35374
1.35144
1.34945
1.3483
1.34803
1.34856
1.34971
1.35124
1.35274
1.35387
1.35454
1.35456
1.35352
1.3513
1.34839
1.3451
1.34208
1.33952
1.33804
1.33792
1.33903
1.34074
1.34289
1.34513
1.34726
1.34912
1.35056
1.35153
1.35194
1.35218
1.35216
1.35218
1.35218
1.35201
1.35179
1.3512
1.35061
1.34994
1.34928
1.34836
1.34702
1.34531
1.34342
1.34133
1.33928
1.33706
1.3349
1.33297
1.33114
1.32957
1.32838
1.32761
1.32708
1.32661
1.32596
1.32536
1.32473
1.32412
1.32377
1.32388
1.32453
1.32586
1.32782
1.32995
1.33196
1.3337
1.33507
1.33581
1.33588
1.33509
1.33339
1.33089
1.32783
1.32468
1.32196
1.32016
1.31964
1.32013
1.32129
1.32288
1.32473
1.32616
1.32675
1.32656
1.32572
1.32415
1.32193
1.31928
1.31634
1.31324
1.31033
1.30764
1.30541
1.30372
1.30279
1.30262
1.30299
1.30375
1.30492
1.30628
1.30764
1.30886
1.30998
1.31092
1.31172
1.31257
1.31334
1.31402
1.31468
1.3153
1.31571
1.31604
1.31623
1.31646
1.31644
1.31623
1.31573
1.31501
1.31411
1.31296
1.31143
1.30953
1.30741
1.30528
1.30331
1.30194
1.30175
1.30258
1.3044
1.30679
1.30949
1.31219
1.31469
1.31666
1.31819
1.31928
1.31998
1.32041
1.32065
1.32082
1.32083
1.32082
1.32094
1.32135
1.32212
1.32316
1.32444
1.32588
1.32729
1.32874
1.32994
1.33087
1.33132
1.33135
1.33098
1.33018
1.32888
1.32713
1.32506
1.32278
1.32067
1.31902
1.3181
1.3179
1.31851
1.31977
1.32153
1.32352
1.32538
1.32694
1.32812
1.32863
1.32869
1.32838
1.32776
1.3271
1.32634
1.32563
1.32487
1.32408
1.32339
1.32278
1.32242
1.32221
1.32234
1.32257
1.32275
1.32258
1.32233
1.32243
1.32326
1.32524
1.32819
1.33196
1.33585
1.33939
1.3423
1.3445
1.34598
1.34696
1.34742
1.34765
1.34772
1.34756
1.34739
1.34731
1.34711
1.34722
1.34735
1.34747
1.34766
1.34782
1.34821
1.34862
1.34882
1.34895
1.34913
1.34907
1.34856
1.34751
1.34594
1.34356
1.34054
1.33698
1.33314
1.32952
1.32686
1.32557
1.32605
1.32811
1.33124
1.33457
1.33756
1.34012
1.34213
1.34337
1.34426
1.3451
1.34587
1.34696
1.34827
1.34957
1.35114
1.35265
1.35382
1.35469
1.35546
1.35628
1.35698
1.3577
1.35833
1.35875
1.35892
1.35854
1.35768
1.35644
1.35485
1.35302
1.35117
1.34962
1.34846
1.348
1.34817
1.34885
1.3498
1.35104
1.35252
1.35393
1.35529
1.35673
1.3578
1.35881
1.35961
1.3602
1.36075
1.36134
1.36184
1.36217
1.36224
1.36202
1.36157
1.36081
1.35983
1.35835
1.35646
1.35437
1.35192
1.3495
1.34706
1.34463
1.3422
1.33986
1.3374
1.33485
1.33232
1.32995
1.32797
1.32702
1.32768
1.33022
1.33477
1.3406
1.34715
1.35373
1.35986
1.36508
1.36941
1.3728
1.37549
1.37769
1.37957
1.38097
1.38222
1.3833
1.38415
1.38488
1.38537
1.38566
1.38562
1.38507
1.3841
1.38257
1.38029
1.3774
1.3738
1.36934
1.36427
1.35944
1.35535
1.35267
1.35203
1.35363
1.35701
1.36153
1.36638
1.3707
1.37402
1.37624
1.37754
1.37794
1.37771
1.37719
1.37651
1.37619
1.3763
1.37719
1.3788
1.38104
1.38357
1.38573
1.38731
1.38784
1.38709
1.3852
1.38225
1.37869
1.37537
1.37294
1.37243
1.37423
1.3781
1.38347
1.38947
1.39525
1.40019
1.40392
1.40667
1.40822
1.40873
1.40834
1.40708
1.4052
1.40257
1.39904
1.39482
1.38963
1.38427
1.37942
1.37589
1.37352
1.37219
1.37123
1.37024
1.36934
1.36935
1.37058
1.37382
1.37869
1.38488
1.39181
1.39878
1.40526
1.41108
1.41601
1.42019
1.42359
1.42617
1.42802
1.42905
1.42946
1.42915
1.428
1.42651
1.42456
1.42202
1.4191
1.4158
1.4124
1.40888
1.40529
1.40176
1.39837
1.39524
1.3926
1.39039
1.38856
1.38724
1.38671
1.38738
1.38895
1.39131
1.39421
1.39754
1.40088
1.40391
1.40636
1.40804
1.4091
1.40944
1.40917
1.40843
1.40731
1.40593
1.40453
1.40289
1.40128
1.39985
1.39854
1.39729
1.39629
1.39551
1.39475
1.39385
1.39295
1.39214
1.39168
1.39127
1.39111
1.39121
1.39142
1.39196
1.39263
1.39342
1.39397
1.39428
1.39423
1.39388
1.39318
1.39234
1.39127
1.38996
1.38849
1.38709
1.38586
1.38481
1.38396
1.3833
1.38292
1.38281
1.38273
1.38242
1.38179
1.38077
1.37932
1.37758
1.37563
1.37375
1.37225
1.37133
1.37108
1.37166
1.37284
1.37421
1.37558
1.37689
1.37799
1.37863
1.37897
1.37912
1.37897
1.37869
1.37817
1.37761
1.37703
1.37645
1.37579
1.37501
1.37429
1.37358
1.37301
1.3723
1.37165
1.37088
1.3702
1.36957
1.36895
1.36836
1.36774
1.36696
1.36587
1.36451
1.36291
1.3609
1.35874
1.35654
1.35462
1.35313
1.35243
1.35265
1.35359
1.35503
1.35692
1.35904
1.36103
1.36283
1.36432
1.36547
1.36632
1.3668
1.36709
1.36699
1.36666
1.366
1.36523
1.36428
1.36327
1.36231
1.36149
1.36066
1.35992
1.35941
1.35923
1.35934
1.35944
1.35948
1.35949
1.35945
1.35944
1.35956
1.35984
1.36034
1.36103
1.36201
1.36348
1.36501
1.36659
1.36777
1.36845
1.36852
1.36773
1.36564
1.36236
1.35815
1.35366
1.3498
1.34756
1.34753
1.34956
1.35294
1.35658
1.35969
1.362
1.36363
1.36438
1.36455
1.36434
1.3639
1.36316
1.36232
1.36159
1.36088
1.36036
1.36017
1.3604
1.36121
1.36273
1.36503
1.36763
1.37066
1.37406
1.37738
1.38031
1.38312
1.38552
1.3876
1.38937
1.39092
1.39226
1.39332
1.39428
1.395
1.39567
1.39626
1.39684
1.39736
1.3978
1.39819
1.39859
1.39918
1.39964
1.39997
1.4003
1.4005
1.40074
1.40085
1.40082
1.40064
1.40031
1.39946
1.39822
1.3966
1.3947
1.39274
1.39126
1.39056
1.39075
1.39201
1.39404
1.3966
1.39929
1.40197
1.40462
1.40723
1.40976
1.41228
1.41439
1.41629
1.41773
1.41867
1.41924
1.41929
1.41902
1.41852
1.41777
1.41698
1.41656
1.41671
1.41739
1.41848
1.41997
1.42171
1.42354
1.42524
1.42663
1.42771
1.42831
1.4282
1.42763
1.4266
1.4251
1.42314
1.42111
1.4189
1.4166
1.41439
1.41247
1.4109
1.40994
1.40938
1.40907
1.40921
1.40993
1.41112
1.41274
1.41505
1.41791
1.42094
1.42409
1.42717
1.42994
1.43227
1.43411
1.4353
1.43607
1.43649
1.43646
1.43582
1.43471
1.43319
1.43118
1.42866
1.42544
1.42152
1.41701
1.41245
1.40789
1.40409
1.40174
1.40097
1.4018
1.40387
1.40652
1.40945
1.41235
1.41516
1.41782
1.42008
1.42238
1.42469
1.4268
1.4287
1.43037
1.43164
1.43254
1.43301
1.43328
1.4333
1.43296
1.43257
1.43183
1.43096
1.43003
1.42889
1.4278
1.42673
1.42567
1.42488
1.42419
1.42368
1.4233
1.42336
1.42326
1.42303
1.42309
1.42308
1.42324
1.42371
1.42433
1.425
1.42568
1.4263
1.427
1.42758
1.4281
1.42864
1.42909
1.42959
1.43015
1.43072
1.43128
1.43209
1.43306
1.43417
1.43529
1.43668
1.43812
1.43946
1.4407
1.44188
1.44299
1.444
1.44471
1.44491
1.44486
1.44464
1.44389
1.44245
1.44085
1.43911
1.4371
1.43484
1.43243
1.43024
1.42824
1.42656
1.42527
1.42441
1.4238
1.42344
1.42327
1.42328
1.4232
1.42264
1.42138
1.41927
1.41607
1.41214
1.40813
1.40535
1.40476
1.40674
1.41071
1.4158
1.42071
1.42473
1.42729
1.42881
1.42961
1.43002
1.43053
1.43142
1.4326
1.43388
1.43501
1.4359
1.4366
1.43684
1.43652
1.43598
1.43539
1.43484
1.43428
1.43373
1.43325
1.43277
1.43239
1.43198
1.43157
1.43106
1.43076
1.43078
1.43119
1.43199
1.4331
1.43452
1.43601
1.43764
1.43912
1.44044
1.44141
1.44182
1.442
1.44185
1.44134
1.44044
1.43906
1.43711
1.43457
1.43175
1.4293
1.42747
1.42684
1.42774
1.43045
1.43462
1.43953
1.44444
1.4489
1.45251
1.45496
1.45605
1.45554
1.45374
1.45026
1.44527
1.43933
1.43312
1.42755
1.42404
1.42321
1.425
1.42832
1.43205
1.43492
1.4364
1.43664
1.43589
1.43452
1.43306
1.43164
1.43089
1.43103
1.4321
1.43402
1.43644
1.43907
1.44168
1.44421
1.44652
1.44851
1.45001
1.45097
1.45165
1.45198
1.45177
1.4513
1.45069
1.44993
1.44923
1.44871
1.44832
1.44817
1.44811
1.4481
1.44838
1.44869
1.44908
1.44951
1.44975
1.44961
1.4492
1.44847
1.44738
1.4459
1.44409
1.44262
1.44143
1.44095
1.44121
1.44237
1.44432
1.44681
1.44942
1.45216
1.45471
1.45649
1.45808
1.45921
1.45977
1.45991
1.45949
1.45835
1.45679
1.4547
1.45211
1.44921
1.44633
1.44381
1.44211
1.44146
1.44199
1.44359
1.44588
1.44856
1.45135
1.45387
1.45615
1.45811
1.45984
1.46141
1.46281
1.46392
1.46476
1.46534
1.46548
1.46522
1.46458
1.46383
1.46263
1.46086
1.45854
1.45573
1.45255
1.44924
1.44599
1.44315
1.44105
1.43978
1.43938
1.43972
1.44071
1.44191
1.44332
1.44503
1.44718
1.45004
1.45367
1.45805
1.46287
1.4678
1.47263
1.4772
1.48105
1.48393
1.48587
1.48665
1.48619
1.48452
1.48154
1.47765
1.47295
1.46784
1.46289
1.45885
1.45593
1.45369
1.45223
1.45128
1.45052
1.45019
1.45031
1.4507
1.45139
1.45248
1.4537
1.45489
1.45581
1.45597
1.45554
1.45446
1.45275
1.45066
1.44836
1.44592
1.44367
1.44163
1.44005
1.4391
1.43879
1.439
1.43943
1.44018
1.44112
1.44192
1.44278
1.44369
1.44414
1.44426
1.44403
1.44349
1.4426
1.44168
1.4407
1.43988
1.43898
1.43816
1.43756
1.43691
1.43629
1.43567
1.43473
1.43354
1.43236
1.43127
1.4299
1.42831
1.42649
1.42461
1.42266
1.42054
1.41829
1.41619
1.41413
1.41196
1.40955
1.40673
1.40347
1.39976
1.39574
1.3924
1.39038
1.39037
1.39234
1.39592
1.39992
1.40339
1.40556
1.40583
1.40412
1.40071
1.39603
1.39087
1.38663
1.38451
1.3852
1.38892
1.39493
1.40241
1.41004
1.41708
1.42325
1.42808
1.43189
1.43451
1.43643
1.43777
1.43845
1.43873
1.4387
1.43831
1.43767
1.43702
1.43604
1.43465
1.43294
1.431
1.4288
1.42633
1.42365
1.42095
1.41828
1.41589
1.41398
1.41263
1.41191
1.41195
1.41265
1.41388
1.41571
1.41778
1.42034
1.42319
1.42604
1.42862
1.431
1.43251
1.43313
1.43277
1.43096
1.42764
1.42292
1.41678
1.40969
1.40251
1.3963
1.39262
1.39202
1.39463
1.39973
1.40614
1.41289
1.41894
1.4237
1.42665
1.42755
1.42644
1.42339
1.41866
1.4132
1.40792
1.40415
1.40272
1.40395
1.40711
1.41101
1.41445
1.41674
1.41757
1.41732
1.41685
1.41665
1.41687
1.41812
1.42011
1.42253
1.42457
1.42587
1.42638
1.42572
1.42404
1.42151
1.41833
1.41466
1.41118
1.40821
1.40593
1.40452
1.40379
1.40387
1.40469
1.40618
1.4081
1.41041
1.41259
1.41474
1.41678
1.41855
1.41995
1.42107
1.42201
1.42252
1.42263
1.42232
1.42188
1.4214
1.42082
1.42042
1.42023
1.42047
1.42103
1.4219
1.42293
1.42391
1.42485
1.42556
1.426
1.42583
1.42511
1.42413
1.42277
1.42104
1.41864
1.41611
1.41337
1.41078
1.40817
1.40568
1.40361
1.40223
1.40176
1.40222
1.4034
1.40525
1.40746
1.40959
1.41156
1.41312
1.4139
1.41398
1.41316
1.41164
1.40977
1.40812
1.40718
1.40709
1.40815
1.41028
1.41294
1.41572
1.41827
1.42009
1.42121
1.42184
1.42194
1.42155
1.42063
1.41955
1.41867
1.41779
1.41704
1.41608
1.41484
1.41262
1.40899
1.40351
1.39655
1.38851
1.38057
1.37376
1.36903
1.36672
1.36671
1.36884
1.37278
1.37818
1.38463
1.39099
1.39667
1.40113
1.40425
1.4062
1.40704
1.40741
1.40716
1.40696
1.40684
1.40692
1.40735
1.40773
1.40812
1.40849
1.40843
1.40814
1.40756
1.40667
1.40528
1.4036
1.40172
1.39977
1.39781
1.39572
1.39373
1.39207
1.3908
1.38993
1.38913
1.38879
1.38888
1.38934
1.39035
1.39138
1.39249
1.3932
1.39311
1.39146
1.38784
1.38216
1.37526
1.3688
1.3649
1.36575
1.37136
1.37989
1.38914
1.39742
1.40386
1.40846
1.41156
1.41344
1.41464
1.41523
1.41529
1.41496
1.4143
1.41312
1.41162
1.40985
1.40769
1.40524
1.40285
1.40056
1.3985
1.39673
1.3955
1.39467
1.3946
1.39521
1.39604
1.39696
1.39806
1.39898
1.39926
1.39897
1.39791
1.39606
1.3937
1.39127
1.38911
1.38793
1.38813
1.38965
1.39247
1.39619
1.40066
1.40583
1.41131
1.41686
1.42205
1.42686
1.43111
1.4346
1.43737
1.43928
1.44045
1.44065
1.4399
1.43801
1.43496
1.43061
1.42475
1.41753
1.40894
1.39962
1.39109
1.38452
1.38106
1.38149
1.38536
1.39186
1.39974
1.4079
1.41552
1.42182
1.42698
1.43119
1.43421
1.43661
1.43843
1.43969
1.44075
1.4416
1.44228
1.44284
1.44353
1.44424
1.44505
1.44574
1.44631
1.44682
1.44711
1.44745
1.44748
1.44729
1.44685
1.4462
1.4454
1.44411
1.44226
1.43989
1.43685
1.43328
1.42928
1.42525
1.42128
1.41772
1.41494
1.41307
1.41207
1.41188
1.41256
1.4139
1.41559
1.41782
1.42027
1.42256
1.42473
1.42654
1.42811
1.42966
1.43068
1.43159
1.4324
1.43289
1.43316
1.43343
1.4334
1.43322
1.43297
1.43251
1.43209
1.43153
1.43091
1.43018
1.42931
1.42818
1.42705
1.42597
1.42497
1.42411
1.42336
1.42283
1.42248
1.42262
1.42273
1.42285
1.42302
1.42307
1.42303
1.4226
1.42167
1.42051
1.41914
1.41754
1.41579
1.41378
1.41161
1.4093
1.40701
1.40489
1.40295
1.40125
1.39986
1.3988
1.39816
1.39768
1.39731
1.39728
1.39741
1.39786
1.39872
1.39995
1.40122
1.40257
1.4039
1.40521
1.40634
1.40729
1.40826
1.4091
1.40976
1.41057
1.41146
1.41244
1.41365
1.41506
1.41627
1.41735
1.41819
1.41869
1.41903
1.41931
1.41954
1.41963
1.41959
1.41942
1.41895
1.41818
1.41715
1.41578
1.41404
1.41185
1.40921
1.40609
1.40248
1.39833
1.39385
1.3893
1.38464
1.38068
1.37782
1.3765
1.37688
1.37868
1.38153
1.38504
1.38856
1.3919
1.39498
1.39777
1.40036
1.40274
1.40469
1.40654
1.40828
1.41001
1.41168
1.41324
1.41447
1.41533
1.41602
1.41659
1.4168
1.41685
1.41664
1.41616
1.41553
1.41465
1.41361
1.41252
1.41125
1.40988
1.40866
1.40771
1.40679
1.40627
1.40614
1.4061
1.40596
1.4056
1.40499
1.40409
1.40292
1.40167
1.40048
1.39938
1.39836
1.39765
1.39752
1.39758
1.39794
1.39842
1.39899
1.39953
1.40022
1.40088
1.40134
1.40191
1.4026
1.40333
1.40409
1.40466
1.40509
1.40516
1.40487
1.40432
1.40314
1.4016
1.39991
1.39781
1.39537
1.3927
1.3898
1.38663
1.3835
1.38048
1.37793
1.37617
1.37529
1.37561
1.37705
1.37958
1.38279
1.38632
1.38976
1.39304
1.39568
1.39781
1.39932
1.40023
1.40053
1.40023
1.39958
1.39854
1.3973
1.39592
1.3945
1.39318
1.39194
1.39093
1.39012
1.38969
1.38929
1.38872
1.38786
1.38655
1.38488
1.3833
1.3821
1.38146
1.38161
1.38247
1.38371
1.38503
1.38635
1.38714
1.3874
1.38701
1.38598
1.38443
1.38256
1.38078
1.37967
1.37976
1.38124
1.38403
1.38775
1.39192
1.39596
1.39953
1.40258
1.40504
1.40679
1.40807
1.40898
1.40961
1.41003
1.4104
1.41081
1.41105
1.41123
1.41129
1.41111
1.41071
1.41008
1.40917
1.40782
1.40611
1.40386
1.40109
1.39818
1.39524
1.39266
1.39089
1.39029
1.39105
1.39345
1.39703
1.40148
1.40627
1.41103
1.41516
1.41817
1.42001
1.42044
1.4193
1.41589
1.40928
1.39875
1.3844
1.3682
1.35459
1.349
1.35348
1.36448
1.37676
1.38695
1.39404
1.39872
1.40154
1.4031
1.40418
1.40474
1.40494
1.4048
1.40436
1.40393
1.40343
1.40325
1.40359
1.40462
1.40643
1.40888
1.41205
1.41599
1.42055
1.42568
1.43091
1.43567
1.43945
1.44236
1.4446
1.44603
1.44675
1.44673
1.44605
1.44505
1.44376
1.44221
1.44028
1.43845
1.43682
1.43552
1.43427
1.43336
1.43294
1.43273
1.43256
1.43229
1.43215
1.43207
1.43181
1.43134
1.43064
1.42964
1.42876
1.42788
1.42712
1.42679
1.42681
1.42686
1.42702
1.42714
1.42689
1.42601
1.4243
1.42176
1.41817
1.4137
1.409
1.40484
1.40254
1.40287
1.40576
1.41075
1.41672
1.42296
1.42878
1.43385
1.43778
1.44064
1.44264
1.4438
1.44437
1.44465
1.44471
1.44487
1.44518
1.44536
1.44554
1.44583
1.44626
1.44659
1.44653
1.44612
1.44516
1.44363
1.44139
1.43863
1.43544
1.432
1.4287
1.4258
1.42369
1.42289
1.42321
1.42414
1.42526
1.42622
1.42695
1.42784
1.42946
1.43205
1.43521
1.43861
1.44164
1.4437
1.44454
1.44416
1.44271
1.4406
1.43837
1.43639
1.435
1.43438
1.43463
1.4359
1.43796
1.44016
1.44222
1.44384
1.44513
1.44599
1.44642
1.44658
1.44647
1.44623
1.4462
1.44638
1.44654
1.4466
1.44658
1.44662
1.44667
1.44649
1.44596
1.44517
1.44403
1.44251
1.44068
1.43849
1.43588
1.43276
1.42923
1.42551
1.42168
1.41785
1.41462
1.41248
1.41133
1.41154
1.41325
1.41618
1.42018
1.42474
1.42961
1.43431
1.43877
1.44284
1.44629
1.44935
1.45187
1.45404
1.45586
1.4574
1.45887
1.46039
1.46185
1.46313
1.46404
1.46478
1.46537
1.46547
1.46521
1.46449
1.46307
1.46057
1.45701
1.45199
1.44558
1.43815
1.43048
1.42355
1.41843
1.41561
1.41488
1.41569
1.41736
1.41969
1.42255
1.42607
1.43007
1.43435
1.43837
1.44174
1.44428
1.44613
1.44757
1.44849
1.44909
1.44964
1.45008
1.45036
1.45063
1.45102
1.45133
1.45152
1.45147
1.45153
1.45155
1.45161
1.45178
1.45166
1.45128
1.45048
1.44949
1.44826
1.44645
1.44441
1.44227
1.44002
1.43799
1.43642
1.43556
1.43554
1.4361
1.43734
1.43914
1.44118
1.44336
1.44538
1.44708
1.44819
1.44868
1.44822
1.44653
1.44354
1.43917
1.43373
1.42808
1.42325
1.42077
1.4214
1.42466
1.42952
1.43469
1.4391
1.44232
1.44448
1.44572
1.44646
1.44673
1.44683
1.44661
1.44654
1.44643
1.44627
1.44572
1.44499
1.44411
1.44294
1.44151
1.43987
1.43771
1.43503
1.432
1.42907
1.42647
1.42459
1.4236
1.42348
1.42427
1.42546
1.427
1.4285
1.42973
1.4308
1.43162
1.43218
1.43232
1.43219
1.43203
1.4319
1.43174
1.43133
1.43087
1.43026
1.42948
1.42847
1.42729
1.42603
1.42446
1.42266
1.42062
1.41839
1.41583
1.41335
1.41129
1.40971
1.4089
1.4089
1.40965
1.41117
1.41315
1.41524
1.41729
1.41912
1.42043
1.42122
1.42129
1.42058
1.41896
1.41639
1.41293
1.40931
1.40574
1.40323
1.40275
1.40427
1.40772
1.41202
1.41619
1.41957
1.4217
1.42268
1.4226
1.42165
1.41993
1.41783
1.41539
1.41327
1.41181
1.41122
1.41158
1.41285
1.4151
1.41843
1.42219
1.42596
1.42945
1.43268
1.43522
1.43691
1.43756
1.43721
1.4361
1.43421
1.43161
1.42861
1.42586
1.4236
1.42228
1.42194
1.42266
1.42425
1.42659
1.42935
1.43244
1.43545
1.43807
1.44039
1.44223
1.44342
1.44405
1.44402
1.44342
1.442
1.44009
1.43806
1.43601
1.43429
1.43282
1.43211
1.43189
1.43243
1.43354
1.43511
1.43688
1.43868
1.44031
1.44172
1.443
1.4442
1.44534
1.4464
1.44736
1.44827
1.44884
1.44948
1.44991
1.44975
1.44924
1.44803
1.44592
1.44307
1.4395
1.43519
1.43014
1.42481
1.41977
1.41551
1.41279
1.41183
1.41279
1.41534
1.41898
1.42318
1.42756
1.43173
1.4355
1.43875
1.44144
1.44375
1.44563
1.44714
1.44826
1.44918
1.4497
1.44996
1.44999
1.44968
1.4489
1.44752
1.44539
1.44253
1.43873
1.43409
1.42885
1.42316
1.4176
1.41264
1.40864
1.40556
1.40337
1.40188
1.40115
1.40135
1.40248
1.40455
1.40718
1.40989
1.41239
1.4146
1.41645
1.41798
1.41938
1.4206
1.42169
1.42273
1.42372
1.42486
1.42619
1.42799
1.43004
1.43206
1.43403
1.43587
1.43754
1.43903
1.44033
1.44144
1.44235
1.44311
1.4437
1.44435
1.44495
1.44533
1.44563
1.44575
1.44564
1.4451
1.44418
1.4427
1.44049
1.4373
1.43315
1.42793
1.42224
1.41665
1.41221
1.40974
1.4099
1.41234
1.41637
1.42117
1.42572
1.42948
1.43205
1.43367
1.43491
1.43644
1.43841
1.44088
1.44355
1.44583
1.44693
1.44621
1.444
1.44068
1.43715
1.43484
1.43492
1.43806
1.44353
1.45006
1.45633
1.46185
1.46624
1.46936
1.47133
1.47222
1.47245
1.47198
1.4711
1.46981
1.46814
1.46634
1.46451
1.46239
1.46009
1.45779
1.45556
1.45358
1.4521
1.45119
1.45093
1.45143
1.45242
1.45356
1.45496
1.45661
1.45822
1.45996
1.46184
1.46356
1.46516
1.46648
1.46756
1.46844
1.46886
1.46885
1.46826
1.46655
1.46408
1.46061
1.45645
1.45178
1.44688
1.44248
1.43978
1.43899
1.44021
1.44311
1.44691
1.45101
1.45491
1.45825
1.46101
1.46311
1.46466
1.46585
1.46651
1.46686
1.46705
1.4672
1.46728
1.46728
1.46706
1.46655
1.46586
1.46498
1.46339
1.46119
1.45848
1.45553
1.45256
1.45007
1.44852
1.44816
1.44913
1.45095
1.45322
1.45549
1.45734
1.45881
1.45979
1.46007
1.45988
1.4592
1.45811
1.45663
1.45499
1.45334
1.45178
1.45044
1.44972
1.44929
1.44924
1.44925
1.44951
1.44977
1.45004
1.45016
1.45004
1.44975
1.44924
1.44844
1.44715
1.44566
1.44377
1.44158
1.43947
1.43739
1.43547
1.43371
1.43211
1.43112
1.4312
1.43281
1.43657
1.44246
1.44977
1.45766
1.46502
1.47124
1.47602
1.47929
1.48139
1.48258
1.4828
1.48232
1.48127
1.47998
1.47882
1.47788
1.47684
1.47605
1.47558
1.4752
1.47512
1.47483
1.47388
1.47244
1.47013
1.46624
1.46069
1.45298
1.44331
1.4325
1.42231
1.41494
1.41167
1.4129
1.41817
1.42631
1.43587
1.44534
1.454
1.46142
1.46731
1.47175
1.4752
1.47779
1.47958
1.48054
1.48053
1.47973
1.47807
1.47574
1.47286
1.46965
1.46646
1.46339
1.46087
1.4593
1.45853
1.45859
1.45953
1.46124
1.4635
1.46639
1.46957
1.473
1.4764
1.47976
1.48297
1.48585
1.48832
1.49024
1.49159
1.49241
1.49244
1.49202
1.49115
1.48993
1.48872
1.48751
1.48636
1.48541
1.4847
1.48433
1.48426
1.48441
1.48464
1.48509
1.48553
1.48572
1.48562
1.48495
1.48372
1.48197
1.47996
1.47798
1.47629
1.475
1.47402
1.47334
1.47265
1.47201
1.4719
1.47262
1.47426
1.47681
1.48002
1.4837
1.48752
1.49111
1.49446
1.49749
1.50028
1.50272
1.50458
1.50557
1.5055
1.50378
1.49998
1.49416
1.48667
1.47867
1.4713
1.46615
1.46454
1.46634
1.47061
1.47597
1.48128
1.48584
1.48951
1.49209
1.49358
1.49385
1.4928
1.49063
1.48702
1.4822
1.47626
1.4692
1.46221
1.456
1.45166
1.45013
1.45145
1.4557
1.46164
1.46823
1.47463
1.48022
1.48477
1.4881
1.49046
1.49179
1.49239
1.49235
1.49183
1.49107
1.49007
1.48886
1.48757
1.48628
1.48474
1.48321
1.48145
1.47973
1.47795
1.47628
1.47471
1.47337
1.47235
1.47166
1.47137
1.47153
1.47196
1.4725
1.4731
1.47349
1.47371
1.47379
1.47392
1.47378
1.47323
1.4724
1.47126
1.46983
1.46783
1.46512
1.46167
1.45757
1.45293
1.44821
1.44396
1.44075
1.43876
1.43778
1.43783
1.43853
1.43977
1.44159
1.44385
1.44676
1.45017
1.45363
1.45693
1.45973
1.46191
1.4633
1.4638
1.46338
1.46232
1.46085
1.45921
1.45761
1.45625
1.45488
1.45348
1.45226
1.45107
1.44978
1.44856
1.44732
1.44589
1.44466
1.44363
1.44318
1.4435
1.44461
1.44635
1.44847
1.45069
1.45288
1.45469
1.45602
1.45703
1.45789
1.45855
1.45889
1.45909
1.45917
1.45913
1.45886
1.45863
1.45819
1.45736
1.45652
1.4557
1.45467
1.45379
1.45307
1.45249
1.45151
1.45044
1.44938
1.44825
1.44721
1.44607
1.44466
1.44298
1.44124
1.4391
1.43691
1.43485
1.43325
1.43251
1.43291
1.43458
1.43712
1.44024
1.44353
1.44653
1.44914
1.45101
1.45222
1.45268
1.45269
1.45225
1.45151
1.45065
1.44968
1.44881
1.44809
1.44755
1.4472
1.44678
1.44591
1.44425
1.44149
1.43764
1.43303
1.42812
1.42428
1.42278
1.42429
1.42878
1.43482
1.44076
1.4462
1.45048
1.45323
1.45428
1.45397
1.45249
1.44997
1.44697
1.44402
1.44199
1.44099
1.44099
1.44204
1.44367
1.44535
1.4466
1.44723
1.44741
1.44713
1.44661
1.44616
1.44625
1.44691
1.44801
1.44916
1.45058
1.45175
1.45259
1.45314
1.45336
1.45327
1.4529
1.45243
1.45178
1.4509
1.44988
1.44865
1.44694
1.44478
1.44196
1.43887
1.43568
1.43272
1.43034
1.42918
1.42948
1.43099
1.43346
1.43655
1.43981
1.44287
1.44558
1.44761
1.44899
1.44986
1.45024
1.45015
1.44967
1.44883
1.44757
1.44601
1.4441
1.44146
1.43824
1.43451
1.43083
1.42806
1.42688
1.42796
1.43141
1.43629
1.44168
1.44668
1.45081
1.45394
1.45623
1.45816
1.4599
1.46133
1.46253
1.46335
1.46367
1.46321
1.46198
1.46001
1.45715
1.45381
1.45032
1.44696
1.44402
1.44175
1.44024
1.43951
1.43979
1.44067
1.44236
1.44487
1.44804
1.45142
1.45463
1.45703
1.45858
1.45907
1.45864
1.45756
1.45618
1.45478
1.45319
1.4517
1.4501
1.44841
1.44652
1.44462
1.44318
1.44266
1.44373
1.44642
1.4504
1.45513
1.45979
1.46388
1.46703
1.46913
1.47011
1.47015
1.46941
1.46798
1.4662
1.46409
1.46205
1.46027
1.45863
1.45692
1.45493
1.45243
1.44902
1.44444
1.43883
1.43279
1.42754
1.42435
1.42434
1.42796
1.43456
1.44303
1.45192
1.46
1.4669
1.47227
1.47601
1.47854
1.48021
1.48102
1.48126
1.48117
1.48078
1.48035
1.47992
1.47933
1.47875
1.47805
1.47728
1.47649
1.47569
1.47484
1.47389
1.47287
1.47164
1.47024
1.46885
1.46747
1.46579
1.46405
1.46232
1.4606
1.4589
1.45732
1.45616
1.45529
1.45476
1.4546
1.45473
1.45523
1.45595
1.45666
1.45716
1.45763
1.45763
1.45715
1.45636
1.45537
1.45451
1.45416
1.45457
1.45591
1.4583
1.46149
1.46497
1.46832
1.47145
1.47416
1.47628
1.47769
1.47839
1.47854
1.47821
1.47733
1.47614
1.47474
1.47326
1.47189
1.47037
1.469
1.46794
1.46709
1.46651
1.46621
1.46629
1.46675
1.46764
1.46917
1.47125
1.47365
1.47631
1.4789
1.48119
1.48323
1.48453
1.48496
1.48427
1.48243
1.47956
1.47604
1.47275
1.47056
1.47019
1.47119
1.47247
1.47258
1.47036
1.46514
1.45829
1.45236
1.45028
1.45346
1.45987
1.4662
1.47015
1.47066
1.46768
1.462
1.45456
1.44628
1.43832
1.43218
1.42883
1.42928
1.43319
1.4394
1.44715
1.45521
1.46305
1.47026
1.47647
1.48153
1.48517
1.48734
1.48817
1.48781
1.48659
1.48469
1.48263
1.4806
1.47878
1.4773
1.47608
1.47528
1.47504
1.47544
1.47642
1.47785
1.47964
1.48124
1.48216
1.4826
1.48236
1.48149
1.48014
1.47885
1.47821
1.47871
1.48053
1.48337
1.48695
1.49077
1.49401
1.49648
1.49787
1.49815
1.49749
1.4961
1.49447
1.49253
1.49023
1.48809
1.48632
1.48453
1.4832
1.48205
1.48111
1.48018
1.47913
1.47785
1.47627
1.47445
1.47217
1.46947
1.46637
1.46314
1.46015
1.45784
1.45623
1.45571
1.45626
1.45789
1.46024
1.46298
1.46591
1.46871
1.47144
1.47352
1.47513
1.4762
1.47667
1.47677
1.47642
1.47548
1.47394
1.47166
1.46873
1.46537
1.46153
1.45739
1.45319
1.44922
1.44586
1.44325
1.4419
1.44173
1.443
1.44555
1.44914
1.45369
1.4589
1.46445
1.47014
1.4756
1.48044
1.48481
1.48865
1.49153
1.49365
1.49526
1.49641
1.49664
1.49616
1.4952
1.49375
1.4919
1.48955
1.487
1.48424
1.48117
1.47791
1.47435
1.47058
1.46651
1.46226
1.45785
1.4533
1.44888
1.44492
1.44152
1.43892
1.43715
1.43653
1.43692
1.43813
1.43998
1.44246
1.44532
1.44821
1.45102
1.45345
1.45562
1.45737
1.45919
1.46096
1.46257
1.4642
1.4657
1.46737
1.46898
1.47054
1.4719
1.47322
1.47462
1.47583
1.47675
1.47732
1.47787
1.47834
1.4787
1.47887
1.47874
1.4784
1.47825
1.47809
1.47777
1.47759
1.47736
1.47714
1.47705
1.4771
1.47703
1.47691
1.47674
1.47658
1.47638
1.47606
1.4757
1.47533
1.47492
1.47442
1.47393
1.47335
1.47275
1.47206
1.47133
1.47065
1.46974
1.46879
1.46764
1.46625
1.46471
1.46318
1.46187
1.46101
1.46133
1.46297
1.46608
1.4703
1.47539
1.48056
1.48563
1.49002
1.4937
1.49662
1.49897
1.50035
1.50103
1.50109
1.50084
1.50009
1.49877
1.49701
1.49495
1.49259
1.48996
1.48726
1.48457
1.48223
1.48047
1.47945
1.47916
1.47988
1.48142
1.48367
1.4862
1.4887
1.49051
1.49117
1.49047
1.4885
1.48544
1.48181
1.47826
1.47512
1.47254
1.4705
1.46954
1.46979
1.47167
1.47578
1.4817
1.4886
1.49563
1.5022
1.50818
1.5136
1.51847
1.52247
1.52492
1.52579
1.52486
1.52201
1.51756
1.51138
1.50397
1.49598
1.48827
1.48155
1.47644
1.47356
1.47241
1.47292
1.4744
1.47671
1.47947
1.48241
1.48519
1.48779
1.49013
1.49204
1.49365
1.49496
1.49579
1.49617
1.49606
1.49553
1.49466
1.49316
1.49095
1.48813
1.48479
1.48108
1.47733
1.47405
1.4717
1.47062
1.47105
1.47289
1.47574
1.47927
1.48286
1.48617
1.489
1.49121
1.49269
1.49359
1.49399
1.49391
1.49349
1.49264
1.49162
1.49054
1.4893
1.48793
1.48646
1.48496
1.48346
1.482
1.48066
1.47935
1.47799
1.47663
1.47522
1.47371
1.47204
1.47025
1.46834
1.46647
1.46461
1.46279
1.46136
1.46027
1.45951
1.45909
1.45911
1.45943
1.45988
1.46034
1.4608
1.46142
1.46232
1.46336
1.4644
1.46568
1.46696
1.46818
1.46934
1.47021
1.47041
1.47025
1.46968
1.46849
1.46679
1.46449
1.46193
1.45911
1.45642
1.45402
1.45203
1.45063
1.44993
1.45007
1.45107
1.45289
1.45562
1.45891
1.46226
1.46526
1.46766
1.46918
1.46963
1.46881
1.46676
1.4636
1.45926
1.45405
1.44819
1.4423
1.43705
1.43301
1.431
1.43152
1.43448
1.43931
1.44482
1.45007
1.45422
1.45712
1.4587
1.45891
1.45787
1.45579
1.4526
1.4486
1.4439
1.43869
1.43326
1.42821
1.42424
1.42195
1.42162
1.42315
1.42615
1.43016
1.43458
1.43864
1.44198
1.44461
1.44653
1.4478
1.44843
1.44846
1.44806
1.44755
1.44721
1.4469
1.44698
1.44738
1.44841
1.44977
1.4512
1.45269
1.45421
1.4555
1.45633
1.45696
1.45729
1.4571
1.45667
1.45571
1.45435
1.45268
1.45065
1.44834
1.4457
1.44296
1.44043
1.43849
1.43741
1.43731
1.43814
1.43978
1.44186
1.44407
1.44616
1.44817
1.44992
1.45135
1.4523
1.45301
1.4535
1.45384
1.45399
1.45393
1.45379
1.4536
1.45335
1.45327
1.45325
1.45297
1.45252
1.45173
1.45094
1.45023
1.44973
1.44972
1.45044
1.45212
1.45462
1.45788
1.46165
1.46554
1.46941
1.47312
1.47651
1.4794
1.48192
1.48397
1.48528
1.48611
1.48664
1.48698
1.48699
1.48686
1.48652
1.48583
1.48497
1.48377
1.48234
1.48085
1.47939
1.47785
1.47639
1.47485
1.47373
1.47282
1.47215
1.4718
1.47197
1.47279
1.47393
1.47538
1.47711
1.47908
1.48092
1.48268
1.48417
1.48522
1.48587
1.4859
1.48506
1.48353
1.48159
1.47909
1.4765
1.4743
1.47272
1.47183
1.47179
1.4721
1.47264
1.47286
1.47255
1.47183
1.4707
1.46924
1.46763
1.46594
1.46426
1.46264
1.46093
1.45914
1.4576
1.45652
1.45647
1.45765
1.46019
1.4636
1.46748
1.47148
1.47522
1.47835
1.48073
1.48214
1.48296
1.48295
1.48234
1.48122
1.47974
1.47782
1.47557
1.47321
1.47086
1.46871
1.46686
1.46533
1.46428
1.46377
1.46366
1.46387
1.4645
1.46526
1.4663
1.46743
1.46867
1.47002
1.47135
1.47248
1.47354
1.47428
1.47472
1.47463
1.47429
1.47362
1.47258
1.47136
1.4696
1.46766
1.46538
1.46242
1.45874
1.45375
1.44724
1.43915
1.43016
1.42186
1.41682
1.41723
1.4234
1.43335
1.44428
1.45424
1.46237
1.46867
1.47321
1.47654
1.47893
1.48066
1.48173
1.48216
1.4825
1.48261
1.48251
1.48227
1.48181
1.4811
1.48013
1.47904
1.47807
1.47728
1.47627
1.47533
1.47481
1.47479
1.47547
1.47672
1.47855
1.48075
1.4831
1.4856
1.48812
1.49054
1.49273
1.49466
1.49632
1.49757
1.49837
1.49852
1.49802
1.49695
1.4953
1.49303
1.49026
1.48735
1.48449
1.48199
1.48018
1.4791
1.47857
1.47852
1.47846
1.47838
1.47814
1.47802
1.47837
1.47935
1.48108
1.4834
1.48552
1.4869
1.48714
1.48654
1.485
1.48316
1.48143
1.47997
1.47918
1.47922
1.48025
1.48193
1.48415
1.48646
1.48832
1.48918
1.48866
1.48655
1.48259
1.47649
1.46855
1.45927
1.45007
1.44279
1.43932
1.44039
1.44512
1.4516
1.45829
1.4644
1.46932
1.47294
1.47541
1.47687
1.47777
1.47823
1.47864
1.47878
1.47882
1.47878
1.47878
1.47887
1.47932
1.48007
1.4811
1.4823
1.48331
1.48422
1.48504
1.4854
1.48534
1.48472
1.48329
1.48109
1.47806
1.47411
1.46939
1.46406
1.45832
1.45267
1.44729
1.44273
1.43921
1.4373
1.43749
1.44006
1.44488
1.45158
1.45901
1.46624
1.47273
1.47832
1.48258
1.48562
1.48754
1.4885
1.48884
1.48856
1.48774
1.48639
1.48471
1.48294
1.48121
1.4797
1.47853
1.4779
1.47785
1.47795
1.47801
1.47812
1.47791
1.47731
1.47606
1.47415
1.47174
1.46902
1.46637
1.46418
1.46269
1.46194
1.4621
1.4635
1.46597
1.46935
1.4729
1.47664
1.47991
1.48263
1.48468
1.48607
1.48674
1.48667
1.48605
1.48491
1.48345
1.48221
1.48182
1.4824
1.48405
1.48712
1.49135
1.49595
1.50043
1.50452
1.5074
1.50867
1.50776
1.50402
1.49737
1.48826
1.47728
1.46626
1.45762
1.4533
1.45424
1.45991
1.46846
1.47829
1.48764
1.49523
1.49997
1.5015
1.49953
1.49417
1.48642
1.4776
1.46958
1.46401
1.46171
1.46298
1.46733
1.47378
1.48099
1.48797
1.49434
1.49946
1.50334
1.50592
1.50736
1.50779
1.50739
1.50633
1.50456
1.50206
1.49899
1.49555
1.49185
1.48836
1.48539
1.48376
1.48395
1.48594
1.48943
1.49366
1.49796
1.50166
1.50456
1.50647
1.50726
1.50726
1.50676
1.50582
1.50437
1.50273
1.50097
1.49929
1.49766
1.49598
1.49453
1.49342
1.49261
1.49212
1.49181
1.49197
1.4924
1.49285
1.49333
1.49393
1.4944
1.49479
1.49491
1.49464
1.49417
1.49361
1.49292
1.49221
1.49132
1.49035
1.4894
1.48884
1.48833
1.48795
1.48783
1.48775
1.48789
1.48806
1.48808
1.48784
1.48748
1.48711
1.48685
1.48694
1.48768
1.48893
1.49065
1.4928
1.49483
1.49664
1.49818
1.49925
1.49931
1.49882
1.49772
1.49616
1.49409
1.49192
1.48996
1.4886
1.48818
1.48891
1.49071
1.49347
1.49666
1.50017
1.50372
1.50688
1.5096
1.51186
1.51349
1.51468
1.51538
1.51564
1.51564
1.51529
1.51496
1.51463
1.51444
1.51437
1.51462
1.51528
1.51628
1.51722
1.51828
1.51925
1.51991
1.51972
1.51855
1.51643
1.51364
1.50998
1.50591
1.50187
1.49798
1.49476
1.49247
1.49133
1.49195
1.49427
1.49841
1.50363
1.50979
1.51608
1.52213
1.52738
1.53174
1.53527
1.53811
1.54041
1.54226
1.54374
1.54498
1.54594
1.54669
1.5475
1.54813
1.54857
1.54888
1.54886
1.54881
1.54848
1.5478
1.5469
1.54569
1.54391
1.5417
1.5388
1.53564
1.53189
1.52759
1.52332
1.51955
1.51667
1.51514
1.51478
1.51548
1.51701
1.51883
1.52074
1.52189
1.5217
1.51976
1.51664
1.51268
1.50899
1.50726
1.50874
1.51306
1.51943
1.52626
1.53239
1.5369
1.53937
1.54007
1.5395
1.5378
1.53538
1.5332
1.53197
1.53223
1.53418
1.53763
1.54178
1.54606
1.54994
1.55265
1.55389
1.55325
1.55039
1.54514
1.53829
1.53105
1.52542
1.5236
1.52638
1.53256
1.54002
1.54641
1.55037
1.55175
1.55044
1.54643
1.53987
1.53114
1.52061
1.50907
1.49722
1.48619
1.47694
1.47014
1.46615
1.46463
1.46493
1.46707
1.471
1.47669
1.48414
1.49339
1.50374
1.51405
1.52325
1.53131
1.53765
1.54248
1.54588
1.54844
1.55015
1.55081
1.55073
1.55004
1.54905
1.54782
1.54628
1.54438
1.54249
1.5406
1.53874
1.53688
1.53514
1.53352
1.53214
1.531
1.53001
1.52952
1.52917
1.52892
1.52894
1.52935
1.53001
1.53078
1.5313
1.53176
1.53207
1.532
1.53171
1.5311
1.53047
1.52968
1.5289
1.52799
1.52726
1.52626
1.52551
1.52522
1.52509
1.52538
1.52601
1.5266
1.52715
1.52757
1.52755
1.52705
1.52622
1.52435
1.52196
1.51902
1.51584
1.51276
1.5101
1.50828
1.50765
1.50846
1.51038
1.51322
1.51683
1.52074
1.52425
1.52753
1.53025
1.53166
1.53215
1.53172
1.53044
1.52813
1.52547
1.52257
1.51963
1.51687
1.51458
1.51307
1.51253
1.51316
1.51474
1.51704
1.51983
1.52294
1.52621
1.5291
1.53141
1.53335
1.53466
1.53535
1.5354
1.53511
1.53436
1.53304
1.53112
1.529
1.52637
1.5231
1.51923
1.51457
1.50914
1.5028
1.49627
1.49024
1.48545
1.48279
1.48276
1.48527
1.48985
1.49587
1.5026
1.50943
1.51574
1.52122
1.52585
1.52947
1.53202
1.53371
1.5347
1.53513
1.53519
1.53478
1.53404
1.53299
1.5317
1.53064
1.52964
1.52876
1.52803
1.5275
1.52706
1.52696
1.52747
1.52784
1.52816
1.52817
1.52802
1.52734
1.52597
1.52398
1.52167
1.51922
1.5166
1.51453
1.51346
1.51367
1.51477
1.51671
1.51919
1.52162
1.52352
1.5248
1.52514
1.52469
1.52344
1.52139
1.51868
1.51577
1.51303
1.51101
1.5097
1.50953
1.51043
1.51202
1.514
1.51605
1.51778
1.51911
1.5201
1.52075
1.52096
1.52083
1.52071
1.5204
1.5198
1.51898
1.51792
1.5166
1.51485
1.51268
1.51008
1.50728
1.50435
1.50167
1.49964
1.49841
1.49808
1.49843
1.49939
1.50028
1.50116
1.5019
1.50215
1.50162
1.50021
1.49771
1.49389
1.48859
1.48223
1.47546
1.46942
1.4656
1.46475
1.46717
1.47173
1.47698
1.48152
1.48489
1.48694
1.48829
1.48953
1.49101
1.49284
1.49468
1.49647
1.49782
1.49857
1.49863
1.49785
1.49622
1.49404
1.49139
1.48862
1.48575
1.48305
1.48087
1.47943
1.47884
1.47921
1.48034
1.48212
1.48449
1.4873
1.49039
1.49326
1.49593
1.4982
1.50011
1.50155
1.50268
1.5031
1.50279
1.50157
1.49941
1.49606
1.49174
1.48625
1.47977
1.47247
1.46491
1.4579
1.4525
1.4496
1.44921
