-0.438772
-0.442982
-0.446067
-0.447745
-0.448071
-0.447369
-0.446096
-0.444794
-0.443919
-0.443754
-0.444407
-0.445744
-0.447513
-0.449361
-0.451027
-0.452286
-0.453037
-0.453269
-0.453027
-0.452386
-0.451468
-0.450364
-0.449174
-0.44797
-0.446801
-0.445707
-0.444712
-0.443822
-0.443074
-0.44247
-0.44201
-0.441727
-0.441604
-0.44164
-0.441817
-0.442178
-0.442751
-0.443624
-0.444894
-0.446658
-0.448977
-0.451775
-0.454917
-0.458188
-0.461288
-0.463942
-0.465912
-0.467027
-0.467186
-0.466372
-0.464646
-0.462137
-0.459005
-0.45545
-0.45165
-0.447751
-0.44382
-0.439854
-0.43577
-0.431466
-0.426853
-0.421949
-0.41693
-0.412102
-0.40795
-0.404998
-0.403675
-0.404239
-0.406648
-0.410609
-0.415679
-0.42135
-0.427152
-0.432744
-0.43786
-0.44238
-0.44624
-0.449431
-0.451983
-0.453936
-0.455309
-0.456127
-0.4564
-0.456134
-0.455301
-0.453872
-0.451834
-0.449184
-0.445957
-0.442213
-0.438099
-0.433801
-0.429562
-0.425601
-0.422037
-0.418854
-0.415801
-0.412448
-0.408251
-0.402755
-0.39593
-0.388369
-0.381474
-0.377123
-0.376858
-0.38103
-0.388597
-0.397773
-0.406924
-0.415008
-0.421647
-0.4269
-0.430998
-0.434251
-0.436882
-0.439089
-0.441018
-0.44276
-0.444358
-0.445832
-0.44718
-0.4484
-0.449468
-0.450369
-0.451053
-0.451498
-0.451678
-0.451567
-0.451184
-0.450513
-0.449586
-0.448444
-0.44717
-0.44587
-0.444648
-0.443608
-0.442859
-0.442421
-0.442299
-0.442439
-0.442727
-0.443018
-0.443175
-0.443074
-0.442598
-0.4417
-0.440346
-0.438556
-0.43636
-0.433838
-0.431121
-0.428354
-0.425728
-0.423459
-0.421733
-0.420751
-0.420598
-0.421319
-0.422825
-0.42498
-0.427598
-0.430475
-0.433482
-0.436482
-0.43943
-0.442314
-0.445117
-0.447844
-0.450476
-0.452969
-0.455276
-0.457329
-0.459086
-0.460502
-0.461553
-0.462198
-0.46241
-0.462134
-0.461322
-0.45989
-0.457797
-0.455043
-0.451704
-0.447929
-0.443953
-0.440027
-0.436319
-0.432834
-0.429422
-0.425816
-0.421852
-0.417613
-0.413518
-0.410319
-0.40883
-0.409654
-0.412909
-0.418242
-0.424976
-0.432329
-0.439648
-0.446483
-0.452574
-0.45783
-0.462254
-0.465919
-0.468935
-0.471431
-0.473553
-0.475418
-0.477142
-0.478769
-0.480372
-0.481928
-0.483447
-0.484857
-0.486113
-0.487112
-0.48779
-0.488049
-0.487791
-0.486938
-0.485391
-0.483083
-0.479961
-0.476033
-0.471391
-0.466217
-0.460773
-0.455494
-0.450869
-0.447375
-0.445445
-0.445311
-0.44696
-0.450198
-0.454656
-0.459901
-0.465504
-0.471107
-0.476393
-0.481126
-0.4851
-0.488117
-0.490021
-0.490602
-0.489659
-0.48705
-0.48269
-0.476702
-0.469537
-0.462063
-0.455537
-0.451369
-0.450644
-0.453597
-0.45956
-0.467212
-0.47511
-0.482124
-0.487613
-0.491327
-0.493314
-0.493783
-0.493009
-0.491218
-0.488644
-0.485509
-0.482044
-0.478595
-0.475588
-0.473552
-0.472925
-0.473917
-0.476454
-0.480119
-0.48435
-0.48865
-0.492644
-0.496165
-0.499233
-0.501936
-0.504381
-0.506638
-0.50866
-0.510329
-0.511436
-0.5118
-0.511236
-0.509663
-0.507106
-0.50376
-0.499933
-0.496016
-0.492392
-0.489385
-0.487164
-0.485777
-0.485144
-0.485169
-0.48572
-0.486691
-0.488026
-0.489668
-0.491608
-0.493838
-0.496328
-0.498986
-0.501718
-0.504385
-0.506854
-0.509005
-0.510763
-0.512072
-0.512909
-0.513282
-0.513222
-0.512789
-0.512101
-0.511276
-0.510468
-0.509814
-0.509452
-0.509465
-0.509885
-0.51069
-0.511773
-0.513021
-0.514288
-0.515447
-0.516391
-0.517034
-0.517325
-0.517213
-0.516672
-0.515681
-0.514236
-0.512325
-0.50993
-0.50705
-0.503723
-0.499952
-0.495809
-0.491411
-0.486915
-0.482538
-0.478545
-0.475207
-0.472767
-0.471387
-0.47108
-0.471722
-0.473107
-0.47492
-0.476839
-0.478629
-0.480098
-0.481129
-0.481695
-0.481806
-0.481495
-0.480799
-0.479757
-0.478385
-0.476702
-0.474725
-0.472458
-0.469926
-0.46719
-0.46431
-0.461393
-0.458534
-0.455859
-0.453467
-0.45147
-0.449988
-0.449096
-0.448854
-0.449277
-0.450315
-0.45188
-0.453805
-0.455885
-0.457895
-0.459617
-0.460833
-0.461409
-0.461213
-0.460192
-0.45832
-0.455679
-0.45234
-0.448456
-0.444261
-0.440016
-0.436051
-0.432666
-0.430169
-0.428791
-0.428689
-0.429867
-0.432188
-0.435407
-0.439205
-0.443196
-0.447067
-0.450512
-0.453319
-0.455327
-0.456402
-0.456455
-0.455408
-0.453162
-0.449652
-0.444829
-0.438677
-0.43135
-0.423086
-0.414306
-0.405561
-0.397481
-0.390625
-0.385411
-0.382075
-0.380659
-0.381013
-0.382912
-0.386096
-0.390264
-0.395153
-0.400478
-0.405917
-0.411119
-0.415735
-0.419445
-0.421968
-0.423118
-0.422867
-0.421367
-0.41898
-0.416205
-0.413668
-0.411904
-0.411205
-0.411517
-0.412424
-0.41334
-0.413686
-0.413076
-0.411418
-0.40894
-0.406138
-0.40369
-0.40225
-0.40217
-0.403431
-0.405642
-0.408218
-0.410525
-0.41208
-0.412554
-0.411752
-0.409611
-0.406161
-0.401494
-0.395793
-0.389345
-0.382507
-0.3757
-0.369375
-0.363905
-0.359551
-0.356406
-0.354466
-0.353624
-0.35375
-0.354734
-0.35645
-0.358802
-0.361682
-0.365038
-0.3688
-0.372871
-0.377126
-0.381375
-0.385376
-0.388772
-0.391221
-0.392396
-0.392075
-0.390168
-0.386818
-0.382472
-0.377896
-0.374065
-0.371894
-0.371905
-0.374045
-0.37773
-0.382136
-0.386492
-0.390283
-0.393225
-0.395262
-0.396437
-0.396825
-0.396508
-0.39554
-0.393958
-0.391756
-0.388914
-0.385408
-0.381249
-0.376455
-0.371107
-0.365382
-0.359567
-0.354034
-0.349247
-0.3457
-0.343811
-0.343861
-0.3459
-0.349732
-0.35495
-0.361017
-0.36732
-0.373316
-0.378521
-0.382572
-0.385221
-0.386346
-0.385963
-0.384204
-0.381361
-0.37791
-0.374391
-0.371408
-0.369412
-0.368672
-0.369186
-0.37072
-0.373025
-0.375863
-0.379099
-0.382639
-0.386367
-0.39006
-0.393394
-0.396002
-0.397583
-0.398009
-0.397382
-0.396065
-0.394585
-0.393504
-0.393265
-0.394021
-0.395624
-0.397651
-0.399547
-0.400818
-0.401152
-0.400488
-0.399086
-0.397418
-0.396097
-0.395669
-0.396459
-0.398515
-0.401596
-0.405272
-0.409171
-0.412963
-0.416425
-0.419459
-0.42207
-0.424246
-0.426031
-0.427449
-0.428535
-0.429321
-0.42984
-0.430111
-0.430163
-0.430012
-0.429727
-0.42933
-0.428892
-0.428477
-0.428153
-0.427992
-0.428061
-0.428411
-0.429073
-0.430039
-0.431284
-0.432755
-0.434369
-0.436062
-0.437764
-0.439437
-0.44107
-0.442694
-0.444341
-0.446052
-0.44787
-0.449781
-0.45177
-0.453769
-0.455688
-0.457391
-0.45877
-0.459732
-0.460213
-0.460207
-0.459761
-0.458952
-0.457873
-0.456583
-0.455098
-0.453393
-0.451425
-0.449184
-0.44679
-0.444484
-0.442604
-0.441485
-0.441345
-0.44213
-0.443516
-0.444972
-0.44592
-0.445939
-0.444931
-0.443164
-0.441296
-0.440081
-0.440118
-0.441507
-0.443906
-0.446574
-0.448888
-0.450427
-0.451157
-0.451388
-0.451551
-0.452158
-0.453536
-0.45584
-0.459028
-0.462845
-0.466971
-0.471065
-0.4748
-0.477932
-0.480275
-0.481745
-0.482294
-0.481949
-0.480758
-0.478769
-0.475997
-0.47237
-0.467635
-0.46137
-0.453039
-0.442283
-0.429514
-0.416562
-0.406719
-0.403431
-0.407974
-0.418357
-0.430696
-0.44149
-0.448779
-0.452106
-0.451909
-0.449102
-0.444718
-0.439828
-0.435317
-0.431842
-0.429755
-0.429144
-0.429822
-0.431344
-0.433077
-0.434292
-0.434326
-0.432798
-0.429847
-0.426337
-0.423823
-0.423997
-0.427979
-0.435611
-0.445624
-0.45634
-0.466357
-0.474898
-0.481734
-0.486979
-0.490883
-0.493699
-0.495661
-0.49694
-0.497638
-0.49779
-0.497403
-0.496419
-0.494753
-0.4923
-0.488931
-0.484518
-0.478979
-0.472266
-0.464488
-0.455854
-0.446832
-0.438032
-0.430186
-0.423986
-0.419977
-0.418427
-0.419307
-0.422379
-0.42716
-0.433071
-0.439444
-0.445734
-0.451492
-0.45641
-0.460294
-0.462856
-0.4637
-0.462225
-0.45777
-0.449954
-0.439333
-0.428005
-0.419473
-0.416977
-0.421233
-0.429806
-0.438949
-0.445797
-0.449185
-0.449267
-0.446829
-0.442822
-0.438124
-0.433475
-0.429514
-0.426736
-0.425474
-0.425875
-0.427827
-0.431045
-0.435091
-0.439486
-0.443784
-0.447608
-0.450717
-0.452953
-0.454256
-0.454625
-0.454095
-0.45276
-0.450718
-0.448073
-0.444973
-0.441579
-0.438055
-0.434611
-0.431439
-0.428728
-0.426596
-0.425079
-0.42416
-0.4237
-0.423553
-0.42359
-0.423663
-0.423693
-0.423622
-0.423416
-0.423052
-0.4225
-0.421721
-0.420667
-0.419295
-0.417587
-0.415552
-0.413242
-0.410775
-0.408343
-0.406147
-0.40441
-0.403359
-0.403129
-0.403764
-0.405237
-0.40739
-0.410025
-0.412962
-0.415999
-0.418973
-0.421765
-0.424263
-0.426348
-0.42792
-0.428815
-0.428903
-0.428076
-0.426375
-0.424033
-0.421524
-0.419543
-0.418762
-0.419628
-0.422172
-0.425923
-0.430166
-0.434161
-0.437337
-0.439346
-0.440044
-0.439419
-0.437515
-0.434494
-0.430571
-0.426148
-0.421756
-0.418043
-0.415603
-0.414736
-0.415341
-0.416918
-0.418769
-0.420251
-0.420983
-0.420829
-0.419954
-0.418641
-0.417294
-0.416275
-0.415875
-0.416266
-0.417474
-0.41938
-0.421797
-0.424429
-0.427018
-0.4293
-0.431133
-0.432398
-0.433111
-0.433369
-0.43329
-0.433036
-0.432728
-0.432411
-0.432052
-0.431535
-0.430639
-0.429134
-0.426803
-0.423545
-0.419504
-0.415124
-0.411219
-0.408788
-0.408697
-0.41127
-0.416128
-0.422314
-0.428764
-0.434572
-0.439191
-0.442397
-0.444172
-0.444638
-0.443959
-0.442313
-0.439868
-0.436782
-0.433217
-0.429363
-0.42538
-0.421434
-0.417682
-0.414272
-0.411321
-0.408936
-0.40716
-0.405994
-0.405389
-0.405263
-0.405517
-0.406071
-0.406887
-0.407988
-0.40938
-0.41104
-0.412833
-0.414573
-0.415997
-0.416799
-0.416779
-0.415827
-0.413943
-0.411289
-0.408125
-0.404795
-0.401711
-0.399214
-0.397574
-0.396946
-0.397311
-0.398562
-0.40054
-0.403049
-0.405918
-0.40903
-0.412289
-0.415633
-0.418959
-0.422232
-0.425356
-0.428275
-0.430897
-0.433158
-0.435018
-0.436427
-0.437338
-0.437749
-0.43762
-0.436958
-0.43577
-0.43409
-0.431966
-0.429477
-0.426709
-0.423782
-0.420848
-0.418025
-0.415464
-0.413287
-0.411575
-0.410359
-0.409683
-0.409529
-0.409876
-0.410745
-0.412079
-0.413843
-0.415963
-0.418329
-0.420806
-0.42327
-0.42557
-0.427615
-0.429279
-0.430469
-0.431114
-0.431181
-0.430698
-0.429729
-0.428368
-0.426768
-0.425103
-0.423505
-0.422116
-0.421024
-0.420292
-0.419929
-0.419941
-0.420323
-0.421051
-0.42207
-0.423329
-0.424758
-0.426281
-0.427834
-0.429378
-0.430863
-0.432299
-0.43367
-0.435007
-0.436279
-0.437471
-0.438526
-0.439391
-0.439994
-0.440266
-0.440151
-0.439629
-0.43871
-0.437409
-0.435842
-0.434157
-0.432549
-0.43126
-0.430479
-0.430313
-0.430705
-0.431423
-0.432058
-0.43219
-0.431519
-0.430072
-0.428333
-0.427247
-0.427782
-0.430575
-0.435487
-0.441642
-0.447868
-0.453103
-0.456715
-0.458475
-0.458458
-0.456927
-0.454251
-0.450793
-0.446891
-0.442818
-0.438715
-0.434533
-0.430151
-0.425401
-0.420174
-0.414626
-0.409182
-0.404622
-0.401847
-0.401728
-0.404726
-0.410724
-0.418955
-0.428259
-0.437418
-0.445429
-0.451598
-0.455684
-0.457766
-0.458166
-0.457378
-0.455868
-0.454048
-0.452099
-0.450026
-0.447726
-0.445052
-0.442046
-0.438912
-0.435997
-0.433718
-0.432399
-0.432168
-0.43298
-0.434654
-0.436948
-0.43964
-0.442553
-0.445496
-0.448312
-0.450857
-0.453007
-0.454679
-0.455828
-0.456446
-0.456594
-0.456293
-0.455611
-0.454566
-0.453186
-0.451466
-0.449393
-0.446925
-0.444031
-0.440628
-0.436648
-0.432013
-0.426725
-0.420869
-0.414685
-0.408626
-0.403313
-0.399437
-0.397558
-0.398031
-0.400808
-0.405507
-0.411525
-0.418186
-0.424869
-0.431114
-0.436557
-0.441053
-0.44448
-0.446821
-0.44806
-0.448225
-0.447305
-0.445324
-0.442336
-0.438424
-0.433756
-0.428599
-0.423294
-0.418254
-0.413888
-0.410563
-0.408473
-0.407659
-0.40799
-0.409172
-0.410864
-0.412634
-0.414109
-0.414977
-0.415055
-0.414276
-0.412685
-0.410444
-0.407792
-0.405034
-0.402481
-0.400406
-0.399045
-0.398498
-0.39881
-0.399947
-0.401857
-0.404461
-0.407675
-0.411443
-0.415609
-0.420037
-0.424564
-0.429009
-0.433159
-0.436832
-0.439881
-0.442167
-0.443577
-0.444015
-0.443435
-0.441762
-0.439026
-0.435299
-0.430756
-0.425687
-0.420458
-0.41544
-0.410937
-0.40706
-0.403728
-0.400716
-0.397802
-0.394869
-0.391918
-0.389041
-0.386319
-0.383864
-0.381885
-0.380957
-0.381889
-0.385335
-0.391286
-0.398935
-0.407022
-0.414353
-0.420217
-0.424411
-0.427093
-0.428653
-0.429513
-0.430069
-0.43063
-0.431394
-0.432512
-0.433986
-0.435757
-0.437706
-0.439711
-0.44162
-0.443316
-0.444715
-0.445752
-0.446345
-0.446416
-0.445875
-0.444644
-0.442656
-0.439953
-0.436672
-0.433136
-0.429792
-0.42715
-0.425654
-0.425566
-0.426844
-0.429227
-0.432294
-0.435599
-0.438752
-0.441476
-0.443598
-0.44498
-0.445576
-0.44536
-0.444392
-0.442731
-0.440497
-0.437848
-0.434933
-0.431909
-0.428946
-0.426143
-0.423555
-0.421216
-0.4191
-0.417148
-0.415254
-0.413334
-0.411417
-0.409693
-0.408515
-0.408401
-0.409774
-0.412806
-0.41736
-0.422985
-0.429132
-0.435255
-0.44095
-0.445968
-0.450187
-0.453595
-0.45622
-0.458095
-0.45929
-0.45985
-0.459798
-0.459176
-0.45803
-0.456394
-0.454358
-0.452037
-0.449648
-0.447463
-0.445811
-0.44499
-0.445218
-0.44654
-0.448827
-0.451822
-0.455164
-0.458523
-0.461633
-0.464298
-0.466444
-0.468048
-0.469142
-0.469813
-0.470172
-0.470347
-0.4704
-0.470381
-0.470297
-0.470064
-0.4696
-0.468713
-0.467382
-0.465593
-0.463502
-0.461462
-0.459873
-0.459117
-0.459395
-0.460674
-0.462701
-0.465054
-0.467402
-0.469487
-0.47122
-0.472649
-0.473866
-0.474972
-0.475974
-0.476828
-0.477389
-0.477535
-0.477103
-0.475997
-0.474192
-0.47177
-0.46891
-0.465885
-0.463053
-0.460787
-0.459391
-0.459068
-0.459821
-0.461489
-0.463798
-0.46643
-0.469098
-0.471599
-0.473865
-0.475924
-0.477881
-0.479909
-0.482126
-0.484639
-0.487458
-0.490521
-0.493697
-0.496835
-0.499763
-0.502346
-0.50446
-0.506004
-0.506893
-0.507061
-0.506439
-0.504931
-0.502463
-0.49898
-0.494459
-0.488998
-0.482823
-0.476324
-0.469975
-0.464223
-0.459235
-0.454889
-0.450734
-0.446355
-0.441661
-0.437059
-0.433411
-0.4316
-0.431985
-0.434187
-0.437276
-0.44031
-0.442703
-0.444333
-0.445333
-0.445915
-0.446178
-0.44609
-0.445592
-0.444562
-0.442963
-0.440814
-0.438176
-0.435131
-0.431792
-0.428246
-0.424587
-0.420905
-0.417272
-0.413776
-0.410546
-0.407704
-0.405371
-0.403661
-0.402645
-0.402315
-0.402638
-0.403494
-0.404744
-0.406241
-0.407851
-0.409443
-0.41093
-0.412229
-0.413316
-0.414162
-0.414763
-0.415107
-0.415215
-0.415102
-0.414805
-0.414351
-0.413757
-0.413072
-0.412326
-0.411558
-0.410792
-0.410031
-0.409279
-0.408521
-0.407754
-0.406916
-0.405959
-0.404826
-0.403466
-0.40183
-0.399872
-0.397562
-0.394874
-0.391768
-0.388207
-0.384084
-0.379255
-0.373549
-0.366905
-0.359446
-0.35171
-0.344686
-0.339495
-0.336898
-0.336703
-0.337963
-0.339635
-0.341332
-0.343467
-0.346715
-0.351269
-0.356562
-0.36155
-0.365276
-0.367321
-0.367873
-0.3676
-0.367427
-0.368185
-0.370421
-0.374231
-0.379251
-0.384839
-0.390325
-0.395219
-0.399216
-0.402223
-0.404294
-0.405541
-0.406108
-0.406152
-0.405776
-0.405094
-0.404171
-0.403051
-0.401783
-0.400397
-0.398926
-0.397436
-0.395978
-0.394611
-0.393431
-0.39249
-0.391859
-0.391581
-0.39168
-0.392169
-0.393009
-0.394152
-0.395519
-0.397009
-0.398521
-0.399941
-0.401165
-0.4021
-0.40268
-0.402831
-0.402529
-0.401747
-0.400507
-0.398857
-0.396882
-0.394721
-0.39252
-0.390455
-0.388696
-0.387413
-0.386717
-0.386654
-0.387205
-0.388258
-0.389655
-0.391145
-0.39248
-0.393408
-0.393728
-0.393339
-0.392229
-0.390502
-0.388374
-0.386128
-0.384098
-0.382633
-0.382004
-0.382352
-0.383638
-0.385699
-0.388239
-0.390932
-0.393487
-0.395706
-0.397499
-0.398844
-0.39981
-0.400465
-0.40092
-0.401272
-0.40161
-0.401997
-0.40247
-0.403072
-0.403819
-0.404729
-0.405816
-0.407092
-0.408545
-0.410166
-0.411927
-0.413803
-0.415759
-0.417759
-0.419735
-0.421647
-0.423439
-0.425039
-0.426408
-0.427457
-0.428133
-0.428365
-0.428085
-0.427239
-0.425769
-0.423653
-0.420913
-0.417616
-0.413933
-0.410056
-0.406264
-0.402799
-0.399915
-0.397764
-0.396418
-0.395881
-0.396075
-0.396874
-0.3981
-0.399543
-0.401021
-0.402364
-0.403497
-0.40444
-0.405319
-0.406331
-0.407646
-0.409369
-0.411499
-0.413897
-0.416344
-0.418602
-0.420443
-0.421695
-0.422239
-0.422026
-0.421065
-0.419397
-0.417111
-0.414335
-0.411264
-0.408051
-0.404922
-0.402141
-0.399941
-0.398543
-0.398075
-0.398592
-0.400004
-0.402146
-0.404771
-0.407638
-0.410532
-0.413295
-0.415907
-0.418378
-0.42079
-0.423232
-0.425789
-0.428525
-0.431454
-0.434546
-0.437741
-0.44091
-0.443954
-0.446731
-0.449149
-0.451122
-0.452603
-0.45354
-0.453932
-0.453786
-0.45315
-0.452057
-0.450521
-0.448596
-0.446296
-0.443634
-0.440667
-0.437532
-0.434515
-0.431986
-0.430413
-0.430174
-0.431523
-0.434422
-0.438618
-0.443676
-0.449117
-0.454455
-0.459285
-0.46329
-0.466272
-0.468115
-0.468842
-0.46856
-0.467512
-0.465999
-0.464397
-0.463028
-0.462092
-0.461565
-0.46126
-0.460806
-0.459791
-0.457864
-0.454786
-0.450523
-0.445218
-0.439224
-0.433048
-0.427349
-0.422809
-0.41996
-0.419073
-0.420045
-0.422441
-0.425673
-0.429194
-0.432652
-0.435906
-0.439033
-0.442213
-0.445657
-0.449559
-0.453966
-0.458769
-0.463765
-0.468675
-0.473206
-0.477084
-0.480138
-0.482278
-0.483503
-0.483889
-0.48357
-0.482718
-0.481534
-0.480203
-0.478932
-0.477829
-0.477019
-0.476518
-0.476311
-0.476318
-0.476417
-0.476484
-0.476413
-0.476096
-0.475498
-0.474658
-0.473646
-0.472588
-0.471634
-0.470885
-0.470414
-0.47018
-0.470085
-0.469925
-0.469544
-0.468715
-0.467256
-0.464962
-0.461694
-0.45737
-0.452102
-0.446383
-0.441267
-0.43822
-0.438628
-0.443052
-0.450824
-0.460407
-0.470124
-0.478715
-0.485561
-0.490526
-0.49378
-0.495566
-0.496185
-0.495903
-0.49492
-0.493459
-0.491666
-0.489701
-0.487688
-0.485735
-0.483911
-0.482262
-0.480785
-0.479394
-0.477974
-0.476378
-0.474506
-0.472291
-0.469787
-0.46722
-0.464929
-0.463319
-0.462754
-0.463436
-0.465364
-0.468296
-0.471856
-0.47567
-0.479377
-0.482744
-0.485603
-0.487883
-0.489531
-0.490512
-0.490815
-0.490462
-0.489603
-0.488463
-0.487371
-0.486697
-0.486747
-0.487719
-0.489642
-0.49244
-0.495938
-0.499918
-0.504204
-0.508604
-0.512969
-0.517151
-0.521
-0.524398
-0.527238
-0.529435
-0.530916
-0.531629
-0.531517
-0.530536
-0.528679
-0.52596
-0.522436
-0.518304
-0.513909
-0.509848
-0.506865
-0.505713
-0.5069
-0.510435
-0.515806
-0.522148
-0.528504
-0.534068
-0.538248
-0.540732
-0.541393
-0.540313
-0.537721
-0.533992
-0.529582
-0.524902
-0.520256
-0.515705
-0.511188
-0.506603
-0.501973
-0.497471
-0.493455
-0.490329
-0.488406
-0.487885
-0.488724
-0.490678
-0.493337
-0.496239
-0.49894
-0.501145
-0.502702
-0.503664
-0.50422
-0.504644
-0.505254
-0.506327
-0.508068
-0.510552
-0.513745
-0.517498
-0.521628
-0.52591
-0.530162
-0.534186
-0.537826
-0.540934
-0.543376
-0.545008
-0.545675
-0.545253
-0.54362
-0.540684
-0.536516
-0.531355
-0.525682
-0.520302
-0.516106
-0.513849
-0.513801
-0.515617
-0.518545
-0.521699
-0.524362
-0.526123
-0.526847
-0.526624
-0.525645
-0.524173
-0.52246
-0.520741
-0.519197
-0.517964
-0.517125
-0.516702
-0.516696
-0.517053
-0.517695
-0.518542
-0.519516
-0.52052
-0.521479
-0.522342
-0.523073
-0.523656
-0.524086
-0.524407
-0.52462
-0.524767
-0.524896
-0.525015
-0.525097
-0.525055
-0.524761
-0.524022
-0.522546
-0.52007
-0.51634
-0.511218
-0.504781
-0.497468
-0.490059
-0.483579
-0.478879
-0.476229
-0.475179
-0.474778
-0.474078
-0.472535
-0.470081
-0.467055
-0.463964
-0.461283
-0.459325
-0.458183
-0.457789
-0.457956
-0.458472
-0.459153
-0.459873
-0.460633
-0.461512
-0.462656
-0.464167
-0.466093
-0.46826
-0.470341
-0.47188
-0.472428
-0.471778
-0.470065
-0.467944
-0.46642
-0.466542
-0.468881
-0.47324
-0.478709
-0.484153
-0.488621
-0.491621
-0.493138
-0.493526
-0.493296
-0.492977
-0.492945
-0.493313
-0.494001
-0.494739
-0.495221
-0.495191
-0.494496
-0.493052
-0.49086
-0.487947
-0.484315
-0.479958
-0.474883
-0.469139
-0.462909
-0.456556
-0.450641
-0.44576
-0.442512
-0.441283
-0.442208
-0.445113
-0.449572
-0.455035
-0.460948
-0.466841
-0.472391
-0.477398
-0.481764
-0.485475
-0.488544
-0.490986
-0.492802
-0.49401
-0.494625
-0.494672
-0.494179
-0.493208
-0.491807
-0.490072
-0.488085
-0.485955
-0.483775
-0.48162
-0.479554
-0.47756
-0.475593
-0.473556
-0.471345
-0.468889
-0.466211
-0.463482
-0.461083
-0.459498
-0.45916
-0.460311
-0.462832
-0.466322
-0.470201
-0.473929
-0.477091
-0.479465
-0.480984
-0.481717
-0.481763
-0.48126
-0.480327
-0.479061
-0.477549
-0.475841
-0.473983
-0.47202
-0.470013
-0.468024
-0.466132
-0.464443
-0.463076
-0.462134
-0.461723
-0.461905
-0.462703
-0.464098
-0.465996
-0.46825
-0.470684
-0.473134
-0.475428
-0.477411
-0.478989
-0.480116
-0.480799
-0.481102
-0.481076
-0.480777
-0.480251
-0.479474
-0.478414
-0.477014
-0.47532
-0.473429
-0.471616
-0.470202
-0.469513
-0.469787
-0.471056
-0.473171
-0.475815
-0.478672
-0.481487
-0.48407
-0.486313
-0.488095
-0.489345
-0.489979
-0.489965
-0.489371
-0.488373
-0.487223
-0.48618
-0.485378
-0.484779
-0.484223
-0.48353
-0.482671
-0.48184
-0.481438
-0.481957
-0.48372
-0.486758
-0.490692
-0.494919
-0.498794
-0.501739
-0.503332
-0.503308
-0.501495
-0.497752
-0.491942
-0.483957
-0.473691
-0.461148
-0.446481
-0.430119
-0.412899
-0.396178
-0.381901
-0.372392
-0.369691
-0.374707
-0.386508
-0.402611
-0.420018
-0.436194
-0.449567
-0.459473
-0.465917
-0.469301
-0.470174
-0.469138
-0.466766
-0.463614
-0.460142
-0.456767
-0.453785
-0.451414
-0.449775
-0.448899
-0.448764
-0.449276
-0.450264
-0.451566
-0.452988
-0.454337
-0.455498
-0.456336
-0.456788
-0.456796
-0.456365
-0.455501
-0.454233
-0.452603
-0.450642
-0.448375
-0.445809
-0.442941
-0.439753
-0.43621
-0.432279
-0.427899
-0.423098
-0.41791
-0.412517
-0.407236
-0.402551
-0.399002
-0.397056
-0.396985
-0.398673
-0.401758
-0.405662
-0.409843
-0.413859
-0.417445
-0.420475
-0.422943
-0.424867
-0.42633
-0.427402
-0.428151
-0.428629
-0.428864
-0.428867
-0.428659
-0.428213
-0.427497
-0.426445
-0.425034
-0.423204
-0.420923
-0.418252
-0.41534
-0.412488
-0.410153
-0.408875
-0.40909
-0.410994
-0.414382
-0.418688
-0.423158
-0.42702
-0.4297
-0.430939
-0.430803
-0.429721
-0.428318
-0.427291
-0.427134
-0.427936
-0.429441
-0.431174
-0.432692
-0.433725
-0.434261
-0.434456
-0.434544
-0.434742
-0.435193
-0.435971
-0.437158
-0.438809
-0.440949
-0.443618
-0.446756
-0.450268
-0.453969
-0.457638
-0.461075
-0.464093
-0.466582
-0.468468
-0.469729
-0.47038
-0.470435
-0.469922
-0.468872
-0.467311
-0.465256
-0.462743
-0.45976
-0.456334
-0.45244
-0.448066
-0.443189
-0.437887
-0.432408
-0.427285
-0.423319
-0.421499
-0.422591
-0.426752
-0.43331
-0.440945
-0.448056
-0.453201
-0.455247
-0.453509
-0.44795
-0.439538
-0.430531
-0.424037
-0.422594
-0.426481
-0.433522
-0.440531
-0.444961
-0.445611
-0.442458
-0.436234
-0.428156
-0.419702
-0.412352
-0.407345
-0.405362
-0.406417
-0.409901
-0.414831
-0.420148
-0.424983
-0.428754
-0.43112
-0.431938
-0.431221
-0.4291
-0.425839
-0.421902
-0.418
-0.414946
-0.413496
-0.41406
-0.416573
-0.420569
-0.425402
-0.430452
-0.435225
-0.439416
-0.442829
-0.44538
-0.446979
-0.44759
-0.447172
-0.445648
-0.442968
-0.439056
-0.433876
-0.427481
-0.420116
-0.412281
-0.404722
-0.398416
-0.394317
-0.39298
-0.394387
-0.39798
-0.402848
-0.408047
-0.412864
-0.416859
-0.419866
-0.421864
-0.422952
-0.42328
-0.422994
-0.422262
-0.421212
-0.419953
-0.41857
-0.417129
-0.415688
-0.414278
-0.412904
-0.411594
-0.410365
-0.409225
-0.408185
-0.407242
-0.406418
-0.405725
-0.405212
-0.404909
-0.404887
-0.40518
-0.405823
-0.406842
-0.408215
-0.40992
-0.411895
-0.414089
-0.416436
-0.418884
-0.421366
-0.423874
-0.426374
-0.428842
-0.431266
-0.43364
-0.435935
-0.438143
-0.440245
-0.442214
-0.444033
-0.445672
-0.447097
-0.448258
-0.449111
-0.449617
-0.449709
-0.449282
-0.448216
-0.446319
-0.443369
-0.439106
-0.433325
-0.425873
-0.416818
-0.406512
-0.395696
-0.385359
-0.376609
-0.370358
-0.367094
-0.366812
-0.369172
-0.373649
-0.379621
-0.386439
-0.393468
-0.40021
-0.406304
-0.411596
-0.416008
-0.419459
-0.421801
-0.422853
-0.422488
-0.42072
-0.41783
-0.414365
-0.41109
-0.408845
-0.408264
-0.409644
-0.412848
-0.417333
-0.422395
-0.427377
-0.43175
-0.435234
-0.437692
-0.439128
-0.439661
-0.439404
-0.438534
-0.437201
-0.435565
-0.433789
-0.432015
-0.430399
-0.429046
-0.428054
-0.427493
-0.427377
-0.427666
-0.428281
-0.429113
-0.429989
-0.430716
-0.4311
-0.430943
-0.43008
-0.428327
-0.425594
-0.421844
-0.417175
-0.411822
-0.406201
-0.400823
-0.396169
-0.39254
-0.389963
-0.388279
-0.387203
-0.386523
-0.386145
-0.386121
-0.386533
-0.387376
-0.388525
-0.389775
-0.390875
-0.391676
-0.392138
-0.392361
-0.392561
-0.392978
-0.393775
-0.394981
-0.396398
-0.397796
-0.398887
-0.399462
-0.399413
-0.398761
-0.397635
-0.39625
-0.39488
-0.39375
-0.393063
-0.392962
-0.393467
-0.394549
-0.396122
-0.398017
-0.400076
-0.402142
-0.40408
-0.405748
-0.40706
-0.407912
-0.408208
-0.407868
-0.406844
-0.405087
-0.402569
-0.3993
-0.395289
-0.390626
-0.385419
-0.379799
-0.373967
-0.368197
-0.362828
-0.35834
-0.355237
-0.35394
-0.354667
-0.357299
-0.361418
-0.366436
-0.371751
-0.376872
-0.381441
-0.385184
-0.387928
-0.389559
-0.390021
-0.38937
-0.387752
-0.385439
-0.382822
-0.380317
-0.378335
-0.377198
-0.377063
-0.377929
-0.37968
-0.382111
-0.385027
-0.388281
-0.391723
-0.395252
-0.398696
-0.401859
-0.404481
-0.406283
-0.407032
-0.406555
-0.404827
-0.401997
-0.398393
-0.394594
-0.391285
-0.389084
-0.388388
-0.389232
-0.391298
-0.394083
-0.397051
-0.39976
-0.401896
-0.403267
-0.403732
-0.403213
-0.401677
-0.399109
-0.395589
-0.391251
-0.386349
-0.381201
-0.376181
-0.371682
-0.368029
-0.365402
-0.363813
-0.363117
-0.362973
-0.363047
-0.363042
-0.362841
-0.362573
-0.362552
-0.363176
-0.364729
-0.367269
-0.370591
-0.374327
-0.378073
-0.381451
-0.384203
-0.386165
-0.387301
-0.387706
-0.387581
-0.387152
-0.3866
-0.386064
-0.385552
-0.38505
-0.384471
-0.383812
-0.383143
-0.382678
-0.382761
-0.383753
-0.38592
-0.38934
-0.393817
-0.398962
-0.404286
-0.409348
-0.413803
-0.417477
-0.420323
-0.422304
-0.423508
-0.423986
-0.423803
-0.423025
-0.421684
-0.419819
-0.417451
-0.414598
-0.411288
-0.407567
-0.403492
-0.399176
-0.394798
-0.39061
-0.386909
-0.384006
-0.382206
-0.381689
-0.382481
-0.384509
-0.387558
-0.391354
-0.395612
-0.400054
-0.404415
-0.408477
-0.412068
-0.41506
-0.417366
-0.419004
-0.420019
-0.420523
-0.420658
-0.420611
-0.420546
-0.4206
-0.420866
-0.421391
-0.422125
-0.423018
-0.423986
-0.424934
-0.4258
-0.426557
-0.427189
-0.427695
-0.428141
-0.428574
-0.429031
-0.429574
-0.430211
-0.430984
-0.431872
-0.432852
-0.433906
-0.435011
-0.436173
-0.437365
-0.438624
-0.439952
-0.441363
-0.442852
-0.444389
-0.445886
-0.447233
-0.448288
-0.448821
-0.448579
-0.44732
-0.44482
-0.440986
-0.435901
-0.429975
-0.423927
-0.41873
-0.415412
-0.414644
-0.416543
-0.420557
-0.425708
-0.430907
-0.435265
-0.438286
-0.439887
-0.440383
-0.440316
-0.440294
-0.440837
-0.442123
-0.444003
-0.446013
-0.447567
-0.448066
-0.447044
-0.444207
-0.439454
-0.432838
-0.424638
-0.415235
-0.405179
-0.395038
-0.385355
-0.37669
-0.369608
-0.364838
-0.363056
-0.364585
-0.369131
-0.37573
-0.383125
-0.390187
-0.396197
-0.400913
-0.404414
-0.406965
-0.408871
-0.410324
-0.411432
-0.412192
-0.412513
-0.412329
-0.411587
-0.410241
-0.408309
-0.405823
-0.402825
-0.399355
-0.395463
-0.391223
-0.386713
-0.382059
-0.377439
-0.373061
-0.369171
-0.365993
-0.363662
-0.362262
-0.361702
-0.361796
-0.362343
-0.363084
-0.363801
-0.364361
-0.364663
-0.364687
-0.364434
-0.363918
-0.363168
-0.362236
-0.361157
-0.35997
-0.358719
-0.357418
-0.356084
-0.354723
-0.353362
-0.351996
-0.350616
-0.349216
-0.347772
-0.346265
-0.344654
-0.342906
-0.340958
-0.338757
-0.336231
-0.333363
-0.33013
-0.326576
-0.32282
-0.319059
-0.315564
-0.312626
-0.31048
-0.309261
-0.308905
-0.309219
-0.309912
-0.310658
-0.311214
-0.311342
-0.31094
-0.309894
-0.308158
-0.305735
-0.302684
-0.299104
-0.295174
-0.291075
-0.287067
-0.283431
-0.280459
-0.278412
-0.277488
-0.277713
-0.278993
-0.281043
-0.283606
-0.286438
-0.289376
-0.292355
-0.295336
-0.298346
-0.30132
-0.304209
-0.306924
-0.309371
-0.311486
-0.313227
-0.314581
-0.315568
-0.316222
-0.316609
-0.316791
-0.316827
-0.316785
-0.316704
-0.316619
-0.316595
-0.316655
-0.316827
-0.317105
-0.317527
-0.318094
-0.318806
-0.319653
-0.320656
-0.321793
-0.323047
-0.324402
-0.325836
-0.327305
-0.328759
-0.330131
-0.331319
-0.332216
-0.332682
-0.332536
-0.331607
-0.329746
-0.326885
-0.323123
-0.318864
-0.314824
-0.311937
-0.311109
-0.312792
-0.316785
-0.32229
-0.328259
-0.333735
-0.338081
-0.340974
-0.342344
-0.342298
-0.341056
-0.338894
-0.336174
-0.333336
-0.330902
-0.329447
-0.329456
-0.33121
-0.334654
-0.339342
-0.344567
-0.349518
-0.353514
-0.356136
-0.357243
-0.356991
-0.355753
-0.354
-0.352242
-0.350946
-0.350401
-0.350742
-0.351942
-0.353905
-0.356463
-0.35943
-0.362646
-0.365931
-0.369107
-0.372023
-0.374607
-0.376801
-0.378631
-0.380126
-0.381351
-0.382339
-0.383033
-0.383398
-0.383341
-0.38278
-0.381674
-0.380022
-0.377885
-0.375393
-0.372692
-0.369946
-0.367294
-0.364809
-0.362501
-0.360303
-0.358081
-0.355728
-0.353199
-0.350552
-0.348013
-0.345941
-0.344757
-0.344835
-0.346344
-0.349182
-0.352994
-0.357214
-0.361265
-0.36465
-0.367032
-0.368211
-0.368137
-0.366901
-0.364652
-0.361579
-0.357898
-0.353861
-0.349675
-0.34554
-0.341595
-0.337944
-0.334612
-0.331549
-0.328678
-0.325924
-0.323304
-0.320937
-0.319053
-0.317913
-0.317708
-0.318476
-0.320075
-0.322277
-0.324791
-0.327358
-0.329829
-0.332135
-0.334251
-0.336194
-0.338008
-0.339708
-0.341314
-0.342817
-0.344188
-0.34542
-0.346455
-0.34726
-0.347803
-0.34805
-0.347968
-0.347542
-0.346757
-0.345651
-0.344228
-0.342512
-0.340528
-0.33834
-0.335937
-0.333324
-0.330492
-0.327415
-0.324113
-0.320609
-0.316948
-0.313187
-0.309442
-0.305867
-0.302747
-0.300445
-0.29938
-0.299914
-0.302179
-0.306086
-0.311281
-0.317195
-0.323251
-0.328922
-0.33388
-0.337926
-0.341065
-0.343394
-0.34505
-0.346159
-0.346772
-0.346881
-0.34643
-0.345323
-0.343467
-0.340828
-0.337473
-0.333647
-0.329686
-0.326097
-0.323375
-0.32191
-0.321854
-0.323114
-0.325389
-0.328339
-0.331599
-0.334914
-0.33807
-0.340972
-0.343536
-0.345717
-0.347494
-0.348839
-0.349746
-0.350257
-0.350421
-0.350319
-0.350036
-0.349696
-0.349393
-0.349229
-0.34925
-0.349513
-0.34998
-0.350639
-0.351455
-0.352389
-0.353404
-0.354506
-0.355663
-0.356851
-0.358033
-0.359132
-0.360103
-0.360898
-0.361498
-0.361873
-0.362055
-0.362077
-0.362003
-0.36189
-0.361805
-0.361813
-0.361953
-0.362275
-0.362797
-0.363526
-0.364474
-0.36564
-0.367006
-0.368534
-0.370171
-0.371864
-0.37349
-0.374965
-0.376216
-0.377159
-0.377781
-0.378086
-0.378165
-0.378139
-0.378176
-0.378461
-0.379145
-0.38028
-0.38183
-0.383615
-0.385298
-0.386491
-0.386757
-0.385749
-0.383321
-0.379548
-0.374791
-0.369479
-0.363923
-0.358181
-0.352169
-0.345918
-0.339764
-0.334463
-0.330883
-0.329698
-0.33119
-0.335273
-0.34164
-0.34982
-0.359186
-0.369028
-0.378607
-0.387257
-0.39448
-0.399979
-0.403645
-0.405534
-0.405812
-0.404746
-0.402597
-0.399672
-0.396284
-0.392738
-0.389282
-0.386144
-0.383469
-0.381346
-0.37979
-0.378742
-0.37812
-0.377791
-0.377623
-0.377511
-0.377359
-0.377132
-0.376826
-0.376446
-0.376027
-0.375603
-0.375223
-0.374919
-0.374722
-0.374628
-0.374613
-0.374659
-0.374689
-0.374597
-0.374214
-0.373319
-0.371557
-0.368435
-0.363324
-0.355565
-0.344737
-0.331254
-0.317086
-0.305848
-0.301422
-0.305371
-0.315673
-0.328275
-0.339668
-0.348071
-0.353243
-0.355726
-0.35631
-0.355776
-0.354732
-0.353643
-0.352823
-0.352386
-0.352309
-0.352473
-0.352662
-0.352653
-0.352183
-0.351055
-0.349194
-0.346595
-0.343413
-0.339954
-0.336654
-0.33397
-0.332301
-0.331858
-0.332629
-0.334375
-0.336766
-0.339476
-0.342274
-0.344967
-0.347504
-0.349849
-0.352
-0.353983
-0.355805
-0.357464
-0.358932
-0.360186
-0.361196
-0.361928
-0.362371
-0.362498
-0.362332
-0.36189
-0.361234
-0.360449
-0.359665
-0.359026
-0.358653
-0.358653
-0.359048
-0.359811
-0.360842
-0.361964
-0.363
-0.363746
-0.364021
-0.36368
-0.362597
-0.360661
-0.35778
-0.353809
-0.348645
-0.342205
-0.33451
-0.325787
-0.316634
-0.308015
-0.301089
-0.296893
-0.295937
-0.297934
-0.301992
-0.306904
-0.311636
-0.315541
-0.31854
-0.321007
-0.323585
-0.326913
-0.331312
-0.336679
-0.342525
-0.348199
-0.353133
-0.356935
-0.359473
-0.360787
-0.361124
-0.360806
-0.360234
-0.359798
-0.359847
-0.360589
-0.362123
-0.36438
-0.367159
-0.370226
-0.373324
-0.376245
-0.378809
-0.380874
-0.382294
-0.382946
-0.382679
-0.381281
-0.378535
-0.374231
-0.368296
-0.360924
-0.352821
-0.345222
-0.339659
-0.337433
-0.338907
-0.343352
-0.349343
-0.355492
-0.360872
-0.365067
-0.368126
-0.370265
-0.371778
-0.37293
-0.373911
-0.374862
-0.375862
-0.376957
-0.378163
-0.379474
-0.380864
-0.38232
-0.383774
-0.385166
-0.386423
-0.387461
-0.388202
-0.388579
-0.388536
-0.388048
-0.387112
-0.385752
-0.384005
-0.381913
-0.379513
-0.376874
-0.374
-0.370959
-0.367793
-0.364613
-0.361627
-0.359149
-0.357576
-0.357272
-0.358344
-0.360548
-0.363299
-0.365903
-0.367792
-0.368695
-0.368645
-0.367926
-0.366908
-0.365894
-0.365042
-0.364317
-0.363408
-0.361901
-0.359344
-0.35537
-0.349905
-0.343342
-0.336707
-0.331535
-0.329456
-0.331352
-0.336931
-0.344836
-0.353351
-0.361029
-0.366983
-0.370844
-0.372558
-0.372275
-0.37026
-0.366879
-0.362644
-0.358238
-0.354404
-0.351809
-0.350844
-0.351479
-0.353281
-0.355571
-0.357642
-0.358916
-0.358977
-0.357621
-0.354778
-0.350561
-0.34528
-0.339518
-0.334088
-0.329887
-0.327635
-0.327622
-0.329579
-0.332816
-0.33652
-0.339992
-0.342767
-0.344655
-0.345612
-0.345709
-0.345072
-0.343775
-0.341906
-0.339508
-0.33662
-0.333255
-0.329429
-0.32522
-0.320797
-0.316455
-0.312646
-0.309867
-0.308551
-0.308954
-0.311017
-0.314412
-0.318644
-0.323218
-0.327717
-0.33189
-0.335576
-0.338759
-0.341475
-0.343778
-0.345696
-0.347309
-0.348665
-0.349795
-0.350745
-0.351503
-0.352095
-0.352536
-0.352831
-0.352979
-0.353019
-0.352974
-0.352861
-0.35273
-0.35259
-0.352492
-0.352472
-0.352559
-0.352787
-0.35317
-0.353721
-0.354446
-0.355353
-0.356458
-0.357769
-0.359332
-0.361185
-0.36336
-0.365875
-0.368757
-0.371986
-0.375548
-0.379389
-0.383446
-0.387667
-0.391955
-0.396235
-0.400401
-0.404303
-0.407811
-0.410739
-0.412919
-0.414139
-0.4142
-0.412928
-0.410221
-0.406103
-0.400745
-0.394516
-0.387929
-0.381515
-0.375663
-0.370546
-0.366101
-0.362218
-0.358903
-0.356262
-0.354394
-0.353188
-0.352383
-0.351665
-0.350954
-0.350594
-0.351211
-0.353421
-0.357472
-0.363144
-0.369776
-0.376607
-0.383062
-0.388967
-0.3945
-0.400011
-0.405738
-0.41164
-0.417434
-0.42269
-0.427025
-0.4302
-0.432111
-0.43273
-0.432099
-0.430293
-0.427402
-0.423521
-0.418787
-0.413263
-0.406922
-0.399514
-0.390649
-0.380058
-0.368183
-0.356813
-0.349046
-0.347921
-0.354372
-0.366417
-0.380536
-0.393708
-0.40436
-0.412176
-0.41751
-0.42092
-0.422912
-0.423904
-0.424157
-0.423798
-0.422873
-0.421367
-0.419262
-0.416514
-0.413111
-0.409087
-0.404542
-0.399642
-0.394671
-0.389977
-0.385952
-0.383007
-0.381459
-0.381473
-0.383022
-0.385855
-0.38961
-0.393779
-0.397896
-0.401534
-0.404404
-0.406289
-0.407103
-0.406872
-0.405676
-0.403601
-0.400809
-0.397474
-0.393775
-0.389911
-0.386112
-0.382615
-0.379682
-0.377548
-0.376377
-0.376252
-0.377081
-0.378651
-0.380633
-0.382646
-0.384323
-0.385364
-0.385564
-0.384766
-0.382932
-0.380079
-0.376301
-0.371801
-0.36691
-0.362061
-0.35774
-0.354469
-0.352653
-0.352502
-0.353954
-0.356749
-0.360399
-0.364398
-0.368296
-0.371758
-0.374573
-0.376632
-0.377931
-0.378496
-0.378395
-0.3777
-0.376494
-0.374858
-0.372882
-0.370657
-0.368297
-0.365913
-0.363595
-0.361418
-0.359423
-0.357627
-0.356001
-0.354463
-0.352951
-0.351367
-0.349705
-0.347962
-0.346232
-0.34463
-0.343286
-0.342384
-0.342056
-0.34238
-0.343352
-0.344922
-0.346906
-0.349113
-0.351301
-0.353222
-0.354641
-0.355363
-0.355243
-0.354244
-0.352408
-0.349893
-0.34704
-0.344254
-0.341984
-0.340618
-0.340354
-0.341173
-0.34285
-0.345085
-0.347532
-0.349951
-0.352164
-0.3541
-0.355737
-0.357095
-0.35824
-0.35925
-0.360189
-0.361111
-0.362052
-0.36303
-0.364022
-0.364984
-0.365833
-0.366497
-0.366879
-0.366868
-0.3664
-0.36544
-0.363939
-0.361962
-0.35964
-0.357177
-0.354867
-0.35304
-0.352044
-0.352116
-0.353351
-0.355707
-0.358921
-0.362691
-0.366679
-0.370539
-0.373998
-0.376879
-0.379055
-0.38048
-0.381175
-0.381229
-0.380793
-0.380059
-0.379263
-0.378592
-0.378199
-0.378127
-0.378308
-0.378599
-0.378812
-0.378807
-0.37846
-0.377757
-0.376751
-0.375542
-0.374219
-0.372871
-0.371561
-0.370315
-0.369129
-0.368001
-0.366959
-0.366075
-0.365461
-0.365298
-0.365757
-0.367047
-0.369225
-0.37231
-0.376133
-0.380388
-0.384726
-0.38876
-0.392131
-0.394517
-0.395674
-0.395372
-0.393469
-0.389917
-0.384865
-0.378788
-0.372556
-0.367347
-0.364325
-0.364225
-0.366859
-0.37135
-0.376449
-0.381097
-0.38462
-0.386772
-0.387609
-0.387365
-0.38638
-0.384963
-0.383414
-0.381968
-0.380769
-0.379852
-0.379214
-0.378757
-0.378383
-0.378007
-0.37758
-0.377109
-0.376663
-0.376294
-0.376048
-0.375974
-0.376072
-0.376291
-0.376553
-0.376762
-0.376806
-0.376558
-0.375936
-0.374882
-0.373376
-0.371455
-0.369196
-0.366712
-0.364144
-0.361638
-0.359333
-0.357399
-0.355967
-0.355183
-0.35514
-0.355913
-0.357496
-0.359805
-0.362655
-0.365828
-0.369037
-0.372053
-0.374664
-0.376734
-0.378191
-0.37903
-0.379274
-0.378975
-0.378222
-0.377104
-0.375723
-0.374156
-0.372481
-0.37073
-0.368933
-0.367065
-0.365098
-0.362985
-0.360674
-0.358168
-0.355473
-0.352624
-0.349701
-0.346748
-0.343841
-0.341011
-0.33826
-0.335578
-0.332944
-0.33039
-0.327975
-0.325801
-0.323986
-0.322689
-0.321985
-0.321877
-0.322299
-0.323029
-0.323832
-0.324457
-0.32469
-0.324438
-0.323769
-0.32288
-0.322097
-0.321781
-0.322198
-0.323491
-0.325601
-0.328314
-0.331289
-0.334205
-0.336798
-0.338885
-0.34032
-0.341059
-0.341122
-0.340561
-0.339488
-0.338063
-0.336489
-0.334969
-0.333652
-0.332596
-0.33166
-0.330602
-0.329093
-0.326778
-0.32347
-0.3192
-0.314342
-0.30961
-0.305976
-0.304456
-0.305688
-0.309745
-0.316055
-0.323599
-0.331334
-0.338414
-0.344362
-0.349003
-0.352346
-0.354548
-0.355791
-0.356287
-0.35619
-0.355626
-0.354683
-0.35342
-0.351835
-0.34992
-0.347615
-0.344865
-0.341629
-0.337914
-0.333797
-0.329491
-0.325323
-0.321706
-0.319103
-0.317896
-0.318357
-0.320535
-0.324224
-0.328991
-0.334222
-0.339302
-0.343659
-0.346849
-0.348604
-0.348804
-0.347454
-0.344707
-0.340842
-0.336308
-0.331648
-0.327505
-0.324527
-0.323194
-0.323734
-0.326042
-0.329787
-0.334421
-0.339407
-0.344261
-0.34863
-0.352304
-0.355215
-0.357304
-0.358608
-0.359151
-0.358934
-0.357969
-0.35621
-0.353642
-0.350259
-0.346104
-0.341316
-0.336147
-0.331
-0.326387
-0.32278
-0.32053
-0.319749
-0.320267
-0.321718
-0.323612
-0.325498
-0.326996
-0.327841
-0.327913
-0.327208
-0.325898
-0.324297
-0.322805
-0.321882
-0.321882
-0.322898
-0.324796
-0.327178
-0.32953
-0.331325
-0.332139
-0.331734
-0.330078
-0.327355
-0.324069
-0.320885
-0.318581
-0.317765
-0.318712
-0.321219
-0.324743
-0.328629
-0.332303
-0.335351
-0.337639
-0.339154
-0.339963
-0.340208
-0.339999
-0.339462
-0.338691
-0.337774
-0.336753
-0.335674
-0.334559
-0.333434
-0.332308
-0.331178
-0.330069
-0.328989
-0.327955
-0.326973
-0.326052
-0.325211
-0.324477
-0.323805
-0.323193
-0.322603
-0.321993
-0.321348
-0.320637
-0.319873
-0.319074
-0.31828
-0.317507
-0.316769
-0.316067
-0.315356
-0.314548
-0.313551
-0.312303
-0.310738
-0.308906
-0.306953
-0.305234
-0.304272
-0.304661
-0.306893
-0.311094
-0.316961
-0.323816
-0.330857
-0.337367
-0.342828
-0.346991
-0.349739
-0.351106
-0.35117
-0.350032
-0.347766
-0.344399
-0.339998
-0.334617
-0.328418
-0.321705
-0.315026
-0.309058
-0.304535
-0.30195
-0.301344
-0.302281
-0.304074
-0.306124
-0.308058
-0.309865
-0.311733
-0.313937
-0.316673
-0.319957
-0.323666
-0.327577
-0.331406
-0.334932
-0.33798
-0.340502
-0.342497
-0.344057
-0.34529
-0.346358
-0.347363
-0.348393
-0.349492
-0.350625
-0.351748
-0.352763
-0.353564
-0.354018
-0.354035
-0.353519
-0.352406
-0.350706
-0.348452
-0.345738
-0.342737
-0.339644
-0.336694
-0.334093
-0.331984
-0.330442
-0.329439
-0.32893
-0.328844
-0.329126
-0.329742
-0.330728
-0.332113
-0.333972
-0.336355
-0.339252
-0.342635
-0.346384
-0.350345
-0.354319
-0.358106
-0.361501
-0.36433
-0.366449
-0.36777
-0.368233
-0.367838
-0.366639
-0.364694
-0.362123
-0.359088
-0.355776
-0.352384
-0.349163
-0.346341
-0.344177
-0.342876
-0.342636
-0.343582
-0.345749
-0.349087
-0.35346
-0.358613
-0.364256
-0.370061
-0.375723
-0.380952
-0.385522
-0.389238
-0.391959
-0.393574
-0.394026
-0.39329
-0.391385
-0.388428
-0.384619
-0.380278
-0.375836
-0.371807
-0.368715
-0.366942
-0.366661
-0.367765
-0.369876
-0.372436
-0.374834
-0.376505
-0.377003
-0.376118
-0.373854
-0.370493
-0.366582
-0.362835
-0.359981
-0.358543
-0.358656
-0.36006
-0.362231
-0.364658
-0.366915
-0.368751
-0.370079
-0.370949
-0.371429
-0.371604
-0.371555
-0.371333
-0.370977
-0.370519
-0.369981
-0.369382
-0.368746
-0.368136
-0.36763
-0.367286
-0.367159
-0.367349
-0.367873
-0.368739
-0.369924
-0.371375
-0.373019
-0.374755
-0.376492
-0.378145
-0.379625
-0.380866
-0.381775
-0.3823
-0.382359
-0.381897
-0.38089
-0.379342
-0.377331
-0.375025
-0.372665
-0.370595
-0.369149
-0.368578
-0.368965
-0.370208
-0.372025
-0.374017
-0.37581
-0.377076
-0.37759
-0.377256
-0.376092
-0.374162
-0.371651
-0.36879
-0.365921
-0.363396
-0.36157
-0.360776
-0.361217
-0.362937
-0.365786
-0.369477
-0.373639
-0.377895
-0.3819
-0.385416
-0.388286
-0.390448
-0.391877
-0.392613
-0.392713
-0.392275
-0.391395
-0.390175
-0.388732
-0.387168
-0.385619
-0.384161
-0.382892
-0.38189
-0.381196
-0.380818
-0.380724
-0.380864
-0.381145
-0.381454
-0.381693
-0.381814
-0.381845
-0.38189
-0.382149
-0.382872
-0.384326
-0.386687
-0.390062
-0.394345
-0.399311
-0.404612
-0.409883
-0.414733
-0.418808
-0.421802
-0.423464
-0.423609
-0.422109
-0.418962
-0.414277
-0.408438
-0.402066
-0.396017
-0.391168
-0.388208
-0.387443
-0.388727
-0.391656
-0.395648
-0.400154
-0.404708
-0.408969
-0.412687
-0.415721
-0.417995
-0.419475
-0.420161
-0.420073
-0.419295
-0.417974
-0.416356
-0.414769
-0.413553
-0.412988
-0.413159
-0.413954
-0.415017
-0.415831
-0.415881
-0.414679
-0.411868
-0.40735
-0.4015
-0.395308
-0.390372
-0.388442
-0.390584
-0.39653
-0.404824
-0.413623
-0.421411
-0.427303
-0.430955
-0.432349
-0.431596
-0.42883
-0.424184
-0.417893
-0.410266
-0.401798
-0.393163
-0.385213
-0.3788
-0.374637
-0.373116
-0.374156
-0.377268
-0.381696
-0.386638
-0.391397
-0.395467
-0.398541
-0.400491
-0.401289
-0.401027
-0.39984
-0.397934
-0.395545
-0.392949
-0.390417
-0.388212
-0.386589
-0.385705
-0.385613
-0.386257
-0.387471
-0.389038
-0.39071
-0.392282
-0.393564
-0.394454
-0.394851
-0.394736
-0.394105
-0.392962
-0.391361
-0.389365
-0.387022
-0.384409
-0.381592
-0.378668
-0.37576
-0.372988
-0.370472
-0.36833
-0.366658
-0.365477
-0.364781
-0.364526
-0.36458
-0.364839
-0.365174
-0.365491
-0.365698
-0.365773
-0.36571
-0.365547
-0.365351
-0.365196
-0.365132
-0.365203
-0.365386
-0.365642
-0.365889
-0.366055
-0.366089
-0.365991
-0.365805
-0.365646
-0.365671
-0.366054
-0.36693
-0.368357
-0.370338
-0.372781
-0.375524
-0.378354
-0.381054
-0.383392
-0.385155
-0.386145
-0.386196
-0.385189
-0.383078
-0.379924
-0.375959
-0.371538
-0.36712
-0.36315
-0.359835
-0.357133
-0.354743
-0.352229
-0.349231
-0.345629
-0.341596
-0.337642
-0.334534
-0.333071
-0.333904
-0.337322
-0.343056
-0.350395
-0.358383
-0.36609
-0.372867
-0.378359
-0.382531
-0.385606
-0.387894
-0.389665
-0.391076
-0.392088
-0.392603
-0.39244
-0.391515
-0.389802
-0.387476
-0.384819
-0.382188
-0.380027
-0.378695
-0.378461
-0.379444
-0.381577
-0.384654
-0.388352
-0.392301
-0.396154
-0.399591
-0.402385
-0.404388
-0.405533
-0.405805
-0.405275
-0.404124
-0.40266
-0.401304
-0.400585
-0.400953
-0.402662
-0.405661
-0.409599
-0.413941
-0.418136
-0.421762
-0.424564
-0.426439
-0.427411
-0.427591
-0.427142
-0.426257
-0.425159
-0.424029
-0.42303
-0.422293
-0.421841
-0.421615
-0.421494
-0.421309
-0.420895
-0.42005
-0.418608
-0.416461
-0.41352
-0.409791
-0.405392
-0.400537
-0.395622
-0.39113
-0.387519
-0.385088
-0.383909
-0.383714
-0.38411
-0.384624
-0.384921
-0.384897
-0.384663
-0.384591
-0.385162
-0.386873
-0.390001
-0.394579
-0.40031
-0.406638
-0.412975
-0.418789
-0.423687
-0.427404
-0.429771
-0.430653
-0.429953
-0.427587
-0.423557
-0.418056
-0.411565
-0.404881
-0.399021
-0.394862
-0.392752
-0.392445
-0.393233
-0.394453
-0.395738
-0.397054
-0.398442
-0.399819
-0.400926
-0.401388
-0.400823
-0.39908
-0.396114
-0.392153
-0.387563
-0.382886
-0.378752
-0.375796
-0.37451
-0.375205
-0.3779
-0.382415
-0.38836
-0.395237
-0.402441
-0.409408
-0.415749
-0.421235
-0.425756
-0.429294
-0.431842
-0.433387
-0.433957
-0.433617
-0.432487
-0.430771
-0.428769
-0.426801
-0.42521
-0.424281
-0.424199
-0.425041
-0.426744
-0.429139
-0.432014
-0.435098
-0.438144
-0.440922
-0.443251
-0.445009
-0.446113
-0.446515
-0.44618
-0.445118
-0.443376
-0.441033
-0.43818
-0.434962
-0.431591
-0.428295
-0.425302
-0.42286
-0.421145
-0.420268
-0.420288
-0.421174
-0.422841
-0.425125
-0.427845
-0.43073
-0.43352
-0.435917
-0.437643
-0.438465
-0.438238
-0.436879
-0.434407
-0.43092
-0.426654
-0.421962
-0.417313
-0.413317
-0.410639
-0.409849
-0.411229
-0.414688
-0.419754
-0.425706
-0.431801
-0.43744
-0.442204
-0.445891
-0.448465
-0.449992
-0.450616
-0.450485
-0.449754
-0.44854
-0.446916
-0.444916
-0.44255
-0.439758
-0.436491
-0.432694
-0.428408
-0.423733
-0.418918
-0.414329
-0.410369
-0.407406
-0.405653
-0.405145
-0.405714
-0.407092
-0.408934
-0.410946
-0.412901
-0.414593
-0.415858
-0.416554
-0.416559
-0.415736
-0.413927
-0.410972
-0.406716
-0.401045
-0.393955
-0.38575
-0.377155
-0.369283
-0.363438
-0.360585
-0.360917
-0.363719
-0.367774
-0.37195
-0.375436
-0.377926
-0.379383
-0.379937
-0.379788
-0.379099
-0.378038
-0.376726
-0.375312
-0.373945
-0.372749
-0.371861
-0.371374
-0.371374
-0.37191
-0.372953
-0.374467
-0.376378
-0.378566
-0.380891
-0.383189
-0.385248
-0.386864
-0.387757
-0.387641
-0.386235
-0.383288
-0.378688
-0.372537
-0.365316
-0.35785
-0.351281
-0.346673
-0.344675
-0.345285
-0.347905
-0.351718
-0.355946
-0.360059
-0.363671
-0.366573
-0.368682
-0.36998
-0.370516
-0.370414
-0.369825
-0.368953
-0.368011
-0.367154
-0.366503
-0.366076
-0.365825
-0.365568
-0.365111
-0.36423
-0.362736
-0.360539
-0.357672
-0.354331
-0.350858
-0.347683
-0.345274
-0.344029
-0.344215
-0.345874
-0.348869
-0.352865
-0.357429
-0.362076
-0.366405
-0.370096
-0.372956
-0.374912
-0.376041
-0.376495
-0.37647
-0.376179
-0.37581
-0.375505
-0.375339
-0.375367
-0.375585
-0.376003
-0.376634
-0.377495
-0.378612
-0.380003
-0.381638
-0.383471
-0.385411
-0.387308
-0.389079
-0.390649
-0.391988
-0.393121
-0.394144
-0.395133
-0.396175
-0.397352
-0.398676
-0.400146
-0.401693
-0.403238
-0.404647
-0.405753
-0.406383
-0.406329
-0.40543
-0.403578
-0.400762
-0.397075
-0.392812
-0.388374
-0.384248
-0.380878
-0.37855
-0.377286
-0.376912
-0.377201
-0.377921
-0.378912
-0.380054
-0.381187
-0.382062
-0.38241
-0.382002
-0.380821
-0.379131
-0.377459
-0.376434
-0.376663
-0.378514
-0.382042
-0.386969
-0.392754
-0.398759
-0.40436
-0.408999
-0.412279
-0.413952
-0.41387
-0.411988
-0.408387
-0.40325
-0.396985
-0.39021
-0.383752
-0.378452
-0.375061
-0.373932
-0.374988
-0.377799
-0.381738
-0.386206
-0.390742
-0.3951
-0.399147
-0.40281
-0.406076
-0.408915
-0.411285
-0.413103
-0.414252
-0.414608
-0.414037
-0.41234
-0.409379
-0.404996
-0.399088
-0.391675
-0.38294
-0.373302
-0.363422
-0.354145
-0.34639
-0.340935
-0.338247
-0.33835
-0.340872
-0.345152
-0.350408
-0.355986
-0.361373
-0.366339
-0.37076
-0.374596
-0.377832
-0.380414
-0.382286
-0.383408
-0.383729
-0.383272
-0.382049
-0.380095
-0.377444
-0.374123
-0.370177
-0.36566
-0.360684
-0.355424
-0.350202
-0.345471
-0.341767
-0.339565
-0.339139
-0.340401
-0.342971
-0.346243
-0.349614
-0.352609
-0.354924
-0.356466
-0.357259
-0.35738
-0.356952
-0.356112
-0.354936
-0.353509
-0.351913
-0.350187
-0.348384
-0.346557
-0.344764
-0.343052
-0.341472
-0.34007
-0.338872
-0.337912
-0.337194
-0.336685
-0.336375
-0.336201
-0.336118
-0.336061
-0.336004
-0.335902
-0.335725
-0.335477
-0.335177
-0.334849
-0.334538
-0.334303
-0.33419
-0.334228
-0.334459
-0.334898
-0.335528
-0.336322
-0.337246
-0.338252
-0.339304
-0.340366
-0.341366
-0.342258
-0.342971
-0.343442
-0.343569
-0.343248
-0.342355
-0.340787
-0.338521
-0.335638
-0.332403
-0.329321
-0.327095
-0.326427
-0.327806
-0.331267
-0.336402
-0.342505
-0.34882
-0.354751
-0.359932
-0.364197
-0.367488
-0.369811
-0.371143
-0.371411
-0.370444
-0.367963
-0.363653
-0.357237
-0.348716
-0.338764
-0.329058
-0.322139
-0.320382
-0.324577
-0.333341
-0.343992
-0.353996
-0.361833
-0.366981
-0.369527
-0.369765
-0.367976
-0.364348
-0.358967
-0.351902
-0.34336
-0.333901
-0.324542
-0.316827
-0.312545
-0.313072
-0.318691
-0.328305
-0.340031
-0.351961
-0.36273
-0.37175
-0.378934
-0.384494
-0.388733
-0.391911
-0.394195
-0.395651
-0.396277
-0.39599
-0.394694
-0.392277
-0.388661
-0.383846
-0.377963
-0.371331
-0.364499
-0.358267
-0.353507
-0.350999
-0.35113
-0.353779
-0.358357
-0.364025
-0.370032
-0.375789
-0.380994
-0.385525
-0.389382
-0.392644
-0.39538
-0.397663
-0.399546
-0.401033
-0.402114
-0.402744
-0.402853
-0.402332
-0.401079
-0.39896
-0.395832
-0.391613
-0.386258
-0.379839
-0.372552
-0.364761
-0.356908
-0.349406
-0.342496
-0.336296
-0.330819
-0.326179
-0.322699
-0.320866
-0.321145
-0.323715
-0.328318
-0.334293
-0.34075
-0.346807
-0.35179
-0.355234
-0.356875
-0.356651
-0.354633
-0.35102
-0.346185
-0.340598
-0.334861
-0.329622
-0.325484
-0.322969
-0.322441
-0.324063
-0.327724
-0.333101
-0.339628
-0.346676
-0.353645
-0.360104
-0.365783
-0.37057
-0.37445
-0.377501
-0.379808
-0.381495
-0.382656
-0.383411
-0.383828
-0.383959
-0.38387
-0.383568
-0.38308
-0.382369
-0.38143
-0.380212
-0.378646
-0.37665
-0.374123
-0.370966
-0.367097
-0.362478
-0.357181
-0.351385
-0.345439
-0.33983
-0.335095
-0.331656
-0.329725
-0.32922
-0.329796
-0.331072
-0.332718
-0.334535
-0.336461
-0.338488
-0.340621
-0.342821
-0.345008
-0.347082
-0.348971
-0.350625
-0.352054
-0.353285
-0.354354
-0.355335
-0.356256
-0.357179
-0.358119
-0.359069
-0.360023
-0.360956
-0.361854
-0.362688
-0.363431
-0.36405
-0.364547
-0.364909
-0.365135
-0.365246
-0.365241
-0.365148
-0.364964
-0.364739
-0.364501
-0.364264
-0.364061
-0.363958
-0.363969
-0.364134
-0.364484
-0.36502
-0.365702
-0.366478
-0.367277
-0.36799
-0.368504
-0.368675
-0.368374
-0.367489
-0.365932
-0.363662
-0.360727
-0.35725
-0.353474
-0.349745
-0.346479
-0.344175
-0.343206
-0.343834
-0.346094
-0.349807
-0.354622
-0.360053
-0.365595
-0.37081
-0.375318
-0.378864
-0.381333
-0.382689
-0.383023
-0.382501
-0.3813
-0.379618
-0.377662
-0.375631
-0.373665
-0.371916
-0.370477
-0.369452
-0.368912
-0.36888
-0.369322
-0.37014
-0.371214
-0.372368
-0.373422
-0.374236
-0.37472
-0.374842
-0.374598
-0.374071
-0.37334
-0.372564
-0.371885
-0.371482
-0.37151
-0.37206
-0.373212
-0.374914
-0.377067
-0.379544
-0.382147
-0.384695
-0.386999
-0.388935
-0.390398
-0.391302
-0.391617
-0.391302
-0.39034
-0.388717
-0.386415
-0.383456
-0.379829
-0.375585
-0.370742
-0.365405
-0.359703
-0.353834
-0.348009
-0.342482
-0.337488
-0.333273
-0.330056
-0.32805
-0.327507
-0.32862
-0.331463
-0.33592
-0.341642
-0.348086
-0.354681
-0.360875
-0.366294
-0.370718
-0.374068
-0.376342
-0.377603
-0.377909
-0.377329
-0.375925
-0.373745
-0.370842
-0.367277
-0.363153
-0.358596
-0.353797
-0.348985
-0.344401
-0.340275
-0.336765
-0.334001
-0.331921
-0.330408
-0.329292
-0.328347
-0.327391
-0.326317
-0.32517
-0.324084
-0.323327
-0.323097
-0.323574
-0.324781
-0.326603
-0.328857
-0.331331
-0.333839
-0.336282
-0.338563
-0.340659
-0.342513
-0.344072
-0.345259
-0.345982
-0.346111
-0.345458
-0.343814
-0.340915
-0.336524
-0.330482
-0.322932
-0.314546
-0.30665
-0.301068
-0.299362
-0.302129
-0.308553
-0.316946
-0.325569
-0.333223
-0.339354
-0.343911
-0.347064
-0.349054
-0.350144
-0.350497
-0.350239
-0.349429
-0.348083
-0.346183
-0.343668
-0.340468
-0.336514
-0.331776
-0.326312
-0.32039
-0.314509
-0.309405
-0.30597
-0.304942
-0.306702
-0.311069
-0.317461
-0.325043
-0.333072
-0.340978
-0.34839
-0.355122
-0.361081
-0.36623
-0.370564
-0.37409
-0.376814
-0.378741
-0.379908
-0.380367
-0.380255
-0.379825
-0.379466
-0.379621
-0.380767
-0.383215
-0.387007
-0.391888
-0.397352
-0.402739
-0.407416
-0.410793
-0.412333
-0.411571
-0.408104
-0.401562
-0.391849
-0.379298
-0.365015
-0.350906
-0.339424
-0.33268
-0.331511
-0.335148
-0.341816
-0.349665
-0.357443
-0.364617
-0.37129
-0.37786
-0.384695
-0.391952
-0.399503
-0.406931
-0.413681
-0.419276
-0.423306
-0.425597
-0.426192
-0.425368
-0.423539
-0.421283
-0.419231
-0.417983
-0.417963
-0.419374
-0.422115
-0.425841
-0.430043
-0.434203
-0.437903
-0.440874
-0.443015
-0.444349
-0.444984
-0.44504
-0.444645
-0.44394
-0.442985
-0.441881
-0.440716
-0.439587
-0.43855
-0.437672
-0.436949
-0.436317
-0.435658
-0.434844
-0.433693
-0.432076
-0.42994
-0.427354
-0.424556
-0.421893
-0.41979
-0.418561
-0.418339
-0.418998
-0.42019
-0.421519
-0.422636
-0.423357
-0.423655
-0.423657
-0.423527
-0.423473
-0.423633
-0.424051
-0.424681
-0.425393
-0.426049
-0.42648
-0.426583
-0.426362
-0.425851
-0.425209
-0.424611
-0.42421
-0.424156
-0.424499
-0.425212
-0.426193
-0.427349
-0.428594
-0.429873
-0.431186
-0.432581
-0.434077
-0.435678
-0.437334
-0.438968
-0.440423
-0.44151
-0.442056
-0.441804
-0.440552
-0.438091
-0.434306
-0.429173
-0.422853
-0.415699
-0.408339
-0.4015
-0.395858
-0.391825
-0.389399
-0.388197
-0.38765
-0.387279
-0.386818
-0.386261
-0.385765
-0.385634
-0.386295
-0.388093
-0.391181
-0.395343
-0.40005
-0.404575
-0.4083
-0.410825
-0.411998
-0.411877
-0.410637
-0.408504
-0.405729
-0.402543
-0.399171
-0.395809
-0.392615
-0.389733
-0.387255
-0.385242
-0.38373
-0.382695
-0.382092
-0.381858
-0.381901
-0.382113
-0.38243
-0.382761
-0.383072
-0.383339
-0.38357
-0.383759
-0.383924
-0.384091
-0.384267
-0.384482
-0.384716
-0.384977
-0.38524
-0.385477
-0.385667
-0.385712
-0.385562
-0.385101
-0.384179
-0.382592
-0.380076
-0.37633
-0.371064
-0.364113
-0.355661
-0.346498
-0.338139
-0.332547
-0.331278
-0.334648
-0.341521
-0.349962
-0.358206
-0.365134
-0.370316
-0.373805
-0.375833
-0.376691
-0.376646
-0.375905
-0.374632
-0.372945
-0.370913
-0.368608
-0.366099
-0.363458
-0.360743
-0.358047
-0.355472
-0.353156
-0.351232
-0.349827
-0.349065
-0.349047
-0.349843
-0.35146
-0.353868
-0.356995
-0.360678
-0.364737
-0.368986
-0.373233
-0.377292
-0.381016
-0.384302
-0.387054
-0.389217
-0.39076
-0.391699
-0.392017
-0.391748
-0.390922
-0.389595
-0.387863
-0.385836
-0.383647
-0.381493
-0.379584
-0.378182
-0.377532
-0.377871
-0.379351
-0.38203
-0.385814
-0.390463
-0.395643
-0.400994
-0.406176
-0.410916
-0.415021
-0.418371
-0.420902
-0.422602
-0.423465
-0.423491
-0.422703
-0.421125
-0.418787
-0.415783
-0.412239
-0.408366
-0.404465
-0.400933
-0.398193
-0.396641
-0.396494
-0.397822
-0.40045
-0.404049
-0.408149
-0.412333
-0.416244
-0.41965
-0.422379
-0.42439
-0.425674
-0.42626
-0.42622
-0.425605
-0.424462
-0.42279
-0.420582
-0.417782
-0.414288
-0.409962
-0.404724
-0.398614
-0.391932
-0.385427
-0.380242
-0.377717
-0.378791
-0.38352
-0.391055
-0.399981
-0.408975
-0.41711
-0.423934
-0.429365
-0.433475
-0.436408
-0.438281
-0.439182
-0.439173
-0.438254
-0.436425
-0.433703
-0.430164
-0.425924
-0.421196
-0.416271
-0.411527
-0.407393
-0.404254
-0.4024
-0.402043
-0.403167
-0.405587
-0.409015
-0.413074
-0.417385
-0.421595
-0.425408
-0.428586
-0.430943
-0.432387
-0.432871
-0.432441
-0.431201
-0.429274
-0.42688
-0.424258
-0.421636
-0.419187
-0.417014
-0.415129
-0.413409
-0.411707
-0.409907
-0.408087
-0.406551
-0.405857
-0.406616
-0.409186
-0.413458
-0.418787
-0.42434
-0.429176
-0.432566
-0.433971
-0.432987
-0.429261
-0.422471
-0.412527
-0.399721
-0.38509
-0.370507
-0.358316
-0.350713
-0.349122
-0.353837
-0.363881
-0.377274
-0.391363
-0.403565
-0.411885
-0.415175
-0.413094
-0.406175
-0.396031
-0.38548
-0.377981
-0.376252
-0.380719
-0.389411
-0.39937
-0.408232
-0.41481
-0.418908
-0.420904
-0.421379
-0.420914
-0.419984
-0.418962
-0.418067
-0.41745
-0.417159
-0.4172
-0.417527
-0.418035
-0.418617
-0.419176
-0.419609
-0.419878
-0.419971
-0.419911
-0.419744
-0.41953
-0.41932
-0.419182
-0.419123
-0.419178
-0.419339
-0.41961
-0.420011
-0.420523
-0.421169
-0.421965
-0.422926
-0.42408
-0.425422
-0.426938
-0.428618
-0.430423
-0.432311
-0.434261
-0.436187
-0.438042
-0.439765
-0.441273
-0.442485
-0.4433
-0.443565
-0.443132
-0.441806
-0.439366
-0.435621
-0.430423
-0.423786
-0.415941
-0.407464
-0.399194
-0.392128
-0.387111
-0.384501
-0.384053
-0.384959
-0.386153
-0.386626
-0.385742
-0.383411
-0.38012
-0.376859
-0.374748
-0.374594
-0.3765
-0.379874
-0.383778
-0.387404
-0.390396
-0.392834
-0.395025
-0.39728
-0.399758
-0.402478
-0.405315
-0.408112
-0.410742
-0.413131
-0.415245
-0.417056
-0.418531
-0.419606
-0.420214
-0.420307
-0.419818
-0.418721
-0.417042
-0.414848
-0.412271
-0.409492
-0.406745
-0.404289
-0.40235
-0.401101
-0.400589
-0.400785
-0.401554
-0.402696
-0.404017
-0.405338
-0.406526
-0.407518
-0.408288
-0.408826
-0.40916
-0.409292
-0.40926
-0.409094
-0.408782
-0.408313
-0.40765
-0.406745
-0.405503
-0.403767
-0.401377
-0.39809
-0.393654
-0.387787
-0.380324
-0.371297
-0.361166
-0.350963
-0.342227
-0.336595
-0.335114
-0.337731
-0.343348
-0.350401
-0.357485
-0.363674
-0.368541
-0.371994
-0.374126
-0.37514
-0.375275
-0.374772
-0.373867
-0.372807
-0.371782
-0.370958
-0.370452
-0.370358
-0.370653
-0.371302
-0.37227
-0.373466
-0.374849
-0.376355
-0.377951
-0.379608
-0.381312
-0.383038
-0.384755
-0.386449
-0.388101
-0.389671
-0.391092
-0.392319
-0.393264
-0.393849
-0.393969
-0.393509
-0.392357
-0.390435
-0.387709
-0.384251
-0.380259
-0.376089
-0.372265
-0.369383
-0.368004
-0.368483
-0.370853
-0.374833
-0.37991
-0.385488
-0.39103
-0.396105
-0.400465
-0.404021
-0.406793
-0.408862
-0.41037
-0.411426
-0.412114
-0.412523
-0.412634
-0.412426
-0.411807
-0.410705
-0.409056
-0.406821
-0.404073
-0.40094
-0.397622
-0.394417
-0.391587
-0.389332
-0.387709
-0.386627
-0.385789
-0.384811
-0.383291
-0.380915
-0.377508
-0.373175
-0.36817
-0.36294
-0.358009
-0.353987
-0.351406
-0.350811
-0.352512
-0.356528
-0.362511
-0.369799
-0.377618
-0.385234
-0.392059
-0.397733
-0.402103
-0.405206
-0.40725
-0.408541
-0.409463
-0.410358
-0.411476
-0.412877
-0.414549
-0.416283
-0.417874
-0.419118
-0.419812
-0.419824
-0.419015
-0.417265
-0.414444
-0.410375
-0.404889
-0.397816
-0.389186
-0.379317
-0.369065
-0.359836
-0.353243
-0.350435
-0.351497
-0.35544
-0.360676
-0.365753
-0.369747
-0.372272
-0.373319
-0.373081
-0.371839
-0.369883
-0.367481
-0.364902
-0.362326
-0.359934
-0.357845
-0.35611
-0.354727
-0.353629
-0.352766
-0.352033
-0.35134
-0.350572
-0.349615
-0.348356
-0.346637
-0.34442
-0.341743
-0.338796
-0.33594
-0.333659
-0.33249
-0.332835
-0.3349
-0.338608
-0.343631
-0.349514
-0.355747
-0.361852
-0.367435
-0.372186
-0.375915
-0.378509
-0.379951
-0.38029
-0.379697
-0.378377
-0.376591
-0.374638
-0.372767
-0.371121
-0.369805
-0.368804
-0.368162
-0.367876
-0.367983
-0.368431
-0.369133
-0.369928
-0.370627
-0.371066
-0.371079
-0.37065
-0.369765
-0.368543
-0.367154
-0.365809
-0.364757
-0.364214
-0.364386
-0.365447
-0.367479
-0.370432
-0.374039
-0.377833
-0.381217
-0.383662
-0.384706
-0.38408
-0.381606
-0.37715
-0.370561
-0.362042
-0.352693
-0.344986
-0.34222
-0.346526
-0.356995
-0.370136
-0.382178
-0.390776
-0.395314
-0.396324
-0.394857
-0.392099
-0.389135
-0.386757
-0.385465
-0.385444
-0.386599
-0.388648
-0.391158
-0.393591
-0.395459
-0.396335
-0.395865
-0.393892
-0.390489
-0.385952
-0.38085
-0.37593
-0.371991
-0.369682
-0.369279
-0.370617
-0.37323
-0.376506
-0.379862
-0.382907
-0.385406
-0.387274
-0.388539
-0.389272
-0.389595
-0.389633
-0.389459
-0.389127
-0.388684
-0.388109
-0.387372
-0.38644
-0.38526
-0.383786
-0.381975
-0.379804
-0.37725
-0.374348
-0.371135
-0.367696
-0.364171
-0.360711
-0.357498
-0.354664
-0.352293
-0.350398
-0.348908
-0.347687
-0.346545
-0.345341
-0.344001
-0.3426
-0.34133
-0.340468
-0.340288
-0.340975
-0.342557
-0.344837
-0.347526
-0.350218
-0.352551
-0.354206
-0.354925
-0.354507
-0.352873
-0.350011
-0.346096
-0.341524
-0.33688
-0.332885
-0.330229
-0.329316
-0.330082
-0.332069
-0.334557
-0.336901
-0.338575
-0.339282
-0.338892
-0.337395
-0.334899
-0.331516
-0.327407
-0.322788
-0.317908
-0.313107
-0.308722
-0.305096
-0.30247
-0.30097
-0.300536
-0.300999
-0.302099
-0.30356
-0.305167
-0.306739
-0.308192
-0.309508
-0.310661
-0.31168
-0.312581
-0.31337
-0.31407
-0.314691
-0.315219
-0.315643
-0.315947
-0.316085
-0.316033
-0.315723
-0.315115
-0.314134
-0.312703
-0.310749
-0.308233
-0.305149
-0.3016
-0.297796
-0.294088
-0.290936
-0.288832
-0.288119
-0.28889
-0.290966
-0.293959
-0.297342
-0.300652
-0.303552
-0.305856
-0.307501
-0.308501
-0.308941
-0.308951
-0.30868
-0.308294
-0.307943
-0.307798
-0.307978
-0.308562
-0.309595
-0.311025
-0.312766
-0.314702
-0.316695
-0.318613
-0.32032
-0.32169
-0.322598
-0.322936
-0.322623
-0.321589
-0.319824
-0.317384
-0.314445
-0.311302
-0.308365
-0.306099
-0.304901
-0.304992
-0.306355
-0.308715
-0.311685
-0.314832
-0.317753
-0.320136
-0.321786
-0.322632
-0.322714
-0.322227
-0.321359
-0.320337
-0.319317
-0.318347
-0.317393
-0.316416
-0.315433
-0.314591
-0.314085
-0.314011
-0.314296
-0.314693
-0.31492
-0.314923
-0.315014
-0.315768
-0.317812
-0.321456
-0.326548
-0.332495
-0.338583
-0.344173
-0.348884
-0.352581
-0.355295
-0.357179
-0.358406
-0.359135
-0.359542
-0.359729
-0.359797
-0.359815
-0.359854
-0.359944
-0.360121
-0.360383
-0.360732
-0.36118
-0.361685
-0.362191
-0.36262
-0.362884
-0.362861
-0.362416
-0.361357
-0.359535
-0.356774
-0.352968
-0.348122
-0.342459
-0.336475
-0.330976
-0.326915
-0.325096
-0.325825
-0.328771
-0.333126
-0.337909
-0.342304
-0.345829
-0.348346
-0.350008
-0.351157
-0.352168
-0.353354
-0.354902
-0.356814
-0.35895
-0.361124
-0.363186
-0.365047
-0.366713
-0.368215
-0.369594
-0.370846
-0.371926
-0.37275
-0.373205
-0.373166
-0.372552
-0.371338
-0.369565
-0.367359
-0.364909
-0.362484
-0.36036
-0.358822
-0.358034
-0.358095
-0.358949
-0.36043
-0.362326
-0.364412
-0.366483
-0.368413
-0.370135
-0.371595
-0.372805
-0.373788
-0.374576
-0.375178
-0.375642
-0.375938
-0.376054
-0.375933
-0.375502
-0.374725
-0.373486
-0.371746
-0.369486
-0.36675
-0.363631
-0.360261
-0.35678
-0.353253
-0.349756
-0.346264
-0.342766
-0.339234
-0.335705
-0.33226
-0.329169
-0.32686
-0.326055
-0.327568
-0.331902
-0.339028
-0.34816
-0.358184
-0.368022
-0.376933
-0.384563
-0.39086
-0.395977
-0.400074
-0.403383
-0.406059
-0.40824
-0.410048
-0.411544
-0.412795
-0.413806
-0.414577
-0.415043
-0.415118
-0.414639
-0.413429
-0.411262
-0.407944
-0.403314
-0.397377
-0.390324
-0.382645
-0.375161
-0.368936
-0.365039
-0.364248
-0.366687
-0.371807
-0.378499
-0.385514
-0.391793
-0.396711
-0.40001
-0.40179
-0.4023
-0.401902
-0.400996
-0.400012
-0.399414
-0.399671
-0.401069
-0.403633
-0.406988
-0.410565
-0.413687
-0.41573
-0.416249
-0.414985
-0.411917
-0.407313
-0.401857
-0.396701
-0.393239
-0.392731
-0.395766
-0.401986
-0.410243
-0.419133
-0.427448
-0.434412
-0.439634
-0.443024
-0.444717
-0.444907
-0.443843
-0.441698
-0.43851
-0.434198
-0.428596
-0.421626
-0.413619
-0.405382
-0.398001
-0.392328
-0.388495
-0.38596
-0.383927
-0.381989
-0.380386
-0.379912
-0.381546
-0.385899
-0.392929
-0.40191
-0.4118
-0.421595
-0.430644
-0.438645
-0.445513
-0.451249
-0.455895
-0.459436
-0.46189
-0.463237
-0.463485
-0.462664
-0.460805
-0.458
-0.454322
-0.44988
-0.444831
-0.439323
-0.433531
-0.427663
-0.421887
-0.416392
-0.411291
-0.406698
-0.402689
-0.399315
-0.396712
-0.395087
-0.394688
-0.395681
-0.398128
-0.401847
-0.406449
-0.411426
-0.41628
-0.420589
-0.424069
-0.426537
-0.427936
-0.428279
-0.427644
-0.426176
-0.424048
-0.42146
-0.41864
-0.415781
-0.41303
-0.41049
-0.408151
-0.405985
-0.403918
-0.401911
-0.399912
-0.397948
-0.396076
-0.394392
-0.393004
-0.391983
-0.391413
-0.39127
-0.391523
-0.392037
-0.392703
-0.393346
-0.393831
-0.394027
-0.393809
-0.393115
-0.391928
-0.39026
-0.388224
-0.385937
-0.383527
-0.381204
-0.379116
-0.377394
-0.37613
-0.375309
-0.374829
-0.374521
-0.374198
-0.373622
-0.372591
-0.370938
-0.368646
-0.36584
-0.362768
-0.35983
-0.357487
-0.356108
-0.355861
-0.356686
-0.3583
-0.360309
-0.362336
-0.364101
-0.365418
-0.366249
-0.366623
-0.366596
-0.366231
-0.365632
-0.36486
-0.363963
-0.362956
-0.36187
-0.36071
-0.359486
-0.358179
-0.356826
-0.355429
-0.354011
-0.352602
-0.351232
-0.349952
-0.348749
-0.34763
-0.346553
-0.345461
-0.344248
-0.342796
-0.341001
-0.338783
-0.336126
-0.333151
-0.330077
-0.327272
-0.325123
-0.324013
-0.324152
-0.325491
-0.327831
-0.330795
-0.333995
-0.337113
-0.339917
-0.342292
-0.344181
-0.345567
-0.346472
-0.346913
-0.346893
-0.346434
-0.345591
-0.344406
-0.342971
-0.341392
-0.33978
-0.338305
-0.337065
-0.33615
-0.335569
-0.335258
-0.33513
-0.335087
-0.335021
-0.334901
-0.334749
-0.334626
-0.33464
-0.334928
-0.335587
-0.33667
-0.338166
-0.339963
-0.341916
-0.343776
-0.345244
-0.345985
-0.345623
-0.343815
-0.340296
-0.335048
-0.328507
-0.32163
-0.315875
-0.312686
-0.312819
-0.315935
-0.320843
-0.326085
-0.330611
-0.333899
-0.33591
-0.336823
-0.3369
-0.336382
-0.335453
-0.334249
-0.332871
-0.331454
-0.330158
-0.329208
-0.328843
-0.329259
-0.330609
-0.332941
-0.336193
-0.340176
-0.344678
-0.349409
-0.354116
-0.358579
-0.362642
-0.366225
-0.369313
-0.371905
-0.374056
-0.37583
-0.377284
-0.378481
-0.379481
-0.380336
-0.381091
-0.381753
-0.382344
-0.382859
-0.383307
-0.383678
-0.383957
-0.384145
-0.384263
-0.384302
-0.384304
-0.38425
-0.384129
-0.383873
-0.383341
-0.382374
-0.380823
-0.378607
-0.37579
-0.372624
-0.369581
-0.367216
-0.366021
-0.366246
-0.367851
-0.370519
-0.373876
-0.37752
-0.381234
-0.384889
-0.388431
-0.391831
-0.395018
-0.397892
-0.40032
-0.402156
-0.403276
-0.403646
-0.403287
-0.402311
-0.40089
-0.39932
-0.397894
-0.396924
-0.396645
-0.397178
-0.3985
-0.400451
-0.402795
-0.405244
-0.407504
-0.409335
-0.410536
-0.410991
-0.41065
-0.409531
-0.407698
-0.405279
-0.402417
-0.399288
-0.39605
-0.392872
-0.389917
-0.387296
-0.385089
-0.383366
-0.382185
-0.381572
-0.381624
-0.38244
-0.384082
-0.386607
-0.389943
-0.39394
-0.398329
-0.402802
-0.407057
-0.410833
-0.413978
-0.416413
-0.418121
-0.419096
-0.419395
-0.419042
-0.41805
-0.416392
-0.414005
-0.410786
-0.406619
-0.401424
-0.395225
-0.388211
-0.380856
-0.373876
-0.368172
-0.364524
-0.363331
-0.364428
-0.367225
-0.370964
-0.375014
-0.378984
-0.382755
-0.386288
-0.389623
-0.392767
-0.395666
-0.398265
-0.400479
-0.402278
-0.403619
-0.404482
-0.404884
-0.404844
-0.404424
-0.403651
-0.402596
-0.401304
-0.399845
-0.398287
-0.396718
-0.395195
-0.393794
-0.392568
-0.391513
-0.390655
-0.389982
-0.389456
-0.389058
-0.388772
-0.388595
-0.388533
-0.388613
-0.388832
-0.389222
-0.389753
-0.390424
-0.391165
-0.391946
-0.392713
-0.39345
-0.394152
-0.394847
-0.395541
-0.396278
-0.397114
-0.398072
-0.399194
-0.400503
-0.401991
-0.40367
-0.405511
-0.407467
-0.409497
-0.411536
-0.41349
-0.415286
-0.416852
-0.418108
-0.418966
-0.419367
-0.419276
-0.418638
-0.417444
-0.415712
-0.413473
-0.410805
-0.407817
-0.404657
-0.40148
-0.39847
-0.395777
-0.393539
-0.391824
-0.390668
-0.390022
-0.389777
-0.389773
-0.389746
-0.389369
-0.388254
-0.385996
-0.382305
-0.377186
-0.371161
-0.365449
-0.361684
-0.361288
-0.364707
-0.371072
-0.37868
-0.38585
-0.391474
-0.395226
-0.397349
-0.398418
-0.399073
-0.399845
-0.400973
-0.402459
-0.40407
-0.405509
-0.406505
-0.406931
-0.406717
-0.405988
-0.404895
-0.403608
-0.402281
-0.401043
-0.399896
-0.398827
-0.397762
-0.39663
-0.395408
-0.394123
-0.392906
-0.391908
-0.391319
-0.391286
-0.391907
-0.393119
-0.394797
-0.396749
-0.39874
-0.400551
-0.402017
-0.403022
-0.403522
-0.403489
-0.402934
-0.401804
-0.400079
-0.397709
-0.394642
-0.390909
-0.38677
-0.382739
-0.379654
-0.37845
-0.37981
-0.383858
-0.390008
-0.397239
-0.40446
-0.41082
-0.415758
-0.41898
-0.420315
-0.419639
-0.416829
-0.411807
-0.404678
-0.395987
-0.386889
-0.379112
-0.374461
-0.373891
-0.376983
-0.382181
-0.387596
-0.391856
-0.394301
-0.394902
-0.394063
-0.392366
-0.39044
-0.388889
-0.388173
-0.388589
-0.390246
-0.393014
-0.396641
-0.400787
-0.405069
-0.409175
-0.412857
-0.415939
-0.41835
-0.420066
-0.42114
-0.421624
-0.421647
-0.421305
-0.420736
-0.420058
-0.419383
-0.418813
-0.418451
-0.418325
-0.418464
-0.418834
-0.419391
-0.420028
-0.420653
-0.421127
-0.421318
-0.421094
-0.42038
-0.419072
-0.417187
-0.414818
-0.412236
-0.409832
-0.408087
-0.407469
-0.408263
-0.410499
-0.413905
-0.418033
-0.422388
-0.426555
-0.430257
-0.433304
-0.435642
-0.437245
-0.4381
-0.43818
-0.43747
-0.435915
-0.43349
-0.430221
-0.426225
-0.421821
-0.417469
-0.413766
-0.411299
-0.410482
-0.411364
-0.413708
-0.417035
-0.42084
-0.42471
-0.428393
-0.431778
-0.434836
-0.437612
-0.440107
-0.442307
-0.444185
-0.445693
-0.446772
-0.447348
-0.447351
-0.446724
-0.445432
-0.443416
-0.440621
-0.437043
-0.432698
-0.427734
-0.422425
-0.417227
-0.412694
-0.409373
-0.407605
-0.407349
-0.408269
-0.409911
-0.411883
-0.414045
-0.416546
-0.419658
-0.423658
-0.428691
-0.434705
-0.441433
-0.448492
-0.455441
-0.461831
-0.467244
-0.471358
-0.473903
-0.474651
-0.473464
-0.470325
-0.465339
-0.458847
-0.451401
-0.443804
-0.43685
-0.431127
-0.426838
-0.423819
-0.42175
-0.420306
-0.419374
-0.418966
-0.419179
-0.420056
-0.421559
-0.423501
-0.425598
-0.427504
-0.428898
-0.429553
-0.429316
-0.428127
-0.426078
-0.423316
-0.420095
-0.416684
-0.4134
-0.410548
-0.40836
-0.406995
-0.406492
-0.406782
-0.407664
-0.408927
-0.410319
-0.411612
-0.412648
-0.413281
-0.413473
-0.413225
-0.412576
-0.411595
-0.410391
-0.409073
-0.407734
-0.406437
-0.405221
-0.404101
-0.403049
-0.402026
-0.400968
-0.399809
-0.398524
-0.397066
-0.395393
-0.393501
-0.391356
-0.38895
-0.386281
-0.383386
-0.380295
-0.377057
-0.37372
-0.370328
-0.366842
-0.3632
-0.359246
-0.354752
-0.349563
-0.343757
-0.337813
-0.332763
-0.32983
-0.329964
-0.333226
-0.338683
-0.344793
-0.349975
-0.353039
-0.353277
-0.350474
-0.344925
-0.337534
-0.329748
-0.323427
-0.320353
-0.321642
-0.327358
-0.336573
-0.347712
-0.359177
-0.369734
-0.378678
-0.385766
-0.391086
-0.394858
-0.397408
-0.398984
-0.399811
-0.400089
-0.399925
-0.399372
-0.398468
-0.397186
-0.39548
-0.393296
-0.390573
-0.387291
-0.38346
-0.37919
-0.374609
-0.369989
-0.36565
-0.361897
-0.359031
-0.357191
-0.356458
-0.356792
-0.3581
-0.360266
-0.363195
-0.366751
-0.37078
-0.375072
-0.379356
-0.383326
-0.386659
-0.389049
-0.390188
-0.389773
-0.387498
-0.383075
-0.376367
-0.367505
-0.357141
-0.346618
-0.337861
-0.332786
-0.332582
-0.337146
-0.34526
-0.355173
-0.365179
-0.373924
-0.380437
-0.384162
-0.384822
-0.382394
-0.377099
-0.369543
-0.360862
-0.352715
-0.346966
-0.344976
-0.346899
-0.351577
-0.357189
-0.36204
-0.365152
-0.366323
-0.366076
-0.365257
-0.364833
-0.365539
-0.367643
-0.370904
-0.374657
-0.378094
-0.380504
-0.381428
-0.380651
-0.378233
-0.374468
-0.36977
-0.364644
-0.359637
-0.355222
-0.351753
-0.349451
-0.348405
-0.348559
-0.349745
-0.351732
-0.354262
-0.35707
-0.35994
-0.362683
-0.365163
-0.367331
-0.369108
-0.370467
-0.371366
-0.371815
-0.371807
-0.371406
-0.37074
-0.369952
-0.369213
-0.368707
-0.368612
-0.368978
-0.369826
-0.371042
-0.372463
-0.373906
-0.375178
-0.37612
-0.376579
-0.376487
-0.375761
-0.374357
-0.372267
-0.369512
-0.366125
-0.362224
-0.357956
-0.353543
-0.349284
-0.345491
-0.342463
-0.340463
-0.33967
-0.34007
-0.341552
-0.34389
-0.346736
-0.349706
-0.352371
-0.354358
-0.355297
-0.35501
-0.35346
-0.350876
-0.347803
-0.34499
-0.343237
-0.34314
-0.344863
-0.348078
-0.35214
-0.356326
-0.360039
-0.362889
-0.364718
-0.365515
-0.365406
-0.364582
-0.363316
-0.361894
-0.360554
-0.359416
-0.35833
-0.356928
-0.354583
-0.350614
-0.344359
-0.335485
-0.324229
-0.311572
-0.29916
-0.288808
-0.281767
-0.278408
-0.278499
-0.281699
-0.287656
-0.295801
-0.305162
-0.314552
-0.322861
-0.329405
-0.333938
-0.336584
-0.337721
-0.337854
-0.337482
-0.337065
-0.336917
-0.3372
-0.337875
-0.338791
-0.339747
-0.34055
-0.341027
-0.34106
-0.340581
-0.339576
-0.338066
-0.336093
-0.333746
-0.331117
-0.328342
-0.325597
-0.323082
-0.320971
-0.319401
-0.318484
-0.318258
-0.318713
-0.319798
-0.321415
-0.323424
-0.325578
-0.327513
-0.328693
-0.328447
-0.32602
-0.32079
-0.312665
-0.302703
-0.293491
-0.288678
-0.291009
-0.30046
-0.314206
-0.328699
-0.341412
-0.351353
-0.358547
-0.363471
-0.36671
-0.368722
-0.369813
-0.370192
-0.369993
-0.369243
-0.367952
-0.366113
-0.363732
-0.360867
-0.35759
-0.354068
-0.350524
-0.347213
-0.344405
-0.342344
-0.341202
-0.341013
-0.341702
-0.343036
-0.344677
-0.346238
-0.347329
-0.347582
-0.346736
-0.344699
-0.341568
-0.337732
-0.333812
-0.330574
-0.328778
-0.328911
-0.331159
-0.33538
-0.34122
-0.348289
-0.356152
-0.364407
-0.37267
-0.380574
-0.387788
-0.394081
-0.39927
-0.403256
-0.405986
-0.407424
-0.407494
-0.406084
-0.403029
-0.398106
-0.39111
-0.381907
-0.370577
-0.357618
-0.344111
-0.331759
-0.322577
-0.318323
-0.319805
-0.326565
-0.337085
-0.349476
-0.361991
-0.373456
-0.383204
-0.391062
-0.397138
-0.40168
-0.405013
-0.407417
-0.409134
-0.41041
-0.411377
-0.412151
-0.412825
-0.413443
-0.414039
-0.41462
-0.415183
-0.415714
-0.416207
-0.416596
-0.416826
-0.416831
-0.416515
-0.415805
-0.414575
-0.412702
-0.410058
-0.406572
-0.402191
-0.396927
-0.390922
-0.384443
-0.377857
-0.371595
-0.366075
-0.361659
-0.358579
-0.356898
-0.356569
-0.357444
-0.359346
-0.36202
-0.365198
-0.368621
-0.37203
-0.375234
-0.378109
-0.380587
-0.382675
-0.384384
-0.385722
-0.386708
-0.38738
-0.387735
-0.387805
-0.387649
-0.387282
-0.386745
-0.386065
-0.385276
-0.384394
-0.383393
-0.38231
-0.38114
-0.379901
-0.378619
-0.37736
-0.376194
-0.375194
-0.374425
-0.373918
-0.37365
-0.373599
-0.37368
-0.373798
-0.373839
-0.37373
-0.373357
-0.372648
-0.37153
-0.369969
-0.367959
-0.365513
-0.362652
-0.359468
-0.356077
-0.352635
-0.349304
-0.346227
-0.343518
-0.341234
-0.339359
-0.33784
-0.336621
-0.335667
-0.335021
-0.334731
-0.334891
-0.335557
-0.336728
-0.338309
-0.340179
-0.342148
-0.344053
-0.345764
-0.347213
-0.348419
-0.349389
-0.350246
-0.351052
-0.351875
-0.352736
-0.353648
-0.354576
-0.355478
-0.356295
-0.357003
-0.357516
-0.357821
-0.357912
-0.35778
-0.357411
-0.356797
-0.355923
-0.354765
-0.353304
-0.351503
-0.349326
-0.346693
-0.343545
-0.339829
-0.335443
-0.330337
-0.324489
-0.317933
-0.310858
-0.303611
-0.296733
-0.290937
-0.286915
-0.285168
-0.285795
-0.288498
-0.292652
-0.297562
-0.302685
-0.307602
-0.312104
-0.316176
-0.319805
-0.323046
-0.32596
-0.328596
-0.330969
-0.333102
-0.334973
-0.336592
-0.337914
-0.338953
-0.339685
-0.340107
-0.3402
-0.339978
-0.339413
-0.338517
-0.337286
-0.335713
-0.333829
-0.33172
-0.329489
-0.327309
-0.325318
-0.323667
-0.322463
-0.321705
-0.32129
-0.321022
-0.320686
-0.320056
-0.319019
-0.317567
-0.315812
-0.313907
-0.312085
-0.310509
-0.3093
-0.308496
-0.308114
-0.308125
-0.308475
-0.309093
-0.309889
-0.310805
-0.311795
-0.312838
-0.313972
-0.315199
-0.316496
-0.317779
-0.318949
-0.319887
-0.320454
-0.320568
-0.320166
-0.31922
-0.317726
-0.315711
-0.3132
-0.310214
-0.306751
-0.302833
-0.298491
-0.293843
-0.289104
-0.284616
-0.280832
-0.278261
-0.277309
-0.278185
-0.280807
-0.284837
-0.289752
-0.294993
-0.300036
-0.304528
-0.308222
-0.311012
-0.312871
-0.313851
-0.313993
-0.313394
-0.312149
-0.310348
-0.308137
-0.305699
-0.303215
-0.300951
-0.29908
-0.297687
-0.296775
-0.296193
-0.295674
-0.294929
-0.293762
-0.292077
-0.290027
-0.287959
-0.286329
-0.285521
-0.285768
-0.287006
-0.288905
-0.291006
-0.292847
-0.294047
-0.294336
-0.293571
-0.29181
-0.289226
-0.286276
-0.283609
-0.28201
-0.28216
-0.284388
-0.28852
-0.293962
-0.29994
-0.305736
-0.310882
-0.315157
-0.31851
-0.321044
-0.322894
-0.324212
-0.325126
-0.325756
-0.32617
-0.326457
-0.326629
-0.32669
-0.326619
-0.326367
-0.325848
-0.324977
-0.323639
-0.321731
-0.319157
-0.315873
-0.311964
-0.307628
-0.303283
-0.299491
-0.296922
-0.296221
-0.297776
-0.301572
-0.307184
-0.313925
-0.321002
-0.32772
-0.333518
-0.337995
-0.340813
-0.341558
-0.339596
-0.334031
-0.323678
-0.307453
-0.285513
-0.261131
-0.241557
-0.234705
-0.242584
-0.259443
-0.277438
-0.291926
-0.301914
-0.308229
-0.3121
-0.314436
-0.315784
-0.316404
-0.316402
-0.315914
-0.315087
-0.31422
-0.313578
-0.313434
-0.314011
-0.315477
-0.317968
-0.321635
-0.326519
-0.332523
-0.339323
-0.346491
-0.353497
-0.359899
-0.365351
-0.369662
-0.372767
-0.374681
-0.375495
-0.37531
-0.37428
-0.372517
-0.370211
-0.367531
-0.364648
-0.361744
-0.359031
-0.356631
-0.354676
-0.353242
-0.352294
-0.351781
-0.351557
-0.351475
-0.351342
-0.351021
-0.350381
-0.349379
-0.348053
-0.346492
-0.344855
-0.34335
-0.342159
-0.34141
-0.341129
-0.34124
-0.341515
-0.341661
-0.341305
-0.340032
-0.337463
-0.333304
-0.327512
-0.320524
-0.313314
-0.307342
-0.304129
-0.304625
-0.308821
-0.315831
-0.324387
-0.333269
-0.341579
-0.348738
-0.354458
-0.358676
-0.361485
-0.363087
-0.363759
-0.363804
-0.363527
-0.36319
-0.362982
-0.363015
-0.363278
-0.363684
-0.364062
-0.364212
-0.363916
-0.363
-0.361308
-0.358725
-0.355257
-0.350964
-0.346041
-0.340846
-0.335899
-0.331826
-0.329205
-0.328309
-0.328965
-0.330556
-0.332321
-0.333746
-0.334876
-0.336299
-0.338729
-0.342526
-0.347371
-0.352437
-0.356738
-0.359529
-0.360474
-0.359633
-0.357352
-0.354175
-0.350758
-0.347763
-0.345744
-0.345076
-0.345844
-0.347842
-0.350684
-0.353846
-0.356886
-0.35943
-0.361295
-0.362435
-0.362952
-0.363011
-0.362825
-0.362594
-0.362485
-0.362616
-0.362995
-0.363568
-0.364258
-0.36496
-0.365537
-0.365876
-0.365846
-0.365337
-0.364274
-0.362537
-0.360083
-0.356865
-0.352881
-0.348179
-0.342902
-0.337256
-0.331566
-0.326202
-0.321678
-0.318465
-0.317007
-0.317573
-0.320244
-0.324777
-0.330777
-0.337692
-0.344942
-0.352054
-0.358649
-0.364521
-0.369613
-0.373945
-0.377603
-0.380702
-0.383375
-0.385701
-0.387784
-0.389666
-0.391363
-0.392883
-0.394196
-0.395243
-0.395955
-0.396195
-0.395817
-0.394607
-0.392256
-0.388434
-0.382816
-0.375165
-0.365491
-0.354327
-0.342827
-0.332642
-0.325258
-0.321364
-0.320579
-0.32191
-0.32456
-0.328213
-0.332897
-0.338624
-0.3451
-0.351767
-0.358016
-0.363354
-0.36755
-0.370594
-0.372648
-0.373923
-0.374679
-0.375134
-0.375448
-0.375755
-0.376075
-0.376445
-0.376852
-0.37726
-0.377651
-0.378027
-0.37835
-0.37862
-0.378778
-0.378741
-0.378391
-0.377607
-0.376262
-0.374274
-0.371656
-0.368538
-0.365152
-0.361816
-0.358892
-0.356713
-0.355527
-0.355438
-0.356415
-0.358306
-0.360862
-0.363778
-0.36674
-0.369443
-0.371602
-0.372918
-0.373126
-0.371906
-0.368974
-0.3641
-0.357325
-0.349193
-0.340979
-0.334558
-0.331761
-0.333464
-0.339034
-0.346752
-0.35475
-0.361665
-0.366913
-0.370482
-0.372625
-0.37373
-0.37414
-0.374125
-0.373886
-0.373522
-0.37307
-0.372489
-0.371723
-0.37067
-0.369227
-0.367308
-0.364832
-0.361741
-0.358073
-0.353962
-0.349656
-0.345502
-0.341945
-0.339393
-0.338135
-0.33823
-0.339521
-0.341658
-0.344228
-0.346861
-0.349295
-0.351367
-0.353026
-0.354267
-0.355137
-0.355717
-0.356045
-0.356164
-0.356133
-0.355947
-0.355617
-0.355101
-0.354396
-0.353441
-0.352186
-0.350576
-0.348552
-0.346093
-0.343227
-0.339997
-0.336606
-0.333318
-0.330481
-0.328483
-0.327598
-0.327972
-0.329527
-0.332017
-0.335086
-0.338386
-0.341564
-0.344354
-0.346522
-0.347869
-0.348217
-0.347358
-0.345142
-0.341527
-0.336724
-0.331349
-0.326455
-0.323324
-0.323022
-0.325813
-0.331036
-0.337433
-0.34365
-0.348706
-0.352095
-0.353694
-0.353636
-0.352196
-0.349758
-0.346716
-0.343546
-0.340703
-0.338713
-0.337931
-0.338628
-0.340902
-0.344608
-0.349406
-0.354816
-0.360343
-0.365513
-0.369892
-0.373173
-0.375159
-0.375718
-0.374831
-0.372574
-0.369149
-0.364865
-0.360206
-0.35573
-0.352044
-0.349674
-0.348931
-0.349875
-0.352286
-0.355783
-0.359943
-0.364356
-0.368694
-0.372669
-0.376078
-0.37874
-0.380535
-0.381397
-0.381283
-0.380242
-0.378367
-0.375832
-0.372905
-0.369939
-0.367325
-0.365424
-0.364497
-0.364673
-0.365841
-0.367745
-0.370034
-0.372384
-0.374527
-0.376333
-0.377762
-0.378886
-0.379835
-0.38073
-0.381675
-0.382674
-0.383727
-0.384718
-0.385495
-0.385856
-0.385606
-0.384546
-0.382486
-0.379289
-0.374852
-0.369197
-0.362444
-0.354919
-0.347159
-0.339875
-0.333908
-0.330031
-0.328704
-0.330014
-0.333598
-0.338793
-0.344836
-0.351036
-0.356895
-0.36211
-0.366577
-0.370254
-0.373193
-0.375479
-0.377186
-0.37839
-0.379126
-0.379466
-0.379398
-0.378905
-0.377921
-0.376306
-0.373943
-0.370653
-0.366243
-0.360587
-0.35368
-0.345752
-0.33729
-0.328985
-0.321545
-0.315433
-0.310759
-0.307362
-0.30512
-0.30408
-0.304415
-0.306186
-0.309125
-0.312728
-0.316423
-0.319759
-0.322479
-0.324566
-0.326117
-0.327316
-0.328365
-0.329429
-0.330667
-0.332188
-0.334081
-0.336312
-0.338836
-0.34154
-0.344301
-0.346987
-0.349496
-0.351771
-0.353775
-0.355498
-0.356961
-0.35817
-0.359163
-0.359963
-0.360579
-0.360995
-0.361202
-0.361152
-0.360787
-0.359993
-0.358643
-0.356562
-0.353539
-0.349362
-0.343853
-0.336988
-0.328973
-0.320399
-0.312267
-0.3059
-0.302494
-0.302724
-0.306421
-0.312576
-0.319757
-0.326553
-0.331984
-0.335719
-0.338107
-0.339948
-0.342164
-0.345293
-0.349263
-0.353353
-0.356549
-0.35788
-0.356775
-0.353282
-0.348184
-0.343072
-0.339952
-0.340492
-0.345159
-0.353025
-0.362357
-0.371435
-0.379135
-0.38501
-0.389019
-0.391363
-0.392327
-0.392162
-0.391083
-0.389262
-0.386854
-0.383948
-0.380658
-0.377082
-0.373335
-0.369514
-0.365751
-0.36222
-0.359116
-0.356682
-0.355125
-0.354541
-0.354909
-0.356077
-0.357784
-0.359778
-0.361887
-0.364041
-0.366232
-0.368466
-0.37071
-0.37291
-0.374933
-0.376623
-0.377796
-0.378274
-0.377898
-0.376504
-0.373934
-0.370104
-0.364972
-0.358705
-0.351723
-0.344781
-0.338932
-0.335232
-0.334449
-0.33665
-0.341262
-0.347281
-0.353703
-0.35975
-0.364953
-0.369135
-0.372279
-0.374505
-0.375979
-0.37688
-0.377384
-0.377625
-0.377719
-0.377726
-0.377646
-0.377398
-0.376859
-0.375864
-0.374238
-0.37184
-0.368588
-0.364597
-0.36017
-0.355868
-0.352394
-0.350431
-0.350344
-0.35206
-0.355105
-0.358799
-0.362438
-0.36551
-0.36774
-0.36902
-0.369358
-0.368845
-0.367611
-0.365788
-0.363566
-0.361143
-0.358732
-0.356572
-0.354857
-0.353714
-0.353171
-0.353143
-0.353466
-0.353954
-0.354424
-0.354769
-0.354882
-0.354688
-0.35413
-0.353104
-0.351531
-0.349372
-0.346649
-0.34348
-0.340036
-0.336538
-0.333143
-0.329975
-0.327088
-0.324648
-0.323104
-0.32326
-0.326069
-0.332218
-0.341507
-0.352885
-0.364828
-0.375907
-0.385175
-0.392251
-0.397127
-0.40005
-0.401344
-0.401348
-0.400434
-0.398887
-0.396996
-0.39501
-0.393129
-0.391502
-0.390209
-0.389251
-0.3885
-0.387788
-0.386866
-0.385401
-0.382961
-0.379027
-0.372973
-0.364186
-0.352283
-0.337531
-0.321369
-0.306425
-0.295761
-0.291496
-0.294096
-0.302579
-0.315183
-0.329755
-0.344258
-0.357293
-0.368225
-0.376994
-0.383816
-0.38897
-0.392637
-0.394919
-0.395867
-0.395497
-0.393842
-0.390967
-0.387062
-0.382355
-0.377189
-0.371985
-0.367175
-0.363195
-0.360376
-0.358928
-0.358888
-0.360128
-0.362454
-0.365631
-0.369449
-0.373721
-0.378296
-0.383012
-0.387675
-0.392079
-0.396044
-0.399378
-0.401955
-0.403701
-0.404566
-0.404589
-0.403873
-0.402545
-0.400796
-0.398851
-0.396898
-0.395148
-0.393697
-0.392654
-0.392023
-0.391791
-0.391926
-0.392323
-0.392891
-0.393426
-0.393674
-0.393344
-0.392176
-0.390052
-0.387105
-0.383708
-0.380432
-0.377766
-0.375879
-0.374563
-0.37347
-0.372458
-0.371792
-0.371946
-0.373303
-0.375955
-0.379793
-0.384515
-0.389716
-0.394964
-0.399972
-0.404632
-0.409023
-0.413205
-0.416975
-0.419899
-0.421357
-0.420726
-0.417538
-0.411497
-0.402605
-0.391425
-0.379336
-0.368548
-0.3615
-0.359727
-0.363041
-0.369782
-0.377856
-0.385609
-0.392151
-0.397141
-0.400518
-0.402264
-0.402317
-0.400565
-0.396866
-0.391074
-0.383203
-0.373519
-0.362679
-0.351777
-0.342313
-0.335878
-0.333635
-0.335903
-0.342035
-0.350643
-0.3601
-0.369079
-0.376736
-0.382681
-0.386882
-0.389529
-0.390841
-0.391074
-0.390471
-0.389208
-0.387435
-0.385292
-0.382867
-0.380264
-0.377562
-0.374793
-0.371987
-0.369177
-0.366389
-0.363678
-0.361126
-0.358825
-0.356946
-0.3556
-0.35486
-0.35478
-0.355275
-0.356215
-0.357429
-0.358737
-0.35994
-0.360924
-0.361605
-0.361929
-0.36184
-0.36131
-0.36029
-0.358675
-0.356349
-0.353154
-0.348933
-0.343645
-0.33739
-0.330537
-0.323691
-0.317618
-0.313001
-0.310189
-0.309096
-0.309382
-0.310719
-0.312925
-0.316008
-0.320018
-0.324888
-0.330343
-0.335951
-0.341193
-0.345652
-0.348987
-0.351056
-0.351866
-0.351549
-0.350325
-0.348461
-0.346277
-0.344018
-0.341899
-0.340027
-0.338447
-0.337096
-0.335862
-0.334616
-0.333249
-0.331739
-0.330127
-0.328618
-0.327494
-0.327094
-0.327659
-0.329275
-0.331831
-0.335007
-0.338423
-0.341762
-0.344775
-0.347305
-0.349331
-0.350864
-0.351974
-0.352719
-0.353159
-0.353348
-0.353328
-0.353125
-0.352761
-0.352238
-0.351571
-0.350766
-0.349848
-0.348812
-0.347677
-0.34646
-0.345179
-0.343844
-0.342438
-0.34095
-0.339334
-0.337529
-0.33548
-0.333109
-0.330361
-0.327261
-0.323892
-0.320502
-0.317471
-0.315315
-0.314554
-0.315504
-0.318198
-0.322328
-0.327311
-0.332453
-0.337184
-0.341088
-0.343949
-0.34569
-0.346379
-0.34616
-0.345228
-0.343852
-0.342289
-0.340767
-0.339498
-0.33853
-0.337844
-0.337246
-0.336437
-0.335021
-0.332532
-0.328562
-0.322901
-0.315905
-0.308705
-0.303173
-0.301286
-0.304047
-0.310874
-0.319979
-0.329293
-0.33732
-0.343236
-0.346805
-0.348033
-0.347105
-0.344369
-0.340347
-0.335785
-0.331604
-0.328696
-0.327629
-0.328437
-0.330651
-0.333509
-0.336259
-0.338388
-0.339663
-0.340131
-0.340046
-0.339749
-0.339609
-0.339893
-0.340737
-0.342114
-0.34386
-0.345739
-0.347493
-0.348918
-0.349893
-0.350373
-0.350385
-0.350005
-0.349308
-0.348378
-0.347208
-0.345781
-0.343992
-0.341702
-0.338784
-0.335185
-0.331022
-0.326635
-0.322599
-0.319619
-0.318292
-0.318929
-0.321465
-0.325451
-0.330281
-0.335345
-0.340115
-0.344232
-0.347493
-0.349817
-0.351231
-0.351804
-0.351678
-0.350921
-0.349616
-0.34778
-0.345354
-0.342228
-0.338256
-0.333359
-0.32783
-0.322412
-0.318349
-0.316998
-0.319155
-0.324545
-0.331944
-0.339791
-0.346855
-0.352577
-0.356901
-0.36013
-0.362633
-0.364719
-0.366539
-0.368095
-0.369221
-0.369653
-0.369131
-0.36744
-0.364511
-0.36043
-0.355526
-0.350249
-0.345179
-0.340855
-0.337644
-0.33566
-0.334852
-0.335176
-0.336664
-0.339366
-0.343259
-0.34805
-0.353157
-0.357816
-0.361424
-0.363597
-0.364284
-0.363717
-0.362296
-0.360447
-0.358478
-0.356578
-0.354704
-0.352692
-0.350355
-0.347655
-0.344887
-0.34272
-0.342045
-0.343599
-0.347604
-0.353576
-0.360528
-0.367409
-0.373367
-0.377948
-0.380987
-0.382537
-0.382754
-0.381851
-0.380078
-0.377702
-0.375026
-0.372308
-0.36974
-0.367364
-0.364961
-0.362132
-0.358288
-0.352897
-0.345702
-0.33701
-0.327845
-0.319951
-0.315341
-0.315591
-0.321162
-0.331087
-0.34347
-0.356275
-0.367934
-0.377575
-0.384953
-0.390196
-0.393614
-0.395579
-0.396405
-0.396422
-0.395863
-0.394948
-0.393797
-0.39253
-0.391228
-0.389944
-0.388663
-0.38738
-0.38608
-0.384717
-0.38327
-0.38168
-0.379933
-0.378016
-0.375917
-0.373665
-0.37127
-0.368803
-0.366326
-0.363924
-0.361701
-0.359747
-0.358162
-0.357036
-0.356442
-0.356409
-0.356917
-0.357908
-0.359256
-0.360821
-0.362377
-0.363729
-0.364649
-0.36498
-0.364627
-0.363681
-0.362413
-0.36129
-0.3609
-0.361764
-0.364179
-0.368072
-0.373036
-0.378473
-0.383805
-0.388611
-0.392608
-0.395714
-0.397917
-0.399258
-0.399822
-0.399694
-0.398978
-0.397734
-0.396112
-0.394261
-0.392316
-0.390427
-0.388745
-0.387351
-0.386316
-0.385664
-0.385481
-0.38586
-0.386919
-0.388756
-0.391381
-0.39473
-0.39861
-0.402733
-0.406779
-0.410412
-0.4133
-0.415155
-0.415682
-0.414634
-0.411909
-0.407713
-0.402719
-0.398115
-0.395246
-0.394969
-0.396933
-0.39939
-0.39992
-0.396464
-0.388519
-0.378107
-0.369579
-0.367373
-0.372683
-0.382389
-0.391664
-0.396939
-0.396883
-0.391819
-0.382813
-0.371277
-0.358791
-0.34714
-0.338273
-0.33389
-0.334854
-0.340833
-0.350497
-0.36214
-0.374294
-0.385959
-0.396513
-0.40551
-0.412636
-0.417652
-0.420525
-0.421391
-0.420558
-0.418411
-0.415411
-0.411973
-0.408476
-0.405225
-0.402469
-0.400374
-0.399035
-0.398573
-0.399022
-0.40032
-0.402269
-0.404518
-0.406605
-0.40804
-0.40843
-0.407613
-0.405714
-0.403201
-0.400856
-0.39954
-0.399945
-0.402382
-0.406594
-0.411908
-0.417427
-0.42232
-0.42601
-0.428189
-0.428813
-0.428035
-0.426108
-0.423408
-0.420293
-0.417114
-0.414164
-0.411644
-0.40961
-0.408032
-0.406777
-0.40567
-0.404503
-0.40309
-0.401257
-0.398865
-0.395832
-0.392125
-0.387793
-0.383038
-0.378212
-0.373765
-0.370237
-0.368094
-0.367615
-0.368812
-0.371449
-0.375142
-0.379428
-0.383869
-0.388137
-0.391988
-0.395254
-0.397832
-0.39967
-0.400706
-0.400933
-0.400289
-0.398728
-0.396237
-0.392795
-0.38841
-0.383173
-0.377253
-0.370908
-0.364494
-0.358448
-0.353278
-0.349468
-0.347429
-0.347431
-0.349529
-0.353568
-0.359222
-0.366071
-0.373695
-0.381711
-0.389734
-0.397472
-0.404611
-0.410932
-0.416257
-0.420507
-0.423628
-0.425658
-0.426634
-0.426632
-0.425742
-0.42404
-0.421619
-0.418586
-0.415024
-0.410991
-0.406577
-0.401851
-0.396811
-0.391496
-0.385857
-0.379919
-0.373707
-0.367333
-0.360905
-0.35467
-0.348898
-0.343891
-0.339974
-0.337383
-0.336261
-0.336662
-0.338437
-0.341313
-0.344908
-0.348848
-0.352794
-0.356462
-0.359713
-0.362538
-0.36501
-0.367276
-0.369463
-0.371682
-0.373967
-0.376314
-0.378667
-0.380966
-0.383147
-0.38516
-0.38696
-0.388531
-0.38985
-0.390925
-0.391734
-0.39232
-0.392672
-0.392828
-0.392816
-0.392653
-0.392392
-0.392059
-0.391703
-0.391323
-0.39095
-0.390602
-0.390288
-0.390017
-0.389781
-0.38958
-0.389398
-0.389241
-0.389071
-0.388893
-0.388656
-0.388359
-0.387996
-0.387536
-0.386992
-0.386372
-0.38568
-0.384929
-0.384135
-0.383313
-0.382425
-0.381423
-0.380238
-0.378827
-0.377145
-0.37526
-0.373332
-0.371748
-0.371081
-0.371925
-0.374754
-0.379692
-0.386406
-0.394188
-0.40222
-0.409779
-0.416378
-0.421755
-0.425873
-0.428782
-0.43057
-0.43138
-0.431325
-0.430501
-0.428981
-0.426841
-0.424122
-0.420893
-0.417239
-0.413284
-0.409159
-0.405104
-0.401412
-0.39844
-0.396516
-0.395904
-0.39673
-0.398866
-0.401956
-0.405388
-0.408456
-0.410419
-0.410726
-0.409053
-0.405463
-0.40039
-0.394573
-0.388825
-0.383784
-0.379671
-0.376562
-0.374693
-0.374756
-0.377715
-0.383981
-0.392938
-0.403202
-0.413467
-0.423059
-0.431864
-0.439857
-0.446821
-0.452292
-0.455731
-0.456684
-0.454876
-0.450266
-0.442965
-0.433336
-0.422041
-0.410054
-0.398555
-0.38875
-0.381484
-0.377097
-0.375447
-0.376062
-0.378412
-0.381955
-0.386186
-0.390671
-0.395053
-0.399068
-0.402558
-0.405441
-0.407689
-0.409291
-0.410265
-0.410566
-0.410172
-0.409022
-0.407055
-0.404208
-0.400444
-0.395796
-0.390404
-0.384541
-0.378665
-0.373406
-0.369498
-0.367556
-0.367847
-0.370211
-0.374099
-0.378768
-0.383495
-0.387719
-0.391112
-0.393547
-0.395013
-0.395598
-0.395391
-0.394525
-0.393111
-0.391267
-0.389108
-0.386724
-0.384218
-0.381668
-0.379151
-0.376727
-0.37442
-0.372253
-0.370196
-0.368204
-0.366246
-0.364246
-0.362136
-0.359839
-0.357316
-0.354562
-0.351622
-0.3486
-0.345657
-0.342948
-0.340645
-0.33889
-0.337735
-0.337186
-0.337134
-0.337446
-0.337991
-0.338684
-0.339473
-0.340363
-0.341422
-0.342693
-0.344207
-0.345935
-0.347772
-0.349561
-0.351109
-0.3522
-0.352654
-0.352332
-0.351132
-0.349053
-0.346187
-0.3427
-0.338839
-0.334896
-0.331137
-0.327813
-0.325128
-0.323259
-0.322415
-0.322791
-0.32452
-0.327563
-0.331702
-0.336486
-0.341351
-0.34571
-0.349093
-0.35111
-0.351549
-0.350227
-0.347101
-0.342192
-0.335688
-0.327926
-0.319468
-0.31105
-0.303605
-0.298193
-0.295807
-0.29706
-0.301787
-0.30899
-0.317146
-0.324817
-0.330976
-0.335123
-0.337178
-0.33725
-0.335515
-0.332131
-0.327259
-0.321095
-0.313877
-0.306014
-0.298144
-0.291096
-0.285784
-0.283006
-0.283171
-0.286162
-0.291325
-0.297704
-0.30433
-0.310457
-0.315592
-0.319516
-0.322196
-0.323733
-0.324292
-0.324114
-0.32343
-0.322557
-0.321774
-0.321327
-0.321391
-0.322049
-0.323258
-0.324868
-0.326703
-0.328544
-0.3302
-0.331528
-0.33243
-0.332833
-0.3327
-0.332009
-0.330771
-0.328958
-0.326556
-0.323593
-0.320082
-0.316123
-0.3119
-0.307681
-0.303844
-0.300836
-0.299043
-0.298683
-0.299724
-0.30186
-0.304699
-0.307795
-0.310788
-0.313471
-0.31574
-0.317595
-0.319043
-0.320123
-0.320834
-0.321203
-0.321259
-0.321071
-0.320696
-0.320211
-0.319673
-0.319115
-0.318509
-0.317768
-0.316809
-0.315597
-0.314196
-0.312822
-0.311805
-0.311563
-0.312435
-0.314607
-0.318056
-0.322558
-0.32781
-0.333404
-0.338999
-0.344293
-0.349066
-0.353173
-0.356572
-0.359243
-0.36124
-0.362605
-0.363404
-0.363724
-0.3636
-0.363084
-0.362209
-0.361002
-0.359499
-0.357728
-0.355709
-0.353507
-0.351157
-0.348771
-0.346426
-0.344265
-0.34242
-0.341042
-0.340226
-0.340049
-0.340575
-0.341775
-0.343595
-0.345916
-0.34858
-0.351393
-0.354156
-0.356655
-0.358698
-0.360093
-0.360631
-0.360186
-0.35865
-0.35603
-0.352474
-0.348327
-0.344108
-0.340414
-0.337762
-0.336396
-0.336187
-0.336689
-0.33732
-0.337554
-0.337093
-0.335881
-0.334033
-0.331775
-0.329301
-0.326723
-0.324018
-0.321119
-0.318005
-0.314848
-0.312032
-0.31016
-0.309837
-0.311439
-0.314965
-0.319962
-0.325744
-0.33158
-0.336855
-0.341191
-0.34438
-0.346377
-0.347216
-0.347011
-0.345884
-0.343974
-0.341441
-0.338472
-0.335205
-0.331824
-0.328512
-0.325456
-0.322791
-0.320638
-0.319094
-0.318178
-0.317879
-0.318162
-0.318938
-0.320132
-0.321637
-0.323343
-0.32513
-0.326875
-0.328471
-0.329816
-0.330823
-0.331415
-0.331551
-0.331199
-0.330365
-0.329054
-0.327292
-0.3251
-0.322503
-0.31943
-0.315756
-0.311204
-0.305371
-0.297721
-0.287769
-0.275449
-0.26183
-0.249623
-0.242754
-0.244275
-0.254168
-0.269312
-0.285642
-0.300278
-0.312036
-0.320905
-0.327375
-0.332003
-0.335299
-0.33764
-0.339265
-0.340348
-0.341001
-0.341282
-0.341227
-0.340866
-0.340179
-0.339169
-0.337862
-0.336253
-0.334397
-0.332428
-0.33048
-0.328797
-0.327611
-0.327178
-0.327642
-0.329062
-0.331358
-0.334327
-0.337752
-0.341373
-0.344975
-0.348367
-0.35139
-0.353928
-0.355878
-0.357117
-0.357579
-0.35717
-0.35589
-0.353735
-0.35074
-0.347054
-0.342875
-0.338498
-0.334245
-0.330472
-0.327459
-0.325383
-0.324162
-0.323563
-0.323231
-0.322891
-0.322492
-0.3223
-0.322797
-0.324374
-0.327032
-0.33024
-0.333238
-0.335269
-0.335887
-0.335069
-0.33318
-0.330814
-0.328582
-0.327039
-0.326581
-0.327427
-0.329602
-0.332869
-0.336756
-0.340614
-0.343744
-0.345465
-0.345174
-0.342378
-0.336641
-0.327751
-0.315918
-0.302207
-0.288817
-0.27876
-0.274625
-0.277144
-0.28485
-0.295103
-0.305559
-0.314798
-0.322297
-0.328056
-0.332265
-0.335186
-0.337046
-0.338093
-0.338549
-0.33862
-0.338508
-0.338402
-0.338477
-0.338839
-0.339542
-0.34057
-0.341863
-0.343278
-0.344658
-0.345813
-0.346575
-0.346755
-0.346193
-0.344736
-0.342228
-0.338567
-0.333663
-0.327519
-0.320248
-0.312069
-0.303373
-0.294658
-0.286487
-0.279427
-0.274129
-0.271286
-0.271594
-0.275491
-0.282842
-0.292797
-0.304046
-0.315229
-0.325306
-0.333698
-0.340193
-0.344865
-0.347906
-0.34954
-0.349988
-0.349461
-0.34814
-0.346214
-0.343877
-0.341355
-0.338895
-0.336752
-0.33515
-0.334188
-0.333879
-0.334033
-0.334374
-0.334547
-0.334226
-0.333156
-0.331222
-0.32843
-0.324948
-0.321071
-0.317219
-0.31388
-0.311531
-0.310566
-0.311225
-0.313526
-0.317254
-0.322028
-0.32737
-0.332743
-0.337677
-0.341789
-0.344773
-0.346469
-0.346815
-0.345905
-0.343945
-0.34133
-0.338595
-0.336382
-0.335356
-0.336035
-0.338638
-0.343033
-0.348761
-0.355114
-0.361296
-0.366521
-0.369999
-0.370981
-0.36871
-0.362567
-0.352173
-0.337844
-0.321066
-0.304582
-0.291933
-0.286091
-0.288155
-0.297062
-0.310416
-0.325394
-0.339422
-0.3505
-0.357239
-0.3589
-0.355368
-0.347179
-0.335633
-0.322811
-0.311268
-0.303364
-0.30053
-0.302912
-0.309616
-0.319163
-0.329929
-0.340529
-0.350006
-0.357748
-0.363532
-0.367362
-0.369368
-0.369736
-0.368694
-0.366463
-0.363237
-0.359159
-0.354347
-0.348954
-0.34334
-0.33807
-0.334006
-0.332035
-0.332728
-0.336113
-0.341512
-0.347888
-0.3542
-0.359684
-0.363871
-0.366613
-0.367961
-0.368059
-0.367125
-0.365385
-0.363061
-0.36036
-0.357462
-0.354519
-0.351664
-0.349012
-0.346678
-0.344768
-0.343371
-0.342526
-0.342244
-0.342453
-0.343024
-0.343777
-0.344544
-0.345209
-0.345664
-0.345863
-0.345796
-0.345475
-0.344946
-0.344213
-0.343338
-0.342345
-0.341272
-0.340182
-0.339137
-0.338251
-0.337592
-0.337237
-0.337221
-0.337502
-0.337949
-0.338433
-0.338803
-0.338962
-0.338945
-0.338905
-0.339119
-0.339905
-0.34147
-0.343879
-0.346994
-0.350501
-0.353978
-0.357044
-0.359378
-0.360759
-0.361073
-0.360312
-0.35855
-0.355982
-0.352894
-0.349687
-0.346888
-0.345021
-0.344553
-0.345754
-0.348597
-0.352825
-0.357959
-0.36348
-0.368924
-0.37393
-0.378277
-0.381828
-0.384558
-0.38648
-0.387642
-0.388127
-0.388048
-0.387516
-0.38672
-0.38584
-0.38509
-0.38463
-0.384599
-0.385059
-0.385951
-0.387131
-0.388333
-0.389242
-0.389493
-0.38873
-0.38671
-0.383313
-0.378637
-0.372944
-0.366669
-0.360312
-0.35439
-0.34945
-0.346101
-0.344908
-0.346304
-0.350362
-0.356769
-0.364895
-0.373991
-0.383284
-0.392107
-0.400037
-0.40684
-0.412488
-0.417096
-0.420826
-0.423871
-0.426371
-0.428443
-0.430159
-0.431597
-0.432782
-0.43373
-0.43445
-0.434941
-0.435173
-0.435111
-0.434688
-0.433827
-0.432417
-0.430346
-0.427479
-0.423729
-0.419043
-0.413445
-0.407152
-0.400491
-0.394013
-0.388343
-0.384122
-0.381805
-0.3815
-0.382921
-0.38546
-0.388315
-0.390618
-0.391586
-0.390612
-0.387404
-0.382196
-0.376011
-0.3707
-0.368509
-0.37099
-0.378067
-0.388102
-0.398797
-0.408213
-0.415215
-0.419436
-0.420984
-0.420275
-0.41797
-0.414966
-0.412363
-0.411251
-0.412426
-0.416101
-0.421843
-0.42872
-0.435656
-0.441682
-0.446002
-0.448007
-0.447153
-0.443036
-0.435622
-0.425669
-0.415305
-0.407745
-0.406019
-0.410996
-0.420677
-0.431603
-0.440777
-0.446467
-0.448074
-0.445575
-0.439157
-0.429071
-0.415696
-0.39972
-0.382183
-0.364473
-0.348106
-0.334443
-0.324327
-0.318094
-0.315603
-0.3164
-0.320035
-0.326329
-0.335397
-0.347314
-0.361648
-0.377253
-0.392687
-0.406692
-0.418577
-0.428105
-0.435364
-0.440631
-0.444184
-0.446325
-0.447297
-0.447335
-0.446615
-0.445305
-0.443547
-0.441448
-0.43911
-0.436624
-0.43408
-0.431549
-0.429097
-0.426811
-0.424731
-0.422911
-0.421397
-0.420208
-0.419388
-0.418939
-0.418868
-0.419132
-0.419682
-0.42047
-0.421363
-0.422236
-0.422961
-0.423405
-0.42349
-0.42317
-0.422476
-0.421481
-0.420307
-0.419096
-0.417953
-0.416963
-0.416171
-0.415636
-0.415417
-0.415584
-0.416182
-0.417191
-0.4185
-0.419891
-0.42105
-0.421665
-0.421435
-0.420132
-0.417663
-0.414093
-0.409642
-0.404766
-0.400075
-0.39628
-0.394021
-0.393652
-0.395223
-0.398518
-0.40315
-0.408652
-0.414493
-0.420113
-0.424962
-0.428627
-0.430828
-0.431477
-0.430655
-0.428536
-0.425367
-0.421435
-0.417067
-0.412638
-0.408577
-0.405322
-0.403295
-0.40279
-0.4039
-0.406485
-0.410179
-0.414523
-0.419012
-0.423242
-0.426906
-0.429847
-0.431968
-0.433275
-0.433797
-0.433572
-0.432636
-0.43103
-0.428754
-0.425794
-0.422099
-0.417567
-0.412107
-0.405596
-0.397963
-0.389263
-0.379767
-0.370123
-0.361293
-0.35451
-0.350877
-0.35107
-0.35502
-0.362017
-0.371003
-0.380869
-0.390655
-0.399654
-0.407437
-0.413805
-0.418741
-0.422324
-0.424692
-0.425998
-0.426402
-0.426044
-0.425056
-0.42357
-0.421727
-0.419674
-0.417564
-0.415567
-0.413853
-0.412567
-0.411789
-0.411559
-0.41178
-0.412323
-0.41298
-0.413497
-0.413631
-0.413166
-0.411925
-0.409819
-0.406846
-0.403176
-0.399166
-0.395332
-0.39231
-0.390649
-0.390686
-0.392354
-0.39524
-0.398703
-0.402102
-0.404888
-0.406696
-0.407331
-0.406719
-0.404894
-0.402022
-0.398388
-0.3944
-0.390636
-0.3877
-0.386108
-0.386099
-0.387586
-0.390211
-0.3934
-0.396661
-0.399602
-0.402007
-0.403786
-0.404976
-0.405652
-0.405923
-0.405876
-0.405563
-0.404989
-0.404113
-0.402851
-0.401084
-0.398695
-0.395625
-0.391912
-0.387728
-0.383442
-0.37953
-0.376494
-0.374683
-0.374162
-0.374676
-0.375829
-0.377158
-0.378297
-0.37893
-0.37883
-0.377703
-0.375204
-0.370933
-0.364589
-0.356134
-0.346016
-0.335388
-0.326082
-0.320188
-0.319062
-0.32255
-0.329012
-0.336163
-0.342167
-0.34622
-0.348532
-0.349948
-0.351386
-0.353426
-0.356129
-0.359115
-0.361829
-0.363764
-0.364611
-0.364264
-0.362743
-0.360171
-0.356739
-0.352687
-0.348286
-0.343877
-0.339834
-0.336494
-0.334199
-0.333229
-0.333655
-0.335391
-0.338221
-0.341839
-0.345921
-0.350136
-0.354217
-0.357944
-0.36114
-0.363685
-0.365477
-0.366418
-0.366432
-0.365393
-0.363189
-0.35966
-0.354639
-0.347971
-0.339579
-0.329576
-0.318401
-0.307014
-0.296822
-0.289359
-0.285649
-0.285611
