1.36123
1.36113
1.36131
1.36158
1.36181
1.36202
1.36184
1.36163
1.36135
1.36103
1.36053
1.3602
1.35999
1.35962
1.35914
1.35869
1.35823
1.35801
1.35797
1.35782
1.35752
1.35699
1.35661
1.35636
1.35619
1.35612
1.35594
1.35597
1.35639
1.35658
1.357
1.35746
1.35784
1.35818
1.35854
1.35873
1.3589
1.35935
1.35967
1.35967
1.35951
1.35935
1.35917
1.35889
1.35854
1.35836
1.35821
1.35804
1.35791
1.35779
1.35781
1.35798
1.35824
1.35843
1.35862
1.3586
1.35875
1.3588
1.35877
1.35865
1.35839
1.35845
1.3586
1.35871
1.35859
1.35846
1.35822
1.35773
1.35738
1.35741
1.35737
1.35745
1.35792
1.35837
1.3588
1.35904
1.3593
1.35959
1.35998
1.36069
1.36145
1.36196
1.36232
1.36265
1.36292
1.36303
1.36331
1.3634
1.36374
1.36423
1.36474
1.36529
1.36586
1.36639
1.36713
1.36775
1.36811
1.36838
1.36867
1.36902
1.36911
1.36943
1.36939
1.36917
1.36901
1.36852
1.3685
1.36856
1.36879
1.36908
1.36951
1.36968
1.36973
1.36972
1.36999
1.37035
1.37078
1.37099
1.37131
1.37157
1.37194
1.37227
1.37237
1.37247
1.37271
1.37289
1.37306
1.37334
1.37378
1.37401
1.37413
1.37433
1.37452
1.37465
1.37469
1.37469
1.37484
1.37515
1.37524
1.37513
1.37515
1.37503
1.37498
1.37494
1.37482
1.37471
1.37452
1.37464
1.37481
1.37504
1.37514
1.37545
1.37559
1.37566
1.37593
1.37611
1.37641
1.37646
1.37649
1.37671
1.37696
1.37721
1.37767
1.37772
1.37792
1.37803
1.37798
1.37799
1.37781
1.37777
1.37781
1.37759
1.37752
1.37761
1.37776
1.3781
1.37829
1.37828
1.37814
1.37813
1.37804
1.37812
1.37819
1.37822
1.37815
1.37816
1.37802
1.3778
1.37776
1.37789
1.37788
1.37783
1.37788
1.37779
1.37766
1.37755
1.37733
1.37684
1.37671
1.37654
1.37625
1.37593
1.37557
1.37518
1.37515
1.37514
1.37507
1.37474
1.37443
1.3741
1.37381
1.3737
1.37349
1.37316
1.37297
1.37278
1.37259
1.37274
1.37288
1.373
1.37318
1.37325
1.37327
1.37341
1.37342
1.37338
1.37339
1.37339
1.37347
1.37384
1.37413
1.37429
1.37403
1.37391
1.37383
1.37372
1.3736
1.37364
1.3737
1.37352
1.37332
1.37299
1.37265
1.37254
1.37218
1.37206
1.37211
1.37234
1.37248
1.37253
1.3728
1.37277
1.37244
1.37221
1.3718
1.37132
1.37111
1.37104
1.37097
1.37103
1.37099
1.37086
1.3708
1.37065
1.37048
1.37037
1.37025
1.37002
1.36951
1.36906
1.36867
1.36842
1.36813
1.36772
1.36726
1.36667
1.36625
1.36592
1.36555
1.36533
1.36526
1.365
1.36461
1.36411
1.36356
1.36302
1.36261
1.36225
1.36192
1.36167
1.36125
1.36072
1.36035
1.35991
1.35959
1.35918
1.35936
1.35954
1.35996
1.36036
1.36074
1.36118
1.36128
1.36119
1.36122
1.36124
1.36119
1.36115
1.36116
1.36117
1.36119
1.36117
1.36139
1.3617
1.36205
1.36232
1.36261
1.36285
1.36335
1.36391
1.36434
1.36461
1.36485
1.36523
1.36589
1.36619
1.36638
1.36654
1.36674
1.36704
1.36708
1.36689
1.36673
1.36663
1.36652
1.36649
1.36684
1.36698
1.36686
1.36691
1.36716
1.36742
1.3676
1.36771
1.36775
1.3676
1.36777
1.36808
1.3682
1.36815
1.36832
1.36852
1.36818
1.3676
1.36716
1.36657
1.36587
1.36504
1.36437
1.3637
1.36317
1.36265
1.36225
1.36172
1.36138
1.36106
1.36075
1.36073
1.36043
1.36028
1.35995
1.35958
1.35908
1.35868
1.35827
1.35802
1.35777
1.35761
1.35753
1.35752
1.3575
1.35763
1.35811
1.35846
1.35898
1.35933
1.35962
1.35989
1.35984
1.35982
1.35985
1.36021
1.3607
1.36098
1.36123
1.36112
1.36129
1.36148
1.36139
1.36129
1.36097
1.36081
1.36082
1.36075
1.36059
1.36036
1.36007
1.35983
1.35976
1.35983
1.35962
1.35962
1.35977
1.35999
1.3604
1.36074
1.36115
1.36148
1.36177
1.36196
1.36173
1.36133
1.36093
1.36065
1.36044
1.36012
1.35978
1.35937
1.35896
1.35854
1.35828
1.35788
1.35783
1.35773
1.35775
1.35776
1.35783
1.35776
1.3574
1.35715
1.35664
1.35647
1.3564
1.35613
1.35591
1.35553
1.35548
1.35565
1.3558
1.35597
1.35589
1.35607
1.35606
1.35576
1.35551
1.35528
1.35489
1.35498
1.35506
1.35561
1.35609
1.35646
1.3567
1.3568
1.35679
1.35651
1.35631
1.35641
1.35674
1.35667
1.35664
1.35664
1.35656
1.35653
1.35632
1.35617
1.35604
1.35609
1.35599
1.35589
1.35576
1.35573
1.35558
1.35549
1.35549
1.35551
1.35578
1.35605
1.35626
1.35659
1.357
1.35746
1.35792
1.35812
1.35816
1.35804
1.35778
1.35775
1.35769
1.35774
1.35802
1.35799
1.35797
1.35791
1.35797
1.35815
1.3583
1.35859
1.35888
1.359
1.35901
1.35924
1.35949
1.35959
1.35986
1.36006
1.36008
1.36011
1.36012
1.36011
1.35994
1.35954
1.35916
1.35882
1.35852
1.35823
1.35786
1.35769
1.35752
1.35747
1.35751
1.35759
1.35773
1.35765
1.3575
1.35752
1.35732
1.35708
1.35701
1.35678
1.35629
1.35567
1.35526
1.355
1.35497
1.35497
1.35481
1.35473
1.35461
1.35452
1.35443
1.35438
1.35433
1.35394
1.35358
1.35307
1.35238
1.35173
1.35122
1.35087
1.35056
1.3504
1.3499
1.34944
1.34915
1.34875
1.34823
1.34772
1.34711
1.34652
1.34607
1.34564
1.34504
1.34449
1.34411
1.34372
1.34357
1.34324
1.34299
1.34298
1.3427
1.34245
1.34232
1.34216
1.34196
1.34158
1.34109
1.34084
1.34062
1.3404
1.33996
1.33968
1.33925
1.33873
1.33837
1.33822
1.3383
1.33821
1.33817
1.33809
1.3381
1.33839
1.33855
1.33865
1.33874
1.33869
1.33861
1.33898
1.33934
1.33953
1.33976
1.34014
1.34056
1.34071
1.34104
1.34132
1.34153
1.34164
1.34177
1.34189
1.34222
1.34249
1.34265
1.34299
1.34328
1.34344
1.34338
1.34341
1.34348
1.34342
1.34351
1.34347
1.34328
1.34315
1.34288
1.34281
1.34279
1.34294
1.34288
1.34278
1.34285
1.34351
1.34426
1.34502
1.34573
1.34601
1.34614
1.34601
1.34596
1.34602
1.34599
1.34579
1.34575
1.34576
1.34598
1.34612
1.34648
1.34687
1.3471
1.34725
1.3476
1.34795
1.34829
1.34891
1.34948
1.34975
1.35021
1.35089
1.35139
1.35159
1.35117
1.35069
1.35025
1.35046
1.35098
1.35177
1.35275
1.35367
1.35461
1.35532
1.35587
1.3565
1.35702
1.35744
1.35769
1.35774
1.35778
1.35803
1.35839
1.35866
1.35906
1.35958
1.35979
1.35969
1.35959
1.35934
1.3588
1.35829
1.35789
1.35741
1.35722
1.35705
1.35725
1.35735
1.35729
1.35742
1.35733
1.35732
1.35768
1.35779
1.35807
1.35843
1.35867
1.35886
1.35906
1.3592
1.35935
1.35938
1.35946
1.35953
1.35938
1.35911
1.35904
1.35889
1.35876
1.3585
1.35814
1.35794
1.35761
1.35731
1.35691
1.35657
1.35631
1.3562
1.35616
1.35619
1.35635
1.35657
1.35686
1.35721
1.35733
1.35723
1.35672
1.35608
1.35556
1.35534
1.35537
1.35555
1.35595
1.35672
1.35731
1.35791
1.35833
1.35836
1.35801
1.35767
1.35722
1.35673
1.35618
1.3558
1.35532
1.35485
1.3544
1.35411
1.35358
1.35323
1.35306
1.35322
1.35342
1.35355
1.35344
1.35336
1.35336
1.3533
1.35328
1.35338
1.3535
1.35352
1.35351
1.35323
1.35312
1.3532
1.35331
1.35334
1.35334
1.35334
1.35344
1.35358
1.35376
1.35415
1.35456
1.35495
1.35539
1.35553
1.35549
1.35548
1.35539
1.3553
1.35524
1.35531
1.35534
1.3555
1.35565
1.35566
1.35555
1.35544
1.3554
1.3553
1.35522
1.35529
1.35538
1.35549
1.35554
1.35554
1.3555
1.3559
1.35627
1.35666
1.35701
1.35704
1.3569
1.3569
1.35684
1.35658
1.35626
1.35594
1.3557
1.35561
1.35555
1.3556
1.35579
1.35588
1.35576
1.35571
1.35568
1.35573
1.35542
1.35523
1.35524
1.35522
1.3554
1.35575
1.35594
1.3562
1.35609
1.35613
1.35626
1.35623
1.35623
1.35612
1.35622
1.35631
1.35655
1.35691
1.357
1.35705
1.35717
1.35748
1.35745
1.35737
1.35739
1.35748
1.35755
1.3579
1.35836
1.35892
1.35935
1.35987
1.36027
1.36078
1.36142
1.36194
1.36219
1.36226
1.36216
1.36207
1.36228
1.36272
1.36311
1.36318
1.36335
1.3637
1.36401
1.36425
1.36437
1.36433
1.36464
1.36501
1.36526
1.36585
1.36614
1.36658
1.36691
1.36727
1.36781
1.3684
1.36885
1.36926
1.36968
1.37012
1.37033
1.37037
1.37062
1.37079
1.37089
1.37089
1.37075
1.37047
1.37027
1.37022
1.37022
1.36999
1.36986
1.36973
1.36975
1.36968
1.36948
1.3693
1.36923
1.3691
1.36897
1.3691
1.3692
1.36924
1.3692
1.36929
1.36944
1.36972
1.36992
1.37008
1.37031
1.37044
1.37051
1.37062
1.37089
1.37125
1.37158
1.37173
1.37189
1.37204
1.37243
1.3727
1.37299
1.37339
1.3738
1.37422
1.37483
1.37561
1.37636
1.37694
1.37741
1.37798
1.37855
1.37898
1.37943
1.37966
1.37985
1.38006
1.38028
1.38051
1.38076
1.38089
1.3811
1.38147
1.3818
1.38207
1.38211
1.38213
1.38228
1.38236
1.38259
1.38277
1.38297
1.38325
1.38333
1.38327
1.38314
1.38286
1.38247
1.38203
1.38165
1.3813
1.38104
1.38103
1.38124
1.38156
1.38205
1.38254
1.38283
1.38315
1.38343
1.38382
1.38412
1.38421
1.38448
1.38492
1.38532
1.38561
1.38569
1.3858
1.38571
1.3858
1.38616
1.38649
1.38665
1.38668
1.38666
1.38692
1.3872
1.38762
1.38832
1.38874
1.38903
1.38933
1.38923
1.38916
1.38909
1.3891
1.38914
1.38904
1.38905
1.38872
1.3886
1.38869
1.38898
1.38896
1.38903
1.3891
1.38895
1.38888
1.38877
1.38875
1.38861
1.38859
1.38871
1.38896
1.38909
1.38908
1.38893
1.38864
1.38833
1.3882
1.38814
1.38821
1.38828
1.38851
1.38869
1.389
1.38909
1.38902
1.38902
1.38885
1.38864
1.38843
1.38812
1.38788
1.38736
1.38693
1.38644
1.38603
1.38576
1.38561
1.38525
1.38483
1.38447
1.38425
1.38401
1.38366
1.38313
1.38274
1.38271
1.38276
1.38258
1.38236
1.3823
1.38237
1.38242
1.38245
1.38248
1.38258
1.38253
1.3824
1.38235
1.38248
1.38259
1.38271
1.38284
1.38295
1.38291
1.38291
1.38293
1.3829
1.3827
1.38254
1.38262
1.38262
1.38264
1.38279
1.383
1.38311
1.38322
1.38346
1.38406
1.38444
1.38495
1.3855
1.38596
1.38617
1.38642
1.38667
1.38682
1.3868
1.38671
1.38676
1.38668
1.38643
1.3862
1.38596
1.38577
1.38569
1.3855
1.38544
1.38536
1.38547
1.38566
1.38598
1.38642
1.38679
1.38705
1.3872
1.38729
1.38732
1.38722
1.38707
1.38712
1.38764
1.38831
1.38893
1.38962
1.39018
1.39048
1.39073
1.39099
1.39124
1.39153
1.39208
1.39232
1.39262
1.39295
1.39321
1.3936
1.39384
1.39402
1.39412
1.39424
1.39445
1.39465
1.39476
1.39497
1.39499
1.39499
1.39495
1.39507
1.39518
1.3953
1.39527
1.39523
1.39504
1.39484
1.39472
1.39455
1.39423
1.39395
1.39357
1.39365
1.3937
1.39365
1.39379
1.39394
1.394
1.39421
1.3943
1.39399
1.39386
1.39368
1.39358
1.39358
1.39351
1.39338
1.39353
1.39357
1.39356
1.39337
1.39344
1.39348
1.39384
1.39426
1.39457
1.39498
1.39522
1.39528
1.3953
1.39525
1.3951
1.39484
1.39462
1.39448
1.39438
1.39428
1.39422
1.39427
1.39439
1.39449
1.39466
1.39482
1.39474
1.39467
1.39472
1.39453
1.39426
1.39407
1.39378
1.39349
1.39302
1.39265
1.39253
1.39227
1.39197
1.3917
1.39161
1.39126
1.391
1.39056
1.39014
1.3895
1.38891
1.38826
1.38778
1.38732
1.38687
1.38651
1.38651
1.38674
1.38723
1.38766
1.38792
1.38787
1.38806
1.38832
1.38874
1.38918
1.38953
1.38962
1.3897
1.38976
1.3897
1.38953
1.38956
1.38938
1.38925
1.38925
1.38929
1.38938
1.38957
1.38977
1.39
1.39027
1.39049
1.39083
1.39131
1.39159
1.39196
1.3923
1.39278
1.39313
1.39343
1.39374
1.394
1.39417
1.39434
1.39451
1.3947
1.39451
1.39418
1.39392
1.39396
1.39411
1.39417
1.39443
1.39447
1.39449
1.39451
1.39457
1.39469
1.39464
1.39477
1.39468
1.39452
1.39438
1.39433
1.39457
1.39496
1.39539
1.39562
1.39573
1.39576
1.39561
1.39557
1.39556
1.39542
1.39519
1.39531
1.39573
1.39593
1.3958
1.39557
1.39542
1.39549
1.39568
1.39574
1.39584
1.39603
1.39626
1.39654
1.39672
1.39693
1.39738
1.3974
1.39747
1.39765
1.39792
1.3983
1.39867
1.39886
1.39916
1.3995
1.39983
1.40005
1.40013
1.39997
1.39982
1.39972
1.39957
1.39952
1.39934
1.39923
1.39898
1.39872
1.39874
1.39873
1.39889
1.39898
1.3992
1.3994
1.39959
1.39969
1.3998
1.39982
1.40006
1.40034
1.40053
1.40047
1.40029
1.4002
1.40009
1.40009
1.40024
1.40035
1.40049
1.40035
1.40006
1.39987
1.39975
1.39971
1.39969
1.39957
1.39965
1.39993
1.40035
1.40062
1.40082
1.40089
1.4009
1.40071
1.40041
1.40014
1.39993
1.39989
1.39959
1.39917
1.3989
1.39871
1.39843
1.39814
1.39822
1.39848
1.39878
1.39902
1.39919
1.39943
1.39966
1.39993
1.40038
1.40068
1.40093
1.4009
1.40097
1.40101
1.40131
1.40132
1.40149
1.40175
1.40205
1.40237
1.40263
1.40275
1.40283
1.4029
1.40272
1.40253
1.40245
1.40251
1.40256
1.40269
1.40267
1.40276
1.40317
1.40364
1.40416
1.4048
1.40535
1.40591
1.40641
1.4069
1.40734
1.40771
1.40816
1.40875
1.40928
1.4095
1.41007
1.41045
1.41059
1.41082
1.41111
1.41132
1.41148
1.41169
1.41178
1.41224
1.41272
1.41295
1.41308
1.41336
1.41386
1.41429
1.41445
1.41464
1.41512
1.41553
1.41596
1.41625
1.41658
1.41702
1.41728
1.41745
1.41766
1.41768
1.41788
1.41813
1.41854
1.41871
1.41891
1.41903
1.41929
1.41961
1.41962
1.41979
1.42007
1.42038
1.42069
1.42113
1.42121
1.42142
1.42174
1.4221
1.42225
1.42236
1.42233
1.4225
1.4228
1.42314
1.42336
1.42366
1.42394
1.42416
1.42444
1.42473
1.42501
1.42522
1.42544
1.42575
1.42615
1.42639
1.42681
1.42731
1.42758
1.42791
1.42819
1.42816
1.42829
1.42842
1.42823
1.428
1.42774
1.42758
1.4273
1.42705
1.4271
1.42698
1.4268
1.4266
1.42637
1.42601
1.42577
1.42554
1.42534
1.42502
1.42458
1.42433
1.42412
1.42391
1.42377
1.42366
1.42347
1.42319
1.42311
1.42295
1.42277
1.42255
1.4222
1.42185
1.42141
1.42087
1.42052
1.42028
1.42024
1.42017
1.42007
1.41988
1.41961
1.41955
1.41967
1.4197
1.41986
1.41998
1.42012
1.41999
1.4199
1.42004
1.42016
1.42041
1.42071
1.4209
1.42109
1.42129
1.4215
1.4218
1.42208
1.42252
1.42293
1.42331
1.42357
1.42371
1.42394
1.42389
1.42371
1.42354
1.42332
1.42311
1.42297
1.42288
1.42282
1.42279
1.42267
1.42245
1.42223
1.42196
1.42163
1.42139
1.42107
1.4207
1.42032
1.41989
1.41957
1.41935
1.41933
1.41917
1.41883
1.41852
1.41819
1.41788
1.41764
1.41744
1.41711
1.41685
1.41626
1.41556
1.41518
1.41473
1.41424
1.41384
1.41368
1.41339
1.41319
1.41302
1.41288
1.41279
1.41271
1.41276
1.41299
1.41306
1.41323
1.41334
1.41342
1.41348
1.41355
1.41379
1.4139
1.41412
1.41409
1.41412
1.41448
1.41463
1.41481
1.41483
1.41468
1.41457
1.4145
1.41426
1.41403
1.41388
1.41365
1.41342
1.41306
1.41297
1.41304
1.41325
1.41356
1.41392
1.41419
1.41426
1.41441
1.41442
1.41447
1.41436
1.41423
1.41402
1.41368
1.4135
1.41342
1.4133
1.41337
1.41356
1.41367
1.41367
1.4137
1.41356
1.41333
1.41287
1.41252
1.41212
1.41182
1.4115
1.41111
1.41059
1.40996
1.4095
1.4091
1.40898
1.40864
1.40821
1.40751
1.40681
1.40621
1.40581
1.40525
1.40507
1.40511
1.40494
1.40493
1.40503
1.40483
1.4046
1.40448
1.40411
1.40373
1.40337
1.40305
1.4027
1.4022
1.40136
1.40052
1.40012
1.39995
1.39996
1.40014
1.40051
1.40105
1.40133
1.40197
1.40239
1.40248
1.40274
1.40283
1.40303
1.40325
1.40352
1.40385
1.4041
1.40443
1.40437
1.4041
1.40384
1.40356
1.40367
1.40389
1.40399
1.40373
1.40356
1.40329
1.40277
1.40218
1.4018
1.40174
1.40169
1.40142
1.40096
1.40067
1.39989
1.39924
1.39871
1.39831
1.39773
1.39731
1.39732
1.39723
1.39692
1.39666
1.39642
1.39602
1.3956
1.39556
1.39543
1.39518
1.39465
1.39431
1.39401
1.39372
1.39347
1.39338
1.39343
1.39304
1.39279
1.3927
1.39256
1.39266
1.39287
1.3934
1.39406
1.39474
1.39557
1.39614
1.3964
1.39666
1.3969
1.39722
1.39765
1.39807
1.39882
1.39957
1.40029
1.40048
1.40092
1.40145
1.40192
1.40251
1.40283
1.40278
1.40274
1.40248
1.40235
1.40236
1.40239
1.4024
1.4023
1.40209
1.40223
1.40254
1.40281
1.40292
1.40307
1.40346
1.40385
1.40396
1.40442
1.40497
1.40549
1.40618
1.40691
1.40795
1.40863
1.40904
1.40953
1.4099
1.4104
1.41077
1.41107
1.41139
1.41155
1.4119
1.41223
1.41261
1.41272
1.4127
1.4129
1.41321
1.41357
1.41357
1.4135
1.41338
1.41328
1.41287
1.41223
1.41177
1.41124
1.41067
1.41056
1.41109
1.41163
1.4119
1.41218
1.41234
1.41258
1.41264
1.41261
1.4127
1.41277
1.4127
1.41267
1.41262
1.41255
1.41264
1.41275
1.41291
1.41295
1.41305
1.41317
1.41321
1.41339
1.41384
1.41422
1.41463
1.41468
1.41478
1.41492
1.41514
1.41525
1.41513
1.41517
1.4154
1.41569
1.41593
1.41635
1.41674
1.41707
1.41735
1.41737
1.4174
1.41777
1.41801
1.41817
1.41822
1.41845
1.41884
1.41905
1.41909
1.41905
1.41888
1.41865
1.41866
1.41883
1.41901
1.41908
1.41893
1.4192
1.41961
1.42028
1.42065
1.42109
1.42142
1.42168
1.42166
1.42158
1.42161
1.42179
1.42177
1.4215
1.42126
1.4212
1.42109
1.42105
1.42107
1.42126
1.42136
1.42127
1.42127
1.42122
1.42105
1.42102
1.42107
1.42124
1.42164
1.42204
1.42214
1.42212
1.42216
1.42236
1.42245
1.42291
1.42364
1.42417
1.42435
1.42456
1.42443
1.42423
1.4242
1.42417
1.42388
1.42341
1.42313
1.42306
1.42298
1.42307
1.42323
1.42326
1.42337
1.42352
1.42366
1.42391
1.42434
1.42454
1.42477
1.42499
1.42534
1.42576
1.42616
1.42655
1.42669
1.42681
1.4271
1.42721
1.42734
1.4276
1.42782
1.42823
1.42859
1.42901
1.42935
1.42981
1.43016
1.43025
1.43015
1.43013
1.43022
1.43019
1.42999
1.42974
1.42977
1.42985
1.42985
1.42981
1.42994
1.4299
1.4298
1.42974
1.42941
1.42948
1.4296
1.4296
1.42978
1.42997
1.43001
1.43028
1.43061
1.43082
1.43062
1.43045
1.43034
1.43003
1.42974
1.4297
1.42966
1.42976
1.4298
1.42988
1.42998
1.43018
1.43026
1.4306
1.43086
1.43127
1.43168
1.4321
1.43268
1.43304
1.43336
1.43371
1.43413
1.43451
1.43463
1.43436
1.43404
1.43395
1.43417
1.43416
1.43466
1.43529
1.43585
1.43612
1.4367
1.43736
1.4377
1.43802
1.43849
1.4388
1.43907
1.43936
1.43963
1.43989
1.44007
1.44002
1.44026
1.44048
1.44063
1.44065
1.44077
1.44103
1.44125
1.44144
1.4417
1.44212
1.4425
1.44273
1.44301
1.44329
1.4435
1.44371
1.44376
1.44382
1.44392
1.44386
1.44367
1.44311
1.44225
1.44105
1.43996
1.43898
1.43833
1.43799
1.43775
1.43781
1.43802
1.43836
1.43856
1.43862
1.43874
1.43905
1.43941
1.43955
1.43954
1.43967
1.43983
1.44008
1.44041
1.44028
1.44017
1.44019
1.44037
1.44046
1.44074
1.44099
1.44122
1.44146
1.44186
1.44219
1.44261
1.44321
1.44363
1.44382
1.44402
1.44433
1.4445
1.44472
1.4451
1.4455
1.44572
1.44573
1.44551
1.44515
1.44494
1.44492
1.44486
1.44475
1.44459
1.44443
1.44428
1.44415
1.44418
1.44468
1.445
1.44532
1.44554
1.4456
1.44536
1.44514
1.44506
1.44503
1.44515
1.44508
1.44533
1.44545
1.44545
1.44536
1.44544
1.44566
1.44605
1.44637
1.44646
1.44666
1.44679
1.4467
1.4463
1.44584
1.44531
1.44494
1.44469
1.44457
1.44481
1.445
1.44534
1.44564
1.4456
1.4456
1.4454
1.4453
1.44527
1.44534
1.44527
1.44539
1.44535
1.44533
1.44578
1.44605
1.44629
1.44628
1.44638
1.44652
1.44658
1.44682
1.44719
1.4474
1.44747
1.44751
1.44735
1.44756
1.44809
1.44844
1.44894
1.4492
1.44944
1.44958
1.44972
1.44962
1.4498
1.44994
1.45024
1.45017
1.45029
1.45038
1.45054
1.45034
1.44985
1.44937
1.44903
1.44866
1.44832
1.44798
1.44756
1.44726
1.44721
1.44746
1.44769
1.44773
1.44802
1.44792
1.44751
1.44698
1.44641
1.44604
1.44576
1.44581
1.44599
1.44631
1.44662
1.44678
1.44704
1.44706
1.44704
1.44715
1.44727
1.44753
1.44762
1.44797
1.44849
1.44902
1.44953
1.45002
1.45057
1.45121
1.45177
1.4525
1.45303
1.4534
1.45378
1.45387
1.45404
1.45427
1.45416
1.45399
1.45405
1.4542
1.45437
1.45474
1.45533
1.45577
1.45631
1.45667
1.4572
1.45754
1.45776
1.45805
1.45817
1.45831
1.45853
1.45888
1.45908
1.45906
1.45882
1.45874
1.45868
1.45865
1.45869
1.45866
1.45876
1.45881
1.45871
1.45871
1.45856
1.45857
1.45847
1.45838
1.45841
1.45821
1.45795
1.45767
1.45755
1.45751
1.45744
1.45733
1.45724
1.45697
1.45665
1.45624
1.45592
1.45562
1.45535
1.45534
1.45526
1.45527
1.45546
1.4555
1.45541
1.45517
1.45514
1.45508
1.45512
1.45512
1.45523
1.45521
1.45524
1.45526
1.45531
1.45551
1.45568
1.45601
1.45642
1.45678
1.45722
1.45738
1.45751
1.45779
1.4582
1.45834
1.45876
1.45921
1.45966
1.46014
1.46038
1.46069
1.46121
1.46163
1.46197
1.46216
1.46236
1.46235
1.4621
1.4619
1.46171
1.46154
1.46119
1.46103
1.46096
1.46121
1.46171
1.46222
1.46267
1.46309
1.46347
1.46386
1.46425
1.46426
1.46427
1.46425
1.46425
1.46415
1.46405
1.46386
1.46385
1.46395
1.46413
1.46422
1.46425
1.46432
1.46424
1.46445
1.46428
1.46423
1.46398
1.46396
1.46397
1.46429
1.46434
1.46414
1.46398
1.46362
1.46333
1.46313
1.46306
1.46299
1.46276
1.46237
1.46205
1.4615
1.46089
1.46052
1.46037
1.46004
1.45988
1.46005
1.46023
1.46046
1.46084
1.46092
1.46089
1.46077
1.46063
1.46041
1.4602
1.46002
1.45995
1.45989
1.45971
1.45958
1.45937
1.4593
1.45934
1.45937
1.45954
1.45966
1.45976
1.4599
1.46028
1.46046
1.46073
1.46106
1.46143
1.46154
1.46154
1.46156
1.46128
1.46136
1.46159
1.46158
1.46161
1.46156
1.46176
1.46174
1.46147
1.46165
1.46192
1.46218
1.46235
1.46246
1.46267
1.46292
1.4633
1.46343
1.46358
1.46384
1.46419
1.46467
1.46503
1.4654
1.4659
1.46622
1.46657
1.46694
1.46728
1.46765
1.46789
1.46796
1.46803
1.46799
1.4679
1.468
1.46819
1.46827
1.46827
1.46865
1.46898
1.46966
1.47043
1.47111
1.47169
1.47222
1.47276
1.47319
1.47352
1.47388
1.47415
1.47455
1.47483
1.47527
1.47569
1.47582
1.47604
1.47641
1.4765
1.4765
1.47654
1.47672
1.47684
1.47692
1.47695
1.47692
1.4769
1.47666
1.47637
1.47601
1.47573
1.47553
1.47543
1.47507
1.47469
1.4745
1.47448
1.4746
1.47464
1.47461
1.47467
1.47469
1.47472
1.47502
1.47524
1.47545
1.47527
1.47516
1.4748
1.47443
1.4741
1.47382
1.47354
1.47324
1.47298
1.47275
1.47249
1.47211
1.47163
1.47127
1.47105
1.47097
1.47085
1.47072
1.47087
1.47099
1.4712
1.47116
1.47109
1.47109
1.4711
1.47108
1.47094
1.47081
1.47039
1.47008
1.46984
1.4695
1.46916
1.46875
1.46819
1.46767
1.46723
1.46667
1.46617
1.46588
1.46554
1.46513
1.46477
1.46451
1.46441
1.46418
1.4637
1.46356
1.46331
1.46326
1.46334
1.46372
1.46416
1.46438
1.46427
1.46397
1.46379
1.4635
1.46338
1.46329
1.46327
1.46344
1.46363
1.46378
1.46371
1.46374
1.46361
1.46369
1.46354
1.46321
1.46292
1.46249
1.46201
1.46157
1.46098
1.46054
1.46034
1.46023
1.46017
1.46022
1.46006
1.4596
1.45917
1.45902
1.45893
1.4588
1.45888
1.45878
1.45841
1.45823
1.45839
1.45857
1.45852
1.45849
1.45865
1.45886
1.45897
1.45916
1.45932
1.45957
1.45998
1.46022
1.46033
1.46043
1.46076
1.46103
1.46111
1.461
1.4611
1.46109
1.46118
1.46133
1.46142
1.46158
1.4617
1.46185
1.46182
1.46163
1.46148
1.46124
1.46092
1.46076
1.46038
1.46006
1.45974
1.45972
1.45968
1.45954
1.45967
1.45992
1.46025
1.46051
1.46055
1.46092
1.46139
1.46171
1.46181
1.46217
1.46238
1.4628
1.46313
1.46326
1.46329
1.46323
1.46309
1.46305
1.46281
1.46235
1.46201
1.46169
1.46154
1.46123
1.46097
1.46064
1.46063
1.46061
1.46032
1.46027
1.46041
1.46056
1.46084
1.46113
1.46129
1.4617
1.462
1.46226
1.46248
1.46299
1.46358
1.46431
1.46487
1.46548
1.46604
1.46637
1.46656
1.46665
1.46694
1.46702
1.4671
1.4675
1.46785
1.46824
1.46856
1.46887
1.46927
1.46986
1.47046
1.47099
1.4714
1.47178
1.47203
1.47235
1.4726
1.47282
1.47299
1.47307
1.473
1.47302
1.47318
1.47331
1.47369
1.47381
1.47387
1.47386
1.47403
1.47391
1.47388
1.47394
1.47401
1.47412
1.47442
1.4747
1.47503
1.47538
1.47564
1.47582
1.4758
1.47583
1.47577
1.47555
1.47536
1.47509
1.47469
1.47459
1.47467
1.47492
1.47495
1.47494
1.47463
1.4745
1.47438
1.47444
1.47425
1.47394
1.47391
1.4738
1.47339
1.47297
1.4728
1.47297
1.47304
1.47287
1.47291
1.47289
1.47284
1.47298
1.47288
1.4727
1.47271
1.47267
1.47246
1.47222
1.47198
1.47189
1.47198
1.47194
1.47202
1.47217
1.47227
1.47263
1.47305
1.47315
1.47327
1.47336
1.47341
1.47326
1.47292
1.47271
1.47258
1.47257
1.4725
1.47228
1.47205
1.47184
1.47173
1.47155
1.47147
1.47156
1.47146
1.47178
1.47214
1.47246
1.47295
1.4734
1.47384
1.47433
1.47478
1.47494
1.47494
1.47485
1.47451
1.4743
1.47408
1.47401
1.4742
1.47453
1.47481
1.47503
1.47511
1.47535
1.47562
1.47573
1.47573
1.47556
1.47561
1.47562
1.4753
1.47523
1.47514
1.47537
1.4755
1.47544
1.47522
1.47508
1.47502
1.47497
1.47489
1.47484
1.47458
1.47442
1.47444
1.47478
1.47506
1.47533
1.47573
1.47586
1.47612
1.47641
1.47661
1.47692
1.47713
1.47743
1.4776
1.47784
1.47808
1.47815
1.47836
1.47867
1.47902
1.47955
1.48017
1.48045
1.48057
1.48083
1.48128
1.4817
1.4819
1.48208
1.48227
1.48252
1.48262
1.48284
1.48315
1.4835
1.48405
1.48423
1.4841
1.48421
1.48444
1.48463
1.48494
1.48543
1.48575
1.48628
1.48679
1.48708
1.48767
1.48822
1.4885
1.48883
1.48936
1.48976
1.49001
1.4904
1.49077
1.49116
1.49152
1.49169
1.49179
1.49167
1.49187
1.49206
1.49217
1.49193
1.49177
1.49176
1.49183
1.49196
1.492
1.4922
1.49253
1.49281
1.493
1.49311
1.49321
1.49316
1.49313
1.49311
1.49305
1.49294
1.49286
1.49326
1.49385
1.49417
1.49427
1.49434
1.49442
1.49471
1.49499
1.49513
1.49534
1.49546
1.49558
1.49545
1.49554
1.49562
1.49588
1.49627
1.49652
1.49664
1.49683
1.49702
1.49722
1.49739
1.49738
1.49696
1.49656
1.49618
1.49586
1.49559
1.49537
1.49506
1.49487
1.49457
1.49426
1.49406
1.49384
1.49355
1.49319
1.49298
1.49273
1.49267
1.49278
1.49312
1.49313
1.49308
1.49295
1.49279
1.4926
1.49236
1.49224
1.49208
1.49194
1.49183
1.4918
1.49184
1.49199
1.4921
1.49235
1.49268
1.49288
1.49325
1.49345
1.49384
1.49419
1.49445
1.49456
1.49458
1.4946
1.49467
1.49476
1.49474
1.49463
1.4944
1.49431
1.49433
1.49408
1.494
1.49394
1.4938
1.49371
1.49396
1.494
1.49395
1.49389
1.49379
1.49365
1.49357
1.49344
1.49348
1.49363
1.49387
1.49415
1.49453
1.49482
1.49499
1.49493
1.49482
1.49466
1.49486
1.495
1.49486
1.49484
1.49485
1.49469
1.4946
1.49446
1.49419
1.49388
1.49354
1.4931
1.49256
1.4923
1.49228
1.49206
1.49203
1.4923
1.49234
1.49244
1.49244
1.49223
1.49237
1.49267
1.4929
1.49311
1.49283
1.49314
1.49344
1.49362
1.49386
1.4939
1.49395
1.49355
1.49324
1.49319
1.49302
1.49317
1.49315
1.49331
1.49338
1.49328
1.49325
1.4932
1.4931
1.49313
1.4929
1.49278
1.49271
1.49266
1.49253
1.4924
1.49216
1.49211
1.49214
1.49222
1.4922
1.49212
1.4923
1.49272
1.49306
1.49329
1.4935
1.49392
1.49416
1.49442
1.49475
1.49494
1.49511
1.49539
1.49567
1.49603
1.49634
1.49655
1.49664
1.49672
1.49671
1.49685
1.49702
1.49717
1.4975
1.49784
1.49801
1.49789
1.49745
1.49661
1.49568
1.49508
1.49497
1.49526
1.49591
1.49655
1.497
1.49739
1.49725
1.49711
1.49692
1.49685
1.49689
1.49677
1.49647
1.49607
1.49574
1.49554
1.49572
1.49623
1.4966
1.49693
1.49704
1.49708
1.4974
1.49756
1.49744
1.49717
1.49696
1.49685
1.49664
1.49652
1.49646
1.49658
1.49652
1.49646
1.49634
1.49638
1.4964
1.49659
1.49685
1.4972
1.49762
1.49811
1.49856
1.49865
1.49896
1.49951
1.50008
1.50055
1.50108
1.50153
1.50178
1.50224
1.50257
1.50284
1.50302
1.50319
1.50373
1.50427
1.50452
1.50503
1.50524
1.50545
1.50569
1.50578
1.50596
1.50629
1.50668
1.50672
1.50661
1.50642
1.50626
1.50602
1.50595
1.50623
1.50644
1.50669
1.50677
1.50715
1.50751
1.50786
1.50838
1.50844
1.5086
1.50859
1.50847
1.50822
1.50791
1.50757
1.50732
1.50696
1.50679
1.50655
1.50659
1.50684
1.5067
1.50699
1.50741
1.50787
1.5083
1.50877
1.5092
1.50949
1.50986
1.51035
1.5106
1.51068
1.51077
1.51101
1.51135
1.51149
1.51131
1.5109
1.51055
1.51019
1.50961
1.50898
1.50864
1.50853
1.50852
1.50868
1.50871
1.50872
1.50913
1.50977
1.51035
1.51079
1.51123
1.51169
1.51208
1.51215
1.51238
1.51232
1.51226
1.51238
1.51225
1.51188
1.51146
1.51113
1.5106
1.50999
1.50942
1.50885
1.50827
1.50775
1.50723
1.50663
1.5062
1.50569
1.50512
1.50491
1.50461
1.50411
1.50388
1.50357
1.50327
1.50272
1.50214
1.50192
1.50174
1.50153
1.50126
1.50108
1.5011
1.50115
1.50105
1.50108
1.50124
1.50137
1.50174
1.50196
1.50205
1.5021
1.5021
1.5019
1.50149
1.50105
1.50073
1.50063
1.50058
1.5008
1.50118
1.50163
1.50188
1.50206
1.50218
1.5023
1.50232
1.50228
1.50209
1.5018
1.50134
1.50075
1.50033
1.50001
1.49981
1.49972
1.49976
1.50012
1.50049
1.50082
1.50099
1.50119
1.50171
1.50208
1.50249
1.50284
1.50309
1.50316
1.50336
1.50361
1.50387
1.50388
1.50382
1.50389
1.50387
1.50376
1.50374
1.50394
1.5041
1.50416
1.50396
1.50379
1.50377
1.50407
1.50451
1.50487
1.50488
1.50474
1.50444
1.5041
1.50375
1.50363
1.50358
1.50346
1.50352
1.50338
1.50327
1.50294
1.50276
1.50266
1.5028
1.5029
1.50265
1.50238
1.50228
1.50204
1.50172
1.50145
1.5011
1.5008
1.50055
1.50028
1.49997
1.49956
1.49921
1.49887
1.49871
1.49832
1.49804
1.49761
1.49759
1.49775
1.49759
1.49753
1.49744
1.49717
1.49682
1.4964
1.49613
1.49601
1.49564
1.49537
1.49522
1.49498
1.49485
1.49494
1.49466
1.49452
1.49438
1.49453
1.4947
1.49514
1.49585
1.49638
1.49655
1.49678
1.49702
1.497
1.49665
1.4964
1.49632
1.49606
1.49573
1.49571
1.49566
1.49571
1.49571
1.49538
1.49507
1.49462
1.49432
1.49418
1.49397
1.49373
1.49379
1.49394
1.49392
1.49422
1.49459
1.49457
1.49494
1.49488
1.49475
1.49486
1.49514
1.4953
1.49528
1.49509
1.49496
1.49477
1.49465
1.49466
1.49454
1.4946
1.49496
1.49545
1.49588
1.4963
1.49677
1.49688
1.49676
1.49655
1.49614
1.4953
1.49463
1.49432
1.49462
1.49506
1.49538
1.49584
1.49595
1.49625
1.4965
1.49683
1.49723
1.49748
1.49782
1.49809
1.49828
1.49838
1.4986
1.49907
1.49947
1.49985
1.50007
1.50035
1.50056
1.50053
1.50031
1.50031
1.50023
1.50018
1.50019
1.50039
1.50066
1.50077
1.50102
1.50118
1.50139
1.50159
1.50182
1.50198
1.50203
1.50243
1.50283
1.50345
1.50407
1.50457
1.50512
1.50555
1.5059
1.50623
1.50669
1.50721
1.50759
1.50814
1.50899
1.5097
1.51016
1.51054
1.51116
1.51155
1.51184
1.51188
1.51186
1.51171
1.51157
1.51133
1.51126
1.51098
1.51084
1.51093
1.51102
1.5111
1.5113
1.51165
1.51218
1.51237
1.51267
1.51299
1.5132
1.5133
1.5132
1.51285
1.51309
1.51346
1.51372
1.51378
1.51389
1.51422
1.51429
1.51455
1.51495
1.5153
1.51553
1.51575
1.51599
1.5163
1.51654
1.51675
1.51703
1.5174
1.5177
1.51762
1.51751
1.51734
1.51747
1.51769
1.51793
1.51822
1.51863
1.51921
1.51978
1.52002
1.52021
1.52069
1.52126
1.52189
1.52237
1.5228
1.52315
1.52343
1.524
1.52448
1.52489
1.5253
1.52553
1.52588
1.52636
1.52694
1.5273
1.52775
1.52784
1.52815
1.52852
1.52876
1.52917
1.52964
1.53006
1.5306
1.53117
1.53166
1.532
1.53225
1.53258
1.53331
1.53395
1.53444
1.53477
1.53479
1.53498
1.53489
1.53447
1.53407
1.53375
1.53363
1.53362
1.53343
1.53308
1.53285
1.53262
1.53231
1.53197
1.53166
1.53145
1.5311
1.53105
1.53127
1.53119
1.53131
1.5313
1.53119
1.53091
1.53096
1.53111
1.53073
1.52991
1.52923
1.52862
1.52806
1.52791
1.52735
1.5269
1.52654
1.52641
1.52635
1.52639
1.52607
1.52588
1.52561
1.52576
1.52599
1.52596
1.52599
1.52607
1.52612
1.5263
1.52657
1.52693
1.52724
1.52756
1.52787
1.52803
1.52825
1.5282
1.528
1.52786
1.52775
1.52746
1.5275
1.52773
1.52777
1.52787
1.52804
1.52838
1.52904
1.52945
1.5298
1.52979
1.52979
1.5301
1.53025
1.53039
1.53036
1.5303
1.53021
1.53002
1.5299
1.52979
1.52985
1.52995
1.52969
1.52951
1.52933
1.52913
1.52889
1.52882
1.52843
1.52794
1.52772
1.52737
1.52715
1.52686
1.52681
1.52647
1.52621
1.52605
1.52571
1.52578
1.52592
1.526
1.52609
1.52616
1.52611
1.52604
1.52606
1.52627
1.52638
1.52651
1.52655
1.5266
1.52641
1.52623
1.52627
1.5265
1.52673
1.52678
1.52701
1.52722
1.52748
1.5276
1.52753
1.52748
1.52761
1.5276
1.52739
1.5272
1.52712
1.52697
1.52691
1.52703
1.52714
1.52701
1.52681
1.52651
1.52636
1.5261
1.52583
1.52584
1.52608
1.52631
1.52654
1.52671
1.52686
1.52694
1.52739
1.52783
1.52809
1.52841
1.52886
1.52923
1.52952
1.52998
1.53045
1.53086
1.53095
1.53109
1.53143
1.53171
1.5317
1.53175
1.53187
1.53198
1.53227
1.53259
1.53286
1.53313
1.53356
1.53372
1.53389
1.53404
1.5343
1.53453
1.53499
1.53556
1.53611
1.53663
1.5368
1.53683
1.53703
1.53727
1.53769
1.538
1.53839
1.53889
1.53933
1.5397
1.53975
1.53976
1.53967
1.53974
1.53986
1.5402
1.54031
1.5409
1.54155
1.54197
1.54199
1.54197
1.54204
1.54212
1.54213
1.54249
1.54264
1.5429
1.54319
1.54354
1.54402
1.54425
1.5443
1.54434
1.54453
1.54483
1.54494
1.5451
1.54557
1.54601
1.54657
1.54681
1.54694
1.54732
1.54753
1.54758
1.54753
1.54759
1.54768
1.54792
1.5482
1.54843
1.54875
1.54895
1.54907
1.54932
1.54954
1.54968
1.54996
1.55008
1.55019
1.55028
1.55065
1.55071
1.55069
1.55085
1.55096
1.55089
1.55088
1.55092
1.55094
1.5506
1.55037
1.55025
1.54993
1.5498
1.54976
1.54985
1.55004
1.55027
1.55055
1.55056
1.55058
1.5506
1.55063
1.55049
1.55039
1.55032
1.55029
1.55007
1.54966
1.5493
1.54911
1.54896
1.54885
1.5486
1.54833
1.54793
1.54751
1.54689
1.54657
1.54629
1.54598
1.54562
1.54548
1.54529
1.54531
1.54529
1.54536
1.5455
1.54573
1.54588
1.54591
1.54591
1.54585
1.54578
1.54582
1.54604
1.5463
1.54646
1.54631
1.54602
1.5457
1.54542
1.54529
1.54549
1.54543
1.54549
1.54567
1.54576
1.54586
1.54586
1.54602
1.54631
1.54667
1.54695
1.54715
1.54733
1.54733
1.54752
1.54758
1.54768
1.54784
1.54787
1.54784
1.54791
1.5481
1.54825
1.54828
1.54818
1.54812
1.54795
1.54775
1.54774
1.54792
1.54802
1.54821
1.54844
1.54851
1.54856
1.54882
1.5489
1.54887
1.54916
1.54907
1.5489
1.5489
1.54855
1.54831
1.54789
1.54719
1.54639
1.54569
1.5453
1.54537
1.54543
1.54549
1.54557
1.54579
1.54602
1.5462
1.54634
1.54654
1.5467
1.54699
1.54753
1.54794
1.54836
1.54881
1.54949
1.55013
1.55087
1.55183
1.55271
1.55346
1.55406
1.55465
1.55527
1.55573
1.55596
1.55617
1.55636
1.55649
1.55662
1.5567
1.55665
1.5566
1.55661
1.55652
1.55642
1.55623
1.55613
1.55612
1.55605
1.55592
1.5558
1.5558
1.55562
1.55533
1.55519
1.55502
1.55476
1.55473
1.55455
1.55461
1.55464
1.55474
1.55486
1.55493
1.55521
1.5555
1.55576
1.55593
1.55626
1.55646
1.55621
1.55591
1.55582
1.55556
1.55527
1.55486
1.55454
1.55414
1.55384
1.55346
1.553
1.55287
1.55315
1.55329
1.55336
1.55352
1.55364
1.55376
1.55409
1.55422
1.55419
1.55443
1.55456
1.55489
1.55518
1.55537
1.55544
1.55564
1.55589
1.55596
1.55584
1.55589
1.55615
1.55619
1.55632
1.55669
1.55685
1.55702
1.55723
1.55739
1.55749
1.55742
1.55733
1.55706
1.5566
1.55609
1.55566
1.55532
1.55511
1.55452
1.55397
1.55359
1.55332
1.55324
1.55317
1.55292
1.55284
1.55292
1.55308
1.55317
1.55321
1.55325
1.55322
1.55322
1.5531
1.55292
1.55265
1.55229
1.5519
1.55165
1.55132
1.55106
1.55085
1.55073
1.55046
1.55033
1.55025
1.55008
1.55001
1.55
1.54987
1.54968
1.54965
1.54989
1.55017
1.55041
1.55045
1.5505
1.55062
1.55082
1.55112
1.55137
1.55163
1.55185
1.5521
1.55215
1.55221
1.55244
1.55261
1.55241
1.55226
1.55228
1.55231
1.55244
1.55241
1.55214
1.55185
1.55159
1.55154
1.55172
1.55193
1.55218
1.55257
1.55275
1.55258
1.55268
1.55271
1.5528
1.55292
1.55292
1.55308
1.55304
1.55293
1.55286
1.55285
1.5534
1.55364
1.55367
1.55345
1.55325
1.55314
1.55317
1.5531
1.5531
1.55305
1.55279
1.55271
1.55257
1.55228
1.55219
1.55209
1.5519
1.55184
1.55186
1.55218
1.55278
1.55332
1.5539
1.55431
1.55435
1.55455
1.55465
1.55457
1.55436
1.55413
1.5538
1.55336
1.55303
1.55263
1.55227
1.5518
1.55154
1.55124
1.55091
1.5508
1.55064
1.55045
1.55021
1.55012
1.55
1.54985
1.5496
1.54932
1.54888
1.54848
1.54803
1.5476
1.54739
1.54692
1.54674
1.54663
1.54645
1.54624
1.54611
1.54596
1.54591
1.54599
1.54591
1.54559
1.54536
1.5451
1.54452
1.54433
1.54418
1.54443
1.54468
1.545
1.54527
1.54556
1.5455
1.54523
1.54487
1.5445
1.5441
1.54385
1.54298
1.54219
1.54134
1.54064
1.54011
1.53972
1.53919
1.53897
1.53886
1.53863
1.53845
1.53842
1.53837
1.53845
1.53835
1.5382
1.53794
1.53768
1.53747
1.53728
1.53705
1.53695
1.53682
1.5366
1.53602
1.53538
1.5348
1.53425
1.53375
1.53355
1.53352
1.53361
1.53394
1.5343
1.53451
1.53456
1.53474
1.53463
1.53454
1.53453
1.53438
1.53423
1.53399
1.5338
1.53342
1.53315
1.53305
1.53278
1.53246
1.53215
1.53194
1.53182
1.53175
1.53174
1.53183
1.53191
1.53212
1.53242
1.53249
1.53257
1.53262
1.53256
1.53253
1.53248
1.53265
1.533
1.53328
1.53361
1.53405
1.53456
1.53492
1.53525
1.53569
1.53592
1.53601
1.53635
1.5365
1.53655
1.53661
1.53663
1.5366
1.53636
1.53628
1.53621
1.53602
1.5357
1.53524
1.53485
1.53458
1.53464
1.53464
1.5345
1.53456
1.5346
1.53467
1.53463
1.53465
1.5345
1.53436
1.53439
1.53461
1.5349
1.53533
1.53587
1.5363
1.53658
1.53691
1.53718
1.53741
1.53761
1.53772
1.53795
1.53819
1.53837
1.53848
1.5382
1.53794
1.5378
1.53775
1.53765
1.53736
1.53708
1.53683
1.53657
1.53635
1.53624
1.5361
1.53597
1.5361
1.53646
1.5368
1.53714
1.53745
1.53769
1.53807
1.53846
1.53884
1.53911
1.53933
1.53944
1.53949
1.53959
1.53964
1.53993
1.54017
1.54037
1.54067
1.54074
1.54083
1.54116
1.54134
1.5411
1.54083
1.54067
1.54049
1.54034
1.54046
1.54026
1.53994
1.53987
1.54004
1.54003
1.53989
1.54012
1.54064
1.54092
1.54111
1.5416
1.542
1.54239
1.5428
1.54306
1.54343
1.54385
1.54433
1.5448
1.5451
1.5453
1.54547
1.54574
1.54567
1.54542
1.54541
1.54543
1.54556
1.54563
1.54568
1.54589
1.54592
1.54599
1.54605
1.54603
1.54598
1.54624
1.54661
1.54698
1.5471
1.54721
1.54712
1.54694
1.54688
1.54716
1.54747
1.54785
1.54815
1.54832
1.5484
1.54856
1.54856
1.5488
1.54892
1.54906
1.54906
1.54912
1.54898
1.54892
1.54894
1.54871
1.54852
1.54853
1.54831
1.54801
1.54769
1.54771
1.5477
1.54771
1.5478
1.54793
1.54802
1.54789
1.54785
1.54784
1.54789
1.54795
1.54777
1.54755
1.54745
1.54745
1.54705
1.54702
1.54662
1.54632
1.54604
1.54595
1.54552
1.54552
1.5457
1.54595
1.54632
1.54687
1.54729
1.54788
1.54841
1.5491
1.54959
1.55009
1.55046
1.55076
1.55085
1.55086
1.55085
1.55075
1.55077
1.5507
1.55065
1.55061
1.55063
1.55062
1.55055
1.55073
1.55083
1.55086
1.55086
1.55088
1.55088
1.55115
1.55159
1.55186
1.55203
1.55235
1.55259
1.55252
1.55244
1.55251
1.55253
1.55246
1.55242
1.55256
1.55294
1.55338
1.55366
1.55421
1.55481
1.55542
1.5558
1.55609
1.5562
1.55665
1.55693
1.55714
1.55763
1.55806
1.55865
1.55921
1.55974
1.56006
1.56028
1.5606
1.5607
1.56071
1.56067
1.56036
1.56017
1.56
1.55991
1.55972
1.55955
1.55953
1.55958
1.55964
1.55948
1.55933
1.55928
1.55925
1.55926
1.55941
1.5594
1.55927
1.55899
1.55864
1.55808
1.55754
1.5573
1.55726
1.55722
1.55705
1.55693
1.55673
1.55632
1.55582
1.55548
1.55494
1.55461
1.55418
1.55403
1.55387
1.55372
1.55361
1.55366
1.55358
1.55332
1.55322
1.5533
1.55323
1.55309
1.55329
1.55337
1.55365
1.5538
1.5541
1.55445
1.55499
1.55547
1.55605
1.55648
1.55696
1.55708
1.55728
1.55746
1.5575
1.55763
1.55794
1.55833
1.55851
1.55865
1.55882
1.55892
1.5593
1.55957
1.55978
1.55977
1.55981
1.5598
1.55986
1.56003
1.56007
1.56023
1.56041
1.56034
1.56046
1.56045
1.5604
1.56029
1.56027
1.56032
1.56028
1.55991
1.5595
1.55929
1.55908
1.55886
1.55885
1.55904
1.55937
1.55952
1.55942
1.55955
1.55964
1.55964
1.55954
1.55948
1.55953
1.55942
1.55927
1.55917
1.55924
1.5594
1.55902
1.55877
1.55843
1.55789
1.55745
1.557
1.55668
1.55636
1.55603
1.55562
1.55524
1.55512
1.55511
1.5552
1.5553
1.55555
1.55597
1.55617
1.55631
1.55648
1.55653
1.55654
1.55636
1.55628
1.55628
1.55643
1.55646
1.55659
1.55696
1.55716
1.55752
1.55756
1.55772
1.55794
1.55837
1.55846
1.55878
1.55913
1.5595
1.55992
1.56028
1.56068
1.56108
1.56146
1.56179
1.56194
1.56212
1.56209
1.56171
1.56123
1.56094
1.56101
1.56114
1.5612
1.56136
1.56164
1.56188
1.56205
1.56216
1.56238
1.56271
1.56284
1.56292
1.56281
1.563
1.56322
1.56322
1.56281
1.56255
1.56231
1.56196
1.5619
1.56179
1.56199
1.56228
1.56249
1.56295
1.56337
1.56377
1.56406
1.56425
1.5648
1.56569
1.56682
1.56791
1.56894
1.56983
1.57079
1.5716
1.57209
1.5725
1.5726
1.5726
1.57241
1.57247
1.57261
1.57274
1.57329
1.57407
1.57476
1.57536
1.57607
1.57689
1.57762
1.57828
1.57891
1.57964
1.58023
1.58062
1.58084
1.58101
1.58129
1.58162
1.5818
1.58204
1.58239
1.58273
1.58315
1.58359
1.58393
1.58423
1.58436
1.58456
1.58469
1.58483
1.58474
1.5847
1.58488
1.58499
1.58512
1.58504
1.58509
1.5853
1.58521
1.58505
1.58508
1.585
1.58503
1.58494
1.58495
1.58507
1.58531
1.58581
1.58629
1.58656
1.58694
1.58734
1.58766
1.58785
1.58812
1.58823
1.58837
1.58829
1.58853
1.58876
1.58896
1.58915
1.58949
1.58987
1.59031
1.59069
1.59108
1.59153
1.59173
1.5921
1.59252
1.59294
1.5933
1.59378
1.59403
1.59438
1.59486
1.59539
1.59594
1.59646
1.59673
1.59687
1.59706
1.59732
1.59749
1.59756
1.5975
1.59744
1.59722
1.59707
1.59706
1.59719
1.5973
1.59756
1.59787
1.59815
1.59842
1.59857
1.59878
1.5991
1.5993
1.59958
1.5999
1.6001
1.60036
1.60062
1.60074
1.60052
1.59999
1.59942
1.59869
1.59809
1.59782
1.59808
1.59817
1.59839
1.59874
1.59891
1.59868
1.59853
1.59868
1.59853
1.5985
1.59818
1.59791
1.59743
1.59672
1.59583
1.59496
1.59443
1.59427
1.59394
1.594
1.59441
1.59481
1.59513
1.59562
1.59601
1.59637
1.59666
1.59699
1.59744
1.59789
1.59803
1.59827
1.59866
1.59905
1.59938
1.59935
1.59913
1.59868
1.59825
1.5979
1.59747
1.59691
1.59657
1.59637
1.59641
1.59638
1.59634
1.59656
1.5966
1.59651
1.59671
1.59669
1.5967
1.5966
1.59673
1.59688
1.59707
1.59735
1.59769
1.59805
1.59852
1.5991
1.59959
1.59996
1.60015
1.6002
1.60034
1.60047
1.60056
1.60084
1.60109
1.60118
1.60104
1.60072
1.60031
1.59988
1.59972
1.59967
1.59983
1.60033
1.60087
1.60132
1.60161
1.60199
1.60244
1.60268
1.60289
1.60316
1.60338
1.60345
1.6035
1.60354
1.60342
1.60331
1.60342
1.60343
1.60351
1.60356
1.60382
1.60415
1.60423
1.60418
1.60413
1.60404
1.60416
1.60424
1.60409
1.60404
1.60427
1.60459
1.60489
1.60515
1.60548
1.60581
1.60588
1.60588
1.606
1.60625
1.60652
1.60677
1.60718
1.6075
1.60757
1.60761
1.60757
1.60771
1.60791
1.60817
1.60859
1.60915
1.60956
1.6099
1.61025
1.61071
1.61109
1.61154
1.61175
1.6119
1.61206
1.61228
1.61242
1.61248
1.61256
1.61262
1.61271
1.61272
1.61283
1.61291
1.61301
1.61303
1.61298
1.61311
1.61315
1.61309
1.61295
1.61302
1.61307
1.61312
1.61327
1.61361
1.61391
1.61433
1.61454
1.61487
1.61523
1.61565
1.6161
1.61635
1.6166
1.61686
1.61735
1.61779
1.61832
1.61887
1.61944
1.61995
1.62065
1.62101
1.62155
1.62188
1.622
1.62209
1.62188
1.62171
1.62176
1.62196
1.622
1.62209
1.62203
1.62187
1.6218
1.62165
1.62163
1.62171
1.62175
1.62188
1.62198
1.62197
1.62187
1.62223
1.62276
1.62307
1.62316
1.62351
1.62397
1.62429
1.62422
1.62437
1.62471
1.6251
1.62516
1.62511
1.62526
1.62571
1.62609
1.62636
1.62662
1.62695
1.62746
1.62781
1.62829
1.62855
1.62873
1.62883
1.62858
1.62861
1.62872
1.62883
1.62934
1.63003
1.63021
1.63009
1.63016
1.63008
1.63043
1.63086
1.63106
1.63121
1.63173
1.63217
1.63233
1.63232
1.63218
1.63219
1.63209
1.63203
1.63201
1.63168
1.63151
1.63126
1.63114
1.63088
1.63098
1.63119
1.63135
1.63142
1.6313
1.63106
1.63086
1.63075
1.63068
1.63045
1.6303
1.6302
1.63016
1.63008
1.63033
1.63057
1.63098
1.63094
1.63115
1.63148
1.63171
1.63181
1.63197
1.63189
1.63183
1.63173
1.63162
1.63143
1.6313
1.63108
1.63089
1.63089
1.63085
1.63083
1.63106
1.63135
1.63173
1.63219
1.63238
1.63256
1.63271
1.63274
1.63293
1.63325
1.63359
1.63396
1.63433
1.63485
1.63537
1.63588
1.63608
1.63612
1.63622
1.63608
1.63595
1.63605
1.63612
1.63645
1.63713
1.63775
1.63821
1.63833
1.63829
1.63808
1.63785
1.63772
1.63768
1.63769
1.63753
1.63736
1.63738
1.63751
1.63758
1.63755
1.63753
1.63704
1.637
1.63703
1.63687
1.63666
1.63631
1.63598
1.63586
1.63585
1.63564
1.63528
1.6348
1.6344
1.63395
1.63376
1.63388
1.63379
1.63364
1.63332
1.63319
1.63324
1.63319
1.63355
1.63395
1.63413
1.63428
1.63432
1.63438
1.63434
1.63414
1.63402
1.63405
1.63394
1.63371
1.63336
1.63298
1.63254
1.63198
1.63142
1.63085
1.63064
1.63049
1.63067
1.63069
1.6307
1.6307
1.63068
1.63059
1.63073
1.63067
1.63019
1.62941
1.62847
1.62755
1.62703
1.62673
1.62644
1.62612
1.62592
1.62553
1.62538
1.62508
1.62526
1.62542
1.62591
1.62639
1.62688
1.62727
1.62757
1.62788
1.62789
1.6281
1.628
1.62764
1.62783
1.62811
1.62828
1.62839
1.62836
1.62832
1.62841
1.62879
1.62916
1.62965
1.62997
1.63003
1.63015
1.63026
1.63029
1.63015
1.62995
1.62983
1.62988
1.62984
1.62991
1.63007
1.63038
1.63066
1.63104
1.63139
1.63179
1.63209
1.63219
1.63234
1.63232
1.63225
1.63237
1.6323
1.63222
1.63219
1.6323
1.63226
1.63231
1.63232
1.63231
1.63232
1.63235
1.63252
1.63263
1.6327
1.63274
1.63277
1.63276
1.63272
1.63273
1.63304
1.63328
1.63345
1.63331
1.6333
1.63311
1.63295
1.63306
1.63339
1.63385
1.63411
1.63439
1.63458
1.63447
1.63453
1.63478
1.635
1.635
1.63499
1.63517
1.63529
1.63523
1.63534
1.63559
1.63636
1.63693
1.63708
1.63704
1.63719
1.63749
1.63759
1.6379
1.63836
1.63876
1.63886
1.63885
1.63892
1.63891
1.63893
1.63889
1.6388
1.63862
1.63849
1.63857
1.63897
1.63939
1.63961
1.63986
1.64004
1.64025
1.64037
1.6406
1.64084
1.64097
1.64116
1.64132
1.64134
1.64127
1.64132
1.64116
1.6409
1.64063
1.64036
1.64027
1.64009
1.63986
1.63988
1.63995
1.63969
1.63963
1.63981
1.63998
1.64004
1.64017
1.64024
1.6402
1.64006
1.64005
1.64018
1.64022
1.64026
1.64048
1.64081
1.6412
1.64166
1.642
1.64223
1.64243
1.64249
1.64235
1.64204
1.64153
1.64088
1.64029
1.63968
1.6394
1.63943
1.6395
1.63941
1.63937
1.63946
1.63983
1.6402
1.64051
1.64069
1.64097
1.64119
1.64147
1.64173
1.64207
1.64254
1.64278
1.6432
1.64367
1.64409
1.64441
1.64478
1.64523
1.64563
1.64593
1.64619
1.64653
1.64691
1.64716
1.64752
1.64812
1.64894
1.6498
1.65065
1.65125
1.65203
1.65281
1.65362
1.65463
1.65567
1.65614
1.65634
1.65629
1.65645
1.65676
1.65695
1.65744
1.65766
1.6576
1.65749
1.65729
1.65717
1.65711
1.65692
1.65624
1.65552
1.65483
1.65385
1.65292
1.65234
1.65195
1.65159
1.65145
1.65142
1.65138
1.65129
1.65107
1.65098
1.65073
1.65039
1.64989
1.64949
1.64883
1.64818
1.64781
1.64764
1.64746
1.64702
1.6471
1.64705
1.64715
1.64734
1.64769
1.64803
1.64845
1.64897
1.64937
1.6496
1.6499
1.65004
1.65028
1.65048
1.6505
1.65032
1.65045
1.65063
1.65083
1.65079
1.6506
1.65033
1.64984
1.64938
1.64914
1.64904
1.64912
1.64903
1.64882
1.64867
1.64897
1.64891
1.64917
1.64901
1.64907
1.64885
1.64869
1.64844
1.64808
1.64763
1.64721
1.64687
1.64658
1.6463
1.64597
1.64577
1.64577
1.646
1.64601
1.64625
1.64654
1.6466
1.64682
1.64696
1.64685
1.64668
1.64642
1.64638
1.64632
1.64629
1.64631
1.6462
1.64586
1.64553
1.64505
1.64468
1.64428
1.64416
1.64422
1.64422
1.64433
1.6445
1.64461
1.64457
1.64457
1.64468
1.64501
1.64536
1.64587
1.6465
1.64697
1.64735
1.64758
1.64794
1.648
1.64804
1.64752
1.64671
1.64585
1.64503
1.64432
1.64314
1.64218
1.64153
1.64114
1.64079
1.64083
1.64119
1.64136
1.64168
1.64181
1.64146
1.64085
1.64009
1.63951
1.63902
1.63934
1.63983
1.64058
1.64111
1.64154
1.64193
1.64224
1.64237
1.64246
1.64246
1.64237
1.64204
1.64174
1.64142
1.64109
1.64085
1.64066
1.64051
1.64021
1.63967
1.63927
1.63912
1.63899
1.63891
1.63885
1.63857
1.63818
1.63805
1.63807
1.63814
1.63823
1.6381
1.63791
1.63775
1.63746
1.6372
1.63691
1.6366
1.63629
1.63598
1.63585
1.63581
1.63577
1.63569
1.63546
1.63521
1.63493
1.63481
1.63503
1.63505
1.63506
1.63518
1.63541
1.63553
1.63572
1.63587
1.63579
1.63584
1.63577
1.63561
1.6356
1.63592
1.63629
1.63648
1.63695
1.6374
1.63787
1.63805
1.63814
1.63821
1.63803
1.63812
1.63821
1.6384
1.63869
1.63917
1.63957
1.63991
1.64019
1.64032
1.64059
1.64076
1.6409
1.64106
1.64112
1.64129
1.64148
1.64148
1.64149
1.64147
1.64144
1.64146
1.64153
1.64161
1.64165
1.64159
1.64157
1.64171
1.64181
1.64193
1.64167
1.64133
1.64104
1.64077
1.64048
1.64018
1.63996
1.6398
1.63972
1.63958
1.63941
1.63932
1.63918
1.63893
1.63874
1.6384
1.63826
1.63828
1.63809
1.6381
1.63812
1.63808
1.63802
1.63791
1.63791
1.63784
1.63778
1.63764
1.63755
1.63745
1.63709
1.63667
1.63645
1.63616
1.63609
1.63636
1.63682
1.6373
1.6377
1.63814
1.63853
1.63876
1.63896
1.6391
1.63912
1.63906
1.63893
1.63872
1.63862
1.63855
1.63845
1.63856
1.63878
1.6387
1.63867
1.63878
1.63863
1.63865
1.63899
1.63911
1.63889
1.63852
1.63819
1.63801
1.63805
1.63819
1.6383
1.6385
1.63855
1.63853
1.63862
1.63852
1.6385
1.63833
1.63802
1.63755
1.63695
1.6363
1.63588
1.63566
1.63542
1.63531
1.63525
1.63532
1.63518
1.63523
1.63523
1.63509
1.63512
1.63482
1.63467
1.63495
1.63509
1.6354
1.6357
1.63617
1.63623
1.63615
1.6363
1.63658
1.63654
1.63676
1.63702
1.63719
1.63738
1.63754
1.6377
1.63823
1.63891
1.63955
1.63967
1.63943
1.63927
1.6391
1.63888
1.63861
1.63839
1.6381
1.63782
1.63763
1.63724
1.63693
1.63683
1.63687
1.63704
1.63706
1.6372
1.63749
1.63753
1.63737
1.63701
1.63701
1.63705
1.63699
1.63695
1.63669
1.63652
1.63636
1.63652
1.63666
1.63691
1.637
1.63711
1.63709
1.63713
1.63724
1.6373
1.63749
1.63774
1.63765
1.63697
1.6364
1.63594
1.63552
1.63528
1.6354
1.63552
1.63563
1.6359
1.63607
1.63625
1.63666
1.63721
1.63756
1.63811
1.63848
1.63865
1.63873
1.63873
1.63873
1.63895
1.63899
1.63896
1.63893
1.63879
1.63855
1.63839
1.63824
1.638
1.63778
1.63771
1.63782
1.63759
1.63742
1.63746
1.63753
1.63742
1.63723
1.6371
1.63701
1.63696
1.63685
1.63666
1.63668
1.63663
1.63671
1.63663
1.63634
1.63646
1.63655
1.63653
1.63646
1.63629
1.63621
1.63623
1.63613
1.63616
1.63623
1.6364
1.6367
1.63698
1.63704
1.63723
1.63711
1.63721
1.6373
1.63754
1.63755
1.63753
1.63745
1.63725
1.63706
1.63679
1.63668
1.63646
1.63625
1.63623
1.63617
1.63611
1.63607
1.63638
1.63681
1.63738
1.63785
1.63814
1.63801
1.63778
1.63744
1.63713
1.63714
1.63754
1.63787
1.63841
1.63874
1.63887
1.63851
1.63802
1.63741
1.63698
1.6366
1.63625
1.63592
1.63571
1.63552
1.63535
1.63547
1.63597
1.63639
1.63647
1.63664
1.63679
1.63719
1.63728
1.63738
1.6376
1.63792
1.63788
1.63783
1.63784
1.63799
1.63828
1.63857
1.63876
1.63864
1.63867
1.6386
1.63881
1.63914
1.63934
1.63958
1.63943
1.63947
1.63966
1.64013
1.64056
1.64072
1.64072
1.64078
1.64086
1.64123
1.64142
1.64164
1.64196
1.64205
1.64207
1.64218
1.64251
1.64293
1.64337
1.6436
1.64404
1.6445
1.64485
1.64519
1.64553
1.64583
1.64623
1.64689
1.6474
1.64772
1.648
1.6484
1.64879
1.64931
1.64976
1.65008
1.65024
1.65022
1.65014
1.65005
1.65001
1.65015
1.65011
1.64987
1.64977
1.6502
1.65066
1.65084
1.65095
1.65118
1.65133
1.65139
1.65151
1.65173
1.65196
1.65238
1.65274
1.65302
1.65311
1.65322
1.65339
1.65349
1.65353
1.65383
1.65425
1.65472
1.65509
1.65547
1.65571
1.65589
1.65628
1.65663
1.65696
1.65733
1.65773
1.65792
1.65811
1.65826
1.65865
1.65893
1.65923
1.65946
1.65981
1.66041
1.6612
1.66199
1.6627
1.66333
1.66383
1.66403
1.66408
1.6645
1.66498
1.66564
1.66623
1.6669
1.66764
1.66848
1.66914
1.66979
1.67041
1.67103
1.67166
1.6723
1.67293
1.67331
1.67344
1.67343
1.67347
1.67358
1.67371
1.67389
1.67412
1.67424
1.6745
1.67458
1.67461
1.67438
1.6741
1.67385
1.67368
1.67349
1.67332
1.67315
1.67286
1.67264
1.67243
1.67225
1.67186
1.67141
1.67094
1.67061
1.67044
1.67032
1.67028
1.67039
1.67031
1.67032
1.67034
1.67029
1.67031
1.6702
1.6701
1.66992
1.66971
1.66966
1.66958
1.66955
1.6693
1.66922
1.66917
1.66921
1.66895
1.66849
1.66788
1.66707
1.6664
1.66573
1.66545
1.6652
1.66491
1.66457
1.66416
1.66368
1.66325
1.66272
1.66234
1.66204
1.66161
1.66128
1.66115
1.66081
1.66089
1.6609
1.66083
1.66076
1.66054
1.66062
1.66074
1.66061
1.66055
1.66084
1.66119
1.66149
1.66174
1.66213
1.66237
1.66269
1.66301
1.66324
1.6633
1.66337
1.66326
1.66326
1.66339
1.66374
1.66395
1.66403
1.66435
1.66485
1.66505
1.66523
1.66548
1.66545
1.66554
1.66558
1.66541
1.66559
1.66579
1.66569
1.66532
1.66498
1.66482
1.66463
1.66463
1.66474
1.66492
1.66521
1.66526
1.66518
1.66509
1.66492
1.66462
1.66428
1.66407
1.66387
1.66396
1.66415
1.66432
1.66427
1.66423
1.66436
1.66441
1.66452
1.66495
1.6651
1.6654
1.66563
1.66573
1.66595
1.66637
1.66683
1.6672
1.66743
1.66753
1.66763
1.66773
1.668
1.66804
1.66794
1.66793
1.66761
1.66747
1.66734
1.66719
1.66703
1.66702
1.66686
1.66657
1.66622
1.66575
1.6651
1.66448
1.66396
1.66343
1.66313
1.66274
1.66254
1.66258
1.66285
1.66305
1.66325
1.66323
1.66316
1.66315
1.6633
1.66322
1.66328
1.66341
1.66342
1.66352
1.66347
1.66345
1.66331
1.66296
1.66271
1.66259
1.66249
1.66278
1.66333
1.66369
1.66376
1.664
1.66409
1.66397
1.6638
1.66375
1.66371
1.6638
1.66405
1.66426
1.66433
1.66435
1.66452
1.66461
1.66467
1.66479
1.66475
1.66487
1.66478
1.66472
1.66456
1.66457
1.66479
1.66492
1.66523
1.66551
1.66566
1.66588
1.66606
1.66617
1.66635
1.66616
1.66591
1.66558
1.66516
1.66496
1.66507
1.66543
1.66587
1.66625
1.66698
1.66761
1.66818
1.66866
1.66892
1.66929
1.66966
1.66997
1.6706
1.67083
1.67102
1.67113
1.6715
1.67178
1.67232
1.67292
1.67338
1.67362
1.67411
1.67433
1.67483
1.6751
1.67541
1.67591
1.67657
1.67724
1.67797
1.67851
1.67903
1.67949
1.67981
1.68014
1.68033
1.6807
1.68106
1.6812
1.68176
1.68252
1.68315
1.68382
1.68438
1.68508
1.68566
1.68605
1.68625
1.68626
1.68616
1.68621
1.68627
1.68613
1.68577
1.68538
1.68539
1.68529
1.68512
1.68486
1.68489
1.68504
1.68527
1.68546
1.68553
1.68572
1.68588
1.68611
1.68647
1.68691
1.68744
1.68815
1.68855
1.6889
1.68929
1.68966
1.68995
1.69052
1.69135
1.69222
1.69282
1.69335
1.69381
1.69452
1.69492
1.69525
1.69555
1.69561
1.6959
1.69624
1.69678
1.69712
1.69739
1.69753
1.6977
1.69784
1.69824
1.69868
1.699
1.69921
1.69943
1.69968
1.69983
1.69981
1.69965
1.69955
1.69969
1.69989
1.70001
1.7001
1.70022
1.70034
1.70053
1.70068
1.70079
1.70088
1.70089
1.70076
1.7008
1.70096
1.701
1.70103
1.70124
1.70157
1.7017
1.70184
1.70208
1.70222
1.7024
1.70239
1.70245
1.70258
1.7028
1.70298
1.70302
1.70326
1.70354
1.70408
1.70444
1.70487
1.70509
1.70535
1.70561
1.7058
1.70599
1.70615
1.7062
1.70601
1.70576
1.70558
1.70522
1.70496
1.70473
1.70465
1.70457
1.70463
1.70482
1.70489
1.70471
1.70458
1.70456
1.70443
1.70433
1.70419
1.70402
1.70392
1.70373
1.70372
1.70359
1.70355
1.7034
1.70344
1.70345
1.70351
1.70368
1.70393
1.70393
1.70372
1.70354
1.70359
1.70388
1.70407
1.70421
1.70433
1.70443
1.70453
1.70469
1.70483
1.70492
1.70488
1.70485
1.70526
1.70559
1.7061
1.70641
1.70669
1.70716
1.70779
1.70816
1.70849
1.70871
1.70886
1.70882
1.70866
1.70847
1.7084
1.70856
1.70879
1.70893
1.7091
1.70954
1.70974
1.70992
1.71012
1.71039
1.71049
1.71061
1.71093
1.71116
1.71133
1.71142
1.71134
1.71121
1.71115
1.71136
1.71127
1.71131
1.71168
1.71195
1.71188
1.71204
1.71206
1.71209
1.71214
1.71232
1.71256
1.7127
1.71294
1.71302
1.71316
1.7133
1.71351
1.71369
1.71384
1.71398
1.7142
1.71481
1.71531
1.71569
1.71616
1.71645
1.71685
1.71714
1.71736
1.71762
1.71809
1.71836
1.71872
1.71911
1.71942
1.71952
1.71968
1.71981
1.71987
1.72017
1.72054
1.72102
1.72142
1.72173
1.72204
1.72241
1.7228
1.7234
1.7237
1.72411
1.72444
1.72473
1.72521
1.72565
1.72622
1.72688
1.72733
1.72758
1.72792
1.72843
1.72891
1.72922
1.7295
1.72977
1.73007
1.73035
1.7306
1.73103
1.73147
1.73165
1.73191
1.7322
1.73236
1.7323
1.73238
1.73231
1.73203
1.73167
1.73141
1.73126
1.73154
1.73189
1.73203
1.73218
1.73246
1.7326
1.73251
1.73263
1.73292
1.73308
1.73334
1.73369
1.73407
1.73443
1.73476
1.73482
1.735
1.73535
1.73565
1.73568
1.73568
1.73578
1.73599
1.73638
1.73673
1.73706
1.7373
1.73781
1.73795
1.73797
1.73808
1.73813
1.73828
1.73857
1.73882
1.73915
1.73954
1.73998
1.74045
1.74049
1.74081
1.74137
1.74193
1.74257
1.74327
1.74385
1.74432
1.74464
1.74507
1.74552
1.74579
1.74626
1.74644
1.7466
1.74675
1.74662
1.7465
1.74629
1.74594
1.74581
1.74563
1.74554
1.74549
1.74597
1.74612
1.74596
1.74611
1.74601
1.74603
1.74635
1.74674
1.74707
1.74736
1.74751
1.74778
1.74792
1.748
1.74812
1.74809
1.74811
1.74811
1.74801
1.74772
1.74764
1.74759
1.74758
1.74743
1.74755
1.74768
1.74766
1.74755
1.74754
1.74764
1.74789
1.7481
1.748
1.74801
1.74832
1.74838
1.74796
1.7478
1.74786
1.74784
1.74761
1.74716
1.74689
1.74659
1.7463
1.74608
1.74595
1.74568
1.74539
1.74513
1.74517
1.74544
1.74571
1.74607
1.7466
1.74692
1.74705
1.74674
1.74635
1.74585
1.7454
1.74499
1.74501
1.74522
1.74562
1.74571
1.74586
1.746
1.74595
1.74595
1.74615
1.74645
1.74675
1.747
1.74735
1.74796
1.74854
1.7488
1.74907
1.74948
1.74998
1.75038
1.7507
1.75105
1.75139
1.75196
1.75256
1.75323
1.75369
1.75423
1.75485
1.75549
1.75608
1.75653
1.75699
1.75727
1.75772
1.75813
1.75864
1.75909
1.7592
1.75951
1.75984
1.7602
1.76058
1.76088
1.76102
1.76095
1.76085
1.76121
1.76156
1.76181
1.7618
1.76182
1.76192
1.76205
1.7622
1.76253
1.76301
1.76346
1.76375
1.76368
1.76379
1.76359
1.76323
1.76301
1.76279
1.76221
1.7616
1.76093
1.76052
1.7603
1.76048
1.76052
1.7603
1.76005
1.75977
1.75941
1.75915
1.75857
1.75816
1.75796
1.75791
1.75801
1.75801
1.75781
1.75744
1.75713
1.75692
1.75683
1.75666
1.75638
1.75634
1.75634
1.756
1.75564
1.75529
1.75483
1.75446
1.75425
1.75403
1.75394
1.7537
1.75332
1.75318
1.75301
1.75297
1.75314
1.7533
1.75332
1.75342
1.75363
1.75388
1.75403
1.7539
1.75409
1.75406
1.75396
1.75355
1.75306
1.75258
1.75218
1.75175
1.75168
1.75181
1.75143
1.75147
1.75156
1.75155
1.75169
1.75176
1.75161
1.7517
1.75183
1.75193
1.75199
1.75202
1.75194
1.75187
1.75171
1.75161
1.75168
1.75179
1.752
1.75232
1.75241
1.75245
1.75233
1.75215
1.75201
1.7519
1.7517
1.75144
1.75124
1.75087
1.75048
1.75015
1.75032
1.75053
1.75068
1.75076
1.75089
1.75109
1.75143
1.75176
1.75203
1.7522
1.75206
1.75172
1.75131
1.75116
1.75098
1.75093
1.75101
1.75112
1.7514
1.75181
1.75237
1.75287
1.75321
1.75351
1.75397
1.75434
1.75454
1.75491
1.75532
1.75583
1.75646
1.75698
1.75763
1.75802
1.75795
1.75749
1.75715
1.75705
1.75672
1.75659
1.75661
1.75641
1.75633
1.75629
1.75599
1.75553
1.75522
1.75496
1.75483
1.75482
1.75441
1.75399
1.75356
1.75305
1.75267
1.75245
1.75219
1.7521
1.7519
1.75172
1.75165
1.75169
1.75172
1.75148
1.75134
1.75136
1.75127
1.75153
1.75226
1.75273
1.75316
1.75346
1.75364
1.75351
1.75345
1.75332
1.75338
1.75326
1.75314
1.75329
1.75334
1.75347
1.7537
1.75357
1.75325
1.75315
1.7534
1.75349
1.75352
1.75346
1.75353
1.75369
1.75376
1.75372
1.75395
1.75436
1.75474
1.75507
1.75535
1.75563
1.75588
1.7558
1.75583
1.75575
1.75558
1.75529
1.7552
1.75509
1.7551
1.7553
1.75547
1.75571
1.75614
1.7565
1.75656
1.75653
1.75641
1.75616
1.75602
1.75583
1.7559
1.75589
1.75589
1.7562
1.75635
1.75675
1.75691
1.75724
1.75767
1.75786
1.75801
1.75812
1.75809
1.75803
1.75834
1.75858
1.75868
1.75884
1.75921
1.75974
1.7603
1.76086
1.76144
1.76177
1.76194
1.76194
1.76175
1.76141
1.76113
1.76088
1.76056
1.76037
1.75991
1.75974
1.75971
1.7597
1.7596
1.75984
1.75971
1.75951
1.75939
1.75895
1.75839
1.75801
1.75766
1.7574
1.75714
1.75659
1.75615
1.75544
1.7548
1.75433
1.75404
1.75416
1.75448
1.75511
1.75582
1.7565
1.75726
1.75799
1.75845
1.75894
1.75916
1.75926
1.7591
1.75902
1.75908
1.75933
1.75964
1.75996
1.76003
1.75991
1.76001
1.76014
1.75976
1.75953
1.75926
1.75914
1.75876
1.75831
1.75814
1.75792
1.75782
1.75779
1.75773
1.75735
1.75714
1.75709
1.75714
1.75733
1.75728
1.75724
1.75729
1.75753
1.75789
1.75855
1.75894
1.75943
1.76001
1.7605
1.76081
1.76113
1.76165
1.76197
1.76213
1.76207
1.76208
1.76215
1.76202
1.76192
1.76173
1.76172
1.76171
1.76181
1.76193
1.76196
1.7621
1.76222
1.76242
1.76225
1.7619
1.76183
1.76188
1.76205
1.76184
1.76194
1.7621
1.76263
1.76296
1.76302
1.76294
1.76288
1.76297
1.76327
1.76355
1.76399
1.76446
1.76468
1.76497
1.76532
1.76555
1.76596
1.76627
1.76658
1.76686
1.76719
1.76753
1.7675
1.76736
1.76734
1.76727
1.76725
1.76736
1.76724
1.7671
1.76724
1.7675
1.76774
1.76763
1.76743
1.76746
1.76726
1.76723
1.76719
1.76768
1.76832
1.76912
1.76978
1.7706
1.7712
1.7717
1.77183
1.77178
1.77167
1.77157
1.77156
1.77152
1.77147
1.77179
1.77193
1.77214
1.77229
1.77243
1.77271
1.77284
1.77326
1.77325
1.77337
1.77334
1.77318
1.77314
1.7728
1.77243
1.77218
1.77161
1.77115
1.77077
1.77043
1.76985
1.7693
1.76884
1.76854
1.76838
1.76798
1.76751
1.76714
1.7668
1.76641
1.76544
1.76448
1.76352
1.76259
1.7621
1.7615
1.76122
1.7611
1.76122
1.76117
1.76096
1.76058
1.76019
1.7597
1.75867
1.75762
1.75659
1.75563
1.75501
1.75471
1.75444
1.75415
1.75387
1.75346
1.75324
1.75303
1.75275
1.75244
1.75221
1.75172
1.75132
1.75104
1.75067
1.75027
1.75021
1.75032
1.75053
1.75069
1.7509
1.75081
1.75089
1.75112
1.75103
1.75077
1.75085
1.75114
1.7513
1.75172
1.75217
1.75252
1.75281
1.75309
1.75309
1.75311
1.75329
1.75332
1.75333
1.75306
1.7527
1.75259
1.75256
1.75262
1.7525
1.75251
1.75259
1.75263
1.7528
1.75294
1.75325
1.75348
1.75376
1.75399
1.75434
1.7548
1.75521
1.75572
1.75579
1.75533
1.75488
1.7542
1.75327
1.75244
1.75147
1.7507
1.75014
1.74985
1.74983
1.74953
1.74941
1.74965
1.74964
1.74991
1.75023
1.75039
1.75072
1.75102
1.75126
1.75143
1.75185
1.75231
1.75296
1.75343
1.75374
1.75402
1.75407
1.75434
1.75439
1.75442
1.75447
1.75473
1.75541
1.7561
1.75682
1.75765
1.75835
1.759
1.75948
1.76002
1.76032
1.7605
1.76075
1.76103
1.7612
1.76125
1.7614
1.7615
1.76136
1.76153
1.76179
1.76181
1.76186
1.76171
1.76158
1.76181
1.76164
1.76167
1.76189
1.76196
1.76201
1.76235
1.76245
1.76255
1.76271
1.7627
1.76286
1.7629
1.76297
1.76295
1.76282
1.76238
1.76195
1.7616
1.76126
1.76097
1.76062
1.76033
1.76007
1.76033
1.76042
1.76048
1.7607
1.76088
1.76119
1.76125
1.76098
1.7608
1.76076
1.76079
1.76104
1.7612
1.76133
1.76132
1.76121
1.76111
1.76091
1.76064
1.76043
1.76037
1.76062
1.76086
1.76095
1.76119
1.76123
1.76124
1.76135
1.76161
1.76165
1.7617
1.7618
1.76206
1.7623
1.76252
1.763
1.7634
1.76359
1.76398
1.76446
1.76502
1.7659
1.76712
1.7681
1.76902
1.76977
1.77021
1.77063
1.77119
1.7719
1.77265
1.77347
1.77437
1.77512
1.77577
1.77639
1.77697
1.77751
1.77795
1.77837
1.7788
1.77922
1.77957
1.77992
1.78034
1.78023
1.78008
1.77982
1.77958
1.77952
1.77953
1.77965
1.77999
1.78015
1.78025
1.78037
1.78049
1.78073
1.78106
1.78107
1.78121
1.78145
1.78191
1.78254
1.78327
1.78379
1.78404
1.78435
1.78477
1.785
1.7853
1.78554
1.78572
1.786
1.78626
1.78659
1.78706
1.78739
1.78752
1.78767
1.7879
1.78773
1.7877
1.78792
1.78813
1.78825
1.78835
1.78846
1.78856
1.78856
1.7886
1.78864
1.78856
1.78824
1.78797
1.78817
1.78825
1.78844
1.78853
1.78859
1.78849
1.78853
1.78849
1.78804
1.78767
1.78741
1.78721
1.78719
1.7871
1.78718
1.78717
1.78715
1.78727
1.78698
1.78669
1.78666
1.7865
1.78631
1.78622
1.78621
1.7861
1.78615
1.78611
1.78606
1.78599
1.78562
1.78523
1.78476
1.78454
1.78443
1.78449
1.7846
1.78503
1.7853
1.7857
1.7861
1.78649
1.78681
1.78696
1.78723
1.78747
1.78781
1.78819
1.78853
1.78882
1.78884
1.78871
1.7884
1.78834
1.78826
1.78815
1.78803
1.78774
1.7873
1.78699
1.78683
1.78667
1.78665
1.7867
1.78666
1.78654
1.78668
1.78667
1.78677
1.78695
1.78716
1.78741
1.78756
1.78755
1.7875
1.78748
1.78747
1.78752
1.78766
1.78794
1.7882
1.78841
1.78871
1.78905
1.78914
1.78921
1.78925
1.78929
1.78929
1.78944
1.78976
1.78995
1.79016
1.79031
1.7903
1.79022
1.79014
1.79012
1.79
1.79001
1.78991
1.78967
1.78964
1.78957
1.78949
1.78941
1.78921
1.7888
1.7886
1.78836
1.7883
1.78841
1.78883
1.78922
1.78927
1.7892
1.7891
1.78936
1.7898
1.79024
1.79067
1.79109
1.79117
1.79033
1.7888
1.78763
1.78728
1.7877
1.7885
1.78915
1.78985
1.79021
1.79022
1.79049
1.79071
1.79101
1.79129
1.79145
1.79167
1.79157
1.79145
1.79137
1.79146
1.79168
1.79169
1.79156
1.79146
1.79151
1.79203
1.79287
1.79361
1.79382
1.79388
1.79413
1.79437
1.79463
1.79478
1.79479
1.79506
1.79543
1.79579
1.79577
1.79593
1.7962
1.79665
1.79673
1.7968
1.79712
1.79731
1.79728
1.79697
1.79688
1.79709
1.79733
1.79763
1.79791
1.79797
1.79829
1.79848
1.79852
1.79877
1.79909
1.79904
1.79902
1.79905
1.79903
1.79899
1.79898
1.79933
1.79974
1.80003
1.80019
1.79992
1.79968
1.79967
1.79982
1.80029
1.80069
1.80117
1.80159
1.80203
1.80222
1.80228
1.80247
1.80262
1.80279
1.80317
1.80354
1.80412
1.80479
1.80503
1.80503
1.80506
1.80532
1.80567
1.80588
1.80617
1.80643
1.80673
1.80683
1.80697
1.80712
1.80716
1.80716
1.80687
1.80634
1.80603
1.80584
1.80565
1.80557
1.80559
1.80555
1.80547
1.80546
1.80555
1.80544
1.80547
1.80572
1.80602
1.80633
1.80661
1.80671
1.80672
1.8068
1.80683
1.80675
1.8065
1.80611
1.80601
1.80625
1.80639
1.80645
1.80633
1.80639
1.80655
1.80669
1.80685
1.80688
1.80675
1.80681
1.80695
1.80681
1.80633
1.80561
1.80497
1.80447
1.80385
1.80309
1.80241
1.80178
1.80123
1.80093
1.80086
1.80094
1.80096
1.80094
1.80101
1.80095
1.80057
1.80025
1.80025
1.79999
1.79974
1.79962
1.79949
1.79949
1.79942
1.79947
1.79942
1.79951
1.79974
1.79982
1.80007
1.8002
1.80036
1.80041
1.8004
1.80052
1.80092
1.80141
1.80181
1.80186
1.80192
1.8021
1.80201
1.802
1.80212
1.80235
1.80243
1.8027
1.80282
1.80289
1.80289
1.80289
1.80268
1.80239
1.80205
1.80174
1.80162
1.80147
1.80133
1.80093
1.80048
1.80001
1.79975
1.79954
1.79926
1.79887
1.79861
1.7987
1.79881
1.79896
1.79932
1.79967
1.79979
1.79987
1.80008
1.80014
1.80003
1.79955
1.79927
1.79897
1.79879
1.79889
1.79876
1.79852
1.79812
1.79797
1.79812
1.79802
1.79807
1.79825
1.79821
1.79809
1.79792
1.79781
1.79788
1.79773
1.7977
1.79784
1.798
1.7983
1.79863
1.79902
1.79936
1.7999
1.80043
1.80082
1.80121
1.80143
1.8014
1.80114
1.80032
1.79939
1.79864
1.79795
1.79753
1.79728
1.79699
1.79657
1.79624
1.79596
1.79596
1.79596
1.79612
1.79602
1.79629
1.79658
1.79692
1.79686
1.79682
1.79694
1.7971
1.79743
1.79807
1.79849
1.79858
1.79834
1.79811
1.79775
1.79749
1.79726
1.797
1.79688
1.79654
1.79628
1.79589
1.7953
1.79483
1.7944
1.794
1.79334
1.79256
1.792
1.79169
1.79148
1.79105
1.79068
1.79029
1.78982
1.78927
1.78875
1.78846
1.78814
1.7879
1.78771
1.78758
1.78713
1.78671
1.78646
1.78608
1.78575
1.78538
1.78495
1.78475
1.78464
1.78447
1.78438
1.78432
1.78412
1.78396
1.78372
1.78352
1.78329
1.78306
1.78268
1.78262
1.78215
1.78152
1.7811
1.78059
1.78055
1.78059
1.78063
1.78064
1.78045
1.78033
1.78027
1.78028
1.78013
1.78003
1.77954
1.77921
1.779
1.7789
1.77874
1.77838
1.77804
1.77824
1.77847
1.7786
1.77867
1.77913
1.77965
1.7802
1.78062
1.78099
1.78158
1.78217
1.78256
1.78272
1.78305
1.78335
1.78375
1.78398
1.78412
1.78409
1.7841
1.78408
1.7843
1.78448
1.78444
1.78451
1.78461
1.78459
1.78468
1.78475
1.78488
1.78463
1.7843
1.78419
1.78407
1.78411
1.78381
1.78367
1.78317
1.78281
1.78257
1.78264
1.78294
1.78349
1.78413
1.78481
1.78561
1.78647
1.78728
1.78793
1.78836
1.78867
1.78854
1.78872
1.78901
1.78902
1.78932
1.78956
1.78959
1.78975
1.79005
1.79034
1.79029
1.79006
1.78979
1.78935
1.78915
1.78904
1.78917
1.78942
1.78967
1.78993
1.7903
1.7907
1.79114
1.79155
1.7919
1.79243
1.79296
1.79352
1.794
1.79465
1.79508
1.79554
1.79608
1.7966
1.79705
1.79734
1.79744
1.79756
1.79751
1.79746
1.79752
1.79745
1.79741
1.79742
1.79752
1.79758
1.79769
1.7977
1.79764
1.7976
1.79753
1.79771
1.79804
1.79842
1.79882
1.79943
1.80011
1.80086
1.80175
1.80254
1.8031
1.80343
1.8034
1.80321
1.80298
1.80315
1.80353
1.80379
1.80406
1.80431
1.80454
1.80478
1.80499
1.80519
1.80535
1.8055
1.80559
1.80594
1.80643
1.80679
1.80729
1.80784
1.80846
1.80901
1.80971
1.81052
1.81137
1.81209
1.81274
1.81291
1.81296
1.81271
1.81242
1.81212
1.81212
1.81209
1.81198
1.812
1.81203
1.81224
1.81236
1.81239
1.81242
1.8125
1.81233
1.81206
1.81196
1.8122
1.81251
1.81254
1.81272
1.81284
1.81265
1.81231
1.81189
1.81193
1.81227
1.81273
1.81305
1.81364
1.81434
1.81501
1.81563
1.81601
1.81651
1.81689
1.81738
1.81786
1.81826
1.81885
1.81969
1.82026
1.82063
1.82093
1.82112
1.82125
1.82146
1.82167
1.82186
1.82224
1.82255
1.82256
1.82267
1.82303
1.82329
1.8237
1.8243
1.82463
1.82483
1.82478
1.82472
1.82487
1.82502
1.82538
1.82588
1.82589
1.82602
1.82594
1.82597
1.82595
1.82554
1.82478
1.82443
1.82404
1.82366
1.8234
1.82309
1.82282
1.82262
1.82242
1.82238
1.82239
1.82248
1.8228
1.82288
1.8229
1.82296
1.82309
1.8232
1.82328
1.82319
1.82296
1.82293
1.82323
1.82325
1.8232
1.82312
1.82312
1.82297
1.8227
1.82234
1.82189
1.82163
1.82133
1.82103
1.8208
1.82051
1.82048
1.82067
1.82075
1.82098
1.82119
1.82138
1.82138
1.82134
1.82128
1.8211
1.82081
1.82087
1.82077
1.82072
1.82041
1.82032
1.82024
1.8203
1.82036
1.82037
1.8205
1.82076
1.82113
1.82135
1.82184
1.82218
1.82234
1.82267
1.82294
1.82323
1.82347
1.82352
1.82358
1.82354
1.82314
1.82264
1.82219
1.82177
1.82166
1.82162
1.82169
1.82178
1.82181
1.82203
1.82252
1.82286
1.82305
1.82302
1.82297
1.82322
1.8237
1.82376
1.82387
1.82412
1.8243
1.82489
1.82538
1.82541
1.8257
1.82616
1.82639
1.82684
1.82719
1.82744
1.82739
1.82705
1.82665
1.82601
1.82526
1.82468
1.82429
1.82405
1.82375
1.82371
1.82391
1.82398
1.82381
1.82383
1.82404
1.82445
1.82494
1.82529
1.82576
1.82614
1.82654
1.82694
1.82729
1.82771
1.82792
1.82811
1.82857
1.82886
1.829
1.82917
1.82941
1.82961
1.83014
1.83063
1.83121
1.83159
1.83196
1.83238
1.83273
1.8331
1.8334
1.83368
1.83405
1.83407
1.83416
1.83418
1.8341
1.83422
1.83437
1.83439
1.83441
1.83439
1.83447
1.8346
1.83468
1.83464
1.83474
1.83487
1.83491
1.83509
1.83526
1.83553
1.83585
1.83623
1.83654
1.83666
1.83662
1.83647
1.83655
1.83652
1.83623
1.83591
1.83563
1.83543
1.83542
1.83551
1.83583
1.83632
1.8367
1.83706
1.83721
1.83721
1.8371
1.83697
1.83699
1.83753
1.83812
1.83848
1.83863
1.83858
1.83866
1.8384
1.83772
1.83708
1.83648
1.83613
1.8361
1.83631
1.83661
1.83712
1.83762
1.83811
1.83845
1.83863
1.83908
1.83945
1.8401
1.84086
1.84113
1.84154
1.84169
1.84161
1.84156
1.84126
1.84152
1.84181
1.84225
1.84287
1.8436
1.84447
1.84526
1.84615
1.84684
1.84751
1.84805
1.84853
1.84918
1.84981
1.85042
1.85109
1.85186
1.85232
1.85283
1.853
1.8532
1.85325
1.8533
1.85325
1.85311
1.85292
1.85264
1.85228
1.85203
1.85172
1.85132
1.85091
1.8503
1.84964
1.84908
1.84895
1.84883
1.84854
1.84831
1.84822
1.8484
1.84859
1.84874
1.84886
1.84897
1.84885
1.84863
1.84833
1.84813
1.84796
1.84758
1.84737
1.84707
1.84673
1.84638
1.84575
1.84526
1.84492
1.8445
1.84419
1.84394
1.84388
1.84389
1.84384
1.84352
1.84315
1.84281
1.84254
1.84239
1.84248
1.8423
1.84178
1.84129
1.84075
1.84005
1.83959
1.83924
1.83871
1.83836
1.83795
1.83767
1.83759
1.83763
1.83769
1.8377
1.83761
1.83755
1.83726
1.83673
1.83621
1.83597
1.83585
1.83562
1.83548
1.83541
1.83536
1.83517
1.83518
1.83504
1.83448
1.83402
1.8337
1.83319
1.83301
1.83315
1.83355
1.83342
1.83322
1.83312
1.83304
1.83329
1.83362
1.83388
1.83411
1.8346
1.83476
1.83486
1.8348
1.83456
1.83421
1.83387
1.83368
1.83334
1.83305
1.83284
1.83261
1.83262
1.83256
1.83263
1.83264
1.83287
1.83314
1.83341
1.83368
1.83376
1.83372
1.83361
1.83348
1.83356
1.83374
1.83384
1.83385
1.83367
1.83356
1.83363
1.83348
1.83325
1.83289
1.83239
1.8323
1.83225
1.83185
1.83198
1.83248
1.83304
1.83338
1.83385
1.83437
1.8346
1.83466
1.83442
1.83428
1.83385
1.83305
1.8324
1.83199
1.83176
1.83152
1.83118
1.83099
1.83064
1.83017
1.82964
1.82948
1.82962
1.82989
1.82988
1.83013
1.83014
1.82996
1.82982
1.82967
1.82953
1.82935
1.82934
1.82929
1.82914
1.82904
1.82898
1.82871
1.82838
1.82775
1.82728
1.82689
1.82648
1.82589
1.82548
1.82529
1.82502
1.82473
1.82454
1.82436
1.82418
1.82414
1.82392
1.82366
1.82355
1.82355
1.82355
1.82358
1.82363
1.82357
1.82366
1.82393
1.82393
1.824
1.82394
1.82383
1.82373
1.82331
1.82279
1.82257
1.82249
1.82273
1.82316
1.82363
1.82401
1.82421
1.82461
1.82514
1.82546
1.8257
1.8258
1.82585
1.82568
1.82554
1.82551
1.82529
1.82519
1.82524
1.82526
1.82518
1.82498
1.8247
1.82442
1.8245
1.82433
1.82418
1.82404
1.824
1.82398
1.82412
1.82412
1.82428
1.82432
1.82424
1.82405
1.82383
1.82369
1.8232
1.82284
1.82245
1.82227
1.82212
1.82204
1.82205
1.82195
1.82199
1.82203
1.82202
1.82216
1.82228
1.82245
1.82259
1.82271
1.82263
1.82248
1.82227
1.8219
1.82159
1.82111
1.82077
1.82066
1.82058
1.82043
1.82027
1.82035
1.82063
1.82096
1.82124
1.82133
1.82136
1.82118
1.82092
1.82078
1.82075
1.82107
1.82161
1.82207
1.82278
1.82346
1.82381
1.8242
1.82473
1.82513
1.82547
1.8259
1.82622
1.82673
1.82735
1.82777
1.82818
1.82842
1.82855
1.82865
1.82882
1.82899
1.82915
1.82938
1.82945
1.82944
1.8296
1.82994
1.82988
1.82975
1.82955
1.82919
1.8286
1.82782
1.8272
1.82649
1.82573
1.82498
1.82419
1.82359
1.8231
1.82262
1.82201
1.82179
1.82147
1.82109
1.82086
1.82064
1.82047
1.82034
1.8201
1.81969
1.81938
1.8192
1.81898
1.81867
1.81856
1.81864
1.81871
1.81862
1.81833
1.81799
1.81762
1.81701
1.81648
1.81599
1.81563
1.81551
1.81513
1.81475
1.81456
1.81431
1.81411
1.81383
1.81358
1.81321
1.8127
1.81237
1.81215
1.81186
1.81173
1.81158
1.81138
1.81155
1.81164
1.81176
1.81177
1.81174
1.81162
1.81134
1.81101
1.81059
1.81031
1.80986
1.80931
1.80895
1.80907
1.80919
1.80933
1.80896
1.80804
1.80751
1.80742
1.80764
1.80828
1.8091
1.80971
1.81019
1.81057
1.81063
1.81034
1.80999
1.80936
1.80906
1.80896
1.80861
1.80858
1.80852
1.80861
1.80887
1.8092
1.80966
1.8101
1.81048
1.81087
1.81116
1.81147
1.81162
1.81198
1.81243
1.81295
1.81347
1.81375
1.81388
1.81398
1.81414
1.81431
1.81451
1.81495
1.81525
1.8152
1.81548
1.81593
1.81653
1.81701
1.81741
1.81777
1.81812
1.81841
1.81846
1.81852
1.81873
1.81869
1.81872
1.81862
1.81841
1.81821
1.81805
1.81829
1.81851
1.81823
1.81797
1.81783
1.81719
1.81676
1.8163
1.81599
1.81577
1.8156
1.81552
1.81555
1.81584
1.81613
1.81641
1.81652
1.8165
1.81646
1.81652
1.81626
1.81595
1.81558
1.81539
1.81521
1.81504
1.815
1.81493
1.81518
1.81503
1.81486
1.81463
1.81429
1.81421
1.81434
1.8145
1.81467
1.8147
1.81469
1.81488
1.81505
1.81518
1.8153
1.81538
1.81551
1.81541
1.81541
1.81516
1.81498
1.81476
1.81449
1.81446
1.81465
1.81497
1.81548
1.81593
1.81605
1.81629
1.81672
1.81678
1.81684
1.81723
1.81798
1.81833
1.81851
1.81877
1.819
1.81927
1.8193
1.8195
1.81978
1.81991
1.82006
1.82003
1.82001
1.81984
1.81968
1.81945
1.81905
1.81866
1.81848
1.81838
1.81841
1.81834
1.81853
1.81872
1.81876
1.81866
1.81878
1.81913
1.81952
1.82007
1.82046
1.82089
1.82104
1.82151
1.82198
1.82217
1.82233
1.82223
1.82239
1.8225
1.82266
1.82269
1.82287
1.8234
1.8239
1.8242
1.82425
1.82448
1.82484
1.82523
1.82549
1.82546
1.8252
1.82531
1.82544
1.82534
1.82543
1.82544
1.82543
1.82556
1.82587
1.82597
1.82596
1.82587
1.8258
1.82567
1.82543
1.8252
1.82499
1.82484
1.82465
1.82453
1.82435
1.82419
1.82395
1.82368
1.82354
1.82319
1.82295
1.82263
1.82223
1.8218
1.82143
1.82106
1.82043
1.82006
1.8197
1.81943
1.81905
1.8189
1.81861
1.81867
1.81865
1.81879
1.81905
1.81967
1.81995
1.82016
1.82031
1.82077
1.82115
1.82132
1.8214
1.82153
1.82165
1.82166
1.82174
1.82175
1.82193
1.82227
1.82266
1.82284
1.82309
1.82326
1.82355
1.82391
1.82459
1.82534
1.82603
1.82665
1.82729
1.82776
1.82815
1.82856
1.82889
1.82914
1.82919
1.82962
1.82992
1.82979
1.82968
1.82961
1.8297
1.82997
1.83025
1.83041
1.83055
1.83089
1.83141
1.83165
1.832
1.83241
1.83275
1.83337
1.83373
1.83392
1.83392
1.83385
1.83358
1.83318
1.83325
1.83317
1.83333
1.83319
1.83311
1.83302
1.83295
1.83273
1.83261
1.83263
1.83262
1.83279
1.83314
1.83343
1.83369
1.83392
1.83427
1.83494
1.83553
1.83598
1.8364
1.83679
1.83707
1.83733
1.83766
1.83805
1.83837
1.83874
1.83913
1.83951
1.84013
1.84079
1.84154
1.84239
1.84326
1.84402
1.84479
1.8456
1.84634
1.84712
1.84769
1.84832
1.84908
1.84973
1.85023
1.85054
1.85072
1.85077
1.85075
1.85079
1.85082
1.85074
1.8507
1.85069
1.85073
1.85075
1.85082
1.85089
1.8511
1.85126
1.85124
1.85139
1.85152
1.85153
1.85145
1.85152
1.85169
1.85183
1.85183
1.85173
1.85177
1.85206
1.85235
1.85239
1.85258
1.85267
1.85271
1.8529
1.85312
1.85297
1.85305
1.85339
1.85368
1.854
1.85404
1.85405
1.85376
1.8535
1.85321
1.85292
1.85269
1.85247
1.85231
1.85209
1.85177
1.85173
1.85188
1.85204
1.85218
1.85239
1.85267
1.85289
1.85299
1.85305
1.85322
1.8532
1.85315
1.85282
1.8524
1.85197
1.85133
1.85069
1.85022
1.84994
1.84997
1.85008
1.85029
1.85036
1.85055
1.85088
1.85112
1.8513
1.85155
1.85164
1.8518
1.85198
1.85202
1.85174
1.85122
1.85058
1.84992
1.84926
1.84857
1.84791
1.84754
1.84754
1.8475
1.84737
1.8474
1.8476
1.84796
1.84835
1.84857
1.84865
1.84877
1.84903
1.84902
1.84908
1.84903
1.84935
1.84978
1.85009
1.8505
1.85111
1.85172
1.85206
1.85261
1.85324
1.85365
1.85424
1.8546
1.85498
1.85542
1.8559
1.85639
1.85664
1.85675
1.85679
1.85689
1.85706
1.85728
1.85749
1.85781
1.85809
1.85831
1.85845
1.85879
1.85914
1.85943
1.85941
1.8594
1.85941
1.85955
1.85972
1.85982
1.85999
1.86018
1.86034
1.86079
1.86136
1.86169
1.86197
1.862
1.86222
1.86252
1.86278
1.86302
1.86323
1.86357
1.86387
1.86426
1.86466
1.8649
1.86511
1.86539
1.86569
1.86592
1.86631
1.86671
1.86667
1.86656
1.86656
1.86675
1.86688
1.86721
1.86757
1.86775
1.86796
1.86792
1.8678
1.86778
1.86792
1.868
1.86815
1.86802
1.86817
1.86819
1.868
1.86765
1.86738
1.86742
1.8673
1.86716
1.86709
1.86723
1.86722
1.86736
1.86756
1.86774
1.86818
1.86866
1.86894
1.86927
1.86991
1.8703
1.87065
1.87104
1.87132
1.87135
1.8715
1.87147
1.87164
1.87173
1.87174
1.87187
1.87202
1.87209
1.87215
1.87219
1.87237
1.87285
1.87339
1.87386
1.87437
1.87462
1.87487
1.87504
1.87532
1.87544
1.87548
1.87564
1.87597
1.87633
1.87672
1.87683
1.87723
1.87742
1.87763
1.87786
1.87817
1.87826
1.87814
1.87799
1.87777
1.87761
1.8775
1.87735
1.87733
1.87747
1.8776
1.87764
1.87781
1.87776
1.87781
1.8778
1.87788
1.87816
1.87855
1.8789
1.87948
1.88
1.88054
1.88074
1.88107
1.88138
1.88158
1.88193
1.8819
1.88206
1.88231
1.88243
1.88273
1.88291
1.88309
1.88328
1.88341
1.88316
1.88248
1.88157
1.88094
1.88071
1.88077
1.88108
1.88152
1.88209
1.88245
1.8828
1.8831
1.88334
1.88333
1.8829
1.88275
1.88264
1.88254
1.88254
1.88254
1.88248
1.88233
1.88231
1.88271
1.88349
1.88393
1.8842
1.88461
1.885
1.88557
1.88602
1.88647
1.88681
1.8869
1.88703
1.88721
1.88745
1.88771
1.88806
1.8886
1.88924
1.88998
1.89061
1.89114
1.8917
1.89221
1.8925
1.89252
1.89253
1.8925
1.89251
1.89282
1.89327
1.89369
1.89422
1.89446
1.89467
1.89472
1.89474
1.89476
1.89465
1.89458
1.89485
1.89504
1.89508
1.89482
1.89475
1.89432
1.89393
1.89356
1.89291
1.89219
1.8914
1.89078
1.89003
1.88947
1.88908
1.88874
1.88831
1.88782
1.88745
1.88724
1.88699
1.88691
1.88669
1.88629
1.88542
1.88436
1.88344
1.88283
1.88229
1.88188
1.8818
1.88168
1.88136
1.88084
1.88012
1.87961
1.87926
1.87941
1.87956
1.87971
1.87977
1.87969
1.87947
1.87944
1.87954
1.87978
1.88017
1.88031
1.88051
1.88099
1.88134
1.88181
1.88235
1.88271
1.88307
1.88343
1.88364
1.88384
1.88403
1.88411
1.88434
1.88444
1.88466
1.88469
1.88467
1.88464
1.8846
1.88448
1.88457
1.88447
1.88413
1.88378
1.88379
1.88367
1.88357
1.8834
1.88321
1.88327
1.88338
1.88347
1.88338
1.88319
1.88306
1.88292
1.88279
1.88264
1.88266
1.88289
1.88289
1.88264
1.88264
1.88263
1.8828
1.88287
1.88279
1.88266
1.88246
1.88234
1.88239
1.8825
1.88234
1.88193
1.88173
1.8817
1.88199
1.88198
1.88222
1.88218
1.88216
1.88224
1.88264
1.8833
1.88411
1.88512
1.88603
1.88659
1.88693
1.88737
1.88756
1.88743
1.88765
1.88826
1.88881
1.88936
1.89025
1.89111
1.89203
1.89293
1.89347
1.89389
1.89455
1.89486
1.89481
1.8945
1.89387
1.8932
1.89281
1.89227
1.89205
1.89204
1.89234
1.89271
1.89334
1.89392
1.89408
1.894
1.8936
1.8931
1.89265
1.89204
1.89156
1.89138
1.89151
1.89156
1.89143
1.89151
1.89145
1.89148
1.89152
1.89167
1.89194
1.89239
1.89303
1.89361
1.89393
1.89414
1.89438
1.89444
1.89446
1.89408
1.8936
1.8932
1.8928
1.89263
1.8926
1.89273
1.89281
1.89297
1.89309
1.89293
1.89283
1.89301
1.89335
1.89349
1.89373
1.894
1.89442
1.89483
1.89496
1.89512
1.89536
1.89554
1.89565
1.89548
1.8955
1.89558
1.89549
1.89546
1.89569
1.89593
1.89632
1.89658
1.89649
1.89631
1.8962
1.89605
1.89596
1.89571
1.89534
1.89497
1.89501
1.8949
1.89469
1.89453
1.89413
1.89388
1.89366
1.89332
1.89279
1.89227
1.89176
1.89115
1.8905
1.89006
1.88952
1.88898
1.88869
1.88827
1.88792
1.88789
1.88812
1.8879
1.88792
1.88803
1.88825
1.88824
1.8882
1.88805
1.88788
1.88771
1.8876
1.88747
1.88737
1.88702
1.88677
1.88665
1.88639
1.88612
1.88596
1.88567
1.88554
1.88542
1.88534
1.88541
1.88542
1.88572
1.8861
1.88656
1.88693
1.88733
1.88786
1.88846
1.88869
1.88909
1.88964
1.89037
1.89086
1.89111
1.89133
1.89183
1.89202
1.89219
1.8925
1.89258
1.89269
1.8926
1.89209
1.89163
1.89105
1.89084
1.89055
1.8907
1.89084
1.89109
1.89104
1.89077
1.89042
1.89006
1.88979
1.88953
1.88924
1.88903
1.88875
1.88844
1.88846
1.88847
1.88841
1.88837
1.88812
1.8881
1.88803
1.88787
1.88793
1.88818
1.88838
1.88882
1.88915
1.89002
1.89068
1.89089
1.89097
1.89099
1.89089
1.89091
1.89066
1.8903
1.89006
1.88992
1.89049
1.89124
1.89194
1.89224
1.89277
1.89302
1.89278
1.89239
1.89212
1.89152
1.89104
1.89059
1.89037
1.89013
1.88963
1.88913
1.88898
1.88873
1.88811
1.88743
1.8867
1.88592
1.88517
1.8846
1.88395
1.88344
1.88323
1.88297
1.88282
1.88272
1.88255
1.88209
1.88177
1.88127
1.88038
1.87938
1.87858
1.87817
1.87843
1.87884
1.87909
1.87955
1.88008
1.88049
1.88073
1.88101
1.88119
1.88142
1.88136
1.88118
1.88096
1.88088
1.88114
1.88134
1.88099
1.88057
1.88018
1.87964
1.87889
1.87843
1.87836
1.87839
1.87819
1.87839
1.87837
1.87836
1.87819
1.87847
1.8789
1.87892
1.87876
1.87845
1.87827
1.87819
1.87798
1.87746
1.87711
1.87682
1.87656
1.87622
1.87589
1.87555
1.8753
1.8751
1.87481
1.87489
1.87481
1.87452
1.87427
1.87434
1.87455
1.87481
1.87472
1.87468
1.87471
1.8745
1.8744
1.87418
1.87423
1.87421
1.87425
1.87403
1.87392
1.87322
1.87264
1.87241
1.87206
1.87189
1.87183
1.87141
1.87084
1.87031
1.86966
1.86913
1.8692
1.86886
1.86885
1.86889
1.86899
1.86906
1.86887
1.8684
1.86782
1.86747
1.86705
1.86668
1.86659
1.86661
1.86627
1.86634
1.86674
1.86666
1.86675
1.86693
1.86712
1.86683
1.86677
1.86679
1.86681
1.86672
1.86655
1.86631
1.866
1.86585
1.86562
1.86539
1.86522
1.86539
1.86607
1.86674
1.86727
1.86806
1.86871
1.86923
1.86953
1.87003
1.8705
1.87081
1.87088
1.87139
1.87199
1.87254
1.87325
1.87389
1.87445
1.87444
1.87428
1.87406
1.87366
1.87331
1.87307
1.87289
1.87276
1.87281
1.87303
1.8735
1.87395
1.87439
1.87497
1.87547
1.87571
1.87587
1.87606
1.8763
1.87674
1.87712
1.87748
1.87776
1.87788
1.8784
1.87889
1.87928
1.87948
1.87946
1.87903
1.87866
1.87889
1.87878
1.87875
1.87863
1.87887
1.87909
1.87914
1.87912
1.87933
1.87967
1.87957
1.87949
1.87955
1.87981
1.8798
1.87983
1.88008
1.88032
1.8804
1.88051
1.88038
1.88031
1.88027
1.88007
1.87963
1.87925
1.8789
1.87881
1.87845
1.87819
1.87806
1.87781
1.8776
1.87742
1.87707
1.87666
1.87637
1.87616
1.87579
1.87532
1.87518
1.87504
1.8747
1.87436
1.87402
1.87382
1.87358
1.87339
1.87321
1.8732
1.87309
1.87297
1.87297
1.87293
1.87296
1.87297
1.87325
1.87327
1.87345
1.87392
1.8744
1.87473
1.87511
1.87563
1.87625
1.87675
1.87733
1.8778
1.87805
1.87821
1.87807
1.8782
1.87858
1.87931
1.88012
1.88111
1.88188
1.88248
1.88291
1.88309
1.88313
1.88291
1.88288
1.88297
1.88324
1.88369
1.88403
1.88416
1.88432
1.8844
1.88464
1.88475
1.88473
1.88481
1.88494
1.88502
1.88516
1.88511
1.88497
1.8849
1.88503
1.88545
1.88568
1.88596
1.88616
1.88648
1.88684
1.8876
1.88822
1.88879
1.88917
1.88945
1.88945
1.88963
1.8898
1.89007
1.89031
1.89034
1.89002
1.88939
1.88875
1.8882
