0.0471902
0.0465425
0.0461068
0.0458969
0.0458879
0.0460428
0.0462956
0.0465862
0.0468554
0.047044
0.0471405
0.0471304
0.0470204
0.0468334
0.046591
0.0463088
0.0459994
0.0456779
0.0453638
0.0450824
0.0448521
0.0447106
0.0446823
0.0447889
0.0450491
0.0454819
0.0460484
0.046719
0.0474333
0.0480995
0.04863
0.048931
0.0489468
0.0486613
0.0481008
0.0473243
0.0464017
0.0453935
0.0443471
0.0432937
0.0422556
0.0412626
0.0403362
0.0395059
0.0387871
0.038179
0.0376953
0.0373322
0.0370973
0.036976
0.0369483
0.0370023
0.0371293
0.0373181
0.0375556
0.0378353
0.0381512
0.0385132
0.0389286
0.0394131
0.0399902
0.0406862
0.0415175
0.0425028
0.0436656
0.0450207
0.0465698
0.048294
0.0501652
0.0521172
0.0540617
0.0558943
0.0574975
0.0587985
0.0597515
0.0603582
0.0606625
0.0607558
0.060723
0.0606233
0.0604952
0.0603399
0.0601424
0.0598952
0.0595961
0.0592855
0.0590499
0.0590112
0.0593069
0.060057
0.0613386
0.0631753
0.0655013
0.0681699
0.0709114
0.0733586
0.075084
0.0757069
0.0750228
0.073049
0.0700297
0.0663318
0.0623582
0.0584857
0.0550023
0.0520942
0.0498392
0.0482433
0.0472314
0.0467229
0.046621
0.0468298
0.0472968
0.0479761
0.0488423
0.0498437
0.0509234
0.0519355
0.0526887
0.0530153
0.0528424
0.0522034
0.0512729
0.0502464
0.0492871
0.048487
0.0478935
0.0474983
0.0472661
0.0471619
0.0471268
0.0471357
0.0471451
0.0471294
0.0470565
0.0469187
0.0467019
0.0464165
0.0460853
0.0457371
0.0454002
0.0451003
0.0448871
0.0447698
0.0447761
0.0449
0.0451445
0.0454824
0.0458772
0.0462874
0.046657
0.0469162
0.0470236
0.0469547
0.0466925
0.0462541
0.0456734
0.0449938
0.0442628
0.0435278
0.0428265
0.0421953
0.0416609
0.0412353
0.0409234
0.0407292
0.0406408
0.0406492
0.0407544
0.0409388
0.041206
0.0415413
0.0419437
0.0424125
0.0429318
0.0434993
0.0440904
0.0446728
0.0451913
0.0456052
0.0458705
0.0459528
0.0458398
0.045528
0.0450634
0.0444998
0.0438978
0.043305
0.0427743
0.0423463
0.042055
0.0419246
0.0419645
0.0421949
0.0426361
0.0433008
0.0441967
0.0453299
0.0466883
0.0482455
0.0499205
0.0515915
0.0530966
0.054269
0.054963
0.0550961
0.0546761
0.0537744
0.0525062
0.0509984
0.0493745
0.047742
0.0461944
0.0447908
0.0435576
0.0425061
0.0416299
0.0409163
0.0403537
0.0399311
0.0396238
0.039419
0.0393021
0.0392562
0.0392874
0.0393841
0.0395399
0.0397501
0.0400087
0.0403107
0.0406636
0.0410677
0.0415262
0.0420498
0.0426462
0.0433332
0.0441049
0.044964
0.045895
0.0468603
0.0478344
0.0487722
0.0496498
0.0504707
0.051245
0.0519894
0.052706
0.0533869
0.0540014
0.054501
0.0548441
0.0549809
0.0548874
0.054603
0.0541914
0.0537662
0.0534388
0.0533037
0.0533943
0.0536798
0.0540821
0.0545009
0.0548448
0.0550599
0.0551649
0.0552234
0.0553407
0.0555973
0.0560268
0.0565919
0.0572043
0.0577611
0.0581852
0.0584539
0.0585883
0.0586533
0.0587054
0.0587967
0.0589683
0.0592126
0.0594934
0.0596998
0.0596775
0.0592778
0.0583938
0.056988
0.0551263
0.0529489
0.0506233
0.0482938
0.0460793
0.0440555
0.0422593
0.0407119
0.0394088
0.0383252
0.0374386
0.0367217
0.0361632
0.035724
0.0353831
0.035121
0.0349227
0.0347692
0.0346507
0.0345494
0.0344582
0.0343941
0.0343464
0.0343319
0.0343583
0.0344464
0.0346058
0.0348331
0.0351462
0.0355477
0.0360564
0.0366368
0.0373004
0.0380304
0.0388148
0.0395925
0.0403415
0.0410315
0.0416281
0.0421271
0.0425276
0.0428499
0.0431244
0.043375
0.0436171
0.0438857
0.0441895
0.0445378
0.044925
0.0453581
0.0458176
0.0463054
0.0468123
0.047344
0.0479185
0.0485317
0.0491926
0.0499059
0.0506741
0.0515015
0.0523838
0.053324
0.0543227
0.0553719
0.0564646
0.0575737
0.0586889
0.0597798
0.060827
0.0618128
0.0627405
0.0636275
0.0645053
0.065417
0.0664206
0.0675696
0.0688729
0.0702563
0.0715081
0.0723044
0.0723
0.0712908
0.0693673
0.0668571
0.0641646
0.0616134
0.0594284
0.057697
0.0564144
0.0555246
0.0549241
0.0544918
0.0540985
0.0536427
0.0530777
0.052403
0.0516491
0.050865
0.0501216
0.0494599
0.0489091
0.0484822
0.0481904
0.0480432
0.0480491
0.0482244
0.0485816
0.0491378
0.0498679
0.0507204
0.0515888
0.052327
0.052764
0.0527643
0.0522842
0.0513946
0.0502316
0.0489671
0.0477503
0.0466837
0.0458122
0.0451521
0.0447162
0.0444888
0.0444486
0.0445902
0.0448962
0.0453479
0.0459271
0.0466062
0.047358
0.0481572
0.0489901
0.0498463
0.0507301
0.0516538
0.0526191
0.0536163
0.0546089
0.0555338
0.0563247
0.0569064
0.0572143
0.0572069
0.0569018
0.0563622
0.0556735
0.0549314
0.0542264
0.0536344
0.0532074
0.0529645
0.0529031
0.0530157
0.0532883
0.0536885
0.0541621
0.0546641
0.0551386
0.0555121
0.0557173
0.0556943
0.0554106
0.0548704
0.0541027
0.0531862
0.0521985
0.0512169
0.0503153
0.0495423
0.0489372
0.0485108
0.0482699
0.0481946
0.0482283
0.0482766
0.0482394
0.0480192
0.0475587
0.0468375
0.0458898
0.0447976
0.0436576
0.0425547
0.041533
0.0406318
0.039866
0.0392248
0.0386995
0.0382744
0.0379356
0.0376642
0.0374467
0.0372613
0.0371071
0.0369715
0.0368382
0.0367078
0.0365765
0.0364407
0.0362969
0.0361419
0.0359749
0.0358029
0.0356408
0.03549
0.0353682
0.0352877
0.0352529
0.0352831
0.0353939
0.0355995
0.0359084
0.0363163
0.0368275
0.03746
0.0382086
0.0390632
0.0400168
0.0410466
0.0421352
0.0432541
0.0443731
0.045462
0.0465039
0.047485
0.0484057
0.0492721
0.0501073
0.0509801
0.0519236
0.0529822
0.0541763
0.0554833
0.0568224
0.0580477
0.0589644
0.0594224
0.0593799
0.0589229
0.0582232
0.0574745
0.0568027
0.0562441
0.0557726
0.0553308
0.0548637
0.0543487
0.0537864
0.0531809
0.0525531
0.0519198
0.0512958
0.0507101
0.0501945
0.0498
0.0495834
0.0495916
0.0498674
0.0504213
0.051229
0.0522194
0.0532941
0.0543116
0.0551128
0.0555543
0.0555502
0.0550997
0.0542655
0.053191
0.0520272
0.0509049
0.0499109
0.0491046
0.0485034
0.048111
0.0479103
0.0478672
0.0479646
0.0481763
0.0484826
0.0488781
0.0493647
0.0499895
0.0507805
0.0517953
0.0530675
0.0545974
0.0563108
0.0580673
0.0596278
0.0607397
0.0612204
0.0610084
0.0601973
0.058954
0.0574665
0.0558828
0.054322
0.0528363
0.0514746
0.0502449
0.0491556
0.0481928
0.047352
0.0466114
0.0459594
0.0453615
0.0448153
0.0443095
0.0438565
0.0434406
0.0430802
0.0427999
0.0426261
0.0425788
0.0426549
0.0428632
0.0432013
0.0436583
0.0442074
0.0448503
0.0455597
0.0463263
0.0471447
0.0480009
0.0488684
0.0497123
0.0504573
0.0510308
0.0513668
0.0513985
0.0511034
0.050473
0.0495328
0.0483726
0.0470781
0.0457244
0.044407
0.0431989
0.0421412
0.0412696
0.0406041
0.0401502
0.0399063
0.0398551
0.0399938
0.040314
0.0408019
0.041441
0.0422196
0.0431233
0.0441507
0.0453053
0.0465771
0.0479653
0.0494761
0.0511281
0.0529186
0.0548028
0.0567058
0.0584524
0.0597824
0.0604013
0.0600989
0.0588659
0.0569342
0.0546826
0.0524765
0.0505652
0.0490795
0.0480429
0.0474169
0.0471388
0.0471097
0.0472203
0.047355
0.0474144
0.0473223
0.0470467
0.046601
0.0460273
0.0453835
0.0447406
0.0441399
0.0436177
0.043197
0.0429097
0.0427433
0.0427021
0.0427637
0.0429205
0.0431632
0.0434847
0.043852
0.0442472
0.0446558
0.0450733
0.0454743
0.0458486
0.0461879
0.0464984
0.046781
0.0470534
0.0473268
0.0476175
0.0479352
0.0483171
0.0487691
0.0492945
0.0498883
0.0505407
0.0512175
0.0518737
0.0524398
0.0528527
0.0530785
0.0531128
0.0529768
0.052727
0.0524448
0.0521859
0.0520139
0.0519966
0.0521763
0.0526142
0.0533718
0.0545134
0.0560304
0.0578341
0.0596677
0.0611155
0.0617428
0.0613188
0.0599859
0.0581844
0.0564381
0.0551277
0.0544596
0.0544861
0.0551477
0.0563077
0.0577614
0.0592453
0.0604653
0.0611604
0.061174
0.0605022
0.0592955
0.0577975
0.0562775
0.0549591
0.0539833
0.0534044
0.0531756
0.0531585
0.0531599
0.0529759
0.0524653
0.0515948
0.0504392
0.0491461
0.0478617
0.0466799
0.0456669
0.0448478
0.0442061
0.0437129
0.0433272
0.0430218
0.0427637
0.0425391
0.0423505
0.0422083
0.0421357
0.0421702
0.0423517
0.0427267
0.0433551
0.0442888
0.0456171
0.0473867
0.0496166
0.0522542
0.0551269
0.0579108
0.0601444
0.0613173
0.0610775
0.0594137
0.0567031
0.0535428
0.0504987
0.047955
0.0460888
0.0449059
0.0443566
0.0443575
0.044812
0.045652
0.0468301
0.0482917
0.0499942
0.0518542
0.0537102
0.0553146
0.0563722
0.0566314
0.056014
0.0546613
0.0528663
0.050935
0.0490905
0.0474456
0.0460392
0.044858
0.043866
0.0430227
0.0422978
0.0416597
0.0410988
0.0406036
0.0401655
0.0397715
0.0394108
0.0390784
0.0387757
0.0384961
0.038238
0.0380018
0.0377805
0.0375699
0.0373757
0.0372036
0.0370565
0.0369305
0.0368223
0.0367417
0.0366939
0.03668
0.036704
0.0367713
0.0368896
0.037057
0.0372631
0.0375208
0.037837
0.0382092
0.0386374
0.0391299
0.0396888
0.0403114
0.0409954
0.0417415
0.0425462
0.0434024
0.044306
0.0452499
0.0462449
0.0472888
0.0483998
0.0496113
0.0509453
0.0524237
0.0540563
0.0558082
0.05761
0.0593403
0.0608436
0.0619865
0.062711
0.0630581
0.0631401
0.0630871
0.0629936
0.0628983
0.0628042
0.0626739
0.062442
0.062069
0.0615274
0.0608189
0.0599777
0.0590513
0.0581027
0.0571949
0.0563857
0.0556994
0.0551438
0.0547151
0.0543673
0.0540589
0.0537233
0.0533348
0.052884
0.0524114
0.0519708
0.051614
0.0513798
0.0512598
0.0512259
0.0512464
0.0512818
0.0513226
0.0513871
0.0514647
0.0515214
0.051478
0.0512335
0.0506739
0.0497648
0.0485355
0.047096
0.0455895
0.0441479
0.0428546
0.041769
0.040902
0.040249
0.0398062
0.0395561
0.0394925
0.0396072
0.0399031
0.0403901
0.0410655
0.0419347
0.0430021
0.0442533
0.045679
0.0472325
0.0488603
0.0505127
0.0521334
0.0536932
0.0552368
0.056831
0.0585808
0.0605911
0.0629196
0.0655174
0.0682064
0.0706955
0.0726387
0.0737409
0.0738423
0.0729665
0.071302
0.0691222
0.066677
0.0641497
0.0616764
0.0593223
0.0571361
0.0551635
0.0534322
0.0519765
0.0508275
0.0500035
0.0495181
0.0493567
0.0495351
0.0500326
0.0508303
0.0519077
0.0532515
0.0548198
0.0565581
0.0583759
0.060146
0.0616868
0.0628079
0.063369
0.0633288
0.0627289
0.0616826
0.0603297
0.0587998
0.0572223
0.0556975
0.0543277
0.0531934
0.052347
0.051818
0.0516284
0.0517624
0.0522162
0.0529485
0.0538834
0.0549257
0.0559487
0.0567861
0.0573047
0.0574028
0.0570446
0.0562705
0.0551833
0.0539448
0.0526873
0.0515433
0.0506028
0.0499081
0.0494628
0.0492243
0.0491328
0.049116
0.0490976
0.0490278
0.0488703
0.0486047
0.0482706
0.0479167
0.0475926
0.0473426
0.0472133
0.0472388
0.0474522
0.047873
0.0485124
0.0493747
0.0504418
0.0516843
0.0530384
0.0544258
0.0557465
0.0568875
0.0577567
0.0582936
0.058492
0.0583847
0.0580372
0.0574908
0.0567785
0.0559309
0.0549484
0.0538334
0.0525991
0.0512704
0.0498867
0.0485036
0.0471539
0.0458832
0.0447013
0.0436231
0.0426475
0.0417764
0.0410069
0.0403396
0.0397792
0.0393348
0.0390143
0.0388291
0.0387725
0.0388365
0.0389985
0.0392459
0.0395488
0.0398773
0.0401997
0.0404937
0.0407474
0.0409727
0.0411966
0.0414426
0.0417414
0.0421279
0.0426127
0.0432118
0.0439183
0.0447085
0.0455459
0.0463934
0.0472189
0.0479793
0.0486447
0.0491974
0.0496462
0.0500021
0.0502914
0.0505583
0.0508501
0.0512036
0.0516493
0.0522078
0.0528689
0.0535985
0.0543445
0.0550708
0.0557273
0.0562901
0.0567695
0.0571934
0.0576192
0.0581031
0.0586729
0.0593445
0.0601123
0.060938
0.0617617
0.0625142
0.0631152
0.0635114
0.0636594
0.0635509
0.0632485
0.0627939
0.0622391
0.0616376
0.0610485
0.0605076
0.0600358
0.0596485
0.05936
0.0591702
0.0590766
0.0590519
0.059076
0.0591251
0.0591661
0.0591994
0.0591896
0.059126
0.0589981
0.058794
0.0585089
0.0581528
0.0577522
0.057373
0.0570807
0.0569679
0.0571315
0.0576579
0.058601
0.059909
0.0613842
0.0626429
0.0632005
0.0626855
0.061086
0.0587533
0.0561826
0.053785
0.0517862
0.0502342
0.0490776
0.0482297
0.0475998
0.04712
0.046748
0.0464827
0.0463431
0.046364
0.0465916
0.0470465
0.0477306
0.0486073
0.0495919
0.0505986
0.0515286
0.0523264
0.0530091
0.0536386
0.0542892
0.0550322
0.0558867
0.0568312
0.0577884
0.058645
0.0592369
0.0593677
0.058858
0.0576426
0.0557696
0.0534576
0.0509812
0.0485978
0.0464767
0.0447211
0.0433586
0.0423602
0.0416914
0.0413019
0.0411552
0.0412205
0.0414571
0.0418513
0.0423879
0.0430608
0.0438693
0.0448217
0.0459388
0.0472175
0.048658
0.0502615
0.0520121
0.0539114
0.0559614
0.0581595
0.0604795
0.0629185
0.0654448
0.0680167
0.0705748
0.0730312
0.0752749
0.0771768
0.0786253
0.0795273
0.0798406
0.0795732
0.0787801
0.0775409
0.0759473
0.0741155
0.0721493
0.0701373
0.0681708
0.0663159
0.0646377
0.0631506
0.0618836
0.060841
0.0600137
0.0593813
0.0589052
0.0585519
0.0582956
0.0580981
0.0579361
0.0577854
0.0576119
0.0573974
0.05712
0.0567822
0.0563976
0.0559805
0.055558
0.0551526
0.0547724
0.0544008
0.0540109
0.0535649
0.0530163
0.052336
0.0515145
0.0506017
0.0496313
0.0486636
0.0477351
0.0468688
0.0460598
0.0452981
0.0445589
0.0438254
0.0431025
0.0424089
0.041782
0.0412703
0.0409245
0.0408
0.0409432
0.0414078
0.0422346
0.0434486
0.0450259
0.0468978
0.0488813
0.0506933
0.0519611
0.0523773
0.0518216
0.0504398
0.0485535
0.0465334
0.0446633
0.0431239
0.0419878
0.0412729
0.04095
0.0409726
0.041269
0.0417496
0.0422869
0.0427684
0.043079
0.0431565
0.0429923
0.0426305
0.0421578
0.0416654
0.041222
0.0408815
0.0406603
0.040548
0.0405318
0.0405847
0.04068
0.0407879
0.0408893
0.0409663
0.041008
0.0410119
0.0409751
0.040896
0.0407827
0.0406347
0.0404543
0.0402492
0.0400297
0.0398001
0.0395811
0.0393917
0.0392427
0.0391565
0.0391528
0.0392445
0.0394478
0.0397623
0.0401985
0.0407566
0.0414274
0.0422017
0.0430642
0.0439843
0.0449266
0.0458468
0.0467044
0.047456
0.0480677
0.0485146
0.0487809
0.0488856
0.0488438
0.0486601
0.0483609
0.0479746
0.0475122
0.0469909
0.046432
0.045868
0.0453223
0.0448216
0.0443856
0.0440381
0.0437973
0.0436808
0.0436862
0.0438102
0.0440456
0.0443787
0.0448045
0.0452994
0.0458527
0.0464488
0.0470759
0.0477347
0.048417
0.0491138
0.0498233
0.0505516
0.0513062
0.0520935
0.0529149
0.0537698
0.0546502
0.0555583
0.0564746
0.0573745
0.0582473
0.0590787
0.0598545
0.0605541
0.0611607
0.0616387
0.0619408
0.0620003
0.0617756
0.0612317
0.0603627
0.0591938
0.057789
0.0562411
0.054641
0.0530662
0.051582
0.0502288
0.0490276
0.0479974
0.0471328
0.0464299
0.045887
0.0455011
0.0452695
0.0451941
0.0453012
0.0455965
0.0461218
0.0469111
0.0479745
0.0492984
0.0507826
0.0522693
0.0535028
0.0541794
0.054089
0.0532087
0.0517138
0.0499266
0.0481512
0.046612
0.0454208
0.0446183
0.044198
0.0441203
0.0443367
0.0447832
0.0454064
0.0461571
0.0469605
0.0477438
0.0484615
0.0490698
0.0495551
0.049917
0.0502188
0.0505228
0.0508924
0.051382
0.0520262
0.0528217
0.0537414
0.0547138
0.0556627
0.0564688
0.057037
0.0572912
0.0571961
0.0567643
0.0560473
0.0551164
0.0540539
0.0529479
0.0518486
0.0507907
0.0498033
0.0488901
0.0480625
0.0473121
0.0466331
0.0460249
0.0454991
0.0450479
0.0446712
0.044359
0.0441089
0.0439271
0.0438181
0.043796
0.0438656
0.0440288
0.0443036
0.0447043
0.0452508
0.0459536
0.0468042
0.0477684
0.048785
0.0497414
0.0505191
0.0509972
0.0511212
0.0509232
0.0505003
0.0500196
0.0496207
0.0494016
0.0494137
0.0496413
0.0500475
0.0505732
0.0511508
0.0517449
0.0523476
0.0529778
0.053673
0.0544661
0.0553494
0.056286
0.057186
0.0579453
0.0584616
0.0586676
0.0585573
0.0581486
0.0574853
0.056612
0.0555695
0.0543846
0.0530859
0.0517084
0.050297
0.0488983
0.04756
0.0463159
0.0451945
0.0442397
0.0434569
0.0428766
0.0425093
0.0423924
0.0425435
0.0429799
0.0437275
0.0447848
0.0461234
0.0476652
0.0492923
0.0508325
0.0521208
0.0530046
0.0533663
0.0531793
0.0525065
0.051462
0.05022
0.0489687
0.0478707
0.0470532
0.0466016
0.0465338
0.0468424
0.0474557
0.048256
0.0491116
0.0498782
0.0504472
0.0507628
0.0508537
0.0507801
0.0506272
0.050467
0.050355
0.0503279
0.0504066
0.0505978
0.0509131
0.0513682
0.0519704
0.0527293
0.0536444
0.0547181
0.0559566
0.0573505
0.0589183
0.0606765
0.0626404
0.0647963
0.0671435
0.0696206
0.0721226
0.0745013
0.0765354
0.0779754
0.0785652
0.0781306
0.0766428
0.0742578
0.0712488
0.067899
0.0644478
0.0610585
0.0577927
0.0547011
0.0518162
0.0491974
0.0468899
0.0449308
0.043331
0.0420744
0.0411385
0.0404895
0.0400854
0.0398883
0.0398527
0.0399532
0.040149
0.0404361
0.0407796
0.041168
0.0415925
0.0420376
0.0425064
0.0429978
0.0435211
0.0440692
0.0446524
0.045284
0.0459892
0.0467739
0.0476523
0.0486532
0.0497906
0.0510487
0.0524079
0.053804
0.0551604
0.0563708
0.0573274
0.0579189
0.0581
0.0578902
0.0573989
0.0567467
0.0560679
0.0554366
0.0548735
0.0543335
0.0537315
0.0529949
0.0520695
0.05097
0.0497339
0.0484287
0.0471496
0.045965
0.0449107
0.0440383
0.0433501
0.0428543
0.0425496
0.0424289
0.0424782
0.0426824
0.0430156
0.0434763
0.0440481
0.044721
0.0455026
0.0463917
0.0473932
0.0484884
0.0496289
0.0507227
0.0516297
0.0521951
0.0522861
0.051831
0.0508571
0.0494769
0.0478644
0.0461806
0.0445685
0.0431111
0.041854
0.0408226
0.0400087
0.0394059
0.0389989
0.0387748
0.03872
0.0388304
0.0390956
0.0395121
0.0400697
0.040753
0.0415433
0.042416
0.0433315
0.0442609
0.0451519
0.0459612
0.0466578
0.0472203
0.0476711
0.048049
0.0484095
0.0488049
0.049263
0.0497756
0.0503157
0.0508119
0.0511853
0.0513625
0.0513121
0.0510402
0.0505546
0.0498916
0.0490899
0.0482019
0.0472829
0.0464058
0.04562
0.0449669
0.0444939
0.0442306
0.0441939
0.0443913
0.0448254
0.0454855
0.0463563
0.0474003
0.0485763
0.0498364
0.0511248
0.0523767
0.0535356
0.0545513
0.0553976
0.0560997
0.0567038
0.0572639
0.0578644
0.0585436
0.0592781
0.0599887
0.0605335
0.0607678
0.0605745
0.0599536
0.0590007
0.0578331
0.0565787
0.0553358
0.0541603
0.0530755
0.0520884
0.0512014
0.0503959
0.0496595
0.0489876
0.0484022
0.047916
0.0475538
0.0473517
0.0473366
0.0475317
0.0479335
0.0485139
0.0492143
0.0499121
0.0504819
0.0507846
0.0507463
0.0503672
0.0497341
0.0489826
0.0482594
0.047672
0.0472748
0.0470846
0.047081
0.0472135
0.0474291
0.0476652
0.047882
0.0480479
0.0481604
0.0482305
0.0482676
0.0482731
0.048235
0.0481368
0.0479603
0.0477046
0.0473838
0.0470204
0.0466346
0.0462596
0.0459204
0.0456339
0.0454103
0.0452582
0.0451774
0.0451686
0.0452429
0.0453777
0.0455817
0.0458399
0.0461295
0.046421
0.0466829
0.0468845
0.0469912
0.0469624
0.0468071
0.0465182
0.0461321
0.0456777
0.0451994
0.0447358
0.044321
0.0439908
0.0437908
0.0437421
0.0438931
0.0442722
0.0448993
0.0458039
0.0469939
0.0484565
0.050164
0.0520548
0.0540203
0.0559214
0.0576026
0.0589328
0.059814
0.0602072
0.0601143
0.0595968
0.0587599
0.0577707
0.0568576
0.0562414
0.0560933
0.0565273
0.0575736
0.059137
0.0609803
0.0626919
0.0638008
0.0639596
0.0631307
0.06157
0.0596889
0.0578235
0.0561708
0.05479
0.053683
0.0528048
0.0521023
0.0515424
0.0510988
0.0507689
0.0505507
0.0504272
0.0503833
0.0503891
0.0504282
0.0504666
0.0504818
0.0504438
0.0503342
0.0501704
0.0499495
0.0496921
0.049428
0.0491833
0.0489723
0.0488215
0.0487532
0.0487619
0.0488521
0.0490147
0.0492267
0.0494807
0.0497451
0.049992
0.0501986
0.0503688
0.0505128
0.0506685
0.0509131
0.0513346
0.052035
0.0531127
0.0546445
0.0566585
0.0590787
0.0617582
0.0644281
0.0667664
0.0684905
0.0694282
0.0695758
0.0690741
0.0681278
0.0669473
0.0657327
0.064622
0.0636955
0.0629861
0.0624878
0.0621349
0.0618857
0.0616894
0.061499
0.0613031
0.0610902
0.0608651
0.0606151
0.0603286
0.0600014
0.0596073
0.0591306
0.0585488
0.0578585
0.0570735
0.0562114
0.0552984
0.0543593
0.0534353
0.052571
0.0517965
0.0511387
0.0506283
0.050277
0.0500989
0.0500766
0.0501849
0.0503822
0.0506074
0.0507894
0.0508558
0.0507454
0.0504082
0.0498312
0.0490258
0.048043
0.0469431
0.0458063
0.0447184
0.0437494
0.0429584
0.0423802
0.0420256
0.0419104
0.0420287
0.0423825
0.042975
0.0437888
0.0448172
0.0460438
0.0474373
0.0489639
0.050551
0.0520888
0.0534227
0.0543998
0.0548827
0.0548101
0.0542358
0.0533009
0.0521832
0.0510436
0.049998
0.0491027
0.0483852
0.0478346
0.0474293
0.047152
0.0469813
0.0469097
0.0469232
0.0470335
0.0472385
0.0474932
0.0477958
0.0481109
0.0483791
0.0485398
0.0485201
0.0482958
0.0478725
0.0472802
0.046579
0.0458364
0.0451165
0.0444707
0.0439263
0.0435096
0.0432353
0.0431253
0.0431966
0.0434564
0.0439197
0.0446366
0.0456394
0.046961
0.0486397
0.0506828
0.0530807
0.0557682
0.0586231
0.0614529
0.0640101
0.0660506
0.0673709
0.0678401
0.0674501
0.0663002
0.064608
0.0626415
0.0606473
0.0588163
0.0572388
0.0559555
0.0549551
0.054199
0.0536332
0.0532005
0.0528519
0.0525532
0.0522988
0.0520909
0.0519467
0.0519013
0.0519687
0.0521352
0.0523693
0.0526428
0.0529255
0.0531986
0.053484
0.0538129
0.0542249
0.0547552
0.0553834
0.0560878
0.056825
0.0575883
0.0583955
0.059303
0.0603781
0.0616623
0.063177
0.064864
0.0665805
0.0680822
0.069044
0.0691959
0.0684188
0.0667888
0.0645818
0.0621492
0.0597843
0.057704
0.0560017
0.0546912
0.0537346
0.0530631
0.0525912
0.0522417
0.0519737
0.0517755
0.0516462
0.0515879
0.0515997
0.0517019
0.0518674
0.0520809
0.0522917
0.0524651
0.0525892
0.0526159
0.052485
0.0521655
0.0516327
0.0508925
0.0499943
0.0490156
0.0480331
0.0471269
0.0463622
0.0457679
0.0453645
0.0451246
0.0450335
0.0450683
0.0452131
0.0454685
0.0458277
0.0462758
0.0468074
0.0474229
0.0481121
0.0488515
0.049621
0.0503907
0.0511465
0.0518797
0.0525955
0.053311
0.0540554
0.0548283
0.05562
0.0564014
0.0571389
0.0577887
0.0583042
0.0586706
0.0589167
0.0590582
0.0591196
0.0590986
0.0590192
0.0588839
0.0586959
0.0584596
0.0581752
0.0578715
0.057518
0.0571341
0.0567282
0.0563008
0.0558622
0.0554105
0.0549683
0.054563
0.0542191
0.0539622
0.0538289
0.0538626
0.0540757
0.0544852
0.0551479
0.056071
0.0572822
0.0588263
0.0607366
0.0630399
0.0657435
0.0687912
0.072036
0.0751826
0.0778232
0.0794851
0.0798012
0.0787257
0.0765304
0.0736853
0.0706949
0.0679715
0.0657358
0.0640601
0.0629033
0.0621546
0.0616666
0.0613108
0.0609591
0.0605628
0.0600859
0.0595311
0.0589194
0.0582954
0.0576818
0.0570817
0.0564781
0.0558618
0.0552045
0.0544699
0.0536462
0.0527389
0.0517526
0.0507241
0.0496913
0.0486858
0.0477494
0.0469018
0.0461923
0.0456547
0.0453075
0.0451631
0.0452366
0.045538
0.0460621
0.0468076
0.0477359
0.0487829
0.0498767
0.050919
0.0518031
0.0524335
0.052791
0.0528817
0.0527924
0.0526199
0.0524526
0.0523848
0.0524336
0.0526381
0.0529893
0.0534607
0.0540459
0.0547017
0.0554093
0.05612
0.0567989
0.0574085
0.0579275
0.0583243
0.0585852
0.0586735
0.0585724
0.0582699
0.0577598
0.0570685
0.0562625
0.055433
0.0546709
0.0540577
0.0536304
0.0533641
0.0532016
0.0530616
0.0528927
0.0526691
0.0524232
0.0522151
0.0520989
0.0520893
0.0521989
0.0523825
0.052601
0.052811
0.0529917
0.0531376
0.0532601
0.0533596
0.0534313
0.0534549
0.0533923
0.0532014
0.0528525
0.052316
0.0515939
0.0506918
0.0496412
0.0484899
0.0473043
0.0461409
0.0450505
0.0440706
0.0432296
0.0425416
0.0420134
0.0416406
0.041413
0.0413351
0.041395
0.0415863
0.0419047
0.042351
0.0429196
0.0436084
0.0443967
0.045271
0.0461916
0.0471212
0.0480088
0.0488129
0.0494795
0.0499847
0.050314
0.050474
0.050499
0.0504191
0.0502506
0.0500107
0.0497202
0.0493945
0.0490574
0.048713
0.0483768
0.0480696
0.0477994
0.0475734
0.0474029
0.0472926
0.0472378
0.0472221
0.0472383
0.0472589
0.047279
0.0472808
0.0472491
0.0471835
0.0470948
0.0470021
0.046923
0.0468952
0.0469383
0.0470774
0.0473177
0.0476582
0.04808
0.048546
0.0490031
0.0493878
0.049642
0.0497117
0.0495799
0.0492553
0.0487756
0.0482169
0.0476591
0.0471742
0.0468381
0.0466928
0.0467734
0.0471007
0.0476954
0.0485346
0.0496096
0.0508784
0.0522788
0.0537267
0.0551221
0.0563438
0.0573261
0.0580479
0.0585195
0.0587858
0.0588774
0.0587862
0.0584729
0.0579223
0.0571219
0.0560994
0.05491
0.0536304
0.0523331
0.0510886
0.049941
0.0489109
0.0480031
0.0472172
0.0465684
0.0460629
0.0456866
0.0454541
0.045369
0.0454332
0.0456401
0.0459998
0.0465275
0.0472248
0.0480876
0.0491147
0.0502694
0.051507
0.0527261
0.0538093
0.0546278
0.0550959
0.0551769
0.0549062
0.0543895
0.0537486
0.053111
0.0525591
0.0521498
0.0519035
0.0518359
0.0519547
0.0522435
0.0527073
0.0533415
0.0541472
0.0551097
0.056203
0.0573932
0.0586157
0.059778
0.0607588
0.06142
0.0616362
0.0613684
0.0606498
0.0595862
0.0583293
0.0570271
0.0557996
0.0547204
0.0538284
0.053126
0.0525627
0.0520775
0.0515994
0.0510469
0.0503909
0.0496157
0.048753
0.0478645
0.0470243
0.0462921
0.0457153
0.0453309
0.045142
0.0451385
0.0452839
0.0455337
0.0458212
0.046091
0.046285
0.0463468
0.0462434
0.0459737
0.0455616
0.0450306
0.0444313
0.0438088
0.0432014
0.0426368
0.0421406
0.04172
0.0413721
0.041098
0.0409046
0.04079
0.0407494
0.0407827
0.0408949
0.0410749
0.0413175
0.0416269
0.0420037
0.0424571
0.0429887
0.0435953
0.0442739
0.0450417
0.0459111
0.0468885
0.0479706
0.0491742
0.0504942
0.051911
0.0534112
0.0549665
0.0565165
0.0580109
0.0593749
0.0605628
0.0615278
0.062264
0.0627856
0.063125
0.0633032
0.0633633
0.0633523
0.0632888
0.0632323
0.0632158
0.0632816
0.0634537
0.0637278
0.0640602
0.0643765
0.0645633
0.0644798
0.0640301
0.0631774
0.0619515
0.060439
0.0587546
0.0570144
0.0553179
0.0537511
0.0523908
0.0512829
0.05046
0.0499449
0.0497518
0.0498592
0.050248
0.0508809
0.0516955
0.0526638
0.0537571
0.0549434
0.0562146
0.0575361
0.0588511
0.0600707
0.0610716
0.0617344
0.0619856
0.0618446
0.0614166
0.0608457
0.0602638
0.0597803
0.0594622
0.059313
0.0593189
0.0594507
0.0596666
0.0599181
0.0601816
0.0604479
0.0607254
0.0610313
0.0613878
0.0618146
0.0623287
0.0629313
0.0636004
0.0643235
0.0650744
0.0658358
0.0665623
0.0672116
0.0677539
0.0681246
0.0682477
0.0680771
0.067574
0.0667775
0.0657672
0.0646552
0.0635539
0.0625172
0.0615505
0.0606092
0.0596441
0.0586445
0.0576297
0.0566809
0.0559263
0.0555137
0.0555989
0.0563459
0.0578904
0.0602954
0.0633829
0.0666649
0.0693652
0.0708059
0.0708719
0.0701331
0.0693674
0.0690255
0.0689972
0.0687558
0.0677418
0.0657243
0.0629391
0.0598987
0.057081
0.054769
0.0530767
0.0520203
0.0515717
0.0516726
0.0522584
0.0532236
0.0544353
0.0557182
0.0568729
0.0577248
0.0581755
0.0582405
0.058037
0.0577171
0.0574211
0.0572442
0.0572437
0.0574264
0.0577801
0.0582647
0.0588234
0.0594121
0.0599604
0.0604182
0.0607426
0.060906
0.0608869
0.0606803
0.0603145
0.0598076
0.0592242
0.0585985
0.0579624
0.0573583
0.0568198
0.0563783
0.0560417
0.0558413
0.0557894
0.055887
0.0561312
0.0564766
0.0568953
0.0573158
0.0576837
0.0579436
0.0580768
0.0581004
0.0580717
0.0580472
0.0580859
0.0582172
0.0584379
0.0587468
0.0591374
0.0596071
0.0601562
0.0607734
0.0614595
0.0621959
0.0629353
0.0635915
0.064088
0.0643609
0.0643937
0.0642459
0.0640226
0.0638497
0.063848
0.0640806
0.0644889
0.0649062
0.0651016
0.0648609
0.0640992
0.0629079
0.0614852
0.0600555
0.0587899
0.0577639
0.0569871
0.0564174
0.056017
0.0557371
0.0555256
0.055356
0.0551862
0.0549772
0.0547042
0.0543463
0.0539006
0.0533983
0.0528731
0.0523232
0.051779
0.0512345
0.0506826
0.0501074
0.0494878
0.048815
0.04809
0.0473356
0.0465766
0.0458447
0.0451507
0.0444921
0.0438735
0.0432919
0.0427429
0.0422234
0.0417257
0.0412531
0.0408162
0.0404257
0.0400813
0.0397858
0.0395419
0.0393597
0.039247
0.0391929
0.039189
0.0392377
0.0393381
0.0394845
0.0396817
0.0399062
0.0401631
0.0404346
0.0407286
0.04105
0.0414045
0.0417921
0.0422223
0.0427191
0.0433061
0.0440093
0.0448913
0.046029
0.0474918
0.0493386
0.0515492
0.0539623
0.0562331
0.0578161
0.0582142
0.0572429
0.055172
0.0525631
0.0499323
0.0475968
0.0456887
0.044207
0.0430871
0.0422738
0.041701
0.0413113
0.0410582
0.0409073
0.0408482
0.0408545
0.0409074
0.0409896
0.0411029
0.041247
0.041419
0.0416469
0.041959
0.0423729
0.0429192
0.0436329
0.0445461
0.0456815
0.0470631
0.0486981
0.0505766
0.0526645
0.0549089
0.0572161
0.0594557
0.0614983
0.0631995
0.0644356
0.0650967
0.0651084
0.0644934
0.0633684
0.0619189
0.0603558
0.0588907
0.0576623
0.0567443
0.056131
0.0558025
0.0556877
0.0557164
0.0558133
0.0559283
0.0560284
0.0560943
0.0561203
0.0561126
0.0560591
0.0559551
0.0558039
0.0555823
0.0552951
0.0549445
0.0545429
0.0541023
0.053637
0.0531501
0.0526673
0.0522064
0.0518091
0.0514971
0.0513025
0.0512578
0.0513787
0.0516542
0.0520664
0.0525885
0.0531867
0.05383
0.0545013
0.0552019
0.0559279
0.0566575
0.0573505
0.0579423
0.0583523
0.0585224
0.0584296
0.0580975
0.0575764
0.0569311
0.0562364
0.0555686
0.0549999
0.0545616
0.0542741
0.0540931
0.0539366
0.0537137
0.0533602
0.0528655
0.0522724
0.0516574
0.0511175
0.0507026
0.0504169
0.0501952
0.0499589
0.0496261
0.0491478
0.0485268
0.0478292
0.0471581
0.0466278
0.0463414
0.0463822
0.0467999
0.0476194
0.0488545
0.050498
0.0525272
0.0549271
0.0576884
0.0608095
0.0642632
0.067904
0.0713168
0.0738126
0.0746696
0.0736245
0.0711393
0.068064
0.0651656
0.062815
0.061091
0.0599082
0.0591412
0.05867
0.058411
0.0583049
0.0582938
0.0583338
0.0583661
0.0583016
0.0580726
0.0576419
0.0570163
0.056246
0.0554018
0.0545618
0.0538073
0.053193
0.0527578
0.0525287
0.0525212
0.0527474
0.0532241
0.0539851
0.055063
0.0564889
0.0582572
0.0603089
0.0624947
0.0645905
0.0663586
0.06762
0.06834
0.0686126
0.0685694
0.0683027
0.0677999
0.0670014
0.0658626
0.064421
0.0627647
0.0610278
0.0593318
0.0577576
0.0563392
0.0550827
0.0539814
0.0530203
0.0521948
0.0514903
0.050889
0.0504058
0.0500217
0.0497133
0.0494807
0.0493247
0.0492524
0.0492686
0.0493832
0.0496314
0.0500374
0.050632
0.0514418
0.0525129
0.0538597
0.0554733
0.0573214
0.059343
0.0614086
0.063379
0.0650624
0.0662852
0.0669139
0.0668925
0.0662065
0.0649127
0.0630912
0.0608705
0.0584278
0.0559345
0.0535557
0.05142
0.0495976
0.0481059
0.0469451
0.0460862
0.0454988
0.0451351
0.0449443
0.0448877
0.0449071
0.0449613
0.0450066
0.0450077
0.0449283
0.044746
0.0444691
0.0441227
0.0437247
0.0433357
0.0429955
0.0427398
0.0426111
0.042652
0.0428891
0.0433444
0.0440401
0.0449655
0.0461102
0.0474117
0.0487877
0.0501397
0.0513545
0.0523814
0.0532086
0.0539027
0.0545554
0.0552986
0.0562354
0.0574185
0.0588698
0.0605965
0.0625594
0.0646835
0.0668702
0.0689591
0.070773
0.0721435
0.0729569
0.0731744
0.0728471
0.0721135
0.0711401
0.0700437
0.0688812
0.0676694
0.0663764
0.0649575
0.0633786
0.0616339
0.059731
0.057744
0.0557317
0.053755
0.0518729
0.0501361
0.0485662
0.0471831
0.0459956
0.0449866
0.0441489
0.0434739
0.0429457
0.0425363
0.0422416
0.0420446
0.0419344
0.0418981
0.041922
0.042011
0.0421593
0.0423726
0.0426517
0.0429947
0.0434084
0.0439003
0.0444646
0.0451168
0.0458702
0.0467275
0.0476839
0.0487401
0.0498728
0.0510713
0.0523224
0.0536006
0.0549052
0.0562432
0.0576006
0.058973
0.0603723
0.0617925
0.0632109
0.0645686
0.0657864
0.0667654
0.0674051
0.0676458
0.0674795
0.0669553
0.0661652
0.0652481
0.0643174
0.0634468
0.0626817
0.0620234
0.0614356
0.060875
0.0603068
0.0596967
0.0590602
0.0584207
0.0578321
0.0573298
0.056964
0.0567532
0.0567049
0.0568163
0.0570705
0.0574173
0.0578101
0.0582173
0.0586126
0.0589532
0.059273
0.0596252
0.0600224
0.060534
0.0612087
0.0620975
0.063218
0.0645972
0.066234
0.0680909
0.070087
0.0721184
0.0740471
0.0756837
0.0767917
0.0771153
0.0764353
0.0746693
0.0719515
0.0685862
0.0649547
0.0613895
0.0581065
0.0552159
0.0527459
0.0506749
0.048972
0.0475844
0.0464738
0.0456116
0.0449608
0.0444914
0.0441957
0.0440663
0.0440792
0.0442249
0.0444851
0.0448458
0.0452864
0.0458052
0.0464007
0.0470758
0.0478407
0.0487083
0.0497154
0.0508886
0.0522678
0.0538937
0.0557874
0.0579391
0.0602967
0.0627473
0.0651217
0.0672104
0.0688005
0.0697692
0.070062
0.0697065
0.0687668
0.067299
0.0653556
0.063033
0.0604904
0.0579046
0.0554322
0.0532024
0.0512877
0.0497117
0.0484539
0.0474834
0.0467599
0.0462367
0.0458592
0.0455788
0.0453512
0.0451376
0.0449053
0.0446431
0.0443425
0.0440131
0.0436632
0.0432983
0.0429436
0.0426089
0.0423067
0.0420502
0.0418359
0.0416752
0.0415705
0.0415179
0.0415194
0.0415784
0.0416913
0.041859
0.042088
0.0423843
0.0427389
0.0431665
0.0436765
0.0442662
0.0449499
0.0457357
0.0466332
0.0476403
0.0487621
0.0499892
0.0512879
0.0526132
0.0539171
0.0551409
0.0562338
0.057147
0.0578437
0.0583244
0.0586043
0.0587075
0.0586812
0.0585607
0.0583797
0.0581519
0.0579189
0.0577209
0.0576063
0.057603
0.0577308
0.0580014
0.0584253
0.0589754
0.0596253
0.0603555
0.0611421
0.0619594
0.0627863
0.0635854
0.0643188
0.0649313
0.0653809
0.0656465
0.0657366
0.0656992
0.0656127
0.0655256
0.0654685
0.0654377
0.06539
0.0652847
0.0650885
0.0647643
0.0643262
0.0638053
0.0632549
0.0627218
0.0622641
0.0618948
0.0616132
0.0614059
0.0612328
0.0610592
0.060849
0.0605816
0.0602516
0.0598885
0.0595187
0.0591999
0.0589775
0.0589069
0.0590387
0.0593975
0.0599957
0.0608304
0.0618784
0.0630999
0.0644292
0.0657782
0.0670534
0.0681831
0.0691095
0.0698366
0.0704049
0.070863
0.0712553
0.071573
0.0717405
0.0716418
0.0711222
0.0700678
0.0684442
0.0663109
0.063808
0.0611716
0.0586089
0.0562677
0.0542397
0.0525477
0.0511725
0.0500822
0.0492156
0.0485552
0.0480674
0.0477159
0.0474674
0.0473048
0.0472086
0.0471568
0.0471307
0.0471192
0.0471181
0.0471053
0.0470624
0.0469822
0.0468607
0.0466965
0.0464929
0.0462572
0.0459907
0.0457122
0.0454456
0.0452097
0.0450308
0.0449355
0.0449284
0.0450225
0.0452226
0.0455249
0.0459136
0.046391
0.0469477
0.0475654
0.0482264
0.0489304
0.0496805
0.0504836
0.0513402
0.0522487
0.0532239
0.0542742
0.0553897
0.056524
0.0576224
0.0586171
0.0594001
0.0598797
0.0599768
0.0596562
0.0589331
0.0578792
0.0565853
0.055194
0.0538257
0.0525799
0.0515386
0.050731
0.0501542
0.0497798
0.0495586
0.0494207
0.0492849
0.0490839
0.0487786
0.0483491
0.0478172
0.047231
0.0466418
0.046107
0.0456611
0.04534
0.0451633
0.0451475
0.0452974
0.045606
0.0460653
0.0466715
0.0474208
0.048313
0.0493411
0.0504851
0.0517446
0.0531072
0.0545612
0.0560698
0.0575868
0.0590328
0.0603197
0.0613429
0.0620235
0.06232
0.062248
0.0618914
0.0613709
0.0608036
0.0602767
0.0598483
0.0595205
0.0592033
0.0587977
0.0581886
0.0573031
0.0561398
0.0547617
0.0532773
0.0517994
0.050439
0.0492553
0.0482778
0.0475177
0.0469552
0.0465901
0.0464035
0.0463725
0.0464862
0.0467222
0.0470757
0.047525
0.048057
0.0486667
0.0493291
0.0500226
0.0507237
0.0514138
0.0520778
0.0527094
0.0533222
0.0539461
0.054595
0.0553009
0.056078
0.0569245
0.0578001
0.0586543
0.0594246
0.0600445
0.0604554
0.0606405
0.0606076
0.0603792
0.0599957
0.0595146
0.0589901
0.0584652
0.0579624
0.0574961
0.0570927
0.0567696
0.0565515
0.056451
0.0564793
0.0566329
0.0568781
0.0571706
0.0574385
0.0576002
0.0575795
0.0573199
0.0567961
0.056045
0.0551255
0.0541194
0.053113
0.0521765
0.0513576
0.0506707
0.0501295
0.0497164
0.0494162
0.0492005
0.0490381
0.0489046
0.0487868
0.0486878
0.0486028
0.0485521
0.0485593
0.0486506
0.0488432
0.0491583
0.0496092
0.0501903
0.0508779
0.0516352
0.0523814
0.0530175
0.0534291
0.0535343
0.0533069
0.0527818
0.0520441
0.0511963
0.050348
0.0495736
0.0489328
0.0484538
0.0481371
0.0479943
0.0480051
0.0481454
0.0484141
0.0487813
0.0492429
0.0497834
0.0503976
0.0510696
0.0517893
0.0525388
0.0532876
0.0540111
0.0546607
0.0551724
0.0555019
0.0556027
0.0554592
0.0550779
0.0545288
0.0539022
0.0533097
0.0528554
0.0526248
0.0526908
0.0530952
0.0538411
0.0548922
0.0561691
0.0575709
0.0589751
0.0602845
0.0614342
0.0624321
0.0633314
0.0642113
0.0651175
0.0660582
0.0670094
0.0678815
0.0685596
0.0689417
0.0689195
0.0684608
0.0675856
0.0663708
0.0649459
0.0634368
0.0619396
0.0605178
0.0592221
0.058067
0.0570639
0.0562136
0.0555162
0.0549588
0.0545438
0.0542692
0.0541212
0.0541216
0.0542773
0.0546183
0.0551473
0.0558886
0.0568593
0.0580682
0.0595059
0.0611487
0.062925
0.0646959
0.0662697
0.0674468
0.0681585
0.0685018
0.0687427
0.0691233
0.0697304
0.0703844
0.0707097
0.0703676
0.0692575
0.0675705
0.0656758
0.0639024
0.0624543
0.0614048
0.0607547
0.0604995
0.0606193
0.0610533
0.0617199
0.0624685
0.0630955
0.0633952
0.0632616
0.0627328
0.0619848
0.0612468
0.0607244
0.0605469
0.0607491
0.0612842
0.0620492
0.0628941
0.0636594
0.06421
0.0644353
0.0642819
0.0637655
0.062969
0.0619875
0.0609399
0.0599189
0.058994
0.0581821
0.0574904
0.0569067
0.0564192
0.0559924
0.0556247
0.0552902
0.0549934
0.0547526
0.0545474
0.0543848
0.0542599
0.0541702
0.0541287
0.0541359
0.0541672
0.0542237
0.0543069
0.0544105
0.0545365
0.0546704
0.0548018
0.0549378
0.0550816
0.055226
0.0553744
0.0555399
0.0557251
0.055947
0.0562392
0.056623
0.0571067
0.0576888
0.0583884
0.0591846
0.0600484
0.0609357
0.061785
0.0625645
0.0632285
0.063737
0.0640507
0.0641626
0.0640973
0.0638738
0.0635371
0.0631122
0.0626383
0.0621531
0.0616637
0.0611767
0.0606848
0.0601876
0.0596492
0.0590291
0.0582842
0.0573797
0.0562795
0.0549859
0.0535288
0.0519729
0.050414
0.0489254
0.0475738
0.0464045
0.045423
0.0446541
0.0440783
0.0436959
0.0434946
0.0434644
0.0435844
0.043843
0.0442403
0.0447616
0.0453883
0.0461014
0.0468822
0.0477023
0.0485424
0.0493793
0.0501984
0.050984
0.0517228
0.0524049
0.0530206
0.0535564
0.0540169
0.0543867
0.0546542
0.0548066
0.0548285
0.0547076
0.0544422
0.0540364
0.0535125
0.0528857
0.0521859
0.0514325
0.0506588
0.0498944
0.0491514
0.0484367
0.0477498
0.0471294
0.0465847
0.046151
0.0458336
0.0456837
0.0457247
0.0459943
0.0465182
0.0473542
0.0485439
0.0501368
0.0521801
0.054705
0.0577217
0.0611791
0.0649288
0.0686645
0.0719291
0.0741716
0.0749964
0.0743784
0.0726893
0.0704906
0.068287
0.0663791
0.0648863
0.0638106
0.0630787
0.0626155
0.0623511
0.0622271
0.0621936
0.0621806
0.0621793
0.0621484
0.062061
0.0619193
0.0617264
0.06149
0.0612349
0.0609899
0.0608019
0.0607146
0.0607575
0.0609268
0.0612047
0.0615589
0.06193
0.0622555
0.0624909
0.0626306
0.0626883
0.0626855
0.0626616
0.0626403
0.0626635
0.0627798
0.0630484
0.063582
0.0644271
0.0655599
0.0668401
0.0679784
0.0685701
0.0682602
0.066872
0.064495
0.0614697
0.0582171
0.055096
0.0523531
0.0500933
0.0483165
0.0469866
0.0460416
0.0454082
0.0450191
0.0448322
0.0447998
0.0448831
0.0450676
0.0453404
0.0456998
0.0461566
0.0467447
0.047484
0.0484212
0.0495859
0.0510113
0.0526674
0.0544844
0.0563066
0.0578846
0.0589474
0.0592802
0.0588397
0.0577514
0.0562697
0.0546454
0.0530881
0.0517375
0.0506575
0.049867
0.0493751
0.0491608
0.0492042
0.0494856
0.0499848
0.0506751
0.0515047
0.0524198
0.0533582
0.0542664
0.0550909
0.0558052
0.0564163
0.0569393
0.0574036
0.057843
0.0582823
0.058749
0.0592476
0.0598025
0.060427
0.0611089
0.0618534
0.0626335
0.0634345
0.0642303
0.0649874
0.0656657
0.0662403
0.066689
0.0669897
0.067157
0.0672027
0.067149
0.0670514
0.0669882
0.0669922
0.0670957
0.0672894
0.0675255
0.0677215
0.0677804
0.067618
0.0672109
0.06657
0.0657981
0.0650142
0.0643279
0.063862
0.0636786
0.0637945
0.0641645
0.0647135
0.0653525
0.0660291
0.0667135
0.0674673
0.0684251
0.0697122
0.0714106
0.0735042
0.0758433
0.0781306
0.0800127
0.0811322
0.0812599
0.0803302
0.0785152
0.0760695
0.0732914
0.0704091
0.0675945
0.0649501
0.0625606
0.0604901
0.0587821
0.0574393
0.0564597
0.0557995
0.0554335
0.0553
0.0553599
0.0555814
0.0559049
0.0563056
0.0567846
0.0573397
0.0579902
0.0587689
0.0597356
0.0609539
0.0624559
0.0642139
0.0660834
0.0678168
0.0690776
0.0696078
0.0693371
0.0684349
0.0672098
0.0659459
0.0648343
0.0639432
0.0632456
0.0626671
0.0621167
0.0615066
0.0607762
0.0598938
0.0588688
0.057737
0.0565662
0.055418
0.0543591
0.0534457
0.0527266
0.0522087
0.0518861
0.0517355
0.0517017
0.0517142
0.0516771
0.0515216
0.0511859
0.0506667
0.0499884
0.0492124
0.0483948
0.0475928
0.0468595
0.046224
0.0456748
0.0452296
0.0448919
0.0446732
0.0445875
0.0446547
0.0448861
0.0453066
0.0459276
0.0467882
0.0479298
0.049374
0.0511556
0.0532978
0.0557963
0.0585925
0.0615723
0.0645176
0.0671235
0.0690758
0.0701314
0.0702616
0.0696387
0.0685897
0.0674267
0.0663985
0.0656304
0.0651559
0.0649439
0.0649302
0.0650402
0.0651762
0.065254
0.0652285
0.0650738
0.0647882
0.0644139
0.0640065
0.0636299
0.0633385
0.0631602
0.0630982
0.0631156
0.0631812
0.0632561
0.063312
0.0633446
0.0633428
0.0632978
0.0631944
0.0630161
0.0627667
0.0624696
0.06217
0.0619073
0.0617025
0.0615686
0.061495
0.0614614
0.0614439
0.0614206
0.0613931
0.0613632
0.061336
0.0613063
0.0612773
0.0612365
0.0611481
0.0609738
0.0606768
0.0601962
0.0594954
0.058566
0.0574391
0.0561578
0.0547872
0.0533961
0.0520537
0.0508255
0.0497446
0.048831
0.0480904
0.0475219
0.0471233
0.0468796
0.0467759
0.0468039
0.0469365
0.0471611
0.0474555
0.0478019
0.0482049
0.048652
0.0491553
0.0497462
0.0504687
0.0513713
0.0525207
0.0539834
0.0558012
0.0579846
0.0604706
0.063108
0.0656606
0.0678662
0.0695133
0.0705303
0.0710087
0.0711012
0.0709682
0.0706994
0.0703296
0.0698322
0.0691857
0.0683685
0.0673817
0.0662614
0.0650558
0.063816
0.0625737
0.0613602
0.0601864
0.0590553
0.0579625
0.0569301
0.0559632
0.0550894
0.0543276
0.0536771
0.0531586
0.0527815
0.0525444
0.0524564
0.0525138
0.0527225
0.0530744
0.0535666
0.0541905
0.0549259
0.0557328
0.0565562
0.057343
0.0580305
0.0585695
0.0589421
0.0591378
0.0591727
0.0590815
0.0589007
0.0586702
0.0584047
0.0581359
0.0578888
0.0576969
0.0575754
0.0575422
0.0576228
0.0578087
0.0580742
0.0584017
0.0587472
0.0590909
0.0594312
0.0597783
0.0601819
0.0607096
0.061434
0.0624145
0.0636249
0.0649941
0.0663675
0.0675285
0.0682691
0.0684618
0.0680898
0.067232
0.0660241
0.0645759
0.0629701
0.0612699
0.059515
0.0577707
0.0561007
0.0545849
0.0532848
0.0522253
0.05141
0.0508255
0.0504496
0.0502628
0.0502398
0.0503565
0.050591
0.050933
0.0514064
0.0520032
0.052736
0.0536159
0.0546441
0.0558143
0.0570741
0.0583468
0.0595118
0.0604604
0.06106
0.0612395
0.0609706
0.06031
0.0593336
0.0581787
0.0569644
0.0557939
0.0547271
0.053793
0.0530007
0.0523507
0.0518328
0.0514387
0.0511663
0.0509954
0.0509231
0.0509308
0.0510124
0.0511514
0.0513405
0.0515542
0.0517809
0.0519953
0.0521802
0.0523169
0.0523949
0.0524272
0.0524304
0.0524273
0.0524315
0.0524747
0.052583
0.0527739
0.0530802
0.0535022
0.0540485
0.0547167
0.0554987
0.056363
0.0572964
0.0582478
0.0591742
0.0600308
0.0607826
0.0614001
0.0618736
0.0622047
0.0624126
0.0625192
0.062549
0.0625111
0.0624242
0.0622623
0.062017
0.0616568
0.061151
0.0604909
0.0596907
0.058771
0.0577917
0.0568058
0.055858
0.0549867
0.054209
0.0535335
0.0529496
0.0524322
0.0519582
0.0515196
0.0511067
0.0507054
0.0503023
0.0499082
0.0495323
0.0491811
0.048858
0.0485644
0.0483125
0.0481113
0.0479661
0.0478734
0.0478317
0.0478496
0.047932
0.0480816
0.0482775
0.0485113
0.0487599
0.0490055
0.0492425
0.0494473
0.0495894
0.0496636
0.0496794
0.0496525
0.0496231
0.0496394
0.0497484
0.0500142
0.0505011
0.051285
0.0524059
0.0538916
0.0556807
0.0576149
0.0594389
0.0608505
0.0616265
0.0617412
0.06138
0.060828
0.0603471
0.0600823
0.0600497
0.0601678
0.0603205
0.0603865
0.0602872
0.0599897
0.0595319
0.058973
0.0584005
0.0578688
0.0574187
0.0570504
0.0567403
0.0564523
0.0561283
0.0557027
0.0551357
0.0544087
0.0535527
0.0525959
0.0515814
0.050573
0.049619
0.0487607
0.0480309
0.0474586
0.047075
0.0468827
0.0469155
0.0471867
0.0477093
0.0485199
0.0496358
0.0510934
0.0529138
0.0551034
0.057616
0.0603167
0.0629504
0.0651122
0.0663419
0.0663537
0.0652006
0.063293
0.0611943
0.0593626
0.0580767
0.0574169
0.0573002
0.0575305
0.0578612
0.0580269
0.0578466
0.0572912
0.0564327
0.0554509
0.05452
0.0537694
0.0532593
0.0529942
0.0529678
0.0531381
0.053457
0.0538886
0.0543918
0.0549168
0.0554022
0.0557983
0.0560602
0.0561549
0.0560483
0.0557541
0.0552992
0.0547232
0.0540886
0.0534502
0.0528423
0.0523036
0.0518863
0.0516167
0.0515066
0.0515766
0.0518325
0.05227
0.0528708
0.0536083
0.0544309
0.0552792
0.0560814
0.0567781
0.0573193
0.0576826
0.0579008
0.0580285
0.0581362
0.058295
0.0585599
0.058971
0.0595379
0.0602373
0.0610241
0.0618433
0.0626196
0.0632692
0.0637276
0.0639357
0.0638829
0.0635782
0.0630783
0.0624264
0.0616884
0.0609336
0.0602105
0.059561
0.0590277
0.0586272
0.0583864
0.0583172
0.0584281
0.0587181
0.0591601
0.0597193
0.0603327
0.0609295
0.0614487
0.061846
0.0620948
0.0621816
0.0621159
0.0619123
0.0615752
0.0611044
0.0604938
0.0597506
0.0588837
0.0579138
0.0568795
0.0558179
0.0547743
0.0537881
0.0528871
0.0520993
0.0514179
0.0508387
0.0503589
0.049966
0.0496434
0.0493853
0.049203
0.0490992
0.0490816
0.0491878
0.0494409
0.049854
0.0504464
0.0512178
0.0521619
0.0532629
0.0545032
0.0558868
0.0574189
0.0591292
0.0610524
0.0632364
0.0657063
0.0684483
0.0713536
0.0742222
0.076769
0.0786791
0.0796922
0.0797482
0.0789808
0.0776466
0.0760226
0.0743076
0.0726
0.0709206
0.0692487
0.0675702
0.0658702
0.0641822
0.0625564
0.0610573
0.0597311
0.0586575
0.0578742
0.0574229
0.0573276
0.057594
0.0582047
0.059132
0.0603387
0.0617579
0.0633029
0.064848
0.0662369
0.0672954
0.0678529
0.0677858
0.0670521
0.0657088
0.0639009
0.0618129
0.0596241
0.0574839
0.0554936
0.053716
0.0521774
0.0508785
0.0498178
0.048981
0.0483483
0.0479117
0.0476416
0.0475212
0.047514
0.0475855
0.0477091
0.0478576
0.0480019
0.0481292
0.0482285
0.0483091
0.0483945
0.0485094
0.0487002
0.0489969
0.049422
0.0500097
0.0507884
0.0517759
0.0529986
0.0544573
0.0561678
0.0581218
0.0602847
0.0625914
0.0649416
0.0672188
0.0692754
0.0709822
0.0722534
0.0730659
0.0734671
0.0735408
0.073387
0.0731045
0.0727441
0.0723278
0.0718686
0.0713429
0.0707154
0.0699548
0.0690331
0.0679384
0.0666748
0.065288
0.0638483
0.062452
0.0611904
0.0601577
0.0594604
0.0592043
0.0594764
0.0603509
0.0618462
0.0638202
0.0659499
0.0676622
0.0683245
0.0676026
0.065672
0.0630724
0.0603851
0.0579905
0.0560422
0.054535
0.053402
0.0525577
0.0519342
0.051474
0.0511403
0.0509007
0.0507315
0.0506181
0.0505461
0.0505071
0.0504868
0.050475
0.0504787
0.0505049
0.050547
0.0506254
0.0507335
0.0508754
0.0510523
0.0512657
0.0515223
0.0518001
0.0520863
0.0523647
0.0526134
0.0528127
0.0529444
0.0529965
0.0529604
0.0528364
0.0526423
0.0523896
0.0521084
0.0518404
0.0516179
0.051471
0.051438
0.0515527
0.0518669
0.052414
0.0532343
0.0543751
0.0559058
0.0578884
0.0603852
0.0634325
0.0670343
0.0710716
0.0753309
0.0794531
0.0830112
0.0856263
0.0870399
0.087114
0.0858144
0.0832327
0.0796278
0.0753765
0.0709072
0.0665728
0.0626337
0.0592359
0.0564347
0.0542369
0.0525834
0.0514277
0.0507169
0.0503763
0.0503338
0.0505403
0.0509301
0.0514273
0.0519765
0.0525003
0.0529263
0.0532157
0.053324
0.0532469
0.0529894
0.0525723
0.0520433
0.0514537
0.0508383
0.0502491
0.0497294
0.0493116
0.0490279
0.0489016
0.0489472
0.0491891
0.0496368
0.0502996
0.0511939
0.0523315
0.053712
0.0552958
0.0570814
0.0590003
0.0609715
0.0628746
0.0646053
0.0660498
0.0671073
0.0677325
0.067917
0.0676894
0.0670979
0.0661949
0.0650459
0.0637175
0.0622559
0.0607145
0.0591534
0.0576091
0.0561157
0.0547106
0.0534198
0.0522508
0.0512075
0.050298
0.0495087
0.0488476
0.0483012
0.0478716
0.047548
0.047316
0.0471759
0.0471355
0.0471929
0.0473433
0.0475927
0.0479459
0.0484056
0.0489765
0.049662
0.0504542
0.0513562
0.0523396
0.0533871
0.0544664
0.0555656
0.0566569
0.0577269
0.0587574
0.0597425
0.0607026
0.0616312
0.062487
0.063237
0.0638436
0.0642352
0.0643457
0.0641241
0.0635559
0.0626661
0.0615231
0.0602174
0.0588311
0.057439
0.0560964
0.0548372
0.0536826
0.0526474
0.0517286
0.0509208
0.0502258
0.0496333
0.0491437
0.0487399
0.0484326
0.0482195
0.0481119
0.0481255
0.0482803
0.0486124
0.0491527
0.0499311
0.0509867
0.052363
0.0541004
0.056231
0.0587378
0.0615875
0.064673
0.0678038
0.0706887
0.0729708
0.0743103
0.0745373
0.0736907
0.0720412
0.06995
0.0677252
0.0655817
0.063674
0.0620425
0.060741
0.0597881
0.0591935
0.058944
0.0590202
0.0593886
0.0599922
0.0607678
0.0616053
0.0624191
0.0630986
0.0635891
0.0638592
0.0639193
0.063789
0.0635165
0.0631516
0.0627276
0.0622716
0.0618026
0.0613264
0.0608395
0.0603597
0.0598917
0.0594119
0.0589241
0.0584228
0.0579128
0.057422
0.0569264
0.0564369
0.0559744
0.0555485
0.0551839
0.0548985
0.0546861
0.0545638
0.0545349
0.054614
0.0547848
0.0550399
0.0553634
0.0557409
0.0561558
0.0565857
0.0570394
0.0575163
0.0580488
0.0586804
0.0594665
0.0604592
0.0616847
0.0631253
0.0647219
0.0663136
0.0676824
0.0685987
0.0688946
0.0685675
0.0677464
0.0666373
0.0654668
0.0644125
0.0636003
0.0631009
0.06294
0.0631032
0.0635263
0.0641186
0.0647361
0.0652017
0.0653404
0.0650603
0.0643284
0.0631942
0.0617875
0.0602486
0.0586937
0.0572458
0.0559623
0.0548704
0.0539891
0.0533138
0.052846
0.0525748
0.0524814
0.0525471
0.0527363
0.0530085
0.053328
0.0536308
0.0538665
0.053992
0.0539864
0.0538248
0.0535232
0.0531189
0.0526544
0.0521724
0.051716
0.0513308
0.051047
0.0508914
0.0508718
0.0510051
0.0513087
0.0517735
0.0524254
0.0532724
0.0543039
0.0554993
0.0568345
0.0582364
0.0596002
0.0607823
0.0616891
0.0622295
0.062411
0.0623297
0.0621739
0.0621417
0.0624405
0.0631787
0.0642833
0.0654784
0.066321
0.0663864
0.0655108
0.0639066
0.0620051
0.0602344
0.0588305
0.0578549
0.05724
0.0568609
0.0565799
0.0563076
0.0559855
0.0555877
0.0551187
0.0545948
0.0540426
0.0534854
0.0529243
0.0523784
0.0518574
0.0513615
0.0508841
0.050444
0.0500463
0.0496854
0.0493514
0.0490393
0.0487675
0.0485332
0.0483354
0.0481672
0.0480415
0.0479698
0.0479602
0.0480327
0.0482099
0.048528
0.0490216
0.049745
0.0507694
0.0521515
0.0539272
0.0560876
0.0585497
0.0611225
0.0635546
0.0656349
0.0672949
0.0686324
0.0698298
0.0709524
0.0718333
0.0721206
0.0715064
0.0699267
0.0676199
0.0649704
0.0623296
0.0599126
0.0578028
0.0560077
0.0544947
0.0532309
0.0521911
0.0513476
0.0506879
0.0501992
0.0498729
0.0496942
0.0496452
0.0497273
0.0499267
0.0502193
0.0505909
0.051039
0.0515455
0.0520871
0.0526462
0.0532025
0.0537302
0.0542018
0.0546098
0.0549605
0.0552505
0.0555193
0.0557893
0.0561205
0.0565451
0.0570903
0.0577955
0.0586273
0.0595392
0.0604658
0.0613021
0.0619464
0.0623057
0.0623366
0.0620375
0.0614627
0.0607322
0.0599911
0.0593841
0.0590391
0.059055
0.05946
0.0601869
0.06109
0.0619397
0.0625152
0.0626815
0.0624754
0.0620749
0.0617024
0.0615526
0.0617279
0.0622433
0.0630526
0.0640652
0.0651934
0.0663849
0.0676251
0.0689416
0.0703617
0.0718899
0.0734013
0.0746491
0.0752896
0.0750669
0.0739099
0.0719751
0.0695426
0.0669204
0.0643629
0.0620219
0.0599938
0.0583069
0.0569444
0.0558962
0.0551209
0.0545907
0.0542671
0.05413
0.05416
0.0543518
0.0546989
0.0552164
0.0559092
0.0567747
0.057819
0.0590109
0.0602762
0.0614711
0.0623611
0.0627061
0.0623578
0.0613346
0.0598376
0.0581415
0.0565282
0.0551718
0.0541675
0.0535321
0.0532434
0.0532409
0.0534656
0.0538594
0.0543756
0.0549657
0.0556019
0.0562717
0.0570043
0.0578706
0.0589444
0.0602998
0.0619874
0.0639805
0.0661657
0.0683478
0.0703044
0.0718428
0.072818
0.0731467
0.0727976
0.071777
0.0701637
0.0681125
0.0658081
0.0634368
0.06117
0.059108
0.0573164
0.0558084
0.0545834
0.0536209
0.0529098
0.0524159
0.0521394
0.0520513
0.0521545
0.0524336
0.0528836
0.0534847
0.054222
0.0550446
0.0558995
0.0567033
0.0573724
0.0578206
0.057982
0.0578349
0.0573914
0.0567075
0.0558626
0.0549427
0.0540239
0.0531701
0.0524397
0.0518629
0.0514478
0.0511905
0.0510882
0.0511405
0.0513335
0.0516583
0.0521178
0.0527205
0.0534903
0.0544567
0.0556396
0.057069
0.0587571
0.060685
0.0627573
0.0648012
0.0665639
0.0678077
0.0683797
0.0683134
0.0678118
0.0671502
0.0665634
0.066226
0.0662224
0.066539
0.0671096
0.0678066
0.0684598
0.068893
0.068969
0.0686488
0.0679969
0.0671405
0.0662186
0.0653607
0.0646198
0.064024
0.0635622
0.063218
0.0629611
0.0627669
0.0626185
0.0624961
0.062408
0.0623325
0.0622646
0.0621954
0.0621095
0.0619948
0.061839
0.0616305
0.061367
0.061055
0.0607115
0.0603599
0.0600429
0.0597799
0.0595937
0.0594906
0.0594541
0.0594833
0.0595751
0.0597146
0.0598843
0.0600631
0.06021
0.0602971
0.0603266
0.0603015
0.0602465
0.0602177
0.0602474
0.0603766
0.0605913
0.0608885
0.0612381
0.061626
0.0620275
0.062441
0.0628776
0.0633927
0.0640201
0.0648123
0.0657819
0.0668274
0.0677538
0.0682486
0.0680201
0.0669046
0.0650044
0.0625994
0.0600097
0.0574988
0.0552147
0.0532166
0.0515116
0.05007
0.048883
0.0479162
0.0471774
0.0466619
0.0463716
0.0463106
0.0464717
0.0468579
0.0474731
0.0482826
0.0492782
0.0504094
0.051645
0.0529425
0.0542744
0.0556374
0.0570517
0.0585492
0.0601911
0.0620413
0.0641359
0.0665116
0.0691405
0.0719244
0.0746491
0.0769656
0.0784188
0.0786321
0.0774959
0.0752684
0.0724324
0.0694829
0.0667928
0.0645528
0.0628447
0.0616697
0.0610009
0.0607989
0.0610277
0.0616345
0.0625831
0.0638039
0.0652219
0.0666906
0.0680553
0.0691481
0.0698479
0.0701053
0.0700089
0.0697258
0.0694124
0.0692142
0.0692117
0.069443
0.0699056
0.0705785
0.0714388
0.072498
0.0737511
0.075169
0.0766369
0.0779464
0.078764
0.0787666
0.0778465
0.0761646
0.0741043
0.0720801
0.0703943
0.0692127
0.0685467
0.0683165
0.0683843
0.0685752
0.0687113
0.0686537
0.0683271
0.0677287
0.0669241
0.0659946
0.0650353
0.0641294
0.0633455
0.062704
0.0622256
0.0619109
0.0617606
0.0617591
0.0619043
0.0621871
0.062575
0.0630184
0.0634269
0.0637055
0.0637669
0.0635555
0.063102
0.0624919
0.0618335
0.0612225
0.0607324
0.0603645
0.0601058
0.0599306
0.0598006
0.0597084
0.0596747
0.0597109
0.0598139
0.0599979
0.0602395
0.0605225
0.0608165
0.0610801
0.0612929
0.0614079
0.0614154
0.0612816
0.0609798
0.0604935
0.0598176
0.0589841
0.0580226
0.0569835
0.0559247
0.0549056
0.0539708
0.0531536
0.0524767
0.0519477
0.0515755
0.0513597
0.0512961
0.0514086
0.0516976
0.0521669
0.0528033
0.0535775
0.0544202
0.0552462
0.0559308
0.0563598
0.0564638
0.0562403
0.0557688
0.0551819
0.0546102
0.0541689
0.0539453
0.0539774
0.0542785
0.0548383
0.0556464
0.0566577
0.0578537
0.0591855
0.0605938
0.0620232
0.0634143
0.0647006
0.0658263
0.0667543
0.0674566
0.0679161
0.068116
0.0680472
0.06774
0.0672284
0.0665755
0.0658661
0.0651531
0.0644893
0.0638964
0.0633534
0.0628284
0.0622687
0.0616394
0.0609069
0.0600721
0.0591432
0.0581771
0.0572209
0.0563396
0.0555979
0.0550453
0.054726
0.0546732
0.0548828
0.0553196
0.0559233
0.0565877
0.057168
0.0575302
0.0575677
0.0572478
0.0566076
0.0557553
0.0548302
0.0539648
0.0532698
0.0527991
0.0525988
0.0526976
0.0531132
0.0538626
0.0549515
0.0563918
0.0581636
0.0602165
0.0624793
0.0648181
0.0670647
0.0690561
0.0706496
0.0717834
0.0724868
0.0728485
0.0729875
0.0729878
0.0728663
0.0726153
0.0722092
0.0716138
0.0708301
0.0698667
0.0687466
0.0674861
0.0661117
0.0646552
0.063159
0.0616864
0.0602965
0.0590667
0.058042
0.0572677
0.0567598
0.0564976
0.0564599
0.0566035
0.0568772
0.0572158
0.0575485
0.0578271
0.0579909
0.0580088
0.0578579
0.0575468
0.0570895
0.0565367
0.0559094
0.0552485
0.0545852
0.0539547
0.0533837
0.0528819
0.0524785
0.0521659
0.0519362
0.0517853
0.0516978
0.0516664
0.0516718
0.0517101
0.0517792
0.0518849
0.0520281
0.0522187
0.0524555
0.0527377
0.0530708
0.053448
0.0538618
0.0543031
0.0547797
0.0552914
0.0558558
0.0565108
0.0572811
0.0582079
0.0593248
0.0607245
0.0625074
0.064782
0.0676441
0.0710647
0.0747107
0.0778606
0.0795544
0.0791712
0.0769102
0.0736382
0.0702384
0.0672283
0.0647616
0.0628019
0.0612269
0.0599317
0.0588208
0.0578598
0.0570053
0.0562322
0.0555147
0.0548341
0.0541782
0.0535242
0.0528743
0.0522283
0.0516006
0.0510109
0.050464
0.0499711
0.0495435
0.0491826
0.0489011
0.0487051
0.0485956
0.0485722
0.0486544
0.0488308
0.0491055
0.0494678
0.0498953
0.0503743
0.0508696
0.0513404
0.0517438
0.0520626
0.052276
0.0523982
0.052447
0.0524542
0.0524582
0.0524746
0.0525145
0.0525858
0.0526694
0.0527554
0.0528088
0.0528069
0.0527275
0.0525574
0.052293
0.0519721
0.0515901
0.0511722
0.0507372
0.0503169
0.0499395
0.0496289
0.0494036
0.0492794
0.0492495
0.049323
0.0494958
0.0497716
0.0501493
0.0506333
0.051228
0.0519335
0.0527639
0.0537301
0.0548508
0.0561333
0.057556
0.0590679
0.0605791
0.06195
0.0630196
0.0636718
0.0638694
0.0636661
0.0631833
0.0625499
0.0618762
0.0612576
0.0607483
0.0603691
0.0601273
0.0600344
0.06009
0.060271
0.0605356
0.0608661
0.061244
0.0616447
0.062065
0.0625137
0.0629926
0.0635383
0.0641683
0.0648873
0.0657185
0.0666475
0.067667
0.0687775
0.0699464
0.0711577
0.072377
0.0735757
0.0747097
0.0757479
0.0766172
0.0772669
0.0776261
0.0776191
0.0772141
0.0764621
0.0754762
0.0744537
0.073606
0.073081
0.0728244
0.0726093
0.0720145
0.0706524
0.068362
0.0653536
0.0620574
0.0589101
0.0562023
0.0540521
0.0524584
0.0513756
0.0507515
0.050555
0.0507426
0.0513174
0.0522561
0.0535351
0.055096
0.0568488
0.0586263
0.0602124
0.0614174
0.0621108
0.0622622
0.0619241
0.0611668
0.0600423
0.0586197
0.0569977
0.0552864
0.0536238
0.0521177
0.0508373
0.0498366
0.0491378
0.0487387
0.0486235
0.048765
0.0491346
0.0496986
0.0504018
0.0511762
0.0519381
0.0526118
0.0531346
0.053473
0.0536364
0.0536555
0.053587
0.0534795
0.0533914
0.0533376
0.0533209
0.0533423
0.053389
0.0534361
0.0534814
0.05351
0.0535224
0.0535227
0.0535088
0.0535021
0.0535288
0.0535993
0.053731
0.0539357
0.0542255
0.0546049
0.0550833
0.0556479
0.0562682
0.056908
0.0575081
0.0579951
0.0582748
0.0582576
0.0578742
0.0571264
0.0560697
0.0548109
0.0534692
0.0521672
0.0509993
0.0500175
0.049239
0.0486695
0.0482826
0.0480522
0.0479607
0.0479766
0.0480741
0.0482294
0.0484181
0.0486304
0.048845
0.0490558
0.0492638
0.049466
0.0496703
0.0498843
0.0501204
0.0503895
0.0506912
0.0510307
0.0514074
0.0518107
0.0522197
0.0526319
0.0530488
0.0534576
0.0538669
0.0543049
0.054807
0.0554074
0.0561578
0.0570849
0.058215
0.0595142
0.0609015
0.0622265
0.0632881
0.063879
0.0638622
0.0631899
0.0619352
0.0602591
0.0583309
0.0562921
0.0542658
0.052334
0.0505338
0.0488952
0.0474269
0.0461351
0.0450251
0.0440875
0.043314
0.0426919
0.0422102
0.0418539
0.0416176
0.0414856
0.0414471
0.0414986
0.0416364
0.0418645
0.0421738
0.0425709
0.0430732
0.0436902
0.0444409
0.0453536
0.0464409
0.0477294
0.0492309
0.0509525
0.0528611
0.0549078
0.0570065
0.0590582
0.0609501
0.0625551
0.0636908
0.0641563
0.0638108
0.062705
0.0610821
0.0592704
0.0576067
0.0563436
0.0556168
0.0554959
0.0560117
0.0571803
0.0589891
0.0614213
0.0644175
0.0678362
0.07145
0.0749761
0.0780781
0.0803876
0.0815597
0.0814091
0.0800587
0.0779264
0.0755599
0.0733772
0.071546
0.0700479
0.0687577
0.0675346
0.0662535
0.0648428
0.0633009
0.0616393
0.0599048
0.0581476
0.0564261
0.0547881
0.0532639
0.0518802
0.0506493
0.0495787
0.0486689
0.0479293
0.0473515
0.0469315
0.046661
0.046549
0.0465882
0.0467838
0.0471176
0.0475808
0.04815
0.0487975
0.0494739
0.0501099
0.0506274
0.0509783
0.0511348
0.0511008
0.050908
0.0506189
0.0502851
0.0499714
0.0497359
0.049625
0.0496729
0.049908
0.0503422
0.0509967
0.0518858
0.0530088
0.0543653
0.0559392
0.0576831
0.0595229
0.0613409
0.062981
0.0643056
0.0652116
0.0656661
0.0657072
0.0654365
0.0649538
0.0643457
0.0636807
0.0630314
0.0624412
0.0619517
0.0616068
0.0614668
0.0615576
0.0619456
0.0626853
0.0638309
0.0654713
0.0677046
0.0706513
0.0744108
0.0789739
0.0839807
0.0885531
0.0914324
0.0917042
0.0894559
0.0856676
0.0814246
0.0773925
0.0738602
0.070889
0.0684818
0.0666504
0.0653825
0.0646994
0.0645914
0.0650469
0.0660393
0.0675032
0.0693703
0.0715438
0.0739262
0.0764438
0.0790094
0.0815487
0.0839346
0.0859717
0.0873596
0.0877982
0.0870724
0.0851074
0.0820197
0.0781039
0.07374
0.0693279
0.0651677
0.0614462
0.05828
0.0557011
0.0537188
0.0523232
0.0514911
0.0512318
0.0515512
0.0525094
0.0541722
0.0565752
0.0596823
0.0632742
0.0669047
0.070028
0.0721962
0.0733159
0.0735558
0.073154
0.0722702
0.0711088
0.0699246
0.0690082
0.0685883
0.0687208
0.0693353
0.0702551
0.0712498
0.0720907
0.0725571
0.0725015
0.0717961
0.0704098
0.0684241
0.0660258
0.0634416
0.0608989
0.0585757
0.05658
0.0549547
0.0536835
0.0527584
0.0521657
0.0518708
0.0518458
0.0520707
0.0525083
0.0531221
0.0538583
0.0546775
0.0555398
0.0563966
0.057216
0.0579442
0.0585368
0.058968
0.059219
0.0593375
0.0593788
0.0594265
0.0595538
0.0598143
0.0602011
0.0606489
0.06107
0.0613639
0.0614188
0.0611891
0.0606931
0.0600437
0.059396
0.0589427
0.0587915
0.0589901
0.0594773
0.0601194
0.0607585
0.061227
0.0614399
0.0613648
0.0610186
0.0604556
0.0597437
0.0589572
0.0582019
0.057581
0.0571774
0.0570261
0.0571261
0.0574349
0.0578976
0.0584549
0.0590667
0.0597028
0.0603219
0.0609338
0.0615457
0.0621704
0.0628027
0.0634331
0.0640282
0.064523
0.0648472
0.0649217
0.0646735
0.0640634
0.0630874
0.06179
0.0602675
0.0586512
0.0570633
0.0556184
0.0544124
0.0535056
0.052926
0.0526718
0.0527139
0.0529898
0.0534353
0.0539746
0.0545346
0.0550762
0.0555757
0.0560553
0.0565543
0.057122
0.0578014
0.0586057
0.0595205
0.0604992
0.0614667
0.0623192
0.062949
0.0632568
0.0631718
0.0626922
0.0618597
0.0607758
0.0595726
0.0583751
0.0573058
0.0564458
0.0558661
0.0555904
0.0556185
0.0559445
0.0565251
0.0573165
0.058262
0.0592947
0.0603597
0.0614035
0.0623908
0.0632916
0.0641466
0.0649638
0.0657606
0.0665611
0.0673872
0.0682343
0.0690817
0.0698987
0.0706262
0.0712094
0.0715813
0.0716965
0.0714957
0.0709736
0.0701324
0.0690136
0.0676916
0.0662483
0.064766
0.0633308
0.0620064
0.0608381
0.0598702
0.0591306
0.0586335
0.0583886
0.0584134
0.0587096
0.0592551
0.0600451
0.0610434
0.0621884
0.0633873
0.0645172
0.0654528
0.0660508
0.0662038
0.0658707
0.0650764
0.0639366
0.0625636
0.0610945
0.0596549
0.0583282
0.0571783
0.0562505
0.0555751
0.0551661
0.0550294
0.0551553
0.0555146
0.0560821
0.0568071
0.0576346
0.0585107
0.0593956
0.0602725
0.061128
0.0619817
0.0628707
0.0638228
0.0648762
0.0660486
0.0673488
0.0687364
0.0701528
0.0714884
0.0725936
0.0733415
0.0736163
0.0734032
0.0727405
0.0717334
0.0704904
0.0691156
0.067682
0.0662361
0.0647986
0.0633875
0.0620327
0.0607682
0.0596517
0.0587167
0.0580146
0.0575653
0.0574109
0.057556
0.0579925
0.058686
0.0595958
0.060667
0.0618435
0.06308
0.0643475
0.0656381
0.0669394
0.0682644
0.0696303
0.0710002
0.0722992
0.0734053
0.074149
0.0743848
0.0740434
0.0731621
0.071885
0.0704495
0.0690994
0.0680515
0.0674646
0.0674276
0.0679519
0.0689729
0.0703042
0.0716538
0.0726483
0.0729331
0.0723525
0.0709824
0.0691073
0.0670714
0.0651312
0.0634233
0.0619997
0.0608367
0.0598857
0.0590847
0.0583667
0.0577049
0.0570515
0.0563813
0.0556906
0.0549646
0.0542245
0.0535016
0.0528082
0.0521779
0.0516231
0.0511696
0.0508333
0.0506274
0.0505526
0.0506149
0.0508017
0.0510979
0.0514952
0.051953
0.0524294
0.0528798
0.0532548
0.0535225
0.0536618
0.053673
0.0535781
0.0534022
0.0531925
0.052984
0.0528184
0.0527061
0.0526756
0.05274
0.0529329
0.0532833
0.0538005
0.0545223
0.0554986
0.0567533
0.0583259
0.0602469
0.0625313
0.0651598
0.0680733
0.0711516
0.0741796
0.0768632
0.0788557
0.0799038
0.0799346
0.0791103
0.0777802
0.0763347
0.0751259
0.0743722
0.0741806
0.0745101
0.0752222
0.0761059
0.0769739
0.0777258
0.0784137
0.0791739
0.0801736
0.0815367
0.0832594
0.0851256
0.0867033
0.0873911
0.0866941
0.0845423
0.0813593
0.077793
0.0743878
0.071459
0.069129
0.0673712
0.0660986
0.065228
0.0646653
0.0643579
0.0642446
0.0643151
0.0645606
0.0650185
0.0657245
0.0667194
0.0680171
0.0695984
0.0713591
0.0730954
0.0745126
0.0753111
0.0752602
0.0743277
0.0726544
0.0704705
0.0680311
0.0655164
0.0630339
0.0606361
0.0583582
0.0562197
0.0542708
0.0525668
0.0511398
0.0500147
0.0492141
0.0487549
0.0486513
0.0488972
0.0495073
0.0504924
0.0518456
0.0535518
0.0555371
0.0576736
0.0597585
0.0615385
0.0628062
0.06345
0.0635217
0.0632164
0.0627521
0.0623215
0.0620291
0.0619175
0.0619712
0.0621702
0.0624755
0.0628338
0.0632165
0.0635909
0.0639597
0.0643234
0.0646972
0.0651052
0.0655714
0.0661068
0.066738
0.0674948
0.0683926
0.0694362
0.0705982
0.0718189
0.0730277
0.0741232
0.0749927
0.075593
0.0759151
0.0760067
0.0759434
0.0757999
0.0756196
0.0754199
0.0751954
0.0749188
0.0745568
0.0740654
0.0734064
0.0726043
0.0716989
0.0707542
0.0698693
0.0691414
0.068654
0.0684478
0.0685199
0.0687741
0.0690701
0.0692103
0.0689934
0.0682868
0.0670532
0.0654118
0.0635475
0.0616395
0.0598367
0.0582226
0.0567992
0.0555468
0.054421
0.0533988
0.0524495
0.0515543
0.0507243
0.0499767
0.0493155
0.048759
0.0483094
0.0479765
0.0477402
0.0475952
0.0475216
0.0475217
0.0475663
0.047666
0.0478102
0.0479891
0.0481945
0.0484094
0.0486542
0.0489203
0.0492068
0.0495182
0.0498566
0.0502317
0.0506519
0.0511361
0.0517238
0.0524752
0.0534229
0.0546329
0.0561476
0.0579636
0.0600327
0.0621997
0.0642079
0.0657406
0.0665841
0.0667267
0.0663588
0.0657855
0.0652848
0.0650243
0.0650649
0.0653416
0.0657018
0.0659439
0.0658736
0.0653395
0.0643114
0.0629015
0.0612863
0.0596673
0.0581795
0.0569374
0.0559759
0.0553008
0.0548671
0.0546674
0.0546731
0.0548443
0.0551462
0.0555529
0.0560281
0.0565399
0.0570685
0.0575919
0.0580934
0.0585672
0.0589944
0.0593716
0.059688
0.0599499
0.0601646
0.0603616
0.0605621
0.0608014
0.0611088
0.0615028
0.0619934
0.0625822
0.0632588
0.0639924
0.0647466
0.0654746
0.0661584
0.0667556
0.0672506
0.0676465
0.0679462
0.0681664
0.0683276
0.0684488
0.0685515
0.0686303
0.0686838
0.0687116
0.0686997
0.0686268
0.0684655
0.0681784
0.0677422
0.067164
0.0664627
0.0656736
0.064876
0.0641436
0.0635697
0.0632493
0.0632636
0.0636998
0.0646317
0.0660825
0.0679729
0.0701041
0.0721117
0.0735066
0.0738459
0.0729072
0.0708131
0.0679657
0.0648478
0.0618698
0.0592798
0.0571809
0.0555913
0.054476
0.0537823
0.0534476
0.0534186
0.0536548
0.0541102
0.0547748
0.0556198
0.0566267
0.0577712
0.0590525
0.0604523
0.0619508
0.0635181
0.0651049
0.0666559
0.0680906
0.0693163
0.0702437
0.0707973
0.0709243
0.0706277
0.0699331
0.0688991
0.0676083
0.0661647
0.0646587
0.0631726
0.061777
0.0605218
0.0594531
0.0586074
0.0580059
0.0576542
0.0575474
0.0576439
0.0578958
0.0582377
0.058572
0.0587992
0.0588523
0.0586864
0.0583099
0.0577742
0.0571606
0.0565347
0.0559466
0.0554311
0.0550092
0.0546763
0.0544292
0.0542585
0.0541633
0.0541503
0.0542386
0.0544469
0.0547894
0.0552792
0.0559156
0.0566589
0.0574368
0.0581467
0.0586786
0.058938
0.0588817
0.0585271
0.0579378
0.0572048
0.0564377
0.0557159
0.0550898
0.0546001
0.0542747
0.0541329
0.054205
0.0545168
0.0551073
0.0560168
0.0572923
0.0589519
0.0609756
0.0632677
0.0656052
0.0676662
0.0690781
0.0695632
0.0690865
0.0678668
0.0662712
0.0646546
0.0632877
0.062326
0.0618321
0.0617822
0.0621282
0.0627852
0.0636522
0.0646212
0.0655829
0.0664257
0.0670666
0.0674465
0.0675503
0.0673968
0.0670421
0.0665527
0.0659831
0.0653725
0.0647536
0.0641432
0.0635363
0.0629365
0.0623375
0.0617361
0.0611498
0.0606006
0.0601234
0.059769
0.0595784
0.05959
0.0598192
0.0602209
0.060677
0.0610035
0.0609872
0.0604735
0.0594292
0.0579817
0.0563465
0.0547591
0.0534115
0.0524301
0.0518848
0.0518074
0.0521949
0.0530064
0.0541652
0.0555122
0.0568211
0.057829
0.0583284
0.0582792
0.0577925
0.0571107
0.0564942
0.0561403
0.0561573
0.0565686
0.0573315
0.058372
0.0595864
0.0608584
0.0620903
0.0632259
0.0642572
0.0652302
0.0661823
0.0671608
0.068152
0.0691083
0.0699697
0.0706628
0.0711491
0.0714255
0.0715246
0.0714957
0.0713957
0.0712728
0.0711387
0.0709887
0.0707674
0.0704066
0.0698519
0.0690708
0.0680578
0.0668716
0.0655648
0.0642201
0.0628976
0.0616649
0.0605662
0.0596199
0.05883
0.0581829
0.0576474
0.0571866
0.0567669
0.0563368
0.0558723
0.0553667
0.0548145
0.0542194
0.0536101
0.0530075
0.0524251
0.0518831
0.0513894
0.0509521
0.050588
0.0502957
0.0500804
0.0499371
0.0498529
0.0498237
0.0498558
0.0499446
0.0500916
0.050302
0.0505734
0.0509108
0.0513262
0.0518089
0.0523622
0.0529809
0.0536505
0.0543638
0.055095
0.0558134
0.0564939
0.0571044
0.0576195
0.0580193
0.0582989
0.0584631
0.0585246
0.0585057
0.0584245
0.0583112
0.0581802
0.0580411
0.0579033
0.0577776
0.0576722
0.0576012
0.0575706
0.0575852
0.0576648
0.0578352
0.0581116
0.0585156
0.0590737
0.0598179
0.0607602
0.0618814
0.0631207
0.0643393
0.065348
0.0659396
0.0659841
0.065477
0.0645758
0.0635302
0.0625994
0.0619853
0.0618114
0.0621316
0.0629321
0.0641421
0.0656403
0.0672912
0.0689495
0.0704782
0.0717349
0.0725565
0.0728007
0.0723892
0.0713651
0.0699018
0.0682112
0.0664835
0.0647991
0.0631341
0.0614294
0.059631
0.0577656
0.0558992
0.054137
0.0525808
0.0513095
0.0503588
0.0497306
0.0494256
0.0494409
0.0497794
0.0504396
0.0514364
0.0528107
0.0545882
0.0568217
0.0595258
0.0626981
0.0662589
0.0699861
0.0734909
0.076238
0.0777505
0.077841
0.0767267
0.0748729
0.0727314
0.0706122
0.068641
0.0668649
0.0653028
0.0639524
0.0628593
0.0620249
0.0614648
0.0611797
0.0611647
0.0614068
0.0618683
0.0625181
0.0633039
0.0641989
0.0651784
0.0662223
0.0673308
0.0685148
0.0698036
0.0711952
0.0726404
0.073964
0.0748968
0.0751531
0.0745566
0.0732014
0.0713632
0.0693959
0.0675532
0.0659601
0.0646337
0.06355
0.0626688
0.0619784
0.0614794
0.0611797
0.0611007
0.0612469
0.061603
0.062125
0.062715
0.0632534
0.0636004
0.0636205
0.0632344
0.062463
0.0613886
0.0601276
0.058805
0.0575282
0.0563746
0.0553909
0.0546006
0.0540186
0.0536353
0.0534501
0.0534476
0.0536119
0.053921
0.054362
0.0549107
0.0555414
0.0562141
0.0569338
0.0576671
0.0584008
0.0591269
0.0598286
0.0604947
0.0611081
0.0616692
0.0621804
0.0626685
0.0631544
0.0636706
0.0642359
0.0648497
0.0654712
0.0660235
0.0664383
0.0666923
0.0668162
0.0669035
0.0670613
0.0673845
0.0679055
0.0685955
0.0693722
0.0701338
0.0707954
0.0712694
0.0715384
0.0715832
0.07143
0.0710833
0.0705546
0.0698486
0.0690003
0.0680306
0.0669725
0.0658665
0.0647368
0.0636156
0.0625392
0.061541
0.0606477
0.0599025
0.0593486
0.0590264
0.0589405
0.0590785
0.0593768
0.0597132
0.0599487
0.0599174
0.0595272
0.0587692
0.0577259
0.0565344
0.0553484
0.0542839
0.0534231
0.0527937
0.0524037
0.0522466
0.0522898
0.0525206
0.0529168
0.0534557
0.0541178
0.0548823
0.0557048
0.0565518
0.0573801
0.0581521
0.0588238
0.0593582
0.059747
0.06001
0.0601652
0.0602772
0.0603953
0.0605971
0.0609519
0.0615206
0.0623216
0.0633576
0.0645823
0.0659148
0.0672223
0.0683298
0.0690618
0.0692704
0.068888
0.0679473
0.0665719
0.0649484
0.0632462
0.061619
0.0601675
0.058944
0.0579542
0.0571858
0.05662
0.0562362
0.0559992
0.0558939
0.055919
0.0560648
0.0563235
0.056715
0.0572272
0.0578403
0.0585358
0.0592847
0.0600573
0.060812
0.0614934
0.0620545
0.0624632
0.0626721
0.0626764
0.062485
0.0621179
0.0616075
0.0609933
0.0603216
0.0596313
0.0589394
0.0582835
0.0576905
0.0571811
0.0567838
0.0565279
0.0564374
0.0565566
0.056933
0.0576095
0.0586317
0.0600227
0.0617469
0.0636753
0.065574
0.0671593
0.0681577
0.0684652
0.0681724
0.0675663
0.0669278
0.0664576
0.066271
0.0663972
0.0667993
0.0673939
0.068072
0.0686949
0.069114
0.0691924
0.0688429
0.068043
0.0668638
0.0654156
0.0638456
0.0622683
0.0607661
0.0593975
0.0581981
0.0571851
0.0563783
0.055792
0.0554105
0.0552479
0.0553278
0.0556434
0.0561989
0.0569858
0.0579926
0.0591884
0.0605169
0.0619113
0.063299
0.064615
0.0657907
0.0668097
0.0676644
0.0683989
0.0691265
0.0699772
0.0710994
0.0725925
0.0744193
0.0763704
0.0780553
0.0790497
0.0791148
0.07833
0.0770361
0.0755902
0.0742533
0.0731649
0.0723483
0.0717732
0.0713966
0.0711202
0.0708598
0.070501
0.0699841
0.069259
0.068317
0.067182
0.0659286
0.0646409
0.0633982
0.062289
0.0613668
0.0606603
0.0601883
0.059955
0.0599525
0.0601634
0.0605727
0.0611503
0.0618515
0.0626231
0.063375
0.0640036
0.0643968
0.0644777
0.064233
0.0637216
0.0630606
0.0623531
0.0616864
0.0610886
0.0605655
0.0600888
0.0596262
0.0591611
0.0586911
0.0582442
0.0578663
0.0576151
0.0575289
0.0576378
0.0579448
0.058444
0.0590823
0.0597586
0.0603516
0.0607398
0.0608308
0.0606024
0.0601089
0.0594524
0.0587617
0.0581569
0.0577408
0.0575682
0.0576689
0.058045
0.0586792
0.0595255
0.0605059
0.061522
0.062452
0.0631707
0.063564
0.0635643
0.0631614
0.0624003
0.0613723
0.0601886
0.0589519
0.0577409
0.0566135
0.0556029
0.0547275
0.0539912
0.0533869
0.0529118
0.0525566
0.0523223
0.0521957
0.0521731
0.0522541
0.0524319
0.0526905
0.05303
0.0534325
0.0538944
0.0544216
0.0550109
0.0556697
0.0564052
0.0572351
0.0581681
0.0592073
0.0603243
0.061468
0.0625563
0.0634976
0.0642044
0.0646364
0.064825
0.0648417
0.0647825
0.0647241
0.0647242
0.0647947
0.0648976
0.0649645
0.0648988
0.0646334
0.0641193
0.0633468
0.0623391
0.0611984
0.0600282
0.0589452
0.0580328
0.05734
0.0568784
0.0566112
0.0565188
0.0565358
0.0565784
0.0566033
0.0565638
0.0564803
0.0563987
0.0563572
0.0564418
0.0567105
0.0572069
0.057946
0.0589079
0.0600399
0.0612647
0.062472
0.0635374
0.0643546
0.0648798
0.0651152
0.0651539
0.0650924
0.0650461
0.0650921
0.065266
0.0655875
0.0660396
0.0665982
0.0672309
0.0679059
0.0685902
0.0692513
0.0698644
0.0704388
0.0709829
0.0715332
0.072122
0.0727888
0.0735699
0.0744564
0.0753777
0.0761653
0.0766368
0.0766216
0.0760787
0.0750794
0.073804
0.0724621
0.0712156
0.0701689
0.069336
0.0686865
0.0681642
0.0677132
0.0672869
0.0668475
0.0663553
0.0658195
0.0652391
0.0646256
0.0640108
0.0634165
0.0628714
0.0623843
0.0619683
0.0616236
0.061336
0.0610788
0.0608153
0.0605134
0.0601358
0.0596632
0.0590867
0.0584017
0.0576284
0.0567844
0.0559109
0.0550326
0.0541798
0.0533773
0.0526321
0.0519585
0.0513538
0.0508186
0.0503508
0.049951
0.0496082
0.0493129
0.0490666
0.0488646
0.0487038
0.0485869
0.0485205
0.0484915
0.0485003
0.0485464
0.0486384
0.0487895
0.0490145
0.0493234
0.0497455
0.0503065
0.051037
0.0519634
0.0530966
0.054424
0.055886
0.0573619
0.0586704
0.0595989
0.0600061
0.0598736
0.0593173
0.0585568
0.0578414
0.05738
0.057319
0.0577217
0.0585851
0.0598326
0.0612895
0.062704
0.06377
0.0642585
0.0641099
0.0634519
0.062493
0.0614403
0.060422
0.0594604
0.0585364
0.0576099
0.0566828
0.0557586
0.0548675
0.0540317
0.0532825
0.052658
0.0521717
0.0518329
0.0516471
0.0516205
0.0517532
0.0520443
0.0525024
0.0531232
0.0539068
0.054846
0.0559295
0.0571331
0.0584429
0.059792
0.0611352
0.0624164
0.0635485
0.0644561
0.0650759
0.0653391
0.0652181
0.0647274
0.0639168
0.0628754
0.0617229
0.060567
0.0595121
0.0586358
0.0579849
0.0575945
0.0574603
0.057578
0.0579226
0.0584422
0.0590423
0.0596149
0.0600449
0.0602097
0.0600577
0.0595787
0.0588275
0.0579022
0.0569061
0.0559396
0.055083
0.054387
0.0538995
0.0536453
0.0536548
0.0539417
0.0545157
0.0553763
0.0565437
0.0580226
0.059812
0.0619007
0.0642687
0.0668596
0.0695878
0.072317
0.0748409
0.0769084
0.0782923
0.0788857
0.0787516
0.0780643
0.0769851
0.0756059
0.0739234
0.0719193
0.0696107
0.0670769
0.0644551
0.0618859
0.0595003
0.0573855
0.0555735
0.0540713
0.0528491
0.0518753
0.0511097
0.0505276
0.0500975
0.0497701
0.0495344
0.0493791
0.0492916
0.049254
0.0492603
0.0492978
0.0493534
0.0494256
0.0495093
0.0495986
0.0496931
0.0497944
0.0499007
0.0500066
0.0501098
0.0502146
0.0503259
0.0504483
0.0505799
0.0507163
0.0508579
0.050995
0.0511272
0.051259
0.0513964
0.0515546
0.051749
0.0520063
0.0523495
0.0528145
0.0534418
0.0542655
0.0553131
0.0566011
0.0581338
0.0598869
0.0618036
0.0637733
0.0656506
0.0672632
0.0684281
0.069011
0.068972
0.068395
0.0674951
0.0665055
0.0656091
0.0649054
0.0644072
0.0640792
0.0638705
0.0637574
0.06377
0.0639561
0.0643645
0.0650001
0.0657684
0.0664853
0.0669446
0.066989
0.0666192
0.0659883
0.0653382
0.0648717
0.064682
0.0647831
0.0650894
0.0654745
0.0657814
0.0658929
0.0657537
0.0653571
0.0647581
0.0640241
0.0632507
0.0624833
0.0617531
0.0610788
0.0604806
0.059946
0.0594769
0.0590686
0.0587258
0.058438
0.0582
0.057993
0.0578041
0.0575926
0.0573426
0.0570258
0.056619
0.0561152
0.0555248
0.0548601
0.0541529
0.0534353
0.0527394
0.0520804
0.051473
0.0509362
0.050496
0.0501552
0.0499182
0.0497817
0.0497528
0.0498301
0.0500051
0.0502838
0.0506612
0.0511262
0.0516624
0.0522757
0.0529622
0.0537186
0.0545142
0.0553285
0.0561377
0.0569143
0.0576336
0.0582755
0.058818
0.059257
0.0595826
0.0598034
0.0599309
0.0599764
0.0599566
0.0598912
0.0597896
0.0596577
0.0595005
0.0593216
0.0591391
0.0589629
0.0588166
0.0587061
0.0586376
0.0586127
0.0586305
0.0586745
0.0587396
0.0587911
0.0588054
0.0587444
0.0585832
0.0583127
0.057957
0.0575311
0.0571109
0.0567407
0.0564619
0.0563269
0.0563322
0.0564765
0.0567574
0.0571494
0.0576426
0.0582205
0.058881
0.0596105
0.0604375
0.0613602
0.0623605
0.0634122
0.0644606
0.0654325
0.0662649
0.0669103
0.0673345
0.067544
0.0675795
0.0675389
0.0675271
0.0676482
0.0680446
0.0688715
0.0702457
0.0721997
0.0745793
0.0768863
0.0782901
0.078105
0.0762781
0.073489
0.0706454
0.0684751
0.0673569
0.0673912
0.0685361
0.0706231
0.0733333
0.0761782
0.0785605
0.0799652
0.08021
0.0794096
0.0778351
0.0757322
0.0733176
0.0707844
0.0683224
0.0660535
0.0640289
0.0622436
0.0606556
0.0592428
0.0579922
0.0568987
0.055978
0.0552594
0.0547754
0.0545494
0.054598
0.0549496
0.055615
0.0566256
0.0579974
0.0597285
0.0618102
0.0642036
0.0668699
0.0697297
0.0726495
0.0754455
0.0778789
0.0797223
0.0808548
0.0813437
0.0814121
0.0813525
0.0814299
0.0817986
0.0824913
0.0833988
0.0842865
0.0848489
0.0847991
0.0839878
0.082453
0.0804247
0.0782196
0.0761434
0.0744554
0.0733078
0.0728259
0.0730576
0.0739639
0.0753634
0.0768559
0.0778764
0.0779141
0.0767563
0.0746464
0.0720763
0.0695453
0.0673665
0.0656459
0.0643885
0.0635316
0.063021
0.0627982
0.0628331
0.0631142
0.06362
0.0643541
0.0653316
0.0665422
0.067968
0.0695378
0.0711077
0.0724958
0.0734758
0.0738625
0.0736241
0.072865
0.0718084
0.0706746
0.0696326
0.0687958
0.0682006
0.0678706
0.0678295
0.0680969
0.0686745
0.069609
0.0708826
0.0724439
0.0742124
0.0760795
0.0779108
0.0795673
0.0809389
0.0819799
0.0826606
0.0829718
0.0829656
0.0826595
0.0821213
0.081455
0.0807265
0.0799916
0.0792582
0.0784714
0.0775769
0.0765664
0.0754171
0.0741404
0.0727461
0.0712691
0.0697202
0.0681236
0.0665057
0.0649064
0.0633765
0.0619815
0.06078
0.0598587
0.0592663
0.0590584
0.0592553
0.0598692
0.060898
0.0622756
0.0638945
0.0655799
0.0671428
0.0683807
0.0691637
0.0694363
0.0692433
0.0686675
0.067798
0.0667132
0.065478
0.0641443
0.0627719
0.0614175
0.0601304
0.0589627
0.0579378
0.0570755
0.0563787
0.055847
0.0554739
0.0552639
0.0552154
0.0553203
0.0555733
0.0559789
0.05653
0.0572351
0.0580821
0.0590514
0.0601127
0.0612069
0.0622645
0.0631938
0.0639049
0.0643357
0.0644771
0.0643626
0.0640706
0.0636902
0.0633025
0.0629413
0.0626315
0.0623552
0.0620993
0.061831
0.0615212
0.0611465
0.0607032
0.0601949
0.0596393
0.0590576
0.0584699
0.0578975
0.0573596
0.0568693
0.0564192
0.0560015
0.0556148
0.0552563
0.0549105
0.0545746
0.0542699
0.0540019
0.053806
0.0537142
0.0537567
0.0539686
0.0543835
0.0550333
0.0559348
0.0570765
0.0584152
0.0598715
0.0613268
0.0626263
0.0636361
0.0642676
0.0645331
0.0645154
0.0643336
0.0641156
0.0639745
0.0639653
0.0641096
0.0643885
0.0647548
0.0651488
0.0655143
0.0658059
0.0660016
0.0661255
0.0662331
0.0664131
0.066741
0.0672533
0.0679081
0.0685709
0.0690768
0.0692771
0.0690912
0.0685417
0.0677189
0.0667154
0.0656115
0.0644611
0.0633133
0.0622156
0.0612254
0.0603926
0.0597606
0.0593449
0.0591505
0.0591827
0.0594182
0.0598376
0.0604267
0.0611497
0.0619849
0.0628993
0.06385
0.0647962
0.0656868
0.0664845
0.0671774
0.0677348
0.0681218
0.0683623
0.0684591
0.0684461
0.0683411
0.0681746
0.0679956
0.0678479
0.0677648
0.0677643
0.0678474
0.0679945
0.0681532
0.0682619
0.0682556
0.0681001
0.0677536
0.0672553
0.0666595
0.0660577
0.0655574
0.0652265
0.0651322
0.0653061
0.0657619
0.0664523
0.0673045
0.068223
0.0690733
0.0697337
0.0700935
0.0700613
0.0696066
0.0687601
0.0676357
0.0663729
0.0651442
0.0641002
0.0633687
0.0630248
0.0631116
0.0635884
0.0643689
0.0653052
0.0661564
0.0666979
0.0667386
0.0662204
0.0652295
0.0639318
0.0625174
0.0611595
0.0599594
0.0589697
0.0581965
0.0576262
0.0572419
0.0570281
0.0569647
0.0570385
0.0572323
0.0575243
0.0579195
0.0584219
0.0590288
0.0597474
0.0605721
0.061516
0.0625824
0.0637854
0.0651262
0.0666159
0.0682474
0.0699797
0.0717232
0.0733177
0.0745722
0.075312
0.0754403
0.0749988
0.0741601
0.0731217
0.0720748
0.07112
0.0703101
0.0696312
0.0690441
0.0684899
0.0679187
0.067278
0.0665433
0.065708
0.0647719
0.063766
0.0627044
0.0616201
0.0605393
0.0594856
0.0584881
0.0575703
0.0567352
0.056002
0.0553733
0.0548543
0.0544488
0.0541488
0.0539629
0.0538993
0.0539581
0.0541563
0.0544961
0.0549902
0.0556428
0.0564447
0.0573796
0.0584165
0.0594991
0.0605436
0.0614541
0.0621307
0.0625233
0.0626123
0.0624271
0.0620471
0.0615497
0.061021
0.0605101
0.0600533
0.0596678
0.0593477
0.0590653
0.0588024
0.0585245
0.0582215
0.05791
0.0576123
0.0573537
0.0571608
0.0570623
0.057113
0.0573576
0.057838
0.0585909
0.0596381
0.0610141
0.062727
0.064771
0.0670942
0.0695633
0.0719531
0.0739771
0.0753154
0.0757199
0.0751142
0.0736318
0.0715356
0.0691126
0.0666098
0.0642068
0.0620136
0.0600811
0.0584096
0.0569922
0.0558094
0.0548524
0.0540942
0.0535179
0.0531149
0.0528785
0.052812
0.0529088
0.0531942
0.0536602
0.0543378
0.0552378
0.0563989
0.0578459
0.0595982
0.0616618
0.064
0.0665485
0.0691862
0.071762
0.0740815
0.0759605
0.0772714
0.077925
0.0778968
0.0772324
0.0760222
0.0744088
0.0725278
0.0705367
0.0685794
0.0667607
0.0651537
0.0637686
0.0625865
0.0615567
0.0606159
0.0597097
0.0588108
0.0579171
0.057045
0.0562179
0.0554777
0.0548569
0.0543989
0.0541287
0.0540313
0.0541043
0.054332
0.054681
0.0550902
0.0554938
0.0558219
0.0560225
0.0560626
0.0559228
0.0556317
0.0552337
0.0547937
0.0543821
0.0540765
0.0539263
0.0539943
0.0543487
0.0550595
0.0561908
0.0577967
0.0598865
0.0623995
0.0651757
0.0679747
0.0705271
0.0725808
0.0738906
0.0741541
0.073133
0.0708709
0.0678006
0.0645634
0.0617153
0.0595566
0.0581641
0.0574993
0.057493
0.058058
0.0590869
0.0604742
0.0621121
0.0638383
0.0654585
0.0667879
0.0676643
0.0679943
0.0677924
0.0671462
0.0662136
0.0651506
0.064098
0.0631617
0.0623986
0.061842
0.0615016
0.0613511
0.0613663
0.0615067
0.0617144
0.0619447
0.062156
0.0622983
0.0623356
0.0622262
0.0619595
0.0615402
0.060973
0.0602903
0.0595208
0.0587044
0.0578867
0.0571128
0.0564136
0.0558247
0.0553773
0.055083
0.0549665
0.0550324
0.0552788
0.0556914
0.0562189
0.0568088
0.0573777
0.0578429
0.0581336
0.0582122
0.0580758
0.0577611
0.057351
0.0569243
0.0565485
0.0562789
0.0561427
0.0561456
0.0562745
0.0565068
0.0568422
0.0572726
0.0577741
0.0583447
0.0589652
0.0596455
0.0603937
0.0612197
0.0621392
0.0631603
0.0642705
0.0654228
0.0664981
0.0672978
0.0676131
0.0673077
0.0663868
0.0650219
0.0634802
0.0620292
0.0608619
0.0600926
0.0597554
0.0598365
0.0603014
0.061105
0.0622002
0.063551
0.065145
0.0669583
0.0689553
0.0710763
0.0731971
0.0751167
0.0765763
0.0773612
0.0773861
0.0767554
0.0756894
0.0744188
0.0731338
0.0719215
0.0708128
0.0698178
0.0689193
0.0681016
0.0673648
0.066723
0.0661756
0.0657377
0.0654059
0.0651846
0.0650634
0.0650278
0.0650719
0.0651895
0.0653798
0.0656545
0.0660268
0.0665203
0.0671685
0.0680089
0.0690441
0.0702558
0.0715714
0.0728753
0.0740226
0.0748772
0.0753642
0.0754951
0.0753653
0.0751334
0.0750051
0.0752123
0.0759643
0.0774358
0.0796662
0.0825002
0.0855707
0.0883085
0.0900016
0.0899984
0.088089
0.0847169
0.0807911
0.0771519
0.0742358
0.0721223
0.0706713
0.0696906
0.0690133
0.0685181
0.0681355
0.067847
0.0676706
0.0676466
0.0678135
0.0681997
0.068861
0.0698139
0.0710489
0.072505
0.0740515
0.0754688
0.0765173
0.0769928
0.0767922
0.0759648
0.0746664
0.073097
0.0714314
0.0698036
0.0683006
0.0669651
0.0658022
0.0648024
0.0639505
0.0632256
0.0626046
0.0620699
0.0615834
0.0611264
0.0606791
0.0602312
0.0597583
0.0592575
0.0587313
0.05817
0.0575861
0.0570005
0.0564302
0.0559304
0.0555282
0.0552716
0.0552189
0.0554469
0.0560388
0.0570595
0.0585741
0.0605671
0.0628738
0.0651307
0.0668306
0.0675329
0.0670979
0.0657775
0.0640515
0.0623736
0.0610254
0.0601261
0.0596881
0.0596821
0.0600916
0.060903
0.0621127
0.0636938
0.065593
0.0676841
0.0697717
0.0715992
0.0729188
0.0736052
0.0736876
0.073371
0.0729253
0.0725937
0.0724987
0.0726223
0.0728108
0.0728567
0.0725989
0.0720005
0.0711752
0.0702898
0.0695334
0.0689785
0.0685787
0.0681598
0.0675113
0.0664641
0.0649962
0.0632254
0.0613525
0.0595985
0.0580915
0.0568958
0.05602
0.0554276
0.0550798
0.054943
0.0549829
0.0551597
0.0554474
0.055862
0.0563885
0.0570439
0.057849
0.0588188
0.0599692
0.0612957
0.0627467
0.0642108
0.0654952
0.0663399
0.066536
0.0659977
0.0648257
0.0632538
0.061572
0.0600024
0.0586923
0.0577052
0.0570586
0.0567282
0.0566796
0.0568646
0.0572303
0.0577025
0.0582129
0.0586842
0.0590519
0.0592672
0.0593025
0.0591655
0.0588915
0.0585236
0.0581097
0.0576953
0.0573145
0.0569919
0.056737
0.0565519
0.0564572
0.0564497
0.0565332
0.056715
0.0569964
0.057375
0.0578335
0.0583597
0.0589576
0.0596029
0.0602916
0.0610102
0.0617638
0.0625556
0.0633678
0.0641493
0.0648149
0.0652741
0.0654422
0.065272
0.0647866
0.0640769
0.0632578
0.0624662
0.0617956
0.0613216
0.0610747
0.0610697
0.0613079
0.0617813
0.0624898
0.0634189
0.0645378
0.065796
0.0671138
0.0683998
0.0695514
0.0704832
0.0711504
0.071593
0.0718844
0.0721367
0.0724671
0.0729778
0.0737079
0.0746483
0.075763
0.0769548
0.078133
0.0791874
0.079972
0.0803573
0.0802344
0.0795707
0.078445
0.0769963
0.0754331
0.0739258
0.0725851
0.071518
0.0707959
0.0704846
0.0706338
0.0713057
0.07252
0.0742449
0.0763954
0.0787939
0.0812001
0.0833503
0.0850114
0.0860582
0.0864933
0.086413
0.0859261
0.0850789
0.0838256
0.082107
0.0799437
0.0774807
0.0749358
0.0724832
0.0702157
0.0681405
0.066215
0.0644239
0.0627749
0.061306
0.0600776
0.0591116
0.0584099
0.057973
0.0577641
0.0577601
0.0579252
0.0582577
0.0587603
0.0594498
0.0603068
0.0613024
0.06232
0.0631865
0.0636795
0.0635977
0.0628714
0.0615848
0.059954
0.0582262
0.0566098
0.0552371
0.0541542
0.0533615
0.0528484
0.0525831
0.0525283
0.0526495
0.052923
0.0533105
0.0538082
0.0543883
0.0550357
0.0557518
0.0565054
0.0572745
0.0579998
0.0586431
0.059148
0.0594732
0.0596088
0.0595658
0.0594044
0.0591831
0.0589687
0.0588164
0.058762
0.0588324
0.0590144
0.0593074
0.0596937
0.0601398
0.0606442
0.0611864
0.0617413
0.0622932
0.0628285
0.0633315
0.0638027
0.0642293
0.0645995
0.0649065
0.0651198
0.0652247
0.0651944
0.0650055
0.0646725
0.0642022
0.0636284
0.0630134
0.0624002
0.0618533
0.0614229
0.0611624
0.0611405
0.0613786
0.0619029
0.0627071
0.0637663
0.064998
0.0662946
0.0675077
0.0684865
0.069121
0.0693513
0.0692496
0.0689478
0.0686092
0.0683821
0.0683861
0.0687163
0.0694061
0.0704655
0.071857
0.0734801
0.075168
0.0767145
0.0779019
0.0785467
0.0785505
0.0779373
0.0768831
0.0756395
0.0744811
0.073602
0.0731199
0.0730626
0.0733629
0.073865
0.0743818
0.0747241
0.0747404
0.0743366
0.0734927
0.0722982
0.0708991
0.0694558
0.0681094
0.06697
0.0661193
0.0655982
0.0654112
0.0655619
0.0660439
0.066857
0.0679799
0.0694211
0.0711615
0.073192
0.0754544
0.0778425
0.0801595
0.0821236
0.0834473
0.0838954
0.0833752
0.0819923
0.0799877
0.0776506
0.0752305
0.0729079
0.0707966
0.0689457
0.0673673
0.0660649
0.0650041
0.0641701
0.0635282
0.0630641
0.0627336
0.0625152
0.0623784
0.0623118
0.0622872
0.0622752
0.0622608
0.0622304
0.0622114
0.0622401
0.0623798
0.0626989
0.0632814
0.0641893
0.0654717
0.0671257
0.0690912
0.0712078
0.0732133
0.0747597
0.0755188
0.0753118
0.074227
0.0725698
0.0707457
0.0691214
0.0679046
0.0671766
0.0669329
0.0671049
0.06761
0.0683598
0.0692671
0.0702432
0.0711759
0.0719155
0.0723114
0.0722372
0.0716593
0.0706596
0.0694068
0.0680874
0.0668508
0.0657725
0.0648657
0.0641223
0.0635327
0.063068
0.0627403
0.0625279
0.0624022
0.0623322
0.0622705
0.0621456
0.06192
0.0615651
0.0610884
0.0605443
0.0599891
0.0595086
0.0591748
0.0590249
0.0590874
0.0593499
0.0597962
0.0603966
0.0611018
0.0618514
0.0625804
0.0632345
0.0637664
0.0641403
0.0643456
0.0643871
0.0642876
0.0640715
0.0637867
0.0634631
0.0631533
0.0628854
0.0626795
0.0625511
0.0624969
0.0625065
0.06257
0.0626702
0.0627792
0.0628759
0.0629566
0.0630127
0.0630382
0.0630403
0.0630394
0.0630532
0.063105
0.0632392
0.0634644
0.0638192
0.0643475
0.065055
0.0659402
0.0670173
0.0682593
0.0696467
0.0711599
0.0727679
0.0744461
0.0761526
0.0778245
0.0793734
0.0806623
0.0815379
0.0818467
0.0814663
0.0803688
0.0786287
0.0764377
0.0740374
0.0716579
0.0695058
0.0676998
0.0663048
0.065338
0.0647904
0.0646773
0.064992
0.0657249
0.0668692
0.0684006
0.0702243
0.0721677
0.0739798
0.0754326
0.0764303
0.0770902
0.0777352
0.0788098
0.0807208
0.0837052
0.0874556
0.090935
0.0926362
0.0916426
0.0885095
0.08465
0.0812555
0.0788327
0.0773703
0.0766656
0.0764558
0.0765317
0.0766981
0.0768188
0.0768057
0.0766435
0.0763376
0.0759242
0.0754362
0.0749029
0.0743339
0.0737575
0.0731678
0.0725433
0.0718872
0.0712009
0.0704748
0.0697127
0.068906
0.0680793
0.0672568
0.0664836
0.0658113
0.0652882
0.0649414
0.0647993
0.0648332
0.0649697
0.0651522
0.0653121
0.0654367
0.065598
0.0659347
0.0665728
0.0675414
0.0686629
0.0695408
0.0696745
0.0687247
0.0667896
0.0643165
0.0618577
0.0598029
0.0583437
0.0574908
0.0571665
0.0572512
0.0576075
0.0580763
0.0585177
0.058792
0.0588201
0.0585885
0.0581466
0.0575816
0.0569849
0.056435
0.0559834
0.0556564
0.0554613
0.055379
0.0553937
0.0555028
0.0556927
0.0559535
0.0562902
0.0567111
0.0572108
0.0578006
0.0584648
0.0591803
0.0598952
0.0605278
0.0610109
0.0612803
0.0612932
0.061061
0.0606305
0.0600641
0.0594388
0.0588404
0.0583281
0.0579496
0.0577558
0.0578037
0.0581229
0.0587293
0.0596569
0.0609272
0.0625457
0.0645017
0.0667381
0.0691537
0.0716039
0.0738752
0.0757623
0.077077
0.0776976
0.077604
0.0768538
0.0755656
0.0738781
0.0719537
0.0699515
0.0680132
0.0662724
0.06483
0.0637489
0.0630544
0.0627383
0.0627753
0.0631234
0.0636976
0.0644036
0.0651544
0.0658452
0.0664397
0.066912
0.067287
0.0676125
0.0679222
0.0682809
0.0687088
0.0691894
0.0696883
0.0701441
0.0704905
0.0706596
0.0706023
0.0703173
0.0698337
0.0692033
0.06849
0.067764
0.0670759
0.0664771
0.0659998
0.0656792
0.0655284
0.0655422
0.0657098
0.0660139
0.0664059
0.0668409
0.0672645
0.0676325
0.0679236
0.0681168
0.0682113
0.0682355
0.0682111
0.0681719
0.0681487
0.0681504
0.0681657
0.0681517
0.0680767
0.0679226
0.0676889
0.0673917
0.0670909
0.0668286
0.066656
0.0666124
0.0666921
0.0668767
0.0671479
0.0674687
0.0677912
0.068073
0.0682951
0.0684328
0.0684617
0.0684001
0.0682552
0.0680352
0.0677703
0.0674881
0.0672154
0.0669848
0.0668131
0.0667169
0.0666627
0.0666036
0.0664955
0.0662583
0.0658332
0.0651807
0.0643121
0.0632741
0.0621443
0.0609903
0.0598902
0.0588907
0.0580246
0.0572999
0.0567244
0.05628
0.0559632
0.0557681
0.0556942
0.0557355
0.0559053
0.0562202
0.0567051
0.0573899
0.0583123
0.0594926
0.0609421
0.0625821
0.0642355
0.0656082
0.0663523
0.0662103
0.065149
0.0634001
0.0613172
0.0592512
0.0574196
0.0559238
0.0547703
0.0539321
0.0533643
0.0530171
0.0528492
0.0528259
0.0529394
0.0531827
0.0535602
0.0540875
0.0547873
0.0556767
0.0567793
0.0580897
0.0595586
0.0610807
0.0624832
0.0635501
0.064119
0.0641408
0.0637307
0.0631037
0.0625018
0.0620933
0.061935
0.0619848
0.0620932
0.0620765
0.0617924
0.0611907
0.0603402
0.0593798
0.0584818
0.0577954
0.0574223
0.0574243
0.057855
0.0587529
0.0601558
0.0620738
0.0644639
0.0671624
0.0698417
0.0720809
0.0735175
0.0740486
0.0738735
0.0733709
0.0728764
0.0726012
0.0725947
0.0728252
0.0732098
0.0736733
0.0741745
0.0746536
0.0751141
0.0755341
0.0759161
0.076281
0.0766736
0.077142
0.0777375
0.0785036
0.0794714
0.0806398
0.0819561
0.0833472
0.0847235
0.085994
0.0870735
0.0878864
0.0883699
0.0884724
0.0881696
0.0874516
0.0863662
0.0849643
0.0833613
0.0816517
0.0799446
0.0783236
0.0768502
0.0755572
0.0744583
0.073518
0.0727062
0.0719803
0.0712872
0.0705905
0.0698664
0.0690986
0.0683142
0.067546
0.0668245
0.0661963
0.0656956
0.0653492
0.0651524
0.0650912
0.06514
0.0652602
0.0654198
0.0655893
0.0657588
0.0659326
0.0661305
0.0663734
0.066665
0.0670055
0.0673779
0.067733
0.0680081
0.0681434
0.0680988
0.067843
0.067366
0.066705
0.0658918
0.064971
0.0639704
0.0629222
0.0618559
0.0607919
0.0597325
0.0586962
0.0577007
0.0567496
0.0558578
0.0550329
0.0542937
0.0536443
0.053099
0.0526558
0.0523491
0.0521771
0.052143
0.0522605
0.0525614
0.0530443
0.0537268
0.0546259
0.0557521
0.057122
0.0587291
0.0605412
0.0625177
0.0645819
0.0666312
0.0685552
0.0702702
0.071721
0.0728846
0.0737793
0.0744151
0.0747894
0.0748953
0.0747012
0.0742123
0.0734492
0.0724866
0.0714087
0.0703169
0.0693159
0.0684765
0.0678455
0.0674611
0.067301
0.0673127
0.0673968
0.0674499
0.0673452
0.0669791
0.0663141
0.0653844
0.0642772
0.0630879
0.0619146
0.0608541
0.0599649
0.059293
0.0588644
0.0586848
0.0587577
0.059095
0.0596817
0.0605096
0.0615571
0.0627913
0.0641803
0.0656772
0.0672485
0.0688387
0.070402
0.0719027
0.0732977
0.0745131
0.0754512
0.0760144
0.0761088
0.075674
0.0747377
0.0733881
0.0717459
0.0699729
0.0682164
0.066586
0.0651484
0.0639477
0.0629831
0.0622464
0.0617257
0.0614091
0.0612736
0.0612846
0.0614206
0.0616525
0.0619495
0.0622845
0.0626338
0.0629915
0.0633449
0.0636847
0.0639946
0.0642464
0.0644108
0.0644401
0.0642949
0.0639457
0.063419
0.062763
0.0620621
0.0614068
0.0608713
0.0605218
0.0604045
0.060518
0.060822
0.0612488
0.0616837
0.0620392
0.0622354
0.0622488
0.0621131
0.0619079
0.0617332
0.061706
0.0619018
0.062399
0.0632638
0.0645482
0.0662609
0.0683682
0.0706999
0.0729652
0.074802
0.0759353
0.0763696
0.0763891
0.0764198
0.0768466
0.0778828
0.0794706
0.0812841
0.082788
0.08344
0.0829571
0.0814504
0.0793158
0.0770259
0.0749107
0.0731263
0.0717087
0.0706288
0.0698506
0.0693957
0.0692883
0.0695676
0.0702561
0.0713634
0.0728126
0.0744799
0.0761585
0.0776207
0.0787588
0.0795636
0.0801668
0.0806949
0.0812328
0.0817861
0.0823119
0.082688
0.0826928
0.0820619
0.0805749
0.0782647
0.0754483
0.0725646
0.0699886
0.0679636
0.0665412
0.0656779
0.065292
0.0652819
0.0655223
0.0659024
0.0663184
0.0666615
0.0668651
0.0668761
0.0666972
0.0663731
0.065954
0.065547
0.0652534
0.0651667
0.0653788
0.0659615
0.0669647
0.0684135
0.0703204
0.0726596
0.0753775
0.0783822
0.0815054
0.0845378
0.0872462
0.0893909
0.0908088
0.0914041
0.0911742
0.0901916
0.0885761
0.0864871
0.0840955
0.0815704
0.0790456
0.0766175
0.0743502
0.0722551
0.0703609
0.0686998
0.0672805
0.0661741
0.0654473
0.0651704
0.0653843
0.0661434
0.0674417
0.0691673
0.0710673
0.0727515
0.073741
0.0736833
0.0725296
0.0705681
0.06824
0.0659291
0.0638697
0.0621642
0.0608131
0.0597802
0.0590091
0.0584309
0.0579916
0.0576453
0.0573613
0.057095
0.0568361
0.0565778
0.0563037
0.05602
0.0557403
0.0554963
0.0553259
0.0552498
0.0553045
0.055532
0.0559646
0.0566399
0.0575958
0.0588457
0.0603917
0.0621857
0.0641376
0.066139
0.0680481
0.0697221
0.0710486
0.0719495
0.0723524
0.0722204
0.0715921
0.0706187
0.0695377
0.0685817
0.0678983
0.0675135
0.0673351
0.0671946
0.0669238
0.0664338
0.0657259
0.0648669
0.0639764
0.0631513
0.0624525
0.0619349
0.0615874
0.0614023
0.0613623
0.0614621
0.0616913
0.0620411
0.0624938
0.0630194
0.0635861
0.0641758
0.064759
0.0652911
0.0657417
0.0660971
0.0663477
0.0664811
0.0665265
0.0664938
0.0664073
0.0662756
0.0661279
0.0659626
0.0657819
0.065581
0.065382
0.0651913
0.0650008
0.0648315
0.0646876
0.0645628
0.0644327
0.0642903
0.0641224
0.0639119
0.0636386
0.0632943
0.062869
0.0623702
0.0618199
0.0612457
0.0606898
0.0601911
0.0597739
0.0594798
0.059339
0.0593526
0.0595219
0.0598547
0.0603493
0.0610099
0.0618137
0.0627086
0.0636286
0.0644745
0.0651089
0.0653946
0.0652531
0.0646909
0.0638067
0.0627664
0.0617567
0.0609318
0.060391
0.0601755
0.0602685
0.0605755
0.0609635
0.061249
0.0612731
0.0609695
0.0603989
0.0596743
0.0589826
0.0584805
0.0582805
0.0584086
0.058818
0.0594033
0.0599945
0.0604038
0.0604912
0.0601854
0.0595247
0.0586358
0.0576401
0.0566693
0.0558043
0.0550663
0.0544697
0.0540043
0.0536507
0.0534051
0.0532464
0.0531671
0.0531755
0.0532722
0.0534292
0.0536573
0.05395
0.0543085
0.054738
0.0552265
0.0557758
0.0563866
0.0570531
0.0577719
0.0585293
0.0593131
0.0601165
0.0609317
0.0617329
0.0624992
0.0632209
0.0638598
0.0644105
0.0648388
0.065136
0.0653087
0.0653814
0.0653794
0.0653323
0.065289
0.0652849
0.0653538
0.0655185
0.0657966
0.0662006
0.066731
0.0673649
0.0680792
0.068835
0.0696031
0.0703226
0.070995
0.0716316
0.0722353
0.07283
0.0734235
0.0740003
0.0745096
0.0748961
0.0750775
0.0749853
0.0745968
0.073928
0.0730441
0.0720525
0.0710184
0.0700406
0.0691798
0.0684883
0.0680059
0.0677244
0.0676289
0.0676698
0.0677685
0.0678343
0.0677961
0.0676044
0.0672658
0.0668277
0.066369
0.0659633
0.0656656
0.065519
0.0655366
0.0656962
0.0659411
0.0662235
0.0664896
0.0666972
0.066835
0.0669137
0.0669844
0.0671227
0.0674176
0.06796
0.0687799
0.069896
0.0712732
0.0728308
0.0744557
0.0760304
0.0774969
0.0788376
0.0801042
0.0813406
0.0825602
0.083726
0.0847503
0.0855112
0.0858768
0.0857219
0.0849726
0.0836114
0.0816807
0.0792742
0.0765429
0.0736474
0.0707301
0.0679261
0.0653265
0.0629781
0.0609045
0.0591177
0.057601
0.0563267
0.0552855
0.0544447
0.0537881
0.0532871
0.0529327
0.0527249
0.0526333
0.0526526
0.0527736
0.0529772
0.0532555
0.0536046
0.0540055
0.054451
0.0549449
0.0554704
0.0560154
0.0565735
0.0571326
0.0576994
0.0582667
0.0588365
0.059405
0.0599719
0.0605451
0.0611333
0.061754
0.0624076
0.0630979
0.0638241
0.0645823
0.0653591
0.0661311
0.0668634
0.0675256
0.0681015
0.0686231
0.0691169
0.0696363
0.0702203
0.0708746
0.0715809
0.0722776
0.0729084
0.0734273
0.0737939
0.0739483
0.0738011
0.0732294
0.0721854
0.0707235
0.0689946
0.0672089
0.065535
0.0640748
0.0628421
0.0618154
0.0609831
0.0603188
0.0598088
0.0594399
0.0591927
0.0590662
0.0590507
0.0591513
0.0593886
0.05982
0.0605262
0.0616282
0.0632375
0.0654296
0.0682139
0.0714511
0.0748002
0.07774
0.07971
0.0804064
0.0799593
0.0787917
0.0774034
0.0761405
0.0751557
0.0744308
0.0738313
0.0732088
0.0724352
0.0714817
0.0703808
0.0692407
0.0681736
0.0672737
0.066592
0.0661233
0.0658343
0.0656708
0.0655586
0.0654308
0.0652448
0.0649842
0.0646211
0.0641752
0.0636771
0.0631577
0.0626463
0.0621678
0.0617489
0.0614107
0.0611671
0.0610205
0.0609637
0.0609875
0.0610857
0.0612532
0.0614749
0.0617381
0.0620474
0.0623813
0.062739
0.0631149
0.06349
0.0638586
0.0642175
0.0645782
0.0649526
0.0653927
0.0659122
0.0665592
0.0673442
0.0682415
0.0691704
0.0700261
0.0706757
0.0710282
0.0710924
0.0709453
0.0707294
0.0706004
0.0706245
0.0708482
0.0712443
0.0717124
0.0721225
0.0723294
0.0722285
0.0717953
0.0710676
0.0701513
0.0691666
0.0682181
0.0673829
0.0667154
0.0662319
0.0659205
0.0657462
0.0656823
0.0656775
0.0657001
0.065736
0.0657866
0.0658683
0.0660396
0.0663638
0.0668854
0.0676221
0.0685653
0.0696682
0.0708436
0.0719922
0.073012
0.073828
0.0744054
0.0747662
0.0749959
0.0752041
0.0754935
0.07588
0.0762971
0.0766084
0.0766581
0.0763416
0.0756501
0.0746795
0.0735629
0.0723789
0.0711638
0.0698832
0.0685286
0.0671121
0.0656874
0.0643188
0.063082
0.0619972
0.0610975
0.0603916
0.0598914
0.0595901
0.0594837
0.0595976
0.0599629
0.0606091
0.0615883
0.062951
0.0647278
0.066884
0.069269
0.071603
0.0734659
0.0744785
0.0744421
0.0734452
0.0718075
0.0699044
0.0680254
0.0663431
0.0649303
0.0638042
0.0629667
0.0623906
0.0620664
0.0619839
0.0620951
0.0623865
0.0628341
0.0633969
0.0640348
0.0647343
0.0654793
0.0662672
0.0671042
0.0679871
0.0689165
0.0698577
0.0707398
0.0714811
0.0720036
0.0722328
0.0721486
0.0717893
0.0712297
0.0705672
0.069883
0.069267
0.0687517
0.0683926
0.0682437
0.0683525
0.0687693
0.0695011
0.0704933
0.0715286
0.0722925
0.0724021
0.0716009
0.0699157
0.0676606
0.0652433
0.063032
0.0612156
0.0598634
0.0589832
0.0585239
0.0584358
0.0586792
0.0592038
0.0599968
0.061034
0.0622847
0.0637126
0.0652434
0.0667688
0.0681498
0.0692074
0.0697847
0.0698146
0.069355
0.0685754
0.0677153
0.0670138
0.0666581
0.0667616
0.0673565
0.0683834
0.0697127
0.071136
0.0723959
0.0732288
0.0734532
0.0730073
0.0719667
0.0704983
0.0688161
0.0671211
0.0655686
0.0642395
0.0631655
0.0623523
0.0617738
0.0613919
0.0611451
0.0609884
0.0608533
0.0606909
0.0604737
0.0601704
0.059768
0.0592765
0.0587107
0.058102
0.0575019
0.0569523
0.0564888
0.0561476
0.0559522
0.0559149
0.0560557
0.0563872
0.0569267
0.0576824
0.0586399
0.0597433
0.0609461
0.0621625
0.0633024
0.0642744
0.0650402
0.0655967
0.0660031
0.0663285
0.0666459
0.0669852
0.0673691
0.0677867
0.0681866
0.0685245
0.0687217
0.0687108
0.0684595
0.0679674
0.0672603
0.066399
0.0654197
0.0643963
0.0633908
0.062441
0.0615796
0.0608159
0.0601452
0.0595518
0.0590052
0.0584889
0.0579825
0.0574939
0.0570298
0.0565961
0.0562105
0.0558991
0.0556738
0.0555499
0.0555388
0.0556563
0.0558993
0.0562808
0.0567972
0.0574347
0.058159
0.0589546
0.0597958
0.0606556
0.0614833
0.0622317
0.0628508
0.0632895
0.0635066
0.0634816
0.0632174
0.0627366
0.0620938
0.0613572
0.0606081
0.0599237
0.0593522
0.0589148
0.058621
0.0584401
0.0583437
0.0583174
0.0583213
0.0583202
0.0583137
0.0582788
0.058228
0.0581743
0.0581406
0.0581538
0.0582398
0.0584212
0.0587022
0.059091
0.0595684
0.0600873
0.0605813
0.060967
0.0611692
0.0611428
0.060869
0.060379
0.0597393
0.0590456
0.0583635
0.0577567
0.0572258
0.0567969
0.0564508
0.0561766
0.0559663
0.0557986
0.0556616
0.0555481
0.0554613
0.0554146
0.0553985
0.0554329
0.0555247
0.055675
0.0558948
0.0561905
0.0565581
0.0570238
0.0575777
0.0582363
0.0590059
0.0598957
0.0609301
0.0621021
0.0634182
0.0648667
0.0664714
0.0681977
0.0700378
0.0719693
0.0739575
0.0759667
0.0779434
0.0798025
0.081459
0.0828097
0.0837477
0.0842044
0.0841392
0.0835634
0.0825448
0.0811754
0.079538
0.0777358
0.0758624
0.0739974
0.0722346
0.0706528
0.0693269
0.0683189
0.0676574
0.0673301
0.0673145
0.0675404
0.0679092
0.0682797
0.0685518
0.0686324
0.0684701
0.0681107
0.0676373
0.0671567
0.0667697
0.0665529
0.0665313
0.0666653
0.0668872
0.0671094
0.0672596
0.0672875
0.0672018
0.0670625
0.0669381
0.0668835
0.0669266
0.0670601
0.0672623
0.0674635
0.067591
0.0675993
0.0674987
