1.65
1.65594
1.66633
1.67876
1.69024
1.69799
1.70021
1.69612
1.6856
1.66895
1.64697
1.62152
1.59589
1.57452
1.562
1.5615
1.57333
1.59446
1.61959
1.64296
1.66007
1.66849
1.66768
1.65836
1.64178
1.61924
1.59228
1.56364
1.53777
1.52007
1.51459
1.52215
1.54011
1.56366
1.5876
1.60773
1.62139
1.62735
1.62544
1.61643
1.60259
1.58819
1.57888
1.5796
1.59202
1.61386
1.64058
1.66747
1.69046
1.70627
1.71273
1.70903
1.69601
1.67611
1.65295
1.6306
1.61271
1.60207
1.60044
1.60831
1.62468
1.64712
1.67252
1.69789
1.72085
1.73962
1.75265
1.75853
1.75626
1.74566
1.7274
1.70263
1.67228
1.63693
1.59751
1.55716
1.52218
1.4997
1.49266
1.49808
1.51047
1.52509
1.53857
1.54892
1.55593
1.56111
1.56655
1.57373
1.58288
1.59313
1.60301
1.61089
1.61545
1.61601
1.61269
1.60646
1.59893
1.59193
1.58752
1.58793
1.59523
1.61051
1.63289
1.65955
1.68662
1.71061
1.72934
1.74222
1.74986
1.75358
1.75502
1.75588
1.75743
1.76023
1.76388
1.76721
1.76865
1.76687
1.76126
1.75201
1.73981
1.72528
1.70863
1.69002
1.67052
1.65239
1.63805
1.62822
1.62127
1.61447
1.6056
1.59378
1.57943
1.56392
1.54909
1.53688
1.52919
1.52782
1.53431
1.54953
1.57305
1.60301
1.63648
1.66998
1.69981
1.72227
1.73415
1.73364
1.72101
1.69874
1.67105
1.64292
1.61916
1.60372
1.59871
1.60344
1.61423
1.62549
1.63195
1.63116
1.62466
1.61678
1.61116
1.60852
1.60743
1.60634
1.60452
1.60169
1.59745
1.59125
1.58296
1.57353
1.56532
1.56142
1.564
1.57309
1.58644
1.60068
1.61294
1.62209
1.62867
1.6338
1.6379
1.64037
1.64029
1.63712
1.63074
1.62108
1.6079
1.59106
1.57109
1.54975
1.52988
1.51454
1.50596
1.50486
1.51086
1.52334
1.54196
1.56603
1.59357
1.62148
1.6469
1.66856
1.68697
1.70357
1.71939
1.73394
1.74526
1.75093
1.74949
1.74119
1.72805
1.71312
1.69945
1.68933
1.684
1.68393
1.68907
1.69856
1.71032
1.72141
1.72899
1.73155
1.72939
1.72421
1.71795
1.71178
1.70609
1.70119
1.69832
1.69964
1.70697
1.71988
1.73497
1.74709
1.7512
1.74368
1.72298
1.68993
1.64839
1.60532
1.56977
1.54994
1.54961
1.56642
1.59302
1.62019
1.64019
1.64893
1.6462
1.63467
1.61835
1.60185
1.58931
1.58308
1.58293
1.58654
1.59099
1.59419
1.59547
1.59532
1.59479
1.59505
1.59714
1.60167
1.6086
1.61725
1.6266
1.63579
1.64436
1.65146
1.65523
1.65309
1.64314
1.62536
1.60205
1.57742
1.55668
1.54455
1.54371
1.5538
1.57166
1.59293
1.61387
1.6325
1.6487
1.66339
1.6776
1.69154
1.70426
1.71417
1.7199
1.7209
1.71756
1.71116
1.70367
1.69719
1.69336
1.69276
1.69481
1.69823
1.70175
1.70448
1.70595
1.7058
1.70375
1.69956
1.69317
1.68493
1.67546
1.66577
1.65699
1.65008
1.64556
1.64351
1.64361
1.64599
1.65173
1.6623
1.67734
1.69328
1.70478
1.70795
1.70209
1.6892
1.67229
1.65389
1.63534
1.61715
1.59968
1.58392
1.57152
1.56423
1.56294
1.56694
1.57389
1.58045
1.58323
1.57992
1.56999
1.55495
1.53817
1.52399
1.51633
1.51745
1.52701
1.54198
1.55791
1.5708
1.57879
1.58253
1.58448
1.58747
1.5935
1.60328
1.61666
1.63306
1.65178
1.67177
1.69158
1.70953
1.72419
1.73465
1.74051
1.74156
1.73778
1.72945
1.7172
1.70213
1.68565
1.66947
1.65538
1.64497
1.6394
1.63911
1.64412
1.65435
1.66971
1.68959
1.71197
1.7333
1.74919
1.75568
1.75016
1.7319
1.70234
1.66525
1.62606
1.59065
1.56373
1.54779
1.543
1.54791
1.5605
1.5791
1.60234
1.62823
1.65348
1.67324
1.68194
1.67494
1.65131
1.61638
1.58175
1.56049
1.55926
1.5744
1.59647
1.61808
1.63679
1.65297
1.66728
1.67935
1.68774
1.69067
1.68721
1.67816
1.66649
1.65701
1.6549
1.66342
1.68194
1.70601
1.72964
1.74787
1.75806
1.75999
1.75525
1.7464
1.73591
1.72543
1.7153
1.70496
1.69381
1.68193
1.67025
1.66027
1.65372
1.65202
1.65519
1.66122
1.66668
1.6685
1.66531
1.65771
1.64762
1.6372
1.6281
1.62106
1.6162
1.61355
1.6136
1.61721
1.62478
1.63524
1.64617
1.6549
1.65944
1.65828
1.65031
1.63487
1.61197
1.58218
1.54671
1.50798
1.47066
1.44193
1.42918
1.43556
1.45771
1.48838
1.5209
1.55124
1.57782
1.60038
1.61922
1.63483
1.64783
1.65906
1.66931
1.67914
1.68869
1.69771
1.70572
1.71223
1.71698
1.72011
1.72204
1.72337
1.72468
1.72635
1.72828
1.72966
1.72882
1.72357
1.71198
1.69365
1.67072
1.64798
1.63112
1.6238
1.6256
1.63243
1.63911
1.64233
1.64225
1.64224
1.64651
1.6572
1.67285
1.68935
1.70226
1.70896
1.70962
1.70697
1.70462
1.70514
1.70895
1.71485
1.72139
1.72797
1.7348
1.74236
1.75104
1.76079
1.77092
1.78017
1.78672
1.78863
1.78405
1.77156
1.75052
1.72164
1.68736
1.65149
1.61796
1.58943
1.56665
1.5486
1.53319
1.51847
1.50421
1.49248
1.48626
1.48723
1.49472
1.50668
1.52116
1.53711
1.5542
1.57259
1.59218
1.6121
1.6306
1.64558
1.65544
1.6595
1.65806
1.65204
1.64265
1.63116
1.61896
1.60763
1.599
1.59481
1.59591
1.6018
1.61092
1.62185
1.63409
1.64802
1.66432
1.68312
1.70352
1.72354
1.74062
1.75255
1.7582
1.75784
1.75292
1.74571
1.73885
1.73484
1.73543
1.74101
1.75063
1.76245
1.77444
1.785
1.79311
1.79818
1.79984
1.79767
1.79119
1.78011
1.76484
1.74665
1.72751
1.70937
1.69345
1.68036
1.67111
1.66794
1.67313
1.68626
1.70302
1.71739
1.72481
1.7234
1.71341
1.69649
1.67555
1.6547
1.6385
1.63038
1.63136
1.64017
1.65475
1.67326
1.69418
1.71581
1.73609
1.75264
1.76346
1.76777
1.7669
1.76423
1.7635
1.76617
1.77049
1.77294
1.77055
1.76224
1.74909
1.73445
1.72337
1.7207
1.72812
1.74281
1.75931
1.7726
1.77977
1.78003
1.77385
1.76245
1.74737
1.73
1.7108
1.68873
1.66223
1.63127
1.59887
1.56988
1.54772
1.53279
1.52397
1.52057
1.523
1.53273
1.55169
1.58062
1.61717
1.65601
1.69133
1.71939
1.73938
1.75265
1.76128
1.7668
1.76971
1.76974
1.76629
1.759
1.74811
1.73444
1.7192
1.70366
1.68865
1.67444
1.66104
1.64863
1.63804
1.63068
1.62792
1.63029
1.63697
1.64604
1.65535
1.66335
1.66947
1.67388
1.67721
1.68005
1.68267
1.68463
1.68487
1.68217
1.67599
1.667
1.65702
1.64804
1.64112
1.63592
1.63123
1.62604
1.62052
1.61638
1.61618
1.62199
1.63415
1.65076
1.66834
1.68278
1.69039
1.68872
1.67719
1.65727
1.63242
1.60714
1.58554
1.56975
1.55977
1.55425
1.55171
1.551
1.5514
1.55253
1.55433
1.55734
1.56291
1.57315
1.59004
1.61398
1.6428
1.67234
1.69805
1.7165
1.72598
1.7264
1.71897
1.70552
1.6882
1.6695
1.65267
1.64193
1.64153
1.65331
1.67502
1.70086
1.72402
1.73921
1.74397
1.73877
1.72646
1.71114
1.69685
1.68663
1.68209
1.68318
1.68837
1.69508
1.70038
1.70169
1.69729
1.68637
1.66918
1.64716
1.6231
1.60076
1.58387
1.57457
1.57296
1.57797
1.58889
1.60597
1.62904
1.65565
1.68097
1.6999
1.70923
1.70834
1.69854
1.68181
1.66007
1.63506
1.60891
1.58443
1.56466
1.55199
1.54745
1.55057
1.55954
1.57162
1.58394
1.59436
1.602
1.60736
1.61211
1.61849
1.62864
1.64386
1.66424
1.68865
1.71482
1.73978
1.76053
1.77509
1.78304
1.78564
1.7851
1.78369
1.78267
1.78192
1.7801
1.77553
1.76723
1.75546
1.7415
1.72709
1.71378
1.70267
1.69445
1.68946
1.6875
1.68767
1.68825
1.68718
1.68277
1.67482
1.6653
1.6581
1.65649
1.6603
1.6659
1.66946
1.6697
1.66793
1.66602
1.66442
1.66178
1.65589
1.64481
1.62788
1.60624
1.58286
1.56177
1.5467
1.53972
1.54136
1.55196
1.57201
1.6007
1.63443
1.66762
1.69534
1.71501
1.72635
1.73042
1.72903
1.72437
1.71908
1.71582
1.71687
1.72345
1.73515
1.74967
1.76355
1.77324
1.77618
1.77132
1.75919
1.74173
1.72183
1.70257
1.68637
1.67431
1.6659
1.65949
1.65305
1.64507
1.63529
1.62476
1.61519
1.60802
1.60337
1.60003
1.59605
1.59014
1.58286
1.57653
1.57323
1.57249
1.57101
1.56546
1.55585
1.54576
1.53927
1.5381
1.54228
1.55229
1.56966
1.59536
1.62773
1.6621
1.69298
1.71668
1.73216
1.74043
1.74342
1.74313
1.74103
1.73791
1.73406
1.72955
1.7245
1.71912
1.71376
1.70864
1.70359
1.69781
1.69029
1.68052
1.66871
1.65579
1.64309
1.63175
1.62246
1.61541
1.61068
1.60848
1.60917
1.61289
1.61918
1.62699
1.63505
1.64219
1.64753
1.65052
1.65104
1.64969
1.6476
1.64614
1.64648
1.64949
1.65579
1.66563
1.67841
1.69228
1.70451
1.71243
1.71422
1.70943
1.69919
1.6863
1.67463
1.66796
1.66876
1.67738
1.69219
1.71027
1.72871
1.74544
1.75947
1.77045
1.7781
1.78186
1.78096
1.77472
1.76264
1.74465
1.72101
1.69239
1.6601
1.62664
1.59583
1.57219
1.55945
1.55898
1.56948
1.5878
1.61037
1.63394
1.65597
1.67463
1.68875
1.69787
1.70225
1.70276
1.70018
1.6946
1.685
1.6699
1.64834
1.62112
1.5921
1.56834
1.55768
1.56351
1.58139
1.60177
1.6162
1.6212
1.61802
1.61036
1.60228
1.59703
1.59651
1.60126
1.6106
1.62292
1.63618
1.64833
1.65745
1.66181
1.66005
1.65147
1.63664
1.618
1.59968
1.58622
1.58052
1.58243
1.58945
1.5984
1.60674
1.61301
1.6165
1.61647
1.61139
1.59937
1.57939
1.55284
1.52397
1.49892
1.48364
1.48198
1.49482
1.52069
1.55639
1.59739
1.63818
1.67313
1.69771
1.70964
1.70944
1.70022
1.68651
1.67243
1.66017
1.64967
1.63964
1.62883
1.61693
1.60467
1.59335
1.58416
1.57775
1.5742
1.5734
1.5755
1.581
1.59024
1.6027
1.61687
1.63091
1.64342
1.65375
1.66144
1.66516
1.66279
1.65254
1.63433
1.61036
1.58442
1.56088
1.5435
1.53476
1.53563
1.54586
1.56459
1.59047
1.62153
1.65481
1.68686
1.71423
1.73422
1.74516
1.74641
1.73819
1.72164
1.69914
1.67449
1.6524
1.63699
1.63007
1.63085
1.6369
1.64554
1.65454
1.66229
1.66779
1.67052
1.67032
1.66709
1.66063
1.65106
1.63931
1.62767
1.61966
1.61895
1.62797
1.64679
1.67298
1.70254
1.73131
1.75596
1.77455
1.78632
1.79117
1.78924
1.78065
1.76593
1.74637
1.72425
1.70253
1.68399
1.6702
1.66101
1.65471
1.64902
1.64187
1.63197
1.61876
1.60258
1.58477
1.56754
1.55355
1.54515
1.54328
1.54705
1.55504
1.56665
1.58163
1.59894
1.61656
1.63272
1.64794
1.66564
1.68855
1.71397
1.73485
1.74542
1.74459
1.73481
1.71973
1.70273
1.6864
1.67269
1.6629
1.65755
1.65634
1.65799
1.66053
1.6614
1.65782
1.64752
1.62989
1.60741
1.5862
1.57392
1.57511
1.58848
1.60927
1.63307
1.65716
1.67989
1.70007
1.71691
1.72994
1.73906
1.74427
1.74544
1.74207
1.73362
1.72017
1.70317
1.68569
1.67166
1.66427
1.66455
1.67099
1.68022
1.68878
1.69465
1.69787
1.69976
1.70147
1.70309
1.70369
1.70217
1.69819
1.69272
1.68794
1.68613
1.6882
1.69261
1.69609
1.6952
1.68799
1.67434
1.65539
1.63244
1.60614
1.57649
1.54349
1.50816
1.47315
1.44288
1.42282
1.41793
1.43054
1.45897
1.49781
1.5401
1.57933
1.61077
1.63166
1.64113
1.63981
1.62961
1.61315
1.59335
1.57289
1.55383
1.53755
1.52494
1.51666
1.51313
1.51442
1.5202
1.52988
1.54283
1.55848
1.5766
1.59728
1.62058
1.64593
1.67153
1.6943
1.71023
1.71531
1.70658
1.68315
1.64681
1.602
1.55488
1.51175
1.47779
1.4563
1.4488
1.45511
1.47348
1.50085
1.53339
1.56728
1.59949
1.6283
1.65338
1.67569
1.69677
1.71795
1.73961
1.76092
1.78014
1.79509
1.80372
1.80445
1.79646
1.77981
1.75548
1.72546
1.69255
1.6602
1.63205
1.6114
1.6004
1.59945
1.60725
1.62144
1.63966
1.66003
1.68116
1.70176
1.72046
1.73574
1.74611
1.75032
1.74794
1.73983
1.72839
1.71709
1.70889
1.70463
1.70232
1.69806
1.68794
1.66996
1.64502
1.6169
1.59103
1.5727
1.56533
1.56969
1.5842
1.60581
1.63089
1.65612
1.67911
1.69883
1.7156
1.73047
1.7444
1.75749
1.7687
1.77612
1.7778
1.77229
1.75931
1.74046
1.71963
1.70273
1.69552
1.70029
1.71397
1.73022
1.74283
1.74786
1.74371
1.73048
1.70942
1.68266
1.65282
1.62258
1.5942
1.56951
1.54992
1.5365
1.52968
1.52879
1.53204
1.53692
1.5411
1.54364
1.54522
1.54758
1.55213
1.5589
1.56644
1.57293
1.57725
1.57946
1.58057
1.58198
1.58495
1.59015
1.59768
1.60749
1.61972
1.63466
1.65214
1.67071
1.68747
1.69885
1.70191
1.69543
1.68073
1.66172
1.64334
1.62904
1.61978
1.61518
1.61502
1.61915
1.62627
1.63361
1.63796
1.63702
1.62955
1.61473
1.59187
1.561
1.52392
1.48446
1.44745
1.41735
1.39749
1.39055
1.39895
1.42447
1.46663
1.52164
1.58309
1.64411
1.6992
1.74504
1.78027
1.80487
1.81962
1.82565
1.82431
1.81692
1.80474
1.78907
1.7714
1.75345
1.73695
1.72331
1.71316
1.70612
1.70065
1.69438
1.68463
1.6694
1.6482
1.62255
1.59577
1.57207
1.55501
1.54642
1.54592
1.55164
1.56133
1.57333
1.58704
1.60274
1.62097
1.64141
1.66227
1.68033
1.69186
1.69378
1.6847
1.66542
1.63867
1.60825
1.57785
1.5501
1.52661
1.50848
1.49671
1.49154
1.4915
1.49328
1.49332
1.48966
1.48257
1.47395
1.46632
1.46212
1.46362
1.47268
1.4899
1.51372
1.54034
1.5651
1.58422
1.59603
1.60103
1.60105
1.598
1.59335
1.58792
1.58223
1.57663
1.5715
1.56749
1.56549
1.56656
1.57153
1.58066
1.5934
1.60831
1.62321
1.63567
1.64353
1.64537
1.64094
1.63125
1.61842
1.60515
1.59401
1.5867
1.58361
1.5838
1.58545
1.5867
1.58629
1.58395
1.58022
1.57619
1.57303
1.57163
1.57228
1.57475
1.57829
1.58175
1.58372
1.58289
1.57852
1.57086
1.56132
1.55234
1.54675
1.54704
1.55451
1.56862
1.58703
1.60644
1.6237
1.63635
1.64289
1.6426
1.6358
1.62415
1.61048
1.59739
1.58512
1.57162
1.55534
1.53773
1.52264
1.5131
1.50924
1.509
1.50994
1.51026
1.50879
1.50491
1.49918
1.49419
1.49462
1.50506
1.52688
1.55704
1.59002
1.62085
1.64682
1.66754
1.68411
1.69806
1.71023
1.72029
1.72696
1.72869
1.72455
1.71454
1.69977
1.68203
1.66336
1.64566
1.63043
1.61849
1.60959
1.60229
1.59431
1.58401
1.5718
1.56072
1.55511
1.55815
1.57024
1.58935
1.61289
1.63926
1.6679
1.69848
1.7297
1.75889
1.78272
1.79834
1.80425
1.80043
1.78812
1.7693
1.74629
1.72139
1.69653
1.67291
1.65124
1.63213
1.61661
1.60594
1.60095
1.60126
1.60525
1.61062
1.61504
1.61683
1.61524
1.61042
1.60328
1.59549
1.5896
1.58886
1.59621
1.61225
1.63371
1.65408
1.66615
1.6648
1.64858
1.62003
1.58482
1.5501
1.52257
1.5067
1.50416
1.51411
1.53403
1.56058
1.59025
1.61988
1.64679
1.66878
1.6841
1.69185
1.69287
1.69017
1.68781
1.68801
1.6892
1.68779
1.68145
1.67085
1.65856
1.64663
1.63517
1.62301
1.60953
1.59545
1.58259
1.5728
1.56714
1.5655
1.56666
1.56886
1.57043
1.57019
1.5676
1.5628
1.55678
1.55151
1.54945
1.55243
1.56054
1.57218
1.58492
1.59674
1.60658
1.61421
1.62021
1.62584
1.63291
1.64361
1.65984
1.68256
1.71108
1.7429
1.77437
1.80171
1.82194
1.83305
1.8338
1.82334
1.80086
1.76567
1.71791
1.65963
1.59593
1.53519
1.48729
1.45978
1.45469
1.46863
1.49601
1.53208
1.57381
1.61916
1.66605
1.7121
1.75498
1.79276
1.82416
1.84833
1.86486
1.87396
1.87683
1.87565
1.87286
1.87003
1.8673
1.86389
1.8591
1.85287
1.84577
1.83848
1.83135
1.82398
1.81521
1.80354
1.7878
1.76766
1.74379
1.7177
1.69145
1.66755
1.6486
1.63656
1.63186
1.63308
1.63776
1.64387
1.65016
1.65594
1.6608
1.66435
1.66556
1.66194
1.65004
1.62722
1.59363
1.55287
1.51109
1.47491
1.44976
1.43867
1.44167
1.45629
1.47872
1.5048
1.53065
1.55378
1.57368
1.59075
1.60443
1.61272
1.61354
1.60617
1.59137
1.57094
1.54781
1.52659
1.51382
1.51608
1.53659
1.57264
1.6167
1.66035
1.69801
1.72838
1.75366
1.77733
1.80126
1.82416
1.84234
1.8522
1.85237
1.84429
1.83091
1.8146
1.79579
1.77316
1.74514
1.71143
1.67385
1.63657
1.60545
1.58608
1.58157
1.59079
1.60875
1.62911
1.64705
1.66027
1.66832
1.67155
1.67103
1.66875
1.66765
1.67064
1.67947
1.69403
1.71278
1.73394
1.75572
1.77572
1.79055
1.7966
1.79122
1.77323
1.74331
1.7044
1.66187
1.6228
1.59405
1.58008
1.58173
1.59656
1.62002
1.64658
1.67063
1.68716
1.69259
1.68547
1.66688
1.64015
1.60999
1.58122
1.55791
1.54291
1.53773
1.54231
1.55494
1.5725
1.59111
1.60732
1.61948
1.62883
1.63908
1.65428
1.67611
1.70256
1.72907
1.75103
1.76555
1.7722
1.77249
1.76884
1.76314
1.75566
1.74474
1.72743
1.70109
1.66501
1.62165
1.5769
1.53836
1.51199
1.49938
1.49833
1.50555
1.51846
1.53539
1.5552
1.57718
1.60091
1.626
1.65148
1.6758
1.69719
1.71419
1.72616
1.73337
1.73696
1.73853
1.73947
1.74035
1.74069
1.73919
1.73433
1.7253
1.71261
1.69777
1.68197
1.6646
1.64308
1.61458
1.57817
1.53611
1.49377
1.45828
1.43622
1.4311
1.44181
1.46342
1.48978
1.51608
1.53995
1.56112
1.57998
1.59658
1.61031
1.62047
1.62681
1.62986
1.63093
1.63157
1.6332
1.63654
1.64119
1.64545
1.64677
1.6427
1.63215
1.61603
1.59725
1.57941
1.56504
1.55437
1.54562
1.53696
1.52828
1.52166
1.52054
1.5279
1.54451
1.56828
1.59514
1.62076
1.64198
1.65747
1.6675
1.67348
1.67737
1.68128
1.68709
1.69606
1.70853
1.72388
1.74069
1.75715
1.77171
1.78348
1.79231
1.7983
1.80126
1.80034
1.79415
1.78149
1.76209
1.73722
1.7098
1.68393
1.66404
1.65358
1.65388
1.66348
1.67863
1.69513
1.71028
1.72387
1.73771
1.75332
1.76953
1.78241
1.78787
1.78432
1.77294
1.75647
1.73724
1.71626
1.69358
1.6695
1.64588
1.62612
1.61345
1.60871
1.60948
1.61152
1.61095
1.60564
1.5957
1.58328
1.57191
1.56547
1.56695
1.57727
1.59488
1.61625
1.63709
1.6536
1.66311
1.66432
1.65686
1.64107
1.61772
1.58808
1.55424
1.51954
1.48852
1.46617
1.45627
1.45973
1.47433
1.49591
1.52018
1.54392
1.56514
1.58271
1.596
1.60477
1.60916
1.60946
1.60574
1.59789
1.58613
1.57161
1.55661
1.54403
1.53645
1.53545
1.5414
1.55391
1.57225
1.59554
1.6224
1.65075
1.6779
1.70097
1.71751
1.7257
1.72479
1.71499
1.69744
1.67384
1.64616
1.61655
1.58769
1.56286
1.54556
1.53819
1.54049
1.54958
1.56185
1.57505
1.58887
1.60406
1.62111
1.63929
1.65648
1.66993
1.67717
1.67678
1.66874
1.65474
1.63807
1.62297
1.61329
1.61093
1.61515
1.62288
1.63016
1.6337
1.632
1.62569
1.61728
1.61024
1.60753
1.61039
1.61785
1.62748
1.63689
1.64479
1.65069
1.65415
1.65483
1.65336
1.65168
1.65256
1.65832
1.66989
1.68622
1.70462
1.72145
1.73334
1.73807
1.73516
1.72592
1.713
1.69951
1.68817
1.68061
1.67717
1.67708
1.67882
1.68079
1.68174
1.68111
1.67903
1.67586
1.67186
1.66683
1.65996
1.64996
1.63504
1.6133
1.5835
1.54634
1.50579
1.4692
1.44492
1.43814
1.44865
1.47226
1.50354
1.53746
1.57005
1.59868
1.6221
1.63992
1.65165
1.65634
1.65327
1.64283
1.62691
1.60852
1.59088
1.57653
1.56663
1.56085
1.55761
1.55466
1.54967
1.54085
1.52765
1.51105
1.49327
1.47683
1.46393
1.45667
1.45797
1.47161
1.50054
1.54418
1.59748
1.65299
1.70397
1.74636
1.77883
1.80182
1.81651
1.82424
1.8263
1.82353
1.81615
1.80391
1.78666
1.76492
1.74025
1.71528
1.69324
1.67704
1.66818
1.66589
1.66744
1.66939
1.66912
1.6655
1.65895
1.65099
1.64331
1.63698
1.63181
1.62646
1.61911
1.60858
1.5953
1.58182
1.57196
1.56888
1.57306
1.58207
1.5922
1.60054
1.60583
1.6082
1.60845
1.60738
1.60543
1.60271
1.5993
1.59553
1.5922
1.59056
1.59181
1.59679
1.60563
1.61777
1.63193
1.64624
1.65827
1.66536
1.66522
1.65666
1.64001
1.61728
1.59193
1.56811
1.54957
1.53862
1.53568
1.53969
1.54905
1.56226
1.57795
1.59473
1.61126
1.62643
1.63939
1.64937
1.65563
1.65781
1.6563
1.6522
1.64672
1.64051
1.63355
1.62585
1.61812
1.61155
1.6074
1.60682
1.61063
1.6185
1.62818
1.63552
1.63565
1.62468
1.60137
1.56829
1.53189
1.50059
1.48195
1.48058
1.49757
1.53012
1.5719
1.61511
1.65292
1.68067
1.69597
1.69838
1.68908
1.67058
1.6463
1.61974
1.59376
1.57001
1.54879
1.52966
1.51241
1.49779
1.48763
1.48398
1.48774
1.49793
1.5123
1.52873
1.54603
1.56387
1.58229
1.60116
1.62001
1.63791
1.65345
1.66545
1.67345
1.67799
1.68031
1.68201
1.68471
1.68956
1.69705
1.70661
1.71673
1.72518
1.72971
1.72856
1.72097
1.70744
1.68955
1.66936
1.64876
1.62925
1.61179
1.5968
1.58404
1.57289
1.56309
1.55574
1.55335
1.55843
1.57148
1.59036
1.61144
1.6315
1.64869
1.66214
1.6709
1.67367
1.67
1.66137
1.65133
1.64418
1.64282
1.64766
1.6571
1.66916
1.68278
1.69738
1.71181
1.72414
1.73257
1.73629
1.73572
1.73205
1.72642
1.71919
1.70992
1.69822
1.68453
1.67023
1.65732
1.64801
1.64432
1.64733
1.65638
1.66906
1.68256
1.69526
1.70732
1.72005
1.73472
1.7512
1.76737
1.77922
1.78203
1.77199
1.74832
1.71477
1.67861
1.64604
1.6188
1.59632
1.57996
1.57306
1.57753
1.59191
1.612
1.63264
1.64904
1.65753
1.65605
1.64441
1.62425
1.59873
1.5717
1.54703
1.52823
1.51833
1.51945
1.53177
1.5529
1.57827
1.60272
1.62234
1.6355
1.64254
1.64467
1.64261
1.63593
1.62342
1.60412
1.5789
1.5518
1.53012
1.52218
1.53318
1.56182
1.60099
1.64184
1.67756
1.7048
1.72327
1.7345
1.74078
1.74439
1.74722
1.75077
1.75624
1.76419
1.77434
1.78521
1.79434
1.79881
1.79607
1.78482
1.76541
1.73967
1.71018
1.67931
1.6485
1.61834
1.58927
1.56226
1.53925
1.52273
1.51505
1.51762
1.53043
1.55196
1.57953
1.60986
1.63979
1.66711
1.69092
1.71151
1.72983
1.74648
1.76095
1.77168
1.77667
1.7743
1.76379
1.74505
1.71847
1.68514
1.64733
1.60897
1.57517
1.55083
1.53883
1.53937
1.55064
1.56983
1.594
1.62022
1.6456
1.66761
1.68481
1.69794
1.71019
1.72486
1.74169
1.75624
1.76361
1.76172
1.75155
1.73578
1.71736
1.69906
1.6837
1.67444
1.67438
1.68546
1.70728
1.73676
1.76896
1.79826
1.8193
1.82777
1.82099
1.79854
1.76267
1.71848
1.67353
1.63617
1.61289
1.6059
1.61305
1.62959
1.65056
1.6724
1.69362
1.71419
1.73451
1.75442
1.77311
1.78941
1.80223
1.81095
1.81575
1.81773
1.81856
1.81969
1.82166
1.82391
1.82495
1.82294
1.81616
1.80357
1.78515
1.7623
1.73794
1.71603
1.70045
1.69381
1.69645
1.70642
1.72034
1.73446
1.74554
1.75144
1.75115
1.74486
1.73388
1.72062
1.70826
1.70007
1.69841
1.70389
1.71525
1.73002
1.74567
1.76058
1.7743
1.78702
1.79865
1.8081
1.81313
1.8111
1.80021
1.78076
1.75536
1.7281
1.70282
1.68146
1.66355
1.64753
1.63267
1.61972
1.61035
1.6063
1.60927
1.6203
1.63836
1.65991
1.6802
1.69533
1.70344
1.70474
1.7009
1.69412
1.68624
1.67808
1.66933
1.65922
1.64739
1.63446
1.62214
1.61285
1.609
1.61221
1.62261
1.63855
1.65706
1.67468
1.68839
1.69625
1.69751
1.69241
1.68179
1.66678
1.64867
1.62906
1.60987
1.59323
1.58118
1.57503
1.57457
1.57774
1.58115
1.58152
1.57754
1.57093
1.56571
1.56559
1.57119
1.57991
1.58814
1.59352
1.59573
1.59614
1.59724
1.60188
1.61237
1.62938
1.65134
1.67502
1.69717
1.71587
1.73055
1.74118
1.74736
1.74806
1.74193
1.72791
1.7059
1.67703
1.64362
1.60878
1.57587
1.54848
1.53055
1.52576
1.53586
1.55873
1.58871
1.61889
1.6436
1.65974
1.66691
1.66669
1.66171
1.65457
1.647
1.63957
1.63217
1.62457
1.61681
1.60925
1.60268
1.59837
1.59743
1.6002
1.6058
1.61237
1.61762
1.61955
1.61691
1.60965
1.59915
1.58819
1.58026
1.57822
1.58293
1.59285
1.60501
1.61651
1.62547
1.6313
1.63423
1.63491
1.6342
1.63336
1.63444
1.64016
1.65272
1.67224
1.69658
1.72283
1.7489
1.77369
1.79665
1.81725
1.83481
1.84863
1.85791
1.86196
1.86027
1.8527
1.83974
1.82255
1.80292
1.78307
1.76505
1.75022
1.73889
1.73058
1.72433
1.71875
1.71209
1.70298
1.69141
1.67915
1.66928
1.665
1.66845
1.67991
1.69769
1.71848
1.73828
1.75371
1.76329
1.76789
1.77011
1.77292
1.77817
1.78565
1.79306
1.79747
1.79725
1.79322
1.78802
1.78417
1.78251
1.7823
1.78262
1.78343
1.78569
1.79075
1.79924
1.81026
1.82148
1.82988
1.83276
1.82821
1.81542
1.79484
1.76823
1.73845
1.70884
1.68253
1.66182
1.6476
1.63895
1.63317
1.62655
1.61588
1.60008
1.58098
1.56277
1.55052
1.54814
1.5568
1.57432
1.59606
1.6169
1.63319
1.6438
1.64984
1.65347
1.6565
1.65945
1.66126
1.65981
1.6526
1.63773
1.61438
1.58305
1.54561
1.50526
1.46659
1.43516
1.41652
1.41459
1.43022
1.4607
1.50067
1.54375
1.58424
1.61791
1.64223
1.65605
1.65934
1.65341
1.64117
1.6272
1.61658
1.61296
1.61689
1.62575
1.63544
1.64237
1.64468
1.64242
1.63716
1.63117
1.62642
1.62379
1.62285
1.62231
1.62084
1.61788
1.61364
1.6087
1.60347
1.59797
1.59236
1.58726
1.58371
1.58245
1.58348
1.58624
1.59018
1.59504
1.60072
1.60723
1.61475
1.62351
1.63353
1.64445
1.65565
1.66664
1.67735
1.68821
1.69962
1.71147
1.72283
1.73218
1.73805
1.73966
1.73748
1.73328
1.72968
1.72914
1.73295
1.74103
1.75213
1.76447
1.7762
1.7859
1.79276
1.79646
1.79697
1.79417
1.78782
1.77771
1.76425
1.74889
1.73412
1.72284
1.7172
1.71783
1.72383
1.73348
1.74488
1.75644
1.76686
1.77529
1.78132
1.78477
1.78578
1.78473
1.78211
1.7782
1.77274
1.76481
1.75313
1.73657
1.71452
1.68718
1.65563
1.62186
1.5885
1.55834
1.53357
1.51555
1.50515
1.50346
1.51193
1.53145
1.56111
1.59798
1.63795
1.67679
1.71039
1.73476
1.74604
1.74141
1.72079
1.68883
1.6554
1.63164
1.62289
1.62593
1.63368
1.64081
1.64501
1.64575
1.64329
1.63842
1.63259
1.62778
1.62615
1.62931
1.63765
1.65028
1.6658
1.68324
1.70173
1.7197
1.73466
1.74429
1.74764
1.74577
1.74125
1.73689
1.73441
1.73369
1.7329
1.72948
1.72119
1.70687
1.68656
1.66142
1.63369
1.6066
1.58415
1.57021
1.56712
1.57458
1.58977
1.60842
1.62631
1.64046
1.64975
1.65473
1.65685
1.65758
1.65797
1.65846
1.65927
1.66051
1.66228
1.66445
1.66644
1.66734
1.66622
1.66253
1.65641
1.6486
1.64035
1.63318
1.6287
1.62817
1.63213
1.64026
1.65176
1.6657
1.68111
1.69695
1.71196
1.72478
1.73406
1.7387
1.73809
1.73218
1.72165
1.70767
1.69165
1.67516
1.66
1.64807
1.64074
1.63822
1.63909
1.64091
1.64123
1.63875
1.63387
1.62849
1.62498
1.62496
1.6284
1.63367
1.63858
1.64173
1.64333
1.64495
1.6485
1.65511
1.6645
1.6751
1.68446
1.68989
1.68894
1.67982
1.66183
1.63591
1.60517
1.57511
1.55224
1.54042
1.5379
1.53871
1.53815
1.53661
1.5382
1.54657
1.56279
1.58629
1.61574
1.64867
1.68125
1.70886
1.72711
1.73288
1.72512
1.705
1.67525
1.63934
1.60203
1.57061
1.55294
1.55158
1.56139
1.57483
1.58737
1.59812
1.60784
1.61693
1.62471
1.62977
1.63107
1.62919
1.62635
1.62536
1.62804
1.63412
1.64119
1.64545
1.64306
1.63194
1.61307
1.59064
1.57017
1.55593
1.54943
1.55014
1.55674
1.56781
1.58203
1.59819
1.61507
1.63161
1.64698
1.6606
1.6722
1.68193
1.6906
1.69951
1.70953
1.72021
1.72949
1.73449
1.73289
1.72409
1.70955
1.6919
1.67318
1.65386
1.63361
1.61312
1.59476
1.58194
1.57749
1.58243
1.59573
1.61483
1.63658
1.65803
1.67691
1.69166
1.70132
1.70542
1.70377
1.69632
1.68318
1.66477
1.64232
1.61835
1.5967
1.58182
1.57708
1.58331
1.59842
1.61818
1.63757
1.65208
1.65861
1.65629
1.64638
1.63179
1.61585
1.60113
1.58893
1.5794
1.57231
1.5676
1.56506
1.5636
1.56123
1.5566
1.55062
1.5462
1.5465
1.55321
1.56571
1.58159
1.59789
1.61206
1.62265
1.62945
1.63337
1.6358
1.63768
1.6386
1.6366
1.62906
1.61422
1.5923
1.56589
1.5391
1.51628
1.50079
1.49473
1.49904
1.51359
1.53688
1.56607
1.5978
1.62924
1.6588
1.68596
1.71078
1.73324
1.75284
1.76863
1.77952
1.7849
1.78497
1.78067
1.77285
1.76152
1.74587
1.72528
1.70051
1.67442
1.65224
1.64054
1.64419
1.66292
1.69146
1.72275
1.75137
1.7744
1.79059
1.7994
1.80069
1.79479
1.78296
1.76741
1.75103
1.73694
1.72778
1.72522
1.72943
1.73904
1.75145
1.76319
1.77044
1.76967
1.75859
1.73767
1.71177
1.68962
1.67932
1.68306
1.69712
1.71618
1.73563
1.75168
1.76162
1.76449
1.76085
1.75202
1.73943
1.72434
1.70802
1.6921
1.67857
1.66938
1.66553
1.66633
1.66949
1.6719
1.67078
1.66459
1.65342
1.63865
1.62242
1.607
1.59447
1.58666
1.58493
1.58982
1.60076
1.61582
1.63206
1.64615
1.65552
1.66005
1.66318
1.67103
1.68839
1.71501
1.7464
1.77748
1.80491
1.82686
1.84232
1.85075
1.85217
1.84747
1.8385
1.82773
1.81748
1.80924
1.80348
1.8
1.79816
1.79692
1.79492
1.79089
1.7842
1.77513
1.76466
1.75375
1.74287
1.73194
1.72105
1.71121
1.70463
1.7041
1.71176
1.72771
1.74949
1.77302
1.79409
1.80978
1.81912
1.82258
1.82137
1.81657
1.8087
1.79762
1.78287
1.76395
1.74093
1.71485
1.68795
1.66326
1.64385
1.63211
1.62946
1.6364
1.65219
1.67461
1.70011
1.72464
1.74479
1.75825
1.76403
1.76241
1.75497
1.74406
1.73189
1.7193
1.70569
1.69013
1.67253
1.65403
1.63666
1.62264
1.61372
1.61048
1.61211
1.61685
1.62306
1.62988
1.63713
1.64488
1.65296
1.66097
1.66834
1.67437
1.67811
1.6784
1.67432
1.66579
1.65409
1.64219
1.63409
1.63343
1.64173
1.65783
1.67901
1.70251
1.72633
1.74916
1.76992
1.78745
1.80037
1.8073
1.80722
1.7997
1.78506
1.7643
1.73897
1.71116
1.68318
1.65726
1.63514
1.61773
1.60468
1.5945
1.58529
1.57595
1.56698
1.56022
1.55741
1.55861
1.56197
1.56476
1.56495
1.56249
1.55979
1.56059
1.56772
1.58107
1.59794
1.61479
1.62897
1.63918
1.64506
1.64666
1.64394
1.63659
1.62419
1.60658
1.58408
1.55779
1.52965
1.50231
1.47867
1.461
1.45042
1.44691
1.44986
1.45881
1.4736
1.49404
1.51947
1.54839
1.57866
1.60783
1.6337
1.65451
1.66922
1.67766
1.68068
1.67996
1.67746
1.67489
1.67325
1.67268
1.67228
1.67028
1.66465
1.65396
1.63806
1.61842
1.59812
1.58118
1.57152
1.57152
1.58094
1.59706
1.61595
1.63408
1.64924
1.66039
1.66712
1.66908
1.66621
1.65937
1.65038
1.64149
1.63442
1.62948
1.62531
1.61952
1.61006
1.59671
1.58213
1.57131
1.56883
1.57578
1.5896
1.60655
1.62369
1.63924
1.65195
1.66095
1.66574
1.66625
1.66311
1.65749
1.65041
1.64256
1.6349
1.62941
1.62879
1.6351
1.64861
1.66806
1.69149
1.71677
1.74163
1.76373
1.78114
1.79279
1.79857
1.7987
1.79278
1.77954
1.75723
1.72491
1.68335
1.63591
1.58858
1.54883
1.52289
1.51305
1.51768
1.53302
1.55419
1.57632
1.59586
1.61129
1.62259
1.6302
1.63423
1.63444
1.6306
1.62303
1.61273
1.60124
1.59041
1.5822
1.57863
1.58167
1.59266
1.61153
1.63614
1.66275
1.68704
1.70542
1.7158
1.71794
1.713
1.703
1.69039
1.67777
1.66778
1.66261
1.66366
1.671
1.68311
1.69699
1.70876
1.71445
1.71089
1.6968
1.67398
1.6475
1.6241
1.60885
1.60243
1.60198
1.60409
1.60707
1.61077
1.61537
1.62016
1.62336
1.62273
1.61667
1.60521
1.59051
1.57618
1.5654
1.55928
1.55701
1.55755
1.5607
1.56639
1.57358
1.58036
1.58518
1.58798
1.59025
1.59423
1.60169
1.61322
1.62787
1.64358
1.65801
1.66932
1.67669
1.68033
1.68086
1.6784
1.67218
1.66111
1.64493
1.62493
1.60398
1.58573
1.57338
1.56868
1.57152
1.58048
1.59358
1.60843
1.6223
1.63224
1.63588
1.63231
1.62239
1.60827
1.59243
1.57675
1.56192
1.54748
1.53256
1.51687
1.50158
1.48932
1.48327
1.48581
1.49735
1.51608
1.53853
1.5607
1.57909
1.59151
1.59741
1.59779
1.59466
1.5904
1.5871
1.5863
1.58926
1.59722
1.61091
1.62962
1.65103
1.67205
1.69018
1.70416
1.71378
1.71931
1.72083
1.71817
1.71096
1.69915
1.68314
1.66375
1.642
1.61877
1.59462
1.5699
1.54493
1.52026
1.49688
1.47666
1.46222
1.45615
1.45945
1.47044
1.48544
1.50081
1.51498
1.52892
1.54453
1.56246
1.58095
1.59691
1.60771
1.61265
1.61339
1.61356
1.61705
1.62469
1.6326
1.63468
1.62672
1.60819
1.58121
1.54874
1.51355
1.47812
1.44516
1.41796
1.4003
1.39549
1.40511
1.42804
1.46052
1.49771
1.53527
1.57022
1.60084
1.62613
1.64534
1.65781
1.66316
1.66131
1.65254
1.63758
1.61755
1.59395
1.56855
1.54357
1.52187
1.50679
1.50106
1.50541
1.51822
1.53666
1.55814
1.58093
1.60397
1.62666
1.64874
1.66999
1.68964
1.70584
1.71612
1.71875
1.71384
1.70369
1.69204
1.68262
1.67783
1.67844
1.68396
1.69326
1.70486
1.7169
1.72712
1.73304
1.73252
1.72443
1.70936
1.69028
1.67234
1.66107
1.65975
1.66786
1.68191
1.69771
1.71207
1.72319
1.73031
1.73328
1.73243
1.72849
1.72238
1.71488
1.7063
1.69642
1.68507
1.673
1.66221
1.65529
1.65406
1.65828
1.6656
1.67256
1.6761
1.6746
1.66839
1.65965
1.65141
1.64583
1.64331
1.64308
1.64411
1.64484
1.6432
1.63751
1.62765
1.6152
1.60261
1.59209
1.58458
1.57952
1.57519
1.56962
1.56156
1.55102
1.53959
1.53024
1.52653
1.531
1.54385
1.56244
1.58229
1.5989
1.60927
1.61303
1.61234
1.61118
1.6137
1.62231
1.63644
1.65297
1.66772
1.67705
1.67858
1.67126
1.65542
1.63294
1.60742
1.58358
1.56594
1.55719
1.5576
1.56565
1.57913
1.59614
1.61532
1.63572
1.65629
1.67563
1.69186
1.70292
1.70721
1.70449
1.69671
1.6882
1.68454
1.68982
1.70387
1.72232
1.7395
1.75142
1.75676
1.75619
1.75138
1.74402
1.73532
1.72593
1.71618
1.70661
1.69858
1.6946
1.69734
1.70781
1.72416
1.74221
1.75744
1.76658
1.76823
1.76277
1.7521
1.73926
1.72777
1.72058
1.71915
1.72302
1.73028
1.73862
1.74605
1.75095
1.75184
1.74744
1.73712
1.72164
1.70331
1.68534
1.66985
1.65597
1.64025
1.61918
1.59179
1.56054
1.53028
1.50573
1.48938
1.48118
1.47979
1.48401
1.49335
1.50782
1.52731
1.55083
1.57619
1.60048
1.6212
1.63733
1.64958
1.6596
1.66879
1.67771
1.68629
1.69439
1.70222
1.71028
1.71902
1.72837
1.73757
1.74537
1.75056
1.75233
1.75051
1.74543
1.7376
1.72749
1.71546
1.70182
1.68682
1.67061
1.65332
1.63532
1.61774
1.60264
1.59276
1.59071
1.59776
1.613
1.63346
1.65528
1.6752
1.69127
1.70292
1.71064
1.71542
1.71853
1.72129
1.7247
1.72898
1.73335
1.73653
1.73755
1.7363
1.73336
1.72942
1.72473
1.71909
1.7123
1.70474
1.69737
1.69125
1.68696
1.68427
1.68226
1.67968
1.67519
1.66762
1.65618
1.64102
1.62392
1.60854
1.59956
1.60075
1.6128
1.63269
1.6554
1.67647
1.69319
1.70376
1.7064
1.6998
1.68437
1.66272
1.6391
1.61794
1.60239
1.59357
1.59117
1.59447
1.60283
1.61541
1.63101
1.64815
1.66546
1.68181
1.69596
1.7064
1.71156
1.71057
1.7039
1.69311
1.67992
1.66537
1.64971
1.63302
1.61572
1.59887
1.58392
1.57258
1.56644
1.56676
1.574
1.58746
1.60521
1.62437
1.6416
1.65394
1.65967
1.65892
1.65344
1.64554
1.63744
1.6315
1.6304
1.6362
1.6492
1.66751
1.68772
1.70592
1.71877
1.72405
1.72088
1.7098
1.69256
1.67185
1.65075
1.63198
1.61723
1.60696
1.60075
1.59783
1.59776
1.60085
1.6079
1.61932
1.6342
1.65017
1.66417
1.67344
1.67594
1.67041
1.65644
1.63516
1.61046
1.58927
1.57956
1.58631
1.60833
1.6385
1.66765
1.68885
1.69932
1.6999
1.69336
1.68313
1.67242
1.66363
1.65818
1.65633
1.65701
1.65795
1.65655
1.65086
1.64042
1.6263
1.61076
1.59684
1.58795
1.58755
1.59842
1.62125
1.65381
1.69155
1.72935
1.76297
1.78932
1.80656
1.81409
1.81253
1.80354
1.7895
1.77275
1.75495
1.73683
1.71831
1.69888
1.67782
1.65436
1.62774
1.59786
1.56615
1.5361
1.51212
1.49665
1.48805
1.4822
1.47658
1.4728
1.47536
1.48807
1.51141
1.54272
1.57799
1.61351
1.64643
1.67493
1.69772
1.71367
1.72176
1.72156
1.71389
1.70104
1.68652
1.67425
1.66736
1.66733
1.67357
1.68411
1.69666
1.70951
1.72194
1.73393
1.74591
1.75816
1.77056
1.78248
1.79294
1.80075
1.8047
1.80371
1.79667
1.78252
1.76035
1.73
1.69284
1.65206
1.61204
1.57717
1.55067
1.5347
1.53035
1.53767
1.55525
1.58028
1.60914
1.63812
1.66422
1.68544
1.70119
1.71216
1.71992
1.72628
1.73238
1.73808
1.74206
1.74232
1.73691
1.72469
1.70608
1.68384
1.66316
1.65013
1.64855
1.65706
1.66965
1.67959
1.68323
1.68094
1.67554
1.66985
1.66476
1.6591
1.65076
1.63818
1.6212
1.60132
1.58149
1.56568
1.55797
1.56113
1.57524
1.59769
1.62443
1.65176
1.67718
1.69927
1.71728
1.73066
1.73886
1.74135
1.73783
1.72846
1.71425
1.69703
1.67898
1.66228
1.64881
1.63989
1.63537
1.63315
1.63029
1.6249
1.61731
1.60978
1.60523
1.60592
1.61239
1.62348
1.63725
1.65215
1.6673
1.68224
1.69624
1.70805
1.71594
1.71814
1.71341
1.70182
1.68533
1.66741
1.65164
1.63994
1.63187
1.62557
1.61917
1.61154
1.60236
1.59167
1.57976
1.56684
1.55339
1.54049
1.53043
1.52662
1.53266
1.55062
1.5794
1.61457
1.64981
1.67901
1.6977
1.70399
1.69877
1.68507
1.66646
1.64543
1.62355
1.60304
1.58724
1.57926
1.58014
1.58833
1.60081
1.61457
1.62745
1.63852
1.64769
1.65516
1.66099
1.66492
1.66702
1.66815
1.67007
1.67473
1.68326
1.695
1.70751
1.71722
1.72038
1.71437
1.69923
1.67879
1.65981
1.64893
1.6495
1.66095
1.68044
1.70434
1.72868
1.7495
1.76356
1.76907
1.76602
1.75587
1.74081
1.72294
1.70397
1.68574
1.67077
1.66211
1.66233
1.67229
1.69067
1.71441
1.73939
1.76118
1.77586
1.7809
1.77581
1.76228
1.7437
1.72388
1.70573
1.69016
1.67619
1.66234
1.64806
1.63417
1.62233
1.61434
1.61143
1.61386
1.62057
1.62914
1.63629
1.63894
1.63549
1.62651
1.61452
1.60306
1.5955
1.59398
1.59873
1.60824
1.62012
1.63184
1.64114
1.64611
1.64528
1.63776
1.62383
1.6052
1.58488
1.56637
1.55245
1.54435
1.54153
1.54243
1.54554
1.55025
1.5568
1.56563
1.57641
1.58759
1.59702
1.60301
1.60521
1.60504
1.6056
1.61108
1.62539
1.65001
1.68247
1.7168
1.74566
1.76261
1.76364
1.74765
1.71669
1.676
1.63338
1.59722
1.57366
1.56477
1.56879
1.58203
1.60075
1.62211
1.64451
1.66723
1.68995
1.71209
1.73245
1.74907
1.75975
1.76272
1.75718
1.74361
1.72383
1.70085
1.67846
1.66041
1.64928
1.64598
1.65003
1.6603
1.67554
1.69452
1.7159
1.73822
1.75986
1.77914
1.79422
1.80334
1.80499
1.79832
1.7835
1.76164
1.73463
1.70483
1.67465
1.64632
1.62152
1.60136
1.58647
1.57741
1.57462
1.57789
1.58586
1.59594
1.60495
1.61024
1.61102
1.60911
1.60841
1.61327
1.62652
1.64838
1.6764
1.70589
1.73075
1.74499
1.74427
1.72686
1.69385
1.64875
1.59687
1.54479
1.49979
1.46891
1.45742
1.46707
1.49536
1.53658
1.5839
1.63106
1.67309
1.70648
1.72896
1.73936
1.7376
1.72461
1.70252
1.67462
1.64505
1.61803
1.59682
1.5829
1.57584
1.574
1.57542
1.57837
1.58136
1.58332
1.5839
1.58367
1.58416
1.587
1.59306
1.60218
1.61355
1.62629
1.63997
1.65483
1.67149
1.6902
1.71004
1.72873
1.74332
1.75101
1.74975
1.73871
1.71876
1.69326
1.66817
1.65073
1.64625
1.65568
1.67573
1.70087
1.72493
1.74223
1.74927
1.74619
1.73662
1.7251
1.71422
1.70413
1.69419
1.6843
1.67508
1.66718
1.66054
1.6541
1.64603
1.63466
1.61953
1.60198
1.585
1.57234
1.56704
1.56988
1.57886
1.59019
1.60002
1.6057
1.60629
1.60239
1.59567
1.58844
1.58287
1.58032
1.58098
1.58399
1.58817
1.59296
1.59891
1.60747
1.62015
1.63745
1.65795
1.67839
1.69484
1.70445
1.7069
1.70452
1.701
1.69941
1.70112
1.70602
1.71334
1.72171
1.7293
1.73419
1.7352
1.73223
1.72595
1.71721
1.70673
1.69533
1.6841
1.67427
1.66684
1.66223
1.66041
1.66114
1.66399
1.66807
1.67194
1.67393
1.67257
1.66694
1.65675
1.64246
1.62546
1.6081
1.59337
1.58376
1.5801
1.58141
1.58597
1.59284
1.60239
1.61567
1.6331
1.6537
1.67552
1.69657
1.71549
1.73158
1.74439
1.75357
1.7589
1.76035
1.75785
1.75129
1.74035
1.72497
1.70574
1.68425
1.66275
1.64346
1.62781
1.61639
1.60947
1.60733
1.61002
1.61663
1.62496
1.63228
1.63656
1.63705
1.63403
1.62827
1.62093
1.61381
1.60972
1.61182
1.62258
1.64235
1.66889
1.69798
1.72484
1.7454
1.75705
1.75889
1.75158
1.73719
1.71892
1.70052
1.68553
1.67649
1.67427
1.67805
1.68555
1.69365
1.69923
1.70013
1.69569
1.68657
1.67439
1.66076
1.6467
1.63249
1.61802
1.60343
1.58933
1.57694
1.56792
1.56394
1.56617
1.57471
1.58838
1.60492
1.62141
1.63483
1.64261
1.64308
1.63565
1.62087
1.60045
1.57739
1.55596
1.541
1.53633
1.54322
1.56011
1.58376
1.61073
1.63812
1.66349
1.6845
1.69886
1.70452
1.70017
1.686
1.66446
1.64042
1.61961
1.60576
1.5989
1.5969
1.5983
1.6036
1.61439
1.63158
1.65417
1.6793
1.70321
1.72211
1.73299
1.73403
1.72493
1.70687
1.6825
1.65598
1.63253
1.61755
1.61507
1.62627
1.649
1.67868
1.70992
1.73799
1.75938
1.77189
1.77466
1.76834
1.75504
1.73803
1.72094
1.70696
1.69833
1.69628
1.70086
1.71064
1.72238
1.7316
1.73433
1.72928
1.71893
1.70844
1.70247
1.70271
1.70765
1.71407
1.71888
1.72052
1.71936
1.71676
1.7138
1.7106
1.7065
1.70054
1.69201
1.68212
1.67505
1.6754
1.68289
1.69203
1.69721
1.69628
1.69009
1.68064
1.66986
1.6593
1.65022
1.64364
1.64026
1.64001
1.6418
1.64387
1.64425
1.64145
1.63497
1.62558
1.61533
1.60684
1.60248
1.60344
1.60926
1.61814
1.62757
1.63488
1.63748
1.63325
1.62067
1.59941
1.57063
1.53717
1.50305
1.47286
1.45094
1.44076
1.44424
1.4611
1.48893
1.52377
1.56092
1.5959
1.62505
1.64578
1.65684
1.65802
1.65003
1.63433
1.61295
1.58835
1.56326
1.54017
1.52114
1.50741
1.49958
1.4978
1.50195
1.51166
1.5265
1.54655
1.57275
1.60582
1.64458
1.68523
1.72295
1.75428
1.77848
1.79696
1.81173
1.82363
1.83178
1.83404
1.82832
1.81368
1.79079
1.76203
1.73111
1.70223
1.67875
1.66188
1.65022
1.64116
1.63321
1.62707
1.62472
1.62724
1.63363
1.64143
1.64849
1.65454
1.66144
1.67176
1.68632
1.70295
1.71718
1.72449
1.72218
1.71002
1.68996
1.66525
1.6395
1.61627
1.59931
1.59246
1.59836
1.61671
1.64355
1.67273
1.69841
1.71681
1.72674
1.72901
1.72579
1.72011
1.71565
1.71694
1.72819
1.75094
1.78186
1.81385
1.83945
1.85364
1.85476
1.84449
1.82701
1.80731
1.78874
1.7716
1.75422
1.7352
1.71468
1.69406
1.67513
1.65921
1.6468
1.63745
1.63002
1.62317
1.61567
1.60669
1.59595
1.58377
1.57114
1.55959
1.55098
1.54737
1.55076
1.56254
1.58249
1.60817
1.63532
1.65933
1.67682
1.68663
1.69
1.68976
1.68914
1.69051
1.69456
1.70047
1.70672
1.7118
1.71465
1.71479
1.71239
1.7081
1.70286
1.69782
1.6942
1.69302
1.69457
1.69792
1.70111
1.70199
1.69935
1.6939
1.6882
1.68507
1.68553
1.68797
1.68963
1.68851
1.68399
1.67655
1.66713
1.65694
1.64716
1.63886
1.6328
1.62919
1.62761
1.62713
1.62664
1.62569
1.62509
1.62682
1.63294
1.64405
1.65851
1.67294
1.68374
1.68858
1.68698
1.68021
1.67031
1.6592
1.64818
1.63784
1.62837
1.61993
1.61348
1.61112
1.61515
1.6261
1.6424
1.66198
1.6839
1.70815
1.73444
1.76147
1.78696
1.80841
1.82389
1.83253
1.83439
1.83007
1.82026
1.80565
1.78728
1.76692
1.74712
1.73072
1.71984
1.71502
1.71493
1.71683
1.7176
1.71474
1.70661
1.69238
1.67219
1.64772
1.62238
1.60079
1.58731
1.58456
1.5922
1.60698
1.62398
1.63837
1.6468
1.64785
1.64184
1.63034
1.61596
1.60209
1.59212
1.58808
1.58965
1.59462
1.60029
1.60483
1.60792
1.61054
1.61419
1.61982
1.62734
1.63582
1.64413
1.65156
1.65791
1.66311
1.66664
1.66727
1.66353
1.65435
1.63976
1.62135
1.60228
1.58703
1.58062
1.58675
1.60528
1.63145
1.658
1.67835
1.68842
1.68725
1.67674
1.66109
1.6455
1.63391
1.62716
1.62319
1.61891
1.61212
1.60176
1.58755
1.57003
1.55098
1.53337
1.5201
1.51267
1.51058
1.5122
1.51631
1.52319
1.53466
1.55295
1.57916
1.61216
1.64865
1.68425
1.71488
1.73782
1.7521
1.75848
1.75939
1.75852
1.76006
1.7671
1.78013
1.79668
1.81279
1.82481
1.83077
1.83073
1.82617
1.81833
1.80651
1.78845
1.76219
1.728
1.68873
1.64886
1.613
1.58506
1.56843
1.56617
1.58004
1.60853
1.64596
1.68419
1.7154
1.734
1.73767
1.72781
1.70951
1.68989
1.67475
1.66574
1.66092
1.65759
1.65448
1.65213
1.65223
1.65665
1.66669
1.6825
1.70299
1.726
1.74871
1.76815
1.78151
1.78644
1.78131
1.76548
1.73972
1.70631
1.66893
1.63203
1.59982
1.57552
1.56117
1.55778
1.56565
1.58451
1.61314
1.64855
1.68589
1.71959
1.745
1.75962
1.76336
1.75828
1.74794
1.73597
1.72457
1.7141
1.70419
1.69497
1.68709
1.68069
1.67476
1.66773
1.65857
1.64749
1.63548
1.62363
1.61295
1.60436
1.59814
1.59362
1.58978
1.58602
1.58267
1.58078
1.58148
1.58497
1.59019
1.59553
1.60004
1.60433
1.61045
1.62056
1.63552
1.65427
1.67425
1.69232
1.70595
1.71422
1.71807
1.7194
1.71932
1.71724
1.71206
1.70368
1.6933
1.68261
1.67263
1.66325
1.65322
1.6409
1.62504
1.60566
1.58425
1.56361
1.54682
1.53608
1.53211
1.53432
1.54137
1.55179
1.56435
1.57802
1.59178
1.6047
1.61646
1.62786
1.64101
1.65839
1.68131
1.709
1.73897
1.76806
1.79326
1.81179
1.82127
1.82
1.80754
1.78534
1.75691
1.72707
1.70007
1.67792
1.66051
1.64692
1.63679
1.63068
1.62951
1.6339
1.64353
1.65691
1.67172
1.68538
1.69597
1.70299
1.70752
1.7116
1.7169
1.72357
1.73016
1.73486
1.73688
1.73672
1.73522
1.73218
1.72584
1.71383
1.69434
1.66692
1.63297
1.59574
1.56007
1.53113
1.5127
1.50583
1.50888
1.51878
1.53267
1.54883
1.56651
1.58499
1.6028
1.61787
1.62836
1.63347
1.63404
1.63241
1.63171
1.63466
1.64239
1.65398
1.66684
1.67771
1.6837
1.68301
1.67527
1.66153
1.64404
1.62612
1.61168
1.60396
1.60363
1.60824
1.61368
1.61666
1.61601
1.61243
1.60759
1.60312
1.5998
1.59708
1.59338
1.58712
1.57798
1.56742
1.55805
1.55207
1.54994
1.55021
1.55057
1.54914
1.5458
1.54259
1.54314
1.55108
1.56779
1.59149
1.61826
1.64364
1.66377
1.67582
1.67852
1.67264
1.66115
1.64836
1.63833
1.63319
1.63285
1.63572
1.63992
1.64376
1.64583
1.64477
1.6395
1.62949
1.61507
1.59727
1.57788
1.5595
1.5454
1.53877
1.54156
1.55384
1.57417
1.60024
1.6294
1.65866
1.68458
1.70354
1.71237
1.70937
1.6954
1.6747
1.65443
1.64232
1.64297
1.65535
1.67345
1.68965
1.69815
1.69656
1.68564
1.66804
1.64698
1.62547
1.60602
1.59063
1.58084
1.57762
1.58125
1.59112
1.60576
1.62312
1.64101
1.65764
1.67189
1.68345
1.69254
1.6998
1.70594
1.71135
1.71568
1.71773
1.71607
1.70979
1.69883
1.68408
1.66743
1.65165
1.63967
1.63359
1.63408
1.6401
1.64923
1.65841
1.66462
1.66569
1.66084
1.65106
1.63915
1.62881
1.62274
1.62076
1.62017
1.61822
1.61435
1.61044
1.60937
1.6131
1.62169
1.63345
1.64608
1.65755
1.66635
1.67139
1.67177
1.66673
1.65601
1.63989
1.61928
1.59574
1.57167
1.5505
1.53674
1.53485
1.54685
1.57015
1.59803
1.62278
1.63929
1.64669
1.6475
1.64525
1.64253
1.64043
1.63914
1.63856
1.63866
1.6397
1.64215
1.64623
1.65157
1.65727
1.66233
1.66612
1.66841
1.6693
1.66904
1.66808
1.6671
1.66682
1.6674
1.66794
1.6669
1.66302
1.65619
1.64769
1.63981
1.63513
1.63544
1.64081
1.64924
1.65738
1.66165
1.6592
1.64853
1.62974
1.60467
1.57699
1.55182
1.53465
1.52983
1.53906
1.56077
1.59069
1.62329
1.65349
1.67773
1.69437
1.70345
1.706
1.70329
1.69623
1.68525
1.67058
1.65284
1.63348
1.61469
1.59885
1.58773
1.58203
1.58132
1.58432
1.58951
1.59581
1.60275
1.6102
1.61753
1.62313
1.62491
1.6217
1.61443
1.60589
1.59862
1.59289
1.58715
1.58022
1.57293
1.56781
1.56745
1.57249
1.58089
1.58878
1.59239
1.58937
1.57934
1.56361
1.54469
1.52554
1.50881
1.49658
1.4903
1.49119
1.50031
1.51794
1.54246
1.56996
1.59529
1.61416
1.62467
1.62748
1.62492
1.61996
1.61551
1.61405
1.61738
1.62595
1.63836
1.65142
1.66122
1.66452
1.65959
1.64685
1.62894
1.61075
1.59892
1.59979
1.61549
1.64161
1.66966
1.6921
1.70536
1.70954
1.70673
1.69948
1.68994
1.67955
1.66926
1.65988
1.65208
1.64634
1.64282
1.64132
1.64168
1.64396
1.64837
1.65466
1.66203
1.6693
1.67564
1.6812
1.68724
1.6959
1.70912
1.72693
1.74664
1.76329
1.77128
1.76587
1.7442
1.70645
1.6584
1.61235
1.58178
1.57202
1.57935
1.59739
1.6199
1.64089
1.65599
1.66321
1.66264
1.65539
1.64309
1.62761
1.61106
1.59572
1.58335
1.57447
1.56882
1.56729
1.57228
1.58467
1.6008
1.6144
1.62073
1.61822
1.60776
1.59157
1.57274
1.55491
1.54149
1.53465
1.53467
1.54092
1.55334
1.5725
1.59757
1.62474
1.64821
1.66287
1.66592
1.65695
1.63735
1.61022
1.58053
1.55459
1.53816
1.53374
1.53932
1.54952
1.55833
1.56156
1.55837
1.55126
1.54477
1.54351
1.55024
1.56482
1.58457
1.6056
1.62461
1.63966
1.65026
1.65656
1.6586
1.65613
1.64929
1.63925
1.62825
1.61904
1.61405
1.61466
1.62113
1.63296
1.64908
1.66762
1.68563
1.69961
1.70664
1.70506
1.69467
1.67668
1.65355
1.62879
1.60635
1.59005
1.58293
1.58664
1.60076
1.62267
1.64825
1.67302
1.69325
1.7066
1.71241
1.71118
1.70361
1.68983
1.66935
1.6421
1.60995
1.57747
1.55105
1.53681
1.53863
1.55694
1.58835
1.62637
1.66373
1.69527
1.71908
1.73596
1.74834
1.75962
1.77338
1.79227
1.81677
1.84496
1.87332
1.89827
1.91719
1.92876
1.93262
1.92898
1.91855
1.90272
1.88349
1.86317
1.84373
1.8264
1.81165
1.79944
1.78955
1.78145
1.77405
1.76549
1.75395
1.73851
1.71968
1.6989
1.67752
1.65617
1.63486
1.61323
1.59105
1.56845
1.54571
1.52307
1.50081
1.48018
1.4646
1.45968
1.47037
1.49698
1.53443
1.57567
1.61548
1.65119
1.68137
1.70457
1.71956
1.72642
1.72759
1.72759
1.73139
1.74201
1.75911
1.77952
1.79898
1.81372
1.82159
1.8223
1.81745
1.80986
1.80244
1.79676
1.79197
1.78532
1.77383
1.75632
1.73419
1.71023
1.68649
1.66315
1.63956
1.61597
1.59415
1.57631
1.56355
1.55556
1.55166
1.55197
1.55745
1.56899
1.58637
1.60769
1.62951
1.64765
1.65811
1.65805
1.64667
1.62576
1.59986
1.57579
1.56091
1.56053
1.57586
1.60342
1.63616
1.66587
1.68557
1.6912
1.68189
1.65952
1.62767
1.59076
1.55329
1.51918
1.49155
1.47255
1.46328
1.46346
1.47137
1.48434
1.49975
1.51583
1.53161
1.54646
1.5595
1.56981
1.57696
1.58165
1.58591
1.59303
1.60672
1.62974
1.66232
1.70177
1.74332
1.78198
1.81398
1.83729
1.85149
1.85707
1.85476
1.8451
1.82841
1.80496
1.77566
1.74254
1.70884
1.67828
1.65348
1.6347
1.61999
1.60668
1.59325
1.57997
1.56845
1.56044
1.5569
1.55767
1.56169
1.56737
1.57295
1.57693
1.57842
1.57742
1.57454
1.57048
1.56556
1.55936
1.55085
1.53885
1.52285
1.50392
1.48524
1.47144
1.46644
1.47124
1.48343
1.49879
1.51343
1.5252
1.53438
1.54373
1.55734
1.57818
1.60602
1.63724
1.66686
1.69058
1.70578
1.7117
1.70956
1.70218
1.69318
1.68546
1.68047
1.67839
1.67896
1.68189
1.68713
1.69488
1.70563
1.71975
1.73634
1.75266
1.76491
1.76986
1.76591
1.75323
1.73343
1.70906
1.68285
1.65675
1.63157
1.60738
1.58448
1.56416
1.5485
1.53944
1.53759
1.54203
1.55129
1.56495
1.58427
1.61095
1.64471
1.68203
1.71721
1.74451
1.75972
1.76081
1.74804
1.72398
1.693
1.66007
1.62931
1.60291
1.58118
1.56354
1.54965
1.54013
1.53613
1.53837
1.54647
1.55914
1.57496
1.59289
1.61202
1.63077
1.64648
1.65606
1.65715
1.64878
1.63161
1.60765
1.58001
1.55254
1.5296
1.51546
1.51326
1.52397
1.54554
1.57343
1.60208
1.62681
1.64503
1.65637
1.6618
1.66265
1.66018
1.65558
1.65
1.64443
1.63961
1.63599
1.63359
1.63213
1.63128
1.63086
1.6308
1.63126
1.6329
1.63678
1.6435
1.65204
1.65964
1.6632
1.66081
1.65232
1.63877
1.6212
1.59994
1.57495
1.54696
1.51866
1.49471
1.47988
1.47635
1.48261
1.49466
1.50837
1.52105
1.53146
1.53881
1.54163
1.53732
1.52337
1.49938
1.46865
1.43798
1.41559
1.40832
1.41958
1.44886
1.49245
1.54466
1.5989
1.64892
1.6899
1.71927
1.73672
1.7438
1.74309
1.73726
1.72855
1.7185
1.70799
1.69732
1.68657
1.67576
1.66532
1.65625
1.64995
1.64759
1.64908
1.65232
1.6538
1.64992
1.63838
1.61877
1.59254
1.56275
1.53377
1.51052
1.49652
1.49223
1.49545
1.50357
1.51542
1.5312
1.55139
1.57617
1.60535
1.63847
1.67446
1.7112
1.74558
1.77417
1.79409
1.80358
1.80262
1.79379
1.78252
1.77562
1.77753
1.78747
1.80047
1.81117
1.81656
1.81632
1.81189
1.80533
1.79851
1.79258
1.78786
1.784
1.78062
1.77776
1.77581
1.77498
1.77499
1.77528
1.77554
1.77573
1.77564
1.7744
1.7702
1.76113
1.74671
1.72947
1.71496
1.70818
1.70915
1.71283
1.71343
1.70756
1.69418
1.67369
1.64768
1.61954
1.59445
1.57767
1.57182
1.57566
1.58528
1.59644
1.60611
1.61262
1.61509
1.61286
1.60529
1.59196
1.57302
1.54948
1.52354
1.49871
1.47976
1.47216
1.48049
1.50571
1.54358
1.58626
1.62573
1.65615
1.67458
1.68062
1.67609
1.66471
1.65156
1.64221
1.64154
1.65255
1.67544
1.70737
1.74334
1.77757
1.80488
1.82176
1.82673
1.82021
1.80401
1.78093
1.75419
1.72741
1.70449
1.68918
1.6839
1.68825
1.69925
1.71287
1.72581
1.73601
1.74251
1.74512
1.744
1.73943
1.73193
1.72296
1.71583
1.71513
1.72443
1.7434
1.76735
1.78954
1.80408
1.80748
1.79896
1.78031
1.7552
1.72842
1.70483
1.68838
1.6814
1.68425
1.69552
1.71256
1.7322
1.75122
1.76689
1.77736
1.78209
1.782
1.77937
1.77704
1.77748
1.78199
1.79049
1.80174
1.81363
1.82358
1.82915
1.82885
1.82279
1.81274
1.80137
1.79082
1.78185
1.77379
1.7656
1.75656
1.74662
1.73617
1.72579
1.71607
1.70759
1.70069
1.69532
1.69121
1.68863
1.68873
1.69298
1.70185
1.71399
1.72669
1.73731
1.74454
1.74866
1.75079
1.75193
1.7523
1.75142
1.74862
1.74387
1.73825
1.73385
1.73283
1.73619
1.74307
1.75126
1.75862
1.76401
1.76735
1.7691
1.76979
1.76969
1.76883
1.76713
1.76464
1.76146
1.75767
1.75311
1.74745
1.74017
1.73068
1.7184
1.70301
1.68479
1.6646
1.64344
1.62179
1.59914
1.57403
1.5445
1.5092
1.46867
1.42636
1.38869
1.36358
1.35776
1.37388
1.40927
1.45685
1.50806
1.55601
1.59663
1.62844
1.65174
1.6679
1.67879
1.68576
1.6893
1.68931
1.68579
1.67932
1.67095
1.66218
1.6551
1.65261
1.65754
1.67105
1.69143
1.71434
1.73425
1.74633
1.7481
1.74028
1.72638
1.71083
1.69663
1.68411
1.67169
1.65757
1.6406
1.6203
1.59659
1.57014
1.54282
1.51766
1.49824
1.48801
1.48944
1.50335
1.52829
1.5605
1.59485
1.62612
1.65042
1.66614
1.67397
1.67605
1.67479
1.6721
1.66968
1.66918
1.67179
1.6782
1.68839
1.7017
1.71676
1.73164
1.74421
1.75276
1.75644
1.75531
1.74987
1.74084
1.72903
1.71538
1.70066
1.68528
1.66967
1.65486
1.64309
1.6374
1.64004
1.65094
1.66756
1.68633
1.70413
1.71912
1.73043
1.73762
1.74033
1.73845
1.73245
1.72366
1.71432
1.70701
1.70389
1.70582
1.71191
1.71972
1.72616
1.72841
1.72477
1.71489
1.69973
1.68116
1.66125
1.64141
1.62223
1.6039
1.58719
1.57404
1.56725
1.56917
1.58008
1.5977
1.61827
1.63805
1.65423
1.66507
1.66977
1.6685
1.66234
1.65305
1.64288
1.63438
1.63014
1.63251
1.64296
1.66159
1.68664
1.71457
1.74073
1.7606
1.77101
1.77109
1.76247
1.74885
1.73497
1.72516
1.72215
1.72638
1.73594
1.74716
1.75558
1.75744
1.75086
1.73614
1.71481
1.68781
1.6548
1.61572
1.57302
1.53246
1.50102
1.48336
1.47995
1.48821
1.5044
1.52452
1.54464
1.56161
1.57394
1.58217
1.58831
1.59471
1.60295
1.61329
1.62476
1.6357
1.6442
1.64897
1.65016
1.64959
1.64982
1.65205
1.65494
1.65589
1.65321
1.64726
1.64028
1.63526
1.63407
1.636
1.6379
1.63673
1.63239
1.62831
1.62867
1.63467
1.64383
1.65245
1.65849
1.66249
1.66657
1.67291
1.68232
1.69363
1.70421
1.71101
1.71154
1.7043
1.68909
1.66731
1.64229
1.61889
1.60224
1.59561
1.5987
1.60812
1.61972
1.63053
1.63897
1.64421
1.64584
1.6441
1.6402
1.63585
1.63206
1.62842
1.62321
1.61433
1.60037
1.58133
1.55896
1.53658
1.51847
1.50866
1.50958
1.52131
1.54192
1.56829
1.59696
1.62461
1.64831
1.66574
1.67547
1.67712
1.67146
1.6603
1.6461
1.6315
1.61875
1.60949
1.60448
1.60362
1.60619
1.61138
1.6186
1.6274
1.63732
1.6476
1.65709
1.66453
1.66898
1.67004
1.66795
1.66332
1.65666
1.64821
1.63789
1.62561
1.61179
1.59764
1.58498
1.57554
1.56997
1.56761
1.56671
1.56543
1.56275
1.55954
1.5597
1.56965
1.59386
1.62987
1.6695
1.70504
1.73279
1.75261
1.76604
1.77499
1.78099
1.78497
1.787
1.78639
1.7818
1.77145
1.75369
1.72772
1.69413
1.65513
1.61406
1.57473
1.54057
1.51404
1.49641
1.48792
1.48825
1.49688
1.51296
1.53494
1.56035
1.58618
1.60955
1.62842
1.642
1.65081
1.65629
1.66006
1.66298
1.66487
1.66513
1.66391
1.66303
1.6657
1.67497
1.69196
1.71497
1.73995
1.76207
1.77723
1.78299
1.77883
1.76593
1.74688
1.72526
1.70472
1.68773
1.67478
1.66464
1.65563
1.64676
1.6381
1.6305
1.62515
1.62319
1.62539
1.63195
1.64242
1.6557
1.67031
1.68475
1.69793
1.70933
1.71895
1.72682
1.7327
1.73618
1.73715
1.73634
1.73539
1.73614
1.73987
1.74659
1.7549
1.76249
1.76701
1.76695
1.76212
1.75349
1.74249
1.73019
1.71684
1.70216
1.68589
1.66824
1.64989
1.63179
1.615
1.60045
1.58862
1.57919
1.57135
1.56463
1.55981
1.55898
1.56433
1.57608
1.59153
1.60627
1.61693
1.62319
1.62805
1.63634
1.65218
1.67662
1.70696
1.73821
1.76516
1.78415
1.79401
1.79609
1.79324
1.78812
1.78192
1.77444
1.76475
1.75189
1.73563
1.71712
1.69877
1.68326
1.67214
1.66537
1.66171
1.65965
1.65777
1.65501
1.65061
1.6441
1.63525
1.62402
1.61083
1.59675
1.58348
1.57284
1.56605
1.56354
1.56525
1.57126
1.58172
1.59648
1.61449
1.63358
1.651
1.66406
1.67092
1.67135
1.66681
1.6599
1.6532
1.64819
1.64512
1.6435
1.64282
1.64294
1.64414
1.64692
1.65188
1.65959
1.6702
1.68323
1.6976
1.71187
1.7247
1.73551
1.74482
1.7538
1.76329
1.77267
1.7798
1.78207
1.77799
1.76804
1.75417
1.73832
1.72091
1.70089
1.67717
1.65046
1.62394
1.6026
1.59134
1.59254
1.60478
1.62392
1.64544
1.6663
1.68554
1.70357
1.72104
1.73808
1.7541
1.76817
1.77947
1.78746
1.79199
1.79307
1.79058
1.78403
1.77264
1.75577
1.73352
1.70698
1.67811
1.64905
1.62163
1.59699
1.57559
1.5576
1.54297
1.53152
1.52287
1.51643
1.51178
1.50913
1.50937
1.51361
1.52226
1.53442
1.54785
1.55983
1.56848
1.57403
1.57886
1.58597
1.59689
1.61089
1.62622
1.64176
1.65747
1.67377
1.69076
1.70811
1.72523
1.74174
1.75754
1.77244
1.78558
1.7955
1.80075
1.80022
1.79299
1.77788
1.75367
1.7205
1.68206
1.6472
1.62765
1.63118
1.65576
1.69111
1.72519
1.74922
1.75937
1.75618
1.74309
1.7246
1.70463
1.68563
1.66857
1.65337
1.63954
1.62705
1.61696
1.61168
1.61418
1.62648
1.6483
1.67689
1.70786
1.73615
1.75743
1.76965
1.77388
1.77347
1.77193
1.77122
1.77155
1.7719
1.77079
1.76709
1.76067
1.75252
1.7434
1.73297
1.72032
1.70529
1.68912
1.67364
1.66025
1.6492
1.6399
1.63147
1.62321
1.61494
1.60704
1.60032
1.59584
1.59454
1.59679
1.602
1.60865
1.61494
1.6194
1.62144
1.62147
1.62087
1.6215
1.62476
1.6303
1.63579
1.63808
1.63492
1.626
1.61237
1.59529
1.57563
1.55398
1.53128
1.50926
1.49051
1.4778
1.47344
1.4787
1.4937
1.51749
1.54827
1.58333
1.61925
1.65234
1.67923
1.69763
1.70683
1.70783
1.70286
1.69449
1.68495
1.67569
1.66755
1.66086
1.65567
1.65168
1.64833
1.6451
1.64184
1.63918
1.6387
1.64255
1.65254
1.66899
1.68988
1.71105
1.72738
1.73413
1.72804
1.70803
1.67572
1.63587
1.59624
1.56579
1.55133
1.55458
1.5721
1.59776
1.62572
1.6519
1.67405
1.69143
1.7041
1.7122
1.71543
1.713
1.70425
1.68962
1.6713
1.65295
1.63856
1.63088
1.63063
1.63665
1.64685
1.65892
1.67061
1.67966
1.6837
1.68035
1.66755
1.64433
1.6116
1.57263
1.53274
1.49832
1.47534
1.46762
1.47568
1.49659
1.52519
1.55615
1.58541
1.6106
1.63075
1.64555
1.65497
1.65907
1.6579
1.6515
1.64
1.62366
1.60289
1.57839
1.55164
1.5252
1.50268
1.48768
1.48244
1.48733
1.50142
1.52316
1.55046
1.58073
1.61129
1.63982
1.66486
1.68598
1.70339
1.71716
1.7267
1.73079
1.72838
1.71929
1.70472
1.68687
1.66822
1.65085
1.63625
1.62584
1.62127
1.62379
1.63256
1.64369
1.65156
1.65176
1.64287
1.62654
1.60651
1.58727
1.57249
1.56374
1.56032
1.56038
1.56227
1.56531
1.56951
1.57511
1.58178
1.58835
1.59306
1.59445
1.59241
1.58859
1.58568
1.58597
1.59033
1.59817
1.60808
1.61862
1.62875
1.63784
1.64548
1.65127
1.65481
1.65577
1.65398
1.64944
1.64246
1.63376
1.62448
1.61589
1.60902
1.60451
1.60268
1.60384
1.60822
1.61563
1.625
1.63428
1.64093
1.64266
1.63835
1.62877
1.61681
1.60685
1.60304
1.60758
1.6202
1.63895
1.66141
1.68523
1.70838
1.72909
1.74599
1.75817
1.7651
1.76664
1.76299
1.75485
1.74347
1.73045
1.71724
1.70481
1.6936
1.68388
1.67624
1.67165
1.67104
1.67466
1.68171
1.69038
1.69827
1.70288
1.70216
1.69538
1.68369
1.66997
1.65744
1.64812
1.64243
1.63981
1.63934
1.63968
1.63916
1.63633
1.63032
1.62094
1.60818
1.5922
1.57385
1.55542
1.54088
1.53482
1.54068
1.55907
1.58729
1.62049
1.65353
1.68246
1.70512
1.72107
1.73137
1.73809
1.74395
1.75154
1.76218
1.775
1.78708
1.79478
1.79519
1.78679
1.76983
1.74629
1.71991
1.69526
1.67615
1.66443
1.66024
1.66284
1.67118
1.68412
1.70033
1.71837
1.73669
1.75377
1.76815
1.77848
1.78356
1.78258
1.7753
1.76247
1.74645
1.73184
1.7238
1.72456
1.73122
1.73806
1.7402
1.73534
1.72337
1.7057
1.68486
1.66432
1.64818
1.64027
1.64248
1.65352
1.66913
1.68362
1.69201
1.69132
1.68107
1.66281
1.63934
1.61374
1.58862
1.56584
1.54651
1.53112
1.51971
1.51195
1.50736
1.5055
1.50621
1.50976
1.51706
1.52958
1.54909
1.57708
1.61373
1.65692
1.70225
1.74405
1.77704
1.79748
1.80351
1.79493
1.77293
1.74014
1.70086
1.66137
1.62944
1.61185
1.61134
1.62553
1.64915
1.6773
1.70652
1.73431
1.75831
1.77624
1.78647
1.78835
1.78209
1.76856
1.749
1.72496
1.69833
1.67142
1.64649
1.62522
1.6083
1.59559
1.58658
1.58068
1.57745
1.5768
1.57892
1.58389
1.59089
1.59809
1.6036
1.60684
1.60881
1.61127
1.61571
1.62276
1.63226
1.64348
1.65497
1.66447
1.66944
1.66812
1.66065
1.64933
1.6378
1.62959
1.62672
1.62899
1.63431
1.64015
1.64513
1.64994
1.65687
1.66853
1.68636
1.70974
1.73599
1.7614
1.78245
1.79718
1.80564
1.80931
1.80998
1.80837
1.80394
1.79519
1.78011
1.75637
1.72234
1.67956
1.63557
1.60314
1.59188
1.60031
1.61953
1.64238
1.66619
1.69007
1.71234
1.73011
1.74014
1.73975
1.72732
1.7027
1.6676
1.62574
1.58251
1.5439
1.51506
1.49906
1.49637
1.50531
1.52309
1.54665
1.57318
1.60019
1.62533
1.64654
1.66253
1.67324
1.67981
1.684
1.68728
1.69019
1.69212
1.69188
1.68878
1.68331
1.67692
1.6711
1.6666
1.66318
1.65998
1.65628
1.65227
1.64905
1.64785
1.64903
1.65181
1.65474
1.6566
1.65716
1.65719
1.65777
1.65946
1.66184
1.66358
1.66284
1.65792
1.64793
1.63326
1.61553
1.59727
1.58114
1.569
1.56113
1.55605
1.55091
1.54299
1.53172
1.52039
1.51531
1.52154
1.53899
1.56332
1.58956
1.61392
1.63372
1.64746
1.65517
1.65881
1.66157
1.66632
1.67385
1.68225
1.68784
1.68732
1.67956
1.66634
1.65144
1.63878
1.63075
1.6275
1.62767
1.62939
1.63105
1.63157
1.63033
1.62697
1.62134
1.61344
1.60347
1.59205
1.58019
1.56893
1.5587
1.54939
1.54114
1.53503
1.53273
1.53516
1.54179
1.55144
1.56341
1.5777
1.59398
1.61056
1.6247
1.63405
1.63808
1.63834
1.6377
1.63921
1.64522
1.65694
1.6744
1.69655
1.72162
1.74745
1.7718
1.7926
1.80794
1.81614
1.81593
1.80668
1.78869
1.76333
1.73304
1.7011
1.67098
1.64526
1.62492
1.60946
1.59803
1.59037
1.58715
1.5892
1.59666
1.60844
1.62237
1.63592
1.6469
1.65401
1.65697
1.65648
1.65361
1.64932
1.64423
1.63865
1.63301
1.62781
1.62355
1.62053
1.61885
1.61862
1.62012
1.62358
1.6288
1.63488
1.64028
1.64323
1.6424
1.63738
1.62908
1.61959
1.61164
1.60796
1.61035
1.61913
1.63326
1.65079
1.66968
1.68827
1.70524
1.71938
1.72952
1.73481
1.73499
1.73041
1.72189
1.71072
1.69871
1.68817
1.68181
1.68209
1.69049
1.7068
1.72886
1.753
1.77512
1.79154
1.7999
1.79946
1.79119
1.77716
1.75971
1.74069
1.72109
1.70131
1.68146
1.66134
1.64051
1.6184
1.59463
1.56947
1.54454
1.52295
1.50854
1.50437
1.51121
1.52734
1.5494
1.57347
1.59605
1.61458
1.62781
1.63577
1.63932
1.63952
1.63703
1.63199
1.62449
1.61514
1.60497
1.59509
1.58599
1.57722
1.56752
1.5552
1.53873
1.51728
1.49147
1.46402
1.44018
1.42692
1.43085
1.45569
1.50064
1.5606
1.62771
1.69365
1.7512
1.79518
1.8224
1.83137
1.82201
1.79559
1.75504
1.70554
1.65439
1.60977
1.57825
1.56286
1.5627
1.57441
1.59379
1.61723
1.64239
1.66804
1.69336
1.71724
1.73813
1.75453
1.76562
1.7715
1.77286
1.77044
1.76481
1.75692
1.7487
1.74317
1.74306
1.74883
1.75786
1.76596
1.76967
1.76771
1.76086
1.75131
1.74187
1.73509
1.73216
1.73273
1.73536
1.7386
1.74186
1.74578
1.75144
1.75891
1.76627
1.77049
1.76909
1.76133
1.74835
1.73236
1.71574
1.70025
1.68673
1.67543
1.66669
1.6614
1.66084
1.66594
1.6766
1.69156
1.70891
1.72638
1.74136
1.75124
1.75434
1.75073
1.74227
1.73189
1.72221
1.71454
1.70864
1.70321
1.69684
1.6889
1.67987
1.67114
1.66433
1.66072
1.66101
1.66523
1.67291
1.68313
1.69471
1.70645
1.71731
1.7264
1.73285
1.73566
1.7337
1.72597
1.71201
1.69219
1.66783
1.64143
1.61663
1.59771
1.588
1.58793
1.59423
1.60162
1.60548
1.6035
1.59556
1.58303
1.56793
1.55268
1.54002
1.53259
1.53205
1.53831
1.54972
1.56393
1.57876
1.59265
1.60466
1.6141
1.62046
1.62347
1.62318
1.61992
1.6142
1.60655
1.59747
1.58741
1.57695
1.56682
1.55788
1.55115
1.54769
1.5484
1.55379
1.56366
1.57722
1.59324
1.61007
1.62558
1.63709
1.64171
1.63737
1.62401
1.60465
1.58516
1.5723
1.57058
1.57999
1.59664
1.61567
1.63377
1.65029
1.66672
1.6852
1.70699
1.73132
1.75566
1.77645
1.79025
1.7943
1.78711
1.76857
1.73993
1.70357
1.66257
1.6202
1.57952
1.54334
1.51419
1.49368
1.48177
1.47672
1.47647
1.48034
1.48923
1.50403
1.52364
1.54455
1.56249
1.57457
1.58058
1.58267
1.58387
1.58635
1.59031
1.59411
1.59537
1.59213
1.58386
1.57168
1.55817
1.54687
1.54153
1.54503
1.55794
1.578
1.601
1.62226
1.63772
1.64449
1.64102
1.62721
1.60448
1.57539
1.54301
1.51039
1.4803
1.45535
1.43817
1.43113
1.436
1.45328
1.48188
1.51913
1.56139
1.60479
1.64576
1.68114
1.70831
1.72514
1.73018
1.7228
1.70351
1.67425
1.6385
1.60096
1.56647
1.5389
1.5206
1.51261
1.51456
1.5244
1.53845
1.55235
1.56241
1.56644
1.56388
1.55553
1.54306
1.5284
1.51311
1.49794
1.48318
1.47007
1.46186
1.46318
1.47742
1.50409
1.53885
1.57597
1.61083
1.64051
1.66335
1.67844
1.68554
1.68527
1.67919
1.6695
1.65833
1.64747
1.63877
1.63461
1.63758
1.64924
1.669
1.69388
1.7196
1.74199
1.75795
1.76604
1.76635
1.76014
1.74932
1.73593
1.72186
1.70863
1.69743
1.68924
1.68485
1.68447
1.68727
1.69138
1.69463
1.69554
1.69366
1.68906
1.68173
1.67169
1.65972
1.64729
1.63562
1.6251
1.61556
1.60678
1.59875
1.59231
1.5898
1.59444
1.6081
1.62945
1.65438
1.67786
1.69574
1.70579
1.70813
1.70501
1.70006
1.69679
1.69704
1.7004
1.70504
1.7092
1.71207
1.7136
1.71404
1.71389
1.71384
1.71459
1.7166
1.72015
1.72527
1.73143
1.73735
1.74133
1.74208
1.7395
1.73468
1.7291
1.72372
1.71865
1.71347
1.70761
1.70051
1.69174
1.68144
1.67073
1.66179
1.65707
1.65804
1.66445
1.67441
1.68544
1.69532
1.70273
1.70738
1.7099
1.71143
1.71301
1.71514
1.71756
1.71942
1.71973
1.71759
1.71242
1.7041
1.69303
1.67998
1.66585
1.65145
1.63722
1.62325
1.60932
1.59515
1.58106
1.56842
1.55904
1.55377
1.5518
1.55121
1.54994
1.54599
1.53744
1.52267
1.50133
1.47535
1.44921
1.42852
1.41752
1.41729
1.42598
1.44039
1.45746
1.47529
1.49335
1.51221
1.53268
1.55513
1.57906
1.60295
1.62429
1.64031
1.64916
1.65092
1.64787
1.64335
1.63997
1.63851
1.63814
1.63765
1.63645
1.63476
1.63336
1.6328
1.63293
1.63272
1.63072
1.62585
1.61811
1.6087
1.59967
1.59324
1.59103
1.59376
1.60101
1.6114
1.62297
1.63373
1.64214
1.64745
1.64966
1.64939
1.64762
1.64568
1.64497
1.64673
1.65156
1.65921
1.66865
1.67828
1.6862
1.69103
1.69241
1.6911
1.68853
1.68592
1.68352
1.68056
1.67589
1.66855
1.65836
1.64583
1.6319
1.61751
1.6033
1.58981
1.57769
1.56795
1.56178
1.56
1.56248
1.56801
1.57511
1.58302
1.59237
1.60485
1.6221
1.64417
1.66913
1.69419
1.71734
1.73819
1.75739
1.77544
1.79174
1.80483
1.81309
1.81541
1.81145
1.80143
1.78595
1.76589
1.74243
1.71704
1.69153
1.66777
1.64753
1.63243
1.624
1.62354
1.63172
1.64798
1.67033
1.69564
1.72025
1.74088
1.75533
1.76244
1.76179
1.75346
1.73835
1.71871
1.69844
1.68259
1.67604
1.68194
1.70035
1.7282
1.76028
1.79112
1.81631
1.83302
1.83991
1.83665
1.82357
1.80157
1.77201
1.73667
1.69742
1.65602
1.61456
1.57597
1.54428
1.52358
1.51611
1.52115
1.53584
1.55691
1.58151
1.60655
1.62808
1.64215
1.64661
1.64207
1.63139
1.61825
1.606
1.59717
1.59342
1.59559
1.60358
1.61638
1.63215
1.64851
1.66308
1.67395
1.68012
1.68156
1.67932
1.67534
1.67239
1.67337
1.68032
1.69311
1.70923
1.72483
1.73635
1.74152
1.73961
1.73125
1.71831
1.70359
1.69021
1.68091
1.67719
1.67889
1.68445
1.69182
1.69922
1.70519
1.70808
1.70584
1.69676
1.68077
1.66036
1.64009
1.6247
1.61689
1.61643
1.62075
1.62646
1.63045
1.63029
1.62419
1.61099
1.59026
1.56291
1.53247
1.50608
1.49251
1.49682
1.51663
1.54417
1.57151
1.59382
1.60954
1.61915
1.6241
1.62626
1.62779
1.6309
1.6372
1.64687
1.65862
1.67023
1.67928
1.6834
1.68036
1.66849
1.64732
1.61827
1.58506
1.55359
1.5309
1.52244
1.52933
1.54791
1.57262
1.59901
1.62397
1.64374
1.65357
1.65021
1.63543
1.61778
1.60987
1.62087
1.65022
1.68946
1.72886
1.76146
1.78332
1.79286
1.79028
1.77739
1.75713
1.73288
1.70769
1.68363
1.66173
1.6423
1.62551
1.61158
1.60062
1.59231
1.58612
1.58143
1.57797
1.57573
1.57451
1.57352
1.57142
1.56674
1.55875
1.54801
1.53635
1.52619
1.51948
1.51688
1.51784
1.52127
1.52631
1.53261
1.54005
1.54839
1.55705
1.565
1.57106
1.57438
1.57474
1.57272
1.56955
1.56671
1.56543
1.56645
1.57008
1.57632
1.58468
1.59393
1.60225
1.60777
1.60946
1.60773
1.60433
1.60138
1.60041
1.60185
1.60546
1.61084
1.61779
1.62618
1.63581
1.64635
1.65752
1.66972
1.68439
1.70316
1.72538
1.74676
1.7611
1.76309
1.74983
1.72067
1.67674
1.62093
1.55835
1.49645
1.44414
1.40917
1.39544
1.40191
1.42375
1.45434
1.48717
1.51724
1.5417
1.55986
1.57288
1.58316
1.59318
1.60428
1.61621
1.62782
1.63776
1.64487
1.64831
1.64762
1.64246
1.63243
1.61719
1.5976
1.5768
1.55983
1.55147
1.55349
1.564
1.57948
1.59734
1.61673
1.63752
1.65851
1.6768
1.68868
1.69127
1.68353
1.66645
1.64285
1.61747
1.59668
1.58661
1.59022
1.60573
1.62798
1.65118
1.67099
1.68514
1.69313
1.69549
1.6932
1.68747
1.67967
1.67118
1.66302
1.65548
1.64833
1.64143
1.63548
1.632
1.63247
1.63729
1.64554
1.65585
1.66733
1.67956
1.69196
1.70333
1.71194
1.71594
1.71396
1.70535
1.69027
1.66958
1.64452
1.61656
1.58736
1.55886
1.53319
1.51239
1.49791
1.49033
1.48964
1.49566
1.50829
1.52751
1.55316
1.58457
1.62021
1.6577
1.69401
1.72593
1.75036
1.76474
1.76754
1.75893
1.74111
1.71764
1.69243
1.66883
1.64949
1.63649
1.63108
1.63318
1.64094
1.65093
1.65874
1.66031
1.65338
1.63826
1.61758
1.59513
1.57454
1.55842
1.54824
1.54453
1.54698
1.55438
1.56471
1.57574
1.58604
1.59585
1.60694
1.62102
1.63764
1.6539
1.66632
1.67287
1.67319
1.66783
1.65769
1.64409
1.62886
1.61397
1.60096
1.59033
1.5817
1.57423
1.56736
1.56166
1.55904
1.5619
1.57179
1.58849
1.61046
1.63554
1.66121
1.6846
1.70302
1.71468
1.71953
1.71924
1.71641
1.71369
1.71285
1.71432
1.71714
1.71922
1.7178
1.70997
1.69326
1.66652
1.63075
1.58968
1.54946
1.51682
1.49692
1.49168
1.49959
1.51671
1.5381
1.55919
1.57654
1.58806
1.59291
1.5915
1.58541
1.57733
1.5708
1.56934
1.57474
1.58634
1.602
1.61987
1.63931
1.66041
1.68318
1.70684
1.72954
1.7488
1.76234
1.76902
1.76949
1.76576
1.76004
1.75328
1.74503
1.73436
1.7207
1.70377
1.68328
1.6592
1.63242
1.60522
1.58122
1.56447
1.5579
1.56179
1.57332
1.58748
1.59894
1.60395
1.60139
1.59298
1.58261
1.57499
1.57421
1.58249
1.59925
1.62124
1.64392
1.66296
1.67537
1.67991
1.67725
1.66967
1.6603
1.6521
1.64691
1.64481
1.64434
1.64351
1.64119
1.63789
1.63563
1.6369
1.64327
1.65435
1.66781
1.67991
1.68662
1.68462
1.67221
1.6495
1.61851
1.5829
1.54796
1.51995
1.50402
1.50136
1.50859
1.52035
1.53227
1.54197
1.54842
1.55112
1.54984
1.5449
1.53733
1.52878
1.5212
1.51626
1.51487
1.51678
1.52085
1.52546
1.52923
1.53151
1.53254
1.53315
1.5345
1.5378
1.54413
1.55441
1.56931
1.58901
1.61283
1.63907
1.66501
1.68748
1.70382
1.71256
1.71337
1.70677
1.69365
1.67533
1.65386
1.63217
1.61358
1.60034
1.59233
1.58755
1.58432
1.58291
1.5851
1.592
1.60237
1.61255
1.61806
1.61543
1.60351
1.58435
1.56288
1.54528
1.53627
1.53698
1.5451
1.5571
1.57056
1.58498
1.60095
1.61903
1.63905
1.66011
1.6808
1.69958
1.71506
1.72627
1.73265
1.73402
1.73033
1.72167
1.70826
1.69064
1.66994
1.6478
1.62607
1.60656
1.59097
1.58096
1.57796
1.58234
1.59277
1.60638
1.6196
1.62943
1.63414
1.63352
1.62879
1.62214
1.61585
1.61175
1.61094
1.61389
1.62035
1.62884
1.63675
1.64087
1.63853
1.62837
1.61096
1.58907
1.56733
1.55097
1.54377
1.54644
1.55667
1.57067
1.58508
1.59794
1.60853
1.61668
1.622
1.62361
1.62093
1.61468
1.60749
1.60293
1.60325
1.60783
1.61383
1.61782
1.6172
1.61071
1.59868
1.58305
1.5672
1.55542
1.55192
1.55949
1.57838
1.60566
1.6353
1.65971
1.67231
1.67003
1.65415
1.62949
1.6024
1.57846
1.56111
1.55151
1.54888
1.55123
1.55611
1.56161
1.56691
1.57203
1.57708
1.5817
1.58502
1.5861
1.58441
1.57999
1.57342
1.56564
1.5579
1.55151
1.5476
1.54651
1.54732
1.54792
1.54586
1.53962
1.5299
1.52014
1.51567
1.52197
1.54239
1.57678
1.62155
1.67097
1.71895
1.76054
1.79273
1.81438
1.82582
1.82816
1.82281
1.81105
1.79383
1.77183
1.74586
1.7175
1.68954
1.66586
1.65056
1.64674
1.65543
1.67551
1.70428
1.73808
1.77266
1.80374
1.82796
1.84364
1.85104
1.85179
1.84766
1.83978
1.82852
1.81416
1.79744
1.77961
1.76216
1.74631
1.73284
1.72199
1.71368
1.70768
1.70349
1.70022
1.69657
1.69114
1.68297
1.67208
1.66005
1.64991
1.64531
1.6485
1.65835
1.67053
1.67948
1.68107
1.67425
1.66125
1.64667
1.63562
1.63175
1.63596
1.64635
1.6592
1.67054
1.67759
1.67959
1.67746
1.67278
1.66703
1.66145
1.65711
1.65477
1.65451
1.65552
1.65617
1.65445
1.64857
1.6377
1.6226
1.60558
1.58957
1.577
1.56917
1.5662
1.5671
1.57021
1.57371
1.57607
1.57654
1.57525
1.57319
1.57205
1.57399
1.58115
1.59471
1.61433
1.63827
1.66422
1.69004
1.7142
1.73581
1.75419
1.76861
1.77815
1.7816
1.77791
1.76662
1.74862
1.72671
1.70496
1.68666
1.67223
1.65962
1.64724
1.63647
1.63166
1.63754
1.65532
1.68077
1.70596
1.72319
1.72791
1.71955
1.70085
1.67669
1.65264
1.63358
1.62231
1.61889
1.62066
1.62293
1.62037
1.60848
1.58537
1.55288
1.51646
1.48326
1.45944
1.44822
1.45001
1.46338
1.48599
1.51524
1.54855
1.58319
1.61612
1.64407
1.66418
1.67465
1.67517
1.66707
1.65299
1.63663
1.622
1.61263
1.61042
1.61481
1.62288
1.63089
1.63609
1.63775
1.63699
1.6358
1.63638
1.6404
1.64811
1.65795
1.66702
1.67241
1.6722
1.66584
1.6539
1.63778
1.61934
1.60055
1.58325
1.56881
1.55782
1.5501
1.54514
1.54264
1.54286
1.54641
1.55369
1.56439
1.57727
1.59047
1.60224
1.61184
1.62026
1.63018
1.64481
1.66581
1.69178
1.7188
1.74215
1.7581
1.76451
1.76087
1.74793
1.72758
1.70278
1.67742
1.65592
1.64256
1.64052
1.65099
1.67279
1.7025
1.73517
1.76538
1.78864
1.80243
1.80634
1.80138
1.78904
1.77074
1.74785
1.7225
1.69794
1.67801
1.66531
1.65998
1.66004
1.66317
1.66795
1.67414
1.68253
1.69428
1.70974
1.72732
1.74385
1.7564
1.76392
1.76768
1.77036
1.77467
1.78183
1.79079
1.7984
1.80066
1.79442
1.77895
1.75689
1.73377
1.71552
1.70523
1.70196
1.70272
1.70525
1.70866
1.7123
1.71466
1.71359
1.70751
1.69647
1.68266
1.6699
1.6622
1.66154
1.66652
1.67305
1.67674
1.67503
1.66801
1.65773
1.64667
1.63627
1.62637
1.61565
1.60311
1.5893
1.57675
1.56911
1.56954
1.57946
1.59836
1.62415
1.65395
1.68474
1.7142
1.74107
1.76481
1.78466
1.7988
1.80471
1.80025
1.78503
1.76107
1.73228
1.70253
1.67378
1.64642
1.62146
1.60178
1.59115
1.59157
1.6015
1.61614
1.62965
1.6372
1.63622
1.6269
1.61224
1.59706
1.58592
1.58109
1.58206
1.58677
1.59321
1.60036
1.60815
1.61701
1.62731
1.6393
1.65318
1.66944
1.68848
1.70993
1.7323
1.75345
1.77125
1.78438
1.79295
1.79821
1.80129
1.80201
1.79858
1.7888
1.77141
1.74696
1.71778
1.68743
1.65974
1.63798
1.62435
1.61992
1.62467
1.63717
1.65429
1.67154
1.6845
1.69053
1.68928
1.68189
1.66992
1.65483
1.63842
1.62314
1.61201
1.60767
1.6112
1.62136
1.6351
1.64873
1.65902
1.66359
1.66122
1.65192
1.63692
1.61841
1.59915
1.58204
1.56967
1.56375
1.56438
1.57005
1.57813
1.58597
1.59161
1.59411
1.59347
1.5903
1.58563
1.58084
1.57762
1.57768
1.5825
1.59307
1.60964
1.6314
1.6563
1.68126
1.7028
1.71819
1.72609
1.72688
1.72207
1.71321
1.70093
1.68475
1.66373
1.63732
1.60608
1.5721
1.53947
1.5141
1.50228
1.50743
1.52756
1.55622
1.58605
1.61187
1.63148
1.64494
1.65326
1.65721
1.65666
1.65069
1.63834
1.61966
1.5961
1.57019
1.54464
1.52165
1.50286
1.4898
1.48391
1.48611
1.49623
1.51279
1.53328
1.55476
1.57468
1.59149
1.60501
1.61637
1.62765
1.64114
1.65849
1.67986
1.70358
1.72653
1.74517
1.75661
1.7593
1.75312
1.73896
1.71827
1.69263
1.66396
1.63481
1.60867
1.58909
1.5782
1.57532
1.57753
1.5817
1.58641
1.59229
1.60113
1.61443
1.63265
1.65507
1.68024
1.70662
1.73306
1.75865
1.78227
1.80222
1.81609
1.82124
1.81547
1.79782
1.76924
1.73325
1.69562
1.66274
1.63903
1.62546
1.62017
1.62015
1.62281
1.62694
1.63276
1.64118
1.65287
1.66769
1.68434
1.70041
1.71259
1.7175
1.71258
1.69744
1.67465
1.649
1.62532
1.60633
1.59294
1.58558
1.58472
1.59053
1.60237
1.61894
1.63868
1.65977
1.67994
1.69656
1.70716
1.71046
1.7069
1.69846
1.68787
1.67754
1.66869
1.66116
1.65366
1.64465
1.633
1.61847
1.60161
1.58351
1.56587
1.55104
1.54154
1.53899
1.54329
1.5528
1.56542
1.57975
1.59532
1.61234
1.631
1.65111
1.67218
1.69348
1.71402
1.73232
1.74654
1.75465
1.75512
1.74751
1.73294
1.71398
1.69393
1.6757
1.6609
1.64953
1.64025
1.63113
1.62042
1.6073
1.5924
1.57783
1.56632
1.55967
1.55774
1.5591
1.5626
1.56859
1.57862
1.59338
1.61063
1.62545
1.6327
1.62964
1.61695
1.5985
1.58016
1.56816
1.5672
1.57903
1.60223
1.63323
1.66772
1.70174
1.73201
1.75595
1.77186
1.77906
1.77809
1.77044
1.75835
1.74446
1.73156
1.72205
1.7174
1.71762
1.72128
1.72632
1.73107
1.73486
1.73762
1.73905
1.73838
1.73457
1.72659
1.71369
1.69572
1.67356
1.64911
1.62483
1.60318
1.58607
1.57428
1.56679
1.5606
1.55198
1.53901
1.52352
1.51088
1.50726
1.51615
1.53668
1.56418
1.59264
1.61755
1.6376
1.65446
1.67105
1.68945
1.70981
1.73045
1.74856
1.76093
1.76488
1.75917
1.74458
1.72386
1.7008
1.67884
1.65964
1.64283
1.62702
1.61144
1.59662
1.58352
1.57225
1.56166
1.55054
1.5391
1.52956
1.52522
1.5287
1.54042
1.55876
1.5814
1.6064
1.63228
1.65771
1.68106
1.70037
1.71364
1.71965
1.71892
1.71399
1.70864
1.70622
1.7082
1.71357
1.71948
1.72248
1.71963
1.70907
1.69014
1.66345
1.63092
1.59587
1.56277
1.53668
1.52195
1.52094
1.533
1.55459
1.58068
1.6064
1.62824
1.64453
1.65549
1.6628
1.66868
1.67444
1.67967
1.68245
1.68052
1.67256
1.6587
1.64055
1.62098
1.60356
1.59154
1.58692
1.59026
1.60087
1.61699
1.63583
1.65364
1.66668
1.6722
1.66924
1.65858
1.64254
1.62462
1.60892
1.59932
1.59848
1.60717
1.62426
1.64729
1.67328
1.69939
1.72314
1.74249
1.75586
1.76202
1.76011
1.74963
1.7307
1.70449
1.67371
1.6425
1.61533
1.59544
1.58393
1.58008
1.5821
1.58781
1.59501
1.60207
1.60824
1.61365
1.61892
1.62481
1.63205
1.64156
1.6544
1.67133
1.69194
1.71419
1.7349
1.75107
1.76088
1.76397
1.76093
1.75245
1.73887
1.72034
1.69791
1.67437
1.65363
1.63814
1.62731
1.61883
1.61071
1.60192
1.59191
1.58037
1.5676
1.55493
1.54446
1.53813
1.53671
1.53933
1.54419
1.54979
1.55594
1.56346
1.57269
1.58253
1.5909
1.59632
1.59897
1.60068
1.60431
1.61276
1.62805
1.65067
1.6792
1.71076
1.74187
1.76914
1.7897
1.80119
1.80164
1.78969
1.76501
1.72928
1.68719
1.64635
1.61469
1.59627
1.58931
1.58887
1.5907
1.59303
1.59621
1.60156
1.60963
1.61911
1.62762
1.63365
1.63752
1.64054
1.64328
1.64451
1.64219
1.63643
1.6315
1.6335
1.64465
1.66113
1.67672
1.68728
1.69197
1.69234
1.6909
1.68961
1.68898
1.68815
1.68581
1.6812
1.67467
1.66748
1.66108
1.65663
1.65466
1.6552
1.65807
1.66282
1.6686
1.67394
1.67689
1.67545
1.66849
1.65665
1.64271
1.63085
1.62497
1.62711
1.63697
1.65262
1.67135
1.6905
1.70789
1.72194
1.73151
1.73583
1.73501
1.73055
1.72531
1.72264
1.72496
1.73271
1.74422
1.7565
1.76616
1.76994
1.76503
1.74963
1.72339
1.68777
1.64609
1.60314
1.56462
1.53563
1.51845
1.51107
1.50867
1.50691
1.50431
1.50221
1.50311
1.50895
1.52027
1.53674
1.55786
1.58298
1.61063
1.63772
1.6601
1.67393
1.67714
1.67002
1.65489
1.63533
1.6151
1.59727
1.58375
1.57498
1.5703
1.56856
1.56893
1.57148
1.57744
1.58842
1.60536
1.62763
1.65325
1.67972
1.70464
1.72568
1.74097
1.74942
1.75118
1.74756
1.74049
1.73196
1.72358
1.71625
1.71035
1.70579
1.70224
1.6994
1.697
1.6947
1.69196
1.68799
1.68217
1.67437
1.6653
1.65646
1.64998
1.64837
1.65413
1.669
1.69293
1.72345
1.75604
1.78562
1.80803
1.82105
1.8248
1.82135
1.814
1.80643
1.80171
1.80158
1.80606
1.81369
1.82196
1.82787
1.82871
1.82275
1.80986
1.79141
1.76962
1.74697
1.72594
1.70879
1.69705
1.69104
1.69036
1.69455
1.70329
1.71595
1.73123
1.74745
1.76299
1.77624
1.78542
1.78865
1.78467
1.77336
1.75587
1.73427
1.71082
1.68742
1.66522
1.64456
1.62523
1.6068
1.58914
1.57295
1.5603
1.55402
1.55604
1.5659
1.58119
1.5987
1.61544
1.62915
1.63863
1.64356
1.64405
1.63985
1.63021
1.6146
1.59378
1.57037
1.54838
1.53205
1.52461
1.52755
1.54053
1.56171
1.58824
1.61709
1.64577
1.67246
1.69586
1.71484
1.72814
1.73463
1.73392
1.72704
1.71649
1.7057
1.69796
1.69579
1.70031
1.71081
1.72476
1.7384
1.74781
1.75001
1.74407
1.73163
1.71653
1.70296
1.69317
1.68674
1.68194
1.67767
1.6741
1.67223
1.67295
1.67653
1.68226
1.68857
1.69381
1.69725
1.69938
1.70097
1.70197
1.70113
1.69667
1.68749
1.67394
1.6582
1.64373
1.63386
1.63019
1.63165
1.63523
1.63759
1.63639
1.63047
1.61953
1.60377
1.58384
1.56117
1.5384
1.51902
1.50592
1.50017
1.50079
1.50566
1.51293
1.52206
1.53385
1.54909
1.56711
1.58563
1.60197
1.6145
1.62333
1.63015
1.63744
1.64697
1.65865
1.67043
1.67944
1.68337
1.68121
1.67314
1.66016
1.64368
1.62521
1.60634
1.58862
1.57368
1.56355
1.56081
1.5681
1.58641
1.61337
1.64341
1.66991
1.68772
1.69445
1.6904
1.67782
1.65999
1.64039
1.62207
1.60731
1.59757
1.59352
1.59511
1.60176
1.61235
1.62535
1.63903
1.65177
1.66259
1.67121
1.67784
1.68269
1.68558
1.6858
1.68246
1.67508
1.66407
1.65097
1.63828
1.6287
1.62438
1.62597
1.63248
1.64161
1.65041
1.65599
1.65582
1.64804
1.63178
1.60753
1.57733
1.5448
1.51459
1.49131
1.47848
1.47767
1.48807
1.50661
1.52875
1.55017
1.56879
1.58576
1.6046
1.62826
1.65659
1.68655
1.71432
1.73691
1.75278
1.76166
1.76405
1.7609
1.75315
1.74159
1.72715
1.71158
1.69784
1.68946
1.68802
1.69097
1.69241
1.68657
1.67145
1.65012
1.62932
1.61633
1.61581
1.62807
1.649
1.67138
1.68776
1.69303
1.68508
1.66434
1.63342
1.59733
1.5638
1.54163
1.53676
1.54908
1.57322
1.60204
1.62969
1.65265
1.66946
1.68017
1.68576
1.6876
1.68681
1.68385
1.6786
1.67085
1.66082
1.64962
1.63917
1.63179
1.62979
1.63495
1.64778
1.66686
1.68872
1.70887
1.723
1.72816
1.72336
1.70944
1.68893
1.66582
1.64506
1.63151
1.62806
1.63432
1.64669
1.66034
1.67196
1.68109
1.68908
1.69617
1.70032
1.69915
1.69285
1.6845
1.67776
1.67433
1.6733
1.67239
1.6695
1.6631
1.65222
1.63632
1.61547
1.59061
1.56362
1.53713
1.51385
1.49567
1.48308
1.47518
1.47069
1.46893
1.47041
1.4764
1.48802
1.50546
1.52768
1.55276
1.57842
1.60239
1.62257
1.63737
1.64593
1.64856
1.64667
1.64262
1.63912
1.63841
1.64161
1.64861
1.65857
1.67055
1.68335
1.69494
1.70192
1.70023
1.68652
1.65966
1.6216
1.57724
1.53358
1.49858
1.47969
1.48085
1.49936
1.52704
1.55543
1.57979
1.59976
1.61791
1.63767
1.66124
1.68818
1.71545
1.73884
1.75464
1.76076
1.7568
1.74366
1.72308
1.69729
1.66884
1.64062
1.61571
1.59678
1.58532
1.58111
1.58246
1.58691
1.59217
1.59683
1.60076
1.60494
1.61054
1.61785
1.62601
1.63355
1.63938
1.64363
1.64811
1.65592
1.66999
1.69085
1.71539
1.73799
1.75336
1.75876
1.75437
1.74225
1.72507
1.70532
1.68542
1.66818
1.65678
1.65408
1.66157
1.67889
1.70394
1.73345
1.76335
1.7893
1.80743
1.81526
1.81217
1.79928
1.77904
1.7548
1.73048
1.70994
1.69581
1.68859
1.68707
1.68934
1.69348
1.69776
1.7012
1.7039
1.70652
1.70949
1.71251
1.71478
1.71569
1.71535
1.71463
1.7151
1.71851
1.72638
1.7392
1.75572
1.77303
1.78745
1.79592
1.79701
1.79101
1.77943
1.76415
1.74672
1.72834
1.70983
1.69177
1.67441
1.65751
1.64045
1.62247
1.60293
1.58163
1.55943
1.5396
1.52845
1.53226
1.55143
1.57927
1.6074
1.63079
1.64812
1.65981
1.66641
1.66798
1.66432
1.65544
1.64212
1.62596
1.60935
1.59515
1.58648
1.58606
1.59534
1.61373
1.6385
1.66535
1.68962
1.7077
1.71777
1.71971
1.71436
1.70293
1.68678
1.66733
1.64618
1.62497
1.60527
1.58854
1.57583
1.56759
1.56348
1.56236
1.56251
1.56219
1.56022
1.55633
1.55127
1.54644
1.54343
1.54352
1.54739
1.55489
1.56521
1.57717
1.58972
1.60248
1.61577
1.63024
1.64612
1.66276
1.67869
1.69223
1.70213
1.70789
1.70973
1.70832
1.70433
1.69834
1.69074
1.68178
1.67172
1.66089
1.64971
1.63874
1.62859
1.61977
1.61251
1.60689
1.60326
1.6027
1.60624
1.61329
1.62092
1.62511
1.62246
1.61152
1.59375
1.57405
1.55915
1.55322
1.55484
1.55939
1.56352
1.56681
1.57049
1.57581
1.5828
1.58976
1.59358
1.591
1.58043
1.56347
1.54509
1.53203
1.5295
1.53828
1.55473
1.57342
1.58997
1.60206
1.60922
1.61238
1.6137
1.61617
1.62266
1.63478
1.65211
1.6724
1.69266
1.71021
1.72334
1.73158
1.73567
1.73721
1.73785
1.73826
1.73796
1.73561
1.73008
1.72118
1.70981
1.6977
1.68679
1.67877
1.67481
1.67522
1.67916
1.68458
1.68897
1.69038
1.68829
1.68387
1.67948
1.67769
1.68024
1.68724
1.69708
1.70671
1.71254
1.71171
1.70414
1.69463
1.69275
1.70681
1.73592
1.76989
1.79721
1.81122
1.81062
1.79738
1.77483
1.74641
1.715
1.68269
1.65082
1.62022
1.59161
1.56607
1.54541
1.53206
1.52846
1.53591
1.55375
1.57934
1.60905
1.63953
1.66843
1.69435
1.71646
1.73391
1.74594
1.75216
1.75285
1.74884
1.74122
1.73074
1.71771
1.70227
1.68483
1.66645
1.64897
1.63501
1.62756
1.62912
1.64047
1.65994
1.68379
1.70767
1.72802
1.74256
1.75022
1.75075
1.74465
1.73324
1.71845
1.70247
1.68739
1.67465
1.66503
1.65872
1.65548
1.65443
