0.8
0.793265
0.770307
0.731955
0.679661
0.615573
0.542861
0.465815
0.389626
0.319836
0.26181
0.219692
0.195565
0.189256
0.198426
0.219255
0.247181
0.277794
0.307379
0.333151
0.353314
0.367013
0.374236
0.37562
0.372229
0.365551
0.357155
0.348739
0.341902
0.338067
0.33819
0.342742
0.35166
0.364306
0.379577
0.396167
0.412578
0.427455
0.43974
0.448788
0.454346
0.456484
0.455648
0.452399
0.447387
0.441306
0.434765
0.428272
0.422232
0.41686
0.412241
0.408356
0.405248
0.402863
0.401252
0.400463
0.400622
0.401793
0.404013
0.407252
0.411569
0.416967
0.423374
0.430481
0.437635
0.443936
0.448418
0.450293
0.449097
0.444792
0.43775
0.428694
0.418671
0.40864
0.399495
0.391911
0.386292
0.382701
0.381033
0.380966
0.38219
0.384477
0.38756
0.391303
0.395624
0.400362
0.405316
0.410213
0.414715
0.418486
0.421294
0.422974
0.423509
0.423061
0.42172
0.419785
0.417464
0.414918
0.412234
0.409388
0.406253
0.402752
0.398727
0.3941
0.388857
0.383209
0.377435
0.37206
0.367725
0.36521
0.365175
0.368006
0.373689
0.381846
0.391831
0.402783
0.413924
0.424528
0.433972
0.441898
0.448104
0.452519
0.455196
0.456272
0.455891
0.454154
0.45125
0.447161
0.441944
0.435653
0.428484
0.420711
0.412713
0.405061
0.398292
0.392996
0.389624
0.388431
0.389391
0.392295
0.396639
0.401804
0.406996
0.411565
0.414888
0.416585
0.416441
0.414566
0.41117
0.406603
0.401221
0.395537
0.39012
0.385466
0.381938
0.379858
0.379335
0.380241
0.382382
0.385562
0.3895
0.394001
0.398797
0.403634
0.408216
0.412157
0.415144
0.416974
0.417623
0.417108
0.415591
0.41332
0.410583
0.407651
0.404813
0.4023
0.400351
0.399233
0.399161
0.400213
0.402387
0.40561
0.409639
0.414192
0.418843
0.42324
0.427102
0.430154
0.432177
0.432929
0.432213
0.429816
0.425537
0.419343
0.411512
0.402398
0.392714
0.383178
0.374465
0.367321
0.362246
0.359758
0.360224
0.363878
0.370725
0.380518
0.392706
0.406459
0.420749
0.434632
0.447268
0.457976
0.466398
0.472389
0.476072
0.477659
0.477427
0.475558
0.472086
0.467016
0.460272
0.451871
0.442012
0.430939
0.419141
0.40716
0.39556
0.384922
0.375695
0.368288
0.36303
0.36008
0.359496
0.361139
0.364601
0.36925
0.37448
0.379517
0.383812
0.38706
0.389196
0.390311
0.390637
0.390391
0.389817
0.389221
0.388913
0.389251
0.390544
0.393042
0.396728
0.401493
0.407002
0.412667
0.417936
0.422211
0.425052
0.426199
0.425637
0.423656
0.420781
0.417632
0.414914
0.413188
0.41273
0.41373
0.416127
0.419735
0.424279
0.429367
0.434524
0.439249
0.443036
0.445437
0.446134
0.445051
0.44231
0.438146
0.43293
0.427057
0.42085
0.414504
0.408146
0.401806
0.395494
0.389315
0.38346
0.378239
0.374073
0.371343
0.370446
0.371712
0.375256
0.380845
0.388124
0.396341
0.404604
0.411887
0.417351
0.420359
0.420609
0.418246
0.413674
0.407673
0.401121
0.394838
0.389467
0.385684
0.38388
0.384461
0.387601
0.393316
0.401266
0.410723
0.420706
0.429994
0.437517
0.442392
0.444125
0.442701
0.438459
0.432043
0.42424
0.41585
0.407669
0.400272
0.394228
0.390006
0.387883
0.387995
0.390301
0.394444
0.399807
0.40575
0.411611
0.416923
0.42154
0.425429
0.428829
0.431941
0.435032
0.438224
0.441593
0.444958
0.448071
0.450518
0.451874
0.451796
0.450095
0.44666
0.441628
0.435222
0.427846
0.419928
0.411888
0.404168
0.396942
0.390387
0.384486
0.379203
0.374511
0.370402
0.367078
0.36461
0.363146
0.362648
0.362948
0.363767
0.364766
0.365692
0.366413
0.367034
0.367759
0.368885
0.370769
0.373765
0.378194
0.384156
0.391646
0.400484
0.410365
0.420756
0.431107
0.440747
0.449009
0.455283
0.459055
0.460029
0.458052
0.453249
0.446075
0.437239
0.427552
0.417989
0.409428
0.402565
0.397654
0.394659
0.393169
0.392611
0.392473
0.392336
0.392093
0.391909
0.392038
0.39284
0.394647
0.397715
0.402244
0.408101
0.415064
0.422581
0.430026
0.436682
0.441872
0.445087
0.446019
0.444643
0.441049
0.435503
0.428386
0.420012
0.410767
0.401094
0.391374
0.382019
0.373491
0.366285
0.36095
0.357947
0.357668
0.36044
0.36636
0.375369
0.386924
0.400423
0.414799
0.428945
0.441622
0.45174
0.45836
0.460919
0.459298
0.453635
0.44449
0.432745
0.419433
0.405707
0.392628
0.381225
0.372262
0.366276
0.363628
0.364344
0.368201
0.37456
0.382552
0.391111
0.399312
0.406423
0.411987
0.415974
0.418443
0.419613
0.419713
0.419069
0.417927
0.416614
0.415396
0.414531
0.414281
0.414803
0.416185
0.418261
0.420879
0.423785
0.42672
0.429486
0.431841
0.433692
0.434818
0.435147
0.434573
0.432869
0.429974
0.425787
0.420395
0.413999
0.406949
0.399734
0.39294
0.387022
0.382419
0.379392
0.378041
0.378357
0.380224
0.383499
0.388087
0.393775
0.400281
0.407278
0.414395
0.421007
0.426664
0.430768
0.432943
0.432994
0.430939
0.42696
0.421399
0.414634
0.407202
0.399599
0.392279
0.385732
0.380377
0.376615
0.374704
0.374742
0.376662
0.380379
0.385629
0.392187
0.399806
0.408226
0.417158
0.426296
0.435106
0.443147
0.449973
0.455247
0.458708
0.460213
0.459801
0.457541
0.453569
0.447989
0.440949
0.432682
0.423417
0.413621
0.404003
0.395376
0.388583
0.384178
0.382324
0.382831
0.385127
0.388571
0.392501
0.396444
0.400092
0.403222
0.405709
0.407579
0.408778
0.409345
0.409266
0.408553
0.407301
0.405667
0.403862
0.402078
0.400629
0.399669
0.399398
0.400041
0.401615
0.404162
0.407431
0.411025
0.414387
0.416908
0.418005
0.417223
0.41426
0.409156
0.402333
0.394488
0.386562
0.379407
0.373688
0.369778
0.367642
0.367132
0.367947
0.36995
0.372998
0.377159
0.382431
0.388826
0.396193
0.404381
0.413112
0.422079
0.430808
0.43889
0.445943
0.45157
0.45548
0.457494
0.457558
0.455678
0.451923
0.446397
0.439365
0.431175
0.422193
0.413076
0.404572
0.397591
0.392959
0.391341
0.392941
0.397469
0.404112
0.41181
0.419319
0.425551
0.429563
0.430721
0.428784
0.423953
0.416749
0.407912
0.398435
0.389237
0.381102
0.374605
0.369956
0.367226
0.366271
0.366909
0.368938
0.372325
0.376996
0.382959
0.390164
0.398377
0.407343
0.416659
0.425883
0.434357
0.441434
0.446496
0.449038
0.448819
0.445864
0.440605
0.433686
0.426123
0.418925
0.412998
0.409051
0.407325
0.407646
0.409491
0.411998
0.414324
0.415764
0.415802
0.414301
0.411441
0.407743
0.403921
0.400688
0.398583
0.397965
0.398793
0.400806
0.403517
0.406334
0.408654
0.409914
0.409769
0.408057
0.404957
0.400852
0.396395
0.392227
0.388969
0.38709
0.386851
0.38827
0.391114
0.394934
0.399265
0.403709
0.407966
0.412026
0.416103
0.420369
0.424845
0.429332
0.43341
0.436666
0.438715
0.439423
0.438782
0.436901
0.433996
0.43031
0.426095
0.421668
0.417233
0.413001
0.409011
0.405312
0.401896
0.398711
0.395782
0.393211
0.391063
0.38951
0.388719
0.388822
0.389943
0.392139
0.395323
0.399226
0.403388
0.407314
0.410417
0.412232
0.412504
0.411124
0.40834
0.40465
0.400691
0.397263
0.395059
0.394579
0.396088
0.399493
0.40447
0.410621
0.41733
0.42386
0.429561
0.433883
0.436352
0.436908
0.435584
0.432575
0.428217
0.4229
0.417108
0.411319
0.40605
0.401801
0.398864
0.397217
0.396616
0.396609
0.396706
0.396629
0.396316
0.395972
0.395934
0.396638
0.398462
0.401533
0.405675
0.410535
0.415582
0.420188
0.42388
0.426317
0.427432
0.427326
0.426282
0.424589
0.422446
0.420028
0.417318
0.414232
0.410718
0.406824
0.402782
0.398976
0.396067
0.394608
0.395014
0.397365
0.401299
0.406112
0.41088
0.414656
0.416781
0.416837
0.414757
0.410811
0.405398
0.399066
0.392322
0.385778
0.37985
0.374955
0.371537
0.370031
0.370913
0.374538
0.381072
0.390375
0.401876
0.414732
0.427846
0.440104
0.450473
0.458148
0.462777
0.464347
0.463171
0.45978
0.454745
0.448525
0.441311
0.433387
0.425014
0.416644
0.408737
0.40182
0.396262
0.392248
0.38977
0.388619
0.388528
0.3893
0.390801
0.392935
0.395625
0.398656
0.401736
0.404398
0.406117
0.406417
0.405051
0.402007
0.397495
0.392003
0.386212
0.38095
0.377016
0.375059
0.375508
0.378392
0.383466
0.390153
0.397834
0.405787
0.413315
0.419989
0.425517
0.429886
0.433244
0.435852
0.438001
0.439807
0.44123
0.442026
0.441765
0.439988
0.436332
0.430718
0.42332
0.414687
0.405633
0.397088
0.390172
0.385687
0.384196
0.385853
0.390382
0.397218
0.405667
0.414885
0.424093
0.432638
0.439914
0.445325
0.448351
0.448593
0.445745
0.439822
0.431134
0.420365
0.4085
0.396763
0.386351
0.37829
0.373374
0.371915
0.373836
0.37871
0.385802
0.394244
0.403063
0.411223
0.417882
0.422387
0.424309
0.423562
0.420357
0.415206
0.408848
0.402163
0.395953
0.390885
0.387417
0.385673
0.385587
0.386857
0.389152
0.392279
0.396046
0.40039
0.405192
0.410313
0.415574
0.420762
0.42576
0.430472
0.434715
0.438373
0.441254
0.443202
0.443999
0.443519
0.441643
0.438331
0.433632
0.427723
0.420939
0.413725
0.40653
0.399812
0.393833
0.388684
0.384409
0.380875
0.377888
0.37545
0.373686
0.372988
0.373884
0.376919
0.382499
0.390593
0.400711
0.411768
0.422398
0.431231
0.437144
0.439489
0.438234
0.433733
0.426841
0.418415
0.409317
0.400266
0.3917
0.383909
0.377117
0.371538
0.367609
0.36587
0.36684
0.370928
0.378165
0.388165
0.400276
0.413547
0.426872
0.439146
0.449401
0.456791
0.460715
0.460834
0.457137
0.449942
0.439962
0.428074
0.415582
0.403771
0.393917
0.387156
0.384116
0.384732
0.388423
0.394145
0.400815
0.407606
0.414034
0.419946
0.425359
0.430122
0.434095
0.436994
0.438511
0.438456
0.8
0.793265
0.770307
0.731955
0.679661
0.615573
0.542861
0.465815
0.389626
0.319836
0.26181
0.219692
0.195565
0.189256
0.198426
0.219255
0.247181
0.277794
0.307379
0.333151
0.353314
0.367013
0.374236
0.37562
0.372229
0.365551
0.357155
0.348739
0.341902
0.338067
0.33819
0.342742
0.35166
0.364306
0.379577
0.396167
0.412578
0.427455
0.43974
0.448788
0.454346
0.456484
0.455648
0.452399
0.447387
0.441306
0.434765
0.428272
0.422232
0.41686
0.412241
0.408356
0.405248
0.402863
0.401252
0.400463
0.400622
0.401793
0.404013
0.407252
0.411569
0.416967
0.423374
0.430481
0.437635
0.443936
0.448418
0.450293
0.449097
0.444792
0.43775
0.428694
0.418671
0.40864
0.399495
0.391911
0.386292
0.382701
0.381033
0.380966
0.38219
0.384477
0.38756
0.391303
0.395624
0.400362
0.405316
0.410213
0.414715
0.418486
0.421294
0.422974
0.423509
0.423061
0.42172
0.419785
0.417464
0.414918
0.412234
0.409388
0.406253
0.402752
0.398727
0.3941
0.388857
0.383209
0.377435
0.37206
0.367725
0.36521
0.365175
0.368006
0.373689
0.381846
0.391831
0.402783
0.413924
0.424528
0.433972
0.441898
0.448104
0.452519
0.455196
0.456272
0.455891
0.454154
0.45125
0.447161
0.441944
0.435653
0.428484
0.420711
0.412713
0.405061
0.398292
0.392996
0.389624
0.388431
0.389391
0.392295
0.396639
0.401804
0.406996
0.411565
0.414888
0.416585
0.416441
0.414566
0.41117
0.406603
0.401221
0.395537
0.39012
0.385466
0.381938
0.379858
0.379335
0.380241
0.382382
0.385562
0.3895
0.394001
0.398797
0.403634
0.408216
0.412157
0.415144
0.416974
0.417623
0.417108
0.415591
0.41332
0.410583
0.407651
0.404813
0.4023
0.400351
0.399233
0.399161
0.400213
0.402387
0.40561
0.409639
0.414192
0.418843
0.42324
0.427102
0.430154
0.432177
0.432929
0.432213
0.429816
0.425537
0.419343
0.411512
0.402398
0.392714
0.383178
0.374465
0.367321
0.362246
0.359758
0.360224
0.363878
0.370725
0.380518
0.392706
0.406459
0.420749
0.434632
0.447268
0.457976
0.466398
0.472389
0.476072
0.477659
0.477427
0.475558
0.472086
0.467016
0.460272
0.451871
0.442012
0.430939
0.419141
0.40716
0.39556
0.384922
0.375695
0.368288
0.36303
0.36008
0.359496
0.361139
0.364601
0.36925
0.37448
0.379517
0.383812
0.38706
0.389196
0.390311
0.390637
0.390391
0.389817
0.389221
0.388913
0.389251
0.390544
0.393042
0.396728
0.401493
0.407002
0.412667
0.417936
0.422211
0.425052
0.426199
0.425637
0.423656
0.420781
0.417632
0.414914
0.413188
0.41273
0.41373
0.416127
0.419735
0.424279
0.429367
0.434524
0.439249
0.443036
0.445437
0.446134
0.445051
0.44231
0.438146
0.43293
0.427057
0.42085
0.414504
0.408146
0.401806
0.395494
0.389315
0.38346
0.378239
0.374073
0.371343
0.370446
0.371712
0.375256
0.380845
0.388124
0.396341
0.404604
0.411887
0.417351
0.420359
0.420609
0.418246
0.413674
0.407673
0.401121
0.394838
0.389467
0.385684
0.38388
0.384461
0.387601
0.393316
0.401266
0.410723
0.420706
0.429994
0.437517
0.442392
0.444125
0.442701
0.438459
0.432043
0.42424
0.41585
0.407669
0.400272
0.394228
0.390006
0.387883
0.387995
0.390301
0.394444
0.399807
0.40575
0.411611
0.416923
0.42154
0.425429
0.428829
0.431941
0.435032
0.438224
0.441593
0.444958
0.448071
0.450518
0.451874
0.451796
0.450095
0.44666
0.441628
0.435222
0.427846
0.419928
0.411888
0.404168
0.396942
0.390387
0.384486
0.379203
0.374511
0.370402
0.367078
0.36461
0.363146
0.362648
0.362948
0.363767
0.364766
0.365692
0.366413
0.367034
0.367759
0.368885
0.370769
0.373765
0.378194
0.384156
0.391646
0.400484
0.410365
0.420756
0.431107
0.440747
0.449009
0.455283
0.459055
0.460029
0.458052
0.453249
0.446075
0.437239
0.427552
0.417989
0.409428
0.402565
0.397654
0.394659
0.393169
0.392611
0.392473
0.392336
0.392093
0.391909
0.392038
0.39284
0.394647
0.397715
0.402244
0.408101
0.415064
0.422581
0.430026
0.436682
0.441872
0.445087
0.446019
0.444643
0.441049
0.435503
0.428386
0.420012
0.410767
0.401094
0.391374
0.382019
0.373491
0.366285
0.36095
0.357947
0.357668
0.36044
0.36636
0.375369
0.386924
0.400423
0.414799
0.428945
0.441622
0.45174
0.45836
0.460919
0.459298
0.453635
0.44449
0.432745
0.419433
0.405707
0.392628
0.381225
0.372262
0.366276
0.363628
0.364344
0.368201
0.37456
0.382552
0.391111
0.399312
0.406423
0.411987
0.415974
0.418443
0.419613
0.419713
0.419069
0.417927
0.416614
0.415396
0.414531
0.414281
0.414803
0.416185
0.418261
0.420879
0.423785
0.42672
0.429486
0.431841
0.433692
0.434818
0.435147
0.434573
0.432869
0.429974
0.425787
0.420395
0.413999
0.406949
0.399734
0.39294
0.387022
0.382419
0.379392
0.378041
0.378357
0.380224
0.383499
0.388087
0.393775
0.400281
0.407278
0.414395
0.421007
0.426664
0.430768
0.432943
0.432994
0.430939
0.42696
0.421399
0.414634
0.407202
0.399599
0.392279
0.385732
0.380377
0.376615
0.374704
0.374742
0.376662
0.380379
0.385629
0.392187
0.399806
0.408226
0.417158
0.426296
0.435106
0.443147
0.449973
0.455247
0.458708
0.460213
0.459801
0.457541
0.453569
0.447989
0.440949
0.432682
0.423417
0.413621
0.404003
0.395376
0.388583
0.384178
0.382324
0.382831
0.385127
0.388571
0.392501
0.396444
0.400092
0.403222
0.405709
0.407579
0.408778
0.409345
0.409266
0.408553
0.407301
0.405667
0.403862
0.402078
0.400629
0.399669
0.399398
0.400041
0.401615
0.404162
0.407431
0.411025
0.414387
0.416908
0.418005
0.417223
0.41426
0.409156
0.402333
0.394488
0.386562
0.379407
0.373688
0.369778
0.367642
0.367132
0.367947
0.36995
0.372998
0.377159
0.382431
0.388826
0.396193
0.404381
0.413112
0.422079
0.430808
0.43889
0.445943
0.45157
0.45548
0.457494
0.457558
0.455678
0.451923
0.446397
0.439365
0.431175
0.422193
0.413076
0.404572
0.397591
0.392959
0.391341
0.392941
0.397469
0.404112
0.41181
0.419319
0.425551
0.429563
0.430721
0.428784
0.423953
0.416749
0.407912
0.398435
0.389237
0.381102
0.374605
0.369956
0.367226
0.366271
0.366909
0.368938
0.372325
0.376996
0.382959
0.390164
0.398377
0.407343
0.416659
0.425883
0.434357
0.441434
0.446496
0.449038
0.448819
0.445864
0.440605
0.433686
0.426123
0.418925
0.412998
0.409051
0.407325
0.407646
0.409491
0.411998
0.414324
0.415764
0.415802
0.414301
0.411441
0.407743
0.403921
0.400688
0.398583
0.397965
0.398793
0.400806
0.403517
0.406334
0.408654
0.409914
0.409769
0.408057
0.404957
0.400852
0.396395
0.392227
0.388969
0.38709
0.386851
0.38827
0.391114
0.394934
0.399265
0.403709
0.407966
0.412026
0.416103
0.420369
0.424845
0.429332
0.43341
0.436666
0.438715
0.439423
0.438782
0.436901
0.433996
0.43031
0.426095
0.421668
0.417233
0.413001
0.409011
0.405312
0.401896
0.398711
0.395782
0.393211
0.391063
0.38951
0.388719
0.388822
0.389943
0.392139
0.395323
0.399226
0.403388
0.407314
0.410417
0.412232
0.412504
0.411124
0.40834
0.40465
0.400691
0.397263
0.395059
0.394579
0.396088
0.399493
0.40447
0.410621
0.41733
0.42386
0.429561
0.433883
0.436352
0.436908
0.435584
0.432575
0.428217
0.4229
0.417108
0.411319
0.40605
0.401801
0.398864
0.397217
0.396616
0.396609
0.396706
0.396629
0.396316
0.395972
0.395934
0.396638
0.398462
0.401533
0.405675
0.410535
0.415582
0.420188
0.42388
0.426317
0.427432
0.427326
0.426282
0.424589
0.422446
0.420028
0.417318
0.414232
0.410718
0.406824
0.402782
0.398976
0.396067
0.394608
0.395014
0.397365
0.401299
0.406112
0.41088
0.414656
0.416781
0.416837
0.414757
0.410811
0.405398
0.399066
0.392322
0.385778
0.37985
0.374955
0.371537
0.370031
0.370913
0.374538
0.381072
0.390375
0.401876
0.414732
0.427846
0.440104
0.450473
0.458148
0.462777
0.464347
0.463171
0.45978
0.454745
0.448525
0.441311
0.433387
0.425014
0.416644
0.408737
0.40182
0.396262
0.392248
0.38977
0.388619
0.388528
0.3893
0.390801
0.392935
0.395625
0.398656
0.401736
0.404398
0.406117
0.406417
0.405051
0.402007
0.397495
0.392003
0.386212
0.38095
0.377016
0.375059
0.375508
0.378392
0.383466
0.390153
0.397834
0.405787
0.413315
0.419989
0.425517
0.429886
0.433244
0.435852
0.438001
0.439807
0.44123
0.442026
0.441765
0.439988
0.436332
0.430718
0.42332
0.414687
0.405633
0.397088
0.390172
0.385687
0.384196
0.385853
0.390382
0.397218
0.405667
0.414885
0.424093
0.432638
0.439914
0.445325
0.448351
0.448593
0.445745
0.439822
0.431134
0.420365
0.4085
0.396763
0.386351
0.37829
0.373374
0.371915
0.373836
0.37871
0.385802
0.394244
0.403063
0.411223
0.417882
0.422387
0.424309
0.423562
0.420357
0.415206
0.408848
0.402163
0.395953
0.390885
0.387417
0.385673
0.385587
0.386857
0.389152
0.392279
0.396046
0.40039
0.405192
0.410313
0.415574
0.420762
0.42576
0.430472
0.434715
0.438373
0.441254
0.443202
0.443999
0.443519
0.441643
0.438331
0.433632
0.427723
0.420939
0.413725
0.40653
0.399812
0.393833
0.388684
0.384409
0.380875
0.377888
0.37545
0.373686
0.372988
0.373884
0.376919
0.382499
0.390593
0.400711
0.411768
0.422398
0.431231
0.437144
0.439489
0.438234
0.433733
0.426841
0.418415
0.409317
0.400266
0.3917
0.383909
0.377117
0.371538
0.367609
0.36587
0.36684
0.370928
0.378165
0.388165
0.400276
0.413547
0.426872
0.439146
0.449401
0.456791
0.460715
0.460834
0.457137
0.449942
0.439962
0.428074
0.415582
0.403771
0.393917
0.387156
0.384116
0.384732
0.388423
0.394145
0.400815
0.407606
0.414034
0.419946
0.425359
0.430122
0.434095
0.436994
0.438511
0.438456
