-8.71336
-8.70094
-8.6599
-8.58364
-8.48837
-8.3797
-8.26192
-8.13964
-8.02072
-7.9149
-7.82647
-7.76393
-7.73047
-7.72159
-7.73737
-7.76898
-7.81058
-7.85594
-7.89991
-7.93782
-7.96649
-7.9864
-7.99666
-7.99891
-7.99582
-7.98704
-7.97499
-7.96411
-7.95487
-7.94963
-7.95109
-7.96023
-7.97391
-7.99304
-8.01593
-8.0428
-8.06661
-8.08829
-8.10531
-8.11936
-8.12653
-8.12735
-8.1273
-8.12241
-8.11664
-8.10869
-8.0966
-8.08755
-8.07921
-8.07092
-8.0644
-8.05935
-8.05379
-8.04934
-8.04833
-8.04636
-8.04678
-8.04906
-8.05288
-8.05694
-8.06584
-8.07346
-8.08227
-8.09461
-8.10333
-8.11097
-8.11835
-8.12072
-8.11779
-8.11153
-8.10061
-8.08685
-8.07142
-8.05647
-8.04296
-8.03123
-8.02276
-8.01799
-8.01606
-8.0165
-8.0195
-8.02209
-8.02522
-8.0303
-8.03554
-8.04302
-8.05016
-8.05746
-8.06411
-8.07193
-8.0773
-8.07934
-8.08064
-8.08043
-8.08029
-8.07472
-8.06991
-8.0651
-8.05974
-8.05416
-8.04653
-8.0425
-8.03733
-8.03092
-8.02301
-8.01448
-8.00455
-7.99628
-7.99131
-7.9882
-7.98888
-7.99387
-8.0012
-8.01347
-8.03027
-8.04747
-8.06382
-8.08051
-8.09673
-8.109
-8.11738
-8.12762
-8.13204
-8.13376
-8.13236
-8.13189
-8.12571
-8.11908
-8.1127
-8.10346
-8.09034
-8.07732
-8.06437
-8.05427
-8.04432
-8.03666
-8.03193
-8.03013
-8.03123
-8.0352
-8.04062
-8.0487
-8.05901
-8.06372
-8.06812
-8.071
-8.07314
-8.07009
-8.06447
-8.05678
-8.04703
-8.03787
-8.0298
-8.02227
-8.01784
-8.01658
-8.01506
-8.01695
-8.01971
-8.02393
-8.03255
-8.03808
-8.04403
-8.05095
-8.05807
-8.06223
-8.06657
-8.06883
-8.07121
-8.07255
-8.07016
-8.06733
-8.06286
-8.05878
-8.05453
-8.05016
-8.04833
-8.0452
-8.04687
-8.05057
-8.05435
-8.05802
-8.06287
-8.07199
-8.07799
-8.08487
-8.09414
-8.09794
-8.10078
-8.10075
-8.0988
-8.09265
-8.08529
-8.07576
-8.0628
-8.04806
-8.03416
-8.02025
-8.01
-7.99793
-7.99134
-7.98802
-7.98915
-7.99575
-8.00358
-8.01707
-8.03465
-8.05634
-8.07745
-8.09846
-8.11779
-8.13256
-8.14808
-8.1561
-8.16097
-8.16275
-8.16408
-8.16166
-8.15654
-8.14833
-8.13701
-8.12485
-8.10887
-8.09376
-8.07665
-8.05674
-8.03784
-8.0214
-8.00653
-7.99575
-7.98623
-7.98281
-7.98196
-7.98471
-7.99078
-7.99727
-8.0067
-8.01415
-8.02075
-8.02544
-8.0288
-8.03167
-8.03335
-8.03354
-8.03104
-8.03078
-8.03038
-8.03067
-8.03343
-8.037
-8.04238
-8.05064
-8.06122
-8.06905
-8.0765
-8.08112
-8.0848
-8.08496
-8.08487
-8.08206
-8.07765
-8.07362
-8.06966
-8.06948
-8.07099
-8.07077
-8.07522
-8.08111
-8.08738
-8.09635
-8.10244
-8.10844
-8.11294
-8.11466
-8.11676
-8.11426
-8.11054
-8.10248
-8.09484
-8.08658
-8.07591
-8.0667
-8.05717
-8.04832
-8.0392
-8.02868
-8.01835
-8.00968
-8.00487
-7.9994
-7.99838
-7.99999
-8.00657
-8.01559
-8.02637
-8.03845
-8.04979
-8.06148
-8.0687
-8.0728
-8.07603
-8.07276
-8.06596
-8.0565
-8.0447
-8.03566
-8.02881
-8.02532
-8.0223
-8.02319
-8.02669
-8.03725
-8.04882
-8.06222
-8.07753
-8.0923
-8.10451
-8.11136
-8.11057
-8.10992
-8.10285
-8.09198
-8.07753
-8.0633
-8.05172
-8.04112
-8.03391
-8.0288
-8.02754
-8.02709
-8.02923
-8.03504
-8.04292
-8.05282
-8.06252
-8.0701
-8.07948
-8.08848
-8.09318
-8.09783
-8.10214
-8.10537
-8.10817
-8.11319
-8.11775
-8.12288
-8.1273
-8.126
-8.12219
-8.11743
-8.10963
-8.09889
-8.08871
-8.07679
-8.06478
-8.05033
-8.03732
-8.02824
-8.01981
-8.01199
-8.00601
-8
-7.99511
-7.99156
-7.98889
-7.98796
-7.98982
-7.99076
-7.99193
-7.99232
-7.99242
-7.99207
-7.99384
-7.99496
-7.99568
-8.00234
-8.00885
-8.01931
-8.0311
-8.0465
-8.06371
-8.07906
-8.09617
-8.11241
-8.12584
-8.13556
-8.13919
-8.13986
-8.13385
-8.1256
-8.11422
-8.09817
-8.08166
-8.06773
-8.05447
-8.04315
-8.03511
-8.03154
-8.03077
-8.03196
-8.03172
-8.03148
-8.03207
-8.03083
-8.03111
-8.03341
-8.03566
-8.04016
-8.04745
-8.05839
-8.06895
-8.07995
-8.09041
-8.09827
-8.10483
-8.11093
-8.11167
-8.10827
-8.1032
-8.09429
-8.08433
-8.07258
-8.05863
-8.04278
-8.02723
-8.01395
-8.00261
-7.99336
-7.98762
-7.98317
-7.98387
-7.98655
-7.9956
-8.01014
-8.02885
-8.05059
-8.0719
-8.09364
-8.11107
-8.12576
-8.13514
-8.13614
-8.13309
-8.12534
-8.11022
-8.09101
-8.06963
-8.04874
-8.0303
-8.01417
-8.00113
-7.99232
-7.98754
-7.98942
-7.99594
-8.00449
-8.01597
-8.02818
-8.04098
-8.05012
-8.05502
-8.06462
-8.07069
-8.07324
-8.07391
-8.07413
-8.07205
-8.07006
-8.0686
-8.06706
-8.06744
-8.06936
-8.07185
-8.07635
-8.08001
-8.08309
-8.08747
-8.09187
-8.09664
-8.09994
-8.10089
-8.10094
-8.09892
-8.09717
-8.09099
-8.08743
-8.07819
-8.06717
-8.05428
-8.04317
-8.03305
-8.02243
-8.01381
-8.00954
-8.00875
-8.01106
-8.01408
-8.01988
-8.02789
-8.03556
-8.0464
-8.05923
-8.07178
-8.08226
-8.09149
-8.09446
-8.09808
-8.09591
-8.09317
-8.0866
-8.07771
-8.06876
-8.05657
-8.04384
-8.03295
-8.02134
-8.01418
-8.00977
-8.00523
-8.00621
-8.00874
-8.01359
-8.02558
-8.03529
-8.04525
-8.06123
-8.07502
-8.08997
-8.10343
-8.11664
-8.12375
-8.13202
-8.13461
-8.13658
-8.13468
-8.13036
-8.12509
-8.11714
-8.10705
-8.09285
-8.07917
-8.06607
-8.05464
-8.04192
-8.03171
-8.02645
-8.02245
-8.02253
-8.02619
-8.02788
-8.0335
-8.04102
-8.04606
-8.04998
-8.05398
-8.05636
-8.05743
-8.05914
-8.05891
-8.05613
-8.05256
-8.05199
-8.04862
-8.047
-8.04294
-8.04259
-8.04331
-8.04439
-8.04431
-8.04758
-8.05192
-8.05441
-8.06037
-8.06432
-8.06573
-8.06454
-8.06107
-8.05411
-8.04527
-8.03374
-8.01834
-8.00973
-8.00143
-7.9952
-7.99293
-7.99268
-7.99539
-7.99952
-8.00559
-8.00877
-8.01782
-8.02917
-8.0407
-8.05405
-8.06657
-8.07998
-8.09528
-8.10599
-8.11959
-8.12582
-8.13268
-8.13703
-8.13522
-8.13308
-8.12587
-8.11768
-8.10661
-8.09282
-8.07829
-8.06368
-8.05076
-8.03896
-8.03407
-8.03344
-8.03665
-8.04382
-8.05469
-8.06727
-8.07911
-8.08788
-8.09347
-8.09183
-8.08784
-8.0789
-8.06775
-8.0553
-8.04266
-8.02735
-8.01504
-8.00587
-8.00017
-7.99504
-7.99286
-7.99563
-7.99793
-8.0032
-8.01008
-8.0192
-8.03045
-8.04419
-8.05676
-8.07241
-8.0881
-8.10261
-8.11297
-8.12054
-8.122
-8.12153
-8.11639
-8.10786
-8.09672
-8.08471
-8.07499
-8.0641
-8.05624
-8.05335
-8.05734
-8.05797
-8.06436
-8.0694
-8.07105
-8.07056
-8.06907
-8.06462
-8.05904
-8.05173
-8.04701
-8.04213
-8.04108
-8.04316
-8.04567
-8.0498
-8.05432
-8.05768
-8.0604
-8.05962
-8.05652
-8.05103
-8.04416
-8.03746
-8.0313
-8.02884
-8.02752
-8.02737
-8.03066
-8.03573
-8.04254
-8.04876
-8.0544
-8.05912
-8.06552
-8.07003
-8.0755
-8.08128
-8.08764
-8.09463
-8.09871
-8.10194
-8.10313
-8.10388
-8.09959
-8.09477
-8.09109
-8.08604
-8.08036
-8.07082
-8.0619
-8.05565
-8.05047
-8.04439
-8.0406
-8.03723
-8.03374
-8.02998
-8.02874
-8.02734
-8.02861
-8.03108
-8.03582
-8.04008
-8.04731
-8.05359
-8.05713
-8.06262
-8.06581
-8.06305
-8.06107
-8.0564
-8.05076
-8.04486
-8.04084
-8.03811
-8.04062
-8.04282
-8.04688
-8.0549
-8.06523
-8.07564
-8.08377
-8.09151
-8.09996
-8.10372
-8.1049
-8.10134
-8.09757
-8.09021
-8.08245
-8.0763
-8.06734
-8.06055
-8.05275
-8.04755
-8.04753
-8.04609
-8.04645
-8.04626
-8.0448
-8.04367
-8.04186
-8.04191
-8.04379
-8.04573
-8.05016
-8.05522
-8.06388
-8.07272
-8.07855
-8.08263
-8.08644
-8.08565
-8.08405
-8.08332
-8.07874
-8.07549
-8.07312
-8.06933
-8.06562
-8.06224
-8.05441
-8.04865
-8.0424
-8.03918
-8.03854
-8.03817
-8.04229
-8.04841
-8.05506
-8.06179
-8.06888
-8.07078
-8.07214
-8.06713
-8.06033
-8.05141
-8.04085
-8.02982
-8.0178
-8.01034
-8.0035
-7.99989
-8.00085
-8.0042
-8.01138
-8.02292
-8.03755
-8.05507
-8.07252
-8.09377
-8.11162
-8.12779
-8.13954
-8.14601
-8.14533
-8.14288
-8.13947
-8.13009
-8.12379
-8.11188
-8.09794
-8.08245
-8.07026
-8.05721
-8.04507
-8.03726
-8.03312
-8.02799
-8.02484
-8.02355
-8.02579
-8.02714
-8.03334
-8.04035
-8.0469
-8.05214
-8.05471
-8.05482
-8.05472
-8.0508
-8.04631
-8.04032
-8.0323
-8.02235
-8.01654
-8.01056
-8.00699
-8.00736
-8.01335
-8.0206
-8.03022
-8.04018
-8.05173
-8.06294
-8.0757
-8.08381
-8.08727
-8.0928
-8.09726
-8.10265
-8.10724
-8.10928
-8.11033
-8.10747
-8.10457
-8.10011
-8.09172
-8.07779
-8.06276
-8.04885
-8.03528
-8.02552
-8.0189
-8.01841
-8.02035
-8.02817
-8.03842
-8.05254
-8.06902
-8.08313
-8.09678
-8.10809
-8.11522
-8.12068
-8.11992
-8.11485
-8.10486
-8.09178
-8.07509
-8.05596
-8.03912
-8.02315
-8.01216
-8.00432
-8.00104
-8.00601
-8.01532
-8.0259
-8.03707
-8.05122
-8.06462
-8.07273
-8.08008
-8.08062
-8.07847
-8.07206
-8.0667
-8.05739
-8.0477
-8.04143
-8.03277
-8.0272
-8.02519
-8.02721
-8.0283
-8.03026
-8.03472
-8.04049
-8.0458
-8.05338
-8.06269
-8.06927
-8.07736
-8.08516
-8.09314
-8.09684
-8.10155
-8.10671
-8.11268
-8.11338
-8.11213
-8.10847
-8.10265
-8.09445
-8.08352
-8.07101
-8.06243
-8.05332
-8.04463
-8.03481
-8.02599
-8.02068
-8.01738
-8.01364
-8.00878
-8.00597
-8.00609
-8.00962
-8.01355
-8.0236
-8.0345
-8.0486
-8.06521
-8.08161
-8.09477
-8.10215
-8.10415
-8.10206
-8.09398
-8.08333
-8.07019
-8.05718
-8.04461
-8.0338
-8.02289
-8.01219
-8.00277
-7.99751
-7.99466
-7.99628
-8.00193
-8.01226
-8.02896
-8.04931
-8.07026
-8.08917
-8.10833
-8.12299
-8.13456
-8.13989
-8.13884
-8.13048
-8.12021
-8.10422
-8.08722
-8.06784
-8.04869
-8.03336
-8.02503
-8.02359
-8.0244
-8.02966
-8.03814
-8.04821
-8.05673
-8.06598
-8.07509
-8.08499
-8.09396
-8.09685
-8.1007
-8.10375
-8.1034
-8.71336
-8.70094
-8.6599
-8.58364
-8.48837
-8.3797
-8.26192
-8.13964
-8.02072
-7.9149
-7.82647
-7.76393
-7.73047
-7.72159
-7.73737
-7.76898
-7.81058
-7.85594
-7.89991
-7.93782
-7.96649
-7.9864
-7.99666
-7.99891
-7.99582
-7.98704
-7.97499
-7.96411
-7.95487
-7.94963
-7.95109
-7.96023
-7.97391
-7.99304
-8.01593
-8.0428
-8.06661
-8.08829
-8.10531
-8.11936
-8.12653
-8.12735
-8.1273
-8.12241
-8.11664
-8.10869
-8.0966
-8.08755
-8.07921
-8.07092
-8.0644
-8.05935
-8.05379
-8.04934
-8.04833
-8.04636
-8.04678
-8.04906
-8.05288
-8.05694
-8.06584
-8.07346
-8.08227
-8.09461
-8.10333
-8.11097
-8.11835
-8.12072
-8.11779
-8.11153
-8.10061
-8.08685
-8.07142
-8.05647
-8.04296
-8.03123
-8.02276
-8.01799
-8.01606
-8.0165
-8.0195
-8.02209
-8.02522
-8.0303
-8.03554
-8.04302
-8.05016
-8.05746
-8.06411
-8.07193
-8.0773
-8.07934
-8.08064
-8.08043
-8.08029
-8.07472
-8.06991
-8.0651
-8.05974
-8.05416
-8.04653
-8.0425
-8.03733
-8.03092
-8.02301
-8.01448
-8.00455
-7.99628
-7.99131
-7.9882
-7.98888
-7.99387
-8.0012
-8.01347
-8.03027
-8.04747
-8.06382
-8.08051
-8.09673
-8.109
-8.11738
-8.12762
-8.13204
-8.13376
-8.13236
-8.13189
-8.12571
-8.11908
-8.1127
-8.10346
-8.09034
-8.07732
-8.06437
-8.05427
-8.04432
-8.03666
-8.03193
-8.03013
-8.03123
-8.0352
-8.04062
-8.0487
-8.05901
-8.06372
-8.06812
-8.071
-8.07314
-8.07009
-8.06447
-8.05678
-8.04703
-8.03787
-8.0298
-8.02227
-8.01784
-8.01658
-8.01506
-8.01695
-8.01971
-8.02393
-8.03255
-8.03808
-8.04403
-8.05095
-8.05807
-8.06223
-8.06657
-8.06883
-8.07121
-8.07255
-8.07016
-8.06733
-8.06286
-8.05878
-8.05453
-8.05016
-8.04833
-8.0452
-8.04687
-8.05057
-8.05435
-8.05802
-8.06287
-8.07199
-8.07799
-8.08487
-8.09414
-8.09794
-8.10078
-8.10075
-8.0988
-8.09265
-8.08529
-8.07576
-8.0628
-8.04806
-8.03416
-8.02025
-8.01
-7.99793
-7.99134
-7.98802
-7.98915
-7.99575
-8.00358
-8.01707
-8.03465
-8.05634
-8.07745
-8.09846
-8.11779
-8.13256
-8.14808
-8.1561
-8.16097
-8.16275
-8.16408
-8.16166
-8.15654
-8.14833
-8.13701
-8.12485
-8.10887
-8.09376
-8.07665
-8.05674
-8.03784
-8.0214
-8.00653
-7.99575
-7.98623
-7.98281
-7.98196
-7.98471
-7.99078
-7.99727
-8.0067
-8.01415
-8.02075
-8.02544
-8.0288
-8.03167
-8.03335
-8.03354
-8.03104
-8.03078
-8.03038
-8.03067
-8.03343
-8.037
-8.04238
-8.05064
-8.06122
-8.06905
-8.0765
-8.08112
-8.0848
-8.08496
-8.08487
-8.08206
-8.07765
-8.07362
-8.06966
-8.06948
-8.07099
-8.07077
-8.07522
-8.08111
-8.08738
-8.09635
-8.10244
-8.10844
-8.11294
-8.11466
-8.11676
-8.11426
-8.11054
-8.10248
-8.09484
-8.08658
-8.07591
-8.0667
-8.05717
-8.04832
-8.0392
-8.02868
-8.01835
-8.00968
-8.00487
-7.9994
-7.99838
-7.99999
-8.00657
-8.01559
-8.02637
-8.03845
-8.04979
-8.06148
-8.0687
-8.0728
-8.07603
-8.07276
-8.06596
-8.0565
-8.0447
-8.03566
-8.02881
-8.02532
-8.0223
-8.02319
-8.02669
-8.03725
-8.04882
-8.06222
-8.07753
-8.0923
-8.10451
-8.11136
-8.11057
-8.10992
-8.10285
-8.09198
-8.07753
-8.0633
-8.05172
-8.04112
-8.03391
-8.0288
-8.02754
-8.02709
-8.02923
-8.03504
-8.04292
-8.05282
-8.06252
-8.0701
-8.07948
-8.08848
-8.09318
-8.09783
-8.10214
-8.10537
-8.10817
-8.11319
-8.11775
-8.12288
-8.1273
-8.126
-8.12219
-8.11743
-8.10963
-8.09889
-8.08871
-8.07679
-8.06478
-8.05033
-8.03732
-8.02824
-8.01981
-8.01199
-8.00601
-8
-7.99511
-7.99156
-7.98889
-7.98796
-7.98982
-7.99076
-7.99193
-7.99232
-7.99242
-7.99207
-7.99384
-7.99496
-7.99568
-8.00234
-8.00885
-8.01931
-8.0311
-8.0465
-8.06371
-8.07906
-8.09617
-8.11241
-8.12584
-8.13556
-8.13919
-8.13986
-8.13385
-8.1256
-8.11422
-8.09817
-8.08166
-8.06773
-8.05447
-8.04315
-8.03511
-8.03154
-8.03077
-8.03196
-8.03172
-8.03148
-8.03207
-8.03083
-8.03111
-8.03341
-8.03566
-8.04016
-8.04745
-8.05839
-8.06895
-8.07995
-8.09041
-8.09827
-8.10483
-8.11093
-8.11167
-8.10827
-8.1032
-8.09429
-8.08433
-8.07258
-8.05863
-8.04278
-8.02723
-8.01395
-8.00261
-7.99336
-7.98762
-7.98317
-7.98387
-7.98655
-7.9956
-8.01014
-8.02885
-8.05059
-8.0719
-8.09364
-8.11107
-8.12576
-8.13514
-8.13614
-8.13309
-8.12534
-8.11022
-8.09101
-8.06963
-8.04874
-8.0303
-8.01417
-8.00113
-7.99232
-7.98754
-7.98942
-7.99594
-8.00449
-8.01597
-8.02818
-8.04098
-8.05012
-8.05502
-8.06462
-8.07069
-8.07324
-8.07391
-8.07413
-8.07205
-8.07006
-8.0686
-8.06706
-8.06744
-8.06936
-8.07185
-8.07635
-8.08001
-8.08309
-8.08747
-8.09187
-8.09664
-8.09994
-8.10089
-8.10094
-8.09892
-8.09717
-8.09099
-8.08743
-8.07819
-8.06717
-8.05428
-8.04317
-8.03305
-8.02243
-8.01381
-8.00954
-8.00875
-8.01106
-8.01408
-8.01988
-8.02789
-8.03556
-8.0464
-8.05923
-8.07178
-8.08226
-8.09149
-8.09446
-8.09808
-8.09591
-8.09317
-8.0866
-8.07771
-8.06876
-8.05657
-8.04384
-8.03295
-8.02134
-8.01418
-8.00977
-8.00523
-8.00621
-8.00874
-8.01359
-8.02558
-8.03529
-8.04525
-8.06123
-8.07502
-8.08997
-8.10343
-8.11664
-8.12375
-8.13202
-8.13461
-8.13658
-8.13468
-8.13036
-8.12509
-8.11714
-8.10705
-8.09285
-8.07917
-8.06607
-8.05464
-8.04192
-8.03171
-8.02645
-8.02245
-8.02253
-8.02619
-8.02788
-8.0335
-8.04102
-8.04606
-8.04998
-8.05398
-8.05636
-8.05743
-8.05914
-8.05891
-8.05613
-8.05256
-8.05199
-8.04862
-8.047
-8.04294
-8.04259
-8.04331
-8.04439
-8.04431
-8.04758
-8.05192
-8.05441
-8.06037
-8.06432
-8.06573
-8.06454
-8.06107
-8.05411
-8.04527
-8.03374
-8.01834
-8.00973
-8.00143
-7.9952
-7.99293
-7.99268
-7.99539
-7.99952
-8.00559
-8.00877
-8.01782
-8.02917
-8.0407
-8.05405
-8.06657
-8.07998
-8.09528
-8.10599
-8.11959
-8.12582
-8.13268
-8.13703
-8.13522
-8.13308
-8.12587
-8.11768
-8.10661
-8.09282
-8.07829
-8.06368
-8.05076
-8.03896
-8.03407
-8.03344
-8.03665
-8.04382
-8.05469
-8.06727
-8.07911
-8.08788
-8.09347
-8.09183
-8.08784
-8.0789
-8.06775
-8.0553
-8.04266
-8.02735
-8.01504
-8.00587
-8.00017
-7.99504
-7.99286
-7.99563
-7.99793
-8.0032
-8.01008
-8.0192
-8.03045
-8.04419
-8.05676
-8.07241
-8.0881
-8.10261
-8.11297
-8.12054
-8.122
-8.12153
-8.11639
-8.10786
-8.09672
-8.08471
-8.07499
-8.0641
-8.05624
-8.05335
-8.05734
-8.05797
-8.06436
-8.0694
-8.07105
-8.07056
-8.06907
-8.06462
-8.05904
-8.05173
-8.04701
-8.04213
-8.04108
-8.04316
-8.04567
-8.0498
-8.05432
-8.05768
-8.0604
-8.05962
-8.05652
-8.05103
-8.04416
-8.03746
-8.0313
-8.02884
-8.02752
-8.02737
-8.03066
-8.03573
-8.04254
-8.04876
-8.0544
-8.05912
-8.06552
-8.07003
-8.0755
-8.08128
-8.08764
-8.09463
-8.09871
-8.10194
-8.10313
-8.10388
-8.09959
-8.09477
-8.09109
-8.08604
-8.08036
-8.07082
-8.0619
-8.05565
-8.05047
-8.04439
-8.0406
-8.03723
-8.03374
-8.02998
-8.02874
-8.02734
-8.02861
-8.03108
-8.03582
-8.04008
-8.04731
-8.05359
-8.05713
-8.06262
-8.06581
-8.06305
-8.06107
-8.0564
-8.05076
-8.04486
-8.04084
-8.03811
-8.04062
-8.04282
-8.04688
-8.0549
-8.06523
-8.07564
-8.08377
-8.09151
-8.09996
-8.10372
-8.1049
-8.10134
-8.09757
-8.09021
-8.08245
-8.0763
-8.06734
-8.06055
-8.05275
-8.04755
-8.04753
-8.04609
-8.04645
-8.04626
-8.0448
-8.04367
-8.04186
-8.04191
-8.04379
-8.04573
-8.05016
-8.05522
-8.06388
-8.07272
-8.07855
-8.08263
-8.08644
-8.08565
-8.08405
-8.08332
-8.07874
-8.07549
-8.07312
-8.06933
-8.06562
-8.06224
-8.05441
-8.04865
-8.0424
-8.03918
-8.03854
-8.03817
-8.04229
-8.04841
-8.05506
-8.06179
-8.06888
-8.07078
-8.07214
-8.06713
-8.06033
-8.05141
-8.04085
-8.02982
-8.0178
-8.01034
-8.0035
-7.99989
-8.00085
-8.0042
-8.01138
-8.02292
-8.03755
-8.05507
-8.07252
-8.09377
-8.11162
-8.12779
-8.13954
-8.14601
-8.14533
-8.14288
-8.13947
-8.13009
-8.12379
-8.11188
-8.09794
-8.08245
-8.07026
-8.05721
-8.04507
-8.03726
-8.03312
-8.02799
-8.02484
-8.02355
-8.02579
-8.02714
-8.03334
-8.04035
-8.0469
-8.05214
-8.05471
-8.05482
-8.05472
-8.0508
-8.04631
-8.04032
-8.0323
-8.02235
-8.01654
-8.01056
-8.00699
-8.00736
-8.01335
-8.0206
-8.03022
-8.04018
-8.05173
-8.06294
-8.0757
-8.08381
-8.08727
-8.0928
-8.09726
-8.10265
-8.10724
-8.10928
-8.11033
-8.10747
-8.10457
-8.10011
-8.09172
-8.07779
-8.06276
-8.04885
-8.03528
-8.02552
-8.0189
-8.01841
-8.02035
-8.02817
-8.03842
-8.05254
-8.06902
-8.08313
-8.09678
-8.10809
-8.11522
-8.12068
-8.11992
-8.11485
-8.10486
-8.09178
-8.07509
-8.05596
-8.03912
-8.02315
-8.01216
-8.00432
-8.00104
-8.00601
-8.01532
-8.0259
-8.03707
-8.05122
-8.06462
-8.07273
-8.08008
-8.08062
-8.07847
-8.07206
-8.0667
-8.05739
-8.0477
-8.04143
-8.03277
-8.0272
-8.02519
-8.02721
-8.0283
-8.03026
-8.03472
-8.04049
-8.0458
-8.05338
-8.06269
-8.06927
-8.07736
-8.08516
-8.09314
-8.09684
-8.10155
-8.10671
-8.11268
-8.11338
-8.11213
-8.10847
-8.10265
-8.09445
-8.08352
-8.07101
-8.06243
-8.05332
-8.04463
-8.03481
-8.02599
-8.02068
-8.01738
-8.01364
-8.00878
-8.00597
-8.00609
-8.00962
-8.01355
-8.0236
-8.0345
-8.0486
-8.06521
-8.08161
-8.09477
-8.10215
-8.10415
-8.10206
-8.09398
-8.08333
-8.07019
-8.05718
-8.04461
-8.0338
-8.02289
-8.01219
-8.00277
-7.99751
-7.99466
-7.99628
-8.00193
-8.01226
-8.02896
-8.04931
-8.07026
-8.08917
-8.10833
-8.12299
-8.13456
-8.13989
-8.13884
-8.13048
-8.12021
-8.10422
-8.08722
-8.06784
-8.04869
-8.03336
-8.02503
-8.02359
-8.0244
-8.02966
-8.03814
-8.04821
-8.05673
-8.06598
-8.07509
-8.08499
-8.09396
-8.09685
-8.1007
-8.10375
-8.1034
