-7.51336
-7.51104
-7.50444
-7.4857
-7.46888
-7.45634
-7.44763
-7.44092
-7.43629
-7.43515
-7.43375
-7.43439
-7.43713
-7.4377
-7.43973
-7.4401
-7.4398
-7.43925
-7.43884
-7.43809
-7.43652
-7.43588
-7.4353
-7.43548
-7.43748
-7.43872
-7.43926
-7.441
-7.44202
-7.44252
-7.44381
-7.44611
-7.44642
-7.44658
-7.44656
-7.44855
-7.44775
-7.44711
-7.4457
-7.44617
-7.44501
-7.44262
-7.44383
-7.44381
-7.44555
-7.44673
-7.44445
-7.44514
-7.44586
-7.44563
-7.44604
-7.44682
-7.44591
-7.44504
-7.44646
-7.44566
-7.44585
-7.44637
-7.44686
-7.44607
-7.44848
-7.44801
-7.44721
-7.44889
-7.44688
-7.44507
-7.44572
-7.44528
-7.44415
-7.44434
-7.44399
-7.44381
-7.44341
-7.44351
-7.44371
-7.44336
-7.44333
-7.44394
-7.44451
-7.44506
-7.44621
-7.44537
-7.44388
-7.44335
-7.44211
-7.44248
-7.44218
-7.44214
-7.44203
-7.4442
-7.44536
-7.44487
-7.44537
-7.44584
-7.44771
-7.44504
-7.44371
-7.44272
-7.44139
-7.44007
-7.43715
-7.43837
-7.43924
-7.43977
-7.43972
-7.43967
-7.4384
-7.43819
-7.43973
-7.44039
-7.44112
-7.44186
-7.44066
-7.4407
-7.44253
-7.4433
-7.44293
-7.44372
-7.44577
-7.44616
-7.44523
-7.44884
-7.44925
-7.44935
-7.44853
-7.45066
-7.44884
-7.44834
-7.44978
-7.44998
-7.44761
-7.44626
-7.4453
-7.44668
-7.44688
-7.44717
-7.44749
-7.44748
-7.44714
-7.44676
-7.44566
-7.446
-7.44852
-7.44637
-7.44579
-7.44613
-7.44848
-7.44824
-7.44771
-7.44688
-7.4452
-7.44457
-7.44462
-7.44407
-7.44493
-7.44679
-7.44606
-7.44659
-7.44613
-7.44559
-7.4483
-7.44707
-7.44583
-7.4455
-7.44574
-7.444
-7.44385
-7.44337
-7.44478
-7.44689
-7.44678
-7.44735
-7.44699
-7.44731
-7.44731
-7.44671
-7.4478
-7.44635
-7.44813
-7.45025
-7.45077
-7.4496
-7.44841
-7.4507
-7.44972
-7.45001
-7.45349
-7.45271
-7.45251
-7.45136
-7.45049
-7.44793
-7.44698
-7.44674
-7.44553
-7.44446
-7.44509
-7.44548
-7.44831
-7.44695
-7.44797
-7.44838
-7.44881
-7.44993
-7.4475
-7.44629
-7.44559
-7.44665
-7.44632
-7.44651
-7.44689
-7.44559
-7.44848
-7.44751
-7.44686
-7.44626
-7.44794
-7.44832
-7.44841
-7.44781
-7.44661
-7.44705
-7.44585
-7.44735
-7.44794
-7.446
-7.4445
-7.44402
-7.44299
-7.44332
-7.44169
-7.44269
-7.44272
-7.443
-7.44388
-7.4434
-7.44498
-7.44487
-7.44504
-7.44485
-7.44501
-7.44621
-7.44739
-7.44796
-7.44631
-7.44695
-7.44701
-7.4468
-7.44761
-7.44744
-7.44728
-7.4484
-7.45072
-7.45005
-7.4496
-7.4478
-7.44722
-7.44566
-7.44641
-7.44658
-7.44648
-7.44717
-7.44729
-7.4497
-7.45189
-7.45018
-7.45102
-7.4515
-7.45096
-7.4523
-7.45065
-7.44956
-7.44839
-7.44651
-7.44756
-7.44669
-7.44708
-7.44526
-7.44545
-7.44599
-7.44463
-7.44495
-7.44495
-7.44561
-7.44596
-7.44471
-7.44316
-7.44232
-7.44376
-7.44239
-7.44272
-7.44242
-7.44369
-7.44433
-7.44418
-7.44394
-7.44289
-7.44365
-7.44267
-7.44226
-7.44512
-7.44539
-7.44545
-7.44499
-7.44302
-7.44341
-7.44461
-7.4468
-7.44648
-7.4465
-7.44528
-7.44727
-7.44692
-7.44614
-7.44647
-7.44731
-7.44824
-7.44777
-7.44438
-7.44587
-7.44516
-7.44392
-7.44117
-7.43953
-7.44022
-7.44071
-7.44257
-7.44379
-7.44572
-7.4451
-7.44378
-7.44337
-7.44321
-7.4442
-7.44511
-7.44471
-7.44717
-7.45034
-7.44993
-7.44992
-7.4496
-7.44804
-7.44578
-7.44575
-7.44564
-7.4471
-7.44949
-7.44831
-7.44705
-7.44744
-7.44719
-7.44606
-7.44694
-7.4469
-7.44695
-7.44408
-7.44191
-7.44266
-7.44308
-7.44318
-7.44424
-7.4444
-7.44449
-7.44465
-7.44417
-7.44399
-7.44539
-7.44511
-7.44478
-7.44378
-7.4428
-7.44152
-7.4422
-7.44163
-7.43952
-7.44169
-7.44156
-7.44307
-7.44363
-7.44577
-7.44816
-7.44792
-7.44951
-7.45129
-7.45233
-7.45263
-7.45061
-7.44982
-7.44677
-7.44573
-7.44511
-7.44231
-7.44033
-7.44074
-7.44033
-7.4393
-7.43863
-7.43955
-7.44102
-7.44305
-7.44301
-7.44297
-7.44393
-7.44297
-7.44305
-7.44416
-7.44369
-7.44359
-7.44409
-7.44624
-7.44636
-7.44607
-7.44537
-7.44325
-7.44202
-7.4433
-7.44264
-7.44131
-7.44162
-7.44103
-7.44175
-7.44257
-7.44248
-7.44114
-7.44017
-7.44092
-7.44238
-7.44394
-7.4462
-7.44625
-7.44736
-7.44589
-7.44606
-7.44709
-7.44846
-7.44996
-7.4497
-7.45022
-7.44864
-7.44815
-7.4476
-7.44476
-7.44415
-7.44489
-7.44349
-7.44189
-7.44048
-7.44018
-7.44136
-7.44233
-7.44274
-7.44291
-7.4421
-7.44291
-7.44363
-7.44265
-7.44214
-7.44151
-7.44202
-7.44048
-7.43704
-7.44066
-7.44303
-7.44382
-7.44434
-7.44552
-7.44516
-7.44514
-7.4455
-7.44526
-7.44602
-7.44716
-7.44757
-7.44895
-7.44869
-7.44742
-7.44739
-7.44764
-7.44888
-7.4494
-7.44867
-7.44822
-7.44706
-7.44787
-7.44603
-7.44875
-7.4476
-7.44617
-7.44385
-7.44357
-7.44364
-7.44189
-7.44019
-7.44046
-7.44169
-7.44352
-7.44375
-7.44463
-7.44576
-7.4449
-7.44598
-7.44832
-7.45018
-7.45075
-7.45149
-7.44831
-7.44866
-7.44642
-7.44676
-7.44616
-7.44562
-7.4468
-7.44576
-7.44444
-7.44453
-7.44274
-7.44362
-7.44485
-7.44317
-7.4441
-7.44375
-7.44302
-7.44714
-7.44701
-7.44554
-7.44889
-7.44928
-7.45052
-7.45077
-7.45192
-7.44879
-7.44915
-7.44655
-7.44626
-7.44498
-7.44405
-7.44474
-7.44515
-7.44562
-7.44382
-7.44404
-7.44564
-7.44864
-7.44886
-7.44884
-7.45019
-7.44896
-7.44829
-7.44849
-7.44502
-7.44475
-7.44635
-7.44592
-7.44515
-7.44542
-7.44499
-7.44426
-7.44512
-7.44501
-7.4433
-7.44161
-7.44349
-7.44283
-7.44388
-7.442
-7.44309
-7.44421
-7.44432
-7.44188
-7.44134
-7.44077
-7.43787
-7.43879
-7.43896
-7.43872
-7.43871
-7.43968
-7.44038
-7.44177
-7.44201
-7.4385
-7.44062
-7.4409
-7.44053
-7.44147
-7.44198
-7.44347
-7.44459
-7.44609
-7.44303
-7.44417
-7.44593
-7.44641
-7.44748
-7.4469
-7.44686
-7.44907
-7.44766
-7.45068
-7.44846
-7.44946
-7.45079
-7.44888
-7.44956
-7.44798
-7.44809
-7.44757
-7.44606
-7.445
-7.44406
-7.4439
-7.44257
-7.44463
-7.44643
-7.44724
-7.44762
-7.44852
-7.44956
-7.45014
-7.44955
-7.44913
-7.44574
-7.44467
-7.44297
-7.44263
-7.44343
-7.44501
-7.44349
-7.44339
-7.44396
-7.44523
-7.4442
-7.44346
-7.44526
-7.44452
-7.44471
-7.44459
-7.44477
-7.44521
-7.44663
-7.44574
-7.44742
-7.44928
-7.45108
-7.45082
-7.4508
-7.44845
-7.44831
-7.4476
-7.44696
-7.44619
-7.44553
-7.4466
-7.4446
-7.44267
-7.44236
-7.44587
-7.44373
-7.44636
-7.44791
-7.44741
-7.44686
-7.44762
-7.44746
-7.44743
-7.44585
-7.44598
-7.44425
-7.44413
-7.44497
-7.44446
-7.44452
-7.44482
-7.4447
-7.44553
-7.44497
-7.44443
-7.44359
-7.44288
-7.44287
-7.44296
-7.44538
-7.44688
-7.44709
-7.44826
-7.44906
-7.45013
-7.44986
-7.44884
-7.44717
-7.44748
-7.44588
-7.44495
-7.44401
-7.44364
-7.44451
-7.44371
-7.44387
-7.44399
-7.44571
-7.44424
-7.44378
-7.44562
-7.4469
-7.44785
-7.44497
-7.4424
-7.44213
-7.44251
-7.44154
-7.44254
-7.44356
-7.44393
-7.44338
-7.44448
-7.44426
-7.44537
-7.44616
-7.44761
-7.44709
-7.44847
-7.44851
-7.44616
-7.447
-7.44746
-7.44429
-7.44439
-7.44389
-7.44378
-7.44382
-7.44495
-7.44552
-7.44875
-7.44869
-7.44764
-7.44819
-7.44929
-7.44965
-7.44798
-7.44717
-7.44913
-7.44919
-7.44953
-7.44797
-7.44871
-7.44788
-7.4481
-7.45064
-7.45036
-7.45147
-7.45004
-7.44926
-7.45171
-7.45117
-7.45153
-7.4512
-7.44986
-7.44919
-7.4479
-7.44801
-7.44883
-7.44804
-7.44786
-7.4467
-7.44808
-7.44935
-7.44827
-7.44681
-7.44696
-7.4445
-7.44306
-7.4439
-7.44185
-7.44182
-7.44308
-7.44335
-7.44427
-7.44616
-7.44417
-7.44447
-7.44393
-7.44508
-7.44663
-7.44565
-7.44624
-7.44646
-7.44589
-7.44547
-7.44689
-7.44561
-7.44689
-7.445
-7.44411
-7.44331
-7.44225
-7.44133
-7.43913
-7.44057
-7.44107
-7.44258
-7.44581
-7.44783
-7.44957
-7.45131
-7.45199
-7.45226
-7.45042
-7.452
-7.45147
-7.45208
-7.45231
-7.45184
-7.44881
-7.44813
-7.4498
-7.44797
-7.451
-7.44991
-7.44786
-7.44493
-7.44529
-7.44411
-7.44234
-7.44287
-7.44474
-7.44334
-7.44191
-7.44076
-7.44184
-7.44094
-7.44394
-7.44691
-7.44892
-7.44954
-7.44811
-7.44564
-7.44509
-7.44322
-7.4433
-7.44408
-7.44429
-7.44303
-7.44512
-7.44504
-7.4444
-7.4441
-7.44576
-7.44541
-7.44499
-7.44343
-7.44305
-7.44297
-7.44571
-7.44553
-7.44244
-7.44294
-7.44348
-7.44565
-7.44753
-7.44744
-7.44729
-7.44483
-7.44458
-7.44561
-7.44564
-7.44281
-7.44073
-7.4404
-7.43964
-7.44027
-7.44037
-7.44212
-7.44157
-7.4426
-7.4426
-7.44404
-7.44669
-7.44699
-7.44783
-7.44822
-7.44724
-7.44815
-7.44703
-7.44623
-7.44513
-7.44508
-7.44454
-7.44321
-7.44398
-7.44362
-7.44473
-7.44426
-7.44316
-7.44526
-7.44725
-7.4472
-7.4457
-7.44663
-7.44778
-7.44591
-7.4465
-7.44416
-7.44313
-7.44152
-7.44389
-7.44412
-7.44445
-7.4475
-7.44644
-7.44607
-7.44668
-7.44883
-7.44801
-7.44653
-7.44631
-7.44642
-7.44521
-7.44559
-7.44722
-7.44591
-7.44622
-7.44652
-7.44743
-7.44477
-7.444
-7.44483
-7.44788
-7.44738
-7.44686
-7.446
-7.44516
-7.44401
-7.44193
-7.4396
-7.44184
-7.44352
-7.44491
-7.44406
-7.44297
-7.44407
-7.44607
-7.44681
-7.44561
-7.44545
-7.44661
-7.44879
-7.44817
-7.44985
-7.44861
-7.44754
-7.44756
-7.44801
-7.44793
-7.44643
-7.44491
-7.44471
-7.44338
-7.44307
-7.44257
-7.4432
-7.44422
-7.44626
-7.44703
-7.44652
-7.44546
-7.44609
-7.44585
-7.44602
-7.44554
-7.44502
-7.44671
-7.4489
-7.44994
-7.44886
-7.44961
-7.44889
-7.44937
-7.44882
-7.44759
-7.44478
-7.4453
-7.44428
-7.44511
-7.44447
-7.44303
-7.44248
-7.4443
-7.44741
-7.4473
-7.44702
-7.44692
-7.44699
-7.44532
-7.44493
-7.44517
-7.44695
-7.44878
-7.44571
-7.44521
-7.44598
-7.44572
-7.51336
-7.51104
-7.50444
-7.4857
-7.46888
-7.45634
-7.44763
-7.44092
-7.43629
-7.43515
-7.43375
-7.43439
-7.43713
-7.4377
-7.43973
-7.4401
-7.4398
-7.43925
-7.43884
-7.43809
-7.43652
-7.43588
-7.4353
-7.43548
-7.43748
-7.43872
-7.43926
-7.441
-7.44202
-7.44252
-7.44381
-7.44611
-7.44642
-7.44658
-7.44656
-7.44855
-7.44775
-7.44711
-7.4457
-7.44617
-7.44501
-7.44262
-7.44383
-7.44381
-7.44555
-7.44673
-7.44445
-7.44514
-7.44586
-7.44563
-7.44604
-7.44682
-7.44591
-7.44504
-7.44646
-7.44566
-7.44585
-7.44637
-7.44686
-7.44607
-7.44848
-7.44801
-7.44721
-7.44889
-7.44688
-7.44507
-7.44572
-7.44528
-7.44415
-7.44434
-7.44399
-7.44381
-7.44341
-7.44351
-7.44371
-7.44336
-7.44333
-7.44394
-7.44451
-7.44506
-7.44621
-7.44537
-7.44388
-7.44335
-7.44211
-7.44248
-7.44218
-7.44214
-7.44203
-7.4442
-7.44536
-7.44487
-7.44537
-7.44584
-7.44771
-7.44504
-7.44371
-7.44272
-7.44139
-7.44007
-7.43715
-7.43837
-7.43924
-7.43977
-7.43972
-7.43967
-7.4384
-7.43819
-7.43973
-7.44039
-7.44112
-7.44186
-7.44066
-7.4407
-7.44253
-7.4433
-7.44293
-7.44372
-7.44577
-7.44616
-7.44523
-7.44884
-7.44925
-7.44935
-7.44853
-7.45066
-7.44884
-7.44834
-7.44978
-7.44998
-7.44761
-7.44626
-7.4453
-7.44668
-7.44688
-7.44717
-7.44749
-7.44748
-7.44714
-7.44676
-7.44566
-7.446
-7.44852
-7.44637
-7.44579
-7.44613
-7.44848
-7.44824
-7.44771
-7.44688
-7.4452
-7.44457
-7.44462
-7.44407
-7.44493
-7.44679
-7.44606
-7.44659
-7.44613
-7.44559
-7.4483
-7.44707
-7.44583
-7.4455
-7.44574
-7.444
-7.44385
-7.44337
-7.44478
-7.44689
-7.44678
-7.44735
-7.44699
-7.44731
-7.44731
-7.44671
-7.4478
-7.44635
-7.44813
-7.45025
-7.45077
-7.4496
-7.44841
-7.4507
-7.44972
-7.45001
-7.45349
-7.45271
-7.45251
-7.45136
-7.45049
-7.44793
-7.44698
-7.44674
-7.44553
-7.44446
-7.44509
-7.44548
-7.44831
-7.44695
-7.44797
-7.44838
-7.44881
-7.44993
-7.4475
-7.44629
-7.44559
-7.44665
-7.44632
-7.44651
-7.44689
-7.44559
-7.44848
-7.44751
-7.44686
-7.44626
-7.44794
-7.44832
-7.44841
-7.44781
-7.44661
-7.44705
-7.44585
-7.44735
-7.44794
-7.446
-7.4445
-7.44402
-7.44299
-7.44332
-7.44169
-7.44269
-7.44272
-7.443
-7.44388
-7.4434
-7.44498
-7.44487
-7.44504
-7.44485
-7.44501
-7.44621
-7.44739
-7.44796
-7.44631
-7.44695
-7.44701
-7.4468
-7.44761
-7.44744
-7.44728
-7.4484
-7.45072
-7.45005
-7.4496
-7.4478
-7.44722
-7.44566
-7.44641
-7.44658
-7.44648
-7.44717
-7.44729
-7.4497
-7.45189
-7.45018
-7.45102
-7.4515
-7.45096
-7.4523
-7.45065
-7.44956
-7.44839
-7.44651
-7.44756
-7.44669
-7.44708
-7.44526
-7.44545
-7.44599
-7.44463
-7.44495
-7.44495
-7.44561
-7.44596
-7.44471
-7.44316
-7.44232
-7.44376
-7.44239
-7.44272
-7.44242
-7.44369
-7.44433
-7.44418
-7.44394
-7.44289
-7.44365
-7.44267
-7.44226
-7.44512
-7.44539
-7.44545
-7.44499
-7.44302
-7.44341
-7.44461
-7.4468
-7.44648
-7.4465
-7.44528
-7.44727
-7.44692
-7.44614
-7.44647
-7.44731
-7.44824
-7.44777
-7.44438
-7.44587
-7.44516
-7.44392
-7.44117
-7.43953
-7.44022
-7.44071
-7.44257
-7.44379
-7.44572
-7.4451
-7.44378
-7.44337
-7.44321
-7.4442
-7.44511
-7.44471
-7.44717
-7.45034
-7.44993
-7.44992
-7.4496
-7.44804
-7.44578
-7.44575
-7.44564
-7.4471
-7.44949
-7.44831
-7.44705
-7.44744
-7.44719
-7.44606
-7.44694
-7.4469
-7.44695
-7.44408
-7.44191
-7.44266
-7.44308
-7.44318
-7.44424
-7.4444
-7.44449
-7.44465
-7.44417
-7.44399
-7.44539
-7.44511
-7.44478
-7.44378
-7.4428
-7.44152
-7.4422
-7.44163
-7.43952
-7.44169
-7.44156
-7.44307
-7.44363
-7.44577
-7.44816
-7.44792
-7.44951
-7.45129
-7.45233
-7.45263
-7.45061
-7.44982
-7.44677
-7.44573
-7.44511
-7.44231
-7.44033
-7.44074
-7.44033
-7.4393
-7.43863
-7.43955
-7.44102
-7.44305
-7.44301
-7.44297
-7.44393
-7.44297
-7.44305
-7.44416
-7.44369
-7.44359
-7.44409
-7.44624
-7.44636
-7.44607
-7.44537
-7.44325
-7.44202
-7.4433
-7.44264
-7.44131
-7.44162
-7.44103
-7.44175
-7.44257
-7.44248
-7.44114
-7.44017
-7.44092
-7.44238
-7.44394
-7.4462
-7.44625
-7.44736
-7.44589
-7.44606
-7.44709
-7.44846
-7.44996
-7.4497
-7.45022
-7.44864
-7.44815
-7.4476
-7.44476
-7.44415
-7.44489
-7.44349
-7.44189
-7.44048
-7.44018
-7.44136
-7.44233
-7.44274
-7.44291
-7.4421
-7.44291
-7.44363
-7.44265
-7.44214
-7.44151
-7.44202
-7.44048
-7.43704
-7.44066
-7.44303
-7.44382
-7.44434
-7.44552
-7.44516
-7.44514
-7.4455
-7.44526
-7.44602
-7.44716
-7.44757
-7.44895
-7.44869
-7.44742
-7.44739
-7.44764
-7.44888
-7.4494
-7.44867
-7.44822
-7.44706
-7.44787
-7.44603
-7.44875
-7.4476
-7.44617
-7.44385
-7.44357
-7.44364
-7.44189
-7.44019
-7.44046
-7.44169
-7.44352
-7.44375
-7.44463
-7.44576
-7.4449
-7.44598
-7.44832
-7.45018
-7.45075
-7.45149
-7.44831
-7.44866
-7.44642
-7.44676
-7.44616
-7.44562
-7.4468
-7.44576
-7.44444
-7.44453
-7.44274
-7.44362
-7.44485
-7.44317
-7.4441
-7.44375
-7.44302
-7.44714
-7.44701
-7.44554
-7.44889
-7.44928
-7.45052
-7.45077
-7.45192
-7.44879
-7.44915
-7.44655
-7.44626
-7.44498
-7.44405
-7.44474
-7.44515
-7.44562
-7.44382
-7.44404
-7.44564
-7.44864
-7.44886
-7.44884
-7.45019
-7.44896
-7.44829
-7.44849
-7.44502
-7.44475
-7.44635
-7.44592
-7.44515
-7.44542
-7.44499
-7.44426
-7.44512
-7.44501
-7.4433
-7.44161
-7.44349
-7.44283
-7.44388
-7.442
-7.44309
-7.44421
-7.44432
-7.44188
-7.44134
-7.44077
-7.43787
-7.43879
-7.43896
-7.43872
-7.43871
-7.43968
-7.44038
-7.44177
-7.44201
-7.4385
-7.44062
-7.4409
-7.44053
-7.44147
-7.44198
-7.44347
-7.44459
-7.44609
-7.44303
-7.44417
-7.44593
-7.44641
-7.44748
-7.4469
-7.44686
-7.44907
-7.44766
-7.45068
-7.44846
-7.44946
-7.45079
-7.44888
-7.44956
-7.44798
-7.44809
-7.44757
-7.44606
-7.445
-7.44406
-7.4439
-7.44257
-7.44463
-7.44643
-7.44724
-7.44762
-7.44852
-7.44956
-7.45014
-7.44955
-7.44913
-7.44574
-7.44467
-7.44297
-7.44263
-7.44343
-7.44501
-7.44349
-7.44339
-7.44396
-7.44523
-7.4442
-7.44346
-7.44526
-7.44452
-7.44471
-7.44459
-7.44477
-7.44521
-7.44663
-7.44574
-7.44742
-7.44928
-7.45108
-7.45082
-7.4508
-7.44845
-7.44831
-7.4476
-7.44696
-7.44619
-7.44553
-7.4466
-7.4446
-7.44267
-7.44236
-7.44587
-7.44373
-7.44636
-7.44791
-7.44741
-7.44686
-7.44762
-7.44746
-7.44743
-7.44585
-7.44598
-7.44425
-7.44413
-7.44497
-7.44446
-7.44452
-7.44482
-7.4447
-7.44553
-7.44497
-7.44443
-7.44359
-7.44288
-7.44287
-7.44296
-7.44538
-7.44688
-7.44709
-7.44826
-7.44906
-7.45013
-7.44986
-7.44884
-7.44717
-7.44748
-7.44588
-7.44495
-7.44401
-7.44364
-7.44451
-7.44371
-7.44387
-7.44399
-7.44571
-7.44424
-7.44378
-7.44562
-7.4469
-7.44785
-7.44497
-7.4424
-7.44213
-7.44251
-7.44154
-7.44254
-7.44356
-7.44393
-7.44338
-7.44448
-7.44426
-7.44537
-7.44616
-7.44761
-7.44709
-7.44847
-7.44851
-7.44616
-7.447
-7.44746
-7.44429
-7.44439
-7.44389
-7.44378
-7.44382
-7.44495
-7.44552
-7.44875
-7.44869
-7.44764
-7.44819
-7.44929
-7.44965
-7.44798
-7.44717
-7.44913
-7.44919
-7.44953
-7.44797
-7.44871
-7.44788
-7.4481
-7.45064
-7.45036
-7.45147
-7.45004
-7.44926
-7.45171
-7.45117
-7.45153
-7.4512
-7.44986
-7.44919
-7.4479
-7.44801
-7.44883
-7.44804
-7.44786
-7.4467
-7.44808
-7.44935
-7.44827
-7.44681
-7.44696
-7.4445
-7.44306
-7.4439
-7.44185
-7.44182
-7.44308
-7.44335
-7.44427
-7.44616
-7.44417
-7.44447
-7.44393
-7.44508
-7.44663
-7.44565
-7.44624
-7.44646
-7.44589
-7.44547
-7.44689
-7.44561
-7.44689
-7.445
-7.44411
-7.44331
-7.44225
-7.44133
-7.43913
-7.44057
-7.44107
-7.44258
-7.44581
-7.44783
-7.44957
-7.45131
-7.45199
-7.45226
-7.45042
-7.452
-7.45147
-7.45208
-7.45231
-7.45184
-7.44881
-7.44813
-7.4498
-7.44797
-7.451
-7.44991
-7.44786
-7.44493
-7.44529
-7.44411
-7.44234
-7.44287
-7.44474
-7.44334
-7.44191
-7.44076
-7.44184
-7.44094
-7.44394
-7.44691
-7.44892
-7.44954
-7.44811
-7.44564
-7.44509
-7.44322
-7.4433
-7.44408
-7.44429
-7.44303
-7.44512
-7.44504
-7.4444
-7.4441
-7.44576
-7.44541
-7.44499
-7.44343
-7.44305
-7.44297
-7.44571
-7.44553
-7.44244
-7.44294
-7.44348
-7.44565
-7.44753
-7.44744
-7.44729
-7.44483
-7.44458
-7.44561
-7.44564
-7.44281
-7.44073
-7.4404
-7.43964
-7.44027
-7.44037
-7.44212
-7.44157
-7.4426
-7.4426
-7.44404
-7.44669
-7.44699
-7.44783
-7.44822
-7.44724
-7.44815
-7.44703
-7.44623
-7.44513
-7.44508
-7.44454
-7.44321
-7.44398
-7.44362
-7.44473
-7.44426
-7.44316
-7.44526
-7.44725
-7.4472
-7.4457
-7.44663
-7.44778
-7.44591
-7.4465
-7.44416
-7.44313
-7.44152
-7.44389
-7.44412
-7.44445
-7.4475
-7.44644
-7.44607
-7.44668
-7.44883
-7.44801
-7.44653
-7.44631
-7.44642
-7.44521
-7.44559
-7.44722
-7.44591
-7.44622
-7.44652
-7.44743
-7.44477
-7.444
-7.44483
-7.44788
-7.44738
-7.44686
-7.446
-7.44516
-7.44401
-7.44193
-7.4396
-7.44184
-7.44352
-7.44491
-7.44406
-7.44297
-7.44407
-7.44607
-7.44681
-7.44561
-7.44545
-7.44661
-7.44879
-7.44817
-7.44985
-7.44861
-7.44754
-7.44756
-7.44801
-7.44793
-7.44643
-7.44491
-7.44471
-7.44338
-7.44307
-7.44257
-7.4432
-7.44422
-7.44626
-7.44703
-7.44652
-7.44546
-7.44609
-7.44585
-7.44602
-7.44554
-7.44502
-7.44671
-7.4489
-7.44994
-7.44886
-7.44961
-7.44889
-7.44937
-7.44882
-7.44759
-7.44478
-7.4453
-7.44428
-7.44511
-7.44447
-7.44303
-7.44248
-7.4443
-7.44741
-7.4473
-7.44702
-7.44692
-7.44699
-7.44532
-7.44493
-7.44517
-7.44695
-7.44878
-7.44571
-7.44521
-7.44598
-7.44572
