-5.45283
-5.46069
-5.47495
-5.49493
-5.51748
-5.53998
-5.55704
-5.56771
-5.57001
-5.5634
-5.55153
-5.5367
-5.52051
-5.50448
-5.49046
-5.4799
-5.47021
-5.46233
-5.4558
-5.44927
-5.4446
-5.44472
-5.4483
-5.45584
-5.46568
-5.47486
-5.47945
-5.47665
-5.46732
-5.45104
-5.43359
-5.41822
-5.40945
-5.40949
-5.41762
-5.43222
-5.45052
-5.46743
-5.48156
-5.49323
-5.50174
-5.50671
-5.50926
-5.50724
-5.50045
-5.4881
-5.47155
-5.45026
-5.42739
-5.40226
-5.37793
-5.3591
-5.34682
-5.34272
-5.34751
-5.36051
-5.37946
-5.40189
-5.42688
-5.45346
-5.48071
-5.50506
-5.52471
-5.53758
-5.54191
-5.53683
-5.52385
-5.50316
-5.47791
-5.45046
-5.42417
-5.40118
-5.38604
-5.38158
-5.38773
-5.40133
-5.42164
-5.44448
-5.46338
-5.47729
-5.48249
-5.48302
-5.48024
-5.47524
-5.46857
-5.46161
-5.45001
-5.43521
-5.41463
-5.39023
-5.36368
-5.33933
-5.32358
-5.32177
-5.3344
-5.36208
-5.40166
-5.44803
-5.49357
-5.53064
-5.55524
-5.56758
-5.56853
-5.5614
-5.55203
-5.5389
-5.52429
-5.50867
-5.49556
-5.48315
-5.47499
-5.47243
-5.47496
-5.4778
-5.47989
-5.47854
-5.47367
-5.46612
-5.45641
-5.44569
-5.43719
-5.43393
-5.4345
-5.43679
-5.44051
-5.43888
-5.43198
-5.42069
-5.40601
-5.39292
-5.38257
-5.37884
-5.38047
-5.38853
-5.40036
-5.41214
-5.42173
-5.42528
-5.42043
-5.40802
-5.38813
-5.36446
-5.33921
-5.31814
-5.30314
-5.29973
-5.30656
-5.32404
-5.35053
-5.38327
-5.42035
-5.4594
-5.49719
-5.52984
-5.55196
-5.56124
-5.55937
-5.54408
-5.51939
-5.49005
-5.46134
-5.44083
-5.43079
-5.43315
-5.44379
-5.45536
-5.46437
-5.46882
-5.46527
-5.45535
-5.44254
-5.4316
-5.4242
-5.42276
-5.42972
-5.4469
-5.46828
-5.49264
-5.51421
-5.53021
-5.53919
-5.54233
-5.54399
-5.54333
-5.54576
-5.54943
-5.55108
-5.55128
-5.54963
-5.54518
-5.53923
-5.52988
-5.51788
-5.50131
-5.48237
-5.46113
-5.44278
-5.43042
-5.42654
-5.43046
-5.44175
-5.4583
-5.47535
-5.49063
-5.50475
-5.51756
-5.52988
-5.54002
-5.54941
-5.55765
-5.56452
-5.56877
-5.57143
-5.57178
-5.5722
-5.57189
-5.57396
-5.57374
-5.57218
-5.56709
-5.5585
-5.54482
-5.52631
-5.50244
-5.47484
-5.44431
-5.41513
-5.39067
-5.37291
-5.36522
-5.36787
-5.37812
-5.39628
-5.41764
-5.43964
-5.45978
-5.47578
-5.48848
-5.49537
-5.49907
-5.50063
-5.49903
-5.49562
-5.48963
-5.48157
-5.4762
-5.47491
-5.48009
-5.49089
-5.50434
-5.5166
-5.52602
-5.53081
-5.53209
-5.53005
-5.5259
-5.52213
-5.52206
-5.52431
-5.52498
-5.5227
-5.51381
-5.49788
-5.47493
-5.44805
-5.42372
-5.40587
-5.39655
-5.39315
-5.39415
-5.39539
-5.39629
-5.39597
-5.39608
-5.39345
-5.38876
-5.38204
-5.37094
-5.35314
-5.33229
-5.30599
-5.27784
-5.24798
-5.21885
-5.19348
-5.18063
-5.18231
-5.20161
-5.23353
-5.27721
-5.32485
-5.3691
-5.40661
-5.43212
-5.44754
-5.45476
-5.45703
-5.45541
-5.45307
-5.4514
-5.45104
-5.45263
-5.45672
-5.46108
-5.46404
-5.46499
-5.46262
-5.45489
-5.44337
-5.43085
-5.41621
-5.40449
-5.39593
-5.39062
-5.38888
-5.38766
-5.38807
-5.38956
-5.39186
-5.39617
-5.40031
-5.40607
-5.41355
-5.42083
-5.42944
-5.43848
-5.44603
-5.45235
-5.45387
-5.45385
-5.44978
-5.44356
-5.43785
-5.43642
-5.44029
-5.44601
-5.45126
-5.45463
-5.45332
-5.44876
-5.44264
-5.43607
-5.42741
-5.41853
-5.40881
-5.39956
-5.39027
-5.38439
-5.38163
-5.38055
-5.37982
-5.3787
-5.378
-5.37891
-5.3821
-5.38665
-5.39053
-5.39162
-5.38692
-5.37902
-5.36401
-5.34531
-5.32156
-5.2973
-5.27886
-5.26818
-5.26866
-5.27899
-5.29834
-5.32357
-5.35537
-5.39216
-5.43069
-5.46557
-5.49594
-5.51684
-5.52755
-5.52646
-5.51859
-5.50694
-5.49315
-5.48156
-5.47291
-5.46766
-5.46452
-5.46277
-5.46304
-5.46553
-5.47043
-5.48091
-5.49775
-5.51849
-5.54171
-5.56339
-5.58217
-5.59542
-5.59935
-5.59418
-5.57925
-5.55678
-5.5294
-5.50264
-5.47987
-5.46241
-5.45038
-5.44396
-5.44131
-5.44115
-5.44152
-5.44358
-5.44748
-5.45014
-5.45149
-5.45428
-5.45611
-5.45716
-5.45995
-5.46487
-5.471
-5.47688
-5.48018
-5.48111
-5.47909
-5.47821
-5.47624
-5.4754
-5.47858
-5.48221
-5.48834
-5.49679
-5.50545
-5.51258
-5.517
-5.51818
-5.51615
-5.50961
-5.50305
-5.49523
-5.48869
-5.48445
-5.4818
-5.48039
-5.48045
-5.47957
-5.47929
-5.47836
-5.47738
-5.47803
-5.47855
-5.48237
-5.48739
-5.49746
-5.51044
-5.53033
-5.55101
-5.57214
-5.59396
-5.60997
-5.62029
-5.6278
-5.62717
-5.62103
-5.60797
-5.58961
-5.56602
-5.54162
-5.51826
-5.49955
-5.48523
-5.47626
-5.47309
-5.47463
-5.48051
-5.48951
-5.50385
-5.51998
-5.53811
-5.55835
-5.57818
-5.5919
-5.5999
-5.59884
-5.58858
-5.57024
-5.54657
-5.52242
-5.50194
-5.48864
-5.48683
-5.49415
-5.50434
-5.51655
-5.52425
-5.52677
-5.52331
-5.51717
-5.51181
-5.50817
-5.50792
-5.5136
-5.52395
-5.53804
-5.55524
-5.57187
-5.5865
-5.59649
-5.60127
-5.59983
-5.59224
-5.58095
-5.56247
-5.53992
-5.51061
-5.47724
-5.44032
-5.40244
-5.36737
-5.33866
-5.31838
-5.30866
-5.3093
-5.32125
-5.34156
-5.37155
-5.40943
-5.45011
-5.489
-5.51858
-5.54043
-5.5532
-5.56256
-5.56663
-5.56591
-5.55802
-5.54418
-5.52429
-5.50065
-5.47534
-5.45278
-5.43391
-5.42139
-5.4162
-5.41915
-5.42895
-5.44682
-5.47161
-5.49973
-5.5284
-5.55233
-5.56859
-5.57003
-5.55675
-5.5287
-5.48839
-5.44167
-5.39664
-5.36084
-5.33913
-5.33164
-5.33496
-5.34197
-5.35201
-5.36246
-5.37314
-5.38717
-5.40377
-5.42017
-5.43235
-5.43648
-5.43429
-5.42573
-5.419
-5.41832
-5.42672
-5.44326
-5.46948
-5.49823
-5.52318
-5.53764
-5.54095
-5.53233
-5.51567
-5.49755
-5.47876
-5.4613
-5.44592
-5.43084
-5.41886
-5.41166
-5.41131
-5.42166
-5.43924
-5.4629
-5.48568
-5.50442
-5.51683
-5.52396
-5.52613
-5.5271
-5.52548
-5.52476
-5.52235
-5.51783
-5.50829
-5.49335
-5.47441
-5.45193
-5.43065
-5.41117
-5.39681
-5.38896
-5.38333
-5.38343
-5.38827
-5.39857
-5.41314
-5.4341
-5.45963
-5.48672
-5.51415
-5.53912
-5.56105
-5.57728
-5.58854
-5.59239
-5.58876
-5.57766
-5.56205
-5.54287
-5.52174
-5.50054
-5.48043
-5.46183
-5.44503
-5.43583
-5.43315
-5.4382
-5.44864
-5.46265
-5.47623
-5.48712
-5.49199
-5.48929
-5.4805
-5.46571
-5.44625
-5.42254
-5.39564
-5.37006
-5.35197
-5.34231
-5.34174
-5.34126
-5.34047
-5.33778
-5.33304
-5.32781
-5.32553
-5.32545
-5.33014
-5.33824
-5.34778
-5.35952
-5.37435
-5.39224
-5.41087
-5.4312
-5.45238
-5.47256
-5.49139
-5.50884
-5.52252
-5.53145
-5.53372
-5.52647
-5.51176
-5.49007
-5.46191
-5.4316
-5.40225
-5.37697
-5.3626
-5.35775
-5.36366
-5.37637
-5.393
-5.40974
-5.42636
-5.43837
-5.44869
-5.45681
-5.46305
-5.46877
-5.474
-5.47916
-5.48392
-5.48853
-5.49105
-5.49098
-5.4884
-5.48605
-5.48622
-5.49332
-5.50866
-5.5273
-5.5467
-5.56406
-5.5727
-5.56923
-5.55381
-5.52783
-5.49272
-5.4557
-5.42061
-5.39449
-5.38117
-5.38115
-5.39012
-5.40449
-5.41837
-5.42878
-5.4325
-5.42947
-5.41933
-5.40744
-5.39709
-5.3852
-5.37304
-5.36079
-5.34409
-5.32471
-5.3035
-5.28522
-5.27414
-5.27128
-5.28073
-5.29841
-5.31918
-5.34039
-5.35722
-5.3683
-5.37245
-5.37105
-5.36415
-5.35175
-5.34011
-5.33344
-5.33735
-5.35467
-5.38559
-5.4278
-5.47334
-5.51717
-5.55411
-5.58115
-5.59823
-5.60659
-5.60452
-5.59397
-5.57334
-5.54677
-5.51339
-5.4787
-5.44589
-5.42364
-5.4167
-5.42692
-5.45074
-5.47781
-5.50175
-5.51252
-5.50674
-5.48566
-5.45256
-5.41671
-5.38109
-5.35935
-5.34937
-5.3546
-5.36968
-5.39162
-5.41364
-5.42922
-5.43791
-5.44201
-5.44194
-5.44165
-5.44157
-5.44273
-5.44671
-5.45244
-5.45748
-5.45765
-5.45403
-5.44429
-5.43161
-5.41812
-5.40575
-5.40007
-5.3984
-5.39808
-5.39691
-5.39327
-5.38719
-5.37926
-5.37069
-5.3637
-5.36088
-5.36465
-5.37414
-5.38911
-5.40793
-5.43013
-5.4544
-5.47894
-5.50299
-5.52261
-5.53807
-5.54535
-5.54759
-5.54362
-5.53698
-5.53278
-5.53119
-5.53259
-5.53657
-5.54026
-5.53926
-5.5324
-5.51833
-5.49838
-5.47606
-5.45423
-5.43607
-5.42478
-5.41722
-5.41442
-5.41417
-5.414
-5.41453
-5.41604
-5.41843
-5.4232
-5.42825
-5.43531
-5.4422
-5.44882
-5.45653
-5.46258
-5.46702
-5.47349
-5.48161
-5.49464
-5.51192
-5.53223
-5.5527
-5.57105
-5.5835
-5.58874
-5.58766
-5.58244
-5.56983
-5.55411
-5.53724
-5.52081
-5.50496
-5.49
-5.47862
-5.47272
-5.47309
-5.47992
-5.49085
-5.50141
-5.50918
-5.51059
-5.50546
-5.49525
-5.48338
-5.47331
-5.46697
-5.4663
-5.47191
-5.48309
-5.49691
-5.51394
-5.52807
-5.53706
-5.53935
-5.5314
-5.51683
-5.49856
-5.4774
-5.45872
-5.44196
-5.42857
-5.41872
-5.41411
-5.41462
-5.42094
-5.43273
-5.44617
-5.46428
-5.48164
-5.49502
-5.50426
-5.50551
-5.49794
-5.47981
-5.45577
-5.42717
-5.39899
-5.37825
-5.36758
-5.36836
-5.38049
-5.39987
-5.42342
-5.44594
-5.46532
-5.4792
-5.48645
-5.48647
-5.48133
-5.47043
-5.45556
-5.43903
-5.42276
-5.41126
-5.40479
-5.40426
-5.40792
-5.41753
-5.42939
-5.44104
-5.45124
-5.45686
-5.4591
-5.45773
-5.45315
-5.4448
-5.4356
-5.42666
-5.42119
-5.42213
-5.4293
-5.44242
-5.45827
-5.47356
-5.48317
-5.48477
-5.47882
-5.4618
-5.439
-5.4159
-5.39628
-5.38435
-5.37852
-5.37692
-5.37836
-5.37841
-5.38213
-5.38771
-5.39533
-5.4069
-5.42337
-5.44809
-5.48062
-5.51314
-5.53675
-5.54727
-5.54511
-5.53184
-5.51266
-5.49112
-5.47311
-5.45891
-5.45116
-5.44907
-5.4525
-5.46151
-5.4715
-5.48072
-5.48889
-5.49247
-5.49306
-5.49075
-5.48558
-5.4791
-5.47077
-5.46079
-5.4497
-5.43987
-5.43117
-5.42421
-5.42016
-5.42029
-5.4254
-5.43464
-5.44828
-5.46484
-5.4822
-5.49815
-5.51119
-5.51907
-5.5217
-5.51776
-5.50642
-5.48943
-5.46865
-5.4486
-5.43394
-5.42556
-5.42447
-5.426
-5.42361
-5.41749
-5.4065
-5.39076
-5.37125
-5.35007
-5.32952
-5.31146
-5.29997
-5.29757
-5.30443
-5.3173
-5.33266
-5.34804
-5.35641
-5.35287
-5.33713
-5.31613
-5.3005
-5.3006
-5.31612
-5.33903
-5.36008
-5.37579
-5.38735
-5.39632
-5.40289
-5.40992
-5.41643
-5.42324
-5.42924
-5.4323
-5.4317
-5.4247
-5.41063
-5.39329
-5.37674
-5.36432
-5.35841
-5.3581
-5.36278
-5.36799
-5.375
-5.38133
-5.38703
-5.3906
-5.39255
-5.39545
-5.40131
-5.41039
-5.42289
-5.43905
-5.45974
-5.47836
-5.49813
-5.51696
-5.53716
-5.55872
-5.58071
-5.60138
-5.61592
-5.62399
-5.62391
-5.61571
-5.60051
-5.5828
-5.56249
-5.54237
-5.52257
-5.50161
-5.48124
-5.45845
-5.43126
-5.40145
-5.37038
-5.34186
-5.31558
-5.29501
-5.2814
-5.274
-5.27551
-5.28829
-5.31053
-5.34311
-5.38118
-5.42199
-5.46098
-5.49469
-5.52267
-5.5427
-5.55546
-5.56545
-5.57627
-5.59257
-5.61242
-5.63288
-5.64996
-5.65756
-5.65376
-5.63728
-5.61118
-5.57821
-5.54138
-5.50458
-5.47282
-5.44665
-5.42341
-5.40246
-5.38071
-5.35808
-5.33929
-5.32691
-5.32683
-5.33586
-5.35292
-5.37411
-5.39325
-5.40445
-5.40624
-5.39736
-5.38031
-5.35912
-5.34075
-5.33532
-5.34332
-5.36638
-5.39968
-5.43932
-5.47596
-5.50685
-5.53101
-5.54802
-5.55521
-5.55244
-5.54133
-5.52259
-5.49859
-5.47148
-5.44571
-5.42175
-5.40233
-5.38544
-5.36911
-5.35327
-5.33625
-5.31804
-5.29959
-5.28432
-5.27542
-5.27461
-5.28454
-5.3013
-5.3244
-5.34925
-5.36882
-5.38181
-5.38767
-5.38517
-5.37802
-5.36939
-5.36274
-5.35982
-5.36165
-5.36714
-5.37587
-5.38476
-5.39423
-5.4023
-5.40778
-5.41054
-5.41336
-5.41741
-5.42467
-5.43317
-5.44333
-5.45079
-5.45358
-5.44817
-5.43741
-5.42056
-5.40395
-5.38779
-5.37788
-5.37251
-5.37142
-5.37281
-5.37697
-5.38168
-5.38786
-5.39204
-5.39562
-5.40052
-5.4062
-5.41183
-5.41637
-5.41644
-5.4119
-5.40024
-5.38755
-5.37477
-5.36919
-5.36985
-5.38023
-5.39647
-5.41382
-5.43161
-5.444
-5.45053
-5.45089
-5.44685
-5.44106
-5.43661
-5.43694
-5.44339
-5.45624
-5.47501
-5.49561
-5.51469
-5.52739
-5.53047
-5.52095
-5.50219
-5.47647
-5.44754
-5.41914
-5.39529
-5.37916
-5.37224
-5.37424
-5.38365
-5.39788
-5.41259
-5.4251
-5.43148
-5.42992
-5.42364
-5.41408
-5.40541
-5.40189
-5.403
-5.40837
-5.41559
-5.42499
-5.43186
-5.43686
-5.44054
-5.44404
-5.44786
-5.45258
-5.45658
-5.46318
-5.47195
-5.48366
-5.49544
-5.50936
-5.52213
-5.53236
-5.53717
-5.53484
-5.52279
-5.50242
-5.47636
-5.45134
-5.43341
-5.42407
-5.42558
-5.43404
-5.4443
-5.45456
-5.4639
-5.4706
-5.47899
-5.48746
-5.49556
-5.50174
-5.50675
-5.50666
-5.50321
-5.49658
-5.48679
-5.47559
-5.46116
-5.44376
-5.42354
-5.3992
-5.37204
-5.34408
-5.31686
-5.29262
-5.27257
-5.25906
-5.25571
-5.26414
-5.28628
-5.32166
-5.3672
-5.41708
-5.46599
-5.5076
-5.53419
-5.54276
-5.52973
-5.49738
-5.45163
-5.40267
-5.35983
-5.32828
-5.30452
-5.28404
-5.26469
-5.24815
-5.23705
-5.23155
-5.23452
-5.24554
-5.2621
-5.28588
-5.31174
-5.34006
-5.36986
-5.39898
-5.42716
-5.45074
-5.46713
-5.47603
-5.47824
-5.47301
-5.46262
-5.44901
-5.43582
-5.42411
-5.41634
-5.41344
-5.41594
-5.41943
-5.42318
-5.42421
-5.42265
-5.41863
-5.41433
-5.4111
-5.41108
-5.41608
-5.42866
-5.44703
-5.4723
-5.50013
-5.52813
-5.55191
-5.56937
-5.57753
-5.57417
-5.55821
-5.53254
-5.49849
-5.46172
-5.43107
-5.41047
-5.40539
-5.41245
-5.43165
-5.45807
-5.4847
-5.51097
-5.53233
-5.54713
-5.55412
-5.55229
-5.5423
-5.52326
-5.49799
-5.47203
-5.44791
-5.4291
-5.41926
-5.41588
-5.41716
-5.4219
-5.43136
-5.44006
-5.44801
-5.45175
-5.44983
-5.44423
-5.43842
-5.43417
-5.4326
-5.43382
-5.43956
-5.44649
-5.4557
-5.46496
-5.47469
-5.48434
-5.49358
-5.49964
-5.50173
-5.49705
-5.48583
-5.47112
-5.45588
-5.44455
-5.43876
-5.43963
-5.44524
-5.45388
-5.46097
-5.46408
-5.46208
-5.45718
-5.45062
-5.44266
-5.43615
-5.43345
-5.42937
-5.42777
-5.43048
-5.43644
-5.4475
-5.46117
-5.47547
-5.48943
-5.50003
-5.50953
-5.5174
-5.52376
-5.52867
-5.53087
-5.52986
-5.52388
-5.51459
-5.50486
-5.4969
-5.49074
-5.48895
-5.49069
-5.49263
-5.49277
-5.48686
-5.47612
-5.46877
-5.47324
-5.49116
-5.51579
-5.53414
-5.53778
-5.53034
-5.51815
-5.50934
-5.50876
-5.52019
-5.53806
-5.5573
-5.57499
-5.58571
-5.58783
-5.58169
-5.56698
-5.54222
-5.51301
-5.48087
-5.44924
-5.42252
-5.40078
-5.38747
-5.38294
-5.38575
-5.39528
-5.41041
-5.42731
-5.44774
-5.46923
-5.49084
-5.51231
-5.53117
-5.5489
-5.56134
-5.57138
-5.57686
-5.57762
-5.57222
-5.56505
-5.5554
-5.54508
-5.53505
-5.52812
-5.52365
-5.51783
-5.51084
-5.50022
-5.48775
-5.47031
-5.45175
-5.43058
-5.40819
-5.38411
-5.3617
-5.34222
-5.33179
-5.33087
-5.33982
-5.35835
-5.38161
-5.40741
-5.43207
-5.45542
-5.47589
-5.49456
-5.51038
-5.52541
-5.53659
-5.54426
-5.54891
-5.54929
-5.54582
-5.53696
-5.5242
-5.51184
-5.49907
-5.48744
-5.47699
-5.4677
-5.46039
-5.4554
-5.44937
-5.44665
-5.44388
-5.44088
-5.44018
-5.4411
-5.44277
-5.44633
-5.45103
-5.45626
-5.46097
-5.4631
-5.45976
-5.45242
-5.44292
-5.43287
-5.42027
-5.40771
-5.39581
-5.38442
-5.37475
-5.3654
-5.35894
-5.35598
-5.3585
-5.36539
-5.37822
-5.39582
-5.41867
-5.44335
-5.4689
-5.49158
-5.50908
-5.51899
-5.52253
-5.52025
-5.51326
-5.50362
-5.49318
-5.48335
-5.47541
-5.47014
-5.47195
-5.47896
-5.48991
-5.50331
-5.51307
-5.5187
-5.52034
-5.51944
-5.51748
-5.51065
-5.50079
-5.48557
-5.46944
-5.45606
-5.44984
-5.45218
-5.46456
-5.48135
-5.49955
-5.5132
-5.52034
-5.52106
-5.51696
-5.51459
-5.51424
-5.51772
-5.52751
-5.53894
-5.55112
-5.55837
-5.56227
-5.55908
-5.54891
-5.53294
-5.51109
-5.48509
-5.45588
-5.4251
-5.39969
-5.38144
-5.37556
-5.38319
-5.40048
-5.42722
-5.45753
-5.49027
-5.52176
-5.54969
-5.5683
-5.57627
-5.57468
-5.56331
-5.54971
-5.53552
-5.52606
-5.52328
-5.52529
-5.53189
-5.53762
-5.54051
-5.54068
-5.53574
-5.5278
-5.51777
-5.50563
-5.49086
-5.47265
-5.45383
-5.43555
-5.4204
-5.411
-5.40865
-5.41227
-5.41862
-5.42712
-5.43381
-5.43895
-5.4431
-5.44541
-5.44681
-5.44794
-5.44813
-5.44688
-5.44255
-5.43973
-5.43682
-5.43424
-5.43043
-5.42418
-5.4152
-5.40318
-5.39004
-5.37346
-5.35526
-5.33788
-5.32333
-5.31325
-5.31057
-5.31776
-5.33505
-5.36144
-5.3921
-5.42219
-5.44589
-5.46245
-5.46651
-5.4602
-5.44484
-5.42493
-5.40443
-5.38627
-5.37412
-5.37027
-5.37067
-5.37552
-5.38238
-5.38839
-5.39331
-5.39712
-5.40092
-5.40775
-5.41567
-5.42305
-5.42842
-5.43063
-5.43135
-5.43488
-5.44213
-5.45555
-5.47216
-5.48808
-5.50197
-5.50832
-5.50527
-5.4938
-5.47529
-5.44922
-5.42015
-5.39033
-5.36065
-5.33476
-5.31599
-5.30691
-5.31114
-5.32858
-5.35613
-5.39201
-5.42928
-5.46181
-5.48782
-5.50744
-5.51898
-5.52463
-5.5246
-5.52064
-5.51694
-5.51118
-5.50772
-5.50296
-5.50028
-5.49607
-5.49041
-5.47974
-5.46597
-5.44776
-5.42718
-5.40981
-5.3987
-5.39506
-5.40162
-5.4162
-5.43607
-5.45784
-5.47608
-5.4888
-5.49087
-5.4835
-5.47236
-5.45907
-5.44861
-5.44295
-5.44185
-5.44218
-5.4437
-5.44368
-5.44218
-5.43978
-5.4385
-5.44058
-5.44551
-5.45331
-5.4627
-5.47264
-5.47899
-5.48582
-5.49241
-5.4982
-5.50452
-5.50784
-5.50731
-5.49828
-5.48025
-5.45228
-5.41451
-5.37372
-5.33661
-5.31044
-5.29992
-5.30631
-5.32832
-5.35959
-5.39745
-5.4374
-5.4738
-5.50617
-5.53108
-5.54674
-5.55255
-5.55083
-5.54097
-5.52536
-5.50472
-5.48133
-5.45518
-5.43191
-5.40759
-5.38749
-5.37031
-5.35787
-5.35298
-5.35723
-5.37104
-5.39359
-5.42092
-5.45239
-5.48062
-5.50468
-5.52303
-5.53375
-5.53395
-5.52613
-5.51195
-5.49396
-5.47785
-5.46827
-5.46521
-5.46758
-5.47045
-5.46939
-5.46264
-5.45332
-5.44963
-5.45257
-5.46182
-5.47417
-5.48655
-5.49934
-5.51036
-5.51894
-5.52412
-5.52248
-5.51863
-5.51021
-5.49961
-5.48921
-5.48046
-5.47561
-5.47368
-5.47214
-5.46797
-5.46146
-5.4467
-5.42736
-5.40414
-5.38272
-5.36475
-5.352
-5.34552
-5.342
-5.34083
-5.34331
-5.3462
-5.35147
-5.36081
-5.37213
-5.38548
-5.39913
-5.41056
-5.4171
-5.42012
-5.42074
-5.4207
-5.41677
-5.4088
-5.39991
-5.38745
-5.37552
-5.36854
-5.3696
-5.37859
-5.39259
-5.41162
-5.43091
-5.44827
-5.46329
-5.47326
-5.47884
-5.47833
-5.47288
-5.46363
-5.4524
-5.44054
-5.43115
-5.42518
-5.42363
-5.42641
-5.43428
-5.44312
-5.45437
-5.46651
-5.47848
-5.48982
-5.50181
-5.51444
-5.52602
-5.534
-5.53527
-5.52941
-5.51577
-5.49801
-5.47741
-5.45727
-5.43824
-5.42317
-5.41034
-5.40226
-5.39756
-5.39761
-5.40196
-5.41005
-5.42148
-5.43592
-5.45543
-5.4764
-5.49785
-5.51563
-5.52824
-5.53383
-5.52909
-5.51714
-5.49694
-5.47094
-5.44141
-5.41071
-5.38151
-5.35852
-5.34454
-5.34598
-5.36135
-5.3911
-5.43204
-5.47675
-5.51926
-5.55503
-5.58086
-5.59383
-5.59767
-5.59247
-5.58214
-5.56675
-5.55223
-5.53945
-5.53251
-5.53005
-5.53166
-5.53527
-5.53735
-5.53605
-5.53141
-5.52422
-5.51513
-5.50298
-5.48798
-5.47496
-5.46303
-5.45751
-5.46293
-5.47929
-5.49821
-5.51018
-5.50664
-5.48429
-5.44826
-5.40791
-5.37509
-5.35864
-5.3598
-5.3764
-5.39653
-5.41571
-5.42549
-5.42801
-5.42641
-5.42309
-5.42029
-5.41769
-5.41579
-5.41723
-5.41826
-5.41744
-5.41079
-5.39899
-5.38558
-5.37121
-5.35962
-5.35385
-5.35526
-5.36593
-5.38211
-5.40282
-5.42366
-5.44008
-5.45174
-5.45692
-5.4574
-5.45393
-5.44546
-5.4354
-5.42517
-5.41521
-5.40802
-5.40246
-5.39809
-5.39956
-5.40363
-5.41205
-5.42468
-5.43973
-5.45469
-5.46764
-5.47925
-5.48819
-5.49578
-5.50149
-5.50412
-5.50201
-5.49387
-5.47923
-5.45799
-5.43423
-5.41089
-5.39262
-5.38183
-5.38111
-5.38595
-5.39354
-5.40043
-5.40486
-5.40469
-5.40071
-5.39398
-5.38821
-5.38269
-5.37769
-5.37724
-5.37774
-5.38064
-5.38552
-5.39212
-5.39996
-5.40734
-5.41672
-5.4267
-5.43825
-5.45038
-5.46632
-5.479
-5.48841
-5.49165
-5.48721
-5.47533
-5.4588
-5.44156
-5.4245
-5.40914
-5.39452
-5.3791
-5.36012
-5.33665
-5.30897
-5.28148
-5.25711
-5.23843
-5.22914
-5.22873
-5.23535
-5.24763
-5.26203
-5.27653
-5.29255
-5.30796
-5.32482
-5.3456
-5.37013
-5.39756
-5.42354
-5.44704
-5.46441
-5.47497
-5.47715
-5.47311
-5.46317
-5.45091
-5.43994
-5.43367
-5.43054
-5.43122
-5.43822
-5.4475
-5.45808
-5.46962
-5.47712
-5.47781
-5.46966
-5.45196
-5.42615
-5.39647
-5.36519
-5.33835
-5.3203
-5.31431
-5.32071
-5.33409
-5.35568
-5.37852
-5.397
-5.40844
-5.41335
-5.41373
-5.40981
-5.40456
-5.39757
-5.38959
-5.37989
-5.3697
-5.3598
-5.3517
-5.34843
-5.35319
-5.36611
-5.38495
-5.4093
-5.43293
-5.45793
-5.4828
-5.50781
-5.53346
-5.55903
-5.58231
-5.60283
-5.6155
-5.62093
-5.61468
-5.59915
-5.57555
-5.54659
-5.51807
-5.49493
-5.47893
-5.47006
-5.46676
-5.46474
-5.45963
-5.44874
-5.43133
-5.40739
-5.38166
-5.35891
-5.34503
-5.34099
-5.34925
-5.36582
-5.38575
-5.40883
-5.4348
-5.46458
-5.49705
-5.53068
-5.5614
-5.58855
-5.60961
-5.62566
-5.63412
-5.6374
-5.63457
-5.62481
-5.61005
-5.59044
-5.56625
-5.54022
-5.51493
-5.49256
-5.47415
-5.46221
-5.4545
-5.45294
-5.45381
-5.45736
-5.46078
-5.46315
-5.46459
-5.46694
-5.46948
-5.47403
-5.47771
-5.48274
-5.48745
-5.48939
-5.49018
-5.48696
-5.48338
-5.47932
-5.47815
-5.48173
-5.48873
-5.4984
-5.50906
-5.51918
-5.52955
-5.53962
-5.54781
-5.55239
-5.55162
-5.54263
-5.52405
-5.49673
-5.46297
-5.42734
-5.38978
-5.35438
-5.32287
-5.29811
-5.28124
-5.27349
-5.27362
-5.28182
-5.29459
-5.31269
-5.33573
-5.3616
-5.38641
-5.40918
-5.42752
-5.44067
-5.44976
-5.45732
-5.46562
-5.47694
-5.49147
-5.50742
-5.52025
-5.52837
-5.52906
-5.52481
-5.52453
-5.53078
-5.54437
-5.56472
-5.58059
-5.58612
-5.58058
-5.56365
-5.53897
-5.51104
-5.48027
-5.44804
-5.41693
-5.38942
-5.36874
-5.3584
-5.35732
-5.36573
-5.37967
-5.3971
-5.41384
-5.43053
-5.4438
-5.45366
-5.46378
-5.47446
-5.4886
-5.50343
-5.52072
-5.53489
-5.54687
-5.55576
-5.56053
-5.56096
-5.55328
-5.53738
-5.5117
-5.47823
-5.44045
-5.39971
-5.36143
-5.32831
-5.30564
-5.29845
-5.30845
-5.33358
-5.36663
-5.39884
-5.42078
-5.43037
-5.42658
-5.41268
-5.39331
-5.37543
-5.36155
-5.35631
-5.35847
-5.36397
-5.37051
-5.37508
-5.37801
-5.37936
-5.37795
-5.37477
-5.37108
-5.36743
-5.36199
-5.35309
-5.34009
-5.32555
-5.31242
-5.30274
-5.30175
-5.30673
-5.31499
-5.32477
-5.33596
-5.34465
-5.35063
-5.35351
-5.35221
-5.34961
-5.34897
-5.35512
-5.37092
-5.39557
-5.42555
-5.45501
-5.4828
-5.50397
-5.517
-5.52475
-5.52714
-5.52371
-5.51577
-5.50559
-5.49192
-5.47475
-5.45821
-5.43992
-5.42171
-5.40273
-5.38416
-5.36571
-5.34752
-5.33237
-5.32181
-5.31768
-5.32153
-5.33145
-5.34573
-5.36182
-5.37837
-5.39232
-5.40501
-5.41517
-5.42115
-5.41995
-5.41358
-5.40211
-5.38576
-5.36614
-5.34932
-5.33884
-5.3353
-5.3388
-5.34572
-5.35472
-5.36561
-5.38008
-5.39723
-5.4186
-5.44237
-5.46586
-5.48491
-5.49701
-5.49988
-5.49306
-5.47991
-5.46113
-5.4412
-5.42314
-5.4071
-5.39419
-5.38372
-5.3764
-5.37217
-5.37103
-5.37337
-5.38036
-5.39134
-5.40525
-5.42168
-5.43839
-5.45382
-5.46795
-5.47814
-5.48472
-5.4847
-5.4806
-5.46902
-5.45517
-5.44227
-5.43275
-5.42792
-5.42817
-5.43466
-5.4433
-5.45321
-5.46113
-5.46569
-5.46692
-5.46668
-5.46669
-5.4682
-5.47335
-5.48275
-5.49759
-5.51431
-5.53126
-5.54841
-5.56285
-5.5747
-5.5846
-5.59036
-5.59301
-5.59043
-5.58592
-5.57756
-5.56714
-5.55581
-5.53925
-5.5203
-5.49816
-5.47499
-5.45347
-5.43705
-5.42417
-5.4145
-5.40952
-5.41019
-5.4149
-5.42018
-5.4256
-5.42745
-5.42286
-5.41173
-5.39636
-5.37977
-5.36516
-5.35886
-5.3631
-5.37794
-5.4006
-5.42761
-5.45581
-5.47919
-5.49679
-5.50776
-5.51442
-5.51515
-5.5101
-5.49784
-5.47543
-5.44624
-5.41314
-5.38361
-5.36228
-5.35187
-5.34922
-5.34918
-5.35058
-5.35252
-5.35165
-5.34891
-5.34424
-5.34164
-5.34135
-5.3452
-5.35436
-5.37289
-5.39732
-5.42509
-5.45442
-5.48142
-5.50368
-5.51602
-5.51916
-5.51135
-5.49733
-5.47789
-5.45745
-5.43816
-5.41872
-5.40215
-5.38909
-5.38205
-5.38211
-5.38835
-5.40119
-5.4152
-5.42792
-5.437
-5.44242
-5.4441
-5.44565
-5.44605
-5.44678
-5.448
-5.45043
-5.45217
-5.45435
-5.45661
-5.45836
-5.45985
-5.46128
-5.46363
-5.4628
-5.45712
-5.44977
-5.44091
-5.43165
-5.42417
-5.41794
-5.41633
-5.41857
-5.42407
-5.43429
-5.45158
-5.47623
-5.50493
-5.5341
-5.55968
-5.57564
-5.58263
-5.5805
-5.57276
-5.56359
-5.55429
-5.54314
-5.52903
-5.50863
-5.48136
-5.44808
-5.41371
-5.38057
-5.35291
-5.33384
-5.32279
-5.31736
-5.31896
-5.3277
-5.34265
-5.3617
-5.38717
-5.41475
-5.44196
-5.46832
-5.49041
-5.50824
-5.52078
-5.53087
-5.53571
-5.53607
-5.5326
-5.52429
-5.51227
-5.4982
-5.48305
-5.46843
-5.45584
-5.44729
-5.43991
-5.43665
-5.43524
-5.43519
-5.43482
-5.43416
-5.43436
-5.43692
-5.4456
-5.4606
-5.4811
-5.50764
-5.5367
-5.56535
-5.58602
-5.59627
-5.59298
-5.57605
-5.54811
-5.51308
-5.47628
-5.44636
-5.42537
-5.41671
-5.41882
-5.43431
-5.45672
-5.48583
-5.51719
-5.5473
-5.57217
-5.58779
-5.59069
-5.58541
-5.56849
-5.54345
-5.51546
-5.48728
-5.46211
-5.4418
-5.43022
-5.42713
-5.43051
-5.43908
-5.45089
-5.46344
-5.4754
-5.48644
-5.49677
-5.50624
-5.51268
-5.51684
-5.51832
-5.51439
-5.50639
-5.49723
-5.48538
-5.47156
-5.45582
-5.44105
-5.42959
-5.42403
-5.4274
-5.44056
-5.45809
-5.4794
-5.49787
-5.5147
-5.52888
-5.54167
-5.55343
-5.56495
-5.57632
-5.58911
-5.59909
-5.60705
-5.60944
-5.605
-5.59521
-5.58135
-5.56362
-5.54341
-5.52319
-5.50514
-5.48973
-5.47904
-5.47408
-5.47613
-5.48254
-5.49304
-5.50484
-5.51654
-5.52412
-5.52799
-5.52807
-5.5245
-5.52001
-5.51352
-5.50651
-5.49851
-5.48598
-5.46903
-5.44923
-5.42707
-5.4053
-5.38989
-5.38022
-5.37941
-5.38599
-5.39808
-5.41324
-5.42809
-5.43709
-5.43908
-5.43378
-5.4235
-5.40876
-5.39388
-5.3814
-5.37334
-5.37214
-5.38176
-5.40572
-5.44135
-5.48613
-5.53451
-5.57911
-5.61714
-5.64485
-5.66061
-5.66301
-5.65376
-5.6329
-5.60731
-5.57799
-5.55065
-5.52657
-5.50747
-5.49071
-5.47439
-5.46054
-5.44765
-5.43852
-5.43342
-5.43368
-5.43391
-5.43486
-5.43598
-5.43808
-5.44175
-5.4446
-5.45021
-5.45738
-5.46657
-5.47839
-5.49385
-5.511
-5.52679
-5.53847
-5.54477
-5.54251
-5.5313
-5.51311
-5.48836
-5.45635
-5.41968
-5.38055
-5.34096
-5.30472
-5.27676
-5.26096
-5.25867
-5.27259
-5.29673
-5.327
-5.35721
-5.38426
-5.4074
-5.42628
-5.44147
-5.45258
-5.46013
-5.46263
-5.46051
-5.45262
-5.44026
-5.42149
-5.39689
-5.36956
-5.3401
-5.31017
-5.2845
-5.26477
-5.25788
-5.26435
-5.28565
-5.32115
-5.36712
-5.41705
-5.46549
-5.50795
-5.53953
-5.56128
-5.57104
-5.57123
-5.56405
-5.5496
-5.53045
-5.51196
-5.49507
-5.48448
-5.47817
-5.47609
-5.47344
-5.47067
-5.46471
-5.45928
-5.45362
-5.44986
-5.44868
-5.44846
-5.44646
-5.4442
-5.44356
-5.44746
-5.4583
-5.47534
-5.49782
-5.5207
-5.53826
-5.54587
-5.53964
-5.5258
-5.5072
-5.49189
-5.48123
-5.4758
-5.4733
-5.47043
-5.46336
-5.45
-5.43085
-5.40955
-5.39215
-5.37995
-5.37612
-5.37808
-5.38132
-5.3862
-5.38966
-5.39242
-5.39561
-5.40249
-5.41369
-5.42855
-5.44663
-5.46401
-5.47799
-5.48634
-5.48936
-5.48544
-5.48174
-5.48064
-5.48537
-5.4931
-5.49698
-5.49653
-5.49349
-5.48975
-5.48782
-5.49195
-5.50023
-5.51232
-5.52437
-5.53258
-5.53759
-5.53637
-5.5281
-5.51536
-5.49735
-5.47815
-5.45997
-5.44683
-5.43983
-5.44294
-5.45545
-5.47771
-5.50476
-5.53168
-5.5565
-5.57436
-5.58243
-5.57955
-5.56607
-5.54568
-5.51991
-5.49278
-5.46773
-5.44706
-5.43199
-5.41955
-5.41127
-5.40655
-5.40619
-5.40778
-5.41399
-5.42276
-5.43315
-5.44328
-5.44863
-5.449
-5.44228
-5.42935
-5.41522
-5.40114
-5.39143
-5.38748
-5.39154
-5.39841
-5.40477
-5.40587
-5.39762
-5.37806
-5.34981
-5.31582
-5.28368
-5.25765
-5.24178
-5.23574
-5.23933
-5.24856
-5.2602
-5.27394
-5.29138
-5.31124
-5.33349
-5.35539
-5.37147
-5.38158
-5.38584
-5.38579
-5.38129
-5.37478
-5.36619
-5.35676
-5.35117
-5.35313
-5.3608
-5.37632
-5.39513
-5.41466
-5.43446
-5.45299
-5.46809
-5.48263
-5.49316
-5.50038
-5.50523
-5.51064
-5.51604
-5.52075
-5.52604
-5.53048
-5.53371
-5.53378
-5.5286
-5.51824
-5.5003
-5.47463
-5.44352
-5.40906
-5.37461
-5.34464
-5.32443
-5.31552
-5.31547
-5.32112
-5.32609
-5.32928
-5.32948
-5.32859
-5.32857
-5.33279
-5.34205
-5.3574
-5.37647
-5.3983
-5.41937
-5.43659
-5.45053
-5.46076
-5.46783
-5.47065
-5.47327
-5.4727
-5.46925
-5.46348
-5.45647
-5.4472
-5.43748
-5.42574
-5.41119
-5.39179
-5.37107
-5.35384
-5.34643
-5.35298
-5.37139
-5.39293
-5.41407
-5.4294
-5.43866
-5.44049
-5.43679
-5.42951
-5.42155
-5.4162
-5.41378
-5.41246
-5.40766
-5.39899
-5.38739
-5.37646
-5.37326
-5.38245
-5.40234
-5.42874
-5.45428
-5.47401
-5.48618
-5.49199
-5.49095
-5.48941
-5.48856
-5.4905
-5.49612
-5.50379
-5.51281
-5.52214
-5.52999
-5.5352
-5.53815
-5.53996
-5.54133
-5.54107
-5.5418
-5.54149
-5.54095
-5.53813
-5.52882
-5.51277
-5.49506
-5.47853
-5.46596
-5.45692
-5.44393
-5.42547
-5.40633
-5.38963
-5.38009
-5.38028
-5.38656
-5.39563
-5.40442
-5.41034
-5.41362
-5.41518
-5.41544
-5.41626
-5.41745
-5.41733
-5.4172
-5.41637
-5.41557
-5.41547
-5.41611
-5.42047
-5.42804
-5.4385
-5.45263
-5.4696
-5.48629
-5.5008
-5.51274
-5.52472
-5.53128
-5.53647
-5.54079
-5.54495
-5.5488
-5.55408
-5.55667
-5.55729
-5.55629
-5.55293
-5.54862
-5.54371
-5.5389
-5.53445
-5.53051
-5.52821
-5.52497
-5.52142
-5.51747
-5.51738
-5.51727
-5.51475
-5.51016
-5.49855
-5.48154
-5.46037
-5.4388
-5.42293
-5.41399
-5.41256
-5.41469
-5.41799
-5.41617
-5.40922
-5.39715
-5.38016
-5.35917
-5.33654
-5.31399
-5.2933
-5.2773
-5.26796
-5.26918
-5.28216
-5.30772
-5.34585
-5.39108
-5.43989
-5.48548
-5.52136
-5.54412
-5.55007
-5.53963
-5.52111
-5.49738
-5.47538
-5.45849
-5.45203
-5.4509
-5.45313
-5.45523
-5.45187
-5.44227
-5.42644
-5.40652
-5.38258
-5.36336
-5.34893
-5.34436
-5.35048
-5.36406
-5.38208
-5.40399
-5.42572
-5.44461
-5.45622
-5.4618
-5.45852
-5.44878
-5.43264
-5.41372
-5.39464
-5.38013
-5.37402
-5.37601
-5.38635
-5.40408
-5.42777
-5.45329
-5.47668
-5.49352
-5.50512
-5.50835
-5.50518
-5.49781
-5.48951
-5.48112
-5.47321
-5.46434
-5.45752
-5.45349
-5.45227
-5.45687
-5.46682
-5.48043
-5.49443
-5.50541
-5.51145
-5.51216
-5.50478
-5.49187
-5.47428
-5.45552
-5.43847
-5.42279
-5.40875
-5.39708
-5.38832
-5.384
-5.38207
-5.38795
-5.39997
-5.41573
-5.43365
-5.45145
-5.46606
-5.47321
-5.47249
-5.46408
-5.44884
-5.43061
-5.41512
-5.4089
-5.41225
-5.42594
-5.44499
-5.46899
-5.4929
-5.51692
-5.53896
-5.55555
-5.56568
-5.56675
-5.56147
-5.54832
-5.52822
-5.50112
-5.47088
-5.44192
-5.4197
-5.40981
-5.41278
-5.42006
-5.42421
-5.42354
-5.41629
-5.40272
-5.38795
-5.37322
-5.36329
-5.36327
-5.37113
-5.38275
-5.39611
-5.40781
-5.41951
-5.43232
-5.44626
-5.45906
-5.47108
-5.47974
-5.48586
-5.48726
-5.48725
-5.48612
-5.48591
-5.48593
-5.49113
-5.50072
-5.51457
-5.52817
-5.53812
-5.53971
-5.5314
-5.51507
-5.49184
-5.46573
-5.44049
-5.42248
-5.41426
-5.41905
-5.43401
-5.45721
-5.48261
-5.5058
-5.52081
-5.5265
-5.52192
-5.50771
-5.48661
-5.46354
-5.4423
-5.42789
-5.42543
-5.43196
-5.44387
-5.45596
-5.46239
-5.46432
-5.46211
-5.45993
-5.4573
-5.45695
-5.45903
-5.46122
-5.46095
-5.46056
-5.45841
-5.45762
-5.45753
-5.45735
-5.45713
-5.45592
-5.45524
-5.4567
-5.46131
-5.46903
-5.47904
-5.49055
-5.50033
-5.5075
-5.51159
-5.51175
-5.50605
-5.49594
-5.48238
-5.46756
-5.45434
-5.44697
-5.44552
-5.44861
-5.45513
-5.45938
-5.4591
-5.4522
-5.44263
-5.42963
-5.41701
-5.40441
-5.39566
-5.39323
-5.39899
-5.41249
-5.4306
-5.44829
-5.46022
-5.46127
-5.45131
-5.43285
-5.41243
-5.39366
-5.38011
-5.37304
-5.36976
-5.36786
-5.36908
-5.37314
-5.38169
-5.39293
-5.40773
-5.42297
-5.43665
-5.44699
-5.45474
-5.46105
-5.46957
-5.48025
-5.49388
-5.50901
-5.52402
-5.53631
-5.5445
-5.54577
-5.53944
-5.52643
-5.50831
-5.48757
-5.46765
-5.45329
-5.4464
-5.44607
-5.45426
-5.46839
-5.48722
-5.50755
-5.52564
-5.53716
-5.53971
-5.53162
-5.51314
-5.48645
-5.45499
-5.42454
-5.40168
-5.39005
-5.38807
-5.39341
-5.40175
-5.40793
-5.41249
-5.41667
-5.42304
-5.43445
-5.44901
-5.46802
-5.48485
-5.49739
-5.50409
-5.50549
-5.50385
-5.49799
-5.49197
-5.48554
-5.47909
-5.46979
-5.45643
-5.43958
-5.42136
-5.40864
-5.40504
-5.41291
-5.43173
-5.45784
-5.4871
-5.51533
-5.54363
-5.56776
-5.58829
-5.60258
-5.6089
-5.60528
-5.59651
-5.58151
-5.56389
-5.54587
-5.5291
-5.51137
-5.49577
-5.48143
-5.46824
-5.45664
-5.44535
-5.43571
-5.42618
-5.41933
-5.41516
-5.41532
-5.41952
-5.4312
-5.44899
-5.47142
-5.49809
-5.52722
-5.5571
-5.58317
-5.60544
-5.61946
-5.62433
-5.61964
-5.60681
-5.58669
-5.56669
-5.54801
-5.53433
-5.5259
-5.52201
-5.52315
-5.5261
-5.53108
-5.53551
-5.53992
-5.54261
-5.54355
-5.54397
-5.54281
-5.54159
-5.54141
-5.53892
-5.53693
-5.53225
-5.52619
-5.51896
-5.51318
-5.50595
-5.49665
-5.4875
-5.47649
-5.46526
-5.45333
-5.4416
-5.42995
-5.41742
-5.40527
-5.39232
-5.3786
-5.36299
-5.3478
-5.33795
-5.33817
-5.35435
-5.38258
-5.41972
-5.45729
-5.49198
-5.52044
-5.54144
-5.55624
-5.56398
-5.56108
-5.54886
-5.52717
-5.49819
-5.46204
-5.4284
-5.40314
-5.39433
-5.40253
-5.42647
-5.45997
-5.49336
-5.52475
-5.54976
-5.56879
-5.58111
-5.58646
-5.58408
-5.57697
-5.56929
-5.56418
-5.56206
-5.56387
-5.56727
-5.56857
-5.56747
-5.56224
-5.5521
-5.53799
-5.51962
-5.5007
-5.48327
-5.47037
-5.4639
-5.46209
-5.46401
-5.46301
-5.45591
-5.44021
-5.41866
-5.39521
-5.37775
-5.37334
-5.38062
-5.39567
-5.41425
-5.43044
-5.44222
-5.45232
-5.46212
-5.47613
-5.49216
-5.50861
-5.52242
-5.5321
-5.53582
-5.53163
-5.52303
-5.50844
-5.49101
-5.47204
-5.45251
-5.43338
-5.4145
-5.39302
-5.3689
-5.34132
-5.31292
-5.29526
-5.28988
-5.30494
-5.33726
-5.38051
-5.42491
-5.46281
-5.49068
-5.50519
-5.50392
-5.48731
-5.45736
-5.417
-5.371
-5.32222
-5.27679
-5.23804
-5.21347
-5.20414
-5.21261
-5.23707
-5.27279
-5.31524
-5.36034
-5.4054
-5.44942
-5.48987
-5.52462
-5.55317
-5.57312
-5.58277
-5.5836
-5.57698
-5.56494
-5.54899
-5.53258
-5.52083
-5.51423
-5.51589
-5.5216
-5.52882
-5.53678
-5.54519
-5.55567
-5.5669
-5.57958
-5.59103
-5.5985
-5.60031
-5.59389
-5.57973
-5.55994
-5.53651
-5.51505
-5.49402
-5.47666
-5.46236
-5.45483
-5.45317
-5.4548
-5.45642
-5.45555
-5.45034
-5.44287
-5.43146
-5.42035
-5.40971
-5.4013
-5.39933
-5.40557
-5.4213
-5.44331
-5.46702
-5.48649
-5.49962
-5.50392
-5.50086
-5.49068
-5.4772
-5.46162
-5.44623
-5.43659
-5.43496
-5.4426
-5.45737
-5.47674
-5.49796
-5.51812
-5.53571
-5.55022
-5.56112
-5.57004
-5.57686
-5.57835
-5.57273
-5.55733
-5.53445
-5.50272
-5.46497
-5.42462
-5.3835
-5.34893
-5.32372
-5.31102
-5.31397
-5.3303
-5.35589
-5.38786
-5.41753
-5.4424
-5.4598
-5.46897
-5.47253
-5.4697
-5.46355
-5.45757
-5.45096
-5.44211
-5.43101
-5.41957
-5.40612
-5.39038
-5.37699
-5.36489
-5.35918
-5.35697
-5.36003
-5.36669
-5.37511
-5.38537
-5.39281
-5.40182
-5.40997
-5.41871
-5.42817
-5.43709
-5.44662
-5.45885
-5.47213
-5.48476
-5.49428
-5.49819
-5.49516
-5.48545
-5.47501
-5.46563
-5.4626
-5.4646
-5.47069
-5.47785
-5.48601
-5.49448
-5.50288
-5.50951
-5.51634
-5.5204
-5.52039
-5.51443
-5.50627
-5.49473
-5.48196
-5.47104
-5.46327
-5.45749
-5.45482
-5.45394
-5.45441
-5.45491
-5.45681
-5.4553
-5.4542
-5.45203
-5.4476
-5.4426
-5.43734
-5.43393
-5.43319
-5.43603
-5.4409
-5.44699
-5.45337
-5.45876
-5.46485
-5.4706
-5.47668
-5.48267
-5.48595
-5.48606
-5.48299
-5.47593
-5.46967
-5.46315
-5.45771
-5.44961
-5.44058
-5.42848
-5.41639
-5.40684
-5.40421
-5.41052
-5.42217
-5.43896
-5.45475
-5.46528
-5.47007
-5.46781
-5.46103
-5.45541
-5.45209
-5.45271
-5.45651
-5.4625
-5.46641
-5.46634
-5.45841
-5.4414
-5.41473
-5.38364
-5.35607
-5.33966
-5.33821
-5.35152
-5.3746
-5.40374
-5.43463
-5.46431
-5.49283
-5.51629
-5.53517
-5.54566
-5.54746
-5.53945
-5.52302
-5.49858
-5.47012
-5.44092
-5.41452
-5.39543
-5.38615
-5.38525
-5.39138
-5.40301
-5.41336
-5.42076
-5.42515
-5.42607
-5.42474
-5.42248
-5.42038
-5.41766
-5.41774
-5.41692
-5.41643
-5.41768
-5.41965
-5.42182
-5.42276
-5.42347
-5.42406
-5.42529
-5.42743
-5.43002
-5.42965
-5.42609
-5.41863
-5.40721
-5.3934
-5.38023
-5.37244
-5.37257
-5.3811
-5.39649
-5.41723
-5.43926
-5.46206
-5.4828
-5.49686
-5.50002
-5.49135
-5.47118
-5.44206
-5.41086
-5.38185
-5.36164
-5.35283
-5.35474
-5.36903
-5.39226
-5.41782
-5.44341
-5.46667
-5.48234
-5.4901
-5.48916
-5.47936
-5.46424
-5.44716
-5.43636
-5.43432
-5.44179
-5.45613
-5.47338
-5.49086
-5.50398
-5.51463
-5.52105
-5.52045
-5.51396
-5.50297
-5.49141
-5.48075
-5.47301
-5.46988
-5.46762
-5.4665
-5.46447
-5.46073
-5.45141
-5.43564
-5.41659
-5.39856
-5.38766
-5.38143
-5.37718
-5.37056
-5.36176
-5.35179
-5.34365
-5.34067
-5.34111
-5.34745
-5.35425
-5.35823
-5.35852
-5.35305
-5.34364
-5.33271
-5.32276
-5.31836
-5.32034
-5.32951
-5.3453
-5.36141
-5.3755
-5.38234
-5.38231
-5.37809
-5.369
-5.36027
-5.35289
-5.34838
-5.34525
-5.34424
-5.34373
-5.34473
-5.35101
-5.36264
-5.3804
-5.40213
-5.42463
-5.44442
-5.45862
-5.46624
-5.46811
-5.46457
-5.45712
-5.4461
-5.4332
-5.42289
-5.41377
-5.40949
-5.40876
-5.41083
-5.41275
-5.41374
-5.41312
-5.41097
-5.40825
-5.40507
-5.40193
-5.39625
-5.38789
-5.37621
-5.36166
-5.34757
-5.33593
-5.32878
-5.32688
-5.32778
-5.33045
-5.33351
-5.33622
-5.34019
-5.34488
-5.35238
-5.36363
-5.37737
-5.39166
-5.40664
-5.42346
-5.43822
-5.45414
-5.46698
-5.47617
-5.48185
-5.48376
-5.48385
-5.48235
-5.48137
-5.47966
-5.47803
-5.47855
-5.48373
-5.49576
-5.51079
-5.52936
-5.54645
-5.55937
-5.56273
-5.55802
-5.54757
-5.53349
-5.51862
-5.5033
-5.48558
-5.4644
-5.43977
-5.4123
-5.38309
-5.35713
-5.3411
-5.33777
-5.34746
-5.3706
-5.40075
-5.43468
-5.46757
-5.49444
-5.5142
-5.52683
-5.53202
-5.53176
-5.52614
-5.51722
-5.50775
-5.49769
-5.48705
-5.47539
-5.46062
-5.44389
-5.42471
-5.40749
-5.39299
-5.38272
-5.37689
-5.37477
-5.37625
-5.38119
-5.38749
-5.39408
-5.40048
-5.40752
-5.41511
-5.42474
-5.43454
-5.44688
-5.46077
-5.47065
-5.47625
-5.47406
-5.46789
-5.45719
-5.4467
-5.43668
-5.42722
-5.41837
-5.40834
-5.39549
-5.38187
-5.36374
-5.34338
-5.32561
-5.31568
-5.31703
-5.33053
-5.35517
-5.38236
-5.40721
-5.42573
-5.43547
-5.43654
-5.42944
-5.41508
-5.39582
-5.37718
-5.36037
-5.35556
-5.36389
-5.38627
-5.41274
-5.43454
-5.44692
-5.45088
-5.44542
-5.43816
-5.43247
-5.4278
-5.42599
-5.42427
-5.41833
-5.40767
-5.39188
-5.37305
-5.35434
-5.34165
-5.33728
-5.34823
-5.37412
-5.41057
-5.44743
-5.47927
-5.50038
-5.50974
-5.50883
-5.49781
-5.48084
-5.45931
-5.43572
-5.41131
-5.3912
-5.37574
-5.36759
-5.36511
-5.36427
-5.36652
-5.36761
-5.36693
-5.3649
-5.36335
-5.36696
-5.37695
-5.39702
-5.42444
-5.45707
-5.48862
-5.51533
-5.53381
-5.54023
-5.53523
-5.52072
-5.49809
-5.47314
-5.44995
-5.43551
-5.42964
-5.4333
-5.44606
-5.46476
-5.48694
-5.50629
-5.52241
-5.53523
-5.5471
-5.55508
-5.55848
-5.55776
-5.55286
-5.54492
-5.53816
-5.53431
-5.53415
-5.53397
-5.5336
-5.53178
-5.52773
-5.5242
-5.52087
-5.52175
-5.52751
-5.53654
-5.55002
-5.56086
-5.56847
-5.57009
-5.56545
-5.55492
-5.53804
-5.51617
-5.48961
-5.46233
-5.43613
-5.41401
-5.39689
-5.38771
-5.38584
-5.39088
-5.39972
-5.41333
-5.42603
-5.43897
-5.44942
-5.45797
-5.46539
-5.4711
-5.47591
-5.47966
-5.48248
-5.48252
-5.47959
-5.47281
-5.46533
-5.45469
-5.44403
-5.43464
-5.42857
-5.42688
-5.4312
-5.44052
-5.45388
-5.46829
-5.47989
-5.48926
-5.4934
-5.49221
-5.48578
-5.47582
-5.46485
-5.45578
-5.45002
-5.44913
-5.45327
-5.45848
-5.46344
-5.46797
-5.47059
-5.4695
-5.46582
-5.4577
-5.44955
-5.44303
-5.44053
-5.44556
-5.4568
-5.47187
-5.48767
-5.50105
-5.51003
-5.51218
-5.50716
-5.49764
-5.4872
-5.47479
-5.46453
-5.45609
-5.45024
-5.447
-5.4465
-5.44851
-5.45419
-5.4622
-5.46903
-5.47503
-5.48055
-5.48275
-5.48636
-5.48784
-5.48976
-5.49184
-5.49251
-5.49161
-5.48754
-5.48117
-5.47407
-5.46846
-5.46462
-5.46496
-5.46712
-5.47206
-5.47775
-5.47965
-5.47821
-5.47374
-5.46601
-5.45822
-5.45127
-5.44827
-5.44753
-5.45032
-5.45394
-5.4564
-5.45866
-5.45864
-5.4579
-5.45955
-5.46092
-5.46558
-5.47148
-5.47946
-5.48872
-5.4975
-5.50247
-5.50509
-5.50164
-5.4935
-5.48098
-5.46791
-5.45488
-5.44256
-5.43388
-5.42942
-5.42659
-5.42662
-5.43074
-5.43847
-5.44716
-5.45745
-5.46744
-5.47723
-5.48589
-5.49465
-5.50454
-5.5139
-5.52083
-5.52153
-5.51447
-5.50136
-5.48429
-5.46634
-5.4498
-5.43484
-5.4226
-5.41301
-5.40491
-5.39895
-5.39122
-5.38366
-5.37412
-5.3664
-5.35912
-5.35342
-5.35112
-5.35191
-5.35599
-5.36089
-5.36651
-5.37147
-5.37563
-5.37912
-5.3824
-5.38245
-5.38105
-5.38011
-5.37926
-5.37754
-5.37634
-5.37371
-5.36971
-5.36513
-5.35837
-5.35232
-5.34681
-5.34283
-5.34337
-5.3465
-5.35202
-5.35803
-5.36545
-5.36886
-5.36594
-5.35956
-5.35131
-5.34197
-5.3339
-5.32805
-5.32644
-5.33229
-5.34624
-5.36807
-5.39345
-5.42113
-5.44699
-5.46981
-5.49018
-5.50488
-5.51702
-5.52769
-5.53903
-5.55269
-5.56816
-5.58434
-5.5982
-5.60457
-5.60385
-5.59419
-5.58168
-5.57393
-5.5744
-5.57957
-5.58743
-5.59197
-5.59409
-5.59414
-5.59344
-5.59167
-5.58756
-5.57928
-5.56928
-5.55395
-5.5336
-5.50825
-5.47986
-5.45009
-5.42602
-5.40924
-5.40106
-5.3999
-5.40098
-5.40411
-5.40629
-5.40619
-5.40512
-5.40171
-5.39625
-5.39092
-5.38704
-5.38478
-5.38633
-5.39433
-5.40822
-5.42624
-5.44792
-5.47155
-5.4953
-5.51471
-5.52787
-5.53872
-5.54557
-5.54804
-5.54906
-5.54753
-5.54279
-5.53557
-5.52481
-5.50992
-5.49045
-5.46948
-5.44739
-5.42882
-5.41844
-5.4156
-5.42294
-5.43603
-5.45276
-5.47054
-5.48931
-5.50677
-5.5211
-5.53145
-5.53532
-5.53344
-5.52541
-5.51339
-5.49993
-5.48455
-5.46976
-5.45675
-5.44849
-5.4465
-5.45141
-5.46369
-5.4805
-5.4988
-5.51488
-5.52614
-5.5276
-5.51737
-5.492
-5.45699
-5.41457
-5.37217
-5.33684
-5.31493
-5.30807
-5.31665
-5.33514
-5.35716
-5.37658
-5.39172
-5.4
-5.40279
-5.40298
-5.40056
-5.39732
-5.39269
-5.38884
-5.3838
-5.3766
-5.37162
-5.36651
-5.36319
-5.36239
-5.36466
-5.36625
-5.36742
-5.36621
-5.36486
-5.36328
-5.36409
-5.36701
-5.36962
-5.37388
-5.37701
-5.37943
-5.38038
-5.38188
-5.38682
-5.39585
-5.40897
-5.43033
-5.45891
-5.49127
-5.52587
-5.55722
-5.57963
-5.58897
-5.58567
-5.5707
-5.54763
-5.51916
-5.49163
-5.47052
-5.45895
-5.45604
-5.4591
-5.4634
-5.46784
-5.47276
-5.47822
-5.48442
-5.4912
-5.49815
-5.50444
-5.50739
-5.50736
-5.50235
-5.49312
-5.47771
-5.45694
-5.43353
-5.4096
-5.38847
-5.37183
-5.35985
-5.35531
-5.35913
-5.36956
-5.38397
-5.40169
-5.41901
-5.43541
-5.44994
-5.46241
-5.47226
-5.47646
-5.47472
-5.46654
-5.45344
-5.43703
-5.42006
-5.40454
-5.39084
-5.38124
-5.3705
-5.36167
-5.35109
-5.33843
-5.32627
-5.31293
-5.30366
-5.29997
-5.30152
-5.30622
-5.31323
-5.32054
-5.32549
-5.32822
-5.3278
-5.32501
-5.32283
-5.32149
-5.32148
-5.32521
-5.33341
-5.34697
-5.36696
-5.39089
-5.41609
-5.43799
-5.45245
-5.45813
-5.45253
-5.43674
-5.41663
-5.39647
-5.38064
-5.37262
-5.37367
-5.38309
-5.4022
-5.42896
-5.45991
-5.49041
-5.51824
-5.53768
-5.54933
-5.55532
-5.55785
-5.55773
-5.55756
-5.55728
-5.55618
-5.55398
-5.54807
-5.53993
-5.52535
-5.50599
-5.48434
-5.46448
-5.44949
-5.44344
-5.44476
-5.4522
-5.461
-5.46532
-5.46122
-5.44623
-5.42228
-5.3919
-5.36325
-5.33971
-5.32778
-5.32942
-5.34244
-5.36127
-5.38131
-5.39979
-5.41364
-5.42582
-5.43484
-5.44172
-5.44844
-5.4531
-5.45764
-5.46403
-5.4719
-5.48337
-5.49302
-5.49864
-5.49606
-5.48435
-5.46349
-5.43421
-5.39915
-5.36357
-5.33471
-5.31474
-5.30612
-5.31035
-5.32841
-5.35543
-5.38807
-5.42072
-5.44859
-5.47019
-5.48058
-5.48257
-5.47526
-5.46145
-5.44177
-5.41911
-5.39475
-5.3712
-5.34988
-5.33035
-5.31364
-5.30254
-5.2996
-5.3074
-5.32775
-5.36135
-5.40042
-5.44059
-5.47981
-5.51496
-5.54618
-5.57077
-5.58496
-5.58772
-5.57975
-5.56428
-5.54296
-5.51696
-5.48943
-5.46217
-5.43493
-5.41242
-5.39754
-5.38818
-5.37792
-5.36217
-5.33772
-5.30637
-5.27597
-5.25524
-5.24778
-5.25533
-5.2787
-5.3128
-5.35496
-5.40115
-5.44674
-5.48725
-5.5207
-5.54717
-5.56524
-5.57754
-5.58733
-5.59358
-5.59706
-5.60051
-5.60495
-5.61048
-5.61647
-5.62171
-5.6239
-5.62073
-5.61116
-5.59612
-5.57618
-5.55143
-5.52565
-5.49989
-5.47475
-5.45011
-5.42701
-5.40517
-5.38805
-5.3758
-5.36956
-5.36866
-5.37417
-5.38465
-5.40143
-5.42397
-5.4519
-5.47876
-5.50055
-5.5149
-5.52111
-5.52133
-5.51727
-5.50856
-5.49629
-5.48076
-5.46682
-5.45669
-5.45352
-5.46053
-5.47829
-5.50255
-5.53169
-5.55519
-5.57161
-5.57586
-5.56547
-5.54113
-5.51007
-5.47705
-5.45054
-5.4375
-5.43911
-5.4519
-5.47146
-5.4926
-5.5132
-5.53074
-5.54464
-5.55389
-5.558
-5.55931
-5.5584
-5.55267
-5.54613
-5.53781
-5.52974
-5.52318
-5.51961
-5.51888
-5.51961
-5.51865
-5.51407
-5.50691
-5.49492
-5.48003
-5.46154
-5.44222
-5.4254
-5.41765
-5.42179
-5.43571
-5.4557
-5.47761
-5.4969
-5.51384
-5.52923
-5.53966
-5.54605
-5.54776
-5.54332
-5.53524
-5.52065
-5.50052
-5.47611
-5.45025
-5.42697
-5.41321
-5.41082
-5.42136
-5.44132
-5.46747
-5.49343
-5.51547
-5.53107
-5.53905
-5.54035
-5.53592
-5.5257
-5.5127
-5.49901
-5.48376
-5.47063
-5.45878
-5.44877
-5.44105
-5.43281
-5.42381
-5.41228
-5.39665
-5.37782
-5.35415
-5.33064
-5.31033
-5.29672
-5.29192
-5.29717
-5.30904
-5.32559
-5.34599
-5.37058
-5.39689
-5.42693
-5.45687
-5.48424
-5.50641
-5.51993
-5.52487
-5.52192
-5.51085
-5.49562
-5.48004
-5.46918
-5.46471
-5.47047
-5.48217
-5.49758
-5.51308
-5.52875
-5.5457
-5.56406
-5.58307
-5.60297
-5.6181
-5.62888
-5.62935
-5.61983
-5.59905
-5.57116
-5.53713
-5.50679
-5.48084
-5.46609
-5.46353
-5.4696
-5.48406
-5.50194
-5.51865
-5.53014
-5.53524
-5.5349
-5.52986
-5.52181
-5.51034
-5.49934
-5.48855
-5.48044
-5.47596
-5.47593
-5.47863
-5.48195
-5.48256
-5.47978
-5.47304
-5.46374
-5.45812
-5.45565
-5.45628
-5.45765
-5.4575
-5.45605
-5.45347
-5.45053
-5.4501
-5.45428
-5.46017
-5.46546
-5.46803
-5.4655
-5.45758
-5.4452
-5.43091
-5.41674
-5.40726
-5.40334
-5.40525
-5.4114
-5.41921
-5.42473
-5.4261
-5.42322
-5.41945
-5.41503
-5.41172
-5.41139
-5.41133
-5.41329
-5.41559
-5.4177
-5.42012
-5.42061
-5.42061
-5.42052
-5.41773
-5.41087
-5.39901
-5.38301
-5.3662
-5.3529
-5.34392
-5.34398
-5.34908
-5.35927
-5.3734
-5.38535
-5.39423
-5.39776
-5.39342
-5.38566
-5.37654
-5.37293
-5.378
-5.39257
-5.41488
-5.44259
-5.4727
-5.49916
-5.51959
-5.53187
-5.53347
-5.52715
-5.51182
-5.49044
-5.46417
-5.43739
-5.41564
-5.40133
-5.39677
-5.40242
-5.41814
-5.43726
-5.4577
-5.47417
-5.48725
-5.49556
-5.4988
-5.49917
-5.49839
-5.49883
-5.49988
-5.50451
-5.51132
-5.52002
-5.52819
-5.53561
-5.54068
-5.54231
-5.53867
-5.52974
-5.5195
-5.51059
-5.50551
-5.5051
-5.51165
-5.52316
-5.53787
-5.55266
-5.56292
-5.56794
-5.56451
-5.55034
-5.52901
-5.50395
-5.47843
-5.45711
-5.44581
-5.44415
-5.45456
-5.47115
-5.49364
-5.51532
-5.5287
-5.53569
-5.53149
-5.51949
-5.50422
-5.48987
-5.48076
-5.47807
-5.48365
-5.4921
-5.5022
-5.50922
-5.50813
-5.49788
-5.47736
-5.44891
-5.41523
-5.38357
-5.36203
-5.35087
-5.34608
-5.34715
-5.35061
-5.35811
-5.37073
-5.38556
-5.39898
-5.41147
-5.42048
-5.42674
-5.42786
-5.42357
-5.41619
-5.40425
-5.38957
-5.37654
-5.36786
-5.36599
-5.37311
-5.38998
-5.41564
-5.44455
-5.47622
-5.50553
-5.52906
-5.54463
-5.5521
-5.55328
-5.55023
-5.545
-5.53938
-5.5334
-5.52306
-5.51012
-5.49425
-5.47461
-5.45151
-5.4302
-5.41205
-5.39748
-5.38756
-5.38261
-5.383
-5.38548
-5.3916
-5.39626
-5.40042
-5.40158
-5.40132
-5.40052
-5.3996
-5.39666
-5.39364
-5.38876
-5.38627
-5.38653
-5.38791
-5.39095
-5.3949
-5.39637
-5.3976
-5.39738
-5.3978
-5.40277
-5.41532
-5.43458
-5.46017
-5.48874
-5.5148
-5.53583
-5.55168
-5.561
-5.5659
-5.56544
-5.56075
-5.54954
-5.53166
-5.51122
-5.48865
-5.46834
-5.45291
-5.44425
-5.4426
-5.44837
-5.46076
-5.47601
-5.49072
-5.50191
-5.50616
-5.50214
-5.49206
-5.47907
-5.46495
-5.44984
-5.43604
-5.4211
-5.40462
-5.3893
-5.37246
-5.36018
-5.35247
-5.35006
-5.35288
-5.36137
-5.37329
-5.38612
-5.40363
-5.42411
-5.44502
-5.46409
-5.47638
-5.47912
-5.47392
-5.46031
-5.44233
-5.42021
-5.39832
-5.37699
-5.35655
-5.34051
-5.3307
-5.3282
-5.33249
-5.34094
-5.3504
-5.35709
-5.35982
-5.35781
-5.35024
-5.33987
-5.3306
-5.32544
-5.32998
-5.34894
-5.37877
-5.4185
-5.46251
-5.50323
-5.53687
-5.56184
-5.57772
-5.58554
-5.58876
-5.58878
-5.58457
-5.57655
-5.56568
-5.5514
-5.53592
-5.52137
-5.51118
-5.50477
-5.50303
-5.50585
-5.51138
-5.51931
-5.53066
-5.54437
-5.55701
-5.56764
-5.57472
-5.57439
-5.56791
-5.55396
-5.53418
-5.5108
-5.48576
-5.46412
-5.44573
-5.43201
-5.41887
-5.40858
-5.39816
-5.38991
-5.38178
-5.37431
-5.36889
-5.36717
-5.37295
-5.38704
-5.40833
-5.43184
-5.45634
-5.47804
-5.49836
-5.51712
-5.53355
-5.54543
-5.55149
-5.55085
-5.54185
-5.52675
-5.5054
-5.48058
-5.45252
-5.42311
-5.3944
-5.37165
-5.35876
-5.35707
-5.36753
-5.3861
-5.40853
-5.43189
-5.45132
-5.46421
-5.46977
-5.46721
-5.45938
-5.44586
-5.42972
-5.41152
-5.39286
-5.37649
-5.36231
-5.35089
-5.34142
-5.33276
-5.32697
-5.31992
-5.31126
-5.29954
-5.28372
-5.264
-5.24317
-5.22538
-5.21473
-5.21534
-5.22918
-5.25213
-5.28191
-5.31451
-5.34558
-5.37622
-5.40331
-5.42749
-5.4494
-5.47001
-5.48784
-5.50532
-5.52102
-5.53549
-5.54702
-5.5544
-5.56041
-5.56591
-5.57128
-5.57574
-5.58006
-5.58033
-5.57449
-5.56144
-5.54344
-5.52677
-5.5198
-5.52198
-5.52977
-5.53683
-5.53711
-5.53262
-5.52282
-5.50767
-5.48869
-5.46571
-5.44019
-5.41181
-5.38239
-5.35359
-5.32961
-5.3136
-5.30909
-5.31676
-5.33115
-5.34907
-5.36528
-5.37648
-5.3794
-5.37509
-5.36749
-5.35773
-5.35328
-5.356
-5.36197
-5.36935
-5.37622
-5.38343
-5.39265
-5.40317
-5.41686
-5.43185
-5.44755
-5.45979
-5.46704
-5.46703
-5.46092
-5.44869
-5.43632
-5.42062
-5.40408
-5.389
-5.37327
-5.36052
-5.35107
-5.3481
-5.35054
-5.35707
-5.36689
-5.38115
-5.39775
-5.41598
-5.43502
-5.45319
-5.47046
-5.48404
-5.49393
-5.49958
-5.50075
-5.49799
-5.49122
-5.48386
-5.47992
-5.47921
-5.48202
-5.48164
-5.47581
-5.46446
-5.44841
-5.42959
-5.41134
-5.39536
-5.38383
-5.37802
-5.37843
-5.38324
-5.3947
-5.4097
-5.4244
-5.43591
-5.44444
-5.44766
-5.45149
-5.45705
-5.46738
-5.47742
-5.48311
-5.48468
-5.47988
-5.47177
-5.46274
-5.4569
-5.45403
-5.45249
-5.44896
-5.44451
-5.437
-5.43144
-5.4305
-5.43467
-5.44242
-5.44716
-5.44887
-5.44461
-5.43372
-5.42171
-5.40893
-5.40133
-5.39878
-5.3986
-5.40156
-5.4049
-5.40444
-5.39892
-5.38983
-5.37836
-5.36964
-5.36997
-5.38031
-5.40024
-5.42232
-5.44459
-5.46569
-5.4821
-5.49302
-5.49777
-5.49426
-5.48571
-5.47081
-5.45134
-5.43103
-5.41085
-5.3925
-5.37988
-5.37513
-5.37959
-5.39023
-5.4023
-5.41286
-5.41914
-5.41901
-5.41239
-5.40186
-5.38772
-5.37362
-5.36271
-5.35622
-5.35734
-5.36465
-5.37848
-5.39649
-5.41413
-5.42891
-5.44
-5.44612
-5.44897
-5.44878
-5.44931
-5.4552
-5.4659
-5.48133
-5.50118
-5.52422
-5.54623
-5.5632
-5.57224
-5.5691
-5.55598
-5.53466
-5.51029
-5.48618
-5.46769
-5.45486
-5.44967
-5.44954
-5.45326
-5.4609
-5.46873
-5.47593
-5.48105
-5.48285
-5.4813
-5.47563
-5.46902
-5.46199
-5.45742
-5.45286
-5.44849
-5.44422
-5.43595
-5.42568
-5.41377
-5.40598
-5.39933
-5.39665
-5.39808
-5.4005
-5.4054
-5.41296
-5.42151
-5.42742
-5.42961
-5.42562
-5.41336
-5.39329
-5.36821
-5.34081
-5.31565
-5.29592
-5.28113
-5.27365
-5.2702
-5.27299
-5.28107
-5.29341
-5.31235
-5.3363
-5.36414
-5.39415
-5.42016
-5.44307
-5.45951
-5.47261
-5.48192
-5.48914
-5.49325
-5.49381
-5.48999
-5.47901
-5.46262
-5.43868
-5.40972
-5.3776
-5.34979
-5.32967
-5.32323
-5.32971
-5.34854
-5.37352
-5.39884
-5.41835
-5.42546
-5.42082
-5.40621
-5.38496
-5.36043
-5.33621
-5.31508
-5.30084
-5.29319
-5.29127
-5.29519
-5.3031
-5.31573
-5.33015
-5.34495
-5.35856
-5.37048
-5.38233
-5.39244
-5.39924
-5.40162
-5.39967
-5.39621
-5.39038
-5.38873
-5.39109
-5.39963
-5.41386
-5.42721
-5.43756
-5.44189
-5.43985
-5.43276
-5.42421
-5.41794
-5.41713
-5.42136
-5.43038
-5.44209
-5.45153
-5.45729
-5.45751
-5.45393
-5.44769
-5.44235
-5.43896
-5.4369
-5.43788
-5.43745
-5.436
-5.43068
-5.42045
-5.40851
-5.39548
-5.38518
-5.37836
-5.37613
-5.37902
-5.3847
-5.39413
-5.40632
-5.42102
-5.44056
-5.46065
-5.47681
-5.48766
-5.49088
-5.48663
-5.478
-5.47089
-5.46722
-5.46927
-5.47587
-5.48448
-5.495
-5.50455
-5.51289
-5.52051
-5.5243
-5.52681
-5.52503
-5.52085
-5.51363
-5.50032
-5.48405
-5.46429
-5.44212
-5.42003
-5.39801
-5.37822
-5.35943
-5.34283
-5.328
-5.31668
-5.30913
-5.3058
-5.30752
-5.31333
-5.32165
-5.32873
-5.33007
-5.32336
-5.30785
-5.28492
-5.26215
-5.24451
-5.23789
-5.24511
-5.26557
-5.29617
-5.33188
-5.37203
-5.41405
-5.45452
-5.49454
-5.52805
-5.55357
-5.56793
-5.57295
-5.57124
-5.5641
-5.55351
-5.54006
-5.52687
-5.51208
-5.49503
-5.47979
-5.46726
-5.45763
-5.45148
-5.44626
-5.44171
-5.43613
-5.4296
-5.42188
-5.41457
-5.40842
-5.40232
-5.39992
-5.40282
-5.41231
-5.42459
-5.43607
-5.44507
-5.44907
-5.45106
-5.45196
-5.45432
-5.45876
-5.46795
-5.48181
-5.49986
-5.5209
-5.54258
-5.56707
-5.59145
-5.61398
-5.6345
-5.65011
-5.66081
-5.66737
-5.66635
-5.66029
-5.64893
-5.63163
-5.60951
-5.58192
-5.55056
-5.51446
-5.47464
-5.43395
-5.39357
-5.35921
-5.33423
-5.32271
-5.32615
-5.34443
-5.37462
-5.41084
-5.4447
-5.47802
-5.50596
-5.5285
-5.54371
-5.55205
-5.55188
-5.54317
-5.52876
-5.51499
-5.50404
-5.49913
-5.49776
-5.49436
-5.48921
-5.47989
-5.46901
-5.46005
-5.45491
-5.45481
-5.45828
-5.46409
-5.46792
-5.46989
-5.46962
-5.46804
-5.46665
-5.46906
-5.47542
-5.48792
-5.50223
-5.51724
-5.52844
-5.53313
-5.53009
-5.52121
-5.50549
-5.48689
-5.46893
-5.45642
-5.44814
-5.44633
-5.45168
-5.46295
-5.47957
-5.49774
-5.51294
-5.52195
-5.52379
-5.51664
-5.50248
-5.48458
-5.4652
-5.44923
-5.43885
-5.43592
-5.43961
-5.45014
-5.46506
-5.48183
-5.49814
-5.513
-5.52461
-5.53422
-5.53908
-5.54351
-5.54745
-5.54722
-5.54609
-5.54014
-5.52954
-5.50983
-5.48479
-5.45343
-5.41772
-5.37629
-5.33447
-5.29995
-5.27572
-5.26873
-5.27945
-5.30498
-5.33966
-5.37817
-5.41588
-5.44841
-5.47364
-5.49011
-5.49759
-5.49854
-5.49412
-5.48845
-5.48255
-5.47694
-5.4678
-5.45693
-5.44034
-5.42327
-5.40992
-5.40211
-5.4027
-5.40954
-5.42187
-5.43591
-5.45238
-5.4681
-5.48239
-5.49373
-5.50138
-5.50632
-5.50591
-5.50252
-5.49692
-5.48933
-5.4847
-5.47801
-5.47453
-5.47208
-5.47311
-5.47775
-5.48638
-5.49744
-5.51039
-5.52346
-5.53175
-5.53744
-5.54044
-5.54268
-5.54504
-5.54731
-5.55181
-5.55947
-5.56839
-5.57752
-5.58625
-5.59137
-5.59224
-5.58847
-5.58054
-5.57039
-5.55906
-5.55033
-5.5447
-5.54086
-5.5366
-5.53139
-5.52202
-5.50892
-5.49487
-5.4774
-5.45779
-5.43653
-5.4154
-5.39479
-5.37724
-5.36442
-5.35795
-5.35583
-5.35737
-5.36064
-5.36362
-5.3675
-5.37157
-5.37504
-5.37907
-5.3842
-5.38992
-5.3955
-5.40247
-5.40811
-5.41028
-5.40849
-5.40336
-5.3997
-5.39834
-5.40367
-5.41533
-5.43033
-5.44415
-5.45005
-5.44462
-5.42833
-5.40348
-5.37735
-5.35606
-5.3429
-5.33886
-5.3453
-5.36043
-5.38078
-5.40371
-5.42726
-5.45116
-5.47368
-5.4937
-5.51018
-5.52193
-5.5273
-5.52964
-5.52558
-5.51679
-5.50463
-5.4922
-5.48379
-5.48161
-5.48931
-5.50352
-5.52309
-5.54099
-5.55408
-5.55853
-5.55542
-5.54259
-5.52375
-5.49868
-5.46936
-5.43988
-5.41463
-5.3969
-5.39062
-5.39512
-5.40698
-5.42145
-5.43601
-5.45041
-5.46245
-5.47333
-5.48309
-5.49034
-5.49412
-5.49075
-5.48078
-5.46363
-5.44153
-5.41735
-5.39454
-5.38268
-5.3827
-5.3987
-5.42507
-5.45827
-5.49364
-5.52733
-5.55632
-5.57961
-5.59495
-5.5995
-5.59417
-5.577
-5.55109
-5.51795
-5.48457
-5.4531
-5.43007
-5.41652
-5.41279
-5.41633
-5.42857
-5.44743
-5.46968
-5.49326
-5.51417
-5.53113
-5.54404
-5.55346
-5.56144
-5.56793
-5.57464
-5.57956
-5.58125
-5.58057
-5.57623
-5.56896
-5.55731
-5.54295
-5.52867
-5.51536
-5.50714
-5.50062
-5.49742
-5.49282
-5.48759
-5.47993
-5.473
-5.46644
-5.46342
-5.46113
-5.46132
-5.46107
-5.45932
-5.45486
-5.44683
-5.43515
-5.42262
-5.40664
-5.38999
-5.37265
-5.35875
-5.35001
-5.34542
-5.34427
-5.34126
-5.33598
-5.32708
-5.31499
-5.30528
-5.29975
-5.30241
-5.31075
-5.32321
-5.3379
-5.35267
-5.36558
-5.37598
-5.38554
-5.39314
-5.39761
-5.39984
-5.40128
-5.40109
-5.4015
-5.4038
-5.40942
-5.42007
-5.43037
-5.43987
-5.44546
-5.44621
-5.44092
-5.43206
-5.42366
-5.41772
-5.41477
-5.41642
-5.4206
-5.4263
-5.43316
-5.44506
-5.46104
-5.47904
-5.49978
-5.51904
-5.53566
-5.54706
-5.55186
-5.5483
-5.53484
-5.51444
-5.48804
-5.45842
-5.42803
-5.40179
-5.38127
-5.36848
-5.36217
-5.35961
-5.362
-5.3657
-5.3734
-5.38306
-5.39243
-5.3967
-5.39371
-5.38443
-5.37395
-5.3709
-5.37795
-5.39263
-5.41116
-5.42799
-5.4386
-5.4441
-5.44743
-5.44915
-5.44929
-5.44539
-5.43852
-5.42441
-5.40594
-5.38809
-5.37424
-5.36556
-5.36319
-5.3629
-5.36275
-5.36157
-5.35863
-5.35699
-5.35431
-5.35351
-5.35584
-5.36147
-5.37002
-5.38026
-5.39185
-5.40657
-5.41801
-5.42819
-5.43389
-5.43622
-5.43478
-5.43033
-5.42424
-5.42118
-5.41929
-5.4232
-5.43193
-5.44626
-5.46352
-5.48135
-5.49843
-5.51223
-5.52007
-5.52416
-5.52468
-5.52487
-5.52454
-5.52815
-5.53389
-5.54116
-5.54989
-5.5599
-5.57168
-5.58445
-5.59861
-5.61552
-5.63454
-5.65178
-5.67138
-5.68823
-5.70181
-5.7093
-5.70864
-5.6978
-5.6776
-5.6484
-5.61294
-5.57734
-5.54302
-5.5164
-5.49508
-5.48048
-5.47028
-5.46322
-5.45737
-5.44949
-5.44177
-5.43331
-5.42477
-5.4224
-5.42595
-5.43703
-5.45623
-5.47977
-5.50336
-5.52486
-5.53852
-5.54405
-5.53963
-5.5244
-5.50102
-5.46904
-5.43112
-5.39489
-5.36469
-5.34606
-5.34115
-5.34771
-5.36059
-5.37791
-5.39538
-5.41424
-5.43163
-5.44727
-5.45842
-5.46488
-5.46491
-5.45586
-5.43862
-5.41615
-5.3888
-5.36121
-5.338
-5.32253
-5.31896
-5.32841
-5.34919
-5.37951
-5.41479
-5.45014
-5.48227
-5.50904
-5.52824
-5.53733
-5.53855
-5.53006
-5.51372
-5.49296
-5.46871
-5.44615
-5.4261
-5.40986
-5.40062
-5.39868
-5.40612
-5.42411
-5.44957
-5.47835
-5.50796
-5.53574
-5.55913
-5.57824
-5.59268
-5.60197
-5.60642
-5.60801
-5.60682
-5.60229
-5.59353
-5.58304
-5.56995
-5.55367
-5.53795
-5.52399
-5.50965
-5.49836
-5.48958
-5.48296
-5.47982
-5.48145
-5.48716
-5.49483
-5.50319
-5.50951
-5.51239
-5.51151
-5.50563
-5.49749
-5.48535
-5.47151
-5.45729
-5.44652
-5.43787
-5.43466
-5.43537
-5.44134
-5.4488
-5.45668
-5.45938
-5.45642
-5.4474
-5.43626
-5.42299
-5.40971
-5.39667
-5.38567
-5.3771
-5.37042
-5.3658
-5.36289
-5.36202
-5.36209
-5.36429
-5.36906
-5.37868
-5.3937
-5.41059
-5.42767
-5.44038
-5.44641
-5.44437
-5.43555
-5.42226
-5.40711
-5.39268
-5.37882
-5.3683
-5.36
-5.35186
-5.34217
-5.33552
-5.33388
-5.3408
-5.35699
-5.37668
-5.39501
-5.41358
-5.43049
-5.44576
-5.45764
-5.46634
-5.47079
-5.47118
-5.46752
-5.4604
-5.45108
-5.44338
-5.43897
-5.43778
-5.44358
-5.45256
-5.46523
-5.48015
-5.49567
-5.51025
-5.52092
-5.5297
-5.53352
-5.53224
-5.52939
-5.52585
-5.5214
-5.51494
-5.50645
-5.49166
-5.46994
-5.44154
-5.41007
-5.37988
-5.35157
-5.32871
-5.31372
-5.30804
-5.31303
-5.32858
-5.35062
-5.37517
-5.40066
-5.42009
-5.43499
-5.44588
-5.45446
-5.46357
-5.47154
-5.48214
-5.49063
-5.49455
-5.49246
-5.48538
-5.47729
-5.47234
-5.46823
-5.46528
-5.45906
-5.45101
-5.44194
-5.43369
-5.4289
-5.42677
-5.42436
-5.42034
-5.41635
-5.41269
-5.41344
-5.41609
-5.41888
-5.41897
-5.41145
-5.40012
-5.38588
-5.37131
-5.35946
-5.3533
-5.35389
-5.36412
-5.38275
-5.41022
-5.44043
-5.46777
-5.49015
-5.50263
-5.50392
-5.49581
-5.48137
-5.46258
-5.4461
-5.43504
-5.4287
-5.4292
-5.43406
-5.44154
-5.4501
-5.45883
-5.4694
-5.48164
-5.49514
-5.50927
-5.52121
-5.5288
-5.5288
-5.52086
-5.5064
-5.48612
-5.46133
-5.43475
-5.40634
-5.37671
-5.348
-5.3224
-5.30411
-5.29431
-5.29468
-5.30565
-5.32545
-5.35213
-5.3825
-5.41417
-5.4469
-5.47735
-5.50581
-5.53296
-5.55623
-5.57144
-5.57403
-5.56303
-5.53864
-5.50301
-5.46222
-5.42119
-5.38633
-5.36073
-5.34427
-5.33638
-5.33727
-5.34449
-5.35853
-5.38053
-5.40799
-5.43871
-5.46688
-5.49023
-5.50337
-5.50938
-5.50454
-5.48965
-5.4661
-5.43746
-5.40629
-5.37885
-5.35864
-5.35143
-5.35734
-5.37414
-5.39699
-5.42145
-5.44147
-5.45424
-5.46073
-5.46326
-5.4648
-5.46693
-5.47
-5.47361
-5.47713
-5.47679
-5.47215
-5.46295
-5.44723
-5.42708
-5.40772
-5.38997
-5.37795
-5.37449
-5.37952
-5.39314
-5.40946
-5.42639
-5.43756
-5.44218
-5.43889
-5.42838
-5.41397
-5.40016
-5.39281
-5.39067
-5.39557
-5.40419
-5.41502
-5.42703
-5.44053
-5.45557
-5.47062
-5.48853
-5.50722
-5.52374
-5.53573
-5.54177
-5.54263
-5.53724
-5.52699
-5.51237
-5.49377
-5.47837
-5.46686
-5.46084
-5.45853
-5.46131
-5.46887
-5.47819
-5.48523
-5.48624
-5.48364
-5.4762
-5.46449
-5.45133
-5.43745
-5.42409
-5.41179
-5.40453
-5.40443
-5.40889
-5.41839
-5.42888
-5.44015
-5.4502
-5.4602
-5.46805
-5.47462
-5.47913
-5.48134
-5.48004
-5.47673
-5.47135
-5.46405
-5.4579
-5.45413
-5.45257
-5.45243
-5.45262
-5.45089
-5.44583
-5.44028
-5.43555
-5.43363
-5.43796
-5.44471
-5.45115
-5.45588
-5.45374
-5.4471
-5.43517
-5.42184
-5.41003
-5.4048
-5.40471
-5.40827
-5.41419
-5.42028
-5.4274
-5.43033
-5.42959
-5.42449
-5.4178
-5.41063
-5.40635
-5.40833
-5.41643
-5.42949
-5.44746
-5.46082
-5.46839
-5.46586
-5.45554
-5.4383
-5.418
-5.39637
-5.37522
-5.35774
-5.34731
-5.34531
-5.3529
-5.36875
-5.39156
-5.42065
-5.44976
-5.47571
-5.49772
-5.50995
-5.5129
-5.50392
-5.48474
-5.46026
-5.43386
-5.40871
-5.38737
-5.373
-5.36564
-5.36774
-5.37938
-5.4005
-5.42672
-5.45392
-5.47888
-5.4969
-5.5059
-5.5032
-5.49313
-5.47905
-5.46094
-5.44193
-5.42271
-5.40491
-5.38711
-5.37158
-5.35857
-5.34895
-5.34473
-5.34689
-5.35613
-5.36675
-5.37982
-5.38893
-5.39034
-5.38352
-5.37047
-5.34949
-5.32581
-5.29674
-5.26354
-5.22805
-5.19258
-5.15995
-5.13555
-5.12434
-5.12692
-5.1448
-5.17341
-5.20989
-5.24885
-5.28905
-5.32859
-5.367
-5.40484
-5.44192
-5.47614
-5.50392
-5.52472
-5.53823
-5.54224
-5.53909
-5.52969
-5.51632
-5.50237
-5.4944
-5.49206
-5.49627
-5.5043
-5.51177
-5.5172
-5.51917
-5.51806
-5.51541
-5.51338
-5.51426
-5.51727
-5.52114
-5.52596
-5.532
-5.53526
-5.53466
-5.52876
-5.51942
-5.50609
-5.49123
-5.47678
-5.4643
-5.45206
-5.4408
-5.43155
-5.42408
-5.41945
-5.41906
-5.42127
-5.42898
-5.43841
-5.44996
-5.46132
-5.47175
-5.47906
-5.48343
-5.48353
-5.48039
-5.47324
-5.46174
-5.44682
-5.43065
-5.41721
-5.41109
-5.41561
-5.43266
-5.45754
-5.48635
-5.51327
-5.53595
-5.55125
-5.55635
-5.55231
-5.53957
-5.51766
-5.4904
-5.46101
-5.43219
-5.40732
-5.3885
-5.37748
-5.37207
-5.3713
-5.37391
-5.37954
-5.38914
-5.39941
-5.41051
-5.42098
-5.42646
-5.42694
-5.42108
-5.41083
-5.39877
-5.39047
-5.38895
-5.39756
-5.41435
-5.44191
-5.47384
-5.50368
-5.52806
-5.54419
-5.54832
-5.54017
-5.52103
-5.49567
-5.46621
-5.43805
-5.41174
-5.38731
-5.36487
-5.34583
-5.33015
-5.31869
-5.31255
-5.30911
-5.31067
-5.31614
-5.32651
-5.34199
-5.36053
-5.38371
-5.4131
-5.44493
-5.47427
-5.50077
-5.52494
-5.54546
-5.56235
-5.57459
-5.57915
-5.57764
-5.56679
-5.54919
-5.5255
-5.49914
-5.47249
-5.45207
-5.43866
-5.43186
-5.4268
-5.41932
-5.40665
-5.38973
-5.36921
-5.3456
-5.32105
-5.2986
-5.28139
-5.27288
-5.27668
-5.29538
-5.32495
-5.36025
-5.39728
-5.42987
-5.45571
-5.47508
-5.48806
-5.49369
-5.49304
-5.48768
-5.48133
-5.47907
-5.48238
-5.49318
-5.50623
-5.51777
-5.52533
-5.52597
-5.52148
-5.51188
-5.50439
-5.50193
-5.50772
-5.51936
-5.53383
-5.54695
-5.55591
-5.55951
-5.55874
-5.55184
-5.53987
-5.52791
-5.51454
-5.50007
-5.48467
-5.46684
-5.44809
-5.43242
-5.42122
-5.41593
-5.4148
-5.41579
-5.41528
-5.41317
-5.41127
-5.41398
-5.42435
-5.44189
-5.46585
-5.49168
-5.51547
-5.53482
-5.55115
-5.56286
-5.57007
-5.57357
-5.57309
-5.56835
-5.55916
-5.54802
-5.53538
-5.52334
-5.51046
-5.50056
-5.49388
-5.48984
-5.48903
-5.49134
-5.49711
-5.50477
-5.51716
-5.5289
-5.53968
-5.54673
-5.54974
-5.5476
-5.545
-5.54253
-5.54052
-5.53859
-5.53621
-5.53527
-5.53224
-5.5274
-5.51892
-5.50764
-5.4909
-5.46909
-5.44261
-5.411
-5.3772
-5.34526
-5.31858
-5.30286
-5.29709
-5.30298
-5.3169
-5.33596
-5.3555
-5.37529
-5.39342
-5.40767
-5.41602
-5.41988
-5.41863
-5.41305
-5.40418
-5.39267
-5.37827
-5.36478
-5.3576
-5.35837
-5.36626
-5.38068
-5.39697
-5.41385
-5.43062
-5.45067
-5.47293
-5.49707
-5.52227
-5.5497
-5.57473
-5.59654
-5.61167
-5.61735
-5.61441
-5.60029
-5.57867
-5.55261
-5.5306
-5.51656
-5.50955
-5.50706
-5.50388
-5.49582
-5.48237
-5.46649
-5.451
-5.43753
-5.42923
-5.42259
-5.41632
-5.40892
-5.4006
-5.39109
-5.38339
-5.38021
-5.38171
-5.38571
-5.3916
-5.39753
-5.40314
-5.40948
-5.41649
-5.42434
-5.43184
-5.4394
-5.44591
-5.45072
-5.4545
-5.45888
-5.46431
-5.47274
-5.48635
-5.50443
-5.52605
-5.54796
-5.56905
-5.58517
-5.59487
-5.59757
-5.59124
-5.57921
-5.55842
-5.53272
-5.50648
-5.48502
-5.47159
-5.46544
-5.46569
-5.4697
-5.47399
-5.47939
-5.48508
-5.48758
-5.48688
-5.48466
-5.48206
-5.47912
-5.47961
-5.48136
-5.4862
-5.49381
-5.50486
-5.51811
-5.53303
-5.55016
-5.56486
-5.57461
-5.57939
-5.58158
-5.57562
-5.56626
-5.5528
-5.53545
-5.51488
-5.49152
-5.46677
-5.443
-5.42186
-5.40386
-5.3913
-5.38751
-5.39212
-5.40204
-5.41548
-5.42987
-5.44308
-5.45203
-5.45631
-5.45677
-5.45553
-5.4536
-5.45497
-5.45874
-5.46763
-5.47816
-5.49035
-5.50161
-5.51039
-5.51369
-5.51182
-5.50636
-5.50085
-5.49804
-5.50046
-5.5079
-5.51964
-5.53263
-5.54597
-5.55948
-5.56898
-5.57358
-5.57045
-5.55855
-5.53919
-5.51411
-5.48684
-5.46507
-5.45162
-5.44971
-5.4595
-5.4786
-5.50052
-5.52181
-5.53859
-5.54961
-5.5524
-5.54965
-5.54189
-5.52884
-5.5158
-5.50226
-5.49013
-5.48133
-5.47524
-5.47126
-5.46653
-5.46097
-5.45404
-5.44643
-5.44151
-5.43819
-5.44006
-5.44924
-5.46125
-5.4757
-5.48736
-5.4932
-5.48996
-5.47805
-5.45838
-5.4366
-5.41384
-5.39461
-5.38386
-5.37999
-5.38367
-5.39535
-5.41179
-5.4313
-5.44994
-5.46254
-5.4707
-5.47216
-5.46799
-5.4605
-5.45107
-5.44298
-5.43948
-5.44083
-5.44237
-5.44441
-5.44478
-5.44478
-5.44157
-5.43853
-5.43473
-5.43121
-5.42697
-5.42376
-5.42329
-5.42699
-5.43678
-5.45426
-5.47542
-5.49966
-5.52197
-5.5404
-5.55173
-5.55812
-5.55928
-5.55563
-5.54516
-5.5304
-5.51268
-5.4947
-5.47865
-5.4687
-5.46247
-5.45963
-5.45577
-5.45174
-5.44317
-5.43123
-5.41304
-5.39063
-5.36356
-5.34037
-5.32649
-5.32481
-5.33911
-5.35856
-5.37538
-5.38566
-5.3897
-5.39066
-5.39373
-5.40121
-5.41357
-5.42842
-5.44148
-5.45201
-5.45769
-5.45887
-5.45625
-5.45333
-5.45092
-5.45303
-5.4587
-5.46583
-5.47012
-5.47235
-5.46801
-5.45938
-5.44953
-5.43967
-5.43041
-5.42315
-5.4152
-5.40646
-5.39731
-5.38874
-5.37952
-5.36974
-5.35782
-5.34693
-5.33821
-5.33581
-5.34093
-5.35338
-5.37162
-5.39539
-5.42149
-5.45042
-5.48184
-5.51566
-5.54869
-5.57621
-5.59999
-5.61373
-5.62015
-5.61954
-5.6107
-5.59618
-5.58128
-5.56903
-5.56152
-5.55889
-5.55938
-5.5601
-5.55901
-5.55569
-5.55038
-5.54298
-5.53542
-5.52709
-5.51515
-5.49805
-5.47804
-5.45411
-5.43296
-5.4194
-5.41387
-5.41296
-5.41199
-5.4093
-5.40242
-5.39212
-5.3789
-5.36622
-5.35973
-5.36365
-5.37917
-5.4021
-5.42539
-5.44381
-5.45491
-5.45777
-5.45352
-5.44867
-5.44637
-5.44891
-5.45387
-5.45863
-5.46077
-5.45633
-5.44741
-5.43405
-5.42169
-5.40995
-5.40164
-5.39571
-5.39257
-5.39097
-5.38888
-5.38574
-5.38007
-5.3735
-5.36243
-5.35118
-5.34446
-5.34876
-5.36436
-5.38739
-5.41277
-5.43417
-5.4492
-5.4539
-5.45019
-5.43862
-5.42272
-5.40695
-5.39615
-5.39713
-5.41154
-5.4374
-5.4684
-5.49723
-5.5194
-5.53432
-5.54208
-5.54513
-5.54471
-5.54261
-5.53675
-5.52801
-5.51475
-5.49415
-5.46829
-5.44089
-5.41331
-5.38814
-5.36799
-5.35637
-5.35159
-5.35615
-5.36755
-5.38554
-5.40445
-5.42162
-5.43161
-5.43483
-5.4297
-5.41897
-5.40695
-5.39409
-5.38397
-5.37644
-5.36852
-5.36143
-5.35402
-5.34529
-5.33641
-5.32701
-5.31543
-5.3064
-5.30028
-5.30073
-5.30829
-5.32025
-5.33441
-5.35082
-5.36852
-5.38949
-5.41299
-5.43699
-5.45892
-5.47593
-5.48787
-5.49477
-5.49791
-5.49991
-5.50299
-5.5079
-5.51328
-5.51974
-5.52472
-5.52798
-5.53024
-5.53269
-5.53259
-5.53054
-5.52598
-5.51801
-5.50987
-5.50282
-5.49941
-5.50356
-5.5145
-5.53174
-5.54936
-5.56878
-5.58386
-5.59206
-5.59025
-5.57645
-5.55083
-5.51502
-5.47388
-5.43276
-5.39649
-5.36869
-5.35074
-5.34242
-5.34295
-5.35268
-5.36785
-5.39008
-5.41339
-5.43766
-5.46024
-5.47957
-5.49422
-5.50422
-5.5133
-5.51797
-5.51794
-5.51035
-5.49181
-5.46464
-5.42858
-5.39298
-5.36463
-5.35106
-5.35344
-5.3675
-5.38813
-5.4077
-5.42193
-5.42825
-5.42806
-5.42577
-5.42749
-5.43572
-5.44923
-5.46379
-5.47852
-5.49133
-5.50045
-5.50679
-5.51099
-5.51315
-5.51739
-5.52517
-5.54193
-5.56489
-5.58656
-5.60519
-5.61876
-5.62469
-5.62568
-5.62303
-5.61725
-5.60907
-5.59777
-5.58278
-5.5643
-5.54371
-5.52221
-5.50234
-5.48717
-5.47634
-5.46932
-5.46426
-5.46061
-5.45586
-5.45023
-5.44301
-5.43754
-5.43574
-5.43584
-5.43922
-5.44471
-5.45225
-5.46271
-5.47496
-5.49028
-5.50873
-5.52963
-5.54907
-5.56636
-5.57786
-5.58436
-5.58499
-5.58066
-5.57326
-5.56159
-5.54793
-5.5303
-5.508
-5.48228
-5.45367
-5.42688
-5.4048
-5.38872
-5.37827
-5.37328
-5.37267
-5.3775
-5.38834
-5.40338
-5.42221
-5.44163
-5.46137
-5.4799
-5.49693
-5.51157
-5.52445
-5.53661
-5.54786
-5.55771
-5.56453
-5.56796
-5.56318
-5.55145
-5.53418
-5.51539
-5.5003
-5.48957
-5.48106
-5.47229
-5.4609
-5.44697
-5.43274
-5.42106
-5.41366
-5.41077
-5.41463
-5.42546
-5.44349
-5.46497
-5.48875
-5.51189
-5.53109
-5.54295
-5.54836
-5.54652
-5.53772
-5.52384
-5.50821
-5.49395
-5.48377
-5.4754
-5.46885
-5.46229
-5.45548
-5.44969
-5.44454
-5.44338
-5.4445
-5.4475
-5.44963
-5.44781
-5.4393
-5.42149
-5.39769
-5.37179
-5.35085
-5.34257
-5.3524
-5.37886
-5.41658
-5.45832
-5.49846
-5.52975
-5.55
-5.55725
-5.55074
-5.53108
-5.49985
-5.463
-5.42887
-5.40759
-5.4009
-5.40563
-5.41274
-5.41787
-5.41647
-5.41088
-5.40197
-5.39291
-5.38424
-5.38096
-5.38123
-5.38758
-5.40014
-5.41447
-5.42968
-5.44506
-5.45686
-5.46512
-5.46874
-5.46643
-5.45986
-5.44861
-5.43445
-5.42133
-5.41018
-5.40248
-5.39723
-5.39233
-5.38825
-5.38497
-5.38587
-5.39416
-5.409
-5.43137
-5.45622
-5.4812
-5.50235
-5.51638
-5.52359
-5.52186
-5.51559
-5.50366
-5.48842
-5.46893
-5.44652
-5.41911
-5.38914
-5.36044
-5.33633
-5.31716
-5.30504
-5.29618
-5.29232
-5.2912
-5.29294
-5.30062
-5.31237
-5.32685
-5.34398
-5.36453
-5.38525
-5.40526
-5.42426
-5.44145
-5.45761
-5.47327
-5.48705
-5.49822
-5.50895
-5.51614
-5.5211
-5.52203
-5.51917
-5.51248
-5.50398
-5.49487
-5.48708
-5.47937
-5.47251
-5.46742
-5.46606
-5.47016
-5.4797
-5.48945
-5.49839
-5.50608
-5.51199
-5.51596
-5.5186
-5.5202
-5.51881
-5.51661
-5.51437
-5.51228
-5.51064
-5.50935
-5.50818
-5.50374
-5.49596
-5.4854
-5.47129
-5.45568
-5.43846
-5.4235
-5.41946
-5.42579
-5.44328
-5.47068
-5.50125
-5.52985
-5.55096
-5.56171
-5.56466
-5.55617
-5.54168
-5.52343
-5.50709
-5.49718
-5.49688
-5.5065
-5.5246
-5.54479
-5.56428
-5.58043
-5.59337
-5.60154
-5.60475
-5.60216
-5.59692
-5.58807
-5.57729
-5.56704
-5.55909
-5.55045
-5.54464
-5.53966
-5.53391
-5.52947
-5.52597
-5.52533
-5.52855
-5.53914
-5.55295
-5.56731
-5.57822
-5.58189
-5.5754
-5.5597
-5.53578
-5.50795
-5.48151
-5.45755
-5.43753
-5.42013
-5.407
-5.40134
-5.40215
-5.40969
-5.4212
-5.43619
-5.45121
-5.46158
-5.46712
-5.46513
-5.45397
-5.43778
-5.41978
-5.40663
-5.4037
-5.41184
-5.42825
-5.44897
-5.46982
-5.48902
-5.50312
-5.51086
-5.5125
-5.51055
-5.5049
-5.50041
-5.49646
-5.4926
-5.48499
-5.47231
-5.45653
-5.4408
-5.43033
-5.42687
-5.43181
-5.44344
-5.4568
-5.46904
-5.47827
-5.48199
-5.48141
-5.47834
-5.47523
-5.47471
-5.48205
-5.49841
-5.52484
-5.55648
-5.58662
-5.61108
-5.62474
-5.62869
-5.62335
-5.61079
-5.59265
-5.57169
-5.5501
-5.52842
-5.50816
-5.49015
-5.47632
-5.46509
-5.45781
-5.44986
-5.43898
-5.42611
-5.41086
-5.39355
-5.37657
-5.36467
-5.36202
-5.36962
-5.38791
-5.417
-5.44959
-5.4796
-5.49909
-5.50644
-5.50068
-5.48684
-5.4677
-5.45193
-5.44143
-5.43566
-5.43311
-5.43473
-5.43723
-5.44014
-5.4407
-5.43848
-5.43416
-5.42868
-5.42593
-5.42672
-5.43253
-5.44464
-5.46193
-5.4801
-5.49575
-5.50423
-5.50258
-5.49052
-5.46944
-5.44589
-5.42012
-5.39923
-5.38598
-5.38243
-5.39036
-5.40474
-5.42293
-5.43708
-5.44207
-5.43588
-5.4199
-5.40131
-5.38391
-5.37059
-5.36255
-5.35839
-5.361
-5.37217
-5.39349
-5.42062
-5.45125
-5.47882
-5.50237
-5.51647
-5.52471
-5.5282
-5.52775
-5.52428
-5.52204
-5.52126
-5.52261
-5.52598
-5.52754
-5.52899
-5.52566
-5.51865
-5.50713
-5.49385
-5.48028
-5.47022
-5.46446
-5.46072
-5.45791
-5.45383
-5.44824
-5.44264
-5.43897
-5.43653
-5.43527
-5.43425
-5.43324
-5.43059
-5.42675
-5.42181
-5.41561
-5.41201
-5.4093
-5.40656
-5.40569
-5.40512
-5.40819
-5.4132
-5.42061
-5.42959
-5.4376
-5.44548
-5.45224
-5.4589
-5.46409
-5.46714
-5.46901
-5.47095
-5.4741
-5.48047
-5.48829
-5.496
-5.50162
-5.50221
-5.49654
-5.48362
-5.46801
-5.45324
-5.44386
-5.44301
-5.45112
-5.46406
-5.47852
-5.49258
-5.50573
-5.51369
-5.51498
-5.50687
-5.49148
-5.47372
-5.46023
-5.45348
-5.45565
-5.46363
-5.47575
-5.48855
-5.501
-5.51197
-5.5196
-5.52372
-5.52449
-5.51835
-5.50872
-5.49456
-5.47785
-5.4635
-5.45229
-5.44545
-5.44222
-5.44298
-5.44805
-5.45809
-5.47321
-5.49041
-5.50854
-5.52325
-5.5329
-5.53886
-5.54097
-5.53895
-5.53226
-5.52375
-5.51219
-5.50134
-5.49009
-5.47801
-5.46728
-5.46039
-5.45825
-5.462
-5.46832
-5.47524
-5.48068
-5.4807
-5.47493
-5.4611
-5.43835
-5.40851
-5.3732
-5.3357
-5.30395
-5.28244
-5.27297
-5.27607
-5.28776
-5.30607
-5.32696
-5.34605
-5.36085
-5.36838
-5.37064
-5.36612
-5.35817
-5.35007
-5.34482
-5.34676
-5.35884
-5.38023
-5.40803
-5.43876
-5.46556
-5.48795
-5.50258
-5.50894
-5.50795
-5.49954
-5.48525
-5.46694
-5.45027
-5.43642
-5.42822
-5.42597
-5.42637
-5.42761
-5.42628
-5.42255
-5.4135
-5.40075
-5.38592
-5.3708
-5.3554
-5.34283
-5.3338
-5.32938
-5.32854
-5.33318
-5.34236
-5.35688
-5.37806
-5.4047
-5.43118
-5.45671
-5.47498
-5.48796
-5.49554
-5.49711
-5.49808
-5.49788
-5.4982
-5.501
-5.50596
-5.51197
-5.51468
-5.51497
-5.50853
-5.49836
-5.48563
-5.47791
-5.47516
-5.47829
-5.4841
-5.48837
-5.4895
-5.48569
-5.47859
-5.46781
-5.45316
-5.43591
-5.41855
-5.40495
-5.39687
-5.39491
-5.39982
-5.40774
-5.41637
-5.42359
-5.42823
-5.43094
-5.43197
-5.43224
-5.43082
-5.42736
-5.41932
-5.41045
-5.40029
-5.39038
-5.38142
-5.37435
-5.36819
-5.36843
-5.37783
-5.39797
-5.42732
-5.46215
-5.49363
-5.51778
-5.53205
-5.53398
-5.52494
-5.50598
-5.48337
-5.45943
-5.43753
-5.42007
-5.40872
-5.4054
-5.41046
-5.4214
-5.43815
-5.45425
-5.4674
-5.47218
-5.46517
-5.44661
-5.41739
-5.38204
-5.34766
-5.3217
-5.3099
-5.3122
-5.32755
-5.34948
-5.37494
-5.39972
-5.42168
-5.43967
-5.45112
-5.45929
-5.46156
-5.46148
-5.46073
-5.46032
-5.46041
-5.46373
-5.46658
-5.47083
-5.47443
-5.47776
-5.47872
-5.48029
-5.48448
-5.48789
-5.49403
-5.50192
-5.51128
-5.52066
-5.52941
-5.53674
-5.54039
-5.53915
-5.52838
-5.51368
-5.49521
-5.47798
-5.46668
-5.46595
-5.4734
-5.48896
-5.50956
-5.5311
-5.54828
-5.5603
-5.56558
-5.56447
-5.55717
-5.54578
-5.53189
-5.51631
-5.49838
-5.48119
-5.46394
-5.44514
-5.42641
-5.40942
-5.39387
-5.38116
-5.37327
-5.37141
-5.37663
-5.39006
-5.40939
-5.43446
-5.45913
-5.48351
-5.50509
-5.52343
-5.53717
-5.54503
-5.54939
-5.54766
-5.54206
-5.53266
-5.52376
-5.51548
-5.51052
-5.51008
-5.5153
-5.52283
-5.53025
-5.53128
-5.52782
-5.51664
-5.50032
-5.48097
-5.46232
-5.44596
-5.43664
-5.43505
-5.44155
-5.45605
-5.47557
-5.49554
-5.51356
-5.52536
-5.53162
-5.53546
-5.54132
-5.55316
-5.56934
-5.59046
-5.60947
-5.62161
-5.6271
-5.62355
-5.61107
-5.59374
-5.57007
-5.54228
-5.5128
-5.48298
-5.45361
-5.43026
-5.41723
-5.41726
-5.42989
-5.45259
-5.48122
-5.50824
-5.52755
-5.54049
-5.54791
-5.5519
-5.55687
-5.56604
-5.57531
-5.58212
-5.58133
-5.56965
-5.54863
-5.51997
-5.49083
-5.46758
-5.45508
-5.45577
-5.46575
-5.47899
-5.49209
-5.49864
-5.493
-5.47568
-5.44753
-5.41566
-5.38906
-5.37459
-5.37966
-5.40128
-5.43402
-5.46859
-5.5035
-5.53168
-5.55667
-5.57846
-5.5969
-5.60851
-5.61141
-5.60497
-5.58865
-5.56559
-5.53981
-5.51255
-5.48821
-5.46696
-5.44673
-5.42825
-5.41313
-5.40379
-5.40083
-5.40322
-5.40866
-5.41409
-5.41964
-5.42167
-5.42078
-5.42004
-5.41984
-5.4215
-5.42539
-5.43324
-5.44192
-5.45317
-5.46527
-5.4773
-5.48816
-5.49593
-5.50009
-5.49684
-5.4895
-5.48007
-5.47016
-5.46146
-5.45677
-5.45893
-5.46607
-5.47726
-5.48922
-5.49654
-5.49855
-5.49519
-5.48599
-5.47494
-5.46226
-5.44983
-5.44093
-5.43389
-5.42974
-5.4289
-5.42929
-5.43054
-5.43249
-5.43391
-5.43258
-5.42998
-5.4243
-5.41744
-5.41152
-5.40638
-5.40198
-5.39793
-5.39425
-5.39174
-5.3902
-5.39326
-5.40215
-5.41939
-5.44359
-5.47162
-5.50235
-5.53181
-5.55834
-5.57668
-5.58496
-5.58096
-5.56366
-5.53591
-5.4994
-5.45978
-5.42016
-5.38198
-5.34973
-5.32426
-5.30497
-5.29414
-5.29034
-5.2951
-5.31118
-5.3368
-5.36959
-5.40501
-5.43833
-5.46441
-5.48084
-5.48736
-5.4826
-5.4699
-5.45122
-5.42797
-5.40376
-5.3806
-5.35971
-5.34333
-5.33177
-5.32578
-5.3229
-5.32239
-5.32337
-5.3261
-5.32988
-5.33525
-5.3446
-5.35934
-5.37872
-5.39726
-5.41107
-5.41809
-5.4177
-5.41398
-5.40965
-5.40735
-5.40978
-5.41558
-5.42206
-5.42753
-5.43045
-5.43061
-5.43044
-5.4309
-5.43396
-5.44045
-5.44991
-5.45765
-5.46465
-5.4676
-5.46659
-5.46165
-5.45437
-5.44443
-5.43435
-5.42694
-5.4259
-5.43181
-5.44402
-5.46156
-5.4826
-5.501
-5.51613
-5.52544
-5.5282
-5.52295
-5.51018
-5.49087
-5.46918
-5.44503
-5.4241
-5.40959
-5.40775
-5.41773
-5.43941
-5.46885
-5.49982
-5.52605
-5.54316
-5.5509
-5.54986
-5.54228
-5.53278
-5.52272
-5.51445
-5.50894
-5.50614
-5.50599
-5.50615
-5.50666
-5.50674
-5.50528
-5.50096
-5.49161
-5.47828
-5.46219
-5.44589
-5.43345
-5.42905
-5.43192
-5.43573
-5.43836
-5.4359
-5.42626
-5.41105
-5.39261
-5.37425
-5.36449
-5.36452
-5.37773
-5.40138
-5.43057
-5.45977
-5.48303
-5.49668
-5.50119
-5.49853
-5.4886
-5.47809
-5.46671
-5.457
-5.44416
-5.431
-5.42074
-5.41292
-5.40872
-5.40768
-5.41037
-5.41489
-5.42009
-5.42582
-5.4303
-5.43227
-5.43073
-5.42771
-5.42488
-5.42456
-5.42795
-5.43498
-5.44428
-5.45195
-5.45852
-5.4613
-5.4571
-5.44766
-5.43174
-5.40954
-5.38372
-5.35517
-5.32614
-5.3024
-5.28565
-5.2812
-5.2907
-5.31254
-5.34297
-5.37671
-5.40856
-5.43456
-5.45113
-5.45732
-5.45385
-5.44616
-5.43645
-5.42878
-5.42293
-5.41923
-5.41662
-5.41366
-5.41228
-5.4135
-5.41559
-5.4189
-5.4221
-5.42386
-5.42434
-5.42318
-5.42212
-5.42269
-5.42492
-5.4266
-5.42928
-5.43053
-5.43055
-5.42709
-5.41875
-5.40556
-5.38881
-5.37167
-5.35752
-5.34931
-5.34906
-5.36163
-5.38557
-5.41519
-5.44623
-5.47131
-5.486
-5.49288
-5.49043
-5.48004
-5.46455
-5.44154
-5.41269
-5.38146
-5.35531
-5.34089
-5.345
-5.3645
-5.39437
-5.42211
-5.443
-5.45222
-5.45109
-5.44398
-5.43347
-5.42043
-5.40283
-5.38069
-5.35458
-5.3218
-5.28863
-5.25912
-5.23789
-5.22346
-5.21696
-5.21772
-5.22678
-5.24244
-5.26264
-5.28451
-5.30442
-5.32324
-5.33856
-5.35471
-5.37245
-5.39208
-5.40772
-5.42082
-5.42916
-5.431
-5.42523
-5.4143
-5.39823
-5.37919
-5.36162
-5.3458
-5.33269
-5.32333
-5.31745
-5.31824
-5.32427
-5.33456
-5.3483
-5.36421
-5.38105
-5.3975
-5.41466
-5.43265
-5.45034
-5.46972
-5.48902
-5.50736
-5.52319
-5.53471
-5.53955
-5.53589
-5.52255
-5.50077
-5.47005
-5.43412
-5.398
-5.36837
-5.34982
-5.34566
-5.35583
-5.37818
-5.40798
-5.44348
-5.4767
-5.50476
-5.52475
-5.53407
-5.53166
-5.51526
-5.48834
-5.45124
-5.40868
-5.36292
-5.32247
-5.29083
-5.2721
-5.2679
-5.27789
-5.29621
-5.31643
-5.33583
-5.35175
-5.36238
-5.36949
-5.37616
-5.38039
-5.38396
-5.38625
-5.38616
-5.38064
-5.36832
-5.35127
-5.33204
-5.30858
-5.2861
-5.27034
-5.26412
-5.27274
-5.29631
-5.33488
-5.37959
-5.42698
-5.46633
-5.49876
-5.52091
-5.53415
-5.54012
-5.53985
-5.53683
-5.53244
-5.52775
-5.52179
-5.51607
-5.50704
-5.49306
-5.47096
-5.44201
-5.40841
-5.3744
-5.34562
-5.32848
-5.32245
-5.32426
-5.32977
-5.33937
-5.35393
-5.37199
-5.39143
-5.40821
-5.41884
-5.4228
-5.42224
-5.41917
-5.41787
-5.41606
-5.4134
-5.41002
-5.40373
-5.39858
-5.39577
-5.39381
-5.39438
-5.39511
-5.39516
-5.39564
-5.39744
-5.40297
-5.41298
-5.42858
-5.44933
-5.47031
-5.48912
-5.50338
-5.51179
-5.51085
-5.50201
-5.48519
-5.46141
-5.43479
-5.40631
-5.38119
-5.36539
-5.35745
-5.35852
-5.36637
-5.37884
-5.39183
-5.40252
-5.4105
-5.41344
-5.41234
-5.40773
-5.40083
-5.39222
-5.38094
-5.3661
-5.34627
-5.32026
-5.29083
-5.26032
-5.23241
-5.20984
-5.19746
-5.19911
-5.21533
-5.23968
-5.2654
-5.288
-5.30352
-5.31222
-5.31249
-5.3063
-5.29651
-5.28421
-5.27421
-5.26771
-5.26451
-5.26884
-5.28298
-5.30785
-5.34081
-5.37677
-5.4134
-5.44851
-5.48497
-5.52386
-5.56157
-5.59665
-5.6232
-5.63647
-5.63846
-5.62888
-5.61499
-5.59513
-5.57584
-5.55661
-5.53683
-5.51678
-5.4984
-5.48249
-5.46916
-5.45903
-5.45238
-5.44787
-5.44578
-5.44677
-5.45101
-5.45965
-5.4705
-5.48211
-5.49301
-5.49953
-5.50262
-5.50143
-5.49591
-5.48721
-5.47644
-5.46351
-5.44746
-5.42909
-5.41246
-5.40351
-5.40255
-5.41225
-5.43052
-5.45047
-5.47081
-5.4879
-5.50211
-5.51352
-5.524
-5.53392
-5.54572
-5.56315
-5.58436
-5.6083
-5.63168
-5.64932
-5.65905
-5.6598
-5.65276
-5.63928
-5.62456
-5.60841
-5.59323
-5.57918
-5.5646
-5.55206
-5.54007
-5.53084
-5.52015
-5.50862
-5.49528
-5.47996
-5.46427
-5.44979
-5.43917
-5.43476
-5.43425
-5.4381
-5.44519
-5.45523
-5.46539
-5.47381
-5.48026
-5.48484
-5.48814
-5.49432
-5.50333
-5.5113
-5.51419
-5.50874
-5.49527
-5.47687
-5.45616
-5.43825
-5.42714
-5.42377
-5.42928
-5.44358
-5.4601
-5.47441
-5.48482
-5.48867
-5.48635
-5.47708
-5.45977
-5.4339
-5.40031
-5.35979
-5.31826
-5.2813
-5.25335
-5.23884
-5.23952
-5.25118
-5.26931
-5.28918
-5.30776
-5.32254
-5.33365
-5.34064
-5.346
-5.35062
-5.35367
-5.35611
-5.35804
-5.36053
-5.36308
-5.36682
-5.37195
-5.37732
-5.38351
-5.38906
-5.39269
-5.39452
-5.39133
-5.38485
-5.3748
-5.36629
-5.35824
-5.35439
-5.35357
-5.36032
-5.3725
-5.3916
-5.41513
-5.44066
-5.46639
-5.48984
-5.51049
-5.52587
-5.53462
-5.53873
-5.53675
-5.5278
-5.51334
-5.4958
-5.47564
-5.45313
-5.43202
-5.41327
-5.39987
-5.39344
-5.3942
-5.40104
-5.41185
-5.42539
-5.43968
-5.45206
-5.46047
-5.46667
-5.47166
-5.47768
-5.48378
-5.48982
-5.4963
-5.50264
-5.51213
-5.52586
-5.54544
-5.56854
-5.59442
-5.61643
-5.6308
-5.63505
-5.6284
-5.61009
-5.58262
-5.54908
-5.5145
-5.48228
-5.45543
-5.4382
-5.42783
-5.42074
-5.41754
-5.41543
-5.41678
-5.42188
-5.43321
-5.4493
-5.47116
-5.49542
-5.51683
-5.53152
-5.53952
-5.54001
-5.53375
-5.52296
-5.51218
-5.50352
-5.49939
-5.4992
-5.50458
-5.51672
-5.53108
-5.5483
-5.5681
-5.58756
-5.60586
-5.6225
-5.63826
-5.64735
-5.64964
-5.64379
-5.62894
-5.60569
-5.5734
-5.53716
-5.49925
-5.46286
-5.43411
-5.4135
-5.40337
-5.4067
-5.41723
-5.43237
-5.44808
-5.46172
-5.47336
-5.48021
-5.48294
-5.47804
-5.46948
-5.45791
-5.44889
-5.44436
-5.44524
-5.45001
-5.45453
-5.45946
-5.46343
-5.46537
-5.46401
-5.45918
-5.45186
-5.44504
-5.44196
-5.446
-5.45553
-5.46942
-5.48395
-5.49929
-5.51232
-5.52088
-5.52803
-5.53146
-5.53156
-5.52891
-5.52492
-5.51632
-5.50772
-5.49845
-5.49014
-5.48193
-5.47736
-5.47701
-5.48017
-5.4898
-5.50429
-5.52279
-5.54494
-5.5685
-5.58969
-5.6058
-5.61314
-5.6102
-5.59593
-5.57083
-5.53773
-5.50195
-5.46971
-5.44499
-5.43333
-5.43142
-5.43697
-5.44703
-5.45699
-5.46643
-5.47567
-5.48453
-5.493
-5.49776
-5.49744
-5.48907
-5.47136
-5.44306
-5.40823
-5.37145
-5.3345
-5.29984
-5.27223
-5.25744
-5.26163
-5.28577
-5.32085
-5.35504
-5.38015
-5.39383
-5.3995
-5.40372
-5.41132
-5.4255
-5.4491
-5.47766
-5.50773
-5.53531
-5.55841
-5.57464
-5.58316
-5.58177
-5.57222
-5.55675
-5.53931
-5.52262
-5.50381
-5.48336
-5.45989
-5.43869
-5.42295
-5.41159
-5.40366
-5.39985
-5.40108
-5.40677
-5.41802
-5.43619
-5.4566
-5.4779
-5.49561
-5.50682
-5.51134
-5.50844
-5.50004
-5.49065
-5.48164
-5.47586
-5.47447
-5.47862
-5.48725
-5.49904
-5.51277
-5.52615
-5.53824
-5.54795
-5.5571
-5.56457
-5.56968
-5.57203
-5.57046
-5.56464
-5.5547
-5.54223
-5.52704
-5.51043
-5.49276
-5.47543
-5.45714
-5.43897
-5.42002
-5.39961
-5.38043
-5.36464
-5.35238
-5.34524
-5.34441
-5.34705
-5.35202
-5.35611
-5.36053
-5.36466
-5.3704
-5.37933
-5.39149
-5.40645
-5.42368
-5.44224
-5.46231
-5.48515
-5.50736
-5.52816
-5.54423
-5.55598
-5.56078
-5.55717
-5.54449
-5.52376
-5.49152
-5.45316
-5.40831
-5.36353
-5.31987
-5.28442
-5.26021
-5.24668
-5.2414
-5.23627
-5.23323
-5.23435
-5.24334
-5.26308
-5.29434
-5.33469
-5.3774
-5.42099
-5.46124
-5.49687
-5.52519
-5.54573
-5.55615
-5.56083
-5.55828
-5.5526
-5.54534
-5.53877
-5.53196
-5.52822
-5.52565
-5.52542
-5.52859
-5.53577
-5.54622
-5.55989
-5.57341
-5.58347
-5.58755
-5.58469
-5.57379
-5.55619
-5.53133
-5.50214
-5.46443
-5.42135
-5.37455
-5.32639
-5.28347
-5.25073
-5.23336
-5.23507
-5.25365
-5.28648
-5.32616
-5.36851
-5.40741
-5.44014
-5.4631
-5.47744
-5.48442
-5.48648
-5.48661
-5.48956
-5.49627
-5.50466
-5.51426
-5.52381
-5.53194
-5.53905
-5.54542
-5.5526
-5.55957
-5.56721
-5.57583
-5.59058
-5.60956
-5.63106
-5.65436
-5.67247
-5.68318
-5.68162
-5.66696
-5.63931
-5.59892
-5.55507
-5.51209
-5.47572
-5.45021
-5.43532
-5.4301
-5.43115
-5.43294
-5.43792
-5.44155
-5.4437
-5.44319
-5.43854
-5.42996
-5.41553
-5.39675
-5.38034
-5.37057
-5.36932
-5.37449
-5.38132
-5.38563
-5.38644
-5.38517
-5.38257
-5.38106
-5.38257
-5.38942
-5.40226
-5.41919
-5.44139
-5.46378
-5.48438
-5.49794
-5.50547
-5.50685
-5.50078
-5.48959
-5.47322
-5.45586
-5.43705
-5.41807
-5.39595
-5.3726
-5.34878
-5.32676
-5.30924
-5.2976
-5.29355
-5.29706
-5.30638
-5.32665
-5.35627
-5.39243
-5.43257
-5.47018
-5.4998
-5.52281
-5.53516
-5.54074
-5.53891
-5.52899
-5.51055
-5.48406
-5.4485
-5.40709
-5.36186
-5.31516
-5.2741
-5.24359
-5.22833
-5.22895
-5.24524
-5.27088
-5.29911
-5.32635
-5.35126
-5.37168
-5.38814
-5.3969
-5.40119
-5.39905
-5.39395
-5.3893
-5.38808
-5.39239
-5.40066
-5.41268
-5.42809
-5.43978
-5.44698
-5.44919
-5.44509
-5.43635
-5.42556
-5.41399
-5.40415
-5.39764
-5.39594
-5.3973
-5.40123
-5.40725
-5.41359
-5.41871
-5.42466
-5.4319
-5.43999
-5.44757
-5.45319
-5.45513
-5.45332
-5.4471
-5.43699
-5.42513
-5.4136
-5.40514
-5.40218
-5.40513
-5.4133
-5.42432
-5.43449
-5.44236
-5.44918
-5.45368
-5.45837
-5.46102
-5.46243
-5.46019
-5.45539
-5.44826
-5.4397
-5.43123
-5.42321
-5.41639
-5.41181
-5.40837
-5.40921
-5.41631
-5.43227
-5.45966
-5.49407
-5.53089
-5.56583
-5.59278
-5.61137
-5.62148
-5.62771
-5.63008
-5.63018
-5.62841
-5.62404
-5.61697
-5.6064
-5.5924
-5.57854
-5.56281
-5.54883
-5.53514
-5.519
-5.5025
-5.48087
-5.45258
-5.41651
-5.3769
-5.34107
-5.3175
-5.31039
-5.31939
-5.34021
-5.36918
-5.39957
-5.42505
-5.44055
-5.44565
-5.44114
-5.43202
-5.41962
-5.41007
-5.4021
-5.39849
-5.39795
-5.39766
-5.39585
-5.39112
-5.38238
-5.37143
-5.36105
-5.35536
-5.35609
-5.36495
-5.38157
-5.4027
-5.43013
-5.45896
-5.48607
-5.51013
-5.53084
-5.54879
-5.56553
-5.57877
-5.58651
-5.58632
-5.58007
-5.56619
-5.54731
-5.52338
-5.4978
-5.47245
-5.44914
-5.43048
-5.41766
-5.41072
-5.40933
-5.41144
-5.4133
-5.41508
-5.41778
-5.42314
-5.43092
-5.44294
-5.45799
-5.47409
-5.4919
-5.5077
-5.51988
-5.52424
-5.52051
-5.51042
-5.49766
-5.48707
-5.48069
-5.48277
-5.4918
-5.50784
-5.52703
-5.54554
-5.56038
-5.56974
-5.57394
-5.57213
-5.56486
-5.55342
-5.53874
-5.51859
-5.49376
-5.47089
-5.45243
-5.44117
-5.43779
-5.43819
-5.43757
-5.43727
-5.4333
-5.42764
-5.42329
-5.42021
-5.41955
-5.41651
-5.40898
-5.39766
-5.38541
-5.3729
-5.36474
-5.35928
-5.35811
-5.36022
-5.36615
-5.3791
-5.3993
-5.42547
-5.45365
-5.47953
-5.49856
-5.51016
-5.5152
-5.51843
-5.51957
-5.52121
-5.52378
-5.52393
-5.51865
-5.5083
-5.49229
-5.47533
-5.45853
-5.44448
-5.4363
-5.43322
-5.4359
-5.44104
-5.44777
-5.45257
-5.45185
-5.44701
-5.4366
-5.42305
-5.41154
-5.404
-5.40341
-5.41082
-5.42604
-5.44521
-5.46384
-5.47725
-5.48375
-5.48159
-5.47199
-5.45749
-5.43837
-5.41731
-5.3983
-5.38423
-5.37978
-5.3856
-5.40013
-5.42109
-5.44435
-5.46935
-5.492
-5.51082
-5.52421
-5.5312
-5.53632
-5.53937
-5.54239
-5.54444
-5.54645
-5.54567
-5.5446
-5.54037
-5.53527
-5.5316
-5.53051
-5.53213
-5.53556
-5.53959
-5.54197
-5.54103
-5.53672
-5.53251
-5.52984
-5.53071
-5.53433
-5.53839
-5.53782
-5.52971
-5.51522
-5.49518
-5.47596
-5.4595
-5.44791
-5.44164
-5.436
-5.42959
-5.42354
-5.41828
-5.41619
-5.41771
-5.42194
-5.42744
-5.43295
-5.43957
-5.45042
-5.46424
-5.48029
-5.49062
-5.49288
-5.48602
-5.47405
-5.46793
-5.47403
-5.48752
-5.50065
-5.50662
-5.50286
-5.49275
-5.47804
-5.46396
-5.45035
-5.43862
-5.4276
-5.41575
-5.40303
-5.3909
-5.3851
-5.38314
-5.38273
-5.38195
-5.38199
-5.38177
-5.38227
-5.38211
-5.38035
-5.37786
-5.3798
-5.38806
-5.40275
-5.42016
-5.43488
-5.43943
-5.43429
-5.41954
-5.39798
-5.37641
-5.36309
-5.36507
-5.38326
-5.41197
-5.44342
-5.47018
-5.49012
-5.5003
-5.5039
-5.50442
-5.50568
-5.50791
-5.50612
-5.50291
-5.49788
-5.49444
-5.49295
-5.49192
-5.49056
-5.48667
-5.48148
-5.47635
-5.47538
-5.47895
-5.48686
-5.49769
-5.50801
-5.51579
-5.51932
-5.52074
-5.52443
-5.53146
-5.54362
-5.56138
-5.57798
-5.59248
-5.59958
-5.60019
-5.59702
-5.59809
-5.60859
-5.62386
-5.6415
-5.65171
-5.65577
-5.65391
-5.64825
-5.64101
-5.6322
-5.62122
-5.60594
-5.58626
-5.56008
-5.53102
-5.49834
-5.46737
-5.43885
-5.41374
-5.39297
-5.37698
-5.36868
-5.36988
-5.38111
-5.39804
-5.41602
-5.43088
-5.44027
-5.4413
-5.43536
-5.42349
-5.40758
-5.39028
-5.37368
-5.36115
-5.35047
-5.34256
-5.3355
-5.32805
-5.31982
-5.31026
-5.29928
-5.29044
-5.28614
-5.28888
-5.29942
-5.31316
-5.3286
-5.3442
-5.35696
-5.36971
-5.38037
-5.3908
-5.40218
-5.41123
-5.41973
-5.42578
-5.42975
-5.43276
-5.43491
-5.43563
-5.43554
-5.43703
-5.44097
-5.44879
-5.45751
-5.4677
-5.47797
-5.48352
-5.48398
-5.47812
-5.46586
-5.45154
-5.44158
-5.441
-5.44982
-5.46549
-5.48049
-5.48829
-5.48786
-5.48017
-5.4674
-5.4538
-5.44484
-5.44119
-5.44515
-5.456
-5.47368
-5.49596
-5.51486
-5.52659
-5.52868
-5.52004
-5.50191
-5.48297
-5.46899
-5.46315
-5.46551
-5.47379
-5.48318
-5.49107
-5.49391
-5.49089
-5.48432
-5.47383
-5.45988
-5.44319
-5.42426
-5.40172
-5.37429
-5.34138
-5.30816
-5.27666
-5.25392
-5.24501
-5.25069
-5.26892
-5.3013
-5.344
-5.39092
-5.43506
-5.47281
-5.49783
-5.51043
-5.50976
-5.50043
-5.48802
-5.47506
-5.46624
-5.46017
-5.45314
-5.44352
-5.42903
-5.40928
-5.38764
-5.36637
-5.34747
-5.336
-5.3331
-5.33777
-5.34728
-5.36029
-5.37151
-5.37868
-5.38192
-5.38029
-5.3778
-5.37464
-5.37265
-5.37573
-5.38276
-5.39319
-5.40268
-5.40819
-5.40971
-5.40724
-5.39999
-5.38929
-5.37401
-5.35512
-5.3321
-5.30557
-5.28161
-5.26397
-5.25857
-5.26824
-5.29112
-5.32309
-5.35869
-5.3922
-5.41622
-5.4316
-5.43541
-5.43292
-5.42557
-5.42076
-5.42196
-5.43135
-5.44748
-5.46501
-5.47879
-5.48637
-5.48674
-5.48164
-5.47273
-5.46282
-5.45306
-5.44273
-5.43372
-5.42754
-5.42689
-5.43687
-5.45777
-5.48741
-5.52279
-5.55854
-5.59128
-5.61685
-5.63071
-5.63429
-5.62941
-5.61778
-5.5993
-5.57988
-5.56011
-5.5415
-5.52369
-5.50583
-5.49147
-5.47972
-5.47296
-5.47289
-5.47748
-5.48658
-5.49442
-5.50236
-5.50816
-5.50906
-5.50654
-5.50276
-5.49662
-5.48803
-5.47727
-5.46382
-5.44667
-5.42544
-5.40361
-5.38033
-5.35701
-5.33727
-5.3203
-5.30866
-5.30467
-5.31035
-5.32376
-5.34273
-5.36646
-5.3902
-5.4127
-5.43357
-5.45251
-5.46984
-5.48275
-5.49233
-5.49788
-5.4974
-5.49171
-5.48047
-5.46515
-5.4502
-5.43699
-5.42595
-5.41925
-5.41422
-5.40762
-5.40274
-5.3978
-5.39289
-5.39045
-5.39333
-5.40208
-5.41818
-5.4391
-5.4603
-5.48077
-5.49707
-5.50695
-5.51029
-5.50594
-5.50011
-5.49256
-5.4841
-5.47788
-5.47423
-5.47277
-5.47209
-5.47095
-5.46872
-5.46377
-5.45833
-5.45298
-5.44677
-5.4399
-5.43324
-5.42611
-5.42158
-5.41871
-5.41727
-5.42053
-5.42389
-5.42908
-5.43642
-5.44491
-5.45798
-5.47713
-5.50188
-5.53152
-5.56176
-5.59024
-5.61303
-5.62768
-5.63103
-5.62329
-5.60366
-5.57331
-5.53371
-5.4879
-5.43987
-5.39459
-5.35614
-5.3268
-5.3086
-5.30078
-5.30381
-5.31334
-5.32986
-5.34984
-5.37375
-5.3995
-5.42553
-5.45032
-5.47201
-5.48842
-5.50057
-5.50643
-5.50835
-5.50838
-5.50811
-5.51066
-5.51726
-5.52858
-5.53977
-5.54575
-5.54713
-5.54123
-5.52883
-5.51454
-5.50371
-5.49625
-5.496
-5.50241
-5.51259
-5.52408
-5.53514
-5.54254
-5.54305
-5.53581
-5.52134
-5.5002
-5.47594
-5.44864
-5.42103
-5.39616
-5.37987
-5.37232
-5.37425
-5.38246
-5.39647
-5.41184
-5.42528
-5.43705
-5.4452
-5.45199
-5.45421
-5.45014
-5.43723
-5.41604
-5.3852
-5.34637
-5.30341
-5.25946
-5.22056
-5.19008
-5.17279
-5.17011
-5.18164
-5.20281
-5.22833
-5.25417
-5.2708
-5.27873
-5.27784
-5.26919
-5.25835
-5.25115
-5.25153
-5.2593
-5.27558
-5.29811
-5.32726
-5.3625
-5.4026
-5.44314
-5.48496
-5.5225
-5.553
-5.57531
-5.58698
-5.58465
