1.1
1.10478
1.11394
1.12722
1.14287
1.15807
1.17017
1.17742
1.17919
1.17585
1.16847
1.15854
1.14766
1.13718
1.12798
1.12038
1.11421
1.10899
1.10429
1.10007
1.0969
1.09581
1.09768
1.10255
1.10924
1.11554
1.11899
1.11784
1.11168
1.10161
1.08989
1.07929
1.07235
1.07104
1.07598
1.08578
1.09762
1.10895
1.11847
1.12603
1.13178
1.13561
1.13707
1.13563
1.13094
1.12293
1.11188
1.09821
1.08253
1.0658
1.04962
1.03599
1.02687
1.02352
1.02624
1.03432
1.04661
1.06192
1.07923
1.09753
1.11559
1.13197
1.14517
1.15385
1.15703
1.15424
1.14571
1.13234
1.11555
1.09719
1.07939
1.06437
1.05428
1.05071
1.05414
1.0637
1.07728
1.09213
1.10551
1.11532
1.12056
1.12149
1.11935
1.1157
1.1115
1.10666
1.10017
1.09076
1.0777
1.06138
1.04359
1.02722
1.01583
1.01275
1.02008
1.03796
1.06421
1.09476
1.12472
1.14981
1.16733
1.17657
1.17844
1.17491
1.16809
1.15955
1.15017
1.14046
1.13113
1.12325
1.118
1.11598
1.11674
1.11889
1.12062
1.12038
1.11741
1.11189
1.10479
1.09757
1.09179
1.08862
1.08833
1.08997
1.09156
1.09099
1.08696
1.0796
1.0703
1.06114
1.05414
1.05074
1.0516
1.05643
1.06395
1.07207
1.07837
1.08072
1.07784
1.06956
1.05677
1.04116
1.02496
1.01068
1.00082
0.997341
1.00116
1.01205
1.02897
1.05061
1.0755
1.10181
1.12715
1.14882
1.16439
1.17212
1.17123
1.1621
1.14636
1.12705
1.10823
1.09401
1.08713
1.08783
1.09396
1.10198
1.10841
1.11092
1.1088
1.10271
1.09429
1.08576
1.07965
1.07822
1.08285
1.09337
1.10806
1.12412
1.13869
1.14967
1.15629
1.15909
1.15962
1.15966
1.16038
1.16188
1.16334
1.16381
1.16277
1.16024
1.15632
1.15078
1.14303
1.13257
1.11963
1.10556
1.09267
1.08353
1.08003
1.08258
1.09002
1.10029
1.11127
1.12157
1.1307
1.13881
1.14636
1.15364
1.16056
1.16667
1.17141
1.17443
1.17583
1.17622
1.17638
1.17685
1.17753
1.17778
1.17671
1.17356
1.16772
1.15882
1.14662
1.13112
1.11284
1.09296
1.07335
1.05636
1.04423
1.03852
1.03963
1.04675
1.05822
1.07213
1.08662
1.10012
1.11136
1.11964
1.125
1.12806
1.12945
1.12935
1.12747
1.12365
1.11862
1.11424
1.11278
1.1156
1.12229
1.13099
1.1394
1.14583
1.14951
1.1505
1.14949
1.14756
1.14595
1.14565
1.14675
1.14809
1.14749
1.14277
1.1327
1.11778
1.10034
1.08383
1.07141
1.06446
1.06214
1.06236
1.0632
1.06366
1.06359
1.0631
1.06203
1.05978
1.05537
1.0479
1.0369
1.0225
1.00539
0.986458
0.96659
0.947116
0.930534
0.920419
0.920044
0.930806
0.951788
0.980264
1.01214
1.04272
1.06809
1.08633
1.09755
1.10314
1.10484
1.10431
1.10288
1.10161
1.10124
1.10218
1.10431
1.107
1.10928
1.11002
1.10831
1.10375
1.09659
1.08774
1.07854
1.07036
1.06422
1.06045
1.05872
1.05832
1.05863
1.05947
1.06102
1.06358
1.06732
1.07209
1.07736
1.08263
1.08778
1.0929
1.09787
1.10202
1.10437
1.10422
1.10161
1.09753
1.09377
1.09231
1.094
1.09781
1.10163
1.10361
1.10308
1.10041
1.09634
1.09142
1.08591
1.07983
1.07337
1.06705
1.06163
1.05774
1.05538
1.05391
1.05262
1.05135
1.05059
1.05105
1.05295
1.05566
1.05796
1.05852
1.05631
1.0507
1.04145
1.02879
1.01362
0.997871
0.984456
0.976467
0.975736
0.982079
0.994177
1.01088
1.03152
1.0553
1.08056
1.10478
1.12515
1.13946
1.14671
1.1472
1.14237
1.13439
1.12557
1.11777
1.11199
1.1083
1.10627
1.10541
1.10557
1.10715
1.11095
1.1178
1.12809
1.14146
1.15673
1.17209
1.18544
1.19476
1.19851
1.19582
1.18676
1.1725
1.15512
1.13728
1.12149
1.10935
1.10116
1.09629
1.09383
1.09307
1.09361
1.09511
1.09717
1.09936
1.1013
1.10281
1.10395
1.10512
1.10689
1.10966
1.11329
1.11696
1.11962
1.12061
1.12008
1.11881
1.11774
1.11757
1.11873
1.1214
1.12556
1.13081
1.13641
1.14129
1.14445
1.14519
1.14338
1.13948
1.13445
1.12939
1.12513
1.12199
1.11984
1.11835
1.11725
1.11643
1.11583
1.11539
1.11513
1.11512
1.11568
1.11738
1.1209
1.12694
1.13589
1.14769
1.16154
1.17614
1.18994
1.20159
1.21013
1.21493
1.21556
1.21171
1.20343
1.19123
1.1762
1.15996
1.14433
1.13096
1.12094
1.11469
1.11203
1.11256
1.11591
1.12186
1.13028
1.14093
1.15329
1.16638
1.17876
1.18866
1.1943
1.19431
1.18808
1.17614
1.16031
1.14351
1.12923
1.12041
1.11842
1.12251
1.13014
1.1381
1.14376
1.14582
1.14441
1.14075
1.13662
1.13378
1.13368
1.13719
1.14436
1.15443
1.16603
1.17753
1.18741
1.19449
1.19805
1.19778
1.1937
1.18594
1.17457
1.1596
1.14102
1.11917
1.09492
1.06984
1.04609
1.02614
1.01214
1.00524
1.00539
1.01212
1.0253
1.04498
1.06995
1.09707
1.12236
1.14286
1.15758
1.16731
1.17345
1.17676
1.17685
1.17276
1.1639
1.15071
1.13463
1.11772
1.10214
1.08968
1.08147
1.07803
1.0795
1.08585
1.09691
1.11216
1.13041
1.14949
1.16636
1.17763
1.18037
1.17287
1.15512
1.12901
1.09827
1.06792
1.04307
1.02721
1.02094
1.02201
1.02688
1.03283
1.03905
1.04621
1.05535
1.06639
1.07765
1.08637
1.09018
1.08859
1.08363
1.07909
1.07852
1.08354
1.09414
1.10968
1.12825
1.14542
1.15619
1.15816
1.15234
1.14173
1.1294
1.11721
1.10571
1.09479
1.08463
1.07602
1.07042
1.0697
1.07533
1.08713
1.10272
1.11856
1.13181
1.14119
1.14671
1.14911
1.14949
1.14896
1.14811
1.14662
1.14344
1.13741
1.1279
1.11523
1.10073
1.08633
1.07387
1.06447
1.05833
1.05511
1.0546
1.057
1.06288
1.0727
1.08633
1.10292
1.1211
1.13944
1.15667
1.17167
1.18346
1.19121
1.19435
1.1927
1.18653
1.17655
1.16386
1.14975
1.13531
1.12131
1.10845
1.09777
1.09061
1.0882
1.09097
1.09809
1.10762
1.11712
1.1243
1.12768
1.12662
1.12127
1.11207
1.09942
1.08377
1.06631
1.0496
1.03689
1.02999
1.02786
1.02778
1.02737
1.02561
1.02273
1.01969
1.01779
1.018
1.0206
1.02531
1.03171
1.03968
1.0493
1.06057
1.07318
1.08659
1.10021
1.11361
1.12644
1.13814
1.14764
1.15362
1.15485
1.15067
1.14108
1.12665
1.10847
1.08825
1.06839
1.05177
1.04091
1.03707
1.03991
1.04788
1.0588
1.07049
1.08123
1.09013
1.09718
1.1028
1.10753
1.1117
1.11551
1.11916
1.12266
1.12563
1.12728
1.12703
1.12511
1.12304
1.12311
1.12736
1.13635
1.14877
1.16191
1.17266
1.17834
1.17709
1.16801
1.15137
1.1289
1.10377
1.0801
1.06195
1.05199
1.05067
1.05631
1.0658
1.07569
1.08301
1.08588
1.0839
1.07813
1.07049
1.06273
1.05557
1.04843
1.04005
1.02937
1.01634
1.00228
0.989681
0.981503
0.980064
0.985976
0.997732
1.01229
1.02642
1.03787
1.04565
1.04935
1.04875
1.04409
1.03669
1.029
1.02426
1.02579
1.03608
1.05581
1.08301
1.1135
1.14275
1.16744
1.18593
1.19777
1.20317
1.20239
1.19564
1.18315
1.16541
1.14357
1.11985
1.09787
1.08216
1.07668
1.08272
1.09776
1.11632
1.13206
1.13991
1.13725
1.12415
1.10307
1.07835
1.05517
1.03833
1.03096
1.03362
1.04418
1.05875
1.07314
1.08434
1.09117
1.09403
1.09426
1.09348
1.09313
1.09414
1.09675
1.10034
1.10353
1.10464
1.10239
1.09661
1.08841
1.07974
1.07266
1.06838
1.06675
1.06649
1.06593
1.06379
1.05972
1.05421
1.04845
1.04397
1.04226
1.04427
1.05022
1.05969
1.0719
1.08613
1.10171
1.11787
1.13343
1.14699
1.15719
1.16319
1.16488
1.16311
1.15947
1.15595
1.15424
1.15504
1.15761
1.16001
1.15991
1.15552
1.1463
1.1331
1.11789
1.10307
1.09073
1.08202
1.07695
1.07467
1.074
1.07396
1.07409
1.07454
1.07573
1.07808
1.08173
1.08645
1.09173
1.0969
1.10141
1.10511
1.10837
1.11216
1.11774
1.12612
1.13747
1.15089
1.16462
1.17662
1.18523
1.18948
1.1892
1.18487
1.17742
1.1679
1.15723
1.14609
1.13507
1.12495
1.11689
1.11223
1.11202
1.11619
1.12331
1.13086
1.13618
1.13747
1.13435
1.12788
1.12008
1.11317
1.10891
1.10828
1.11154
1.11845
1.12825
1.13939
1.14955
1.15629
1.15788
1.15383
1.14492
1.13285
1.11957
1.10671
1.09535
1.08608
1.07934
1.07563
1.07549
1.07922
1.08656
1.09662
1.10812
1.11959
1.12937
1.13568
1.1368
1.13169
1.12037
1.10413
1.08535
1.06722
1.05304
1.04539
1.04543
1.05269
1.0653
1.08068
1.09611
1.10944
1.1192
1.12468
1.12573
1.1226
1.11585
1.10643
1.09575
1.08547
1.07723
1.07225
1.07118
1.07398
1.07984
1.08745
1.09528
1.10195
1.10646
1.10824
1.10719
1.10365
1.09831
1.0922
1.0866
1.08307
1.08308
1.08743
1.09566
1.10596
1.11574
1.12247
1.12421
1.11995
1.10984
1.09543
1.07967
1.06601
1.05686
1.05237
1.05099
1.05114
1.05228
1.05454
1.05795
1.06249
1.06909
1.07975
1.09598
1.11679
1.13819
1.15503
1.16358
1.1629
1.15466
1.14194
1.12795
1.11522
1.10531
1.09914
1.09712
1.09914
1.1043
1.1111
1.11783
1.12317
1.12639
1.12731
1.12615
1.12327
1.11898
1.11352
1.10723
1.10055
1.09405
1.08825
1.08367
1.08085
1.08046
1.08313
1.08916
1.09821
1.10922
1.12082
1.1316
1.14043
1.14642
1.14878
1.14682
1.14012
1.12907
1.11526
1.10151
1.09089
1.08511
1.08349
1.08349
1.08243
1.07857
1.07138
1.06106
1.04825
1.034
1.01988
1.00792
1.00014
0.998038
1.00194
1.01075
1.02202
1.03245
1.03854
1.03749
1.02851
1.01465
1.0033
1.00189
1.01121
1.02572
1.03978
1.05097
1.05915
1.06501
1.06948
1.07347
1.07758
1.08191
1.0859
1.08846
1.08821
1.08398
1.07549
1.06399
1.05229
1.04358
1.03958
1.03974
1.0424
1.0462
1.05046
1.05462
1.05811
1.06059
1.06233
1.06427
1.06767
1.07354
1.08221
1.09321
1.10552
1.11814
1.13062
1.14323
1.15659
1.17098
1.18577
1.19946
1.21016
1.21626
1.21687
1.21202
1.20257
1.19007
1.17627
1.16259
1.14963
1.13698
1.12355
1.10819
1.0904
1.07065
1.05023
1.03065
1.01326
0.999076
0.988944
0.983763
0.984528
0.992047
1.00651
1.02718
1.05234
1.0795
1.1059
1.12911
1.14748
1.16063
1.16946
1.1761
1.18323
1.19297
1.20568
1.21939
1.2307
1.23637
1.23444
1.22452
1.20762
1.18571
1.16143
1.13762
1.11651
1.09885
1.0837
1.06933
1.05458
1.03981
1.02703
1.01898
1.0177
1.02347
1.03466
1.04823
1.06077
1.06919
1.07129
1.06618
1.0548
1.04032
1.02778
1.02233
1.02701
1.04171
1.06368
1.08899
1.11375
1.13518
1.15181
1.16301
1.1684
1.16768
1.16086
1.14863
1.1326
1.11496
1.09776
1.0822
1.06856
1.05656
1.04561
1.03496
1.02388
1.0121
1.00024
0.989982
0.98355
0.982869
0.988748
1.00044
1.01582
1.03198
1.0459
1.05529
1.05914
1.05791
1.05327
1.0475
1.04277
1.04053
1.04134
1.04496
1.05055
1.05696
1.06305
1.06798
1.07138
1.0735
1.07526
1.0779
1.08243
1.08878
1.09561
1.10086
1.10263
1.09989
1.0928
1.08267
1.07157
1.06168
1.05455
1.05075
1.04996
1.05141
1.05421
1.05744
1.06041
1.06283
1.06509
1.06796
1.07186
1.07616
1.07929
1.07959
1.07614
1.06925
1.06046
1.05215
1.04689
1.04667
1.05214
1.06222
1.07444
1.08591
1.09436
1.09864
1.09883
1.09605
1.09209
1.08911
1.08905
1.09321
1.10185
1.1141
1.12792
1.14052
1.14903
1.15128
1.14635
1.13474
1.11816
1.09908
1.08019
1.064
1.05258
1.04723
1.04817
1.05441
1.06391
1.07401
1.08207
1.08618
1.08567
1.08137
1.07525
1.0697
1.06663
1.06693
1.07027
1.07539
1.08079
1.08538
1.08882
1.09143
1.09377
1.09619
1.0989
1.10218
1.10646
1.11207
1.11904
1.12711
1.13577
1.14417
1.15103
1.15475
1.15365
1.14663
1.13385
1.11729
1.1005
1.08749
1.08095
1.08116
1.08626
1.09353
1.10066
1.10661
1.11163
1.11666
1.12235
1.12837
1.13356
1.13665
1.13706
1.13498
1.13094
1.12527
1.11789
1.10849
1.09682
1.08285
1.0669
1.04959
1.03168
1.01397
0.997416
0.983406
0.973753
0.970475
0.975311
0.989167
1.01166
1.04099
1.07407
1.10685
1.13481
1.15374
1.16048
1.15348
1.1333
1.10336
1.07013
1.0408
1.01893
1.00299
0.989627
0.97714
0.966088
0.958091
0.954624
0.956379
0.96324
0.974586
0.989527
1.00706
1.02624
1.04609
1.06568
1.08396
1.0997
1.11158
1.11855
1.12015
1.1168
1.10975
1.10077
1.09168
1.08407
1.079
1.07688
1.07733
1.07928
1.08134
1.08229
1.08152
1.07917
1.07602
1.07333
1.07264
1.07545
1.08284
1.09504
1.11126
1.1298
1.14847
1.16497
1.17714
1.18319
1.18174
1.1722
1.15515
1.13271
1.10853
1.08717
1.07277
1.06779
1.07242
1.0848
1.10191
1.12057
1.13811
1.15263
1.16288
1.16798
1.16736
1.16078
1.14876
1.1328
1.11529
1.09913
1.08673
1.07918
1.07621
1.07694
1.08056
1.08622
1.09264
1.09804
1.10077
1.10011
1.09677
1.09239
1.08879
1.0872
1.08808
1.0912
1.096
1.10169
1.10765
1.11363
1.11966
1.12539
1.12976
1.13122
1.12862
1.12191
1.11229
1.10196
1.09349
1.08896
1.0891
1.09298
1.09841
1.10303
1.10519
1.10444
1.10134
1.09703
1.0926
1.08869
1.08551
1.0831
1.08187
1.08271
1.08648
1.09327
1.10224
1.11189
1.12083
1.12826
1.13412
1.13885
1.14285
1.14612
1.14807
1.14777
1.14458
1.13879
1.13189
1.12598
1.12251
1.12168
1.12281
1.12463
1.12518
1.12235
1.11599
1.11025
1.11192
1.12356
1.13978
1.15241
1.15674
1.15302
1.14521
1.13881
1.1383
1.14497
1.15677
1.17013
1.18183
1.18965
1.19224
1.18878
1.17899
1.1634
1.14344
1.1213
1.09953
1.08053
1.06603
1.0569
1.05325
1.05465
1.06041
1.06969
1.08156
1.09506
1.10935
1.12377
1.13784
1.15112
1.16311
1.17314
1.18054
1.18474
1.18548
1.18298
1.17791
1.17127
1.16426
1.15796
1.153
1.14923
1.1457
1.14111
1.13447
1.12547
1.11443
1.10179
1.08781
1.07259
1.05656
1.04105
1.02827
1.02059
1.01958
1.02549
1.03735
1.05319
1.07065
1.08771
1.10325
1.11706
1.12935
1.14024
1.14962
1.15718
1.16253
1.1653
1.16524
1.1623
1.15673
1.14918
1.14059
1.13193
1.12398
1.1171
1.11131
1.10645
1.10244
1.09924
1.09684
1.09514
1.094
1.09337
1.0934
1.09431
1.09628
1.09923
1.10271
1.10576
1.10712
1.10579
1.10156
1.09509
1.08745
1.07946
1.07148
1.06363
1.05609
1.04924
1.04365
1.03985
1.03824
1.03924
1.04329
1.05087
1.06215
1.07671
1.09334
1.11026
1.12545
1.13722
1.1446
1.14739
1.14613
1.14173
1.13525
1.12781
1.12057
1.11477
1.11171
1.1125
1.1174
1.1254
1.13429
1.14157
1.14575
1.14706
1.14677
1.1454
1.14195
1.13505
1.12475
1.11315
1.10355
1.0989
1.10062
1.10819
1.11938
1.13113
1.14049
1.1457
1.14665
1.14478
1.14242
1.14181
1.14431
1.14978
1.15693
1.16403
1.1696
1.17234
1.17124
1.16572
1.15571
1.14162
1.12416
1.10443
1.08423
1.06629
1.05382
1.04933
1.05349
1.06509
1.08199
1.10218
1.12385
1.14511
1.16355
1.17669
1.18285
1.18184
1.1752
1.16565
1.15631
1.14973
1.14725
1.14867
1.15253
1.15674
1.15939
1.15948
1.15692
1.15223
1.1458
1.13777
1.128
1.11652
1.10392
1.09152
1.08112
1.07442
1.07221
1.07407
1.07864
1.08419
1.08926
1.09303
1.0955
1.09719
1.09855
1.09956
1.09987
1.09924
1.09773
1.09577
1.09381
1.0919
1.08955
1.08596
1.08039
1.07251
1.06244
1.0507
1.03819
1.02608
1.01581
1.00896
1.0071
1.01152
1.0227
1.03964
1.05982
1.07997
1.09685
1.10797
1.11183
1.10823
1.09839
1.08482
1.07065
1.0587
1.05076
1.04726
1.04761
1.05056
1.05469
1.05875
1.06211
1.06496
1.06812
1.07227
1.07712
1.08156
1.0845
1.08589
1.08682
1.08906
1.09407
1.10231
1.11294
1.12395
1.13285
1.13741
1.13627
1.1292
1.11683
1.10037
1.08137
1.0614
1.04207
1.02498
1.01196
1.00508
1.0063
1.01646
1.03448
1.05749
1.08188
1.1044
1.12283
1.13613
1.14431
1.14806
1.14843
1.14646
1.14317
1.13944
1.13596
1.13313
1.13081
1.12838
1.1247
1.11858
1.10932
1.0972
1.08378
1.07154
1.06303
1.06018
1.06372
1.07304
1.08634
1.10088
1.11368
1.1221
1.12452
1.12085
1.11289
1.10377
1.09649
1.09258
1.0917
1.09254
1.09369
1.09417
1.09367
1.09249
1.09155
1.09204
1.0947
1.09943
1.10533
1.1113
1.11661
1.12122
1.12552
1.12987
1.13405
1.13689
1.13656
1.13114
1.1193
1.10078
1.07673
1.04999
1.02491
1.00638
0.998032
1.00109
1.01436
1.03522
1.0605
1.08706
1.1122
1.13382
1.15047
1.16132
1.16609
1.16508
1.15906
1.149
1.13598
1.12103
1.10507
1.08892
1.07341
1.05932
1.04749
1.03899
1.03518
1.03737
1.04613
1.06077
1.07933
1.09938
1.11869
1.13546
1.14826
1.15589
1.15745
1.1529
1.14351
1.13187
1.12126
1.11441
1.11224
1.11342
1.11515
1.11458
1.11057
1.10493
1.10145
1.10281
1.10855
1.11656
1.12521
1.1336
1.14099
1.14654
1.14948
1.14931
1.14603
1.14021
1.133
1.12587
1.12024
1.11688
1.11554
1.11486
1.11283
1.10766
1.09851
1.08581
1.07112
1.0566
1.04431
1.03553
1.03047
1.02838
1.02817
1.02904
1.03085
1.03408
1.03929
1.04655
1.05518
1.06386
1.07117
1.07618
1.07881
1.07958
1.07898
1.07693
1.07286
1.06627
1.05769
1.04907
1.04337
1.04298
1.04843
1.05843
1.07089
1.08388
1.09592
1.10588
1.11295
1.11663
1.11674
1.11351
1.10765
1.10025
1.0926
1.08597
1.08143
1.07978
1.08141
1.08608
1.09293
1.10071
1.10843
1.11583
1.12325
1.13118
1.13951
1.14718
1.15252
1.15393
1.15051
1.14244
1.13086
1.11743
1.10375
1.09102
1.08006
1.07144
1.06556
1.06255
1.06232
1.06467
1.06951
1.07695
1.08712
1.09981
1.1142
1.12878
1.14162
1.15079
1.15478
1.15283
1.14502
1.1321
1.11528
1.09597
1.0757
1.05641
1.04059
1.031
1.03018
1.0395
1.05856
1.08492
1.11463
1.14338
1.16762
1.18517
1.19527
1.19819
1.19497
1.18713
1.1767
1.16601
1.15729
1.15199
1.15033
1.15132
1.15332
1.15464
1.15419
1.15161
1.14709
1.14097
1.1335
1.1249
1.11579
1.10788
1.10402
1.10707
1.11722
1.13023
1.13892
1.13719
1.12305
1.09928
1.07229
1.04961
1.03722
1.03714
1.04671
1.06035
1.07251
1.07988
1.0821
1.08094
1.07856
1.07625
1.07462
1.07413
1.07481
1.07575
1.07533
1.07213
1.06567
1.0567
1.04697
1.03885
1.03462
1.0357
1.0423
1.05334
1.06683
1.08043
1.09207
1.10033
1.10459
1.10497
1.10212
1.09704
1.0908
1.08436
1.07844
1.07345
1.06961
1.06723
1.06686
1.06917
1.07458
1.08277
1.09262
1.10265
1.11163
1.11903
1.12492
1.12968
1.1334
1.13557
1.13501
1.13044
1.12115
1.10764
1.0917
1.07605
1.06352
1.05625
1.05482
1.05793
1.06303
1.06767
1.07035
1.07059
1.06854
1.06487
1.06053
1.05656
1.05378
1.05261
1.05309
1.05499
1.05805
1.06197
1.06654
1.07161
1.07729
1.08384
1.09152
1.10032
1.10973
1.11861
1.12531
1.12805
1.12571
1.11842
1.10764
1.09547
1.0837
1.07304
1.06309
1.05263
1.04033
1.02535
1.00798
0.989723
0.972982
0.960222
0.953116
0.952065
0.956237
0.963971
0.973395
0.983078
0.992555
1.00234
1.01349
1.02689
1.04272
1.06021
1.07782
1.09367
1.10599
1.11354
1.1159
1.11361
1.10802
1.10099
1.09437
1.08954
1.08737
1.08813
1.09173
1.09772
1.1052
1.1126
1.11784
1.11874
1.11373
1.10243
1.08577
1.06585
1.04557
1.02796
1.01568
1.01061
1.0134
1.02307
1.03701
1.05175
1.06412
1.07231
1.07608
1.07632
1.0742
1.07061
1.06604
1.0606
1.05431
1.04736
1.0404
1.03477
1.03236
1.03496
1.04324
1.05616
1.07164
1.08788
1.10414
1.12058
1.13751
1.1548
1.17183
1.18754
1.20065
1.20969
1.21322
1.21023
1.20061
1.18534
1.16662
1.14756
1.1314
1.12028
1.11441
1.11218
1.11098
1.10817
1.10165
1.09042
1.07499
1.05764
1.04199
1.03166
1.0287
1.03296
1.04267
1.0558
1.07119
1.08868
1.10842
1.12995
1.15191
1.17261
1.19063
1.20514
1.21574
1.22221
1.22442
1.22236
1.21615
1.20615
1.19296
1.17741
1.16062
1.14388
1.12855
1.11586
1.10671
1.10149
1.09984
1.10073
1.10285
1.10506
1.10679
1.10808
1.10932
1.11105
1.11359
1.11689
1.12046
1.1235
1.12525
1.12534
1.12392
1.12158
1.11931
1.11833
1.11974
1.12394
1.13033
1.1377
1.14508
1.15213
1.15879
1.16459
1.16826
1.16803
1.16242
1.15083
1.13371
1.11234
1.08844
1.06379
1.0401
1.01905
1.00215
0.990538
0.984698
0.984372
0.988804
0.99725
1.00919
1.0241
1.04093
1.05805
1.07358
1.08606
1.09497
1.10086
1.10523
1.11011
1.1171
1.1265
1.13686
1.14571
1.15085
1.15169
1.14986
1.14895
1.15272
1.16238
1.1752
1.18613
1.19096
1.18804
1.17807
1.16292
1.14446
1.12399
1.10254
1.08146
1.06276
1.04861
1.04057
1.03902
1.0433
1.05204
1.06341
1.07541
1.0864
1.09554
1.10303
1.10988
1.11729
1.12606
1.13615
1.14678
1.15684
1.16542
1.17189
1.17568
1.17588
1.17131
1.16092
1.14439
1.12244
1.09671
1.06946
1.04329
1.02096
1.0055
0.999806
1.00545
1.02119
1.04266
1.06388
1.07948
1.0864
1.0843
1.07516
1.06248
1.05023
1.04152
1.03774
1.03841
1.0419
1.04626
1.04994
1.05207
1.05252
1.05168
1.0501
1.04818
1.04582
1.04235
1.03687
1.02892
1.01931
1.01007
1.00372
1.00188
1.00451
1.01021
1.01719
1.02402
1.02976
1.03375
1.03542
1.03466
1.03263
1.03199
1.03589
1.04627
1.06262
1.08244
1.10251
1.12018
1.13392
1.14333
1.14868
1.15041
1.14884
1.14423
1.13707
1.128
1.11759
1.10614
1.09407
1.08192
1.06988
1.05763
1.04513
1.0331
1.02275
1.01544
1.01232
1.01409
1.02041
1.02992
1.0408
1.05159
1.06142
1.06975
1.07606
1.07966
1.07975
1.07573
1.06748
1.05582
1.04274
1.03103
1.02325
1.02051
1.02209
1.02649
1.03264
1.04034
1.04988
1.06159
1.07553
1.09108
1.10666
1.11993
1.12856
1.13111
1.12744
1.11861
1.10641
1.09294
1.08006
1.06895
1.06002
1.05315
1.0481
1.04488
1.04387
1.04555
1.05013
1.05732
1.06644
1.07672
1.08744
1.09799
1.10756
1.11512
1.11956
1.12007
1.1165
1.10965
1.101
1.09239
1.08558
1.0819
1.08199
1.08561
1.09162
1.09835
1.10419
1.10806
1.1097
1.10965
1.10912
1.10963
1.11257
1.11862
1.12757
1.13839
1.14981
1.16072
1.17049
1.17875
1.18525
1.18962
1.19154
1.19088
1.1878
1.1827
1.176
1.16789
1.15814
1.14634
1.13245
1.11752
1.10331
1.09129
1.08202
1.07558
1.07224
1.07225
1.07517
1.07947
1.08307
1.08404
1.08119
1.07426
1.06405
1.05256
1.04277
1.03784
1.03992
1.04925
1.06423
1.0822
1.10032
1.11631
1.12883
1.13744
1.14225
1.14332
1.14021
1.132
1.11795
1.09861
1.07659
1.0562
1.04139
1.03351
1.03103
1.03145
1.03276
1.03382
1.03396
1.03286
1.03072
1.02852
1.02778
1.03016
1.03681
1.04819
1.0639
1.08262
1.10231
1.12058
1.13511
1.14397
1.14614
1.14183
1.13238
1.11982
1.10604
1.09232
1.07936
1.06773
1.0585
1.05315
1.05277
1.0573
1.06533
1.07466
1.08321
1.08961
1.09347
1.09516
1.09557
1.09563
1.09597
1.09683
1.09812
1.09958
1.10103
1.10244
1.1039
1.10548
1.10698
1.10776
1.10699
1.10422
1.09957
1.09374
1.08764
1.08214
1.07802
1.07591
1.07632
1.07975
1.08686
1.09833
1.11426
1.1334
1.15316
1.17033
1.18229
1.1878
1.18731
1.18263
1.17618
1.16965
1.16293
1.15415
1.14124
1.12333
1.10143
1.078
1.05594
1.03746
1.02375
1.01507
1.01128
1.0121
1.0173
1.02666
1.03983
1.05605
1.07422
1.09289
1.11054
1.12586
1.13807
1.14705
1.15305
1.15634
1.15695
1.15473
1.14958
1.14179
1.13214
1.12175
1.1118
1.10323
1.09661
1.0921
1.08945
1.0882
1.08772
1.08739
1.08694
1.08689
1.08844
1.09314
1.10217
1.11589
1.13357
1.15329
1.17215
1.18691
1.19475
1.19388
1.18388
1.16592
1.14278
1.11843
1.09716
1.08239
1.07587
1.07761
1.08658
1.10133
1.12022
1.14116
1.16146
1.17823
1.18912
1.19273
1.18873
1.17787
1.16178
1.14277
1.12338
1.10598
1.09248
1.08411
1.0813
1.08352
1.08937
1.09714
1.10541
1.11342
1.12094
1.1278
1.13373
1.13837
1.14133
1.14216
1.14041
1.13603
1.12941
1.12114
1.11172
1.10165
1.09181
1.08378
1.07967
1.08129
1.08892
1.10092
1.11459
1.12766
1.13897
1.14848
1.15678
1.16463
1.17258
1.18076
1.18874
1.19567
1.20044
1.20208
1.20001
1.19415
1.1849
1.17309
1.1598
1.14627
1.13377
1.12343
1.11616
1.11256
1.11284
1.1167
1.1232
1.13094
1.13825
1.14375
1.14661
1.1468
1.14498
1.14205
1.13866
1.13478
1.12963
1.12208
1.11131
1.09754
1.08229
1.06795
1.05685
1.0505
1.04934
1.05308
1.06081
1.07091
1.08087
1.08799
1.09034
1.08758
1.08083
1.07184
1.0623
1.05361
1.04738
1.04586
1.05163
1.06638
1.08978
1.11931
1.15124
1.18171
1.20756
1.2266
1.23755
1.23999
1.23428
1.22167
1.20433
1.18512
1.1667
1.15067
1.1373
1.12588
1.11561
1.10628
1.09831
1.09248
1.08922
1.08821
1.0885
1.08921
1.09004
1.09119
1.09296
1.09549
1.09883
1.10328
1.10932
1.11739
1.12743
1.13862
1.14939
1.1579
1.16255
1.16228
1.15665
1.14566
1.12963
1.10919
1.08523
1.05908
1.03251
1.00789
0.988192
0.976426
0.974579
0.982564
0.998085
1.01765
1.03788
1.05637
1.07192
1.0843
1.09379
1.10074
1.10522
1.10707
1.10588
1.1012
1.09265
1.08021
1.06431
1.04588
1.02618
1.00672
0.98929
0.976162
0.970022
0.973223
0.986717
1.00948
1.03884
1.07131
1.10332
1.13182
1.15455
1.17019
1.17835
1.17943
1.17456
1.16535
1.15373
1.14173
1.13125
1.12357
1.11898
1.11664
1.11499
1.11266
1.10909
1.10487
1.10119
1.09893
1.09804
1.09769
1.0971
1.09628
1.09628
1.09883
1.1055
1.11675
1.13124
1.14606
1.15757
1.16278
1.16046
1.15181
1.14011
1.12923
1.12182
1.11828
1.11702
1.11548
1.11116
1.10259
1.09011
1.076
1.06356
1.05543
1.05231
1.05312
1.0559
1.05889
1.06118
1.06293
1.06522
1.06945
1.07652
1.08639
1.09804
1.10982
1.11982
1.12632
1.12828
1.12626
1.12283
1.12137
1.1234
1.12732
1.13015
1.13015
1.12768
1.12462
1.12325
1.12523
1.13075
1.13849
1.14641
1.15264
1.15592
1.1555
1.15109
1.14293
1.13185
1.11931
1.10723
1.09769
1.09268
1.0937
1.10138
1.1151
1.13288
1.15179
1.1687
1.18097
1.18693
1.18592
1.17816
1.16483
1.14787
1.12986
1.11313
1.09907
1.08784
1.0792
1.07303
1.06942
1.06833
1.06957
1.073
1.07837
1.08495
1.09123
1.09532
1.0956
1.09144
1.08352
1.07366
1.06437
1.05802
1.05594
1.05809
1.06293
1.06775
1.06928
1.06479
1.05306
1.03495
1.01308
0.991146
0.972856
0.960858
0.956124
0.957864
0.964093
0.972705
0.982559
0.993803
1.00704
1.02181
1.03601
1.04714
1.054
1.05697
1.057
1.05463
1.05008
1.04395
1.03766
1.03341
1.03331
1.03842
1.04809
1.06048
1.07361
1.08628
1.09811
1.10899
1.11855
1.12619
1.13162
1.13527
1.13828
1.14162
1.14544
1.14921
1.15236
1.15444
1.15473
1.15205
1.1452
1.13353
1.11707
1.09656
1.07352
1.0504
1.03034
1.01626
1.0095
1.00907
1.01225
1.01595
1.01808
1.01818
1.01729
1.01729
1.01996
1.02635
1.03645
1.04936
1.06358
1.07744
1.08955
1.09911
1.10607
1.11088
1.11393
1.11534
1.11503
1.11299
1.10948
1.10489
1.0995
1.09314
1.08521
1.07496
1.06224
1.04831
1.0363
1.03044
1.03358
1.04484
1.06007
1.07471
1.08579
1.09214
1.0938
1.09147
1.08656
1.08118
1.07739
1.0758
1.07498
1.07255
1.06708
1.05925
1.05191
1.04902
1.05372
1.06613
1.08311
1.10025
1.11405
1.12289
1.1268
1.12707
1.12569
1.12469
1.12555
1.12877
1.13394
1.14011
1.14619
1.15134
1.15516
1.15765
1.15914
1.15999
1.16054
1.16111
1.16181
1.16199
1.15993
1.15388
1.14369
1.13177
1.12139
1.1138
1.10705
1.0982
1.08625
1.07303
1.06191
1.05569
1.05518
1.05915
1.06521
1.07109
1.07533
1.0776
1.07844
1.07864
1.07878
1.07888
1.07873
1.07826
1.0777
1.07742
1.07778
1.0791
1.08183
1.08655
1.09368
1.1031
1.11403
1.1252
1.13542
1.14388
1.15035
1.15499
1.15826
1.16077
1.16313
1.16568
1.16831
1.17043
1.1713
1.1705
1.16818
1.16496
1.16157
1.15851
1.15591
1.15358
1.15125
1.14879
1.14639
1.14457
1.1438
1.14381
1.14321
1.14001
1.13271
1.12122
1.10713
1.09317
1.08218
1.07592
1.07436
1.07573
1.07735
1.07676
1.07252
1.06443
1.05316
1.03973
1.02512
1.01026
0.996293
0.984861
0.977968
0.977626
0.985326
1.00162
1.02584
1.05588
1.08839
1.11927
1.14438
1.16038
1.16563
1.16069
1.14827
1.13245
1.1175
1.10663
1.10118
1.10038
1.10181
1.1026
1.10053
1.09445
1.08419
1.07056
1.05542
1.04151
1.03174
1.02813
1.03109
1.03958
1.05183
1.06594
1.08012
1.09257
1.10164
1.10598
1.10494
1.09872
1.08839
1.07577
1.0633
1.05353
1.0485
1.04924
1.0557
1.06709
1.08211
1.09887
1.11488
1.12766
1.13552
1.13807
1.13622
1.1315
1.12543
1.11912
1.11318
1.1079
1.10346
1.10021
1.09903
1.10102
1.10679
1.11556
1.12524
1.13334
1.13799
1.13821
1.13392
1.12574
1.11491
1.10294
1.09119
1.08051
1.07121
1.06346
1.0576
1.05423
1.05401
1.05745
1.06469
1.07523
1.08769
1.1
1.10989
1.11547
1.11557
1.10999
1.09978
1.08753
1.07711
1.07217
1.07432
1.08264
1.09512
1.11013
1.12642
1.14271
1.15753
1.16937
1.17691
1.17928
1.17611
1.16755
1.1541
1.13658
1.11645
1.09651
1.08102
1.07364
1.07428
1.07884
1.08241
1.0821
1.0773
1.06875
1.05817
1.04821
1.04199
1.04149
1.04622
1.05382
1.06203
1.06996
1.07783
1.08612
1.0948
1.10329
1.11083
1.11679
1.12077
1.12271
1.12286
1.12186
1.12084
1.12124
1.12438
1.13086
1.13993
1.14949
1.1568
1.15935
1.15567
1.14567
1.13066
1.11314
1.09635
1.08367
1.07781
1.08009
1.08991
1.10493
1.12178
1.13697
1.14765
1.15202
1.14946
1.14045
1.12664
1.11068
1.09609
1.08635
1.08358
1.08732
1.09461
1.10174
1.10625
1.10761
1.1067
1.10495
1.1037
1.10364
1.10457
1.10566
1.10608
1.10551
1.1043
1.10313
1.1025
1.10236
1.10224
1.10185
1.10155
1.10226
1.10491
1.10976
1.11622
1.12321
1.12962
1.13468
1.13774
1.13815
1.1353
1.12899
1.11985
1.10956
1.10049
1.09494
1.09402
1.097
1.10155
1.10493
1.10521
1.10177
1.09515
1.08651
1.07727
1.0689
1.06294
1.06095
1.06414
1.07258
1.08447
1.09638
1.1044
1.10575
1.09978
1.08818
1.0742
1.06133
1.0518
1.04604
1.04322
1.04239
1.04323
1.04602
1.05117
1.05874
1.06809
1.07797
1.08695
1.09404
1.09934
1.10394
1.10928
1.1164
1.12542
1.13565
1.14584
1.15456
1.16039
1.16209
1.15897
1.15105
1.13926
1.12551
1.11224
1.10195
1.09642
1.09636
1.10153
1.11109
1.12364
1.13722
1.14936
1.15756
1.15982
1.15506
1.1432
1.12547
1.10461
1.08459
1.06941
1.06141
1.06032
1.0637
1.06854
1.07278
1.0759
1.07883
1.08315
1.09024
1.10039
1.11239
1.12398
1.1329
1.13788
1.13895
1.13716
1.13393
1.13042
1.12695
1.12288
1.11694
1.10804
1.0964
1.08413
1.07484
1.07198
1.07696
1.08884
1.10531
1.12409
1.14343
1.16212
1.17905
1.19292
1.20235
1.20633
1.20466
1.19811
1.18817
1.17642
1.1642
1.15227
1.14089
1.13012
1.12008
1.11089
1.10266
1.09534
1.08885
1.08312
1.07833
1.07505
1.07416
1.07658
1.08304
1.09378
1.10847
1.1263
1.14602
1.16601
1.18436
1.19916
1.20879
1.21227
1.20945
1.20107
1.18875
1.17473
1.16157
1.15136
1.14522
1.14308
1.144
1.14675
1.15024
1.15373
1.15674
1.15885
1.15971
1.15938
1.15842
1.15758
1.15704
1.15626
1.15446
1.15136
1.14736
1.14314
1.13891
1.13426
1.12867
1.12206
1.11476
1.10719
1.09954
1.09183
1.08406
1.07631
1.06853
1.06036
1.05124
1.04093
1.03056
1.02318
1.02275
1.03193
1.05029
1.0745
1.10022
1.12388
1.14351
1.1584
1.16837
1.17316
1.17224
1.16496
1.15105
1.13122
1.10778
1.08483
1.06747
1.06013
1.06474
1.07975
1.10102
1.12376
1.14449
1.16166
1.17485
1.18382
1.18808
1.18754
1.18335
1.1779
1.17376
1.17236
1.17347
1.17572
1.17743
1.17724
1.17435
1.1684
1.15939
1.14776
1.13477
1.12254
1.11335
1.10849
1.10758
1.10861
1.10862
1.10471
1.09529
1.08115
1.06561
1.05347
1.04876
1.05255
1.06248
1.07448
1.08511
1.09319
1.09976
1.10685
1.11588
1.12675
1.13798
1.14765
1.15417
1.15667
1.1549
1.14905
1.13972
1.12789
1.1148
1.10163
1.08894
1.0763
1.06257
1.04663
1.0285
1.01018
0.996157
0.992031
1.00132
1.02279
1.05126
1.08074
1.10657
1.12564
1.13588
1.13607
1.12607
1.10693
1.08069
1.05001
1.0177
0.986792
0.960688
0.942903
0.936106
0.941034
0.956247
0.978973
1.00626
1.0357
1.06558
1.09457
1.12151
1.14517
1.1644
1.17819
1.18586
1.18731
1.1831
1.1746
1.16386
1.15336
1.14538
1.14136
1.14149
1.14476
1.1496
1.1548
1.16016
1.16632
1.17387
1.18248
1.19067
1.19632
1.19754
1.19339
1.1842
1.17128
1.15646
1.1414
1.12732
1.1152
1.10602
1.10061
1.09897
1.0999
1.10135
1.10131
1.09862
1.09326
1.086
1.0779
1.07019
1.06439
1.06248
1.06622
1.07597
1.09006
1.10542
1.11884
1.128
1.13182
1.13028
1.12419
1.11492
1.10435
1.09468
1.08813
1.08649
1.09061
1.1
1.11298
1.12731
1.14108
1.1532
1.16337
1.17171
1.17826
1.18257
1.18366
1.18023
1.17117
1.15601
1.13525
1.1103
1.08319
1.05631
1.0324
1.01444
1.00511
1.00577
1.01575
1.0325
1.05266
1.07281
1.0901
1.10264
1.1097
1.11179
1.11036
1.10708
1.10304
1.0985
1.09311
1.08646
1.07836
1.06908
1.05929
1.05005
1.04255
1.03782
1.03641
1.03817
1.04233
1.04786
1.05388
1.05986
1.06568
1.07142
1.07723
1.0833
1.08979
1.09697
1.10503
1.11384
1.12255
1.12949
1.13275
1.13121
1.12545
1.11789
1.11175
1.10923
1.11044
1.11414
1.11895
1.12417
1.12959
1.13518
1.14066
1.14534
1.14827
1.14856
1.14571
1.13992
1.13215
1.12382
1.11629
1.11051
1.10676
1.10482
1.10423
1.10448
1.10511
1.10561
1.10549
1.10437
1.10212
1.09902
1.09559
1.09242
1.09021
1.08963
1.09103
1.09414
1.09817
1.10224
1.10597
1.10952
1.11323
1.11709
1.12056
1.12282
1.12311
1.12118
1.11741
1.11285
1.10854
1.1047
1.10043
1.09443
1.08641
1.07778
1.07107
1.0687
1.07176
1.07956
1.08994
1.10013
1.10762
1.11095
1.11011
1.10655
1.10252
1.10008
1.10023
1.10268
1.10616
1.10886
1.10871
1.10378
1.09285
1.07617
1.05607
1.03708
1.02463
1.02238
1.03027
1.04534
1.06423
1.08456
1.10483
1.12383
1.1403
1.15294
1.1605
1.16204
1.15713
1.14613
1.13023
1.11142
1.09216
1.07494
1.06189
1.05458
1.05349
1.05758
1.06449
1.07159
1.07697
1.07984
1.08044
1.07955
1.07806
1.07663
1.07558
1.07498
1.07489
1.07532
1.07613
1.07704
1.07781
1.07836
1.07882
1.07948
1.08056
1.08197
1.08317
1.08319
1.08107
1.07627
1.06897
1.06022
1.05196
1.04665
1.04628
1.05145
1.06123
1.07411
1.08887
1.1043
1.1184
1.12835
1.13145
1.1263
1.11334
1.09472
1.07384
1.05463
1.04067
1.03429
1.036
1.04472
1.05842
1.07482
1.09165
1.10674
1.11806
1.12403
1.12382
1.1178
1.10785
1.09723
1.08965
1.08776
1.09207
1.10109
1.11239
1.12374
1.13359
1.14099
1.14512
1.14534
1.14157
1.13485
1.12713
1.12035
1.1155
1.11245
1.11065
1.10948
1.10811
1.10516
1.09911
1.08942
1.07742
1.06607
1.05809
1.05377
1.05093
1.04719
1.04168
1.03524
1.02963
1.02652
1.0267
1.02962
1.03365
1.0367
1.03712
1.0342
1.02836
1.02101
1.01429
1.01054
1.01154
1.01768
1.02766
1.03884
1.04834
1.05404
1.05518
1.05229
1.04689
1.04084
1.03568
1.0321
1.03
1.02885
1.02842
1.02929
1.03274
1.03999
1.05126
1.06538
1.08014
1.09329
1.10323
1.10922
1.11116
1.10936
1.10436
1.09708
1.0888
1.08108
1.07535
1.07233
1.07174
1.07255
1.07348
1.07363
1.0728
1.07131
1.0696
1.06781
1.0655
1.06189
1.05624
1.04836
1.03894
1.02945
1.02165
1.01676
1.01501
1.01563
1.01746
1.01942
1.02105
1.02274
1.02558
1.03063
1.03803
1.04699
1.05667
1.06681
1.07738
1.08814
1.09845
1.10739
1.11417
1.11841
1.12029
1.12048
1.11974
1.1186
1.11735
1.11648
1.11702
1.12033
1.12736
1.1379
1.15033
1.16204
1.1704
1.17361
1.17128
1.16456
1.1554
1.14552
1.13536
1.12412
1.11059
1.09415
1.07538
1.05612
1.03912
1.02745
1.02373
1.02926
1.04334
1.06334
1.08572
1.10718
1.12539
1.13915
1.14805
1.15226
1.15235
1.14926
1.14416
1.13811
1.13164
1.12463
1.1165
1.10672
1.0953
1.08295
1.07095
1.06074
1.05337
1.04926
1.04818
1.04948
1.05243
1.05645
1.0611
1.06606
1.07106
1.0761
1.08163
1.0884
1.09671
1.10552
1.11278
1.11653
1.11599
1.11177
1.10529
1.098
1.09088
1.08422
1.07791
1.07147
1.06415
1.055
1.04344
1.03014
1.01761
1.00971
1.00982
1.01872
1.0341
1.052
1.06865
1.08139
1.08868
1.0899
1.0853
1.07584
1.06319
1.04985
1.03927
1.03531
1.0407
1.05467
1.07239
1.08774
1.0968
1.09904
1.09634
1.09156
1.08723
1.08463
1.08346
1.08213
1.07876
1.07211
1.06208
1.04976
1.03725
1.02761
1.02446
1.03074
1.04674
1.06943
1.09381
1.11514
1.13024
1.13775
1.13784
1.13164
1.12072
1.10661
1.09076
1.07489
1.06098
1.05067
1.04445
1.04169
1.04127
1.04193
1.04242
1.04197
1.04074
1.04005
1.04198
1.04859
1.06098
1.07872
1.09979
1.12117
1.13963
1.15243
1.15781
1.15525
1.14558
1.13094
1.1144
1.09942
1.08892
1.08473
1.08733
1.09584
1.10825
1.12203
1.13499
1.14605
1.15509
1.16228
1.16743
1.1699
1.16923
1.16586
1.16121
1.15698
1.15433
1.15346
1.1537
1.15383
1.15277
1.1502
1.14684
1.14425
1.14403
1.14713
1.1533
1.16121
1.16888
1.17435
1.17624
1.1738
1.16691
1.15593
1.14155
1.12473
1.10677
1.08926
1.074
1.06254
1.05582
1.05401
1.05658
1.06259
1.07081
1.07987
1.08849
1.09582
1.10157
1.10601
1.10968
1.11292
1.11569
1.1175
1.11771
1.11587
1.11195
1.1063
1.09957
1.09264
1.08653
1.08242
1.08136
1.08396
1.09007
1.09862
1.10794
1.11634
1.12256
1.12584
1.12579
1.12242
1.1163
1.10881
1.10198
1.09771
1.09689
1.09893
1.10244
1.10608
1.10909
1.11098
1.11117
1.10906
1.10464
1.09902
1.09435
1.09287
1.09587
1.1031
1.11309
1.12368
1.13276
1.13863
1.14038
1.13802
1.13234
1.12469
1.1165
1.10895
1.10276
1.09827
1.0957
1.09534
1.09727
1.1011
1.10599
1.11098
1.11537
1.11884
1.12149
1.12362
1.12553
1.12724
1.12841
1.12849
1.12705
1.12398
1.11963
1.11479
1.11061
1.10822
1.1083
1.11066
1.1143
1.11779
1.11977
1.11946
1.11679
1.11236
1.10727
1.10273
1.09972
1.09873
1.09954
1.1014
1.10337
1.10475
1.10532
1.10535
1.1055
1.10649
1.10892
1.11309
1.11879
1.12525
1.13123
1.13539
1.13675
1.13487
1.12993
1.12257
1.11384
1.1049
1.09685
1.09047
1.08617
1.08406
1.08416
1.08649
1.09094
1.09711
1.10414
1.11105
1.11733
1.1233
1.12968
1.13665
1.14322
1.14757
1.14798
1.14382
1.13562
1.12464
1.11241
1.10047
1.09009
1.08191
1.07575
1.07088
1.06641
1.06169
1.0565
1.05097
1.04549
1.04055
1.0367
1.03465
1.03493
1.03739
1.04092
1.0444
1.04753
1.05043
1.05284
1.05415
1.05419
1.05341
1.05238
1.05132
1.0501
1.04854
1.04653
1.04393
1.04056
1.03642
1.03197
1.02809
1.02565
1.02528
1.02723
1.03126
1.03627
1.04048
1.04226
1.04091
1.03688
1.03118
1.02495
1.01925
1.0153
1.01445
1.01797
1.02647
1.03961
1.05609
1.07409
1.09176
1.10761
1.12077
1.13114
1.13938
1.14679
1.15483
1.16438
1.17531
1.18638
1.19562
1.20088
1.20058
1.19487
1.18663
1.18078
1.1807
1.18521
1.19028
1.19325
1.19411
1.19399
1.19347
1.1922
1.18953
1.18494
1.17793
1.16795
1.15444
1.13745
1.11813
1.09892
1.08265
1.07132
1.06529
1.06347
1.06423
1.06598
1.06751
1.06798
1.06702
1.06466
1.06138
1.0579
1.05509
1.05388
1.05513
1.0596
1.06778
1.07957
1.09412
1.10994
1.12531
1.13871
1.14921
1.15655
1.16097
1.16302
1.16326
1.16198
1.15919
1.15458
1.14767
1.13802
1.12568
1.1115
1.09726
1.08532
1.07787
1.0761
1.07989
1.08806
1.09902
1.11131
1.12376
1.13535
1.14504
1.15187
1.15513
1.15456
1.15035
1.1431
1.13368
1.12317
1.11282
1.10401
1.09815
1.09636
1.09927
1.10665
1.11741
1.12968
1.14104
1.14884
1.15054
1.1442
1.12905
1.10606
1.07815
1.04968
1.02545
1.00964
1.00448
1.00943
1.02138
1.03611
1.04982
1.06012
1.06624
1.06872
1.06872
1.06739
1.06539
1.06286
1.05975
1.05604
1.05196
1.04799
1.04478
1.04291
1.04263
1.04356
1.04476
1.04524
1.04463
1.04343
1.04268
1.04318
1.04502
1.04763
1.0503
1.05246
1.05384
1.05469
1.05581
1.05838
1.06367
1.0727
1.08617
1.10428
1.12618
1.14949
1.1707
1.18635
1.19405
1.19292
1.18358
1.16797
1.14912
1.13063
1.11585
1.10682
1.10365
1.10478
1.10796
1.11144
1.11464
1.11785
1.12161
1.12607
1.13081
1.13502
1.13769
1.13786
1.13478
1.12808
1.11784
1.10464
1.08955
1.07396
1.05948
1.04764
1.0398
1.03687
1.03902
1.04569
1.05556
1.06709
1.07895
1.09036
1.10078
1.1096
1.11596
1.11894
1.1179
1.11274
1.10409
1.09327
1.08193
1.07144
1.06254
1.05512
1.04853
1.04197
1.0348
1.02666
1.01778
1.00926
1.00279
0.999748
1.00044
1.00397
1.00889
1.01374
1.0174
1.01922
1.01911
1.01764
1.01577
1.01447
1.01458
1.0169
1.02223
1.03119
1.04387
1.05942
1.07596
1.09087
1.10147
1.10567
1.10256
1.09288
1.07918
1.06516
1.05426
1.04846
1.04829
1.05388
1.06543
1.08249
1.10313
1.12412
1.14228
1.15566
1.16391
1.16794
1.16931
1.1694
1.1691
1.16864
1.16776
1.16602
1.16268
1.15686
1.14778
1.13545
1.12119
1.10753
1.09735
1.09271
1.09388
1.09918
1.10546
1.109
1.10675
1.09737
1.08162
1.06215
1.04272
1.02733
1.01916
1.01951
1.02737
1.03986
1.05356
1.06599
1.07607
1.08388
1.09002
1.0951
1.09944
1.10312
1.10627
1.10964
1.11448
1.12127
1.12843
1.133
1.1324
1.12535
1.11177
1.09252
1.06966
1.0463
1.02589
1.01127
1.00437
1.0063
1.01693
1.0345
1.05596
1.07786
1.09714
1.1116
1.12006
1.12221
1.1184
1.10944
1.09654
1.08119
1.06496
1.04917
1.0346
1.02162
1.01055
1.00237
0.999072
1.0032
1.01638
1.03771
1.06389
1.09105
1.1167
1.14015
1.16108
1.17791
1.18832
1.19102
1.18663
1.17686
1.16336
1.14716
1.12896
1.10987
1.09188
1.07733
1.06739
1.06068
1.05378
1.04308
1.02691
1.00655
0.986019
0.970443
0.963841
0.967818
0.981783
1.00393
1.03181
1.06258
1.09315
1.12078
1.14361
1.16107
1.17366
1.18239
1.18833
1.19235
1.19516
1.19746
1.19998
1.20309
1.20667
1.20986
1.21137
1.20991
1.20464
1.19531
1.18234
1.16665
1.14944
1.13194
1.115
1.09898
1.08397
1.07026
1.05858
1.04996
1.04519
1.04449
1.0476
1.05432
1.06498
1.07991
1.09804
1.11643
1.13153
1.14135
1.14595
1.14645
1.14374
1.13812
1.12986
1.1199
1.10997
1.10244
1.09973
1.1036
1.1144
1.13059
1.14899
1.16565
1.17682
1.17976
1.17327
1.15801
1.13685
1.11463
1.09694
1.08788
1.08837
1.0965
1.10916
1.12342
1.13711
1.14875
1.15761
1.16355
1.16692
1.16819
1.16757
1.16505
1.16075
1.15526
1.14971
1.14537
1.14299
1.14237
1.14246
1.14186
1.13943
1.13452
1.1269
1.11662
1.10424
1.09129
1.08048
1.07495
1.07667
1.08527
1.09832
1.11273
1.12626
1.13795
1.14762
1.15502
1.15968
1.16116
1.15925
1.15381
1.14467
1.13181
1.11586
1.09869
1.0834
1.07351
1.07157
1.07802
1.0912
1.10814
1.12556
1.1407
1.15176
1.15798
1.1594
1.15662
1.1505
1.14201
1.13224
1.12233
1.11326
1.10552
1.09905
1.09336
1.08779
1.08159
1.0739
1.06385
1.05106
1.03604
1.0204
1.00655
0.996934
0.993211
0.995633
1.00321
1.01445
1.02824
1.04412
1.06198
1.0814
1.10121
1.11961
1.13463
1.14461
1.14862
1.14662
1.13947
1.129
1.11799
1.10971
1.10673
1.10971
1.11737
1.12751
1.13833
1.14909
1.16003
1.17177
1.18439
1.19695
1.20764
1.21441
1.21547
1.20973
1.19712
1.17887
1.15752
1.13655
1.1195
1.10903
1.10616
1.11022
1.1192
1.13045
1.14125
1.14946
1.15387
1.15432
1.15144
1.14608
1.13906
1.13124
1.12375
1.1179
1.11481
1.11472
1.1167
1.119
1.11974
1.11785
1.11363
1.1086
1.10476
1.10326
1.10385
1.10509
1.10543
1.10421
1.10201
1.10032
1.10051
1.10299
1.10695
1.11079
1.11277
1.11163
1.1069
1.09901
1.08935
1.08004
1.07328
1.07044
1.07157
1.0754
1.07995
1.08332
1.08438
1.08307
1.08023
1.07715
1.07492
1.07406
1.07442
1.07549
1.07672
1.07784
1.07886
1.0798
1.08046
1.08023
1.07829
1.0738
1.06638
1.0565
1.04567
1.03614
1.03012
1.02886
1.03225
1.03909
1.04763
1.05594
1.06207
1.06445
1.06256
1.05748
1.05179
1.04867
1.05073
1.0592
1.07357
1.09189
1.1114
1.12925
1.14306
1.15135
1.15344
1.14942
1.13981
1.12564
1.1085
1.09076
1.07535
1.06517
1.06208
1.06629
1.07622
1.08923
1.10254
1.11408
1.12272
1.12817
1.13077
1.13128
1.13071
1.13022
1.13095
1.13354
1.13793
1.14347
1.14924
1.15431
1.15771
1.15849
1.15609
1.15077
1.14389
1.13749
1.13357
1.13348
1.13755
1.14514
1.15483
1.16469
1.17247
1.17603
1.17386
1.16551
1.15183
1.1349
1.11764
1.10327
1.09456
1.0931
1.09896
1.11068
1.12545
1.13974
1.1502
1.15461
1.15252
1.14522
1.13525
1.12559
1.11891
1.11674
1.11915
1.12478
1.13127
1.13588
1.13611
1.13015
1.11726
1.09819
1.07574
1.05454
1.03906
1.03076
1.02779
1.02778
1.03004
1.03504
1.04282
1.05232
1.06202
1.07061
1.07725
1.0814
1.08265
1.08073
1.0756
1.06776
1.05843
1.04957
1.04349
1.04219
1.04682
1.05749
1.07344
1.09315
1.11436
1.13437
1.15063
1.16158
1.16706
1.1682
1.16656
1.16348
1.1596
1.1549
1.14889
1.14081
1.13018
1.11727
1.10313
1.08922
1.0769
1.0671
1.06028
1.05657
1.05585
1.0576
1.06081
1.06408
1.06629
1.06717
1.06724
1.06703
1.06639
1.06475
1.06202
1.05902
1.05701
1.0567
1.058
1.06019
1.06237
1.06376
1.06407
1.06381
1.06432
1.06747
1.07494
1.0874
1.10396
1.12237
1.13986
1.15427
1.16464
1.1712
1.17456
1.17488
1.17173
1.16465
1.15378
1.14005
1.12512
1.11107
1.09998
1.09341
1.09208
1.09586
1.10378
1.11405
1.12421
1.13174
1.13487
1.13306
1.12708
1.1184
1.10854
1.09846
1.08846
1.07833
1.06779
1.05697
1.04663
1.03809
1.03268
1.03117
1.03343
1.03855
1.04571
1.05476
1.06609
1.07967
1.09415
1.10698
1.1156
1.11852
1.1156
1.10767
1.09599
1.08191
1.06684
1.05211
1.03897
1.02854
1.02189
1.01967
1.02174
1.02687
1.033
1.0379
1.03986
1.03818
1.0332
1.02628
1.01962
1.0161
1.01868
1.02953
1.04902
1.07514
1.10403
1.13152
1.1545
1.17147
1.18241
1.18836
1.19069
1.19052
1.18823
1.18363
1.17653
1.16728
1.15698
1.14715
1.13929
1.13439
1.13272
1.13393
1.13751
1.14303
1.15015
1.15841
1.16697
1.17454
1.1796
1.18073
1.17702
1.16829
1.15535
1.13981
1.12376
1.10904
1.09663
1.08657
1.07827
1.07112
1.0648
1.05915
1.0539
1.04897
1.04499
1.04366
1.04705
1.05611
1.06976
1.08573
1.102
1.11757
1.13214
1.14541
1.15671
1.16499
1.16919
1.16856
1.16294
1.15278
1.13887
1.12207
1.10321
1.08342
1.06447
1.04891
1.03947
1.03794
1.04421
1.05636
1.07147
1.08668
1.09965
1.10878
1.11319
1.11266
1.10765
1.09912
1.08832
1.07644
1.06446
1.05323
1.04341
1.03532
1.02887
1.02361
1.01892
1.01408
1.00817
1.0002
0.989532
0.976374
0.962251
0.949847
0.942303
0.942103
0.950045
0.964972
0.984419
1.0057
1.0268
1.04667
1.06491
1.0814
1.09617
1.10944
1.12161
1.13303
1.14369
1.15319
1.16096
1.16678
1.17092
1.17412
1.17727
1.18074
1.18375
1.18448
1.18089
1.17224
1.16036
1.14949
1.14396
1.14505
1.15008
1.1549
1.15651
1.15384
1.14716
1.13724
1.12481
1.11029
1.09378
1.07534
1.05558
1.03613
1.0195
1.00845
1.00486
1.00879
1.01829
1.03019
1.04123
1.04892
1.0518
1.04959
1.04365
1.03701
1.03321
1.03398
1.03816
1.0433
1.04794
1.05231
1.05759
1.0648
1.07405
1.08459
1.09497
1.10341
1.10835
1.1089
1.1052
1.0983
1.08957
1.07997
1.06981
1.05917
1.04871
1.03968
1.03345
1.03072
1.03141
1.03518
1.04167
1.05056
1.06136
1.07343
1.08602
1.0983
1.10956
1.11911
1.12637
1.13084
1.13223
1.13066
1.12689
1.12254
1.11958
1.11917
1.1204
1.12078
1.1179
1.11084
1.10022
1.08766
1.07509
1.06428
1.05654
1.05258
1.05256
1.05631
1.06337
1.07271
1.08267
1.09119
1.09679
1.09963
1.10179
1.10583
1.11235
1.11927
1.12364
1.1239
1.12048
1.11515
1.10985
1.10588
1.10353
1.10208
1.10033
1.0973
1.09314
1.08947
1.08848
1.09114
1.09603
1.10031
1.10153
1.09869
1.09232
1.08408
1.07612
1.07036
1.06782
1.06835
1.07065
1.0728
1.07288
1.06966
1.06316
1.05519
1.04917
1.04862
1.05504
1.06719
1.08236
1.09798
1.11218
1.12356
1.13107
1.13401
1.13214
1.12575
1.11563
1.10294
1.08904
1.07537
1.06348
1.05495
1.05124
1.05299
1.05933
1.06792
1.07578
1.08048
1.08075
1.07663
1.06908
1.05955
1.04986
1.042
1.03766
1.03783
1.04274
1.0519
1.06385
1.0763
1.08693
1.09437
1.09845
1.10002
1.10052
1.10154
1.10459
1.11086
1.12087
1.13424
1.14944
1.16402
1.17521
1.18069
1.1792
1.17096
1.15754
1.1415
1.12576
1.11276
1.10387
1.09938
1.09883
1.10137
1.10583
1.11096
1.11556
1.11875
1.11996
1.11903
1.11622
1.11218
1.10788
1.10414
1.10124
1.09873
1.09569
1.09116
1.08479
1.0772
1.07004
1.06519
1.0636
1.06474
1.06746
1.07105
1.07541
1.0803
1.08459
1.08641
1.08386
1.07593
1.0629
1.04623
1.02817
1.01116
0.997223
0.987433
0.98185
0.979923
0.981173
0.985617
0.993655
1.00568
1.02151
1.04009
1.05953
1.0777
1.09301
1.10482
1.11343
1.11963
1.1241
1.12692
1.12756
1.12508
1.1186
1.10762
1.09226
1.07351
1.0533
1.03462
1.02102
1.01559
1.01961
1.03172
1.04836
1.06498
1.07747
1.08316
1.08113
1.0721
1.05801
1.04145
1.02514
1.01132
1.00139
0.995858
0.994575
0.997052
1.00257
1.01022
1.01906
1.02831
1.03751
1.0464
1.05469
1.06179
1.06688
1.06917
1.06846
1.06549
1.06203
1.06033
1.06221
1.06813
1.07695
1.08625
1.09338
1.09643
1.09489
1.0899
1.08376
1.07911
1.07786
1.08061
1.0865
1.09369
1.10007
1.10392
1.1045
1.10214
1.09815
1.09421
1.09158
1.09066
1.09085
1.09096
1.08959
1.08581
1.07942
1.07118
1.06253
1.05524
1.05077
1.04966
1.05145
1.05527
1.06077
1.06835
1.0785
1.09087
1.10391
1.11528
1.12279
1.12525
1.123
1.1179
1.11263
1.10966
1.11034
1.11454
1.12104
1.12834
1.1353
1.14128
1.14599
1.14927
1.15092
1.15065
1.14811
1.14297
1.13498
1.1242
1.11111
1.09662
1.08177
1.06742
1.05393
1.0414
1.02992
1.01977
1.0115
1.00577
1.00321
1.00412
1.00805
1.01356
1.0183
1.01974
1.01595
1.00627
0.991917
0.976049
0.963137
0.957432
0.961184
0.973933
0.993397
1.01709
1.04336
1.07117
1.09932
1.12588
1.14862
1.16566
1.17611
1.18014
1.17894
1.17414
1.16723
1.15908
1.14988
1.1397
1.12895
1.1186
1.10974
1.10309
1.0986
1.09554
1.09283
1.0896
1.08543
1.08053
1.07544
1.07077
1.06707
1.06522
1.06656
1.07191
1.08014
1.08854
1.09472
1.09796
1.09903
1.09933
1.10027
1.10308
1.10869
1.11751
1.12929
1.14325
1.15852
1.17441
1.1903
1.20544
1.21893
1.22985
1.23744
1.24138
1.24158
1.23802
1.23071
1.21982
1.2056
1.18814
1.16737
1.14339
1.11692
1.08939
1.06285
1.03968
1.0224
1.01354
1.01497
1.02664
1.046
1.06917
1.09274
1.11468
1.13393
1.14965
1.1609
1.16666
1.16634
1.16049
1.15125
1.1419
1.13534
1.13238
1.1314
1.1299
1.12623
1.1202
1.11297
1.10633
1.102
1.1009
1.1027
1.10592
1.10879
1.11009
1.10974
1.10859
1.10794
1.10919
1.11349
1.12112
1.13103
1.14115
1.14906
1.15279
1.1513
1.14472
1.13432
1.12217
1.11053
1.10128
1.09557
1.09402
1.09694
1.10416
1.1147
1.12661
1.13731
1.1443
1.14591
1.1417
1.13248
1.12003
1.10676
1.09512
1.08715
1.08407
1.08613
1.09276
1.10267
1.11418
1.12565
1.13582
1.14408
1.15027
1.15468
1.15774
1.15976
1.16066
1.15974
1.15592
1.14818
1.13599
1.11942
1.0988
1.0746
1.04776
1.02045
0.996456
0.980216
0.97498
0.981427
0.997725
1.0206
1.04637
1.07171
1.09392
1.1112
1.12267
1.1284
1.12933
1.1271
1.12357
1.11993
1.11607
1.11079
1.10292
1.09246
1.08104
1.07132
1.06572
1.06529
1.06964
1.07749
1.08742
1.09817
1.10872
1.11828
1.12623
1.13198
1.13506
1.13535
1.13329
1.12966
1.12533
1.12101
1.11718
1.11424
1.11265
1.11292
1.11556
1.12076
1.12816
1.13667
1.1448
1.15124
1.15545
1.15779
1.15922
1.16073
1.16305
1.16653
1.17122
1.17689
1.1829
1.18824
1.19179
1.19267
1.19046
1.18542
1.17855
1.17143
1.16563
1.16188
1.15964
1.1574
1.15362
1.14769
1.13983
1.13041
1.11952
1.1071
1.09334
1.07886
1.0648
1.05263
1.04371
1.0387
1.0372
1.03806
1.04008
1.04245
1.04484
1.04716
1.04947
1.05193
1.05479
1.05824
1.06222
1.0663
1.06959
1.07115
1.07048
1.06798
1.06516
1.06415
1.06687
1.07386
1.08364
1.09291
1.09786
1.09573
1.08596
1.07049
1.05304
1.03772
1.0278
1.02479
1.02857
1.03781
1.0507
1.06557
1.08114
1.09662
1.11134
1.12458
1.13553
1.14349
1.14803
1.14904
1.14665
1.14126
1.1337
1.12547
1.11885
1.11653
1.12041
1.13022
1.14324
1.15573
1.16462
1.16834
1.16651
1.15929
1.147
1.13044
1.11115
1.09149
1.07426
1.06211
1.05689
1.05883
1.06624
1.07628
1.08655
1.09594
1.10437
1.11191
1.11835
1.1231
1.12531
1.12407
1.11849
1.10814
1.09354
1.07684
1.06174
1.05254
1.05237
1.06184
1.07911
1.10106
1.12453
1.147
1.16668
1.18227
1.19268
1.19679
1.19378
1.18344
1.16663
1.14533
1.12254
1.1016
1.08537
1.07538
1.07178
1.074
1.08138
1.09308
1.10772
1.12327
1.13763
1.14933
1.15811
1.16466
1.17004
1.17492
1.17918
1.1823
1.1838
1.18345
1.18098
1.17609
1.16866
1.15932
1.14945
1.14078
1.13453
1.13078
1.12848
1.1261
1.12255
1.11783
1.11286
1.10893
1.10682
1.10638
1.1067
1.10662
1.10531
1.10232
1.09746
1.09066
1.08199
1.07176
1.06069
1.04984
1.04055
1.03401
1.03056
1.02919
1.02781
1.02445
1.01854
1.01121
1.00472
1.00134
1.00227
1.00736
1.01545
1.02498
1.03457
1.04331
1.05069
1.0566
1.0611
1.0643
1.0663
1.06725
1.06747
1.06769
1.06896
1.07226
1.07794
1.08515
1.09204
1.0965
1.09712
1.09374
1.08768
1.08128
1.07675
1.0751
1.07599
1.07863
1.08269
1.08846
1.09646
1.10688
1.11933
1.13282
1.14598
1.15732
1.16542
1.16902
1.16722
1.15963
1.14653
1.12899
1.10878
1.08831
1.07007
1.056
1.04689
1.04229
1.04111
1.0423
1.04538
1.05034
1.05679
1.0631
1.06649
1.06473
1.05834
1.05124
1.04847
1.0526
1.0623
1.07413
1.08488
1.09277
1.09761
1.10021
1.10146
1.1016
1.09985
1.09494
1.08612
1.0742
1.06168
1.05158
1.04558
1.04322
1.04274
1.04239
1.04129
1.03939
1.0371
1.03505
1.03397
1.03461
1.03744
1.04243
1.04921
1.05725
1.06584
1.07407
1.08086
1.08532
1.08705
1.08621
1.08357
1.08022
1.07745
1.07654
1.0786
1.08426
1.0934
1.10504
1.11754
1.12911
1.1383
1.14436
1.14736
1.14815
1.14809
1.14856
1.15049
1.15407
1.15892
1.16457
1.17087
1.17801
1.18631
1.19591
1.20677
1.21857
1.23094
1.24334
1.25492
1.26437
1.27004
1.27031
1.26407
1.25106
1.23209
1.20912
1.18493
1.16246
1.14376
1.12961
1.11961
1.11276
1.10783
1.10361
1.09912
1.09394
1.08848
1.08392
1.08181
1.08362
1.09038
1.10213
1.1174
1.13352
1.14758
1.15732
1.16124
1.15857
1.14908
1.13318
1.112
1.08751
1.06276
1.04174
1.02805
1.02322
1.02613
1.03425
1.04512
1.05711
1.06939
1.08135
1.09216
1.1006
1.10535
1.10528
1.09989
1.08928
1.07427
1.05633
1.03766
1.02118
1.01016
1.00711
1.01286
1.02651
1.04616
1.06937
1.0934
1.11563
1.13395
1.14702
1.15411
1.15494
1.14975
1.13939
1.12541
1.1098
1.09453
1.08112
1.07057
1.06377
1.06199
1.06658
1.07785
1.09442
1.11377
1.13348
1.15189
1.16805
1.18139
1.19155
1.19846
1.2024
1.2038
1.20301
1.20019
1.19528
1.18819
1.17913
1.16876
1.15806
1.14794
1.13896
1.1313
1.12509
1.12066
1.11861
1.11932
1.1226
1.12753
1.13274
1.13692
1.13908
1.13866
1.13552
1.12982
1.12209
1.11322
1.10437
1.0968
1.09156
1.08931
1.09019
1.09375
1.09877
1.10337
1.10551
1.10384
1.09836
1.09029
1.08127
1.07246
1.0643
1.05688
1.05044
1.04542
1.04217
1.0405
1.03985
1.03982
1.04083
1.04402
1.05049
1.06023
1.07183
1.08299
1.09142
1.09561
1.09503
1.09004
1.08174
1.07163
1.06142
1.0526
1.04571
1.04003
1.03426
1.02808
1.02301
1.02153
1.02547
1.03462
1.04697
1.06012
1.07252
1.08362
1.09334
1.10153
1.10785
1.11179
1.11285
1.1109
1.10645
1.10069
1.09515
1.09135
1.09043
1.09286
1.09846
1.1066
1.11634
1.1266
1.13624
1.14418
1.1496
1.15222
1.15229
1.15053
1.14782
1.1447
1.14082
1.13495
1.12551
1.11159
1.0935
1.07286
1.05193
1.03296
1.01768
1.00734
1.003
1.00551
1.01494
1.02982
1.04732
1.06422
1.07824
1.08862
1.09601
1.1018
1.10743
1.11369
1.12028
1.12583
1.1286
1.12758
1.12346
1.11852
1.11476
1.11235
1.10988
1.10591
1.10019
1.09364
1.08787
1.08415
1.08231
1.08086
1.0784
1.07505
1.07235
1.0718
1.07342
1.07547
1.07546
1.07166
1.06411
1.05433
1.04442
1.03634
1.03171
1.03194
1.03814
1.05057
1.06818
1.08844
1.10794
1.12341
1.13253
1.13441
1.1296
1.11992
1.10805
1.09686
1.0886
1.08445
1.08433
1.08724
1.0919
1.09736
1.10332
1.11007
1.118
1.12702
1.13629
1.14427
1.14922
1.14972
1.14505
1.13545
1.12195
1.10582
1.08803
1.06909
1.04946
1.0302
1.0131
1.00028
0.993395
0.993253
0.999825
1.01239
1.0296
1.04975
1.07112
1.0924
1.11289
1.13246
1.15084
1.16663
1.17725
1.17997
1.17329
1.15755
1.13475
1.10805
1.08113
1.05741
1.03931
1.02769
1.02217
1.02196
1.02669
1.03636
1.0507
1.06864
1.08819
1.10688
1.12238
1.13283
1.137
1.13444
1.12534
1.11053
1.09163
1.07114
1.05246
1.03919
1.03399
1.03769
1.04889
1.06449
1.08073
1.09436
1.10364
1.10855
1.11044
1.11127
1.11259
1.11495
1.11777
1.11986
1.11991
1.11686
1.11019
1.10002
1.08727
1.07363
1.06133
1.05273
1.04962
1.05259
1.06075
1.07189
1.08304
1.09131
1.09464
1.09238
1.08543
1.07602
1.06702
1.06102
1.05943
1.06213
1.06786
1.07518
1.08323
1.09194
1.10165
1.11257
1.12445
1.13646
1.14736
1.15585
1.16096
1.16214
1.15925
1.15256
1.14285
1.13152
1.12059
1.11209
1.10719
1.10601
1.10799
1.11226
1.11746
1.12192
1.12409
1.12309
1.11884
1.11187
1.10303
1.0933
1.0838
1.07587
1.07096
1.07007
1.07319
1.07921
1.08656
1.094
1.10097
1.10729
1.11283
1.11724
1.12011
1.12118
1.12038
1.11792
1.11423
1.10998
1.10601
1.10306
1.10148
1.10101
1.10086
1.10002
1.09789
1.09474
1.09178
1.09064
1.09234
1.09647
1.10124
1.10427
1.10376
1.09912
1.09128
1.08244
1.07521
1.07125
1.07078
1.07304
1.07706
1.08182
1.08608
1.08848
1.08809
1.08492
1.08013
1.07544
1.07253
1.07285
1.07758
1.08673
1.09817
1.10821
1.11364
1.11298
1.10643
1.09521
1.08106
1.06592
1.05173
1.04023
1.03289
1.03087
1.03491
1.04501
1.0602
1.07859
1.09792
1.11597
1.1306
1.13971
1.14173
1.13625
1.12431
1.10808
1.09012
1.07277
1.05791
1.04705
1.04146
1.0421
1.04932
1.06248
1.07978
1.09846
1.11534
1.12771
1.13396
1.13377
1.12805
1.11835
1.1065
1.09403
1.08186
1.07034
1.05942
1.04918
1.04014
1.03333
1.03001
1.03109
1.03647
1.04471
1.05324
1.05929
1.06076
1.05684
1.04798
1.03515
1.01906
0.999973
0.978176
0.954524
0.930595
0.908688
0.891748
0.882835
0.883924
0.894938
0.913789
0.937484
0.963349
0.98966
1.01566
1.04121
1.06621
1.09017
1.11214
1.13085
1.14512
1.15408
1.15741
1.1554
1.14908
1.14028
1.13154
1.12544
1.12363
1.12599
1.13082
1.13588
1.1395
1.14101
1.14072
1.13949
1.13837
1.13831
1.13985
1.14299
1.14708
1.1509
1.15311
1.15261
1.14898
1.14259
1.13433
1.12526
1.1162
1.10762
1.09969
1.0925
1.08623
1.0812
1.07791
1.0769
1.07851
1.0827
1.08893
1.09628
1.1037
1.11027
1.11532
1.11844
1.11935
1.11773
1.11326
1.10587
1.0961
1.08539
1.07622
1.07162
1.07415
1.08449
1.10093
1.12016
1.13865
1.15372
1.16367
1.16769
1.16551
1.15729
1.14368
1.12592
1.10601
1.08642
1.06956
1.05705
1.04925
1.0455
1.04474
1.04618
1.04962
1.05512
1.06234
1.07026
1.07723
1.08154
1.08197
1.07833
1.07161
1.06384
1.05769
1.05582
1.06018
1.07141
1.08859
1.1093
1.13017
1.14773
1.1592
1.16297
1.15871
1.14729
1.13058
1.11116
1.09158
1.07354
1.05748
1.04307
1.03021
1.0194
1.01136
1.00636
1.00429
1.00496
1.00842
1.01483
1.02433
1.03706
1.0531
1.07205
1.09269
1.11318
1.13188
1.14813
1.16205
1.17357
1.18199
1.18622
1.18535
1.17905
1.16768
1.15222
1.13436
1.11662
1.10195
1.09238
1.08742
1.08416
1.07944
1.07155
1.06028
1.04622
1.03031
1.01381
0.998511
0.986658
0.980674
0.982642
0.993526
1.01237
1.03614
1.06075
1.08284
1.10073
1.11409
1.12299
1.12731
1.12709
1.12344
1.11892
1.11673
1.11897
1.12544
1.13406
1.14223
1.14773
1.1492
1.14656
1.14129
1.13621
1.13441
1.13766
1.14529
1.1549
1.16382
1.17031
1.17338
1.17265
1.16819
1.16083
1.15201
1.14299
1.13381
1.12351
1.11155
1.09899
1.08806
1.08061
1.07695
1.07592
1.07578
1.07521
1.07403
1.07332
1.07506
1.08117
1.09239
1.10758
1.12429
1.14005
1.15333
1.1637
1.17127
1.17624
1.17863
1.17838
1.17547
1.17017
1.16299
1.15472
1.14626
1.13848
1.13202
1.12728
1.12449
1.12382
1.12544
1.12936
1.13538
1.14294
1.15099
1.15814
1.16311
1.1652
1.16469
1.16264
1.16027
1.15836
1.15703
1.15595
1.15466
1.15264
1.14937
1.14432
1.13696
1.12673
1.11306
1.09567
1.07497
1.0524
1.03048
1.01226
1.00043
0.996232
0.999123
1.00746
1.01932
1.03287
1.04645
1.05855
1.06797
1.07399
1.07658
1.07622
1.07334
1.06807
1.06041
1.0511
1.04212
1.03627
1.03571
1.04068
1.04961
1.06046
1.07198
1.08399
1.09703
1.1116
1.12784
1.14536
1.16326
1.18032
1.19499
1.20557
1.21049
1.20872
1.20024
1.18642
1.17019
1.15538
1.14517
1.14025
1.13837
1.13606
1.13075
1.12197
1.11117
1.1006
1.09207
1.08611
1.08188
1.07795
1.07313
1.06718
1.06089
1.05576
1.05306
1.0531
1.0553
1.05875
1.06268
1.06672
1.07083
1.07517
1.07986
1.08485
1.08981
1.09432
1.09801
1.10091
1.1035
1.10687
1.11232
1.12085
1.13262
1.14668
1.16142
1.17508
1.18606
1.19317
1.19557
1.19279
1.18469
1.17167
1.15515
1.13795
1.12342
1.11383
1.10945
1.1091
1.11129
1.11486
1.11896
1.12265
1.12483
1.12478
1.12292
1.12055
1.11897
1.11883
1.12025
1.12322
1.1279
1.13456
1.14321
1.15336
1.164
1.17376
1.18134
1.18579
1.18661
1.18379
1.17765
1.16865
1.1572
1.14368
1.12853
1.11239
1.09618
1.08118
1.06893
1.06087
1.05801
1.06039
1.06706
1.07628
1.08603
1.09453
1.10058
1.10372
1.10433
1.10347
1.10261
1.10313
1.1059
1.11109
1.11818
1.12609
1.13344
1.13876
1.14091
1.13966
1.13614
1.13254
1.13108
1.13286
1.13775
1.14498
1.15374
1.16313
1.17197
1.1787
1.18172
1.17977
1.17228
1.15963
1.14326
1.12573
1.1104
1.10063
1.09863
1.10454
1.11644
1.13116
1.14552
1.15718
1.16477
1.16779
1.16637
1.16113
1.15314
1.14379
1.13458
1.12671
1.12084
1.11683
1.11392
1.11111
1.1076
1.10316
1.09828
1.09405
1.09186
1.09294
1.09779
1.10577
1.11501
1.12287
1.12677
1.12502
1.11732
1.10488
1.08996
1.07515
1.06269
1.05425
1.05092
1.05313
1.06038
1.07128
1.08383
1.09592
1.10556
1.11133
1.11264
1.10991
1.10448
1.09827
1.09318
1.09047
1.09035
1.09188
1.09361
1.0943
1.09353
1.09166
1.08935
1.08701
1.08476
1.08261
1.0809
1.08048
1.08271
1.0889
1.09952
1.11368
1.12932
1.14409
1.1562
1.16474
1.16947
1.17051
1.16793
1.16181
1.15245
1.14087
1.12891
1.11864
1.1114
1.10701
1.10431
1.10197
1.09882
1.09376
1.08574
1.07409
1.05894
1.04176
1.02566
1.01519
1.01424
1.02265
1.0356
1.04728
1.05451
1.0576
1.05896
1.0613
1.06629
1.07409
1.08361
1.09304
1.10053
1.10486
1.10585
1.10437
1.1021
1.1009
1.10205
1.10555
1.1101
1.11375
1.11485
1.11268
1.10774
1.10134
1.09483
1.08889
1.08343
1.07795
1.07215
1.06616
1.06007
1.05358
1.04633
1.03851
1.03112
1.02572
1.0239
1.0268
1.03472
1.04692
1.06213
1.07936
1.09836
1.11915
1.14106
1.16252
1.18169
1.19707
1.20766
1.2128
1.21234
1.20687
1.19802
1.18814
1.17973
1.17438
1.17225
1.17216
1.17239
1.17161
1.16933
1.16588
1.16179
1.15731
1.15199
1.14479
1.13446
1.12053
1.10451
1.09003
1.0806
1.07675
1.0761
1.07574
1.07386
1.06963
1.06281
1.05401
1.04536
1.04053
1.04293
1.0532
1.06852
1.08442
1.09708
1.10435
1.10605
1.10378
1.10038
1.09868
1.0999
1.10312
1.10622
1.10722
1.10502
1.09947
1.09144
1.08249
1.07431
1.06805
1.06399
1.06166
1.06025
1.05889
1.05689
1.05367
1.04876
1.04213
1.03495
1.03021
1.0317
1.04123
1.0569
1.07439
1.08956
1.09976
1.10383
1.10173
1.09445
1.08393
1.07306
1.06551
1.06493
1.07324
1.08937
1.10949
1.12899
1.14448
1.15474
1.16031
1.16259
1.16287
1.16172
1.15883
1.15332
1.14427
1.13132
1.11496
1.0965
1.07775
1.06052
1.04648
1.037
1.03312
1.03519
1.04253
1.05348
1.0657
1.07669
1.08428
1.08705
1.08472
1.07828
1.06974
1.06127
1.05417
1.04852
1.0437
1.039
1.034
1.02853
1.02247
1.01576
1.00865
1.00209
0.99778
0.997424
1.00163
1.00952
1.01945
1.03022
1.04189
1.05526
1.07066
1.08698
1.10205
1.11388
1.12164
1.12583
1.12784
1.12935
1.13159
1.13505
1.13939
1.14384
1.14765
1.15052
1.15251
1.15372
1.15398
1.15278
1.14964
1.1446
1.13857
1.13337
1.1311
1.13329
1.14016
1.15066
1.16313
1.17566
1.18624
1.19256
1.19241
1.18425
1.16784
1.14453
1.11711
1.08933
1.06477
1.04589
1.03366
1.0279
1.028
1.03339
1.04347
1.05729
1.07324
1.0893
1.10377
1.11581
1.12548
1.13331
1.13955
1.14363
1.14426
1.1397
1.12855
1.11056
1.08753
1.06369
1.04454
1.03455
1.03504
1.04406
1.05761
1.07118
1.08107
1.08552
1.08541
1.0839
1.08468
1.08965
1.09819
1.10835
1.11827
1.12678
1.13337
1.1379
1.14055
1.14221
1.14472
1.1504
1.16053
1.17437
1.18938
1.20244
1.21135
1.21564
1.21611
1.21395
1.20996
1.20436
1.19694
1.18728
1.17528
1.16147
1.14711
1.13386
1.12315
1.11553
1.11062
1.10744
1.10481
1.10181
1.09811
1.0941
1.09064
1.08865
1.08871
1.09078
1.0945
1.09959
1.10618
1.11474
1.12554
1.13829
1.152
1.1652
1.17639
1.18442
1.18872
1.18939
1.18688
1.18178
1.17451
1.16512
1.15333
1.13884
1.1218
1.10328
1.08525
1.06987
1.05852
1.05128
1.04744
1.04671
1.04954
1.05629
1.06635
1.07846
1.09147
1.10456
1.11702
1.12822
1.13792
1.1464
1.15424
1.16177
1.16874
1.17421
1.17677
1.1749
1.16787
1.15673
1.14444
1.13417
1.12696
1.12135
1.11523
1.10759
1.09869
1.08947
1.08121
1.07527
1.07292
1.07512
1.08216
1.09352
1.10784
1.12336
1.13825
1.15084
1.15987
1.16437
1.16385
1.15852
1.14954
1.13894
1.12898
1.12113
1.11557
1.11134
1.10729
1.10289
1.09848
1.095
1.09339
1.09403
1.09626
1.09832
1.0978
1.09249
1.08138
1.06546
1.0479
1.03346
1.02702
1.03179
1.0479
1.07245
1.10068
1.12779
1.14999
1.16482
1.17088
1.16758
1.15522
1.13531
1.1112
1.08837
1.0729
1.06776
1.07059
1.07606
1.0797
1.07966
1.07612
1.07032
1.06386
1.05831
1.05511
1.05532
1.05929
1.06658
1.07608
1.08642
1.09628
1.10456
1.11036
1.11292
1.11177
1.10692
1.09914
1.08986
1.0808
1.07336
1.06803
1.06432
1.06132
1.05856
1.05663
1.05709
1.06172
1.0715
1.08585
1.10271
1.11933
1.13321
1.14274
1.14734
1.14722
1.1431
1.13574
1.12564
1.11291
1.09744
1.07939
1.05978
1.04058
1.02395
1.01126
1.00252
0.996942
0.993839
0.993055
0.994758
0.999108
1.00609
1.01543
1.02668
1.03928
1.05256
1.06583
1.07857
1.09043
1.1013
1.11132
1.12058
1.12902
1.13632
1.14192
1.14527
1.14605
1.14428
1.1404
1.13514
1.12928
1.12346
1.11797
1.1131
1.10961
1.10877
1.11146
1.11711
1.12399
1.13045
1.13571
1.13967
1.14244
1.14402
1.1444
1.14367
1.14216
1.14036
1.13881
1.13778
1.13702
1.13583
1.13334
1.12888
1.12208
1.1129
1.10182
1.09018
1.08045
1.07578
1.07876
1.08997
1.10748
1.12762
1.14649
1.16111
1.16964
1.17138
1.16671
1.15711
1.14512
1.13396
1.12689
1.1262
1.13229
1.14358
1.15735
1.17097
1.18261
1.19126
1.19655
1.1985
1.19745
1.19397
1.18871
1.1824
1.17575
1.16948
1.16411
1.15984
1.15645
1.1535
1.15071
1.14848
1.14791
1.15039
1.15668
1.166
1.17606
1.18391
1.18686
1.18314
1.1725
1.15653
1.13824
1.12047
1.1045
1.09045
1.07859
1.06987
1.06533
1.06542
1.06976
1.07738
1.08687
1.09656
1.10456
1.10892
1.10806
1.10147
1.09037
1.07806
1.06886
1.06616
1.07081
1.0813
1.09504
1.1094
1.12225
1.13202
1.1378
1.13947
1.13783
1.13444
1.13099
1.1282
1.12524
1.12034
1.11239
1.10201
1.09148
1.08368
1.08082
1.08358
1.09089
1.10035
1.1092
1.11538
1.11818
1.11813
1.11638
1.11435
1.11391
1.11764
1.12783
1.14478
1.16588
1.18683
1.2037
1.2142
1.2178
1.2152
1.20765
1.19655
1.18314
1.16851
1.15371
1.13985
1.12792
1.11845
1.11127
1.10554
1.09998
1.09339
1.08492
1.07443
1.06264
1.05126
1.04278
1.03992
1.04468
1.05735
1.07611
1.09732
1.11664
1.13026
1.1359
1.1334
1.12473
1.11326
1.10243
1.09447
1.09008
1.0889
1.09002
1.09217
1.094
1.09445
1.09305
1.09008
1.08651
1.08381
1.08351
1.08687
1.09443
1.10559
1.11831
1.12948
1.13595
1.13567
1.12838
1.11547
1.09934
1.08276
1.06846
1.05893
1.05596
1.05998
1.06957
1.0814
1.09117
1.09512
1.09161
1.08191
1.06939
1.0575
1.04813
1.04167
1.03843
1.03954
1.04646
1.05959
1.07754
1.09744
1.11618
1.13149
1.14236
1.14877
1.15133
1.15105
1.1493
1.14763
1.14724
1.1485
1.1508
1.15294
1.15361
1.15178
1.14699
1.13962
1.13082
1.12226
1.11544
1.11088
1.10807
1.10589
1.10343
1.10044
1.0973
1.09458
1.09266
1.09156
1.09087
1.08995
1.08819
1.08533
1.08175
1.07845
1.07622
1.07497
1.07379
1.0723
1.07146
1.07266
1.07621
1.08126
1.08674
1.0921
1.09719
1.10194
1.10615
1.1095
1.11184
1.11334
1.1147
1.11687
1.12055
1.12566
1.13115
1.13525
1.13606
1.13235
1.12421
1.11341
1.10304
1.09629
1.09504
1.09918
1.10712
1.11697
1.1271
1.13598
1.1418
1.14272
1.13787
1.12826
1.1168
1.10724
1.10238
1.1031
1.10837
1.11621
1.12475
1.13283
1.13986
1.14543
1.14885
1.14921
1.14581
1.1387
1.12894
1.11829
1.10863
1.1013
1.09667
1.09458
1.09493
1.09801
1.10428
1.11368
1.12513
1.1368
1.14685
1.1541
1.15818
1.15926
1.15775
1.15409
1.14867
1.14188
1.13412
1.12584
1.11771
1.11078
1.10628
1.10511
1.10723
1.1116
1.11656
1.1203
1.12118
1.11782
1.10917
1.09478
1.07505
1.05163
1.02743
1.006
0.990529
0.982892
0.98329
0.99051
1.00239
1.01626
1.02949
1.03992
1.0462
1.04786
1.0454
1.04025
1.03466
1.03129
1.03262
1.04013
1.05375
1.07178
1.09154
1.11025
1.1257
1.13647
1.14187
1.14175
1.1365
1.1272
1.1156
1.10397
1.09443
1.08839
1.08596
1.08606
1.08692
1.08672
1.08421
1.07886
1.07089
1.06104
1.05037
1.0401
1.0314
1.0252
1.02195
1.0217
1.02439
1.03018
1.03949
1.05255
1.06867
1.08603
1.10228
1.11544
1.12451
1.12954
1.13134
1.13129
1.13091
1.13148
1.13368
1.13729
1.14125
1.14397
1.14399
1.14055
1.13409
1.12648
1.12043
1.11808
1.11956
1.12298
1.1258
1.12632
1.12406
1.11917
1.11182
1.10216
1.09086
1.07948
1.07019
1.06485
1.06411
1.06719
1.07244
1.07813
1.08298
1.08641
1.08853
1.08979
1.09044
1.09005
1.08777
1.08322
1.07693
1.06988
1.06284
1.05612
1.05009
1.04589
1.04563
1.0515
1.06445
1.08335
1.10527
1.12643
1.14332
1.1534
1.15549
1.14987
1.13812
1.12275
1.10654
1.0918
1.08009
1.07247
1.06974
1.07229
1.07967
1.09033
1.10175
1.11091
1.11485
1.1114
1.09972
1.08083
1.05767
1.03467
1.01672
1.00756
1.00834
1.01758
1.03224
1.04914
1.06587
1.08093
1.09343
1.10271
1.10842
1.11074
1.11064
1.10956
1.1088
1.10914
1.11073
1.11327
1.11611
1.11858
1.12028
1.12127
1.12209
1.12348
1.12603
1.12989
1.13486
1.14055
1.14659
1.15247
1.15733
1.15979
1.1584
1.15229
1.14193
1.12929
1.11744
1.10957
1.10781
1.11266
1.12299
1.13655
1.15069
1.16303
1.17186
1.17625
1.17605
1.17175
1.16431
1.1548
1.14409
1.1327
1.12079
1.10842
1.09579
1.08327
1.07143
1.06099
1.05266
1.04727
1.04578
1.04914
1.0577
1.07072
1.08664
1.10367
1.12024
1.13514
1.14755
1.15694
1.16302
1.16567
1.16494
1.16117
1.15517
1.14832
1.1424
1.13907
1.13923
1.14256
1.14761
1.15231
1.15455
1.1528
1.14649
1.13623
1.12365
1.11091
1.10019
1.09332
1.09151
1.09529
1.10421
1.1166
1.12988
1.14138
1.14942
1.15398
1.15678
1.16062
1.16799
1.17935
1.19279
1.20522
1.21407
1.21787
1.21616
1.20914
1.1975
1.18213
1.16403
1.14419
1.12378
1.10448
1.08871
1.07925
1.07827
1.08608
1.10071
1.11858
1.13583
1.14948
1.15819
1.16265
1.16523
1.16874
1.17455
1.18147
1.1864
1.18612
1.17885
1.16482
1.1462
1.12663
1.11046
1.10131
1.10048
1.1065
1.11601
1.12491
1.12948
1.12693
1.1161
1.09817
1.07705
1.0586
1.04875
1.0509
1.06445
1.08542
1.10876
1.13077
1.15004
1.16681
1.18163
1.19412
1.20276
1.20574
1.20202
1.19192
1.17692
1.15926
1.14122
1.12442
1.10947
1.09614
1.08426
1.07442
1.06781
1.06531
1.06669
1.07048
1.07475
1.07791
1.07933
1.07934
1.07884
1.07882
1.07998
1.08271
1.08717
1.09338
1.10115
1.10988
1.11857
1.12601
1.13107
1.13305
1.13181
1.12767
1.12143
1.11432
1.10803
1.10453
1.10531
1.11032
1.11787
1.12546
1.13094
1.13297
1.13111
1.12577
1.11806
1.10942
1.10123
1.09442
1.08944
1.08638
1.08515
1.08539
1.08648
1.08762
1.08807
1.08731
1.08512
1.08164
1.0774
1.07321
1.0697
1.06692
1.06441
1.06186
1.05961
1.05868
1.06047
1.06625
1.07676
1.09187
1.11058
1.13119
1.15158
1.16944
1.18247
1.18866
1.18665
1.17614
1.15809
1.13457
1.10811
1.08121
1.05591
1.03373
1.01569
1.00243
0.994286
0.991581
0.994919
1.00495
1.02163
1.04342
1.06741
1.09004
1.1082
1.11987
1.12432
1.12198
1.114
1.10187
1.08715
1.07135
1.0559
1.04214
1.03111
1.02337
1.01887
1.01703
1.01705
1.01823
1.02
1.02217
1.02537
1.03115
1.0408
1.05346
1.06611
1.07547
1.07985
1.07966
1.07681
1.07373
1.07236
1.07352
1.07683
1.08105
1.08471
1.08683
1.08728
1.08688
1.08704
1.08906
1.09329
1.09901
1.10485
1.1094
1.11173
1.11133
1.1082
1.10273
1.09587
1.08906
1.08404
1.08252
1.08557
1.09329
1.10469
1.11795
1.13087
1.1414
1.14796
1.1497
1.14639
1.13832
1.1262
1.11123
1.0953
1.08101
1.07142
1.06916
1.07547
1.08957
1.10869
1.12894
1.14647
1.15852
1.16402
1.16355
1.1588
1.15204
1.14534
1.14005
1.13669
1.13508
1.13468
1.13496
1.1354
1.13553
1.1346
1.13168
1.12586
1.11695
1.10593
1.09508
1.08727
1.08424
1.08553
1.08866
1.09058
1.08897
1.08288
1.07286
1.06073
1.04935
1.04197
1.04141
1.049
1.06387
1.08302
1.10238
1.1182
1.12814
1.13174
1.1301
1.12504
1.11824
1.11069
1.10283
1.09486
1.08724
1.08057
1.07547
1.07236
1.07144
1.07272
1.07588
1.08019
1.08458
1.08783
1.08907
1.08814
1.08579
1.0835
1.08285
1.08484
1.08941
1.09553
1.10164
1.10615
1.10784
1.10593
1.10004
1.09012
1.07647
1.05972
1.041
1.02205
1.00534
0.993801
0.990055
0.995381
1.00911
1.02887
1.05129
1.0728
1.09027
1.10159
1.10608
1.10465
1.09946
1.09308
1.08743
1.0832
1.08014
1.07783
1.07609
1.07509
1.07509
1.07618
1.07804
1.08001
1.08136
1.08178
1.08145
1.08094
1.08084
1.08154
1.08301
1.0848
1.08613
1.08603
1.0836
1.07824
1.06992
1.05932
1.04787
1.03776
1.03156
1.03158
1.03918
1.0541
1.07397
1.09454
1.1115
1.12226
1.12646
1.12503
1.11894
1.10855
1.09375
1.07494
1.0542
1.03592
1.02564
1.02724
1.04014
1.05937
1.07848
1.09257
1.09954
1.09986
1.09539
1.08808
1.07904
1.06814
1.05443
1.03701
1.01612
0.993787
0.973251
0.957338
0.947065
0.942122
0.942222
0.947446
0.957467
0.970905
0.985584
0.999507
1.01172
1.02261
1.03334
1.04478
1.05675
1.06804
1.07708
1.08263
1.084
1.08098
1.07387
1.06351
1.05131
1.03893
1.02779
1.01881
1.01248
1.00924
1.0095
1.01338
1.02037
1.02957
1.03999
1.05098
1.06224
1.07374
1.08568
1.09822
1.1113
1.1245
1.13696
1.14756
1.1551
1.1585
1.15681
1.14925
1.13536
1.11559
1.09186
1.06761
1.04698
1.03363
1.02977
1.03563
1.04973
1.0695
1.09195
1.11417
1.1335
1.14765
1.15483
1.15388
1.14439
1.12688
1.10279
1.0744
1.04465
1.01698
0.994935
0.981567
0.978278
0.984074
0.995809
1.00958
1.02232
1.03251
1.04003
1.04554
1.04978
1.05326
1.05603
1.05762
1.0572
1.05386
1.04693
1.03631
1.02263
1.00726
0.99229
0.980572
0.97548
0.98005
0.995521
1.02029
1.05042
1.08127
1.10898
1.13113
1.14676
1.15607
1.16009
1.16031
1.15825
1.15517
1.15185
1.14841
1.14431
1.13845
1.12933
1.11561
1.09678
1.07412
1.05095
1.03167
1.01946
1.01468
1.01537
1.01939
1.02593
1.03525
1.04727
1.06054
1.07242
1.08039
1.08349
1.08294
1.0812
1.07996
1.07916
1.0778
1.07525
1.07181
1.06841
1.06609
1.06534
1.06575
1.06637
1.06647
1.06626
1.06689
1.06986
1.07628
1.08625
1.09889
1.11266
1.12568
1.13605
1.14207
1.14254
1.13704
1.12593
1.11034
1.09196
1.07299
1.05608
1.04386
1.038
1.03854
1.044
1.05217
1.06087
1.0684
1.07358
1.07593
1.07555
1.07297
1.06871
1.06294
1.05525
1.04494
1.03153
1.01508
0.996246
0.976237
0.956836
0.940684
0.931264
0.93153
0.94143
0.95733
0.974472
0.989386
1.0002
1.00601
1.00669
1.00293
0.99629
0.988689
0.981784
0.976711
0.974602
0.977122
0.986046
1.00189
1.02307
1.04683
1.07097
1.09488
1.11911
1.14425
1.16966
1.19302
1.2112
1.22178
1.2241
1.21923
1.20933
1.19675
1.18331
1.16996
1.15685
1.14396
1.13152
1.12026
1.11094
1.10395
1.09912
1.09606
1.0946
1.09496
1.09754
1.10256
1.10964
1.11767
1.12508
1.1304
1.13278
1.13216
1.12901
1.1238
1.11671
1.10768
1.09691
1.08536
1.07493
1.06816
1.06727
1.07292
1.08381
1.0973
1.11077
1.12249
1.1318
1.13898
1.145
1.15129
1.15941
1.17042
1.1844
1.20019
1.21556
1.22794
1.2353
1.23679
1.23287
1.22499
1.2149
1.20414
1.19366
1.18382
1.17465
1.16612
1.15825
1.15104
1.14413
1.13673
1.12809
1.11808
1.10759
1.09815
1.09117
1.08739
1.08693
1.08952
1.09464
1.10143
1.10864
1.11491
1.1194
1.12234
1.12516
1.12949
1.1355
1.14121
1.14361
1.14065
1.13225
1.12003
1.10651
1.09439
1.08618
1.0837
1.08749
1.09626
1.10731
1.11766
1.12508
1.12839
1.12712
1.12094
1.10954
1.09264
1.07052
1.0444
1.01669
0.990936
0.971195
0.960702
0.960223
0.967775
0.979984
0.993635
1.00632
1.01656
1.02393
1.02897
1.03264
1.03558
1.03788
1.03947
1.04058
1.04179
1.04362
1.04624
1.04951
1.05316
1.05698
1.06063
1.0634
1.06425
1.06241
1.05792
1.05171
1.04519
1.03966
1.03623
1.03583
1.03931
1.0471
1.05896
1.07391
1.09054
1.10744
1.12333
1.13716
1.14796
1.15501
1.15787
1.15646
1.15107
1.14225
1.13068
1.11718
1.10272
1.08854
1.07617
1.06714
1.06248
1.06253
1.06682
1.0742
1.08316
1.09215
1.09996
1.10604
1.11059
1.11435
1.11814
1.12227
1.1266
1.13091
1.13556
1.14166
1.15058
1.16308
1.17858
1.19506
1.20977
1.21994
1.2235
1.21944
1.20784
1.18986
1.16768
1.1441
1.12211
1.10412
1.09131
1.08336
1.07896
1.07668
1.07574
1.07643
1.07972
1.08658
1.09734
1.11127
1.12662
1.14102
1.15216
1.15834
1.159
1.1549
1.14797
1.1406
1.13488
1.13201
1.13245
1.1363
1.1434
1.15315
1.16462
1.17687
1.18934
1.20167
1.21329
1.22314
1.2298
1.23186
1.22826
1.21856
1.203
1.1825
1.15858
1.13331
1.10919
1.0889
1.07476
1.06805
1.0686
1.07478
1.08418
1.09447
1.104
1.11178
1.11696
1.11866
1.11631
1.11037
1.10278
1.09622
1.09275
1.09273
1.09514
1.09861
1.10213
1.10498
1.10646
1.10588
1.10298
1.0984
1.09382
1.09153
1.09327
1.09934
1.1085
1.11878
1.12852
1.13677
1.14318
1.14763
1.15012
1.15068
1.14939
1.14639
1.14189
1.13633
1.13036
1.12474
1.12022
1.11747
1.11707
1.11957
1.12535
1.13448
1.14665
1.16105
1.17636
1.1907
1.20188
1.20771
1.20652
1.19748
1.18109
1.1594
1.13573
1.11403
1.09778
1.08885
1.08705
1.09046
1.09653
1.10318
1.10951
1.11558
1.1216
1.12715
1.13091
1.13097
1.12551
1.11347
1.09515
1.07243
1.04795
1.02373
1.00082
0.981435
0.970258
0.972033
0.987198
1.0105
1.03406
1.05185
1.06199
1.06635
1.0689
1.07377
1.08349
1.09828
1.1165
1.13585
1.15431
1.17025
1.18208
1.1882
1.18772
1.18142
1.1717
1.16092
1.14967
1.13719
1.12309
1.10824
1.09433
1.08283
1.07444
1.06907
1.06646
1.06667
1.0702
1.07752
1.0885
1.10205
1.11613
1.12834
1.13668
1.1401
1.1387
1.13367
1.12687
1.12033
1.1158
1.11451
1.11691
1.12268
1.13078
1.1399
1.14888
1.15704
1.16421
1.1705
1.1758
1.1796
1.18121
1.18014
1.17633
1.17003
1.16169
1.15179
1.1408
1.12917
1.11723
1.10516
1.09287
1.08018
1.0671
1.05422
1.04286
1.03452
1.03007
1.0293
1.03109
1.03396
1.03673
1.03901
1.04139
1.04503
1.05085
1.05895
1.06879
1.07985
1.09218
1.10602
1.12107
1.13633
1.15039
1.16193
1.16987
1.17336
1.17161
1.16398
1.15008
1.13007
1.10476
1.07563
1.04497
1.01583
0.99155
0.974535
0.96479
0.959854
0.956756
0.954409
0.954369
0.959506
0.971897
0.991747
1.01749
1.0465
1.07595
1.1034
1.12709
1.14599
1.15961
1.16789
1.17116
1.17032
1.16672
1.16192
1.15727
1.15353
1.15092
1.14948
1.14946
1.15144
1.15604
1.16337
1.1725
1.18154
1.18829
1.19097
1.18876
1.18166
1.17014
1.15457
1.13492
1.11093
1.0827
1.0513
1.0191
0.989598
0.96679
0.954245
0.953936
0.965541
0.986578
1.01329
1.04166
1.06823
1.09048
1.10691
1.11716
1.12206
1.12354
1.12409
1.12586
1.12982
1.13558
1.14207
1.1483
1.1538
1.15859
1.16297
1.16725
1.17175
1.17693
1.18359
1.19264
1.20469
1.21934
1.23475
1.24785
1.25539
1.25501
1.24573
1.22788
1.20304
1.17402
1.14476
1.11942
1.10111
1.09074
1.08694
1.08717
1.08909
1.09132
1.09328
1.0946
1.09456
1.09198
1.08575
1.07567
1.06322
1.0516
1.04423
1.04264
1.04558
1.05022
1.05399
1.05557
1.05499
1.05329
1.05204
1.05287
1.05705
1.06521
1.07708
1.09152
1.10669
1.12047
1.13093
1.13676
1.13748
1.13346
1.1257
1.11547
1.10389
1.09152
1.07835
1.06413
1.04884
1.03323
1.01866
1.00673
0.99865
0.994991
0.996032
1.00229
1.01465
1.03356
1.05796
1.08487
1.11047
1.13159
1.14665
1.15557
1.159
1.15746
1.15096
1.13912
1.12162
1.09863
1.07101
1.04042
1.00946
0.981481
0.960267
0.94899
0.948918
0.958744
0.975188
0.994419
1.01342
1.03047
1.04479
1.05583
1.06291
1.0656
1.0643
1.06061
1.05696
1.05571
1.0582
1.06439
1.07315
1.08265
1.09096
1.09642
1.098
1.09563
1.09014
1.08294
1.07548
1.06897
1.0644
1.06239
1.06296
1.06544
1.06881
1.07234
1.07593
1.07993
1.08468
1.09005
1.09527
1.09929
1.10115
1.10023
1.09646
1.09023
1.08241
1.07444
1.06821
1.06552
1.06716
1.07244
1.07952
1.08648
1.09227
1.09681
1.10058
1.10377
1.10607
1.10688
1.10578
1.10276
1.09814
1.0925
1.08654
1.08093
1.07609
1.07223
1.06966
1.06949
1.07366
1.0842
1.10171
1.12458
1.14944
1.17258
1.19128
1.20443
1.21243
1.21658
1.21834
1.21863
1.21769
1.21516
1.21057
1.20374
1.19497
1.18499
1.1747
1.16473
1.15517
1.1454
1.13414
1.1198
1.10111
1.07786
1.05192
1.02784
1.01131
1.00584
1.01099
1.02439
1.04333
1.06406
1.08197
1.09345
1.09738
1.0948
1.08808
1.07993
1.07259
1.06734
1.06442
1.06323
1.06273
1.06165
1.05874
1.05335
1.04614
1.03915
1.03496
1.03543
1.04113
1.05175
1.06658
1.08445
1.10356
1.1219
1.138
1.15162
1.16359
1.17465
1.18413
1.19015
1.19108
1.18661
1.17755
1.16497
1.14973
1.13279
1.11544
1.09937
1.08627
1.07719
1.07228
1.07069
1.07106
1.07226
1.07381
1.07593
1.07916
1.08405
1.09103
1.10034
1.11162
1.12371
1.13468
1.1425
1.14579
1.14427
1.13876
1.13113
1.1239
1.11962
1.12017
1.12609
1.13644
1.14913
1.16171
1.17202
1.17875
1.18154
1.18058
1.17626
1.16884
1.15843
1.14525
1.13011
1.11493
1.10233
1.09441
1.09142
1.0917
1.09266
1.09218
1.08952
1.08558
1.08206
1.07996
1.07872
1.07658
1.07204
1.06491
1.05638
1.0483
1.04221
1.03871
1.03762
1.03869
1.0425
1.05036
1.06323
1.08037
1.09908
1.11606
1.12892
1.13701
1.14117
1.14315
1.1446
1.14636
1.14805
1.14828
1.14552
1.139
1.12919
1.11764
1.1064
1.09735
1.09163
1.08953
1.09055
1.09373
1.09772
1.10089
1.10163
1.09887
1.09263
1.08421
1.07588
1.07025
1.06941
1.0742
1.08387
1.09622
1.10842
1.11776
1.12242
1.12162
1.1156
1.10529
1.09213
1.07797
1.06504
1.05578
1.05226
1.05547
1.06491
1.07886
1.09506
1.11141
1.12623
1.13838
1.14733
1.15318
1.15658
1.15851
1.15985
1.16102
1.16191
1.16201
1.16083
1.15832
1.15513
1.15246
1.15144
1.15243
1.15484
1.15739
1.15875
1.15812
1.15568
1.15265
1.15076
1.15129
1.15388
1.15654
1.15654
1.15195
1.14251
1.12983
1.11679
1.10609
1.09893
1.09448
1.09084
1.08664
1.08198
1.07812
1.07637
1.07723
1.08012
1.08386
1.08771
1.09219
1.09875
1.10804
1.11832
1.12597
1.12784
1.12347
1.1161
1.11145
1.11377
1.12202
1.13084
1.13521
1.13357
1.12718
1.11823
1.10862
1.09965
1.09165
1.08394
1.07561
1.06689
1.05938
1.0547
1.05287
1.05253
1.05242
1.05233
1.05263
1.05327
1.05337
1.05213
1.0503
1.05069
1.05613
1.06649
1.07838
1.08772
1.09169
1.08895
1.07961
1.06561
1.05109
1.04161
1.04183
1.05288
1.07172
1.09295
1.11147
1.12429
1.13109
1.13368
1.1345
1.13513
1.13557
1.13493
1.13273
1.1296
1.12681
1.12519
1.12456
1.12383
1.12189
1.11862
1.11529
1.11395
1.11606
1.12156
1.12891
1.13602
1.14124
1.14411
1.14551
1.14739
1.15185
1.1599
1.17093
1.18286
1.19287
1.19844
1.19879
1.19639
1.19639
1.20255
1.2135
1.2245
1.23187
1.23469
1.23385
1.23065
1.22604
1.22021
1.21261
1.20234
1.18866
1.17153
1.15174
1.13079
1.11031
1.09159
1.0752
1.06138
1.05074
1.04474
1.04506
1.05196
1.0633
1.07541
1.08507
1.09058
1.09152
1.08807
1.0808
1.0707
1.0593
1.04831
1.03904
1.03192
1.02652
1.02198
1.01745
1.01226
1.006
0.998991
0.992702
0.989418
0.990928
0.99733
1.00699
1.01769
1.0278
1.03673
1.04469
1.05213
1.05931
1.06615
1.07227
1.07735
1.08129
1.08422
1.08632
1.08762
1.08825
1.08867
1.08975
1.09239
1.09701
1.1033
1.11029
1.11668
1.12105
1.12206
1.11872
1.11101
1.10098
1.09305
1.09176
1.09811
1.10863
1.11833
1.12384
1.12407
1.11963
1.11221
1.10409
1.09763
1.09476
1.09668
1.10381
1.11545
1.12943
1.14243
1.15095
1.15259
1.14698
1.13605
1.12346
1.1133
1.1085
1.10964
1.11499
1.12168
1.12707
1.12951
1.12845
1.12416
1.11728
1.10846
1.098
1.08569
1.07087
1.05273
1.03127
1.00812
0.986725
0.971014
0.96383
0.966338
0.978385
0.998996
1.02633
1.05735
1.08797
1.1139
1.13198
1.14089
1.14128
1.13551
1.12685
1.11837
1.11177
1.10683
1.10194
1.09528
1.08573
1.07322
1.05871
1.04394
1.03112
1.02246
1.01943
1.02204
1.02871
1.03695
1.04449
1.04993
1.05267
1.05273
1.0508
1.04835
1.04728
1.04912
1.05396
1.06045
1.06661
1.07075
1.07197
1.07012
1.06545
1.05826
1.04854
1.03603
1.02074
1.00363
0.987192
0.97509
0.970863
0.976422
0.991182
1.01236
1.03598
1.05797
1.0751
1.08556
1.08914
1.08728
1.08276
1.07908
1.07937
1.08509
1.09533
1.10716
1.1171
1.12274
1.12354
1.12053
1.11533
1.10919
1.10261
1.09582
1.08949
1.08516
1.085
1.09105
1.10428
1.12391
1.14757
1.17201
1.19403
1.21107
1.22161
1.22518
1.22231
1.21428
1.20281
1.18965
1.17615
1.16307
1.15063
1.13893
1.12848
1.12035
1.11574
1.11529
1.11854
1.12416
1.13042
1.13578
1.13916
1.1402
1.1391
1.13641
1.13253
1.12745
1.12076
1.11194
1.10065
1.08709
1.07203
1.0565
1.04146
1.02764
1.01586
1.00747
1.00413
1.00689
1.01543
1.02817
1.04315
1.05877
1.07396
1.0881
1.10087
1.11209
1.12151
1.12866
1.13281
1.13319
1.12949
1.1222
1.11262
1.10252
1.09344
1.08628
1.08105
1.07711
1.07361
1.06997
1.06626
1.06317
1.06189
1.06374
1.06964
1.07969
1.093
1.1078
1.12194
1.13328
1.14025
1.14235
1.14028
1.13565
1.13013
1.12491
1.12073
1.11804
1.11685
1.11655
1.11607
1.11443
1.11136
1.10729
1.10292
1.09866
1.09449
1.09025
1.08607
1.08246
1.08009
1.07945
1.08055
1.08308
1.08656
1.09086
1.09652
1.1048
1.11702
1.13362
1.15347
1.1742
1.19318
1.20834
1.21812
1.22118
1.21661
1.20419
1.18451
1.15892
1.12927
1.09797
1.06781
1.04156
1.0214
1.00852
1.00293
1.00367
1.00948
1.01924
1.03218
1.04761
1.06468
1.08224
1.09902
1.11375
1.12543
1.13351
1.13795
1.13938
1.13899
1.1386
1.14012
1.14463
1.15153
1.15871
1.16355
1.16415
1.16004
1.15233
1.14321
1.13516
1.13012
1.12903
1.13193
1.13806
1.14595
1.15358
1.15876
1.15978
1.15577
1.14679
1.13348
1.11686
1.09836
1.07983
1.0636
1.05188
1.04621
1.04681
1.05257
1.06151
1.07154
1.08111
1.08932
1.09575
1.10003
1.10145
1.0989
1.09108
1.07709
1.0569
1.03163
1.00327
0.97437
0.947914
0.92707
0.914601
0.912011
0.918856
0.932756
0.950051
0.966735
0.979375
0.985836
0.985745
0.980631
0.973599
0.968255
0.967373
0.972003
0.981864
0.996425
1.01551
1.03883
1.06534
1.09324
1.12057
1.14552
1.16645
1.18176
1.1901
1.19056
