1.38367
1.33963
1.27455
1.19088
1.09875
1.00933
0.937763
0.889926
0.870702
0.880346
0.910592
0.954271
1.00503
1.05712
1.10532
1.14625
1.18401
1.21762
1.24815
1.27718
1.2999
1.30916
1.30519
1.28745
1.26165
1.23762
1.22703
1.23795
1.26954
1.31948
1.3731
1.41896
1.44407
1.44088
1.40995
1.35775
1.2953
1.23656
1.18693
1.1469
1.11795
1.10138
1.09658
1.10816
1.13707
1.18438
1.24695
1.3241
1.40856
1.49819
1.5835
1.65164
1.69611
1.71114
1.69502
1.65051
1.5842
1.50331
1.41247
1.31667
1.22139
1.13656
1.06924
1.02632
1.01295
1.03132
1.07796
1.14962
1.23693
1.33075
1.41986
1.49481
1.543
1.55627
1.534
1.48396
1.41285
1.33441
1.26589
1.21435
1.18847
1.1817
1.18947
1.20702
1.23148
1.2608
1.30362
1.35953
1.43305
1.51871
1.60866
1.68828
1.73873
1.74402
1.69921
1.60423
1.47052
1.31689
1.16768
1.04556
0.963577
0.923269
0.921125
0.947281
0.987257
1.03918
1.09638
1.15566
1.20865
1.25485
1.28564
1.29754
1.29269
1.28222
1.27231
1.27104
1.28064
1.29978
1.32594
1.35449
1.37733
1.38755
1.38741
1.38285
1.37878
1.39023
1.41918
1.4632
1.51682
1.56709
1.6074
1.62826
1.63046
1.6134
1.5848
1.556
1.53623
1.53647
1.56315
1.61484
1.68871
1.77413
1.86153
1.93494
1.98489
1.99757
1.9728
1.91044
1.81565
1.6965
1.56055
1.41728
1.27872
1.15835
1.07114
1.02514
1.01928
1.05592
1.12406
1.2084
1.29073
1.34965
1.37591
1.36628
1.33244
1.29398
1.26393
1.25027
1.25965
1.28753
1.32417
1.35647
1.37577
1.37304
1.34155
1.27924
1.20011
1.11273
1.03295
0.970059
0.928332
0.904991
0.890179
0.881928
0.869683
0.856631
0.849858
0.850455
0.860003
0.879927
0.907825
0.94709
0.997388
1.062
1.13591
1.21503
1.28522
1.33553
1.35784
1.3525
1.32286
1.2769
1.22677
1.17917
1.13444
1.0927
1.05219
1.01555
0.981195
0.951177
0.927441
0.912968
0.906067
0.906773
0.909885
0.915951
0.920548
0.932716
0.952887
0.986196
1.03357
1.09804
1.17905
1.27643
1.38539
1.50077
1.61041
1.70287
1.76948
1.80126
1.79707
1.76343
1.70402
1.63123
1.55395
1.48039
1.41764
1.36633
1.33073
1.30565
1.28833
1.28027
1.27986
1.28826
1.30249
1.3107
1.30592
1.28193
1.24162
1.19414
1.15056
1.11711
1.09809
1.09135
1.09475
1.10367
1.11129
1.11036
1.10339
1.09979
1.10687
1.13546
1.1887
1.26519
1.35462
1.43919
1.50612
1.5496
1.57564
1.59082
1.6054
1.62201
1.64223
1.66323
1.69055
1.72461
1.76729
1.82409
1.89936
1.98642
2.08694
2.19254
2.29995
2.40102
2.48424
2.5274
2.52067
2.45725
2.34857
2.20351
2.04491
1.89569
1.77001
1.6805
1.62382
1.59388
1.58138
1.58066
1.58327
1.58426
1.58059
1.57024
1.55258
1.53261
1.51531
1.50423
1.5035
1.51722
1.54225
1.57199
1.60526
1.631
1.64676
1.65183
1.64659
1.63748
1.62409
1.60777
1.58874
1.56459
1.5387
1.50887
1.47613
1.4446
1.41213
1.38001
1.35176
1.3286
1.31825
1.31677
1.32781
1.34601
1.36325
1.36973
1.36278
1.35061
1.34169
1.34195
1.35691
1.38331
1.41663
1.45355
1.49579
1.53976
1.58557
1.62958
1.67062
1.70186
1.72375
1.73987
1.75357
1.76624
1.77558
1.77869
1.77474
1.76716
1.76228
1.76648
1.78675
1.82002
1.87237
1.93683
2.01227
2.08587
2.14021
2.16501
2.15109
2.10114
2.0196
1.91473
1.78814
1.64588
1.49851
1.36179
1.24421
1.15908
1.10996
1.09853
1.11317
1.14374
1.18189
1.21595
1.24191
1.25811
1.26688
1.26971
1.26538
1.25241
1.22884
1.18822
1.12917
1.05737
0.978723
0.9046
0.842589
0.801876
0.792118
0.814696
0.869935
0.951125
1.04857
1.14692
1.23485
1.3065
1.36061
1.39784
1.42262
1.43822
1.44856
1.45255
1.45091
1.4496
1.4496
1.4469
1.44506
1.44289
1.43515
1.42049
1.40101
1.381
1.36653
1.35871
1.35816
1.3568
1.35632
1.35175
1.33765
1.31929
1.2936
1.26184
1.22923
1.20089
1.18088
1.1713
1.172
1.18364
1.19666
1.21059
1.21963
1.22172
1.21855
1.21165
1.20145
1.19231
1.182
1.17261
1.16304
1.15014
1.13579
1.11315
1.08398
1.04075
0.986334
0.915128
0.839152
0.762468
0.688518
0.631035
0.592235
0.56909
0.571022
0.594125
0.639933
0.703806
0.782198
0.863601
0.940326
1.00249
1.04782
1.07375
1.07988
1.06886
1.04238
1.00328
0.949003
0.886556
0.817814
0.74591
0.679156
0.631405
0.60647
0.612812
0.651599
0.71907
0.80583
0.896705
0.9768
1.03382
1.05806
1.05526
1.04105
1.02359
1.01866
1.02972
1.0572
1.09259
1.12604
1.15168
1.16335
1.15505
1.12883
1.08825
1.03793
0.987867
0.944382
0.914831
0.902323
0.90962
0.937039
0.98069
1.04613
1.1283
1.23103
1.3486
1.47731
1.60852
1.73036
1.83086
1.90141
1.93575
1.93393
1.89529
1.82505
1.72215
1.59376
1.45633
1.32666
1.22356
1.14695
1.09782
1.06469
1.04945
1.05229
1.07872
1.12739
1.19661
1.27872
1.36501
1.44294
1.50647
1.54833
1.56537
1.55584
1.52199
1.46279
1.38225
1.29011
1.19711
1.11975
1.07128
1.07002
1.11944
1.21883
1.35847
1.51902
1.6747
1.80104
1.88203
1.91603
1.91322
1.89222
1.85955
1.82113
1.77614
1.71849
1.65083
1.58232
1.52585
1.4924
1.4797
1.4829
1.48069
1.45926
1.41094
1.33785
1.23979
1.13403
1.04123
0.982678
0.964041
0.984121
1.03034
1.0857
1.14493
1.20331
1.25906
1.31375
1.36027
1.39208
1.40152
1.37949
1.33252
1.26804
1.20471
1.15351
1.12089
1.10529
1.10487
1.11145
1.12523
1.13976
1.16006
1.18908
1.23373
1.29557
1.37109
1.45616
1.53859
1.61313
1.6717
1.71101
1.73772
1.74591
1.736
1.70535
1.65496
1.58218
1.49253
1.39466
1.29478
1.20132
1.1189
1.05518
1.01189
0.994913
1.0051
1.04187
1.09864
1.17081
1.25208
1.33588
1.41728
1.49236
1.557
1.59793
1.61389
1.60238
1.56969
1.52392
1.47778
1.44057
1.42159
1.4252
1.44921
1.49283
1.55313
1.62815
1.71292
1.79414
1.85504
1.89072
1.90235
1.9095
1.91696
1.92869
1.94395
1.95786
1.96207
1.95574
1.93419
1.90026
1.85785
1.80611
1.74364
1.67082
1.59244
1.50865
1.42259
1.33884
1.25976
1.18781
1.13009
1.09189
1.07938
1.09878
1.14663
1.22037
1.31594
1.42149
1.52536
1.61517
1.67389
1.7006
1.6939
1.66356
1.61904
1.57136
1.52467
1.48813
1.45722
1.43181
1.41041
1.39024
1.3709
1.35156
1.33307
1.3163
1.30617
1.30457
1.31026
1.31519
1.3106
1.28556
1.23751
1.17811
1.11804
1.06912
1.04821
1.06491
1.12047
1.21099
1.32895
1.45437
1.57071
1.65721
1.70176
1.70297
1.67219
1.62276
1.57265
1.534
1.5167
1.52213
1.54881
1.5843
1.61977
1.65869
1.70003
1.74561
1.80361
1.87009
1.93957
1.99803
2.0318
2.0344
1.99871
1.93541
1.86021
1.78499
1.72285
1.67876
1.65587
1.65231
1.66657
1.69466
1.71998
1.72785
1.70172
1.63207
1.51821
1.36966
1.2095
1.05675
0.927924
0.832494
0.772423
0.746062
0.75571
0.797481
0.872595
0.972051
1.09299
1.21978
1.33769
1.42201
1.45664
1.43688
1.37525
1.30121
1.23932
1.21672
1.24429
1.31925
1.4299
1.55094
1.66539
1.74058
1.77325
1.75731
1.70661
1.63498
1.56257
1.50646
1.47003
1.44886
1.43949
1.43224
1.42344
1.40965
1.38829
1.36293
1.34099
1.33303
1.34003
1.36589
1.40298
1.44359
1.48033
1.50199
1.51334
1.52128
1.5325
1.55164
1.57869
1.61077
1.64245
1.66611
1.67389
1.65964
1.6243
1.56962
1.50037
1.41975
1.33236
1.2441
1.15981
1.08982
1.03711
1.01012
1.00375
1.01765
1.04217
1.06465
1.08112
1.08983
1.09334
1.10061
1.1235
1.1672
1.23428
1.31984
1.41314
1.50366
1.58128
1.63807
1.67881
1.70355
1.71834
1.72922
1.73623
1.73891
1.73678
1.72691
1.71275
1.69241
1.67078
1.64952
1.62754
1.60926
1.59331
1.57146
1.54139
1.49591
1.43614
1.36658
1.29622
1.23362
1.18894
1.16683
1.16654
1.18374
1.22171
1.27125
1.32701
1.38444
1.44134
1.49468
1.53696
1.56185
1.56603
1.5498
1.5207
1.49173
1.47255
1.4725
1.49215
1.52622
1.56429
1.59556
1.61288
1.61094
1.58828
1.54698
1.49411
1.4331
1.37946
1.34257
1.32888
1.34511
1.38367
1.43612
1.49678
1.55327
1.60388
1.64446
1.67315
1.68558
1.68033
1.65561
1.61278
1.5605
1.49765
1.43714
1.38879
1.35756
1.35348
1.37977
1.43824
1.51744
1.60851
1.69519
1.75812
1.78709
1.77761
1.73157
1.66066
1.57673
1.49516
1.42527
1.37497
1.34827
1.34679
1.36667
1.40719
1.46258
1.52516
1.58725
1.6373
1.67153
1.6867
1.68557
1.66713
1.64029
1.61249
1.58894
1.57693
1.57582
1.58604
1.60592
1.63444
1.66428
1.69045
1.70431
1.69829
1.67168
1.62698
1.57427
1.52528
1.4942
1.48916
1.51148
1.56578
1.63928
1.71595
1.78187
1.82527
1.8485
1.85766
1.85769
1.85656
1.84578
1.82793
1.80189
1.76185
1.70199
1.61476
1.50481
1.39478
1.31071
1.26749
1.26645
1.30133
1.35702
1.4205
1.47653
1.5207
1.5464
1.55375
1.54338
1.51739
1.48674
1.45807
1.4348
1.4242
1.42396
1.4334
1.45151
1.47495
1.50366
1.53618
1.57023
1.60043
1.62544
1.64286
1.64952
1.64199
1.61802
1.57902
1.52623
1.46515
1.40305
1.34726
1.30329
1.27722
1.27123
1.28901
1.33244
1.39721
1.47607
1.5552
1.62054
1.66747
1.69621
1.71949
1.75301
1.79952
1.86139
1.93735
2.0236
2.11355
2.19915
2.27233
2.32186
2.34067
2.32851
2.29391
2.24889
2.2055
2.18303
2.19508
2.24253
2.30587
2.35138
2.34798
2.29621
2.22069
2.14728
2.08653
2.03736
1.9964
1.96195
1.92822
1.89619
1.86514
1.83855
1.82256
1.82124
1.8409
1.88227
1.93541
1.98682
2.02396
2.0394
2.03576
2.01725
1.9937
1.96467
1.93552
1.90748
1.88352
1.86191
1.83626
1.80054
1.75223
1.69043
1.61598
1.52993
1.44519
1.35797
1.2715
1.18166
1.0889
0.997149
0.913315
0.849662
0.810489
0.800355
0.818927
0.862086
0.918947
0.985573
1.05426
1.1234
1.19609
1.2715
1.35617
1.45332
1.55808
1.66457
1.76254
1.84868
1.91447
1.95533
1.96989
1.9515
1.89485
1.80303
1.67726
1.53028
1.37321
1.22064
1.08442
0.969577
0.881031
0.815992
0.762991
0.711069
0.649144
0.580762
0.515734
0.468059
0.454334
0.481419
0.551342
0.656141
0.78587
0.928756
1.07126
1.1998
1.31136
1.41163
1.50465
1.597
1.6872
1.76308
1.81487
1.82955
1.81251
1.77002
1.71556
1.66701
1.64074
1.64375
1.67925
1.74002
1.81133
1.87021
1.88926
1.86178
1.78639
1.67765
1.55153
1.43241
1.33177
1.25548
1.20645
1.19014
1.20728
1.25465
1.32858
1.42075
1.5222
1.62087
1.71316
1.79391
1.86689
1.93639
2.004
2.0736
2.14512
2.21477
2.2728
2.3089
2.31634
2.2898
2.23796
2.16708
2.09168
2.02995
1.98907
1.9718
1.97851
1.99894
2.02243
2.03823
2.03997
2.02459
1.99441
1.9522
1.90574
1.85728
1.81225
1.77376
1.74175
1.71014
1.67488
1.63147
1.58406
1.53564
1.49805
1.47871
1.4853
1.51259
1.55851
1.60806
1.65592
1.68914
1.70897
1.71614
1.71492
1.70657
1.69639
1.68436
1.67655
1.67002
1.66042
1.64845
1.63734
1.63224
1.64179
1.6675
1.71172
1.7603
1.80565
1.83002
1.83053
1.80065
1.74951
1.69082
1.63252
1.58937
1.56499
1.56
1.56924
1.58438
1.59572
1.5935
1.57292
1.53326
1.47771
1.41788
1.36566
1.33533
1.33674
1.37627
1.44679
1.54002
1.64354
1.74446
1.82993
1.88984
1.91878
1.91694
1.88944
1.84559
1.79862
1.75877
1.73637
1.73526
1.74787
1.76711
1.78085
1.77811
1.75807
1.72254
1.67853
1.62919
1.58479
1.54535
1.50965
1.47509
1.44038
1.4043
1.36896
1.32828
1.28252
1.23074
1.17847
1.12407
1.07528
1.03762
1.01967
1.02773
1.06774
1.13604
1.22304
1.30929
1.37606
1.41528
1.42296
1.40941
1.38855
1.36787
1.3508
1.3394
1.32491
1.30877
1.29285
1.28231
1.2787
1.28959
1.31201
1.34484
1.38764
1.43785
1.49897
1.57082
1.65262
1.74497
1.84366
1.94281
2.03711
2.11973
2.18467
2.22357
2.22603
2.1861
2.09985
1.97061
1.80934
1.6345
1.46579
1.32531
1.23611
1.21061
1.25774
1.37142
1.53276
1.70959
1.8707
1.99989
2.10485
2.19791
2.28418
2.35845
2.41222
2.44155
2.43995
2.40805
2.35124
2.26913
2.17272
2.0646
1.94967
1.83488
1.72438
1.62809
1.55404
1.50576
1.48326
1.48685
1.51004
1.5457
1.58364
1.61827
1.64302
1.65527
1.6548
1.65067
1.64666
1.64953
1.65966
1.6756
1.69134
1.70126
1.69812
1.67568
1.62789
1.55785
1.46675
1.36645
1.26688
1.18123
1.11851
1.08802
1.09633
1.1458
1.22928
1.33834
1.4542
1.55153
1.61425
1.62808
1.59834
1.52965
1.43727
1.3404
1.24704
1.16987
1.11544
1.08851
1.09233
1.12598
1.18892
1.27222
1.36042
1.44214
1.50592
1.54322
1.55839
1.55611
1.54046
1.51208
1.48345
1.45914
1.44854
1.45537
1.47479
1.49737
1.51613
1.5264
1.52686
1.51501
1.49741
1.47398
1.44976
1.42469
1.39998
1.37722
1.36334
1.36272
1.38173
1.41943
1.46762
1.51627
1.55243
1.56919
1.56359
1.54137
1.51032
1.48303
1.46688
1.46459
1.47133
1.48264
1.49579
1.50482
1.50557
1.50604
1.49903
1.47987
1.44887
1.40344
1.35001
1.29526
1.24391
1.20256
1.16777
1.13953
1.11684
1.09971
1.09133
1.09414
1.11182
1.14043
1.17172
1.19769
1.21546
1.22089
1.21711
1.21265
1.2151
1.23512
1.26956
1.29524
1.28522
1.23417
1.16568
1.11696
1.10987
1.13663
1.17766
1.20779
1.21038
1.17783
1.1245
1.06716
1.01848
0.99301
0.997209
1.03273
1.10037
1.20053
1.31986
1.44957
1.57707
1.68873
1.77945
1.84085
1.87149
1.87429
1.85178
1.80794
1.75146
1.68231
1.60702
1.52938
1.45178
1.38008
1.314
1.2624
1.22275
1.20002
1.19505
1.20955
1.23478
1.26921
1.30693
1.34376
1.37373
1.3982
1.42515
1.45685
1.4989
1.54861
1.60987
1.6752
1.74583
1.81847
1.89181
1.95663
2.00543
2.02346
2.00736
1.95725
1.87719
1.78066
1.67764
1.57955
1.48997
1.41264
1.34598
1.29169
1.24684
1.21687
1.20188
1.20149
1.21777
1.24963
1.29824
1.35909
1.4226
1.4872
1.54818
1.60416
1.65459
1.69792
1.73333
1.76578
1.78807
1.80553
1.81864
1.82341
1.82082
1.81219
1.79602
1.77454
1.75071
1.72916
1.7165
1.71983
1.73724
1.76426
1.79592
1.83339
1.87132
1.90803
1.94281
1.97237
1.99742
2.01239
2.01505
2.00108
1.97101
1.92144
1.85422
1.77026
1.67851
1.5854
1.50206
1.43648
1.39505
1.37644
1.37864
1.39761
1.42712
1.46104
1.49366
1.51929
1.53314
1.52554
1.49909
1.45859
1.41175
1.37415
1.35012
1.3394
1.33784
1.34269
1.36212
1.39505
1.44356
1.49469
1.53477
1.5502
1.53598
1.49139
1.43072
1.36584
1.31278
1.27863
1.26359
1.26224
1.25963
1.25115
1.2318
1.19853
1.16197
1.12731
1.10696
1.10103
1.11742
1.15681
1.21672
1.29558
1.38802
1.4888
1.58989
1.673
1.72759
1.73993
1.70707
1.63824
1.53909
1.42449
1.30157
1.18207
1.07622
0.999423
0.957567
0.948971
0.970105
1.00241
1.0361
1.05686
1.05884
1.04561
1.02101
0.998578
0.985815
0.984978
1.00029
1.02762
1.06467
1.11109
1.16747
1.2343
1.30491
1.3737
1.43197
1.47169
1.4891
1.48718
1.47441
1.45585
1.44142
1.43287
1.42974
1.43266
1.43957
1.44968
1.46468
1.4857
1.51484
1.54359
1.57337
1.60324
1.6366
1.67674
1.72499
1.78176
1.84282
1.90973
1.9766
2.03599
2.08074
2.10443
2.09906
2.05855
1.98293
1.87772
1.75786
1.63981
1.54107
1.46926
1.43663
1.44017
1.47472
1.5272
1.58401
1.63396
1.66713
1.67862
1.67598
1.66124
1.64114
1.62261
1.60714
1.59412
1.58001
1.55887
1.53468
1.51239
1.49635
1.48808
1.4823
1.46848
1.44248
1.40011
1.34888
1.30005
1.26174
1.24765
1.26336
1.30722
1.37472
1.46293
1.56007
1.65787
1.75044
1.82768
1.87976
1.89803
1.87305
1.80426
1.70045
1.572
1.43896
1.31908
1.22081
1.14681
1.10012
1.07597
1.07183
1.08242
1.09857
1.1217
1.14307
1.16727
1.18894
1.21508
1.24759
1.29419
1.35256
1.4232
1.49846
1.56339
1.60721
1.62392
1.60802
1.56492
1.50396
1.43743
1.38134
1.3452
1.34078
1.3659
1.40709
1.45464
1.49394
1.51846
1.52896
1.53275
1.53267
1.53456
1.53863
1.54295
1.54214
1.53037
1.50722
1.47356
1.43393
1.39284
1.35891
1.32634
1.29619
1.26948
1.24563
1.23357
1.23908
1.27363
1.34026
1.43989
1.56808
1.70596
1.83168
1.92214
1.96168
1.94593
1.88
1.7804
1.65924
1.53157
1.41329
1.31072
1.23334
1.18636
1.17151
1.18431
1.2238
1.28335
1.35874
1.44327
1.53401
1.61923
1.70259
1.77321
1.83058
1.86902
1.88085
1.86096
1.80817
1.72641
1.62728
1.51817
1.4168
1.32955
1.26274
1.22247
1.21495
1.23548
1.27757
1.33036
1.37702
1.40424
1.41054
1.40094
1.38962
1.38954
1.40532
1.42772
1.43592
1.42367
1.39303
1.35351
1.31352
1.27471
1.24264
1.22057
1.21195
1.22327
1.24692
1.28504
1.33096
1.37744
1.41916
1.45102
1.47553
1.49983
1.53296
1.57784
1.64493
1.72644
1.81693
1.90188
1.97373
2.0266
2.05828
2.07556
2.08165
2.07609
2.06428
2.04231
2.0068
1.96171
1.90926
1.85575
1.80879
1.77484
1.75221
1.73832
1.72983
1.73234
1.74732
1.7702
1.80319
1.83458
1.85039
1.8405
1.8041
1.74885
1.67939
1.60782
1.54138
1.48386
1.44191
1.41596
1.40917
1.41896
1.44167
1.47143
1.50258
1.52683
1.53979
1.53773
1.51985
1.48565
1.44397
1.39545
1.34489
1.295
1.24631
1.19662
1.14718
1.10381
1.07475
1.06862
1.08793
1.13295
1.19489
1.26753
1.34158
1.4126
1.47349
1.52496
1.56153
1.58455
1.59166
1.58361
1.56124
1.525
1.47544
1.41035
1.33822
1.26496
1.2024
1.15798
1.13848
1.15108
1.19063
1.25671
1.34202
1.43879
1.53842
1.63084
1.70169
1.73941
1.72807
1.66752
1.5592
1.4151
1.25722
1.10588
0.977259
0.882079
0.827307
0.806603
0.817468
0.849774
0.898256
0.94765
0.991359
1.01958
1.03408
1.03768
1.03731
1.04203
1.05687
1.08218
1.11586
1.15562
1.20218
1.2539
1.30068
1.33946
1.35536
1.33608
1.28327
1.22134
1.18146
1.18961
1.25392
1.35852
1.47357
1.5633
1.60137
1.58285
1.5185
1.44048
1.36866
1.32412
1.30476
1.30245
1.30946
1.31974
1.33251
1.34594
1.35578
1.36996
1.39367
1.4353
1.4935
1.55968
1.62768
1.68539
1.72249
1.73344
1.71471
1.675
1.62073
1.56452
1.51866
1.4872
1.47456
1.47787
1.49455
1.52411
1.55857
1.59338
1.62607
1.65143
1.67042
1.68269
1.67942
1.66429
1.63395
1.58974
1.53733
1.48423
1.43635
1.39418
1.36007
1.33178
1.31055
1.29998
1.30535
1.33114
1.37863
1.4456
1.52014
1.59051
1.64235
1.66702
1.65958
1.63075
1.5913
1.55269
1.52168
1.5035
1.49708
1.49972
1.50365
1.50798
1.5106
1.50422
1.49455
1.47965
1.46074
1.4388
1.41497
1.39199
1.36555
1.33716
1.30473
1.27006
1.22955
1.1974
1.17756
1.17855
1.20501
1.25589
1.32332
1.39637
1.46989
1.54003
1.60929
1.68265
1.76699
1.86471
1.97355
2.08184
2.17848
2.25312
2.29574
2.30616
2.28933
2.25147
2.20278
2.15001
2.09243
2.03288
1.96653
1.88834
1.79916
1.70285
1.6104
1.52805
1.4657
1.42711
1.41535
1.42533
1.45292
1.48775
1.51949
1.53921
1.5473
1.54205
1.51996
1.48914
1.45413
1.41983
1.39959
1.40284
1.43603
1.50051
1.59096
1.69482
1.801
1.89218
1.95487
1.97964
1.96508
1.92285
1.85774
1.78923
1.73369
1.69959
1.68679
1.69029
1.70716
1.7305
1.75946
1.79178
1.82765
1.86358
1.89585
1.91825
1.92138
1.89643
1.84237
1.76569
1.67197
1.57537
1.47474
1.37306
1.27036
1.16726
1.06751
0.977919
0.902983
0.854629
0.835239
0.8537
0.905694
0.985896
1.08384
1.18228
1.26565
1.32625
1.36376
1.38444
1.40092
1.42607
1.46862
1.53146
1.61261
1.69842
1.77259
1.81757
1.8274
1.79871
1.74183
1.6691
1.58372
1.48713
1.37862
1.26221
1.14417
1.03525
0.93999
0.864684
0.808902
0.777491
0.766939
0.778588
0.813036
0.865869
0.93482
1.01671
1.10375
1.18806
1.26243
1.32193
1.36029
1.3803
1.3799
1.3676
1.3462
1.32291
1.30079
1.28002
1.25729
1.23321
1.20473
1.17712
1.14838
1.12314
1.10697
1.09799
1.10035
1.10664
1.11473
1.11649
1.10661
1.08658
1.05904
1.0292
1.00155
0.975703
0.953146
0.93817
0.937
0.956612
1.00489
1.08509
1.19439
1.32558
1.46681
1.61327
1.75352
1.88013
1.98445
2.06169
2.10855
2.12745
2.11953
2.09192
2.04463
1.97984
1.90362
1.82607
1.7529
1.69098
1.64258
1.60449
1.56942
1.52985
1.47956
1.41881
1.35455
1.29997
1.26244
1.24735
1.24689
1.23939
1.21374
1.16773
1.10933
1.06737
1.05964
1.09013
1.15718
1.25028
1.35739
1.47385
1.59372
1.70834
1.80819
1.88258
1.92226
1.92814
1.90153
1.85224
1.78824
1.72131
1.65478
1.5965
1.54674
1.49821
1.44858
1.3923
1.3345
1.27447
1.2237
1.18282
1.15483
1.14298
1.14975
1.18368
1.24668
1.34098
1.46072
1.59542
1.73654
1.86833
1.97908
2.0529
2.07554
2.04212
1.96063
1.85418
1.75128
1.67953
1.64937
1.66319
1.71102
1.77714
1.84124
1.89203
1.91874
1.92404
1.91769
1.90726
1.90076
1.89943
1.90351
1.91411
1.92853
1.9441
1.96038
1.98177
2.0126
2.05413
2.0998
2.13996
2.16588
2.16598
2.14504
2.11051
2.06916
2.02446
1.98489
1.95249
1.92908
1.91617
1.90604
1.88742
1.84609
1.77427
1.67527
1.56087
1.44788
1.34426
1.26158
1.20356
1.16541
1.14661
1.14732
1.1648
1.19432
1.23648
1.2901
1.34795
1.41279
1.48036
1.55135
1.62373
1.69679
1.76745
1.82745
1.87056
1.89073
1.88415
1.85499
1.80958
1.75648
1.70175
1.653
1.61014
1.57716
1.55883
1.5619
1.58441
1.62586
1.68323
1.74866
1.80559
1.84238
1.85556
1.84619
1.82284
1.78957
1.74717
1.69267
1.62743
1.5499
1.46556
1.38339
1.3162
1.27359
1.26246
1.28372
1.32928
1.3934
1.46353
1.52999
1.58909
1.63731
1.67527
1.70167
1.71613
1.71774
1.70508
1.67637
1.63392
1.58154
1.52229
1.46194
1.40514
1.35437
1.31657
1.29383
1.29247
1.30817
1.3439
1.38727
1.42838
1.45898
1.47377
1.47073
1.4489
1.4178
1.38289
1.35321
1.3334
1.324
1.32071
1.31792
1.3101
1.2908
1.2576
1.20927
1.15382
1.09681
1.04088
0.992363
0.952222
0.920425
0.901492
0.894669
0.903748
0.923144
0.955155
0.996087
1.04377
1.1054
1.17686
1.25849
1.34365
1.42348
1.48887
1.54068
1.57879
1.60017
1.60315
1.5921
1.57653
1.56206
1.55888
1.57414
1.60827
1.6552
1.70511
1.74598
1.76093
1.74224
1.68996
1.61263
1.52217
1.43028
1.35196
1.29215
1.25363
1.23304
1.23327
1.25525
1.30297
1.38173
1.48351
1.59648
1.69838
1.773
1.81314
1.82667
1.82668
1.81902
1.8077
1.7997
1.79437
1.79135
1.78228
1.76365
1.72954
1.67625
1.59729
1.50012
1.39283
1.28379
1.18515
1.10629
1.05964
1.04574
1.06603
1.10893
1.1679
1.23093
1.2911
1.34833
1.39594
1.43035
1.44452
1.43489
1.40384
1.35451
1.30079
1.25143
1.2134
1.18798
1.17473
1.16634
1.16275
1.16044
1.1588
1.15688
1.15797
1.16052
1.16489
1.17164
1.1801
1.19033
1.20198
1.22286
1.25607
1.29552
1.33879
1.38157
1.41789
1.44645
1.46023
1.45922
1.44346
1.4097
1.35373
1.27645
1.18742
1.09941
1.02658
0.984557
0.974824
0.996289
1.03895
1.09059
1.14547
1.20648
1.27867
1.37071
1.48393
1.61342
1.74495
1.86779
1.96969
2.04267
2.08646
2.10482
2.096
2.06049
2.00073
1.92177
1.82266
1.71408
1.60449
1.49931
1.40803
1.33331
1.27788
1.2372
1.21538
1.21098
1.22276
1.25162
1.29416
1.34503
1.39938
1.45146
1.4964
1.52966
1.55557
1.57003
1.57782
1.58113
1.58365
1.58529
1.58246
1.56963
1.53735
1.48319
1.40852
1.31541
1.21521
1.12035
1.05103
1.01786
1.02968
1.08679
1.18101
1.29814
1.41908
1.51914
1.58647
1.6112
1.59548
1.53774
1.45223
1.34441
1.2279
1.11603
1.02295
0.961302
0.940229
0.953238
1.00376
1.08173
1.17271
1.26551
1.34881
1.4146
1.45338
1.46439
1.45218
1.42207
1.38127
1.33715
1.29388
1.2531
1.21543
1.18225
1.15822
1.14324
1.13898
1.15037
1.17482
1.20618
1.24497
1.2882
1.33385
1.37444
1.40212
1.40792
1.38356
1.32798
1.25444
1.17042
1.092
1.02034
0.957773
0.901634
0.850222
0.801557
0.755685
0.711403
0.677642
0.655661
0.653196
0.673349
0.713562
0.770335
0.840874
0.91984
0.99972
1.07349
1.13722
1.18509
1.21388
1.22095
1.21138
1.18787
1.15834
1.12885
1.10907
1.10016
1.10234
1.11405
1.12913
1.14823
1.16938
1.19525
1.23391
1.28663
1.34998
1.41952
1.48558
1.53359
1.56146
1.56335
1.54244
1.50403
1.45625
1.41042
1.3815
1.37528
1.3925
1.4266
1.47219
1.51788
1.55535
1.57657
1.57176
1.52883
1.43938
1.31003
1.15207
0.984414
0.828976
0.698783
0.605934
0.556557
0.553984
0.594091
0.672911
0.773236
0.88595
0.995053
1.09414
1.17928
1.25541
1.3265
1.3892
1.44458
1.48638
1.51343
1.52462
1.53071
1.53246
1.53148
1.52634
1.51578
1.5035
1.48367
1.45782
1.4245
1.38248
1.33121
1.2768
1.22846
1.19543
1.18381
1.20125
1.24954
1.32522
1.42632
1.55162
1.69365
1.8445
1.99529
2.13292
2.24153
2.30756
2.32451
2.28897
2.21632
2.12164
2.02308
1.93179
1.85246
1.78709
1.73496
1.69675
1.67189
1.66344
1.6716
1.6991
1.74434
1.80993
1.89319
1.9862
2.08417
2.17987
2.26041
2.31674
2.33101
2.29703
2.21091
2.07685
1.90793
1.72369
1.54219
1.37884
1.24778
1.15135
1.09453
1.07279
1.08005
1.11224
1.16039
1.21091
1.25763
1.28998
1.31046
1.32093
1.33206
1.34581
1.36781
1.39072
1.41323
1.43021
1.44081
1.44917
1.4608
1.47249
1.47839
1.46992
1.44014
1.3901
1.32491
1.26001
1.21304
1.19797
1.22319
1.27534
1.34208
1.4019
1.44693
1.47558
1.49502
1.51602
1.54978
1.60217
1.67075
1.74396
1.80466
1.84516
1.85895
1.85248
1.83686
1.81505
1.79362
1.7709
1.74285
1.70169
1.64516
1.57531
1.49598
1.41799
1.35056
1.30157
1.27283
1.26542
1.26235
1.25309
1.23024
1.20215
1.18556
1.18416
1.19369
1.20672
1.21413
1.20574
1.18446
1.15384
1.1244
1.10611
1.10062
1.11403
1.14774
1.19634
1.25814
1.3222
1.3797
1.41878
1.43297
1.41287
1.35912
1.27395
1.17133
1.06719
0.972995
0.903378
0.867246
0.868209
0.904958
0.968566
1.05139
1.14073
1.22542
1.29834
1.35653
1.40468
1.44013
1.46367
1.47433
1.47666
1.46731
1.45081
1.4311
1.41503
1.41408
1.43159
1.47154
1.5301
1.59433
1.65609
1.70307
1.73026
1.73469
1.72863
1.72398
1.73577
1.77634
1.85085
1.95248
2.06976
2.18166
2.2727
2.3303
2.35285
2.34248
2.30999
2.26517
2.21125
2.14602
2.0715
1.9903
1.91236
1.85206
1.81224
1.79183
1.7864
1.79472
1.81162
1.83497
1.85868
1.86989
1.85789
1.82358
1.76517
1.69405
1.61868
1.5426
1.46957
1.40403
1.34288
1.29329
1.25495
1.22537
1.19771
1.17122
1.14717
1.12513
1.10914
1.10146
1.1075
1.13351
1.18178
1.25705
1.35847
1.47942
1.61152
1.74228
1.85624
1.93778
1.98135
1.99298
1.9837
1.97022
1.9587
1.95206
1.94513
1.9311
1.90123
1.85267
1.78447
1.70314
1.61413
1.52733
1.45127
1.38719
1.3363
1.29731
1.27146
1.25225
1.24463
1.24791
1.26039
1.27932
1.30563
1.33664
1.37588
1.42555
1.48821
1.5544
1.60884
1.63252
1.61393
1.55968
1.49316
1.42993
1.38499
1.36137
1.36114
1.37936
1.40918
1.44078
1.46431
1.47804
1.48784
1.50545
1.53353
1.56816
1.59683
1.59985
1.56416
1.49364
1.40268
1.31303
1.24029
1.19091
1.16296
1.1544
1.15069
1.1454
1.13211
1.10842
1.0779
1.04385
1.01033
0.98212
0.962058
0.949546
0.942284
0.938554
0.939734
0.941336
0.946863
0.957125
0.979352
1.02359
1.08953
1.16339
1.23381
1.29425
1.34941
1.41638
1.49821
1.58225
1.65591
1.70574
1.72614
1.72564
1.71455
1.70254
1.69674
1.69746
1.70229
1.70894
1.71355
1.71635
1.7204
1.7236
1.72638
1.72661
1.72238
1.71275
1.69195
1.65965
1.61586
1.56021
1.4964
1.43255
1.37463
1.32514
1.28069
1.24969
1.22475
1.20381
1.18454
1.16666
1.14785
1.13592
1.13112
1.13348
1.14349
1.15728
1.17264
1.18736
1.20074
1.21289
1.22255
1.23408
1.24608
1.25776
1.26179
1.26557
1.27628
1.29767
1.34038
1.40117
1.47386
1.54608
1.60194
1.63604
1.64822
1.64931
1.64949
1.66446
1.69746
1.74897
1.81713
1.89796
1.98496
2.07249
2.15412
2.22075
2.26392
2.27255
2.24133
2.16806
2.05515
1.91721
1.76865
1.63062
1.52351
1.46046
1.45062
1.4912
1.56204
1.64868
1.73012
1.79377
1.82841
1.8442
1.84981
1.8571
1.87937
1.92035
1.98006
2.05278
2.13366
2.20222
2.25187
2.2704
2.25599
2.21644
2.16073
2.09437
2.02846
1.97178
1.93552
1.92066
1.93294
1.96766
2.02168
2.08442
2.1457
2.19188
2.21203
2.20423
2.16812
2.10699
2.02631
1.93751
1.85293
1.78547
1.7369
1.7129
1.70832
1.71621
1.72787
1.73938
1.74825
1.75596
1.75721
1.74987
1.7323
1.69798
1.64767
1.58712
1.52719
1.47928
1.4509
1.44481
1.46533
1.50645
1.56332
1.62617
1.68657
1.74245
1.79175
1.832
1.86071
1.87356
1.87201
1.84623
1.79898
1.73601
1.66387
1.59173
1.53037
1.49145
1.47853
1.49167
1.52661
1.57082
1.60631
1.6148
1.59272
1.541
1.47178
1.38944
1.30527
1.22258
1.1487
1.09321
1.06122
1.05921
1.08366
1.13636
1.21389
1.31329
1.42356
1.5299
1.61356
1.65814
1.664
1.6538
1.64936
1.65908
1.68682
1.73013
1.77648
1.81755
1.83896
1.82893
1.79249
1.7417
1.68481
1.62955
1.57341
1.51442
1.45324
1.39517
1.3416
1.29825
1.26471
1.24461
1.232
1.22488
1.21751
1.20804
1.18603
1.15226
1.10941
1.06977
1.04496
1.0476
1.08267
1.14623
1.23222
1.32717
1.41665
1.48213
1.51308
1.50166
1.45438
1.38037
1.2977
1.22201
1.16983
1.14747
1.15793
1.19882
1.26147
1.33121
1.39359
1.43288
1.43678
1.4118
1.37073
1.33009
1.30465
1.29402
1.2961
1.30145
1.30821
1.31079
1.30941
1.30936
1.31603
1.32588
1.34035
1.35254
1.36213
1.37008
1.37674
1.38348
1.38648
1.38099
1.36362
1.33435
1.29636
1.25388
1.21505
1.18369
1.16278
1.1558
1.16768
1.1967
1.23982
1.28967
1.33633
1.36813
1.38281
1.38445
1.37972
1.38316
1.40194
1.44016
1.48992
1.5493
1.60853
1.66423
1.70636
1.72727
1.72168
1.69108
1.6454
1.60102
1.57516
1.58176
1.62181
1.68703
1.75943
1.8256
1.87497
1.90452
1.92003
1.92693
1.92287
1.90774
1.87832
1.8378
1.78656
1.73279
1.68309
1.64242
1.60944
1.58019
1.54605
1.50537
1.45701
1.40526
1.3557
1.31596
1.29149
1.28931
1.31158
1.35606
1.4172
1.48599
1.55077
1.59813
1.62103
1.61949
1.59131
1.54322
1.48128
1.41607
1.35999
1.32614
1.32294
1.35512
1.42152
1.51448
1.62082
1.72128
1.79605
1.83436
1.83972
1.82145
1.79312
1.76758
1.74514
1.72215
1.69147
1.64623
1.58965
1.5231
1.46262
1.41663
1.39044
1.38309
1.38858
1.40561
1.4252
1.44701
1.47152
1.50546
1.55206
1.60878
1.66648
1.70576
1.71353
1.68336
1.61859
1.53037
1.43097
1.33172
1.23471
1.15037
1.08168
1.03651
1.01994
1.0352
1.0725
1.12975
1.19696
1.26712
1.3353
1.40379
1.46686
1.52527
1.57852
1.6254
1.66765
1.70296
1.73349
1.75425
1.76356
1.75662
1.73168
1.68194
1.60957
1.51837
1.41174
1.29645
1.18016
1.07555
0.987833
0.928258
0.900557
0.905432
0.93832
0.99338
1.05281
1.10837
1.14921
1.17242
1.1795
1.17199
1.15811
1.14033
1.12482
1.11223
1.10639
1.10804
1.1148
1.12677
1.13974
1.15139
1.16779
1.18559
1.20996
1.23762
1.26691
1.29346
1.323
1.35777
1.39466
1.43646
1.48002
1.52597
1.57291
1.62099
1.67144
1.72214
1.77531
1.8313
1.89091
1.94631
1.98167
1.98044
1.92814
1.83316
1.70892
1.57942
1.45869
1.35753
1.28061
1.22734
1.20038
1.20674
1.24528
1.31577
1.41151
1.52522
1.63074
1.7065
1.73
1.697
1.61394
1.50072
1.38385
1.27461
1.18425
1.11398
1.06626
1.0427
1.04416
1.06269
1.08603
1.1036
1.11196
1.1103
1.10539
1.10684
1.11803
1.14335
1.18457
1.23971
1.30743
1.37808
1.44318
1.49277
1.52128
1.53283
1.53379
1.54146
1.56697
1.61704
1.68462
1.75532
1.80597
1.81722
1.78987
1.73588
1.67098
1.61179
1.56379
1.52045
1.47565
1.41978
1.35728
1.29441
1.2406
1.20196
1.18366
1.18964
1.21405
1.25815
1.31464
1.3786
1.44593
1.51393
1.58367
1.66155
1.74894
1.84569
1.94144
2.00687
2.0275
1.98416
1.88624
1.75616
1.62337
1.51113
1.43305
1.39975
1.41789
1.48666
1.59952
1.74597
1.91096
2.08167
2.23954
2.36978
2.45147
2.47672
2.44011
2.34833
2.21582
2.05742
1.8863
1.7122
1.54136
1.38201
1.24152
1.12429
1.0369
0.983543
0.961811
0.967528
0.993612
1.03214
1.07141
1.09776
1.10706
1.09387
1.06711
1.03414
0.998645
0.961584
0.919475
0.874008
0.825833
0.783301
0.75592
0.750561
0.773063
0.821468
0.888837
0.967339
1.04369
1.11694
1.17911
1.22875
1.25843
1.27014
1.27121
1.27174
1.28022
1.302
1.33368
1.37597
1.41932
1.46018
1.4916
1.50221
1.48562
1.43975
1.37429
1.30398
1.24585
1.20874
1.19931
1.21524
1.25414
1.30622
1.36454
1.41978
1.45762
1.47031
1.45424
1.41432
1.35884
1.2975
1.23952
1.19016
1.15144
1.12471
1.10797
1.10303
1.11757
1.1573
1.22849
1.32765
1.45483
1.60114
1.75524
1.90739
2.03854
2.13666
2.19049
2.19234
2.14802
2.07037
1.97222
1.87573
1.7919
1.7299
1.693
1.67625
1.6781
1.69051
1.70588
1.72503
1.75116
1.78498
1.82341
1.86808
1.91738
1.96111
1.99791
2.0171
2.02209
2.01053
1.98689
1.95646
1.92109
1.88933
1.85458
1.8205
1.7844
1.74576
1.70621
1.66359
1.61442
1.56215
1.51193
1.47158
1.44912
1.44853
1.46743
1.49055
1.50814
1.50744
1.49046
1.46142
1.42797
1.39191
1.35505
1.31857
1.28624
1.25669
1.23675
1.23025
1.24076
1.26116
1.2906
1.32201
1.34703
1.36129
1.36588
1.3594
1.34508
1.32502
1.30276
1.2777
1.25911
1.24222
1.22991
1.22373
1.22003
1.21712
1.2103
1.19704
1.17551
1.1492
1.12145
1.09586
1.07547
1.0575
1.04317
1.03173
1.0251
1.02905
1.04542
1.07403
1.1144
1.15594
1.19756
1.23622
1.27923
1.32545
1.3776
1.42676
1.46307
1.4747
1.457
1.41824
1.36435
1.31179
1.27309
1.25217
1.2508
1.26164
1.27079
1.27235
1.26223
1.2431
1.22009
1.20476
1.20502
1.23118
1.28701
1.37145
1.46932
1.55666
1.60894
1.61247
1.5682
1.49047
1.39261
1.28727
1.18351
1.08526
1.00268
0.938966
0.903558
0.89926
0.928605
0.988077
1.07348
1.17302
1.27506
1.36776
1.43878
1.48083
1.49572
1.48861
1.46758
1.44935
1.44067
1.44312
1.45673
1.47763
1.50153
1.52506
1.54862
1.56634
1.58386
1.59916
1.61016
1.61899
1.62679
1.63573
1.64367
1.64963
1.6519
1.65039
1.64731
1.65035
1.66195
1.68426
1.71663
1.75387
1.78656
1.80188
1.79191
1.75543
1.69777
1.62538
1.54833
1.47125
1.40403
1.36059
1.35318
1.38548
1.45487
1.55126
1.65488
1.74924
1.81533
1.8437
1.83438
1.78751
1.71358
1.62901
1.54345
1.46642
1.41138
1.38256
1.38271
1.41044
1.455
1.50306
1.53313
1.53568
1.50885
1.46046
1.40235
1.34402
1.29673
1.26031
1.23991
1.24161
1.26369
1.30138
1.34412
1.38553
1.4204
1.44622
1.47002
1.4926
1.51912
1.55369
1.60494
1.67424
1.75236
1.82537
1.87779
1.91318
1.94016
1.97009
2.00385
2.03758
2.06261
2.0702
2.06187
2.03529
2.00308
1.97515
1.95665
1.95252
1.95897
1.96915
1.97464
1.96361
1.93178
1.87815
1.80759
1.73665
1.6757
1.63769
1.62348
1.62725
1.64637
1.66809
1.6872
1.69937
1.70675
1.70858
1.70706
1.69869
1.67445
1.63178
1.56954
1.49444
1.4169
1.34779
1.29552
1.2636
1.25106
1.25673
1.27672
1.30808
1.34479
1.37587
1.40032
1.41082
1.41014
1.40179
1.39322
1.38764
1.38679
1.39016
1.3957
1.40352
1.41407
1.43323
1.46251
1.50266
1.55076
1.59751
1.63543
1.65835
1.66447
1.65925
1.64688
1.63182
1.61629
1.59702
1.5728
1.53843
1.49267
1.43937
1.38333
1.3251
1.26313
1.20456
1.1461
1.09667
1.05898
1.03368
1.02074
1.01568
1.0165
1.01872
1.02344
1.02806
1.02688
1.01317
0.981959
0.940738
0.892992
0.852814
0.830301
0.837706
0.872947
0.92935
0.99887
1.07303
1.15003
1.23406
1.32835
1.43286
1.54391
1.65438
1.74937
1.811
1.82931
1.80176
1.73035
1.63216
1.52101
1.41253
1.32043
1.24978
1.20196
1.17729
1.17136
1.1818
1.20265
1.22704
1.25377
1.28293
1.31627
1.35792
1.40567
1.45838
1.506
1.54417
1.5682
1.5769
1.57208
1.55545
1.52915
1.49818
1.46566
1.43358
1.40157
1.37006
1.33593
1.30106
1.26186
1.22269
1.19704
1.18921
1.20603
1.2397
1.28767
1.3389
1.39051
1.44122
1.49076
1.54254
1.60034
1.66213
1.73398
1.80946
1.8744
1.91183
1.90978
1.86659
1.79024
1.70403
1.62476
1.56535
1.53368
1.53106
1.55596
1.60407
1.66699
1.72927
1.78058
1.79612
1.76923
1.70189
1.62159
1.55561
1.51976
1.51358
1.53475
1.56518
1.59427
1.62029
1.64087
1.66337
1.69784
1.7466
1.80924
1.8787
1.94392
1.98766
1.99789
1.95782
1.86897
1.7467
1.61948
1.50751
1.42798
1.38641
1.38065
1.40814
1.45858
1.52577
1.60147
1.67885
1.74452
1.79398
1.8218
1.83188
1.83309
1.82608
1.82047
1.81893
1.82031
1.81875
1.80235
1.76514
1.69949
1.61159
1.51007
1.41223
1.33155
1.27957
1.26601
1.29035
1.34668
1.4268
1.51329
1.59101
1.6415
1.66046
1.64508
1.5981
1.52936
1.44887
1.37192
1.30222
1.24101
1.18517
1.14075
1.11078
1.09562
1.09435
1.10203
1.10846
1.10846
1.10041
1.09166
1.08482
1.08379
1.08994
1.09676
1.10137
1.09404
1.07223
1.03966
0.998083
0.96367
0.941998
0.940836
0.962279
1.00587
1.07125
1.15412
1.25103
1.35187
1.44921
1.53359
1.59951
1.63989
1.65528
1.64741
1.62349
1.58501
1.54443
1.503
1.46726
1.43727
1.41172
1.39101
1.3737
1.36084
1.3538
1.3572
1.37228
1.4003
1.43505
1.47839
1.5227
1.56291
1.59264
1.60751
1.60362
1.5832
1.55054
1.51445
1.48509
1.46463
1.45974
1.47136
1.49907
1.5382
1.58098
1.61778
1.64201
1.64943
1.64112
1.62651
1.61069
1.59584
1.58573
1.58469
1.59202
1.61013
1.62888
1.64059
1.63656
1.60875
1.56034
1.49902
1.43502
1.37869
1.33735
1.31719
1.31888
1.33637
1.36099
1.39118
1.41766
1.43929
1.45392
1.4607
1.45871
1.44811
1.42798
1.4022
1.37833
1.35721
1.33883
1.32754
1.31513
1.30672
1.29834
1.29121
1.28895
1.29266
1.30491
1.3233
1.34326
1.35869
1.36681
1.36278
1.35123
1.33326
1.31551
1.30816
1.31207
1.32658
1.35022
1.37511
1.39673
1.4077
1.40954
1.40068
1.38702
1.37374
1.36084
1.35213
1.34452
1.33174
1.31678
1.29307
1.26386
1.22894
1.192
1.1591
1.13875
1.13084
1.14209
1.16959
1.21086
1.25687
1.30348
1.34663
1.37944
1.39971
1.41097
1.41115
1.39844
1.37422
1.34419
1.30972
1.2763
1.24506
1.21706
1.18938
1.16068
1.13642
1.12387
1.1325
1.16577
1.21933
1.28646
1.35822
1.42685
1.48874
1.54034
1.58195
1.61695
1.64621
1.67748
1.70834
1.74207
1.77189
1.79897
1.82013
1.83091
1.83067
1.81972
1.80444
1.78736
1.77162
1.75773
1.74661
1.73906
1.74035
1.74669
1.75392
1.76216
1.77305
1.78439
1.79925
1.81752
1.83796
1.86266
1.88563
1.90512
1.91758
1.91698
1.906
1.88589
1.86249
1.83834
1.82542
1.82857
1.84194
1.86045
1.88003
1.89408
1.89816
1.88593
1.84987
1.78826
1.7032
1.60541
1.50177
1.40357
1.31656
1.24196
1.18515
1.13951
1.10021
1.06066
1.01628
0.968237
0.921003
0.883599
0.868569
0.877819
0.912739
0.956315
0.985856
0.989787
0.977341
0.960046
0.952649
0.953828
0.961333
0.972508
0.988866
1.01396
1.05197
1.1
1.16488
1.24679
1.34477
1.45207
1.56001
1.65073
1.7173
1.75684
1.77413
1.78025
1.77899
1.77795
1.78125
1.78787
1.79994
1.81599
1.83086
1.84037
1.84211
1.83049
1.79962
1.74958
1.68381
1.60554
1.52134
1.43849
1.36778
1.31451
1.2732
1.24601
1.23236
1.22638
1.22903
1.24116
1.26206
1.29407
1.33843
1.39496
1.45593
1.51595
1.56189
1.58132
1.5728
1.53278
1.47154
1.39678
1.31692
1.23593
1.16115
1.09902
1.05398
1.03215
1.0332
1.05728
1.09927
1.15255
1.21451
1.27729
1.33484
1.37848
1.40263
1.40464
1.38428
1.34891
1.30825
1.27432
1.25786
1.27281
1.32634
1.42484
1.55592
1.70793
1.85783
1.98255
2.06235
2.08999
2.06696
2.00993
1.93925
1.87372
1.82191
1.79013
1.77547
1.7712
1.77517
1.78315
1.7956
1.80896
1.82595
1.84722
1.86433
1.87936
1.88788
1.8883
1.88075
1.87329
1.86754
1.8672
1.86741
1.86616
1.8577
1.84247
1.82547
1.80502
1.78663
1.76987
1.75508
1.73695
1.70803
1.66452
1.60441
1.5202
1.41427
1.29569
1.17379
1.06627
0.990562
0.958724
0.97181
1.0262
1.11084
1.21347
1.31491
1.39824
1.4535
1.4815
1.48963
1.48984
1.48724
1.48247
1.47491
1.46356
1.44889
1.43303
1.4196
1.41548
1.42252
1.44566
1.48451
1.54167
1.61405
1.69436
1.77539
1.84765
1.90435
1.94189
1.95376
1.93819
1.8998
1.84622
1.78268
1.71864
1.65757
1.60299
1.55738
1.52393
1.50954
1.51583
1.54323
1.58733
1.64211
1.69919
1.75198
1.79816
1.83412
1.86938
1.90057
1.9348
1.97322
2.01101
2.0484
2.07358
2.08158
2.07276
2.05247
2.02517
1.99692
1.97421
1.95805
1.94987
1.9471
1.94298
1.93514
1.92113
1.89559
1.85605
1.80044
1.72789
1.64534
1.5622
1.49219
1.44811
1.43647
1.4624
1.52124
1.5966
1.67227
1.7327
1.76705
1.77091
1.74413
1.68405
1.59572
1.49018
1.38294
1.2853
1.21126
1.16126
1.13048
1.11273
1.10406
1.09889
1.09706
1.10029
1.11019
1.13247
1.1665
1.22012
1.28968
1.36731
1.44014
1.49652
1.52565
1.5299
1.51562
1.4979
1.49453
1.51827
1.57541
1.66029
1.76204
1.85834
1.93433
1.97254
1.96726
1.9248
1.86094
1.79077
1.72453
1.6699
1.62254
1.58409
1.55207
1.5229
1.49954
1.47854
1.45509
1.4274
1.39194
1.36132
1.34543
1.35602
1.39678
1.46731
1.56359
1.67588
1.78794
1.87996
1.94181
1.96507
1.94523
1.88196
1.78809
1.67692
1.56618
1.47117
1.39986
1.36329
1.35786
1.38406
1.43507
1.50639
1.58912
1.6767
1.76123
1.83757
1.90442
1.95812
1.99091
1.99377
1.95735
1.87653
1.75393
1.6106
1.46303
1.32094
1.19227
1.07938
0.991422
0.939821
0.928755
0.955464
1.01073
1.08781
1.18165
1.28435
1.38919
1.49113
1.57727
1.64092
1.68901
1.73929
1.80622
1.89733
2.00556
2.10844
2.18025
2.20615
2.17968
2.10066
1.98152
1.83272
1.66835
1.504
1.35427
1.22745
1.12561
1.05069
0.996684
0.956244
0.928985
0.91184
0.898579
0.8859
0.872776
0.860718
0.85355
0.857616
0.879045
0.920805
0.981102
1.05727
1.14628
1.23855
1.32915
1.41472
1.49425
1.5655
1.62795
1.67441
1.70268
1.70971
1.69664
1.66269
1.61095
1.53928
1.449
1.34435
1.24317
1.15973
1.10228
1.07204
1.0635
1.07214
1.09741
1.13602
1.18428
1.2294
1.26178
1.27075
1.24762
1.19174
1.11458
1.02704
0.955663
0.911614
0.909064
0.95393
1.04216
1.1541
1.26966
1.36197
1.41058
1.41144
1.37429
1.31308
1.24294
1.17285
1.11092
1.06057
1.02434
1.00286
0.991891
0.990322
1.00227
1.02077
1.04563
1.0708
1.09152
1.10402
1.10924
1.11192
1.12024
1.13981
1.17022
1.21538
1.27157
1.33783
1.40521
1.46158
1.48932
1.48002
1.43854
1.37674
1.30833
1.24591
1.19187
1.14627
1.11584
1.10059
1.10258
1.12461
1.16275
1.22142
1.2981
1.38779
1.48007
1.5601
1.60821
1.61574
1.57963
1.5099
1.41932
1.32649
1.24471
1.18326
1.14679
1.13453
1.14414
1.17399
1.21694
1.2668
1.32195
1.37401
1.4229
1.46764
1.50843
1.55108
1.59744
1.65189
1.71802
1.79422
1.88064
1.96458
2.03496
2.08041
2.09397
2.07348
2.02701
1.96131
1.88082
1.78695
1.68505
1.57427
1.46442
1.36422
1.2827
1.229
1.20469
1.20817
1.23696
1.27966
1.32299
1.35114
1.35583
1.32971
1.28265
1.22308
1.16087
1.09783
1.03232
0.963821
0.894626
0.827558
0.776365
0.7454
0.748044
0.785679
0.859462
0.95872
1.0748
1.18311
1.27378
1.32969
1.34685
1.33258
1.2921
1.23971
1.18917
1.15206
1.13326
1.13179
1.14531
1.16912
1.20178
1.23459
1.26483
1.28516
1.29158
1.28253
1.26314
1.2411
1.22607
1.22164
1.22822
1.24049
1.24477
1.23999
1.2272
1.21334
1.20509
1.20317
1.2057
1.20833
1.20381
1.18844
1.16907
1.15314
1.14777
1.15943
1.18937
1.23473
1.28797
1.341
1.38188
1.40649
1.41463
1.4118
1.40639
1.40865
1.42366
1.45132
1.48412
1.51867
1.54964
1.57279
1.59259
1.60723
1.62029
1.63307
1.64484
1.65938
1.67523
1.69327
1.71959
1.7579
1.80996
1.87255
1.93621
1.98851
2.02312
2.02984
2.01549
1.98291
1.93815
1.89558
1.86118
1.84182
1.84204
1.85159
1.86094
1.85204
1.81444
1.74507
1.64901
1.53556
1.41687
1.31007
1.22496
1.16875
1.14702
1.15507
1.19281
1.25237
1.32719
1.4039
1.46639
1.50417
1.50962
1.4821
1.42588
1.35793
1.28815
1.23
1.1855
1.15777
1.14672
1.14718
1.15403
1.16058
1.16522
1.16167
1.15218
1.13845
1.12614
1.11748
1.11699
1.12804
1.15411
1.1937
1.23675
1.27406
1.29712
1.30197
1.28486
1.25134
1.20844
1.16659
1.13886
1.13148
1.15271
1.2064
1.28374
1.37332
1.46216
1.53479
1.57544
1.58138
1.54919
1.49245
1.41871
1.34722
1.29764
1.27169
1.27754
1.30639
1.34483
1.37916
1.39664
1.39238
1.36411
1.32452
1.28199
1.25122
1.24662
1.27422
1.33709
1.42884
1.53777
1.64124
1.71643
1.75972
1.78076
1.78431
1.77677
1.75489
1.71773
1.67285
1.62975
1.59077
1.56213
1.54408
1.54133
1.55467
1.57987
1.61725
1.66017
1.69643
1.71611
1.71075
1.67468
1.60706
1.51206
1.40324
1.28769
1.18077
1.09426
1.03545
1.00505
0.99788
1.00715
1.02662
1.05172
1.08197
1.12433
1.17686
1.24007
1.31371
1.39394
1.46839
1.53125
1.57943
1.60996
1.62208
1.61582
1.59812
1.56955
1.54198
1.51688
1.49942
1.48668
1.47695
1.47034
1.47117
1.47623
1.48629
1.49186
1.49083
1.48596
1.47771
1.46895
1.4663
1.46609
1.46834
1.46603
1.44844
1.40711
1.3425
1.25797
1.16472
1.07828
1.0081
0.957111
0.927647
0.915705
0.922729
0.947657
0.994337
1.0616
1.13957
1.22263
1.29811
1.35655
1.39123
1.40036
1.38416
1.34708
1.30027
1.25574
1.22455
1.21648
1.2349
1.27468
1.32742
1.38681
1.4501
1.5124
1.57729
1.64497
1.70975
1.77321
1.82202
1.85281
1.8626
1.85196
1.82227
1.77912
1.7275
1.66171
1.58623
1.50984
1.44296
1.39973
1.38811
1.40581
1.45145
1.51519
1.59262
1.67258
1.75038
1.82165
1.87743
1.91213
1.92268
1.91082
1.88419
1.85306
1.8288
1.81715
1.82072
1.83951
1.86534
1.8861
1.88985
1.86071
1.78657
1.67322
1.52789
1.36923
1.21946
1.09245
0.994806
0.927895
0.888345
0.867957
0.862215
0.871705
0.895563
0.931715
0.979211
1.03125
1.08024
1.11692
1.13981
1.14685
1.13894
1.12041
1.0932
1.05718
1.01596
0.977834
0.947899
0.93241
0.940776
0.972887
1.03078
1.1096
1.20159
1.29872
1.38859
1.46897
1.5371
1.60011
1.65496
1.70643
1.75059
1.79053
1.82486
1.84909
1.85649
1.837
1.78849
1.71628
1.63427
1.54963
1.47154
1.39948
1.33545
1.283
1.24844
1.23643
1.24995
1.29164
1.35646
1.44224
1.54172
1.65143
1.76446
1.87223
1.95971
2.01436
2.03033
2.00682
1.95497
1.88846
1.81882
1.75955
1.71894
1.70076
1.7072
1.733
1.7769
1.8314
1.89306
1.95697
2.01663
2.07045
2.11649
2.15588
2.19107
2.2198
2.25009
2.28426
2.32638
2.37877
2.43949
2.49954
2.54542
2.56325
2.54117
2.47498
2.37473
2.25063
2.11602
1.98344
1.85469
1.73677
1.62982
1.53327
1.44529
1.36745
1.29512
1.23047
1.17327
1.12703
1.09384
1.06842
1.0477
1.02952
1.01501
1.00518
1.01055
1.03833
1.0908
1.15925
1.2239
1.26244
1.27389
1.26978
1.26858
1.28563
1.31972
1.37101
1.43783
1.5161
1.605
1.70157
1.80544
1.91143
2.01241
2.09551
2.14954
2.16525
2.14228
2.09459
2.03511
1.97997
1.94044
1.92518
1.93286
1.95367
1.97879
1.98886
1.97759
1.95357
1.92408
1.89428
1.8616
1.82079
1.77121
1.71013
1.64291
1.57443
1.51585
1.47359
1.4535
1.45368
1.47207
1.49644
1.53001
1.56807
1.60624
1.64597
1.67823
1.69942
1.70277
1.68975
1.66282
1.62373
1.57132
1.5101
1.44291
1.37315
1.30569
1.24273
1.19073
1.1514
1.12693
1.11839
1.12445
1.14327
1.16574
1.18134
1.18858
1.18935
1.19967
1.22762
1.27455
1.33691
1.40735
1.4756
1.53445
1.57703
1.59951
1.60067
1.58401
1.54757
1.49929
1.44975
1.4085
1.37836
1.3624
1.34683
1.3252
1.2924
1.26138
1.24445
1.24393
1.26194
1.28961
1.31878
1.34019
1.35371
1.36355
1.37755
1.3958
1.42109
1.442
1.45025
1.44421
1.43023
1.4251
1.43382
1.46272
1.51098
1.56545
1.62015
1.661
1.68567
1.69882
1.702
1.70387
1.7151
1.74005
1.77563
1.81531
1.84328
1.84239
1.80892
1.74702
1.67492
1.60179
1.53458
1.48253
1.44961
1.43859
1.45326
1.48756
1.54137
1.60869
1.67993
1.7497
1.8113
1.85456
1.87294
1.86339
1.83343
1.79636
1.76373
1.74555
1.74804
1.77128
1.80898
1.85724
1.90576
1.94477
1.96827
1.96886
1.94819
1.90691
1.85212
1.79606
1.74735
1.70985
1.68538
1.66891
1.65661
1.63879
1.60481
1.55352
1.48482
1.40149
1.31034
1.22488
1.15859
1.12175
1.12381
1.16051
1.22492
1.30247
1.38082
1.4455
1.49278
1.51828
1.52654
1.52108
1.50418
1.48457
1.46623
1.4535
1.4496
1.45496
1.47024
1.48888
1.50817
1.5221
1.53438
1.5461
1.55959
1.58339
1.61482
1.65158
1.68076
1.70322
1.71286
1.7108
1.70441
1.69291
1.6767
1.65978
1.65114
1.65705
1.68542
1.74128
1.82242
1.92011
2.02407
2.12061
2.19933
2.25793
2.29189
2.30703
2.30048
2.27368
2.22773
2.15885
2.07104
1.96974
1.863
1.76622
1.68213
1.61802
1.56877
1.53388
1.50966
1.49783
1.50044
1.52064
1.56439
1.62924
1.71714
1.82054
1.93051
2.02708
2.09608
2.12105
2.10101
2.04084
1.95939
1.8769
1.81302
1.78483
1.79366
1.83521
1.89973
1.97574
2.05117
2.11624
2.16146
2.18577
2.1906
2.17663
2.14841
2.10679
2.05856
2.00773
1.95792
1.91077
1.86466
1.82376
1.79237
1.77379
1.76794
1.76826
1.77196
1.76379
1.74054
1.69853
1.64187
1.5868
1.54269
1.51837
1.515
1.5275
1.5446
1.55437
1.54748
1.52344
1.48481
1.43925
1.39955
1.37173
1.36047
1.36213
1.37205
1.38112
1.38523
1.38488
1.37886
1.37702
1.38161
1.39903
1.4309
1.47007
1.51206
1.54669
1.56957
1.57769
1.57107
1.55492
1.52822
1.49188
1.44585
1.38806
1.32953
1.28279
1.25473
1.25107
1.26998
1.30166
1.33029
1.34713
1.34568
1.32826
1.30176
1.26988
1.24008
1.21471
1.19424
1.18462
1.18283
1.19478
1.21854
1.25606
1.31258
1.38265
1.46556
1.55701
1.65014
1.7426
1.82946
1.91176
1.98672
2.05374
2.10844
2.14874
2.17265
2.17862
2.16984
2.15275
2.13881
2.14075
2.16597
2.21597
2.28457
2.35155
2.39847
2.40671
2.36733
2.28273
2.16311
2.02215
1.86529
1.7002
1.53672
1.37892
1.24273
1.13553
1.06503
1.02822
1.01856
1.03051
1.05769
1.09718
1.14296
1.19697
1.25823
1.31714
1.369
1.41122
1.44247
1.46807
1.49046
1.51429
1.54035
1.56883
1.59628
1.62046
1.64184
1.65233
1.64627
1.62004
1.58216
1.54357
1.51116
1.48955
1.47183
1.4532
1.42631
1.38757
1.33106
1.25671
1.16673
1.06563
0.960101
0.849466
0.740994
0.640309
0.550815
0.480123
0.430492
0.40197
0.400549
0.422326
0.467486
0.536236
0.625711
0.7361
0.863895
1.00915
1.16722
1.32891
1.48644
1.62413
1.72986
1.79095
1.80106
1.7613
1.68272
1.58373
1.48563
1.39074
1.31009
1.24639
1.2054
1.18869
1.19961
1.23597
1.28758
1.33648
1.37284
1.38999
1.39534
1.40278
1.41512
1.43646
1.46037
1.47786
1.48286
1.47232
1.4501
1.42185
1.39851
1.38229
1.37361
1.3688
1.36217
1.34449
1.31286
1.26342
1.20581
1.14697
1.09988
1.07353
1.07231
1.09279
1.13339
1.18287
1.23029
1.26364
1.28206
1.28042
1.25716
1.21515
1.15824
1.0976
1.04662
1.01596
1.01054
1.03369
1.07973
1.13861
1.20055
1.25161
1.2834
1.2902
1.27282
1.23265
1.17715
1.11497
1.05428
1.00033
0.958316
0.927363
0.911983
0.90498
0.906227
0.92229
0.949665
0.996855
1.06532
1.16259
1.28153
1.42162
1.57697
1.74534
1.91081
2.05064
2.14914
2.18789
2.16516
2.09052
1.98158
1.85662
1.73224
1.62309
1.53807
1.48251
1.45723
1.45639
1.47438
1.50042
1.5301
1.56244
1.60531
1.65706
1.72258
1.78874
1.84228
1.87477
1.87941
1.86073
1.82284
1.77518
1.71975
1.66426
1.61193
1.56695
1.53219
1.50735
1.49693
1.49618
1.50198
1.51181
1.5158
1.52032
1.51552
1.50351
1.47921
1.4417
1.39065
1.33039
1.26511
1.2017
1.15128
1.11185
1.08305
1.06008
1.03968
1.02085
0.999347
0.973687
0.94768
0.924631
0.907908
0.904957
0.918508
0.949531
0.995917
1.05153
1.11054
1.16304
1.20639
1.24364
1.28125
1.32281
1.37439
1.43469
1.49837
1.56899
1.64426
1.72257
1.79924
1.87084
1.93008
1.97156
1.99183
1.99535
1.986
1.96964
1.95146
1.93054
1.90837
1.88629
1.86217
1.83478
1.80463
1.77323
1.73938
1.70935
1.68861
1.67879
1.67755
1.67371
1.66137
1.63008
1.58027
1.52112
1.46777
1.43947
1.4473
1.49087
1.5613
1.63803
1.70154
1.73907
1.74537
1.7184
1.66389
1.59151
1.50949
1.42421
1.3386
1.25763
1.18539
1.12593
1.0831
1.06075
1.05381
1.06709
1.09636
1.13677
1.17903
1.21039
1.22117
1.20188
1.15943
1.10235
1.05049
1.01588
1.00837
1.02738
1.07606
1.14722
1.23861
1.34247
1.44605
1.53544
1.5992
1.6272
1.62061
1.58924
1.54708
1.50354
1.46174
1.42589
1.39452
1.36854
1.35182
1.34788
1.36452
1.40232
1.46219
1.53785
1.61837
1.68854
1.72281
1.71275
1.65095
1.55118
1.42705
1.29443
1.16677
1.0547
0.964419
0.903465
0.879623
0.893442
0.947897
1.03507
1.14662
1.26326
1.37267
1.45693
1.51003
1.53019
1.52216
1.48509
1.42468
1.35014
1.27014
1.19653
1.13512
1.08723
1.0509
1.02108
0.996839
0.97582
0.962365
0.959673
0.96684
0.986306
1.01721
1.06134
1.11392
1.16674
1.21428
1.24729
1.27104
1.28529
1.30072
1.31815
1.34032
1.36022
1.37611
1.38186
1.38292
1.37912
1.37794
1.38321
1.398
1.42418
1.46193
1.50628
1.56019
1.61711
1.67419
1.72174
1.75464
1.77426
1.78454
1.79877
1.82163
1.85612
1.89876
1.93563
1.9592
1.96052
1.94404
1.91477
1.87903
1.84324
1.81256
1.78914
1.77064
1.75865
1.75465
1.75672
1.76192
1.77042
1.77687
1.77684
1.76615
1.74191
1.71502
1.69045
1.6775
1.68032
1.70049
1.73062
1.75896
1.77754
1.7834
1.77456
1.7557
1.72889
1.69421
1.64475
1.58236
1.51207
1.43591
1.36462
1.30428
1.26294
1.24602
1.25835
1.30286
1.37341
1.46507
1.5681
1.67221
1.76317
1.83383
1.87912
1.90193
1.90907
1.90101
1.88496
1.85742
1.82353
1.79126
1.77432
1.7799
1.80374
1.82826
1.82891
1.7968
1.73935
1.67023
1.60549
1.55655
1.5227
1.49831
1.48148
1.47243
1.47711
1.49622
1.53714
1.59221
1.64683
1.68861
1.71204
1.71626
1.71181
1.70532
1.7006
1.69914
1.69542
1.69209
1.68317
1.6655
1.63839
1.60305
1.5627
1.51957
1.47271
1.43467
1.40452
1.38908
1.38695
1.39766
1.41774
1.44183
1.45907
1.46916
1.46214
1.43827
1.39693
1.34495
1.29
1.23828
1.19699
1.17189
1.15898
1.15578
1.15381
1.15023
1.13593
1.11341
1.08439
1.04988
1.01046
0.965033
0.914393
0.857934
0.794151
0.725195
0.658815
0.590349
0.530697
0.484383
0.460066
0.46479
0.504091
0.576682
0.679349
0.802319
0.928711
1.04903
1.14789
1.22689
1.28417
1.32523
1.3545
1.37759
1.40161
1.42371
1.44416
1.45925
1.45576
1.43128
1.38186
1.30782
1.21983
1.13188
1.05482
1.00369
0.982899
0.997394
1.04871
1.13085
1.24074
1.36802
1.49191
1.59543
1.66131
1.68279
1.666
1.62474
1.56778
1.50618
1.44093
1.37921
1.32453
1.28488
1.264
1.26707
1.29917
1.35785
1.43547
1.52682
1.61811
1.6941
1.74149
1.74804
1.7106
1.6345
1.52784
1.40471
1.28034
1.16702
1.0738
1.00798
0.975672
0.973938
1.00481
1.06265
1.13749
1.22235
1.30352
1.37525
1.43204
1.46556
1.4717
1.44418
1.38102
1.29092
1.18672
1.07845
0.97496
0.883563
0.806517
0.746102
0.704006
0.679887
0.670231
0.674568
0.693792
0.729523
0.777702
0.838627
0.911048
0.985983
1.05864
1.13022
1.19379
1.24898
1.29475
1.32743
1.34423
1.34722
1.34235
1.33514
1.3332
1.34116
1.36078
1.39424
1.43636
1.48817
1.54351
1.59724
1.64034
1.6726
1.68757
1.68778
1.67275
1.6517
1.6309
1.62373
1.63358
1.66064
1.69572
1.73515
1.77301
1.80774
1.83605
1.85662
1.86929
1.87321
1.86928
1.85796
1.84135
1.81631
1.77975
1.72646
1.65671
1.58049
1.50661
1.44817
1.41283
1.40441
1.42007
1.45352
1.49675
1.54141
1.58412
1.61898
1.64885
1.67883
1.71112
1.73431
1.73967
1.71814
1.66964
1.60809
1.54658
1.48599
1.43079
1.38143
1.3411
1.31011
1.29102
1.2842
1.28935
1.30384
1.32271
1.33631
1.33874
1.32792
1.29724
1.25374
1.19875
1.13738
1.07553
1.0191
0.975944
0.945173
0.9328
0.938832
0.956269
0.981992
1.01534
1.05879
1.11461
1.19195
1.29233
1.41295
1.54296
1.66903
1.78411
1.87771
1.94238
1.97313
1.96627
1.92288
1.85395
1.77323
1.69097
1.62375
1.571
1.5307
1.49731
1.46349
1.43058
1.39364
1.36338
1.34744
1.35001
1.3676
1.38937
1.40509
1.41881
1.43323
1.45808
1.49118
1.52884
1.56449
1.59124
1.61062
1.63001
1.65352
1.67732
1.69735
1.70425
1.70258
1.69933
1.70436
1.72874
1.76586
1.81051
1.85371
1.88593
1.89841
1.8862
1.8425
1.76944
1.66977
1.56
1.45766
1.37401
1.32231
1.30655
1.32226
1.35992
1.40975
1.4543
1.48325
1.49502
1.48629
1.46316
1.43121
1.39501
1.3568
1.31368
1.26584
1.21502
1.16504
1.12448
1.10109
1.1034
1.13328
1.18754
1.26232
1.3522
1.4499
1.55329
1.65904
1.76016
1.84822
1.91131
1.94369
1.94098
1.90281
1.8342
1.7418
1.6352
1.52268
1.40833
1.29983
1.19821
1.10457
1.02762
0.980704
0.977354
1.022
1.11276
1.24051
1.38708
1.53487
1.66464
1.76504
1.8334
1.87064
1.8775
1.85864
1.81384
1.74284
1.65335
1.55446
1.46187
1.38525
1.338
1.31813
1.33272
1.37963
1.45404
1.54556
1.64312
1.72812
1.78638
1.80277
1.77577
1.7126
1.62847
1.53929
1.46205
1.40531
1.36782
1.34322
1.32305
1.30195
1.27885
1.25604
1.23748
1.2323
1.24352
1.27252
1.32165
1.38492
1.44962
1.50886
1.55066
1.56672
1.55629
1.52176
1.47792
1.43493
1.40935
1.40665
1.42987
1.47518
1.53171
1.58544
1.621
1.63712
1.63092
1.61011
1.57989
1.54353
1.50092
1.45181
1.39894
1.33921
1.2786
1.22519
1.18599
1.1656
1.16406
1.18313
1.21953
1.27013
1.33038
1.38392
1.42507
1.44882
1.45789
1.45148
1.43255
1.40935
1.39245
1.39139
1.40423
1.43296
1.47516
1.52394
1.57527
1.62381
1.66488
1.6885
1.68899
1.67083
1.63612
1.59515
1.55157
1.51052
1.47141
1.4387
1.41238
1.39486
1.38718
1.39128
1.40394
1.42377
1.44844
1.47072
1.48667
1.49574
1.49981
1.50247
1.50935
1.52374
1.54027
1.55399
1.55847
1.54651
1.52578
1.50496
1.49142
1.49713
1.51918
1.55631
1.59705
1.63101
1.64654
1.64531
1.63106
1.60785
1.58158
1.55398
1.53654
1.53063
1.53726
1.54971
1.5628
1.56794
1.55714
1.52888
1.4861
1.43451
1.39742
1.38316
1.4011
1.44631
1.51368
1.59205
1.6731
1.74838
1.80777
1.84178
1.8453
1.81519
1.75457
1.66918
1.56587
1.46135
1.36721
1.29088
1.24714
1.23883
1.27054
1.33624
1.42226
1.51637
1.60717
1.68517
1.74091
1.77083
1.76883
1.73452
1.67043
1.58873
1.50334
1.42722
1.37432
1.35171
1.36411
1.4023
1.45675
1.52273
1.59118
1.65821
1.71983
1.77771
1.82758
1.86773
1.8947
1.90315
1.89074
1.85803
1.81879
1.77807
1.75297
1.75446
1.78533
1.84143
1.92317
2.02015
2.13498
2.26345
2.39893
2.53225
2.65181
2.74074
2.78333
2.7739
2.71033
2.60476
2.46875
2.31752
2.15789
1.99596
1.83454
1.67481
1.51995
1.37698
1.25553
1.15991
1.09291
1.05872
1.05244
1.06944
1.10091
1.13491
1.15475
1.15726
1.14139
1.11524
1.09058
1.07333
1.067
1.07012
1.07818
1.08522
1.08549
1.079
1.06799
1.05399
1.03936
1.03354
1.04047
1.0631
1.09746
1.14229
1.19121
1.23918
1.28258
1.32356
1.36051
1.39116
1.41497
1.42911
1.4303
1.42066
1.39616
1.36446
1.32733
1.29111
1.25929
1.23701
1.22505
1.22634
1.2399
1.26736
1.30889
1.36112
1.41665
1.46312
1.4864
1.4761
1.42859
1.35588
1.27199
1.19427
1.13292
1.09708
1.09339
1.12078
1.17773
1.26269
1.36554
1.47543
1.58127
1.67134
1.73803
1.77736
1.79405
1.79205
1.77532
1.74561
1.7024
1.65288
1.60026
1.55124
1.51691
1.49985
1.50217
1.51795
1.53788
1.5467
1.53365
1.48938
1.41631
1.31344
1.19743
1.08709
0.996296
0.936254
0.916752
0.938973
0.998586
1.08319
1.18306
1.28329
1.37871
1.46754
1.54913
1.62029
1.67913
1.72223
1.74677
1.75688
1.74894
1.72451
1.68183
1.62069
1.54482
1.45264
1.34381
1.22837
1.11925
1.02117
0.935357
0.864431
0.809151
0.772991
0.763111
0.778536
0.824585
0.89569
0.987833
1.09096
1.19504
1.28301
1.34955
1.39692
1.43894
1.48834
1.55246
1.62953
1.71652
1.80965
1.90154
1.98229
2.04115
2.06691
2.04942
1.98336
1.87861
1.75133
1.61766
1.49543
1.39271
1.31069
1.24985
1.21224
1.19577
1.195
1.19808
1.19013
1.16493
1.12057
1.07024
1.02571
0.995729
0.987573
0.997981
1.02297
1.04451
1.05135
1.03525
1.00215
0.96258
0.929147
0.910599
0.911278
0.930732
0.971394
1.02946
1.09334
1.16235
1.23543
1.31336
1.39806
1.48327
1.55688
1.61226
1.64618
1.6637
1.67148
1.67778
1.68283
1.68124
1.66202
1.61695
1.54655
1.45575
1.35819
1.26631
1.18796
1.12265
1.07336
1.03993
1.0212
1.01765
1.02933
1.05549
1.09035
1.13081
1.17093
1.21072
1.24234
1.26423
1.27656
1.27794
1.26829
1.24723
1.21793
1.17746
1.13705
1.10042
1.07489
1.0623
1.06374
1.06954
1.07635
1.08229
1.08804
1.09539
1.10264
1.11682
1.13894
1.17331
1.21979
1.28372
1.36524
1.46349
1.57715
1.69704
1.81001
1.90308
1.96094
1.9824
1.96594
1.92112
1.85723
1.78651
1.71412
1.64751
1.59372
1.55806
1.53879
1.53622
1.54823
1.57264
1.60748
1.65031
1.68957
1.70991
1.70386
1.67227
1.61923
1.55634
1.48818
1.41639
1.33497
1.24524
1.14836
1.04746
0.943527
0.847639
0.765292
0.70624
0.678406
0.682303
0.72118
0.785018
0.861598
0.928658
0.973508
0.997088
1.0088
1.02454
1.05622
1.1053
1.16382
1.22247
1.27491
1.31511
1.3502
1.38486
1.42344
1.4654
1.50875
1.54508
1.56733
1.57449
1.57113
1.56007
1.54576
1.5296
1.51002
1.48699
1.46014
1.43181
1.40216
1.37397
1.34898
1.32602
1.30126
1.27167
1.23161
1.17605
1.10669
1.0279
0.949222
0.877088
0.822197
0.789995
0.783375
0.806422
0.853605
0.927948
1.01878
1.11187
1.19089
1.24555
1.27648
1.28749
1.28609
1.28062
1.27206
1.26421
1.26507
1.27578
1.29229
1.30969
1.32494
1.33052
1.32948
1.31876
1.29858
1.26762
1.22839
1.18348
1.13503
1.0939
1.06746
1.05812
1.06333
1.09194
1.13561
1.1942
1.26603
1.34848
1.43909
1.53319
1.62382
1.70442
1.76984
1.8125
1.82477
1.80732
1.76773
1.71334
1.65334
1.59577
1.54872
1.51417
1.49019
1.4711
1.45224
1.42437
1.38728
1.33658
1.27941
1.21854
1.16159
1.11457
1.08476
1.07192
1.07085
1.07118
1.064
1.04323
1.00966
0.966085
0.919202
0.872574
0.829419
0.799905
0.788826
0.803063
0.844821
0.910349
0.992635
1.0794
1.15027
1.19318
1.19857
1.16653
1.10588
1.0345
0.965449
0.910656
0.875651
0.865841
0.876782
0.906095
0.951566
1.00127
1.05238
1.09891
1.1363
1.16569
1.18956
1.21448
1.24197
1.27293
1.30476
1.32933
1.34514
1.34397
1.32181
1.288
1.24804
1.21658
1.20434
1.22014
1.26358
1.32997
1.40477
1.47989
1.54277
1.5814
1.59574
1.5839
1.54664
1.49277
1.42992
1.36977
1.32542
1.29779
1.29184
1.30479
1.32974
1.35996
1.38586
1.39941
1.39991
1.39689
1.39303
1.39438
1.39966
1.41258
1.42639
1.44154
1.45593
1.47069
1.48184
1.48445
1.47314
1.44231
1.38908
1.32254
1.2488
1.18134
1.1275
1.09474
1.08039
1.08489
1.10734
1.15045
1.20894
1.27782
1.34841
1.41261
1.46132
1.49901
1.5289
1.56116
1.59723
1.64659
1.70938
1.79089
1.8863
1.99164
2.08493
2.14677
2.16474
2.13429
2.08338
2.03628
2.00519
1.98861
1.97638
1.95481
1.91733
1.8636
1.80073
1.74038
1.68856
1.65222
1.6315
1.62339
1.61866
1.612
1.59436
1.56734
1.5371
1.51454
1.50178
1.50721
1.52599
1.5505
1.57613
1.60061
1.62206
1.64581
1.6724
1.7009
1.72943
1.76015
1.79281
1.82838
1.85867
1.87767
1.87483
1.84571
1.79033
1.71318
1.61801
1.51268
1.39788
1.27551
1.14857
1.02673
0.922337
0.836427
0.781692
0.755321
0.756853
0.786109
0.834604
0.887918
0.935407
0.970095
0.991509
1.00511
1.01923
1.03996
1.06884
1.10482
1.14697
1.19177
1.24108
1.30137
1.37708
1.46438
1.56016
1.64521
1.70458
1.73697
1.7528
1.76523
1.78043
1.80399
1.83486
1.87031
1.89961
1.90606
1.87686
1.81067
1.72185
1.63219
1.55895
1.51105
1.49045
1.49177
1.4985
1.49973
1.48959
1.47399
1.46146
1.45965
1.47684
1.50945
1.55494
1.60073
1.64348
1.67601
1.69929
1.71354
1.72248
1.73105
1.74157
1.75748
1.77686
1.80475
1.83085
1.84074
1.81665
1.75575
1.6696
1.57619
1.49482
1.43544
1.40728
1.40733
1.43217
1.4712
1.51
1.53214
1.51878
1.46365
1.37308
1.26596
1.16416
1.08224
1.02421
0.989276
0.971206
0.965875
0.969786
0.987256
1.01885
1.06881
1.14185
1.23278
1.33194
1.43244
1.52525
1.60176
1.65261
1.67795
1.6731
1.64401
1.59543
1.54231
1.49504
1.46761
1.46273
1.48358
1.52339
1.57079
1.62043
1.66377
1.70076
1.73721
1.77225
1.80832
1.84716
1.88688
1.92781
1.97149
2.00769
2.03179
2.0343
2.01317
1.97468
1.92563
1.86818
1.80378
1.72802
1.64236
1.5533
1.47007
1.40154
1.34964
1.31318
1.28712
1.26392
1.23761
1.20637
1.17355
1.14025
1.11244
1.09153
1.07662
1.06602
1.06479
1.07309
1.09246
1.12348
1.15806
1.18944
1.20859
1.20598
1.18269
1.14225
1.09847
1.05413
1.0244
1.01901
1.04793
1.11716
1.22588
1.36707
1.52508
1.68169
1.82009
1.92817
2.00082
2.03819
2.04267
2.01531
1.96424
1.89012
1.80721
1.72115
1.64063
1.57062
1.51392
1.4701
1.43346
1.41129
1.40712
1.42903
1.48466
1.56952
1.67841
1.78603
1.86914
1.90657
1.89445
1.84461
1.77448
1.70634
1.65494
1.62771
1.61982
1.61716
1.60246
1.56835
1.51845
1.46369
1.40933
1.36105
1.32261
1.29258
1.26907
1.24948
1.22291
1.18244
1.11751
1.03528
0.954111
0.884059
0.833295
0.807302
0.800419
0.808449
0.829075
0.860695
0.904649
0.962091
1.03204
1.11008
1.19033
1.26422
1.32323
1.36639
1.39513
1.41452
1.42801
1.44168
1.45599
1.47134
1.48071
1.47919
1.46875
1.44743
1.41794
1.38094
1.33481
1.28077
1.21676
1.14403
1.06664
0.994736
0.933401
0.891418
0.869076
0.867798
0.885154
0.916728
0.963361
1.02086
1.09224
1.17829
1.27545
1.3793
1.47719
1.55934
1.62053
1.66113
1.68261
1.68726
1.67268
1.63793
1.58794
1.52655
1.46169
1.396
1.33381
1.27706
1.2277
1.18416
1.1439
1.10701
1.07552
1.05481
1.04912
1.06939
1.1147
1.1797
1.25105
1.31361
1.36414
1.40861
1.45431
1.50605
1.56236
1.6169
1.66186
1.69114
1.7014
1.68718
1.64813
1.58603
1.51094
1.42989
1.35282
1.2897
1.24954
1.23335
1.24333
1.27785
1.3304
1.39033
1.44707
1.4927
1.53012
1.56101
1.59041
1.6196
1.64578
1.66766
1.67828
1.68014
1.67592
1.67413
1.68482
1.71651
1.77433
1.84928
1.9268
1.98437
1.99911
1.95625
1.85939
1.72527
1.57738
1.43674
1.32468
1.25136
1.22388
1.24481
1.31185
1.41766
1.5433
1.66168
1.74292
1.77841
1.77862
1.769
1.76534
1.77854
1.80431
1.83843
1.87208
1.90048
1.91224
1.90794
1.88293
1.83837
1.78429
1.72575
1.66749
1.6186
1.58168
1.5605
1.55814
1.57153
1.59905
1.63409
1.66597
1.68982
1.70195
1.70473
1.70301
1.69664
1.68418
1.65711
1.60719
1.53487
1.44121
1.33996
1.24187
1.15939
1.10187
1.0704
1.06801
1.08621
1.12497
1.17907
1.24927
1.33293
1.43202
1.53943
1.64411
1.73566
1.81058
1.86532
1.90728
1.93465
1.95106
1.95574
1.94329
1.91664
1.87831
1.8293
1.76957
1.70576
1.64072
1.57631
1.51478
1.4554
1.39762
1.34398
1.29648
1.25308
1.22052
1.19829
1.1902
1.19573
1.21382
1.23939
1.2684
1.29595
1.32275
1.34629
1.36291
1.36669
1.35349
1.32516
1.29399
1.26511
1.24092
1.2226
1.21019
1.20247
1.19865
1.20113
1.20529
1.20844
1.20904
1.2062
1.20105
1.19594
1.19867
1.21126
1.23392
1.26798
1.30881
1.35288
1.38807
1.39358
1.36522
1.30136
1.20929
1.10842
1.0159
0.947529
0.912061
0.906715
0.935745
0.986162
1.04771
1.1033
1.13803
1.14188
1.11392
1.06041
0.997864
0.936788
0.885849
0.847488
0.825339
0.819759
0.831199
0.853206
0.885521
0.92355
0.961443
0.994528
1.02627
1.0505
1.07088
1.09069
1.10685
1.11887
1.12124
1.10977
1.07832
1.03644
0.994467
0.965976
0.963278
0.994748
1.05876
1.14924
1.25205
1.35207
1.44413
1.52465
1.59418
1.64749
1.67715
1.68398
1.66879
1.63858
1.59776
1.55614
1.52592
1.51194
1.52176
1.5584
1.6114
1.66747
1.70609
1.71158
1.68114
1.62294
1.54946
1.47372
1.40403
1.34999
1.31599
1.30204
1.30235
1.3137
1.32483
1.33539
1.34772
1.37094
1.40812
1.45331
1.49558
1.52
1.51918
1.49016
1.43906
1.38001
1.32435
1.27988
1.25228
1.23837
1.23247
1.22702
1.21317
1.17697
1.11243
1.01881
0.910926
0.8096
0.73038
0.686468
0.677225
0.700242
0.748868
0.81668
0.895602
0.978673
1.06175
1.13937
1.20774
1.2627
1.30741
1.34205
1.37704
1.4188
1.4675
1.52373
1.58471
1.64215
1.68244
1.69283
1.66789
1.6072
1.51581
1.41438
1.3229
1.26284
1.24173
1.26107
1.30796
1.37013
1.42592
1.46718
1.49295
1.50624
1.50746
1.50461
1.50143
1.50455
1.51547
1.5322
1.55073
1.56145
1.55967
1.54055
1.50163
1.44714
1.3896
1.34214
1.31954
1.33095
1.37705
1.45204
1.5395
1.63212
1.71169
1.76783
1.79328
1.78469
1.75403
1.71348
1.68522
1.68528
1.7196
1.78233
1.85404
1.92073
1.97319
2.00764
2.0246
2.0166
1.97813
1.90691
1.81426
1.71116
1.61564
1.53473
1.47976
1.44528
1.42821
1.42476
1.4302
1.43418
1.43383
1.42757
1.41719
1.41152
1.41075
1.42436
1.45118
1.49131
1.53731
1.58289
1.61875
1.64242
1.65855
1.67094
1.68457
1.69993
1.71356
1.72101
1.7226
1.71855
1.7115
1.7035
1.69886
1.69771
1.69943
1.70272
1.70043
1.69615
1.69334
1.68949
1.68495
1.67173
1.65219
1.62747
1.60087
1.57744
1.55599
1.53824
1.52287
1.51245
1.50802
1.50715
1.50595
1.50036
1.48577
1.46543
1.44435
1.42955
1.42957
1.4485
1.4869
1.53292
1.57388
1.59589
1.59069
1.55885
1.51135
1.45859
1.40832
1.36582
1.34253
1.34466
1.37755
1.43429
1.49942
1.55343
1.58569
1.59057
1.57512
1.54615
1.51325
1.48091
1.45265
1.43293
1.42396
1.42754
1.45052
1.48682
1.53522
1.58813
1.63321
1.66613
1.68372
1.68697
1.67514
1.64695
1.60078
1.53749
1.46522
1.39076
1.32578
1.27597
1.24037
1.21902
1.2115
1.2176
1.23167
1.25463
1.27944
1.30665
1.33533
1.35972
1.37356
1.3741
1.36035
1.34061
1.32221
1.3129
1.32291
1.35594
1.41758
1.50942
1.62631
1.76052
1.899
2.02009
2.10882
2.15783
2.1657
2.14152
2.09368
2.0351
1.97918
1.93513
1.91103
1.90468
1.91708
1.93919
1.96021
1.96911
1.95353
1.90598
1.82875
1.73111
1.62539
1.52943
1.44951
1.39462
1.36743
1.36684
1.3917
1.4366
1.49404
1.54961
1.59648
1.62728
1.64148
1.64687
1.65025
1.66083
1.68086
1.71572
1.76181
1.81434
1.86748
1.91794
1.95771
1.98339
1.99205
1.985
1.95932
1.91624
1.85404
1.77098
1.67149
1.5693
1.47136
1.39231
1.33137
1.28879
1.26381
1.2449
1.22982
1.21328
1.19105
1.1645
1.13801
1.12202
1.11815
1.13439
1.16427
1.20123
1.2272
1.23793
1.23216
1.21934
1.21152
1.21486
1.23341
1.26459
1.30882
1.36577
1.43134
1.49742
1.55257
1.58975
1.60661
1.6036
1.59038
1.57416
1.56089
1.55356
1.55083
1.55144
1.55368
1.56019
1.57329
1.5977
1.62619
1.65733
1.68702
1.71316
1.73291
1.74486
1.73572
1.69715
1.62599
1.5288
1.41936
1.32104
1.24853
1.21166
1.21665
1.25997
1.33531
1.42582
1.52041
1.60739
1.67826
1.72705
1.74852
1.74153
1.71192
1.66437
1.61596
1.57809
1.56653
1.59172
1.65467
1.75085
1.8654
1.97609
2.05963
2.0986
2.09063
2.04083
1.96632
1.87908
1.79162
1.71133
1.64279
1.59217
1.55539
1.53613
1.52651
1.52058
1.51371
1.50364
1.48532
1.46508
1.44103
1.41763
1.39505
1.37644
1.35617
1.3298
1.30206
1.26754
1.22881
1.18766
1.14779
1.11177
1.0832
1.06873
1.07308
1.10452
1.15196
1.20963
1.2619
1.29398
1.2938
1.26447
1.20929
1.13888
1.06654
1.00682
0.965517
0.947703
0.953428
0.98118
1.02534
1.08065
1.14348
1.21322
1.28385
1.35567
1.42991
1.50233
1.56838
1.62635
1.67182
1.69927
1.70432
1.68325
1.63403
1.56264
1.4735
1.38121
1.29002
1.20752
1.13715
1.08298
1.04823
1.02957
1.03089
1.0474
1.07645
1.10733
1.13528
1.15198
1.15364
1.13934
1.11785
1.09787
1.09411
1.1068
1.14195
1.19355
1.25413
1.3124
1.36066
1.38714
1.38806
1.36209
1.31109
1.24425
1.17515
1.11367
1.07023
1.0436
1.02503
1.00167
0.962787
0.911144
0.850875
0.800288
0.772836
0.77149
0.801109
0.860821
0.942079
1.04434
1.1607
1.28359
1.40648
1.52245
1.61571
1.67223
1.68275
1.6479
1.57688
1.48501
1.39362
1.31975
1.26481
1.22658
1.19741
1.16547
1.12415
1.08376
1.05555
1.05439
1.08873
1.15465
1.24368
1.33539
1.40961
1.45089
1.45291
1.42556
1.38627
1.34957
1.33392
1.35399
1.41041
1.49768
1.59428
1.67192
1.70671
1.68021
1.59971
1.48346
1.35792
1.2342
1.12764
1.03341
0.951876
0.885559
0.844122
0.834708
0.860269
0.920528
1.00651
1.10632
1.21241
1.31364
1.40776
1.49751
1.58096
1.65334
1.70769
1.74099
1.7554
1.75754
1.75617
1.75396
1.75765
1.76526
1.76986
1.76879
1.75869
1.73852
1.7057
1.66589
1.61764
1.5659
1.51528
1.47089
1.43869
1.42131
1.42514
1.44386
1.47198
1.50346
1.53108
1.54554
1.53912
1.51504
1.47866
1.44062
1.41436
1.404
1.41072
1.43439
1.46613
1.50222
1.53646
1.56125
1.57798
1.58463
1.5809
1.5713
1.55837
1.5447
1.53438
1.53252
1.53736
1.55152
1.57061
1.58934
1.60639
1.62129
1.63497
1.64707
1.65462
1.65479
1.63826
1.60012
1.53522
1.44694
1.34377
1.23282
1.12686
1.03536
0.973243
0.948993
0.96949
1.03673
1.14323
1.28066
1.43288
1.58783
1.73688
1.86778
1.97517
2.05725
2.10855
2.12995
2.1176
2.0664
1.98088
1.87011
1.74965
1.63625
1.546
1.4878
1.4639
1.47543
1.51416
1.5731
1.64583
1.72248
1.796
1.86107
1.91161
1.94594
1.96327
1.96901
1.96629
1.95832
1.94602
1.93089
1.91063
1.87827
1.82968
1.7688
1.71111
1.6694
1.64987
1.65196
1.66457
1.6779
1.68351
1.6754
1.65665
1.63422
1.61386
1.60001
1.59306
1.58721
1.57797
1.55996
1.53167
1.496
1.46379
1.43674
1.42235
1.42145
1.43377
1.45526
1.48358
1.51066
1.52739
1.5238
1.4967
1.44743
1.38059
1.30391
1.23289
1.17383
1.13474
1.11904
1.12957
1.16455
1.22011
1.28581
1.35629
1.41536
1.45031
1.44517
1.39904
1.31493
1.20642
1.09316
0.994507
0.923958
0.884581
0.874154
0.885002
0.904522
0.925779
0.941862
0.950083
0.950992
0.946073
0.940645
0.936184
0.935597
0.942745
0.961996
0.998544
1.0507
1.11365
1.17767
1.22995
1.26022
1.27095
1.2773
1.28871
1.31571
1.36291
1.42576
1.49566
1.56052
1.59933
1.60426
1.56782
1.49745
1.40859
1.31995
1.24981
1.20951
1.19951
1.21436
1.25014
1.29236
1.33892
1.38435
1.43507
1.48504
1.52727
1.5608
1.58251
1.59245
1.58964
1.57792
1.56095
1.54155
1.52529
1.51604
1.51557
1.51886
1.52013
1.51268
1.49315
1.46262
1.42628
1.39447
1.37029
1.36105
1.37367
1.406
1.45959
1.53264
1.61829
1.71126
1.80269
1.87689
1.92419
1.93063
1.89168
1.81248
1.70543
1.58745
1.47573
1.38421
1.32369
1.29731
1.30188
1.32374
1.35381
1.38145
1.40537
1.42522
1.44327
1.46186
1.47746
1.48788
1.49569
1.50095
1.50697
1.51696
1.53081
1.54824
1.56487
1.57676
1.58292
1.58696
1.58744
1.58993
1.59622
1.61182
1.64011
1.68077
1.72987
1.77866
1.81659
1.83319
1.82055
1.76881
1.68208
1.57628
1.46849
1.38042
1.32488
1.29867
1.30242
1.33171
1.38074
1.45255
1.542
1.63725
1.71571
1.75483
1.73692
1.67025
1.57506
1.486
1.42165
1.39447
1.40173
1.43272
1.47936
1.53789
1.61136
1.70086
1.80587
1.92817
2.05144
2.16081
2.24215
2.29514
2.31826
2.313
2.27796
2.21754
2.1392
2.0532
1.97049
1.89242
1.82286
1.75332
1.68178
1.60909
1.54784
1.49937
1.47003
1.46406
1.48337
1.52279
1.57958
1.64635
1.71159
1.771
1.82033
1.85615
1.87735
1.87771
1.85935
1.82505
1.77833
1.72361
1.66472
1.60487
1.54285
1.47874
1.41462
1.34817
1.28388
1.2257
1.17918
1.15021
1.14513
1.1688
1.22426
1.30947
1.42259
1.55155
1.67915
1.78452
1.85185
1.8712
1.84273
1.77391
1.67903
1.56865
1.46317
1.37422
1.31251
1.2869
1.30196
1.36196
1.45962
1.59021
1.73983
1.89694
2.03909
2.15185
2.22172
2.24333
2.22008
2.1687
2.10814
2.04971
2.00131
1.96661
1.94197
1.9213
1.90713
1.89687
1.89274
1.89838
1.92046
1.96211
2.01947
2.08594
2.1605
2.22878
2.27411
2.2838
2.24293
2.14975
2.00914
1.84509
1.67443
1.52384
1.39781
1.3047
1.24253
1.20687
1.19305
1.19225
1.19943
1.21124
1.22897
1.25141
1.28653
1.33973
1.41816
1.51942
1.6356
1.75135
1.84765
1.90761
1.93167
1.92923
1.9112
1.87877
1.83068
1.77064
1.70633
1.65064
1.6148
1.60152
1.60467
1.61615
1.62596
1.63786
1.65394
1.6746
1.70209
1.72761
1.7469
1.76128
1.7688
1.77493
1.78191
1.78686
1.78545
1.7706
1.73918
1.68986
1.62602
1.55984
1.50011
1.45568
1.4329
1.44014
1.47589
1.53886
1.62403
1.7198
1.81829
1.90403
1.96096
1.98747
1.98181
1.95117
1.90438
1.8536
1.80805
1.77195
1.75104
1.74437
1.75067
1.76744
1.7938
1.83222
1.88517
1.95523
2.04323
2.1422
2.24456
2.33927
2.41511
2.4564
2.45133
2.40045
2.32273
2.23953
2.166
2.11319
2.08305
2.07856
2.09466
2.1228
2.15641
2.1835
2.19872
2.19891
2.17305
2.11369
2.01886
1.89685
1.76203
1.62292
1.48486
1.34302
1.19584
1.0521
0.920388
0.817595
0.756659
0.735658
0.752491
0.790723
0.847682
0.908701
0.97219
1.0381
1.10541
1.16978
1.22788
1.27756
1.3168
1.34518
1.36526
1.37652
1.37713
1.36595
1.34095
1.30693
1.26916
1.23391
1.21062
1.19987
1.20339
1.22048
1.24848
1.28519
1.33035
1.38424
1.44247
1.49342
1.52142
1.52112
1.48713
1.42608
1.35483
1.28128
1.21523
1.15775
1.10831
1.06196
1.01519
0.961219
0.892448
0.812552
0.726718
0.645861
0.584437
0.55055
0.547735
0.572877
0.620472
0.678025
0.742194
0.806717
0.870028
0.934154
0.994628
1.05341
1.10683
1.16221
1.21993
1.28261
1.35006
1.41711
1.4774
1.52336
1.54933
1.55854
1.55078
1.52919
1.4966
1.46082
1.42814
1.40098
1.37886
1.35835
1.33041
1.29605
1.26665
1.25518
1.27062
1.3118
1.36951
1.43334
1.48856
1.5231
1.53183
1.51273
1.46976
1.42014
1.37803
1.35133
1.34717
1.3661
1.40985
1.4804
1.57803
1.6994
1.83891
1.98019
2.10523
2.19746
2.24317
2.23881
2.19635
2.13108
2.05832
1.989
1.93107
1.88571
1.85288
1.82685
1.80496
1.78814
1.77457
1.76315
1.75083
1.73723
1.72033
1.70025
1.67951
1.65787
1.63863
1.62568
1.62111
1.63143
1.65328
1.68456
1.71355
1.73848
1.75039
1.74849
1.72356
1.67827
1.61144
1.52997
1.44179
1.35393
1.27415
1.2066
1.15801
1.13264
1.12842
1.14756
1.19033
1.25244
1.32751
1.41178
1.5013
1.58601
1.65986
1.714
1.74308
1.74598
1.72581
1.68886
1.64106
1.58956
1.54172
1.50245
1.46888
1.43816
1.40551
1.37205
1.33839
1.304
1.2687
1.22483
1.16799
1.09484
1.01144
0.924379
0.851245
0.804672
0.793428
0.820878
0.887497
0.985715
1.10469
1.22888
1.34522
1.44279
1.51173
1.5567
1.58585
1.60095
1.60779
1.60201
1.58135
1.54039
1.48171
1.40645
1.32494
1.2516
1.19834
1.16902
1.1659
1.18549
1.21921
1.25371
1.28025
1.29151
1.28663
1.26235
1.21709
1.15973
1.09184
1.01657
0.940712
0.867483
0.800106
0.740769
0.702697
0.689734
0.706509
0.755229
0.833871
0.940568
1.06266
1.19057
1.31228
1.41101
1.48022
1.5131
1.50553
1.47143
1.42083
1.36589
1.31521
1.27181
1.24276
1.22951
1.23882
1.26293
1.29618
1.32378
1.33841
1.33804
1.32732
1.31571
1.3045
1.29772
1.29874
1.31097
1.33469
1.36627
1.39656
1.41498
1.41214
1.38987
1.35254
1.30993
1.26511
1.22509
1.19435
1.16866
1.15213
1.14457
1.1453
1.15219
1.17018
1.19111
1.21463
1.23641
1.25609
1.26643
1.26493
1.25126
1.21971
1.17262
1.11217
1.04105
0.9665
0.899489
0.850015
0.829272
0.843723
0.896587
0.985249
1.09981
1.22351
1.33712
1.42644
1.47839
1.49861
1.49474
1.47679
1.45631
1.43591
1.41537
1.39528
1.37744
1.37086
1.38234
1.4208
1.49025
1.59135
1.71268
1.84041
1.96641
2.08243
2.17389
2.22032
2.20271
2.12077
2.00201
1.88271
1.78869
1.7275
1.6895
1.65568
1.60986
1.54204
1.44792
1.33877
1.22566
1.12019
1.03004
0.963481
0.925854
0.922562
0.948778
0.995643
1.05191
1.11169
1.18012
1.25586
1.33794
1.41343
1.47358
1.51827
1.54884
1.5645
1.56356
1.54624
1.51047
1.45536
1.39192
1.3276
1.27529
1.24412
1.23652
1.25276
1.2864
1.32532
1.36211
1.38771
1.39728
1.38789
1.36229
1.32521
1.28191
1.239
1.19988
1.16699
1.13772
1.11453
1.09994
1.09629
1.10652
1.13134
1.16992
1.21868
1.27677
1.34081
1.40898
1.47795
1.54902
1.62021
1.69278
1.76712
1.83685
1.89508
1.93821
1.96187
1.96484
1.95415
1.93483
1.91452
1.89203
1.86716
1.83472
1.79081
1.73573
1.67178
1.60122
1.52606
1.4464
1.36181
1.28083
1.20843
1.1534
1.11796
1.10862
1.12961
1.18326
1.26811
1.38835
1.53221
1.69516
1.8597
2.01561
2.14295
2.23111
2.28087
2.30111
2.31044
2.30742
2.28538
2.23317
2.14313
2.01513
1.85783
1.68881
1.5177
1.35757
1.21522
1.098
1.00838
0.950546
0.916752
0.907106
0.91171
0.924195
0.937735
0.951774
0.960173
0.965479
0.964986
0.955697
0.935641
0.906505
0.871183
0.839844
0.823056
0.82896
0.861082
0.921153
1.00598
1.1153
1.24377
1.39718
1.56832
1.74987
1.93042
2.08974
2.20962
2.27342
2.27118
2.20807
2.0951
1.95391
1.80151
1.65679
1.53106
1.43431
1.36612
1.32283
1.2964
1.27662
1.25142
1.21744
1.17879
1.13835
1.09992
1.06637
1.03662
1.00929
0.980928
0.952208
0.920492
0.883782
0.832429
0.769183
0.699004
0.628577
0.576805
0.554848
0.57565
0.642302
0.753015
0.902457
1.06782
1.23182
1.37474
1.48228
1.55244
1.58936
1.6037
1.60926
1.60555
1.60176
1.5998
1.60394
1.61962
1.64892
1.6948
1.75085
1.79897
1.82538
1.82471
1.80384
1.77691
1.75628
1.74635
1.74456
1.74712
1.74641
1.7355
1.70792
1.66163
1.60072
1.52655
1.45205
1.38576
1.3407
1.31837
1.32001
1.34674
1.39248
1.45425
1.52272
1.59697
1.6744
1.75953
1.84827
1.93679
2.01746
2.08178
2.12427
2.14034
2.12897
2.09156
2.01846
1.91236
1.78178
1.63889
1.5037
1.3929
1.30885
1.25935
1.23798
1.24552
1.28347
1.35324
1.45408
1.58606
1.74044
1.90817
2.07764
2.22798
2.34155
2.40329
2.40966
2.36451
2.28587
2.19366
2.10114
2.01525
1.94236
1.88384
1.84759
1.82937
1.83079
1.84205
1.85189
1.85031
1.83107
1.79691
1.75099
1.6982
1.65457
1.62532
1.61358
1.62173
1.64519
1.67667
1.71072
1.7402
1.76002
1.76609
1.76091
1.74654
1.72565
1.70244
1.67962
1.65341
1.62292
1.58981
1.55842
1.53384
1.5212
1.52198
1.53733
1.56529
1.59995
1.6342
1.65909
1.66673
1.65498
1.6267
1.58973
1.55404
1.52421
1.49848
1.47815
1.45905
1.44545
1.43724
1.43889
1.44851
1.46476
1.48468
1.50411
1.52082
1.53242
1.5364
1.53316
1.51489
1.47419
1.40333
1.29816
1.17067
1.03658
0.911471
0.811373
0.739483
0.695322
0.668955
0.657498
0.656572
0.665281
0.685537
0.71839
0.765227
0.824919
0.889838
0.961011
1.03105
1.10202
1.17951
1.26266
1.3619
1.4815
1.62226
1.77159
1.90677
2.00188
2.04343
2.03331
1.98365
1.90707
1.82357
1.75381
1.71352
1.70564
1.72633
1.76217
1.80492
1.83981
1.8661
1.87906
1.88227
1.88283
1.88657
1.89833
1.92067
1.94845
1.97206
1.97905
1.96267
1.91891
1.8491
1.76042
1.65331
1.54018
1.4311
1.33193
1.24438
1.16676
1.09644
1.03977
1.00453
0.99811
1.01802
1.06482
1.13164
1.21586
1.30893
1.40381
1.49283
1.56744
1.62279
1.65818
1.67574
1.68132
1.683
1.68122
1.67379
1.65679
1.62962
1.58872
1.53615
1.47654
1.41232
1.35429
1.30978
1.28853
1.29142
1.31345
1.3442
1.37005
1.38208
1.36967
1.33465
1.27968
1.216
1.15564
1.10835
1.08001
1.07105
1.08237
1.11208
1.15713
1.21511
1.28805
1.37166
1.45021
1.51363
1.55328
1.56809
1.56879
1.56895
1.57119
1.58355
1.60121
1.61643
1.62792
1.63566
1.65095
1.67983
1.72098
1.76679
1.81187
1.84519
1.86755
1.87601
1.87166
1.85166
1.80799
1.73893
1.6493
1.55205
1.46177
1.39109
1.34261
1.31328
1.29215
1.27644
1.2607
1.24555
1.23952
1.25049
1.27907
1.32466
1.37601
1.4267
1.46857
1.49434
1.50503
1.50098
1.48997
1.47652
1.46974
1.47839
1.50161
1.5405
1.58729
1.62787
1.65311
1.65379
1.62703
1.57574
1.51182
1.44953
1.4028
1.37864
1.38147
1.4086
1.45336
1.51133
1.57315
1.62658
1.66113
1.66471
1.63447
1.5746
1.49321
1.40257
1.30898
1.22338
1.15114
1.09631
1.06022
1.03404
1.01575
0.999989
0.987044
0.975381
0.970063
0.967668
0.972292
0.978454
0.979824
0.97237
0.955576
0.932697
0.908834
0.890667
0.882609
0.884305
0.887667
0.887036
0.87742
0.861817
0.849072
0.853415
0.883459
0.937455
1.00995
1.08431
1.15139
1.20524
1.24649
1.28573
1.32694
1.36717
1.40257
1.42641
1.43703
1.43722
1.43174
1.42398
1.4111
1.38572
1.34979
1.30938
1.28517
1.28701
1.31636
1.35894
1.3854
1.3782
1.34875
1.3209
1.31511
1.33802
1.38122
1.43729
1.4938
1.54807
1.59707
1.64393
1.69247
1.74179
1.78617
1.81368
1.82882
1.83822
1.84723
1.85409
1.85977
1.86289
1.86719
1.87504
1.88255
1.87531
1.84537
1.79435
1.73627
1.68871
1.66969
1.68108
1.72167
1.78146
1.83919
1.86893
1.84976
1.77891
1.67308
1.55708
1.45431
1.37494
1.32464
1.29498
1.27579
1.25829
1.24236
1.2375
1.23978
1.24778
1.25311
1.25328
1.25113
1.25006
1.25546
1.26496
1.27328
1.26951
1.25032
1.21667
1.17432
1.13324
1.09991
1.0777
1.06086
1.03813
1.00376
0.953461
0.888699
0.825503
0.771802
0.741312
0.733499
0.737992
0.731304
0.698748
0.651931
0.604578
0.579381
0.575878
0.591849
0.621315
0.658954
0.704529
0.760184
0.831006
0.918172
1.02433
1.14111
1.26566
1.38513
1.49486
1.59124
1.67135
1.73239
1.76629
1.76721
1.73523
1.68344
1.62823
1.58399
1.55884
1.55896
1.58189
1.62455
1.68116
1.7435
1.80396
1.85401
1.89608
1.92946
1.95897
1.9884
2.01986
2.05491
2.09268
2.12398
2.14011
2.13366
2.10372
2.0613
2.01353
1.96625
1.92547
1.88641
1.85155
1.81757
1.78279
1.75295
1.7255
1.70322
1.68488
1.66805
1.65222
1.63775
1.62252
1.60103
1.57058
1.52884
1.48233
1.43321
1.38752
1.3568
1.34502
1.3563
1.38995
1.43333
1.46591
1.47026
1.44525
1.40278
1.36504
1.34925
1.35905
1.39125
1.43825
1.48788
1.52596
1.54726
1.54573
1.5223
1.47955
1.4268
1.38465
1.36679
1.38172
1.43093
1.50698
1.58694
1.65189
1.69
1.69987
1.68899
1.67137
1.65719
1.65605
1.67089
1.69792
1.73673
1.78555
1.84298
1.90875
1.98639
2.07893
2.18605
2.29422
2.39141
2.45704
2.47643
2.44581
2.36918
2.24737
2.09246
1.92314
1.76169
1.62465
1.52986
1.47995
1.47449
1.5004
1.54097
1.58497
1.62098
1.65134
1.68487
1.72734
1.78401
1.85479
1.93137
2.0056
2.06897
2.10858
2.12006
2.10595
2.07519
2.03615
2.00277
1.98221
1.97582
1.9849
2.00099
2.01996
2.03418
2.03416
2.0215
1.99993
1.9805
1.9715
1.97478
1.99062
2.01976
2.05953
2.11161
2.17457
2.24836
2.32874
2.39955
2.44626
2.45188
2.40849
2.32133
2.2041
2.07522
1.95355
1.85858
1.79334
1.76282
1.75521
1.76174
1.76284
1.74646
1.70656
1.64824
1.58685
1.53818
1.51107
1.50794
1.52358
1.55157
1.58444
1.61853
1.65344
1.68359
1.70226
1.6999
1.66398
1.59255
1.49164
1.37211
1.25046
1.13995
1.05341
1.00198
0.984779
0.997897
1.03578
1.09469
1.16119
1.231
1.29961
1.36637
1.43146
1.48708
1.53154
1.55801
1.56238
1.54897
1.52121
1.49229
1.46383
1.44213
1.43292
1.43394
1.44112
1.45572
1.47803
1.50837
1.54827
1.59937
1.66108
1.72552
1.79117
1.85328
1.90404
1.94255
1.9617
1.95464
1.91679
1.85294
1.77067
1.67605
1.58065
1.48923
1.40426
1.32742
1.2591
1.20483
1.16439
1.14076
1.13882
1.15767
1.19629
1.24886
1.304
1.35577
1.40125
1.43656
1.4669
1.49867
1.52714
1.55433
1.57787
1.5908
1.58554
1.55945
1.51042
1.44521
1.37567
1.309
1.25599
1.22396
1.21427
1.22714
1.24925
1.27749
1.30804
1.33435
1.35511
1.3712
1.38656
1.40559
1.43125
1.46655
1.50676
1.54921
1.5942
1.64085
1.68721
1.73302
1.77125
1.80105
1.82104
1.82535
1.82168
1.80792
1.78363
1.74934
1.69755
1.62428
1.53104
1.42327
1.31459
1.21566
1.13837
1.09099
1.0818
1.11224
1.18322
1.2903
1.42675
1.58186
1.74228
1.89245
2.0187
2.11196
2.16619
2.18281
2.16344
2.1183
2.04967
1.96571
1.86806
1.76282
1.65585
1.55304
1.46055
1.3843
1.32389
1.28244
1.25462
1.234
1.21385
1.18514
1.14406
1.09147
1.0402
1.00412
0.986146
0.991283
1.0156
1.0468
1.0709
1.08397
1.078
1.0542
1.01935
0.981239
0.947703
0.929008
0.934085
0.965856
1.023
1.10252
1.19557
1.29782
1.3996
1.49019
1.55495
1.59042
1.59539
1.57814
1.5445
1.50684
1.47462
1.45026
1.43874
1.43816
1.45585
1.49729
1.56912
1.6717
1.80601
1.96557
2.13831
2.31194
2.46887
2.59575
2.67857
2.71215
2.69876
2.6517
2.58818
2.52378
2.48129
2.46433
2.47338
2.50268
2.53606
2.55604
2.55031
2.51674
2.45372
2.36555
2.25205
2.11528
1.96046
1.79962
1.6371
1.48719
1.35951
1.26076
1.19893
1.18178
