108
-0.0976888   0.134117   -0.40098
-0.272775   -0.418527   -0.408395
-0.403279   0.471092   0.00780061
0.297631   -0.276652   0.0613786
0.46301   -0.498443   -0.00627715
-0.404214   0.195158   0.227859
-0.0714536   0.29613   -0.0766498
-0.132989   -0.0624388   0.0189575
-0.436862   -0.0509292   -0.1281
-0.161973   0.408407   -0.0665304
-0.211456   0.100388   -0.0931791
0.0382909   0.0493853   -0.471002
-0.209887   0.287797   -0.0210813
-0.29759   0.359286   -0.315453
-0.172566   0.107644   -0.0217808
-0.204829   0.253414   0.451762
-0.0642979   0.0821542   0.141329
-0.498398   0.190568   0.354738
-0.433855   -0.423478   0.262446
0.320051   -0.120563   0.0773344
-0.481412   0.0354425   0.285579
0.0445345   0.368042   0.0808817
0.0786962   -0.183285   0.148315
0.0773437   -0.392523   -0.224605
0.485784   -0.209037   0.0184128
-0.425629   0.0255228   -0.108649
0.103171   -0.0700425   -0.00683875
-0.0407615   0.341489   0.0822629
0.0937834   0.250462   0.335904
0.37798   0.205674   0.273491
-0.107336   0.397271   0.0990718
-0.113075   0.24821   0.224115
-0.381678   -0.30735   -0.382898
-0.258931   -0.150435   0.337035
0.231139   -0.344077   -0.199393
0.127372   -0.417141   0.00598611
0.104026   0.442292   0.048625
0.182226   0.104869   0.0678893
0.287961   -0.392409   0.0860884
-0.28697   0.432391   -0.473372
0.0450296   0.313296   0.166409
0.330087   0.381234   -0.44788
-0.451119   -0.296176   -0.192129
-0.326008   -0.485288   0.198777
0.292197   -0.319626   0.326423
-0.34768   -0.046868   0.0319076
0.143568   -0.195058   -0.0921078
-0.168325   -0.222818   0.300316
-0.410276   0.0881961   0.452274
0.238682   0.41152   -0.231537
-0.385675   -0.204375   -0.17969
-0.339367   0.473529   0.408725
0.443613   0.12251   0.0442397
-0.218296   -0.236957   -0.47641
0.030412   0.132911   0.453758
-0.210522   -0.333357   -0.302076
-0.0892358   0.441912   0.174382
-0.361998   0.215104   0.339164
0.240295   -0.0456965   0.257967
0.0994685   -0.0728905   0.399078
0.371975   -0.0871252   -0.0492327
0.246216   0.196043   0.130794
-0.34941   -0.103389   0.0940289
0.385773   0.452295   0.420952
0.34188   -0.296387   -0.151734
-0.184472   -0.493586   -0.435106
0.37805   -0.314573   0.45591
-0.461918   -0.0525306   0.103345
-0.0170314   0.365237   -0.197617
-0.471479   -0.361089   -0.295137
0.362551   -0.370843   -0.357917
0.167004   -0.371506   0.271003
-0.0619191   -0.486845   -0.0371064
-0.198944   -0.0103364   -0.00750789
0.0313245   0.420169   0.456955
-0.373662   -0.446418   0.34844
-0.223193   -0.490304   0.481714
0.256832   -0.365554   -0.449507
-0.452344   -0.0255723   0.353487
-0.0683079   0.0771407   -0.117274
0.348464   0.480748   -0.365532
0.0576998   0.357245   -0.23197
0.182481   -0.468071   -0.303872
-0.044488   -0.203321   0.280232
0.196514   -0.382878   -0.402661
0.0346524   -0.206331   -0.0334695
0.323778   0.246465   0.478682
-0.211251   -0.363942   -0.392143
0.206398   -0.24644   0.211675
-0.142644   0.0740137   0.47515
0.470369   0.460765   -0.211695
-0.202851   -0.477672   0.102363
-0.247968   0.00665774   0.163369
-0.0669141   0.470365   0.383797
-0.0743386   0.170841   0.357489
0.0745073   0.0869347   -0.0307208
-0.445522   -0.354849   0.208042
-0.464462   0.282105   -0.10183
0.120949   -0.258477   -0.34352
0.391816   0.339109   -0.445609
0.222745   0.0822674   0.139926
-0.330647   0.260108   -0.13169
-0.269775   -0.267456   0.257877
0.231987   0.405211   -0.350532
-0.324234   0.250362   0.0208753
-0.406934   -0.405628   0.447963
0.313971   -0.407848   -0.194292
0.0204235   -0.136852   -0.156311
