-0.411024
-0.410567
-0.409026
-0.406582
-0.403495
-0.400095
-0.396791
-0.393973
-0.391989
-0.39108
-0.391339
-0.392715
-0.395036
-0.398093
-0.401691
-0.405672
-0.409923
-0.414345
-0.418826
-0.423216
-0.427327
-0.43093
-0.433811
-0.435768
-0.436589
-0.436114
-0.434253
-0.431054
-0.426792
-0.422084
-0.41786
-0.415207
-0.414905
-0.4171
-0.421142
-0.425895
-0.43022
-0.433313
-0.434765
-0.434584
-0.433054
-0.430577
-0.427604
-0.424569
-0.421755
-0.419283
-0.417137
-0.415204
-0.413295
-0.411263
-0.409044
-0.406637
-0.404088
-0.401517
-0.399076
-0.396961
-0.39533
-0.394311
-0.393942
-0.394142
-0.394736
-0.39547
-0.396082
-0.396403
-0.39632
-0.395857
-0.395073
-0.394075
-0.392931
-0.391608
-0.390029
-0.388091
-0.38568
-0.382819
-0.379668
-0.376489
-0.373575
-0.371189
-0.369486
-0.368469
-0.368069
-0.368136
-0.368557
-0.369217
-0.370094
-0.371225
-0.37263
-0.374326
-0.376315
-0.378559
-0.380949
-0.383385
-0.385716
-0.387833
-0.3896
-0.390934
-0.391766
-0.392035
-0.391745
-0.390879
-0.389452
-0.387524
-0.385176
-0.382522
-0.37975
-0.377053
-0.374697
-0.372927
-0.37191
-0.371729
-0.372375
-0.373702
-0.375507
-0.377576
-0.379715
-0.381767
-0.383624
-0.385219
-0.386497
-0.387427
-0.387971
-0.388072
-0.387694
-0.386748
-0.385135
-0.382714
-0.379323
-0.374789
-0.36893
-0.361674
-0.35318
-0.344071
-0.335619
-0.329593
-0.327668
-0.33057
-0.337456
-0.346279
-0.354782
-0.361227
-0.364718
-0.365242
-0.363423
-0.360453
-0.357688
-0.356173
-0.356209
-0.357216
-0.358157
-0.35807
-0.356477
-0.353529
-0.349872
-0.346427
-0.344061
-0.343435
-0.344793
-0.347985
-0.352548
-0.357945
-0.36365
-0.36928
-0.374591
-0.379454
-0.383779
-0.387474
-0.390392
-0.3924
-0.393342
-0.393119
-0.391686
-0.389108
-0.385523
-0.381192
-0.376463
-0.371755
-0.367477
-0.363953
-0.361333
-0.359536
-0.358357
-0.357684
-0.357678
-0.358849
-0.361768
-0.366708
-0.373381
-0.380995
-0.388613
-0.395472
-0.401116
-0.405401
-0.408371
-0.410198
-0.41107
-0.411173
-0.410687
-0.409769
-0.408572
-0.407272
-0.40602
-0.404997
-0.404356
-0.404178
-0.404474
-0.405148
-0.40599
-0.406704
-0.406934
-0.406329
-0.404554
-0.401395
-0.39683
-0.39107
-0.384661
-0.378424
-0.373255
-0.369873
-0.368523
-0.368974
-0.370596
-0.372669
-0.374641
-0.376229
-0.377385
-0.378257
-0.379067
-0.38007
-0.381419
-0.383172
-0.385178
-0.387132
-0.388653
-0.389345
-0.388951
-0.387411
-0.384896
-0.381888
-0.379031
-0.377078
-0.376682
-0.378187
-0.381537
-0.386307
-0.391901
-0.397647
-0.403062
-0.407766
-0.411565
-0.414335
-0.416051
-0.416715
-0.416356
-0.415036
-0.412842
-0.409905
-0.406425
-0.402655
-0.398956
-0.395666
-0.39308
-0.391359
-0.390523
-0.390376
-0.390619
-0.390868
-0.390828
-0.390256
-0.389048
-0.387261
-0.385067
-0.382815
-0.380922
-0.379779
-0.379657
-0.380605
-0.382424
-0.384766
-0.387283
-0.389662
-0.391709
-0.393314
-0.394437
-0.39504
-0.395097
-0.394595
-0.393497
-0.39182
-0.389586
-0.386858
-0.383785
-0.380571
-0.377444
-0.374714
-0.372669
-0.37153
-0.371362
-0.372081
-0.373417
-0.375027
-0.376594
-0.377831
-0.378529
-0.378627
-0.378132
-0.377158
-0.3758
-0.374137
-0.37224
-0.370126
-0.367771
-0.365228
-0.362605
-0.36016
-0.358232
-0.357195
-0.357297
-0.35861
-0.360915
-0.363836
-0.366914
-0.3697
-0.37186
-0.373219
-0.373671
-0.373199
-0.371865
-0.369786
-0.367115
-0.364053
-0.360833
-0.357706
-0.354986
-0.35292
-0.351701
-0.351373
-0.351844
-0.352869
-0.354088
-0.355162
-0.355774
-0.355687
-0.354751
-0.352921
-0.350217
-0.346691
-0.342468
-0.337685
-0.332531
-0.327175
-0.321828
-0.316716
-0.312166
-0.308541
-0.306182
-0.305333
-0.306058
-0.308135
-0.311146
-0.314546
-0.317814
-0.320524
-0.322337
-0.323037
-0.322494
-0.320604
-0.317317
-0.312648
-0.306727
-0.299851
-0.292585
-0.285749
-0.280306
-0.277036
-0.276243
-0.277603
-0.28027
-0.283226
-0.285611
-0.286941
-0.287123
-0.286392
-0.28519
-0.283987
-0.283183
-0.283021
-0.283537
-0.284642
-0.28615
-0.28784
-0.289549
-0.291146
-0.292547
-0.293685
-0.294529
-0.295037
-0.295199
-0.295007
-0.29446
-0.293602
-0.292467
-0.291124
-0.289643
-0.288166
-0.286796
-0.285662
-0.284877
-0.2845
-0.284572
-0.285074
-0.285976
-0.287202
-0.28865
-0.290239
-0.291886
-0.293518
-0.295088
-0.296524
-0.297792
-0.298849
-0.299636
-0.300109
-0.300231
-0.299963
-0.299285
-0.298165
-0.29663
-0.294742
-0.292533
-0.290112
-0.287584
-0.285073
-0.282697
-0.280611
-0.278977
-0.278022
-0.278015
-0.279232
-0.281893
-0.286093
-0.29165
-0.29822
-0.305279
-0.312286
-0.318736
-0.324224
-0.328483
-0.331315
-0.332642
-0.332393
-0.330616
-0.327472
-0.323266
-0.318525
-0.313981
-0.310506
-0.30883
-0.309349
-0.311906
-0.315896
-0.32047
-0.324825
-0.328419
-0.330986
-0.332503
-0.333169
-0.333296
-0.333272
-0.333464
-0.334167
-0.335567
-0.33768
-0.34041
-0.343559
-0.346853
-0.350005
-0.352727
-0.354767
-0.355904
-0.35601
-0.354996
-0.352903
-0.349881
-0.346188
-0.342177
-0.338269
-0.334876
-0.33227
-0.330582
-0.329755
-0.329594
-0.32984
-0.330305
-0.33083
-0.331328
-0.331734
-0.332028
-0.332249
-0.332569
-0.333262
-0.334609
-0.33688
-0.340169
-0.34435
-0.349096
-0.353939
-0.358305
-0.361664
-0.363602
-0.363867
-0.362485
-0.359773
-0.356372
-0.353147
-0.350903
-0.350115
-0.350762
-0.352362
-0.35424
-0.355807
-0.356712
-0.356888
-0.356468
-0.355623
-0.354567
-0.353485
-0.352518
-0.351794
-0.351386
-0.351381
-0.351787
-0.352582
-0.353669
-0.354929
-0.356235
-0.357502
-0.358684
-0.359773
-0.360835
-0.361909
-0.363053
-0.364288
-0.365613
-0.367025
-0.368473
-0.369929
-0.371342
-0.37267
-0.373878
-0.374938
-0.375835
-0.376552
-0.377077
-0.377408
-0.377515
-0.37737
-0.376932
-0.37612
-0.374809
-0.372818
-0.369908
-0.365735
-0.359959
-0.35235
-0.343091
-0.333105
-0.324263
-0.318933
-0.318864
-0.3241
-0.332877
-0.342688
-0.35147
-0.358073
-0.362166
-0.363861
-0.363452
-0.361245
-0.357532
-0.352563
-0.346623
-0.340044
-0.333233
-0.326691
-0.320968
-0.316567
-0.313884
-0.313096
-0.314132
-0.316691
-0.320309
-0.324533
-0.328964
-0.333294
-0.337339
-0.34103
-0.344342
-0.347299
-0.349944
-0.35232
-0.354485
-0.356448
-0.358287
-0.359981
-0.361558
-0.363022
-0.364351
-0.365558
-0.366641
-0.367578
-0.368326
-0.36885
-0.369116
-0.369071
-0.368643
-0.367758
-0.36631
-0.364179
-0.361236
-0.357365
-0.352503
-0.346627
-0.33985
-0.332432
-0.324804
-0.317552
-0.311378
-0.306942
-0.30477
-0.30518
-0.308091
-0.313137
-0.319666
-0.326929
-0.334172
-0.340778
-0.346309
-0.350518
-0.353347
-0.354825
-0.355041
-0.354139
-0.352287
-0.349657
-0.34648
-0.343008
-0.339547
-0.336476
-0.334142
-0.332837
-0.332699
-0.333648
-0.33537
-0.337396
-0.339211
-0.340305
-0.340379
-0.339348
-0.33749
-0.335402
-0.333891
-0.333734
-0.335352
-0.338651
-0.34309
-0.347925
-0.352452
-0.356175
-0.358864
-0.360408
-0.360886
-0.360479
-0.359463
-0.35821
-0.357213
-0.356912
-0.357635
-0.359518
-0.362409
-0.365973
-0.369793
-0.373451
-0.376663
-0.379287
-0.381271
-0.382651
-0.383517
-0.383988
-0.384161
-0.384136
-0.383909
-0.383466
-0.382766
-0.38165
-0.379961
-0.377487
-0.373991
-0.369242
-0.363158
-0.355884
-0.347916
-0.3401
-0.333509
-0.329104
-0.327343
-0.328087
-0.33082
-0.334888
-0.339851
-0.345421
-0.351525
-0.358093
-0.36508
-0.372394
-0.379843
-0.387202
-0.394195
-0.400552
-0.40602
-0.410378
-0.413422
-0.414997
-0.414941
-0.413095
-0.409306
-0.40348
-0.395605
-0.385835
-0.374603
-0.362671
-0.35114
-0.341176
-0.333721
-0.329161
-0.327315
-0.327668
-0.329683
-0.333052
-0.337656
-0.343447
-0.35034
-0.358041
-0.366076
-0.373837
-0.380744
-0.386322
-0.390279
-0.392462
-0.392863
-0.391526
-0.388589
-0.384325
-0.379162
-0.373717
-0.368774
-0.365115
-0.363296
-0.363448
-0.365291
-0.368237
-0.371658
-0.375038
-0.378098
-0.380744
-0.383037
-0.385054
-0.386934
-0.388784
-0.390671
-0.39261
-0.394614
-0.396652
-0.398681
-0.400654
-0.402515
-0.404229
-0.405754
-0.407068
-0.408161
-0.409015
-0.409601
-0.409925
-0.409974
-0.409714
-0.409147
-0.408233
-0.406973
-0.405369
-0.403466
-0.401381
-0.399256
-0.397258
-0.395597
-0.394403
-0.393767
-0.393656
-0.393992
-0.39462
-0.39541
-0.396268
-0.397171
-0.398135
-0.399242
-0.400541
-0.402102
-0.40389
-0.405887
-0.408023
-0.410242
-0.412465
-0.414621
-0.416648
-0.418508
-0.420153
-0.421589
-0.422823
-0.423877
-0.424801
-0.425626
-0.426396
-0.427145
-0.427868
-0.428561
-0.429218
-0.429823
-0.430379
-0.430903
-0.431452
-0.432078
-0.43285
-0.433802
-0.434909
-0.436137
-0.4374
-0.438576
-0.439497
-0.440014
-0.439985
-0.439265
-0.437744
-0.435319
-0.431918
-0.427542
-0.422238
-0.416169
-0.409562
-0.402803
-0.396398
-0.390904
-0.386878
-0.384712
-0.38458
-0.386382
-0.389812
-0.394389
-0.399587
-0.404938
-0.410035
-0.414536
-0.418207
-0.42085
-0.422366
-0.422682
-0.421799
-0.41977
-0.416712
-0.412782
-0.4082
-0.403244
-0.398211
-0.393386
-0.388984
-0.385132
-0.381855
-0.379118
-0.376804
-0.374762
-0.372876
-0.371128
-0.369552
-0.36824
-0.367297
-0.366789
-0.366754
-0.367182
-0.368006
-0.369158
-0.370575
-0.372213
-0.374015
-0.375938
-0.377866
-0.379654
-0.381127
-0.382077
-0.382307
-0.381651
-0.380028
-0.377463
-0.374197
-0.370648
-0.367423
-0.365074
-0.363984
-0.364087
-0.364901
-0.365646
-0.365508
-0.363855
-0.360427
-0.355429
-0.349498
-0.343537
-0.338384
-0.33456
-0.332127
-0.33085
-0.330493
-0.330937
-0.332225
-0.334383
-0.337255
-0.34049
-0.343594
-0.346106
-0.347665
-0.348133
-0.347537
-0.346125
-0.344244
-0.342301
-0.340715
-0.339806
-0.3398
-0.340715
-0.342432
-0.344709
-0.347224
-0.34963
-0.351641
-0.35303
-0.353669
-0.353495
-0.352568
-0.351005
-0.349018
-0.346887
-0.344911
-0.343361
-0.342467
-0.342307
-0.342823
-0.343792
-0.344884
-0.345722
-0.345955
-0.345329
-0.34381
-0.341617
-0.339166
-0.337012
-0.335613
-0.335166
-0.335534
-0.336259
-0.336836
-0.33688
-0.336205
-0.334905
-0.333206
-0.331469
-0.330015
-0.329141
-0.329028
-0.329735
-0.331151
-0.333025
-0.334991
-0.336599
-0.337451
-0.337333
-0.33638
-0.335085
-0.334209
-0.334541
-0.33651
-0.340033
-0.34456
-0.3494
-0.353981
-0.358031
-0.361562
-0.364725
-0.367703
-0.370562
-0.373249
-0.37554
-0.377158
-0.37786
-0.37752
-0.376284
-0.374552
-0.372991
-0.372303
-0.37299
-0.375169
-0.378492
-0.382272
-0.38582
-0.388572
-0.390236
-0.390736
-0.390189
-0.388786
-0.386754
-0.384275
-0.381493
-0.378525
-0.375489
-0.372652
-0.370383
-0.369182
-0.369552
-0.37182
-0.375949
-0.381566
-0.387985
-0.394506
-0.400513
-0.405638
-0.409742
-0.412883
-0.41522
-0.417009
-0.418501
-0.419941
-0.421518
-0.423348
-0.42548
-0.427893
-0.430521
-0.433219
-0.43584
-0.438238
-0.440254
-0.441753
-0.442616
-0.442734
-0.442012
-0.440393
-0.437824
-0.434355
-0.430092
-0.425243
-0.42013
-0.415178
-0.410874
-0.407669
-0.40584
-0.405442
-0.406249
-0.407896
-0.409882
-0.411796
-0.413344
-0.414397
-0.415001
-0.415301
-0.415498
-0.415824
-0.41646
-0.417513
-0.418982
-0.420772
-0.422732
-0.424609
-0.426169
-0.427159
-0.427384
-0.426706
-0.425048
-0.422426
-0.418914
-0.414687
-0.409949
-0.404977
-0.400075
-0.39555
-0.391703
-0.388763
-0.386912
-0.386228
-0.386691
-0.388173
-0.390489
-0.393408
-0.396669
-0.400061
-0.403397
-0.406552
-0.409429
-0.411971
-0.414153
-0.415953
-0.417403
-0.418522
-0.419355
-0.419933
-0.420291
-0.420446
-0.420423
-0.420231
-0.419863
-0.419291
-0.418494
-0.41742
-0.416024
-0.414229
-0.411982
-0.40925
-0.40601
-0.402325
-0.398297
-0.394113
-0.389958
-0.386113
-0.382826
-0.380248
-0.378438
-0.377334
-0.376753
-0.376409
-0.375925
-0.374894
-0.372872
-0.369422
-0.364156
-0.356777
-0.347205
-0.33561
-0.322749
-0.310252
-0.300922
-0.298225
-0.304543
-0.319351
-0.339192
-0.359594
-0.377218
-0.390535
-0.399414
-0.40437
-0.406125
-0.405364
-0.402593
-0.398192
-0.392437
-0.385571
-0.377886
-0.369782
-0.361769
-0.354408
-0.348235
-0.343514
-0.340255
-0.338249
-0.337191
-0.336816
-0.336974
-0.337638
-0.338827
-0.340585
-0.342956
-0.345909
-0.349379
-0.35325
-0.357347
-0.361475
-0.365451
-0.369098
-0.372291
-0.374936
-0.377008
-0.378464
-0.379312
-0.37957
-0.379273
-0.37843
-0.377078
-0.375263
-0.373072
-0.3706
-0.367994
-0.365421
-0.363046
-0.361054
-0.359588
-0.358745
-0.358582
-0.359049
-0.360055
-0.361472
-0.363147
-0.364927
-0.366688
-0.36832
-0.369785
-0.371033
-0.372057
-0.372876
-0.373493
-0.373894
-0.374093
-0.374088
-0.373856
-0.373391
-0.372674
-0.371683
-0.370405
-0.368835
-0.366946
-0.364717
-0.362137
-0.359223
-0.356021
-0.352641
-0.349291
-0.346247
-0.343861
-0.342443
-0.342206
-0.343126
-0.344959
-0.34726
-0.349524
-0.351285
-0.352176
-0.352059
-0.351051
-0.349516
-0.348095
-0.347525
-0.348427
-0.351052
-0.355179
-0.360206
-0.365395
-0.370082
-0.373799
-0.376299
-0.377518
-0.37747
-0.376244
-0.373931
-0.370645
-0.366529
-0.361768
-0.356608
-0.351391
-0.346528
-0.342448
-0.339491
-0.337784
-0.337232
-0.337455
-0.337918
-0.338098
-0.337545
-0.336054
-0.333602
-0.330418
-0.326907
-0.323539
-0.320787
-0.319017
-0.31854
-0.319551
-0.322142
-0.326249
-0.331639
-0.337884
-0.344455
-0.350863
-0.356753
-0.361909
-0.366284
-0.369916
-0.372899
-0.375329
-0.377317
-0.378928
-0.380214
-0.381189
-0.381851
-0.382174
-0.382145
-0.381694
-0.380779
-0.379345
-0.377341
-0.374763
-0.371633
-0.368068
-0.364214
-0.36038
-0.356819
-0.353821
-0.35157
-0.350116
-0.349331
-0.348984
-0.348783
-0.348467
-0.347847
-0.346813
-0.345373
-0.343559
-0.341557
-0.339571
-0.337933
-0.336964
-0.337011
-0.338316
-0.340997
-0.344934
-0.349867
-0.355416
-0.361179
-0.366792
-0.371958
-0.376478
-0.380231
-0.383199
-0.385374
-0.386811
-0.387548
-0.38768
-0.387287
-0.386446
-0.385244
-0.383784
-0.382189
-0.380592
-0.379168
-0.378051
-0.377377
-0.377227
-0.37759
-0.378422
-0.379627
-0.381045
-0.382575
-0.384051
-0.385388
-0.386517
-0.387403
-0.388016
-0.388351
-0.38837
-0.3881
-0.387528
-0.386689
-0.385612
-0.384371
-0.38308
-0.381874
-0.380923
-0.380376
-0.38035
-0.380904
-0.381996
-0.383483
-0.385191
-0.386916
-0.388452
-0.389615
-0.390241
-0.390208
-0.389385
-0.387664
-0.384948
-0.381198
-0.37652
-0.371202
-0.365815
-0.361107
-0.357791
-0.356212
-0.356175
-0.356948
-0.357689
-0.357763
-0.356998
-0.355629
-0.354129
-0.352956
-0.35247
-0.352846
-0.354176
-0.356506
-0.359771
-0.36382
-0.368349
-0.373007
-0.377429
-0.381323
-0.384521
-0.386932
-0.388561
-0.389502
-0.389859
-0.389796
-0.38949
-0.389133
-0.388867
-0.388791
-0.388902
-0.389096
-0.389159
-0.388755
-0.387478
-0.384826
-0.380278
-0.373267
-0.36339
-0.350565
-0.335437
-0.319657
-0.305926
-0.297236
-0.295522
-0.300579
-0.310237
-0.321657
-0.332567
-0.341757
-0.348886
-0.354137
-0.357901
-0.360564
-0.362455
-0.3638
-0.36475
-0.36539
-0.365801
-0.365988
-0.365962
-0.365702
-0.365175
-0.364349
-0.363178
-0.361578
-0.359469
-0.356759
-0.353386
-0.3493
-0.3445
-0.339081
-0.333254
-0.327357
-0.32183
-0.31716
-0.313729
-0.311813
-0.311488
-0.312605
-0.314921
-0.318064
-0.321692
-0.325502
-0.329247
-0.332715
-0.335799
-0.33847
-0.340721
-0.342572
-0.344117
-0.345408
-0.346537
-0.347571
-0.348575
-0.349596
-0.350657
-0.351786
-0.352957
-0.354179
-0.35543
-0.356696
-0.357943
-0.359138
-0.360255
-0.361266
-0.362127
-0.3628
-0.363242
-0.363394
-0.363173
-0.3625
-0.361258
-0.359342
-0.356618
-0.352993
-0.348445
-0.343026
-0.336962
-0.330672
-0.32474
-0.319812
-0.316449
-0.314898
-0.315067
-0.316526
-0.31868
-0.321026
-0.323281
-0.325456
-0.327815
-0.330664
-0.334184
-0.338306
-0.342695
-0.34682
-0.350115
-0.352104
-0.352384
-0.350645
-0.346699
-0.340508
-0.332323
-0.322919
-0.313759
-0.306783
-0.303754
-0.305349
-0.310723
-0.318037
-0.325361
-0.331295
-0.335231
-0.337028
-0.33691
-0.335257
-0.332585
-0.329435
-0.326433
-0.324095
-0.322775
-0.322525
-0.323028
-0.323773
-0.324143
-0.323645
-0.321993
-0.319307
-0.31614
-0.313354
-0.311952
-0.312669
-0.315695
-0.320565
-0.32646
-0.332489
-0.338008
-0.342634
-0.346264
-0.348954
-0.350813
-0.352
-0.352654
-0.352863
-0.352715
-0.352264
-0.35152
-0.350535
-0.349332
-0.347926
-0.346365
-0.344693
-0.342969
-0.341304
-0.339814
-0.338616
-0.337852
-0.33759
-0.337934
-0.338831
-0.340172
-0.341732
-0.343233
-0.34429
-0.344528
-0.343581
-0.34119
-0.337276
-0.331917
-0.325414
-0.318126
-0.310411
-0.302413
-0.29409
-0.285334
-0.276314
-0.267734
-0.260835
-0.257055
-0.257514
-0.262546
-0.271751
-0.284334
-0.299429
-0.316041
-0.332866
-0.3484
-0.36143
-0.371263
-0.377776
-0.381201
-0.381952
-0.380464
-0.377166
-0.372511
-0.36705
-0.3615
-0.356752
-0.353676
-0.352871
-0.354354
-0.357551
-0.361537
-0.365349
-0.368285
-0.36994
-0.370222
-0.369217
-0.367121
-0.364165
-0.360545
-0.356449
-0.351951
-0.347051
-0.341703
-0.335787
-0.32921
-0.321965
-0.314254
-0.306565
-0.29964
-0.294274
-0.291139
-0.290512
-0.292171
-0.295477
-0.299618
-0.303915
-0.308023
-0.311957
-0.315951
-0.320231
-0.32481
-0.329554
-0.334152
-0.33833
-0.34188
-0.344705
-0.346825
-0.348278
-0.349122
-0.349434
-0.34922
-0.348454
-0.347048
-0.344783
-0.341368
-0.336351
-0.329109
-0.318972
-0.305428
-0.288624
-0.270013
-0.252742
-0.24085
-0.237093
-0.241237
-0.25053
-0.261771
-0.272718
-0.282274
-0.290062
-0.296044
-0.300325
-0.303121
-0.304691
-0.305308
-0.305221
-0.304659
-0.303816
-0.302835
-0.301823
-0.300864
-0.299993
-0.299257
-0.298636
-0.298145
-0.297753
-0.297427
-0.297124
-0.296821
-0.296462
-0.296017
-0.295487
-0.294818
-0.294049
-0.293175
-0.292233
-0.291275
-0.290344
-0.289485
-0.288749
-0.288192
-0.287811
-0.287589
-0.287497
-0.287478
-0.287406
-0.287174
-0.286707
-0.285916
-0.284783
-0.283378
-0.281864
-0.280488
-0.279537
-0.279286
-0.27989
-0.281384
-0.283621
-0.286375
-0.289375
-0.292387
-0.295204
-0.297718
-0.299876
-0.301649
-0.303069
-0.304192
-0.305092
-0.305854
-0.306588
-0.307409
-0.308411
-0.309682
-0.31124
-0.313097
-0.315196
-0.317458
-0.319788
-0.322073
-0.324203
-0.32609
-0.327652
-0.328805
-0.329459
-0.329555
-0.329008
-0.327747
-0.325695
-0.322789
-0.318977
-0.314287
-0.308805
-0.302783
-0.296666
-0.291093
-0.28686
-0.284679
-0.284988
-0.287771
-0.292607
-0.298803
-0.305642
-0.312509
-0.318979
-0.324759
-0.329567
-0.333158
-0.335275
-0.335748
-0.334491
-0.331606
-0.327363
-0.322266
-0.317049
-0.312551
-0.309576
-0.30867
-0.310056
-0.313597
-0.318926
-0.325532
-0.332958
-0.340781
-0.348707
-0.356465
-0.36387
-0.370732
-0.376901
-0.382254
-0.386665
-0.390043
-0.392286
-0.393311
-0.393035
-0.391394
-0.388375
-0.384044
-0.378551
-0.372214
-0.365489
-0.358969
-0.353245
-0.348809
-0.34594
-0.344619
-0.344556
-0.345324
-0.346479
-0.347685
-0.348861
-0.350114
-0.351767
-0.354204
-0.3577
-0.362342
-0.36793
-0.374087
-0.380321
-0.386154
-0.391131
-0.394942
-0.397403
-0.398474
-0.398257
-0.396936
-0.39478
-0.392077
-0.389059
-0.385936
-0.382835
-0.379871
-0.377133
-0.37464
-0.372428
-0.37051
-0.368865
-0.367408
-0.366047
-0.364741
-0.363512
-0.362477
-0.361865
-0.361947
-0.362943
-0.365003
-0.368133
-0.372195
-0.376911
-0.381957
-0.386988
-0.391705
-0.395884
-0.399381
-0.402092
-0.403967
-0.405042
-0.405337
-0.404911
-0.403887
-0.402409
-0.400662
-0.398873
-0.397302
-0.396245
-0.39597
-0.396647
-0.398368
-0.40106
-0.404552
-0.408559
-0.412741
-0.416743
-0.420204
-0.422826
-0.424341
-0.424528
-0.423231
-0.420386
-0.416015
-0.410371
-0.403946
-0.397472
-0.391886
-0.388098
-0.38679
-0.38818
-0.392029
-0.397757
-0.404656
-0.412133
-0.419689
-0.426993
-0.433807
-0.439952
-0.445266
-0.449543
-0.45263
-0.454374
-0.454729
-0.453767
-0.451689
-0.448886
-0.445887
-0.443245
-0.441486
-0.440864
-0.441338
-0.442608
-0.444154
-0.445492
-0.446245
-0.446282
-0.445775
-0.44505
-0.444539
-0.44459
-0.445361
-0.446717
-0.448339
-0.449841
-0.4509
-0.4513
-0.450967
-0.449917
-0.44827
-0.446265
-0.444171
-0.442242
-0.440618
-0.439253
-0.437938
-0.436475
-0.434686
-0.432533
-0.430134
-0.427792
-0.426014
-0.425465
-0.426685
-0.429814
-0.434423
-0.439595
-0.444296
-0.447698
-0.449397
-0.449391
-0.448056
-0.445943
-0.443655
-0.441656
-0.440164
-0.439155
-0.438417
-0.437652
-0.43666
-0.435357
-0.433779
-0.432123
-0.430579
-0.429327
-0.428472
-0.428004
-0.427843
-0.427831
-0.427837
-0.427747
-0.427484
-0.426995
-0.42631
-0.425464
-0.424503
-0.423486
-0.422455
-0.421442
-0.420454
-0.419512
-0.418598
-0.4177
-0.41681
-0.415877
-0.414826
-0.413566
-0.411958
-0.409856
-0.407097
-0.403581
-0.399245
-0.394107
-0.388346
-0.382282
-0.376416
-0.371453
-0.368211
-0.367476
-0.369767
-0.375165
-0.383206
-0.393009
-0.40347
-0.413595
-0.422592
-0.429964
-0.435455
-0.439012
-0.440691
-0.440614
-0.438914
-0.435764
-0.431323
-0.425814
-0.419471
-0.41259
-0.405565
-0.398842
-0.392905
-0.388159
-0.384875
-0.383113
-0.382625
-0.38296
-0.383569
-0.383993
-0.384016
-0.38375
-0.383554
-0.383895
-0.385116
-0.387238
-0.389969
-0.392815
-0.395332
-0.397227
-0.398404
-0.398921
-0.398964
-0.398742
-0.398437
-0.398195
-0.398105
-0.398223
-0.398527
-0.398988
-0.399561
-0.400195
-0.400795
-0.401266
-0.401519
-0.401425
-0.400906
-0.399859
-0.398229
-0.395962
-0.393086
-0.389615
-0.385695
-0.381513
-0.377309
-0.373377
-0.37002
-0.367516
-0.366013
-0.365574
-0.366121
-0.367519
-0.369531
-0.371934
-0.374514
-0.377078
-0.379476
-0.381576
-0.383257
-0.384404
-0.384842
-0.384344
-0.382582
-0.379177
-0.373691
-0.365831
-0.355788
-0.344659
-0.334687
-0.328759
-0.328916
-0.334992
-0.344735
-0.355205
-0.364222
-0.370767
-0.374733
-0.376446
-0.376416
-0.375136
-0.373063
-0.370564
-0.368049
-0.365781
-0.36404
-0.362999
-0.362755
-0.363286
-0.364537
-0.366336
-0.368502
-0.370831
-0.373102
-0.375116
-0.376707
-0.377736
-0.378097
-0.377779
-0.376817
-0.375328
-0.373513
-0.371637
-0.370005
-0.368904
-0.368573
-0.369105
-0.370478
-0.372544
-0.374993
-0.377464
-0.379576
-0.380986
-0.381445
-0.380871
-0.379328
-0.377071
-0.374445
-0.371904
-0.369865
-0.368654
-0.368397
-0.369017
-0.37031
-0.371976
-0.373697
-0.375223
-0.376373
-0.377086
-0.377392
-0.377392
-0.377265
-0.377265
-0.377658
-0.378675
-0.380444
-0.382988
-0.386205
-0.389925
-0.393905
-0.397965
-0.401889
-0.405517
-0.408678
-0.411241
-0.413076
-0.414071
-0.414132
-0.413209
-0.411319
-0.40859
-0.405249
-0.401658
-0.398169
-0.395064
-0.392427
-0.39006
-0.387548
-0.384415
-0.380308
-0.375168
-0.369318
-0.363497
-0.358677
-0.355836
-0.355602
-0.358049
-0.362696
-0.368716
-0.375245
-0.38156
-0.387197
-0.391923
-0.39566
-0.398423
-0.400264
-0.401241
-0.40141
-0.400777
-0.399346
-0.397105
-0.394012
-0.390096
-0.385468
-0.380496
-0.375885
-0.372623
-0.371699
-0.373623
-0.378106
-0.384125
-0.390405
-0.395864
-0.399901
-0.402446
-0.40375
-0.404207
-0.404205
-0.403973
-0.403548
-0.402858
-0.401766
-0.400168
-0.398046
-0.395501
-0.392702
-0.389945
-0.387547
-0.385821
-0.384991
-0.385199
-0.386395
-0.388441
-0.391066
-0.393984
-0.396876
-0.399516
-0.401712
-0.403373
-0.404449
-0.404974
-0.404986
-0.404567
-0.403793
-0.402723
-0.40141
-0.399907
-0.398282
-0.396631
-0.395102
-0.393904
-0.393291
-0.393419
-0.394337
-0.395921
-0.397901
-0.399863
-0.401431
-0.402338
-0.40247
-0.401924
-0.400963
-0.399962
-0.3993
-0.399243
-0.399909
-0.401199
-0.402884
-0.404658
-0.406217
-0.40731
-0.407808
-0.407696
-0.407077
-0.406103
-0.404994
-0.403921
-0.403031
-0.40239
-0.40196
-0.401596
-0.401141
-0.400395
-0.39917
-0.3973
-0.394665
-0.391228
-0.387097
-0.38261
-0.378342
-0.375035
-0.37342
-0.373918
-0.376473
-0.380592
-0.385517
-0.39048
-0.394938
-0.39857
-0.401271
-0.403087
-0.404152
-0.404603
-0.404589
-0.404224
-0.403612
-0.402815
-0.401869
-0.400806
-0.399618
-0.398347
-0.397029
-0.395755
-0.394597
-0.393622
-0.392889
-0.392399
-0.392106
-0.391909
-0.391727
-0.391472
-0.391112
-0.390664
-0.390239
-0.389971
-0.389959
-0.390319
-0.391035
-0.392003
-0.393067
-0.394044
-0.394712
-0.394925
-0.39458
-0.39365
-0.392144
-0.390147
-0.387771
-0.38517
-0.382487
-0.379862
-0.377412
-0.37518
-0.37318
-0.37135
-0.36958
-0.367738
-0.365718
-0.363446
-0.360917
-0.358208
-0.355483
-0.352942
-0.350827
-0.349343
-0.348669
-0.348917
-0.350142
-0.35231
-0.355293
-0.358869
-0.362787
-0.366765
-0.370573
-0.374015
-0.376996
-0.379442
-0.381364
-0.38278
-0.383736
-0.384289
-0.384513
-0.384453
-0.384157
-0.383693
-0.383125
-0.382477
-0.381788
-0.381074
-0.380345
-0.379576
-0.378749
-0.377798
-0.376626
-0.375148
-0.373221
-0.370716
-0.367514
-0.363519
-0.358788
-0.353473
-0.347941
-0.342814
-0.338841
-0.336783
-0.337178
-0.34013
-0.345218
-0.351706
-0.358699
-0.365427
-0.371323
-0.376115
-0.379671
-0.382035
-0.383284
-0.383535
-0.382946
-0.381656
-0.379836
-0.377659
-0.375347
-0.37307
-0.371065
-0.369468
-0.368387
-0.367839
-0.367779
-0.368129
-0.368784
-0.369712
-0.370831
-0.372134
-0.373597
-0.375183
-0.376845
-0.378519
-0.380124
-0.381648
-0.38307
-0.384426
-0.385791
-0.387223
-0.388763
-0.390428
-0.392162
-0.393907
-0.395577
-0.397056
-0.398256
-0.399032
-0.399293
-0.398938
-0.397923
-0.396261
-0.394059
-0.391488
-0.388772
-0.386177
-0.383906
-0.382095
-0.380809
-0.380082
-0.379896
-0.380273
-0.381234
-0.382779
-0.384848
-0.387294
-0.389966
-0.392664
-0.395169
-0.397303
-0.398941
-0.399979
-0.400359
-0.400098
-0.399201
-0.397747
-0.395838
-0.393573
-0.391101
-0.388617
-0.386288
-0.384274
-0.382712
-0.381657
-0.381077
-0.380852
-0.380813
-0.380734
-0.380428
-0.379803
-0.37885
-0.377716
-0.376641
-0.375846
-0.375445
-0.37534
-0.375361
-0.375244
-0.374785
-0.373922
-0.372749
-0.371476
-0.370392
-0.369772
-0.36979
-0.370467
-0.37171
-0.373317
-0.375085
-0.376784
-0.378258
-0.37942
-0.380212
-0.380659
-0.380784
-0.380622
-0.380246
-0.379695
-0.379021
-0.378266
-0.377471
-0.37668
-0.375927
-0.375236
-0.374642
-0.374158
-0.37377
-0.373485
-0.373246
-0.373003
-0.3727
-0.372217
-0.371455
-0.37029
-0.368618
-0.366375
-0.363497
-0.360046
-0.356169
-0.352134
-0.348377
-0.345334
-0.343432
-0.342896
-0.343703
-0.345598
-0.348204
-0.351124
-0.354021
-0.356786
-0.359354
-0.361783
-0.364174
-0.366597
-0.369114
-0.371776
-0.374591
-0.37755
-0.380594
-0.383646
-0.3866
-0.389297
-0.39157
-0.393245
-0.394201
-0.394322
-0.393565
-0.391985
-0.389754
-0.38714
-0.384523
-0.382375
-0.381158
-0.381297
-0.383029
-0.386333
-0.390941
-0.396404
-0.402154
-0.40769
-0.412612
-0.416683
-0.419816
-0.422015
-0.423351
-0.423932
-0.423877
-0.423311
-0.422332
-0.421001
-0.419384
-0.417484
-0.415285
-0.412738
-0.409805
-0.406406
-0.402556
-0.398323
-0.393939
-0.389794
-0.386432
-0.384433
-0.384184
-0.3858
-0.388967
-0.39307
-0.397356
-0.401147
-0.40396
-0.405608
-0.406167
-0.405996
-0.405568
-0.405453
-0.406092
-0.407703
-0.410275
-0.413497
-0.416978
-0.420271
-0.423007
-0.42494
-0.425915
-0.425877
-0.42483
-0.422816
-0.419938
-0.416314
-0.412125
-0.407573
-0.402871
-0.398285
-0.39408
-0.390437
-0.387551
-0.385498
-0.384268
-0.383775
-0.38384
-0.384237
-0.384696
-0.384895
-0.384477
-0.383077
-0.380384
-0.37624
-0.370918
-0.365322
-0.360975
-0.359593
-0.362294
-0.368964
-0.37825
-0.388372
-0.397853
-0.405858
-0.412102
-0.416689
-0.41984
-0.421855
-0.422955
-0.423317
-0.423102
-0.422391
-0.421255
-0.419731
-0.417837
-0.415645
-0.413197
-0.410539
-0.40777
-0.404987
-0.402296
-0.399796
-0.397554
-0.395596
-0.393896
-0.392395
-0.39095
-0.389409
-0.387585
-0.385251
-0.382226
-0.378349
-0.373587
-0.36809
-0.362198
-0.356516
-0.351712
-0.348468
-0.347237
-0.348115
-0.350822
-0.354806
-0.359378
-0.363823
-0.367377
-0.369313
-0.369125
-0.36686
-0.363499
-0.360995
-0.36152
-0.366204
-0.374415
-0.384183
-0.393394
-0.40062
-0.4053
-0.407483
-0.407477
-0.405695
-0.402548
-0.398399
-0.393622
-0.388575
-0.383553
-0.378711
-0.374038
-0.369367
-0.364595
-0.359875
-0.355759
-0.353033
-0.352438
-0.354182
-0.357868
-0.362622
-0.367582
-0.372095
-0.375893
-0.378967
-0.381436
-0.383437
-0.385106
-0.386531
-0.387742
-0.388723
-0.389502
-0.390066
-0.390383
-0.390445
-0.390219
-0.389676
-0.38876
-0.387493
-0.3859
-0.384097
-0.382196
-0.380394
-0.378879
-0.377816
-0.377246
-0.377122
-0.377275
-0.377501
-0.377637
-0.377601
-0.37745
-0.377317
-0.377378
-0.377722
-0.378295
-0.378876
-0.379117
-0.378647
-0.377158
-0.374553
-0.370992
-0.366962
-0.363196
-0.360515
-0.359563
-0.36059
-0.363386
-0.367388
-0.37189
-0.376316
-0.380301
-0.383679
-0.386446
-0.38873
-0.390658
-0.392338
-0.393871
-0.395279
-0.396586
-0.397736
-0.398681
-0.399413
-0.399884
-0.400115
-0.400106
-0.399899
-0.399558
-0.399108
-0.398602
-0.398075
-0.397534
-0.396952
-0.396288
-0.39547
-0.394439
-0.393119
-0.391455
-0.389456
-0.387193
-0.384796
-0.382449
-0.380418
-0.378951
-0.378285
-0.37855
-0.379789
-0.381938
-0.384881
-0.388407
-0.392357
-0.39653
-0.400768
-0.404904
-0.408835
-0.412443
-0.415661
-0.418419
-0.420694
-0.422489
-0.42379
-0.424575
-0.4248
-0.424363
-0.423077
-0.420671
-0.416713
-0.410625
-0.401793
-0.389929
-0.37561
-0.360986
-0.349801
-0.345733
-0.34998
-0.36022
-0.372358
-0.383031
-0.390595
-0.394854
-0.396307
-0.395687
-0.393707
-0.390994
-0.388077
-0.385344
-0.383084
-0.381455
-0.380513
-0.380202
-0.380413
-0.380974
-0.381716
-0.382474
-0.383168
-0.383814
-0.38455
-0.385569
-0.387103
-0.389334
-0.392346
-0.396053
-0.400232
-0.404623
-0.40892
-0.412905
-0.41643
-0.419407
-0.421826
-0.423713
-0.425115
-0.426085
-0.426631
-0.426757
-0.42641
-0.425464
-0.42376
-0.42109
-0.417258
-0.412127
-0.405775
-0.398556
-0.391194
-0.384671
-0.379985
-0.377797
-0.378158
-0.380586
-0.384277
-0.388454
-0.392469
-0.395891
-0.39854
-0.40043
-0.401694
-0.402516
-0.403044
-0.403365
-0.403464
-0.403302
-0.402853
-0.402125
-0.401173
-0.400083
-0.398908
-0.397671
-0.3963
-0.394674
-0.392665
-0.39017
-0.387208
-0.383895
-0.380487
-0.377256
-0.374452
-0.372134
-0.370119
-0.367865
-0.36451
-0.359017
-0.350578
-0.339414
-0.327636
-0.319254
-0.318571
-0.327364
-0.343628
-0.363043
-0.381504
-0.396368
-0.406526
-0.411846
-0.412804
-0.410159
-0.404862
-0.397989
-0.390715
-0.384175
-0.379302
-0.376649
-0.376291
-0.377961
-0.381261
-0.385761
-0.391071
-0.396803
-0.402576
-0.408019
-0.412784
-0.416623
-0.419409
-0.421077
-0.421647
-0.421134
-0.419588
-0.417017
-0.413366
-0.408593
-0.402648
-0.395481
-0.38718
-0.378034
-0.368589
-0.359713
-0.352404
-0.347621
-0.345986
-0.347456
-0.351398
-0.356772
-0.362407
-0.367311
-0.370766
-0.372348
-0.371907
-0.36957
-0.365702
-0.360989
-0.356349
-0.352893
-0.351601
-0.353104
-0.357394
-0.363853
-0.371506
-0.379307
-0.386421
-0.392333
-0.396793
-0.399786
-0.401429
-0.401923
-0.401499
-0.40039
-0.398828
-0.39704
-0.395242
-0.393563
-0.392147
-0.391021
-0.390197
-0.389596
-0.389174
-0.388856
-0.38862
-0.38852
-0.388647
-0.389136
-0.39011
-0.391645
-0.393719
-0.396224
-0.398981
-0.401785
-0.404471
-0.406907
-0.409001
-0.410755
-0.412177
-0.413272
-0.414073
-0.414627
-0.414912
-0.414949
-0.41472
-0.414215
-0.413423
-0.412351
-0.41108
-0.409738
-0.408512
-0.407635
-0.407411
-0.40803
-0.409607
-0.41209
-0.41533
-0.419068
-0.423039
-0.42704
-0.430919
-0.43459
-0.43803
-0.441174
-0.443955
-0.446242
-0.447944
-0.448973
-0.449357
-0.449229
-0.448842
-0.448436
-0.448216
-0.448211
-0.448295
-0.44826
-0.447837
-0.446909
-0.445463
-0.443617
-0.441562
-0.439482
-0.437551
-0.435844
-0.434314
-0.432843
-0.431268
-0.429426
-0.427222
-0.424707
-0.422015
-0.419402
-0.41717
-0.415833
-0.416004
-0.418273
-0.422867
-0.429442
-0.437157
-0.445044
-0.452346
-0.458625
-0.463772
-0.467788
-0.470739
-0.472713
-0.473748
-0.473903
-0.473227
-0.471833
-0.469833
-0.467367
-0.464603
-0.461669
-0.458701
-0.455779
-0.452948
-0.45023
-0.447614
-0.445117
-0.442779
-0.440648
-0.43879
-0.437264
-0.436134
-0.435432
-0.435162
-0.435308
-0.435835
-0.436628
-0.437534
-0.438345
-0.438845
-0.438853
-0.43818
-0.436704
-0.434343
-0.431104
-0.427053
-0.422352
-0.417287
-0.412237
-0.407658
-0.404014
-0.401661
-0.400744
-0.401153
-0.402504
-0.404223
-0.405657
-0.406123
-0.404985
-0.401714
-0.396053
-0.388208
-0.379241
-0.371132
-0.366355
-0.366718
-0.372269
-0.381279
-0.391331
-0.400453
-0.407603
-0.412509
-0.415311
-0.416317
-0.415901
-0.41438
-0.412152
-0.409627
-0.407275
-0.405576
-0.404885
-0.405364
-0.40694
-0.409286
-0.411958
-0.414475
-0.416416
-0.417428
-0.417215
-0.415494
-0.411886
-0.405916
-0.396985
-0.384613
-0.368936
-0.351672
-0.336836
-0.329754
-0.333821
-0.347691
-0.366331
-0.384548
-0.399315
-0.409778
-0.416305
-0.419764
-0.421052
-0.420978
-0.420195
-0.419159
-0.418149
-0.417197
-0.416179
-0.414858
-0.412916
-0.410058
-0.40616
-0.401355
-0.396074
-0.391075
-0.387153
-0.384824
-0.383915
-0.383571
-0.382604
-0.380128
-0.376143
-0.371715
-0.368492
-0.367912
-0.370427
-0.375452
-0.381738
-0.387891
-0.392798
-0.395806
-0.396834
-0.396263
-0.394732
-0.39299
-0.391676
-0.391239
-0.391872
-0.393576
-0.396198
-0.399457
-0.402878
-0.405864
-0.407761
-0.408083
-0.406796
-0.404579
-0.402696
-0.402621
-0.405319
-0.410815
-0.418207
-0.426292
-0.434027
-0.440834
-0.446488
-0.451072
-0.454715
-0.457577
-0.459763
-0.461355
-0.462395
-0.462885
-0.462828
-0.462225
-0.461074
-0.459394
-0.457203
-0.454525
-0.451401
-0.447901
-0.444054
-0.439941
-0.435651
-0.431278
-0.426961
-0.422863
-0.419127
-0.415912
-0.413273
-0.411207
-0.409632
-0.408455
-0.407586
-0.406994
-0.406736
-0.406916
-0.407704
-0.409167
-0.411353
-0.414207
-0.417605
-0.421368
-0.425299
-0.429196
-0.432871
-0.436135
-0.438826
-0.440834
-0.442085
-0.442537
-0.442233
-0.441239
-0.439679
-0.437762
-0.435698
-0.433689
-0.431912
-0.430466
-0.429383
-0.428599
-0.428002
-0.427429
-0.426778
-0.425957
-0.424904
-0.423599
-0.422049
-0.420261
-0.418228
-0.415913
-0.413316
-0.410429
-0.40732
-0.404144
-0.401187
-0.398766
-0.397208
-0.39674
-0.397387
-0.398986
-0.4012
-0.403703
-0.406171
-0.408377
-0.41025
-0.411763
-0.412963
-0.413931
-0.414731
-0.415456
-0.416161
-0.416858
-0.417588
-0.418332
-0.419099
-0.419858
-0.420611
-0.421336
-0.422008
-0.422612
-0.423138
-0.423579
-0.423914
-0.424101
-0.424101
-0.423848
-0.423251
-0.422205
-0.420653
-0.418532
-0.415834
-0.41257
-0.408831
-0.404782
-0.400664
-0.396784
-0.393571
-0.391489
-0.390975
-0.392333
-0.395537
-0.400198
-0.405613
-0.41098
-0.415532
-0.418707
-0.420144
-0.419689
-0.417362
-0.413317
-0.407874
-0.401561
-0.39516
-0.389596
-0.385772
-0.384319
-0.385426
-0.388809
-0.393836
-0.399805
-0.406096
-0.41223
-0.417862
-0.422776
-0.426849
-0.43003
-0.432341
-0.433897
-0.43487
-0.435504
-0.436035
-0.436686
-0.437647
-0.438997
-0.440753
-0.44286
-0.445202
-0.447649
-0.45007
-0.452318
-0.454267
-0.455823
-0.456893
-0.457417
-0.45735
-0.456644
-0.455342
-0.453453
-0.451072
-0.448284
-0.445187
-0.441834
-0.438268
-0.434496
-0.430522
-0.426405
-0.42227
-0.418275
-0.414639
-0.411518
-0.408937
-0.406855
-0.405224
-0.404109
-0.403675
-0.404193
-0.405931
-0.409054
-0.41356
-0.41927
-0.425875
-0.432996
-0.44025
-0.447258
-0.453729
-0.459426
-0.464212
-0.468025
-0.470839
-0.472664
-0.473514
-0.473431
-0.472493
-0.470758
-0.468389
-0.465611
-0.462753
-0.46023
-0.458462
-0.457799
-0.458395
-0.460155
-0.462782
-0.465878
-0.469034
-0.471908
-0.474281
-0.47602
-0.477107
-0.477522
-0.477324
-0.476581
-0.475372
-0.473863
-0.472201
-0.470625
-0.469369
-0.468682
-0.468733
-0.469598
-0.471199
-0.473341
-0.475742
-0.478109
-0.480193
-0.481804
-0.48284
-0.483222
-0.482903
-0.481845
-0.479973
-0.477207
-0.473474
-0.468666
-0.462775
-0.45593
-0.448476
-0.441018
-0.43437
-0.429459
-0.427016
-0.427429
-0.430564
-0.435806
-0.442341
-0.449242
-0.455729
-0.461193
-0.465238
-0.467662
-0.468474
-0.467818
-0.46601
-0.463475
-0.460711
-0.458224
-0.45644
-0.455584
-0.455714
-0.456713
-0.458374
-0.46048
-0.462861
-0.465365
-0.467877
-0.470328
-0.472609
-0.474604
-0.476117
-0.476932
-0.476724
-0.475038
-0.471297
-0.464836
-0.455077
-0.441982
-0.426772
-0.412388
-0.402906
-0.401255
-0.407054
-0.416994
-0.427184
-0.435173
-0.440218
-0.442676
-0.443352
-0.443092
-0.442603
-0.442413
-0.44277
-0.443684
-0.44501
-0.446448
-0.447689
-0.448453
-0.448485
-0.447651
-0.445854
-0.44308
-0.439378
-0.434807
-0.429505
-0.423585
-0.417228
-0.410646
-0.404112
-0.397945
-0.392527
-0.388346
-0.385817
-0.385281
-0.386852
-0.390341
-0.395309
-0.40122
-0.407482
-0.413627
-0.419308
-0.424275
-0.428442
-0.431771
-0.434285
-0.43603
-0.437089
-0.437529
-0.437434
-0.43688
-0.43592
-0.434619
-0.43301
-0.431103
-0.42892
-0.426458
-0.423692
-0.420621
-0.417171
-0.413318
-0.408977
-0.404116
-0.398684
-0.39267
-0.386134
-0.379252
-0.372345
-0.365848
-0.360307
-0.356297
-0.354235
-0.354246
-0.356138
-0.35947
-0.3636
-0.367937
-0.371962
-0.375367
-0.377977
-0.37976
-0.38075
-0.381036
-0.380721
-0.379923
-0.378724
-0.377228
-0.375507
-0.373618
-0.371627
-0.369583
-0.367522
-0.365502
-0.363559
-0.36175
-0.360075
-0.358591
-0.357318
-0.356247
-0.355403
-0.354762
-0.354319
-0.354049
-0.353933
-0.353947
-0.354074
-0.354298
-0.354607
-0.354962
-0.355353
-0.35581
-0.3563
-0.356831
-0.357409
-0.358031
-0.358716
-0.359452
-0.360251
-0.36113
-0.362075
-0.363094
-0.364175
-0.365331
-0.366534
-0.367766
-0.368994
-0.370206
-0.371337
-0.372332
-0.373118
-0.37362
-0.373749
-0.373423
-0.372556
-0.371086
-0.368938
-0.366098
-0.362554
-0.358363
-0.353583
-0.34833
-0.342754
-0.337154
-0.331951
-0.327746
-0.325142
-0.324424
-0.325332
-0.327073
-0.328836
-0.330304
-0.331985
-0.334898
-0.33986
-0.346913
-0.355177
-0.36335
-0.370281
-0.375322
-0.378259
-0.379238
-0.378582
-0.376666
-0.373895
-0.370704
-0.367556
-0.364886
-0.363141
-0.362609
-0.363405
-0.365431
-0.368432
-0.372066
-0.376014
-0.380021
-0.383953
-0.387772
-0.391482
-0.395133
-0.398761
-0.402382
-0.405932
-0.409326
-0.412454
-0.415172
-0.417342
-0.418811
-0.419449
-0.419112
-0.417701
-0.415205
-0.411748
-0.407681
-0.403622
-0.400336
-0.398638
-0.399012
-0.401396
-0.40526
-0.409757
-0.413946
-0.417122
-0.418785
-0.418651
-0.416606
-0.412739
-0.407314
-0.400835
-0.394028
-0.387761
-0.382808
-0.379608
-0.378248
-0.378469
-0.379875
-0.382128
-0.385019
-0.38844
-0.392317
-0.396551
-0.400959
-0.405262
-0.409178
-0.412447
-0.41491
-0.416532
-0.417408
-0.417708
-0.417685
-0.417555
-0.41752
-0.417737
-0.418298
-0.419254
-0.420623
-0.422398
-0.424525
-0.426954
-0.429566
-0.432211
-0.434736
-0.437007
-0.438895
-0.440324
-0.441239
-0.441592
-0.441373
-0.440572
-0.439176
-0.437191
-0.434572
-0.431329
-0.42746
-0.423024
-0.41811
-0.412897
-0.407623
-0.402572
-0.398017
-0.394124
-0.390933
-0.388339
-0.386113
-0.383973
-0.381693
-0.379177
-0.376471
-0.373755
-0.371288
-0.369365
-0.368206
-0.367929
-0.368538
-0.369871
-0.371782
-0.37405
-0.376472
-0.378851
-0.38107
-0.383006
-0.384601
-0.385834
-0.386693
-0.387195
-0.387368
-0.387225
-0.386794
-0.386127
-0.385223
-0.384127
-0.382855
-0.381431
-0.379884
-0.378253
-0.376557
-0.374836
-0.373129
-0.37146
-0.369861
-0.368378
-0.367035
-0.365847
-0.36485
-0.364027
-0.363438
-0.363057
-0.362885
-0.362903
-0.363109
-0.363477
-0.363976
-0.364579
-0.365227
-0.365881
-0.366473
-0.366963
-0.367261
-0.367285
-0.366934
-0.366125
-0.364758
-0.362776
-0.360147
-0.356921
-0.353224
-0.349292
-0.34546
-0.342061
-0.339402
-0.337615
-0.336677
-0.336402
-0.336524
-0.336796
-0.337082
-0.337349
-0.337648
-0.338099
-0.338833
-0.339931
-0.341439
-0.343349
-0.345599
-0.348102
-0.350759
-0.35347
-0.35618
-0.358823
-0.36137
-0.363802
-0.366096
-0.368274
-0.370297
-0.372168
-0.373862
-0.375316
-0.37649
-0.377361
-0.377894
-0.378074
-0.377893
-0.377347
-0.376424
-0.375145
-0.37351
-0.371498
-0.369075
-0.366205
-0.362772
-0.358653
-0.353683
-0.347715
-0.340645
-0.332526
-0.323671
-0.314723
-0.306688
-0.300773
-0.298111
-0.29936
-0.304499
-0.312802
-0.323098
-0.334149
-0.344882
-0.354507
-0.362554
-0.36877
-0.372997
-0.375177
-0.375255
-0.373185
-0.369046
-0.363147
-0.356211
-0.349463
-0.344428
-0.342425
-0.343943
-0.348409
-0.354504
-0.360792
-0.366273
-0.370428
-0.373147
-0.374582
-0.374965
-0.374498
-0.373414
-0.371885
-0.370028
-0.367972
-0.365765
-0.363471
-0.361145
-0.358806
-0.356433
-0.353978
-0.351309
-0.348291
-0.344803
-0.340791
-0.336389
-0.331971
-0.328106
-0.325451
-0.324578
-0.325744
-0.3288
-0.33332
-0.33872
-0.344422
-0.349944
-0.354926
-0.359117
-0.36239
-0.36469
-0.366015
-0.366423
-0.366029
-0.364987
-0.363475
-0.361704
-0.359895
-0.358243
-0.356894
-0.355927
-0.355324
-0.354976
-0.354706
-0.354319
-0.353631
-0.352485
-0.350818
-0.348628
-0.345973
-0.342973
-0.339777
-0.336558
-0.333558
-0.331053
-0.329305
-0.328504
-0.328641
-0.32948
-0.33061
-0.331606
-0.332178
-0.332284
-0.332103
-0.332006
-0.3324
-0.333657
-0.335938
-0.339212
-0.343269
-0.347791
-0.35242
-0.356848
-0.360863
-0.364341
-0.367232
-0.369547
-0.371321
-0.372623
-0.373564
-0.374249
-0.374741
-0.375147
-0.375516
-0.375931
-0.376431
-0.377047
-0.377795
-0.37865
-0.379553
-0.380418
-0.381076
-0.381346
-0.380921
-0.379466
-0.376572
-0.371822
-0.364958
-0.356092
-0.34602
-0.336463
-0.329821
-0.328321
-0.332918
-0.342717
-0.355605
-0.369341
-0.382283
-0.393578
-0.402923
-0.410282
-0.41572
-0.419247
-0.420753
-0.420043
-0.416733
-0.410394
-0.400688
-0.387745
-0.372595
-0.357637
-0.346294
-0.341631
-0.344697
-0.354095
-0.367166
-0.381394
-0.395026
-0.40696
-0.41647
-0.423053
-0.426391
-0.426463
-0.423648
-0.418777
-0.413175
-0.408333
-0.405408
-0.404832
-0.406234
-0.408855
-0.411939
-0.415106
-0.418191
-0.421291
-0.424501
-0.427869
-0.431351
-0.434813
-0.43803
-0.440688
-0.44235
-0.442459
-0.440302
-0.435052
-0.425988
-0.412959
-0.397301
-0.382331
-0.372694
-0.371673
-0.378707
-0.389929
-0.401189
-0.410025
-0.415863
-0.419126
-0.420509
-0.420654
-0.420089
-0.419264
-0.418579
-0.418405
-0.418992
-0.420423
-0.422566
-0.425129
-0.42777
-0.430173
-0.432099
-0.433411
-0.434074
-0.434096
-0.433522
-0.432394
-0.43076
-0.428621
-0.425957
-0.422733
-0.41894
-0.414585
-0.40975
-0.404704
-0.399913
-0.396106
-0.394118
-0.394627
-0.397865
-0.403474
-0.410615
-0.418295
-0.425637
-0.432069
-0.43731
-0.441263
-0.443997
-0.445628
-0.446318
-0.44622
-0.445541
-0.444511
-0.443374
-0.442386
-0.441787
-0.4417
-0.442128
-0.442951
-0.443874
-0.444552
-0.444586
-0.443582
-0.441231
-0.437322
-0.431903
-0.425359
-0.418554
-0.412781
-0.409379
-0.409131
-0.411714
-0.415774
-0.419487
-0.421287
-0.42024
-0.416124
-0.409331
-0.400706
-0.391449
-0.382917
-0.376412
-0.372939
-0.372918
-0.376077
-0.381485
-0.387829
-0.393769
-0.398148
-0.400187
-0.399536
-0.39639
-0.39155
-0.386559
-0.383436
-0.384002
-0.388856
-0.397054
-0.406642
-0.41568
-0.422895
-0.427762
-0.430308
-0.430806
-0.429628
-0.42715
-0.423696
-0.419569
-0.415101
-0.410592
-0.406329
-0.402596
-0.399561
-0.397317
-0.395778
-0.394822
-0.39423
-0.393758
-0.393218
-0.392445
-0.391346
-0.389885
-0.388099
-0.38608
-0.383982
-0.38197
-0.380233
-0.378931
-0.378152
-0.377961
-0.378374
-0.37931
-0.380645
-0.382274
-0.384029
-0.3858
-0.387475
-0.389006
-0.390359
-0.391553
-0.392617
-0.393621
-0.394604
-0.395626
-0.396692
-0.397751
-0.398683
-0.399302
-0.399309
-0.39833
-0.395928
-0.391679
-0.385297
-0.376944
-0.367446
-0.358437
-0.351939
-0.349411
-0.35083
-0.354746
-0.359162
-0.362503
-0.364118
-0.364162
-0.363253
-0.362165
-0.361603
-0.362093
-0.363884
-0.366912
-0.370803
-0.374997
-0.378905
-0.382081
-0.384346
-0.385796
-0.38682
-0.387925
-0.389611
-0.392171
-0.395571
-0.399514
-0.403502
-0.407049
-0.409778
-0.411434
-0.411957
-0.411449
-0.410161
-0.408495
-0.406926
-0.405927
-0.40583
-0.406792
-0.408719
-0.411315
-0.414176
-0.416945
-0.41934
-0.421172
-0.422323
-0.422781
-0.422478
-0.42141
-0.419547
-0.416888
-0.413411
-0.409082
-0.403848
-0.397547
-0.389931
-0.380742
-0.369892
-0.357861
-0.345997
-0.3366
-0.332248
-0.334527
-0.342984
-0.355429
-0.369195
-0.382275
-0.393632
-0.402978
-0.410338
-0.415811
-0.41941
-0.421095
-0.420733
-0.418236
-0.413626
-0.407163
-0.399512
-0.39175
-0.385238
-0.381191
-0.380256
-0.382332
-0.386685
-0.392373
-0.398567
-0.404663
-0.410376
-0.415538
-0.420132
-0.424166
-0.42766
-0.430638
-0.433101
-0.435058
-0.436528
-0.437542
-0.438109
-0.438274
-0.438093
-0.437587
-0.436818
-0.435837
-0.434702
-0.433464
-0.43214
-0.43077
-0.429341
-0.42785
-0.426281
-0.424628
-0.422941
-0.421255
-0.419701
-0.418392
-0.417363
-0.416531
-0.415613
-0.414144
-0.411592
-0.407483
-0.401693
-0.394567
-0.387071
-0.380642
-0.376807
-0.376602
-0.380062
-0.386319
-0.394013
-0.401823
-0.408922
-0.415024
-0.420222
-0.424739
-0.428749
-0.432309
-0.435336
-0.437717
-0.439356
-0.440263
-0.440529
-0.440322
-0.439836
-0.439263
-0.438718
-0.438276
-0.437857
-0.43729
-0.436312
-0.434474
-0.431132
-0.425403
-0.41613
-0.402292
-0.383941
-0.363728
-0.34777
-0.343012
-0.351685
-0.368998
-0.387421
-0.401592
-0.409387
-0.410592
-0.405677
-0.395466
-0.381663
-0.367497
-0.35758
-0.35578
-0.362649
-0.375123
-0.3889
-0.400918
-0.409914
-0.415898
-0.419379
-0.420943
-0.421053
-0.420042
-0.418159
-0.415627
-0.412741
-0.409879
-0.407553
-0.406302
-0.406493
-0.408248
-0.411266
-0.41501
-0.418809
-0.422108
-0.424592
-0.426204
-0.427159
-0.427793
-0.428515
-0.429671
-0.431456
-0.433846
-0.436639
-0.439495
-0.442052
-0.44399
-0.445003
-0.444844
-0.443368
-0.440449
-0.4361
-0.430452
-0.42379
-0.416553
-0.409275
-0.402497
-0.396593
-0.391791
-0.388216
-0.385991
-0.385295
-0.386272
-0.388935
-0.393053
-0.39812
-0.403474
-0.408363
-0.412128
-0.41422
-0.414282
-0.412173
-0.40797
-0.402063
-0.395128
-0.388112
-0.382155
-0.378337
-0.37747
-0.37984
-0.385132
-0.392631
-0.40136
-0.410358
-0.418855
-0.426323
-0.432514
-0.437347
-0.440846
-0.443133
-0.444366
-0.444695
-0.444326
-0.443359
-0.441925
-0.440134
-0.438045
-0.435698
-0.433113
-0.430308
-0.427291
-0.424096
-0.420878
-0.417922
-0.415662
-0.414608
-0.415215
-0.417719
-0.421999
-0.427627
-0.433965
-0.440389
-0.446429
-0.451794
-0.456367
-0.460178
-0.463298
-0.46584
-0.467925
-0.469666
-0.471133
-0.472382
-0.473441
-0.474346
-0.475105
-0.475684
-0.476069
-0.476209
-0.476016
-0.47538
-0.474166
-0.472265
-0.469665
-0.466633
-0.463869
-0.46245
-0.463541
-0.467892
-0.475261
-0.484465
-0.493828
-0.501801
-0.507254
-0.509571
-0.508576
-0.504423
-0.497623
-0.488972
-0.479541
-0.470348
-0.462137
-0.455216
-0.449565
-0.445076
-0.441807
-0.440019
-0.439963
-0.441862
-0.445673
-0.45128
-0.458525
-0.467214
-0.477035
-0.487555
-0.498208
-0.508431
-0.517769
-0.52588
-0.532605
-0.537899
-0.541848
-0.544588
-0.546266
-0.547058
-0.54713
-0.546628
-0.5457
-0.544444
-0.542927
-0.541207
-0.539303
-0.537222
-0.534927
-0.532413
-0.529664
-0.526693
-0.523544
-0.520306
-0.517057
-0.513929
-0.511014
-0.508383
-0.50601
-0.503792
-0.50147
-0.498779
-0.495337
-0.490769
-0.484721
-0.476937
-0.467346
-0.456161
-0.443906
-0.431481
-0.420093
-0.411043
-0.405386
-0.403402
-0.4045
-0.407396
-0.410818
-0.414138
-0.417671
-0.422398
-0.429168
-0.438042
-0.448158
-0.458257
-0.467213
-0.474377
-0.479553
-0.48289
-0.484675
-0.485214
-0.4848
-0.483694
-0.482117
-0.480193
-0.478036
-0.475691
-0.473175
-0.47047
-0.467517
-0.464207
-0.46043
-0.45601
-0.450785
-0.444598
-0.437424
-0.429453
-0.421206
-0.413517
-0.407462
-0.403908
-0.403184
-0.404844
-0.407891
-0.411203
-0.413838
-0.415248
-0.415213
-0.413766
-0.411058
-0.407301
-0.402635
-0.397145
-0.390828
-0.38363
-0.375701
-0.367683
-0.361022
-0.357726
-0.359564
-0.366822
-0.377969
-0.390507
-0.402113
-0.411382
-0.417781
-0.421364
-0.422399
-0.421229
-0.418172
-0.413501
-0.407537
-0.400627
-0.393268
-0.386038
-0.379621
-0.374681
-0.37176
-0.371121
-0.372663
-0.37604
-0.380644
-0.385816
-0.390968
-0.395642
-0.399552
-0.402559
-0.404648
-0.405832
-0.406251
-0.406019
-0.405304
-0.404273
-0.403107
-0.401946
-0.400926
-0.400116
-0.399558
-0.399225
-0.399073
-0.39903
-0.399034
-0.399029
-0.398953
-0.398795
-0.398518
-0.39811
-0.397559
-0.396838
-0.395931
-0.394824
-0.393494
-0.391924
-0.390099
-0.388035
-0.385766
-0.383341
-0.380831
-0.378339
-0.375975
-0.373872
-0.372126
-0.370833
-0.370038
-0.369771
-0.369971
-0.370562
-0.371438
-0.372475
-0.373534
-0.374517
-0.375336
-0.375906
-0.376178
-0.376158
-0.375825
-0.375213
-0.374358
-0.373313
-0.37214
-0.3709
-0.369648
-0.368417
-0.367282
-0.366248
-0.365327
-0.364512
-0.363789
-0.363153
-0.362579
-0.362061
-0.361559
-0.36104
-0.360425
-0.359619
-0.358523
-0.357051
-0.355182
-0.353001
-0.350763
-0.348881
-0.347814
-0.34789
-0.349273
-0.351767
-0.354951
-0.3583
-0.361309
-0.363658
-0.365221
-0.366031
-0.36629
-0.36628
-0.366268
-0.36646
-0.367043
-0.36801
-0.369298
-0.370753
-0.372162
-0.373329
-0.374057
-0.374153
-0.373428
-0.371732
-0.369003
-0.365226
-0.360562
-0.35535
-0.350051
-0.345232
-0.341425
-0.338982
-0.338004
-0.338403
-0.339995
-0.34254
-0.345893
-0.34991
-0.354484
-0.359497
-0.364813
-0.370248
-0.375607
-0.380708
-0.385401
-0.389569
-0.393152
-0.396131
-0.398586
-0.400553
-0.402039
-0.403053
-0.403545
-0.403398
-0.402456
-0.400536
-0.39747
-0.393106
-0.387394
-0.380422
-0.372479
-0.364013
-0.355634
-0.34792
-0.341375
-0.336355
-0.333052
-0.331629
-0.332385
-0.335757
-0.342122
-0.351307
-0.3623
-0.373451
-0.382958
-0.389397
-0.391924
-0.390232
-0.384533
-0.375603
-0.364876
-0.354333
-0.345933
-0.340955
-0.339276
-0.339674
-0.340563
-0.34079
-0.339999
-0.338591
-0.337403
-0.337361
-0.33916
-0.343023
-0.34869
-0.355509
-0.362701
-0.369553
-0.375546
-0.380385
-0.383984
-0.386392
-0.387734
-0.388169
-0.387875
-0.386993
-0.385667
-0.384019
-0.382125
-0.380066
-0.377894
-0.375666
-0.373421
-0.371223
-0.369111
-0.367142
-0.36534
-0.36378
-0.362499
-0.361536
-0.360904
-0.360599
-0.36062
-0.360938
-0.361481
-0.362175
-0.362916
-0.363584
-0.364032
-0.364098
-0.363617
-0.362423
-0.360342
-0.357141
-0.352597
-0.346394
-0.338335
-0.328482
-0.317487
-0.306892
-0.2989
-0.295416
-0.296897
-0.302008
-0.308477
-0.314383
-0.31883
-0.321811
-0.323839
-0.325567
-0.32747
-0.329755
-0.33246
-0.335434
-0.338463
-0.34136
-0.344002
-0.346328
-0.348361
-0.350153
-0.351779
-0.353337
-0.354851
-0.356345
-0.357805
-0.359178
-0.360408
-0.361434
-0.362168
-0.362507
-0.362346
-0.361527
-0.359848
-0.357048
-0.352761
-0.346583
-0.338193
-0.327558
-0.315345
-0.303285
-0.294024
-0.290025
-0.292147
-0.298938
-0.307642
-0.315618
-0.321293
-0.324177
-0.324445
-0.322611
-0.319348
-0.315387
-0.3114
-0.308018
-0.305719
-0.304737
-0.305078
-0.306545
-0.308777
-0.311361
-0.313932
-0.31623
-0.318113
-0.319554
-0.320569
-0.321234
-0.321614
-0.32177
-0.321754
-0.321597
-0.321358
-0.321096
-0.320867
-0.32073
-0.320693
-0.320778
-0.320939
-0.321151
-0.321341
-0.321479
-0.321546
-0.32153
-0.321468
-0.321402
-0.321374
-0.321449
-0.32166
-0.322039
-0.322601
-0.32333
-0.324228
-0.325237
-0.326312
-0.327427
-0.328535
-0.329603
-0.330596
-0.331465
-0.332193
-0.332763
-0.333138
-0.333313
-0.333279
-0.333056
-0.332687
-0.332193
-0.331702
-0.331296
-0.331087
-0.331205
-0.331732
-0.332738
-0.334195
-0.336066
-0.338232
-0.340621
-0.343086
-0.345524
-0.347844
-0.349954
-0.351789
-0.353257
-0.354243
-0.354601
-0.354124
-0.352541
-0.349517
-0.344723
-0.337996
-0.329555
-0.320247
-0.311723
-0.306023
-0.304653
-0.307694
-0.313633
-0.320182
-0.32534
-0.327817
-0.327112
-0.323277
-0.316861
-0.308967
-0.301172
-0.29535
-0.293052
-0.29483
-0.300079
-0.307342
-0.315108
-0.32233
-0.328579
-0.333909
-0.338668
-0.343233
-0.347869
-0.352652
-0.357458
-0.362063
-0.366231
-0.369793
-0.372649
-0.374771
-0.376189
-0.376963
-0.377179
-0.376877
-0.376112
-0.374935
-0.373346
-0.371374
-0.369035
-0.366367
-0.363418
-0.360327
-0.357265
-0.354451
-0.352139
-0.350552
-0.349793
-0.349871
-0.35069
-0.352016
-0.353621
-0.355299
-0.356932
-0.358497
-0.36005
-0.361685
-0.363516
-0.365616
-0.368005
-0.370661
-0.373465
-0.376296
-0.379028
-0.38156
-0.383772
-0.385571
-0.386885
-0.387662
-0.387805
-0.387259
-0.385999
-0.38402
-0.381392
-0.378273
-0.37496
-0.371861
-0.369487
-0.368379
-0.36892
-0.371257
-0.375121
-0.379919
-0.384842
-0.388988
-0.391558
-0.39196
-0.389935
-0.385577
-0.379486
-0.372651
-0.366246
-0.361369
-0.358817
-0.359001
-0.361862
-0.366906
-0.373267
-0.379922
-0.385888
-0.390385
-0.392924
-0.393152
-0.390819
-0.385744
-0.377783
-0.366936
-0.353553
-0.338554
-0.323509
-0.310493
-0.301544
-0.297855
-0.299327
-0.304832
-0.312934
-0.322449
-0.332649
-0.343081
-0.35337
-0.363099
-0.371873
-0.379349
-0.385306
-0.389687
-0.392561
-0.394083
-0.394447
-0.393865
-0.39251
-0.390591
-0.388234
-0.385561
-0.382675
-0.379653
-0.376542
-0.373387
-0.370225
-0.367082
-0.36397
-0.360916
-0.357904
-0.354949
-0.352034
-0.349109
-0.346152
-0.343066
-0.339767
-0.336112
-0.331943
-0.327089
-0.321381
-0.31476
-0.307392
-0.299676
-0.292391
-0.286532
-0.282996
-0.282256
-0.284076
-0.28763
-0.291886
-0.295965
-0.299315
-0.301691
-0.303106
-0.303684
-0.303599
-0.303026
-0.302121
-0.301009
-0.299778
-0.29851
-0.297248
-0.296034
-0.294893
-0.293826
-0.292841
-0.291927
-0.291105
-0.290347
-0.289617
-0.288918
-0.288199
-0.287425
-0.286551
-0.285503
-0.284223
-0.282629
-0.280632
-0.278123
-0.275
-0.271164
-0.266546
-0.261114
-0.254992
-0.248478
-0.242203
-0.237072
-0.234127
-0.234192
-0.237484
-0.243428
-0.250922
-0.258748
-0.26591
-0.271796
-0.2761
-0.27873
-0.279616
-0.278738
-0.27601
-0.271339
-0.264683
-0.256207
-0.246486
-0.236616
-0.228185
-0.222814
-0.221511
-0.224183
-0.229716
-0.236585
-0.243448
-0.249443
-0.254223
-0.257795
-0.260351
-0.262164
-0.263487
-0.264522
-0.265424
-0.266268
-0.267049
-0.267757
-0.268329
-0.268736
-0.268922
-0.268893
-0.268663
-0.268289
-0.267858
-0.267464
-0.267231
-0.26725
-0.267584
-0.268283
-0.269331
-0.270654
-0.272161
-0.273752
-0.275342
-0.276824
-0.278124
-0.279172
-0.27991
-0.280284
-0.280234
-0.279672
-0.278554
-0.276818
-0.274478
-0.271633
-0.268506
-0.265441
-0.262935
-0.261492
-0.261499
-0.263096
-0.266107
-0.270092
-0.274577
-0.27906
-0.283195
-0.286806
-0.289776
-0.29212
-0.293847
-0.294995
-0.295599
-0.295648
-0.295137
-0.294035
-0.292323
-0.289981
-0.287059
-0.283651
-0.279988
-0.27637
-0.273195
-0.270873
-0.269722
-0.269939
-0.271536
-0.274324
-0.27802
-0.28228
-0.2868
-0.29132
-0.295663
-0.299699
-0.303372
-0.306685
-0.309645
-0.312282
-0.31463
-0.316703
-0.318474
-0.319902
-0.320917
-0.321381
-0.321133
-0.320028
-0.318008
-0.315189
-0.311977
-0.309146
-0.307649
-0.308324
-0.311488
-0.316782
-0.323278
-0.329907
-0.335762
-0.3403
-0.343317
-0.344812
-0.344969
-0.343978
-0.342092
-0.339534
-0.336492
-0.333118
-0.329517
-0.325744
-0.321923
-0.31827
-0.315184
-0.313237
-0.313067
-0.315097
-0.319252
-0.324922
-0.331141
-0.336928
-0.341486
-0.344378
-0.345486
-0.344933
-0.343016
-0.340166
-0.3369
-0.333773
-0.331361
-0.330139
-0.330392
-0.332202
-0.335406
-0.33967
-0.34453
-0.349499
-0.354039
-0.357643
-0.359819
-0.360073
-0.357897
-0.352837
-0.34455
-0.332972
-0.318517
-0.302373
-0.286577
-0.273875
-0.267075
-0.267974
-0.276534
-0.290794
-0.307809
-0.324803
-0.339899
-0.352295
-0.361901
-0.369032
-0.374113
-0.377564
-0.379674
-0.380672
-0.380741
-0.379995
-0.378552
-0.376553
-0.37414
-0.371497
-0.36886
-0.366441
-0.364411
-0.362825
-0.36162
-0.360629
-0.359618
-0.358374
-0.35677
-0.354827
-0.352664
-0.350546
-0.34873
-0.347455
-0.346787
-0.346717
-0.34708
-0.347652
-0.348154
-0.348315
-0.347908
-0.34677
-0.344846
-0.342155
-0.338853
-0.335313
-0.332069
-0.329787
-0.32903
-0.330082
-0.332752
-0.336508
-0.340651
-0.34457
-0.347865
-0.350407
-0.352226
-0.353442
-0.354263
-0.354845
-0.355339
-0.355835
-0.356391
-0.356995
-0.357627
-0.358244
-0.358747
-0.359064
-0.359112
-0.358841
-0.358205
-0.35719
-0.355786
-0.354016
-0.351888
-0.349458
-0.346769
-0.343926
-0.341048
-0.338296
-0.335868
-0.333977
-0.332775
-0.332387
-0.332817
-0.333973
-0.335691
-0.33776
-0.339946
-0.34199
-0.343678
-0.344812
-0.345248
-0.344899
-0.343753
-0.341883
-0.339507
-0.336957
-0.334633
-0.33303
-0.332595
-0.333597
-0.336045
-0.339711
-0.344172
-0.348975
-0.353703
-0.358056
-0.361884
-0.365118
-0.367705
-0.369665
-0.371007
-0.371718
-0.371803
-0.371261
-0.370058
-0.368204
-0.365601
-0.362164
-0.357732
-0.352105
-0.345107
-0.336728
-0.327241
-0.317472
-0.308747
-0.30273
-0.300837
-0.303675
-0.310728
-0.320601
-0.331554
-0.342124
-0.351316
-0.358673
-0.364123
-0.367761
-0.369833
-0.370559
-0.370147
-0.368818
-0.366781
-0.364262
-0.361473
-0.358639
-0.355929
-0.353461
-0.35131
-0.349536
-0.348174
-0.347288
-0.347019
-0.3475
-0.348826
-0.351021
-0.353982
-0.357582
-0.361608
-0.365833
-0.370113
-0.37426
-0.378153
-0.38171
-0.384854
-0.387572
-0.389789
-0.391535
-0.392784
-0.393562
-0.393843
-0.393606
-0.392845
-0.391517
-0.389549
-0.38691
-0.383547
-0.379454
-0.374697
-0.369475
-0.364069
-0.358865
-0.35434
-0.350859
-0.348696
-0.34792
-0.348443
-0.349975
-0.352196
-0.354754
-0.357335
-0.359708
-0.361737
-0.363406
-0.364778
-0.366012
-0.367301
-0.368865
-0.370877
-0.373455
-0.376645
-0.380393
-0.384586
-0.389027
-0.393495
-0.397753
-0.401631
-0.404983
-0.407719
-0.409834
-0.41134
-0.412277
-0.412716
-0.412738
-0.412431
-0.411888
-0.411202
-0.410439
-0.409675
-0.408885
-0.408061
-0.407137
-0.405999
-0.404576
-0.402779
-0.4006
-0.398052
-0.395226
-0.392307
-0.389533
-0.387179
-0.38551
-0.38476
-0.385039
-0.386349
-0.388514
-0.391252
-0.394176
-0.396848
-0.398841
-0.399744
-0.399205
-0.396972
-0.392941
-0.387218
-0.380188
-0.372494
-0.364911
-0.358186
-0.352747
-0.348622
-0.345496
-0.343032
-0.341276
-0.340925
-0.343115
-0.348767
-0.357853
-0.369172
-0.380932
-0.39157
-0.400164
-0.406424
-0.410496
-0.412748
-0.413559
-0.41326
-0.412105
-0.410262
-0.407823
-0.404824
-0.401275
-0.397188
-0.392588
-0.387493
-0.382037
-0.376348
-0.370614
-0.364952
-0.359277
-0.353211
-0.346083
-0.337147
-0.326105
-0.313812
-0.302895
-0.297151
-0.299362
-0.309117
-0.32305
-0.33717
-0.348773
-0.356879
-0.36164
-0.363721
-0.363931
-0.363029
-0.361674
-0.360417
-0.359687
-0.359717
-0.360628
-0.362346
-0.364724
-0.367527
-0.370511
-0.373461
-0.376202
-0.378628
-0.380651
-0.38226
-0.38345
-0.384262
-0.384708
-0.38484
-0.384677
-0.384254
-0.383606
-0.382761
-0.381737
-0.380555
-0.379258
-0.377878
-0.376445
-0.375008
-0.373603
-0.372274
-0.371072
-0.370033
-0.369161
-0.368484
-0.367986
-0.367665
-0.367505
-0.367487
-0.367605
-0.367838
-0.368204
-0.368675
-0.369246
-0.369863
-0.370469
-0.370978
-0.371344
-0.371548
-0.371566
-0.371464
-0.37134
-0.371278
-0.371328
-0.371515
-0.371754
-0.37194
-0.372021
-0.371984
-0.371945
-0.372099
-0.372707
-0.373961
-0.375965
-0.378667
-0.381951
-0.385624
-0.389529
-0.393533
-0.397543
-0.401471
-0.40527
-0.408882
-0.412253
-0.415334
-0.418057
-0.420376
-0.422209
-0.423477
-0.424087
-0.423967
-0.423027
-0.421229
-0.418548
-0.414963
-0.410503
-0.405182
-0.399046
-0.392227
-0.384921
-0.377581
-0.370889
-0.365747
-0.362968
-0.363052
-0.365888
-0.370719
-0.376445
-0.381974
-0.386571
-0.390011
-0.392586
-0.394875
-0.397418
-0.40043
-0.403717
-0.406711
-0.408714
-0.409245
-0.408165
-0.405893
-0.40339
-0.401954
-0.402743
-0.406297
-0.412307
-0.419806
-0.427638
-0.434884
-0.440986
-0.445712
-0.448991
-0.450824
-0.451211
-0.45008
-0.447302
-0.442731
-0.436351
-0.4284
-0.419568
-0.410972
-0.403913
-0.399302
-0.397171
-0.396679
-0.396628
-0.396234
-0.395486
-0.395155
-0.396288
-0.399636
-0.405038
-0.411458
-0.417392
-0.421422
-0.422606
-0.420588
-0.41564
-0.408582
-0.400624
-0.392997
-0.38659
-0.381567
-0.37754
-0.374077
-0.371494
-0.371286
-0.375467
-0.384922
-0.398431
-0.41322
-0.426633
-0.43715
-0.444454
-0.448925
-0.451159
-0.451723
-0.451069
-0.449545
-0.447357
-0.444745
-0.441886
-0.438985
-0.436197
-0.433667
-0.431447
-0.429504
-0.427738
-0.426044
-0.424313
-0.422477
-0.420525
-0.41854
-0.416572
-0.414742
-0.413106
-0.411723
-0.410631
-0.409824
-0.409228
-0.408784
-0.40841
-0.408026
-0.407566
-0.407002
-0.40632
-0.405552
-0.404797
-0.4042
-0.403889
-0.404
-0.404622
-0.405785
-0.407449
-0.409503
-0.411759
-0.414044
-0.416134
-0.417839
-0.419013
-0.419518
-0.419297
-0.418331
-0.416681
-0.414468
-0.411877
-0.409116
-0.406382
-0.403865
-0.401681
-0.399865
-0.398358
-0.397084
-0.39591
-0.394729
-0.393501
-0.392238
-0.391023
-0.389957
-0.3891
-0.388512
-0.388154
-0.387925
-0.3877
-0.387325
-0.386656
-0.385582
-0.384036
-0.38198
-0.379446
-0.376502
-0.373239
-0.369809
-0.366397
-0.363195
-0.360368
-0.358021
-0.356143
-0.354612
-0.353249
-0.351775
-0.349964
-0.347689
-0.344912
-0.341858
-0.338904
-0.336536
-0.335227
-0.33528
-0.336721
-0.339278
-0.342529
-0.345987
-0.349262
-0.352092
-0.354358
-0.355994
-0.357052
-0.357529
-0.357451
-0.356791
-0.355474
-0.353331
-0.350132
-0.345556
-0.339334
-0.331305
-0.321794
-0.311834
-0.303254
-0.298145
-0.29781
-0.301908
-0.30869
-0.315935
-0.321978
-0.326015
-0.32804
-0.32845
-0.327848
-0.326884
-0.326113
-0.325996
-0.326787
-0.328583
-0.331269
-0.33465
-0.338408
-0.342244
-0.345885
-0.349069
-0.351635
-0.353449
-0.354438
-0.354562
-0.353835
-0.35233
-0.35017
-0.347561
-0.344712
-0.341855
-0.339166
-0.336788
-0.334835
-0.333428
-0.33273
-0.332885
-0.333943
-0.3358
-0.338179
-0.340819
-0.343529
-0.346348
-0.349387
-0.352747
-0.356296
-0.359643
-0.362285
-0.363683
-0.363474
-0.361532
-0.358065
-0.353509
-0.348534
-0.343783
-0.339626
-0.336065
-0.332806
-0.329495
-0.326075
-0.323068
-0.321451
-0.322327
-0.326298
-0.333106
-0.341784
-0.351034
-0.35974
-0.367188
-0.37306
-0.377339
-0.380222
-0.381987
-0.382931
-0.383345
-0.383527
-0.38367
-0.383977
-0.384523
-0.385334
-0.386408
-0.387706
-0.389206
-0.390863
-0.392669
-0.394595
-0.396582
-0.398569
-0.400473
-0.402194
-0.403641
-0.404724
-0.405398
-0.405643
-0.405446
-0.404857
-0.403932
-0.402732
-0.401307
-0.399647
-0.39765
-0.395113
-0.391655
-0.386687
-0.379546
-0.369567
-0.35648
-0.340971
-0.325186
-0.312651
-0.306721
-0.308667
-0.316992
-0.32877
-0.341486
-0.353701
-0.364862
-0.374899
-0.383869
-0.391846
-0.398871
-0.404957
-0.410104
-0.414331
-0.41768
-0.420176
-0.421887
-0.422862
-0.423128
-0.422699
-0.421621
-0.419916
-0.417679
-0.414965
-0.411834
-0.408316
-0.404355
-0.399832
-0.394619
-0.388681
-0.382172
-0.375547
-0.369568
-0.365052
-0.362466
-0.361734
-0.362236
-0.36312
-0.363581
-0.363067
-0.361309
-0.358316
-0.354382
-0.349999
-0.345905
-0.342965
-0.342019
-0.343694
-0.34816
-0.355038
-0.363533
-0.372684
-0.38156
-0.389479
-0.396089
-0.401273
-0.405071
-0.407635
-0.409134
-0.409737
-0.409583
-0.408773
-0.407386
-0.405415
-0.402857
-0.399659
-0.395773
-0.391154
-0.385774
-0.379718
-0.373169
-0.366485
-0.360197
-0.354831
-0.350893
-0.348645
-0.348063
-0.348867
-0.350636
-0.35295
-0.355459
-0.357913
-0.360217
-0.362257
-0.364012
-0.365472
-0.366625
-0.367493
-0.368119
-0.368535
-0.36883
-0.36908
-0.369369
-0.369792
-0.37039
-0.371167
-0.372126
-0.373166
-0.374176
-0.375017
-0.375528
-0.375509
-0.374762
-0.373114
-0.370501
-0.367012
-0.363005
-0.35909
-0.356018
-0.354459
-0.354652
-0.356236
-0.358434
-0.360317
-0.36123
-0.36102
-0.360128
-0.359407
-0.359799
-0.361968
-0.366004
-0.371366
-0.377212
-0.382626
-0.386874
-0.389465
-0.389997
-0.388131
-0.383479
-0.375697
-0.364679
-0.351042
-0.336698
-0.324912
-0.31915
-0.321013
-0.329195
-0.340465
-0.351697
-0.361087
-0.368098
-0.372868
-0.375812
-0.377345
-0.377763
-0.377257
-0.375968
-0.373985
-0.371446
-0.368528
-0.365473
-0.362621
-0.360309
-0.358859
-0.358487
-0.359242
-0.360956
-0.363373
-0.36613
-0.368861
-0.371287
-0.373238
-0.374645
-0.375579
-0.37616
-0.376585
-0.377078
-0.377806
-0.378859
-0.380252
-0.381914
-0.383701
-0.385444
-0.387025
-0.388393
-0.389526
-0.390478
-0.391331
-0.39216
-0.393033
-0.393955
-0.394885
-0.395749
-0.396406
-0.396727
-0.396546
-0.395729
-0.394159
-0.39174
-0.388433
-0.384279
-0.379391
-0.374
-0.368477
-0.36326
-0.35879
-0.355524
-0.353799
-0.353842
-0.355696
-0.359179
-0.363856
-0.369183
-0.374607
-0.379686
-0.384147
-0.387892
-0.390916
-0.393289
-0.395116
-0.396462
-0.397421
-0.398049
-0.398412
-0.398553
-0.39851
-0.398319
-0.398026
-0.39766
-0.397257
-0.396837
-0.39643
-0.396058
-0.39575
-0.395517
-0.395365
-0.395312
-0.395373
-0.395552
-0.39586
-0.396287
-0.396836
-0.397518
-0.398315
-0.399211
-0.40021
-0.401293
-0.402427
-0.403579
-0.404722
-0.405794
-0.406748
-0.407506
-0.407981
-0.408088
-0.407753
-0.40688
-0.405421
-0.403371
-0.400762
-0.397734
-0.394464
-0.391165
-0.388031
-0.38513
-0.38239
-0.37959
-0.376434
-0.372604
-0.367857
-0.362167
-0.355763
-0.349162
-0.343117
-0.338542
-0.336277
-0.336842
-0.340201
-0.345792
-0.352685
-0.359875
-0.366523
-0.372097
-0.376371
-0.379386
-0.381328
-0.382512
-0.383229
-0.383774
-0.384379
-0.385213
-0.386421
-0.388091
-0.390293
-0.393014
-0.396195
-0.399749
-0.403514
-0.407381
-0.411185
-0.414809
-0.418147
-0.42111
-0.423628
-0.425617
-0.426981
-0.427579
-0.427258
-0.425798
-0.422984
-0.418644
-0.412784
-0.405722
-0.398193
-0.391317
-0.386201
-0.383446
-0.382776
-0.383222
-0.383673
-0.383393
-0.38209
-0.379748
-0.376401
-0.372011
-0.366876
-0.361874
-0.358447
-0.358011
-0.361052
-0.366953
-0.374539
-0.382709
-0.390853
-0.398816
-0.406487
-0.413775
-0.42046
-0.426306
-0.431107
-0.434723
-0.437153
-0.438409
-0.438613
-0.437849
-0.436242
-0.433905
-0.430937
-0.427373
-0.423236
-0.418485
-0.413034
-0.406809
-0.39987
-0.392571
-0.385721
-0.38063
-0.378789
-0.381187
-0.387764
-0.397361
-0.408206
-0.418664
-0.427599
-0.434379
-0.438797
-0.440899
-0.440846
-0.438991
-0.435846
-0.432145
-0.428725
-0.426421
-0.425816
-0.427126
-0.430175
-0.434544
-0.439702
-0.445138
-0.450368
-0.454946
-0.45848
-0.460712
-0.461526
-0.460964
-0.459212
-0.456536
-0.453203
-0.449492
-0.4456
-0.441687
-0.437935
-0.434565
-0.431824
-0.430001
-0.429397
-0.430163
-0.432343
-0.435811
-0.440366
-0.445665
-0.451386
-0.457159
-0.462687
-0.467744
-0.472154
-0.475811
-0.478657
-0.480689
-0.481882
-0.482254
-0.481832
-0.480627
-0.478704
-0.476127
-0.473051
-0.469662
-0.4662
-0.462964
-0.460238
-0.458269
-0.457155
-0.456853
-0.457186
-0.457871
-0.458646
-0.459217
-0.459386
-0.459003
-0.458008
-0.456379
-0.454184
-0.451547
-0.448657
-0.445767
-0.443153
-0.441034
-0.439554
-0.438668
-0.438158
-0.437641
-0.436624
-0.434583
-0.431061
-0.425868
-0.419353
-0.412589
-0.407269
-0.40517
-0.407192
-0.412739
-0.420077
-0.427283
-0.43296
-0.436573
-0.438259
-0.438561
-0.438219
-0.437927
-0.438271
-0.439594
-0.441976
-0.445233
-0.44901
-0.45287
-0.45643
-0.459389
-0.461597
-0.463048
-0.463964
-0.464632
-0.465426
-0.466682
-0.468588
-0.471147
-0.474127
-0.477154
-0.479811
-0.481742
-0.482688
-0.482521
-0.481275
-0.479041
-0.476029
-0.472499
-0.468693
-0.464828
-0.461021
-0.457266
-0.453461
-0.449419
-0.44498
-0.440058
-0.434658
-0.428875
-0.422808
-0.416612
-0.410497
-0.404932
-0.400717
-0.398818
-0.399934
-0.404061
-0.410285
-0.41728
-0.423807
-0.429307
-0.433939
-0.438384
-0.443343
-0.449093
-0.455277
-0.461081
-0.465513
-0.467744
-0.467248
-0.463811
-0.457642
-0.449402
-0.440341
-0.432154
-0.42662
-0.424875
-0.426908
-0.431672
-0.437607
-0.443322
-0.447939
-0.451071
-0.452743
-0.453186
-0.452786
-0.451932
-0.450967
-0.450169
-0.449684
-0.449565
-0.449775
-0.45026
-0.450916
-0.451676
-0.452498
-0.453358
-0.454219
-0.455108
-0.455961
-0.456765
-0.457482
-0.458054
-0.458416
-0.458504
-0.458239
-0.457524
-0.456281
-0.454446
-0.452003
-0.44894
-0.445361
-0.441383
-0.437247
-0.433188
-0.429431
-0.426132
-0.423337
-0.420937
-0.418713
-0.416356
-0.413605
-0.41021
-0.406207
-0.401912
-0.397956
-0.395293
-0.394742
-0.396698
-0.400938
-0.406636
-0.412814
-0.418607
-0.423494
-0.427265
-0.429908
-0.431547
-0.432343
-0.432469
-0.432047
-0.431214
-0.430075
-0.428713
-0.427198
-0.425562
-0.423877
-0.422171
-0.420463
-0.418767
-0.417099
-0.415484
-0.413924
-0.412427
-0.410995
-0.409646
-0.408376
-0.40719
-0.406099
-0.405113
-0.404231
-0.40347
-0.402837
-0.402318
-0.401915
-0.401621
-0.401388
-0.401177
-0.400921
-0.400517
-0.399889
-0.398939
-0.397557
-0.395673
-0.393259
-0.390369
-0.387178
-0.383942
-0.380948
-0.378441
-0.376457
-0.374841
-0.373188
-0.371037
-0.368004
-0.364039
-0.359515
-0.355199
-0.352082
-0.350989
-0.352289
-0.355675
-0.360403
-0.365594
-0.37039
-0.374179
-0.37655
-0.37732
-0.376494
-0.374347
-0.371416
-0.368441
-0.366224
-0.365404
-0.366196
-0.368387
-0.371428
-0.374751
-0.377852
-0.38051
-0.382635
-0.384309
-0.385653
-0.386761
-0.387701
-0.38851
-0.389197
-0.389747
-0.390117
-0.390316
-0.390333
-0.390153
-0.389789
-0.389217
-0.388388
-0.387251
-0.385701
-0.383605
-0.380852
-0.377373
-0.373167
-0.368378
-0.363267
-0.358212
-0.353704
-0.350201
-0.348064
-0.347423
-0.348118
-0.349693
-0.351503
-0.352858
-0.353079
-0.351653
-0.348357
-0.343287
-0.337012
-0.330609
-0.325542
-0.32344
-0.325525
-0.332049
-0.342144
-0.354131
-0.366175
-0.376886
-0.385497
-0.391778
-0.395829
-0.397918
-0.398357
-0.397438
-0.395444
-0.392647
-0.389284
-0.385556
-0.381617
-0.377615
-0.373636
-0.369777
-0.366223
-0.363248
-0.361192
-0.360279
-0.360535
-0.361709
-0.363318
-0.364852
-0.36589
-0.366195
-0.36575
-0.364771
-0.36359
-0.362634
-0.362362
-0.363175
-0.365303
-0.368776
-0.373389
-0.378738
-0.384248
-0.389307
-0.393266
-0.395568
-0.395808
-0.393798
-0.389719
-0.384127
-0.377838
-0.371636
-0.366025
-0.361146
-0.357011
-0.353832
-0.352019
-0.351939
-0.353686
-0.357146
-0.362065
-0.368106
-0.374808
-0.381601
-0.38794
-0.393394
-0.397706
-0.400788
-0.402632
-0.403336
-0.402971
-0.401639
-0.399401
-0.396319
-0.392498
-0.388066
-0.383281
-0.37848
-0.374102
-0.370612
-0.368408
-0.367745
-0.368678
-0.371007
-0.374364
-0.378233
-0.382098
-0.38561
-0.388567
-0.391032
-0.393228
-0.395468
-0.397971
-0.400805
-0.40386
-0.40693
-0.409745
-0.412123
-0.41392
-0.415127
-0.415806
-0.416107
-0.416197
-0.416256
-0.416421
-0.416768
-0.417286
-0.417908
-0.418524
-0.419034
-0.41936
-0.419459
-0.419315
-0.418936
-0.418397
-0.417752
-0.417071
-0.416423
-0.415849
-0.415366
-0.414966
-0.414574
-0.414151
-0.413658
-0.413098
-0.41257
-0.412252
-0.412367
-0.41314
-0.414707
-0.41707
-0.420109
-0.423563
-0.427112
-0.430412
-0.433204
-0.435291
-0.436571
-0.43701
-0.43667
-0.435729
-0.43447
-0.433257
-0.432511
-0.432616
-0.433768
-0.435933
-0.438826
-0.441918
-0.444553
-0.446036
-0.445685
-0.442808
-0.436849
-0.427596
-0.415688
-0.403221
-0.393846
-0.391495
-0.398042
-0.411952
-0.429442
-0.446848
-0.462008
-0.474172
-0.483468
-0.490307
-0.495128
-0.498288
-0.500033
-0.500491
-0.499724
-0.497693
-0.494317
-0.489447
-0.482938
-0.474673
-0.464688
-0.453246
-0.440917
-0.428608
-0.417494
-0.408851
-0.403881
-0.403427
-0.407711
-0.41626
-0.427915
-0.441153
-0.454463
-0.466612
-0.476808
-0.484669
-0.490133
-0.493369
-0.494655
-0.49435
-0.492894
-0.490728
-0.488323
-0.486077
-0.484301
-0.483146
-0.482566
-0.482352
-0.482213
-0.481816
-0.480896
-0.47929
-0.47696
-0.473998
-0.470606
-0.467111
-0.463937
-0.461505
-0.460158
-0.460083
-0.461183
-0.463077
-0.465156
-0.466736
-0.46726
-0.466373
-0.463941
-0.460043
-0.454834
-0.448449
-0.440879
-0.432029
-0.421872
-0.41081
-0.400087
-0.391752
-0.38787
-0.389279
-0.395091
-0.403348
-0.41226
-0.420904
-0.429055
-0.436855
-0.444425
-0.451773
-0.458817
-0.465401
-0.471332
-0.47641
-0.480473
-0.483432
-0.485263
-0.485968
-0.485619
-0.484293
-0.482072
-0.479013
-0.475181
-0.470661
-0.465502
-0.459822
-0.453767
-0.447556
-0.441455
-0.435799
-0.430905
-0.427077
-0.424461
-0.423015
-0.422448
-0.422245
-0.42173
-0.420229
-0.41728
-0.412802
-0.407348
-0.402201
-0.399004
-0.399121
-0.402898
-0.409515
-0.417459
-0.425291
-0.4321
-0.437503
-0.441535
-0.444399
-0.446352
-0.4476
-0.448325
-0.448616
-0.448536
-0.448086
-0.44725
-0.445983
-0.444208
-0.441894
-0.439017
-0.435626
-0.431835
-0.427796
-0.423715
-0.419764
-0.415986
-0.412252
-0.40826
-0.403713
-0.398461
-0.392796
-0.387591
-0.384166
-0.383785
-0.387033
-0.393467
-0.401797
-0.410568
-0.418627
-0.425323
-0.430437
-0.434007
-0.436219
-0.437279
-0.437394
-0.436752
-0.435518
-0.43386
-0.43194
-0.42991
-0.427939
-0.426199
-0.424805
-0.423838
-0.423304
-0.423143
-0.423159
-0.423151
-0.422877
-0.422096
-0.420673
-0.418565
-0.415968
-0.41327
-0.411019
-0.409855
-0.410199
-0.412162
-0.415504
-0.419756
-0.424405
-0.429029
-0.433337
-0.437183
-0.440495
-0.443235
-0.445379
-0.446905
-0.447766
-0.447943
-0.447419
-0.446229
-0.444451
-0.442263
-0.439891
-0.43767
-0.435989
-0.435211
-0.435586
-0.437211
-0.439968
-0.443573
-0.447673
-0.451865
-0.45581
-0.459231
-0.461869
-0.463573
-0.464216
-0.463742
-0.462156
-0.459523
-0.455982
-0.451682
-0.446764
-0.441234
-0.434877
-0.427186
-0.41739
-0.404677
-0.388765
-0.370722
-0.353757
-0.342622
-0.340925
-0.348442
-0.361479
-0.375803
-0.38888
-0.399918
-0.409001
-0.416345
-0.422002
-0.425882
-0.427851
-0.427887
-0.426076
-0.422753
-0.418483
-0.414034
-0.410278
-0.407955
-0.407363
-0.40805
-0.408919
-0.408613
-0.406135
-0.401485
-0.396016
-0.392196
-0.392458
-0.397806
-0.407133
-0.418086
-0.428406
-0.436735
-0.442609
-0.446115
-0.447571
-0.447317
-0.445597
-0.442576
-0.438342
-0.432993
-0.426585
-0.419282
-0.411369
-0.403248
-0.395412
-0.388346
-0.382464
-0.378024
-0.375161
-0.373851
-0.373897
-0.374873
-0.376165
-0.37706
-0.376907
-0.375291
-0.3721
-0.367581
-0.362416
-0.357705
-0.354716
-0.354575
-0.357732
-0.363798
-0.371655
-0.380041
-0.387943
-0.394763
-0.40032
-0.404659
-0.407936
-0.410393
-0.412198
-0.413512
-0.41445
-0.415083
-0.415461
-0.415644
-0.415646
-0.415496
-0.415193
-0.414742
-0.414161
-0.413456
-0.412625
-0.41166
-0.410569
-0.409318
-0.407864
-0.406162
-0.404149
-0.401771
-0.399037
-0.396035
-0.392988
-0.390226
-0.388142
-0.387081
-0.387248
-0.388566
-0.390672
-0.393066
-0.395142
-0.39636
-0.396337
-0.3949
-0.392162
-0.388641
-0.385193
-0.382915
-0.382782
-0.385293
-0.390184
-0.396688
-0.40378
-0.410603
-0.416612
-0.421605
-0.425581
-0.428643
-0.430963
-0.432682
-0.433928
-0.434808
-0.435386
-0.435701
-0.435803
-0.435728
-0.435491
-0.435123
-0.434627
-0.434035
-0.433377
-0.432652
-0.431924
-0.431226
-0.430592
-0.430095
-0.429752
-0.429618
-0.429689
-0.429977
-0.43046
-0.431069
-0.431757
-0.432467
-0.43315
-0.433786
-0.434348
-0.434842
-0.435303
-0.435768
-0.436282
-0.436873
-0.437599
-0.438487
-0.439544
-0.440761
-0.442117
-0.443525
-0.444923
-0.44621
-0.447239
-0.447861
-0.447924
-0.447248
-0.445745
-0.443388
-0.440271
-0.436633
-0.432829
-0.429208
-0.425956
-0.422918
-0.419692
-0.415867
-0.411453
-0.407192
-0.404387
-0.40419
-0.406779
-0.411172
-0.415737
-0.419084
-0.420493
-0.41997
-0.41799
-0.415275
-0.412627
-0.410796
-0.41039
-0.411742
-0.414883
-0.419542
-0.425262
-0.431427
-0.437463
-0.442754
-0.446834
-0.449387
-0.450305
-0.449687
-0.447816
-0.445157
-0.442211
-0.439491
-0.437389
-0.436096
-0.435581
-0.435606
-0.435831
-0.435875
-0.435457
-0.434396
-0.432669
-0.430396
-0.427753
-0.424979
-0.422301
-0.419931
-0.418056
-0.416835
-0.416348
-0.416491
-0.416873
-0.416913
-0.416014
-0.413838
-0.410342
-0.40583
-0.400731
-0.395447
-0.39023
-0.385325
-0.381033
-0.377745
-0.375906
-0.37577
-0.377422
-0.380641
-0.385038
-0.390121
-0.395373
-0.400319
-0.404536
-0.407733
-0.409698
-0.410399
-0.40992
-0.408492
-0.406503
-0.40443
-0.402763
-0.401909
-0.402062
-0.403143
-0.404888
-0.40694
-0.408964
-0.410731
-0.412131
-0.413176
-0.413939
-0.414506
-0.414953
-0.415296
-0.415524
-0.415586
-0.415378
-0.414845
-0.413922
-0.412586
-0.410817
-0.408621
-0.40599
-0.402864
-0.39913
-0.394627
-0.389122
-0.382418
-0.374467
-0.365562
-0.356534
-0.348758
-0.34385
-0.342972
-0.346219
-0.352559
-0.360376
-0.36817
-0.374999
-0.380454
-0.384527
-0.3874
-0.389276
-0.390273
-0.390311
-0.389114
-0.386179
-0.380856
-0.372605
-0.361527
-0.349035
-0.33817
-0.332732
-0.335011
-0.344102
-0.356602
-0.368924
-0.378924
-0.385965
-0.390385
-0.392812
-0.393905
-0.39418
-0.394027
-0.393712
-0.393382
-0.393124
-0.392965
-0.392905
-0.392937
-0.393025
-0.393178
-0.393386
-0.393654
-0.394015
-0.394491
-0.395109
-0.395895
-0.396856
-0.39797
-0.399179
-0.400378
-0.401415
-0.402132
-0.402327
-0.401812
-0.400428
-0.398027
-0.394547
-0.389943
-0.384228
-0.377581
-0.370451
-0.363691
-0.358636
-0.356736
-0.358888
-0.364792
-0.373071
-0.381867
-0.389627
-0.395415
-0.398898
-0.400218
-0.399778
-0.39816
-0.396074
-0.394259
-0.393354
-0.393778
-0.395622
-0.398662
-0.402482
-0.406637
-0.410734
-0.414517
-0.417836
-0.420579
-0.422654
-0.423911
-0.42417
-0.423244
-0.420948
-0.417232
-0.412233
-0.406376
-0.400395
-0.395285
-0.392062
-0.391441
-0.393528
-0.397816
-0.403316
-0.408961
-0.413863
-0.4175
-0.419693
-0.420581
-0.420484
-0.419808
-0.41894
-0.418167
-0.417657
-0.41743
-0.417467
-0.417767
-0.418365
-0.419406
-0.420951
-0.422925
-0.425095
-0.426933
-0.427801
-0.426912
-0.423369
-0.416318
-0.405191
-0.390392
-0.374215
-0.361145
-0.355963
-0.360427
-0.371778
-0.385091
-0.396648
-0.405218
-0.411378
-0.416378
-0.421286
-0.426573
-0.432168
-0.437642
-0.442542
-0.44645
-0.449104
-0.450322
-0.449947
-0.44783
-0.443769
-0.437589
-0.429241
-0.419023
-0.407835
-0.397325
-0.389576
-0.386268
-0.387827
-0.393183
-0.400503
-0.408109
-0.414995
-0.420764
-0.425387
-0.428971
-0.431581
-0.433232
-0.433831
-0.433265
-0.431525
-0.428732
-0.425295
-0.421949
-0.419634
-0.419166
-0.420892
-0.424514
-0.429264
-0.434203
-0.438637
-0.442201
-0.444856
-0.446775
-0.448225
-0.449408
-0.450498
-0.451553
-0.452525
-0.453248
-0.453496
-0.452991
-0.451438
-0.448529
-0.444032
-0.437829
-0.42994
-0.420645
-0.410443
-0.400106
-0.390576
-0.382778
-0.377426
-0.374857
-0.374914
-0.377073
-0.380568
-0.384598
-0.388465
-0.391612
-0.393627
-0.394318
-0.393703
-0.392087
-0.390101
-0.38857
-0.388381
-0.390124
-0.393912
-0.399379
-0.405822
-0.412489
-0.418804
-0.424392
-0.429064
-0.432794
-0.43558
-0.437482
-0.438546
-0.438785
-0.438207
-0.436765
-0.434382
-0.431028
-0.426682
-0.421433
-0.415468
-0.409215
-0.403292
-0.398439
-0.395387
-0.394616
-0.39619
-0.399702
-0.40449
-0.409816
-0.415089
-0.419937
-0.424213
-0.427911
-0.431121
-0.433916
-0.436377
-0.438524
-0.440345
-0.441799
-0.442784
-0.44318
-0.44284
-0.441589
-0.439264
-0.435689
-0.430747
-0.424432
-0.416882
-0.408439
-0.399618
-0.390994
-0.38296
-0.375662
-0.368907
-0.36231
-0.355505
-0.348425
-0.341521
-0.335864
-0.332908
-0.33392
-0.339315
-0.348378
-0.359521
-0.371035
-0.381691
-0.390897
-0.398616
-0.405075
-0.410616
-0.415488
-0.419855
-0.423716
-0.426975
-0.429491
-0.431105
-0.431684
-0.431143
-0.429417
-0.426491
-0.4224
-0.417233
-0.41115
-0.404401
-0.397333
-0.390352
-0.383909
-0.378409
-0.37417
-0.371327
-0.369857
-0.369587
-0.370284
-0.371695
-0.37362
-0.375859
-0.378264
-0.380625
-0.382712
-0.384293
-0.385044
-0.384641
-0.382743
-0.379068
-0.373498
-0.366215
-0.357724
-0.348842
-0.34044
-0.333134
-0.326953
-0.321468
-0.316051
-0.310254
-0.304005
-0.297555
-0.291203
-0.285157
-0.279576
-0.275043
-0.273049
-0.275826
-0.284917
-0.299584
-0.316817
-0.333052
-0.345776
-0.353989
-0.357756
-0.357744
-0.354842
-0.350132
-0.344821
-0.340146
-0.337143
-0.336347
-0.337706
-0.340619
-0.344288
-0.347998
-0.351267
-0.353854
-0.355736
-0.356981
-0.357727
-0.358095
-0.358205
-0.358153
-0.358018
-0.357841
-0.357639
-0.357427
-0.357187
-0.356858
-0.356371
-0.355626
-0.354496
-0.352826
-0.350442
-0.347241
-0.343217
-0.338527
-0.333657
-0.329337
-0.326462
-0.325749
-0.327461
-0.331181
-0.336048
-0.341062
-0.345404
-0.348598
-0.350521
-0.351317
-0.351277
-0.350789
-0.350219
-0.349797
-0.349664
-0.349767
-0.350016
-0.350353
-0.350765
-0.351331
-0.352141
-0.353314
-0.354867
-0.356755
-0.358849
-0.361004
-0.363095
-0.365034
-0.366731
-0.368096
-0.36897
-0.369121
-0.368296
-0.366211
-0.362745
-0.358063
-0.352798
-0.348007
-0.345055
-0.34517
-0.348968
-0.356216
-0.365912
-0.376717
-0.387405
-0.397075
-0.405242
-0.411675
-0.416341
-0.419243
-0.420387
-0.419763
-0.417413
-0.41348
-0.408351
-0.402616
-0.397081
-0.39253
-0.389525
-0.388261
-0.388656
-0.390487
-0.393547
-0.397596
-0.40234
-0.407351
-0.412196
-0.416528
-0.420223
-0.423273
-0.425789
-0.427915
-0.429751
-0.431255
-0.432281
-0.432479
-0.4314
-0.428538
-0.423544
-0.416419
-0.407796
-0.399023
-0.391867
-0.387785
-0.387189
-0.389377
-0.39286
-0.396042
-0.397517
-0.396242
-0.391718
-0.384434
-0.376341
-0.370774
-0.371094
-0.378702
-0.392128
-0.408128
-0.423748
-0.437238
-0.448052
-0.456304
-0.462386
-0.466679
-0.46948
-0.471021
-0.471459
-0.470901
-0.469387
-0.466953
-0.463542
-0.459051
-0.453265
-0.445791
-0.436118
-0.423618
-0.407845
-0.389151
-0.369514
-0.352943
-0.344329
-0.346317
-0.357401
-0.373152
-0.389288
-0.403359
-0.414651
-0.423385
-0.430053
-0.435107
-0.438886
-0.441606
-0.443406
-0.444402
-0.444704
-0.444409
-0.44362
-0.442428
-0.440917
-0.439125
-0.43703
-0.43455
-0.43152
-0.427714
-0.422886
-0.416784
-0.409288
-0.400442
-0.390548
-0.38017
-0.370146
-0.361397
-0.354781
-0.350961
-0.350251
-0.352593
-0.357526
-0.364249
-0.371853
-0.379439
-0.386338
-0.392172
-0.396816
-0.400372
-0.403036
-0.405095
-0.406771
-0.40826
-0.409653
-0.41098
-0.4122
-0.413271
-0.414125
-0.414747
-0.415094
-0.415183
-0.415015
-0.414575
-0.413834
-0.412737
-0.411197
-0.409072
-0.406206
-0.402437
-0.397594
-0.391514
-0.384126
-0.375535
-0.366076
-0.356466
-0.347884
-0.341989
-0.340458
-0.344227
-0.352851
-0.364514
-0.376867
-0.387949
-0.396578
-0.402366
-0.405447
-0.406253
-0.405288
-0.403115
-0.400263
-0.397172
-0.39415
-0.391294
-0.388551
-0.385728
-0.382593
-0.378991
-0.374887
-0.370379
-0.36566
-0.360901
-0.35625
-0.351789
-0.347581
-0.343732
-0.340414
-0.337944
-0.336722
-0.33713
-0.339307
-0.343067
-0.347781
-0.35268
-0.356963
-0.360047
-0.361566
-0.361373
-0.359516
-0.356186
-0.35173
-0.346601
-0.341348
-0.336513
-0.332548
-0.329808
-0.328479
-0.328556
-0.329928
-0.332356
-0.335584
-0.339258
-0.343031
-0.346593
-0.349653
-0.352033
-0.353603
-0.354317
-0.354184
-0.353282
-0.351705
-0.349577
-0.347025
-0.344223
-0.341292
-0.33836
-0.335504
-0.332751
-0.33009
-0.327459
-0.324787
-0.322005
-0.319067
-0.316013
-0.312939
-0.310072
-0.307636
-0.305851
-0.304836
-0.304593
-0.30495
-0.305673
-0.306494
-0.30715
-0.307462
-0.307325
-0.306758
-0.305819
-0.304674
-0.303511
-0.302509
-0.301878
-0.301726
-0.30209
-0.302923
-0.304087
-0.305374
-0.30652
-0.30725
-0.307239
-0.306135
-0.303535
-0.298972
-0.291955
-0.282138
-0.26964
-0.255521
-0.242179
-0.23297
-0.230753
-0.236113
-0.24703
-0.26037
-0.273573
-0.285343
-0.295333
-0.303704
-0.310726
-0.316662
-0.321705
-0.325969
-0.329536
-0.332486
-0.334866
-0.336718
-0.338092
-0.338987
-0.339442
-0.339452
-0.339041
-0.338215
-0.336964
-0.335324
-0.333334
-0.331024
-0.328387
-0.325402
-0.321982
-0.317918
-0.312925
-0.306805
-0.299624
-0.292217
-0.286318
-0.284287
-0.287894
-0.297156
-0.31023
-0.324504
-0.337822
-0.349076
-0.358037
-0.364961
-0.370235
-0.374242
-0.377265
-0.379394
-0.380517
-0.380267
-0.377882
-0.372139
-0.361295
-0.343634
-0.319198
-0.29279
-0.274909
-0.27526
-0.292794
-0.316843
-0.337467
-0.350735
-0.357148
-0.35868
-0.357381
-0.354922
-0.352536
-0.351067
-0.350971
-0.352343
-0.354987
-0.358535
-0.362558
-0.366705
-0.370664
-0.374224
-0.377238
-0.379643
-0.3814
-0.382545
-0.383115
-0.383171
-0.382745
-0.38187
-0.380534
-0.3787
-0.376282
-0.373191
-0.369292
-0.364473
-0.358639
-0.351819
-0.344221
-0.336303
-0.328853
-0.322815
-0.319093
-0.318094
-0.319608
-0.322833
-0.326654
-0.330071
-0.332316
-0.332958
-0.331828
-0.329033
-0.324955
-0.320262
-0.315892
-0.312849
-0.311871
-0.313208
-0.316461
-0.320823
-0.325437
-0.329613
-0.332985
-0.335436
-0.33703
-0.337939
-0.338304
-0.338279
-0.337962
-0.337412
-0.336654
-0.335684
-0.334495
-0.333079
-0.331438
-0.329638
-0.327748
-0.325888
-0.32423
-0.32292
-0.32208
-0.321729
-0.321786
-0.322059
-0.32223
-0.321947
-0.320794
-0.318344
-0.314203
-0.307993
-0.299445
-0.288463
-0.275395
-0.261228
-0.247854
-0.237907
-0.233876
-0.236755
-0.245458
-0.257414
-0.26993
-0.281069
-0.289846
-0.295961
-0.299473
-0.300618
-0.299682
-0.297026
-0.293098
-0.288399
-0.283493
-0.278961
-0.275253
-0.272653
-0.271247
-0.270946
-0.271556
-0.272879
-0.274706
-0.276909
-0.279363
-0.281922
-0.284497
-0.286961
-0.289236
-0.29125
-0.292975
-0.294413
-0.295569
-0.296475
-0.297173
-0.297699
-0.298095
-0.298409
-0.298657
-0.298862
-0.299039
-0.299183
-0.299323
-0.299427
-0.299473
-0.299464
-0.299341
-0.299069
-0.298599
-0.297885
-0.296855
-0.29549
-0.293776
-0.291755
-0.289533
-0.28728
-0.285196
-0.283533
-0.282473
-0.282122
-0.282448
-0.283258
-0.284295
-0.285292
-0.286001
-0.286284
-0.286079
-0.285486
-0.284665
-0.283853
-0.283261
-0.283094
-0.283437
-0.284221
-0.285256
-0.286197
-0.286672
-0.286363
-0.285126
-0.283153
-0.280992
-0.279492
-0.279516
-0.281581
-0.285629
-0.291033
-0.296895
-0.302329
-0.306733
-0.309809
-0.31158
-0.312336
-0.312538
-0.312731
-0.313365
-0.314749
-0.31693
-0.31974
-0.322843
-0.325855
-0.328434
-0.33028
-0.331202
-0.331063
-0.329817
-0.327477
-0.324135
-0.319988
-0.315326
-0.310527
-0.305984
-0.302077
-0.299142
-0.297387
-0.296963
-0.297876
-0.300074
-0.303414
-0.307628
-0.312387
-0.317308
-0.321964
-0.325922
-0.32875
-0.330011
-0.329335
-0.326472
-0.321326
-0.314137
-0.305591
-0.296823
-0.289274
-0.284175
-0.282161
-0.283042
-0.286107
-0.290454
-0.295366
-0.300388
-0.305272
-0.309869
-0.314084
-0.31786
-0.321154
-0.323936
-0.326219
-0.327994
-0.329299
-0.330187
-0.33067
-0.330801
-0.330608
-0.330144
-0.329465
-0.328619
-0.32768
-0.326731
-0.325829
-0.325027
-0.324387
-0.323936
-0.323696
-0.323648
-0.323774
-0.324038
-0.324402
-0.324831
-0.325271
-0.325696
-0.326063
-0.326362
-0.326586
-0.326721
-0.326747
-0.326691
-0.326482
-0.326107
-0.325481
-0.324522
-0.32311
-0.321135
-0.318522
-0.315287
-0.311625
-0.307963
-0.305006
-0.303519
-0.304152
-0.307113
-0.312094
-0.318366
-0.325082
-0.331525
-0.337226
-0.342005
-0.345824
-0.348783
-0.351023
-0.352668
-0.353789
-0.35446
-0.354678
-0.354439
-0.353628
-0.352169
-0.349866
-0.346537
-0.342005
-0.336109
-0.328766
-0.32015
-0.310739
-0.301459
-0.293685
-0.288895
-0.288139
-0.291532
-0.29818
-0.306566
-0.315094
-0.322539
-0.328169
-0.33174
-0.333383
-0.333497
-0.332633
-0.331375
-0.330273
-0.329689
-0.329825
-0.330672
-0.332099
-0.333932
-0.336034
-0.338292
-0.340667
-0.343173
-0.345823
-0.348621
-0.351581
-0.354645
-0.357786
-0.360942
-0.364037
-0.366994
-0.369732
-0.372161
-0.374171
-0.375632
-0.37642
-0.376388
-0.375416
-0.373443
-0.370443
-0.366544
-0.362062
-0.357511
-0.353559
-0.350852
-0.349885
-0.350806
-0.353352
-0.357009
-0.361184
-0.365333
-0.369068
-0.372149
-0.374433
-0.375876
-0.376511
-0.376391
-0.375595
-0.374204
-0.372249
-0.369737
-0.366661
-0.363012
-0.358861
-0.354389
-0.349873
-0.345684
-0.342141
-0.339534
-0.337923
-0.337189
-0.337107
-0.337406
-0.337893
-0.33851
-0.339288
-0.340326
-0.341706
-0.343424
-0.345317
-0.34717
-0.34871
-0.349658
-0.349804
-0.349041
-0.347311
-0.344688
-0.341314
-0.337455
-0.333409
-0.329525
-0.326185
-0.323735
-0.322451
-0.322516
-0.323948
-0.326636
-0.330302
-0.334611
-0.339198
-0.343755
-0.348027
-0.35186
-0.355183
-0.357944
-0.360165
-0.36187
-0.363118
-0.363923
-0.36434
-0.364408
-0.364156
-0.36361
-0.362779
-0.361711
-0.360427
-0.358966
-0.357356
-0.355637
-0.353869
-0.352128
-0.350445
-0.348909
-0.347564
-0.346477
-0.34565
-0.345067
-0.344674
-0.344393
-0.344097
-0.343626
-0.342803
-0.341396
-0.33918
-0.335918
-0.331435
-0.325683
-0.318895
-0.311748
-0.305357
-0.301097
-0.300085
-0.30267
-0.308259
-0.315594
-0.323368
-0.330602
-0.336791
-0.341783
-0.345633
-0.348494
-0.350554
-0.351943
-0.352754
-0.353064
-0.352879
-0.35218
-0.350935
-0.349096
-0.34658
-0.343355
-0.339369
-0.334697
-0.329425
-0.323811
-0.318061
-0.312398
-0.306911
-0.301587
-0.296275
-0.29087
-0.285355
-0.279962
-0.275122
-0.271431
-0.269472
-0.269635
-0.27204
-0.276486
-0.282584
-0.289847
-0.2978
-0.30606
-0.31424
-0.321997
-0.329065
-0.335269
-0.340523
-0.344849
-0.348308
-0.351
-0.353065
-0.354588
-0.355647
-0.356309
-0.356604
-0.356541
-0.356119
-0.355348
-0.354206
-0.352736
-0.350935
-0.348875
-0.346611
-0.344231
-0.341801
-0.339377
-0.336976
-0.334576
-0.332118
-0.329513
-0.326727
-0.323886
-0.321324
-0.319615
-0.319422
-0.321281
-0.325241
-0.33076
-0.336704
-0.341656
-0.344148
-0.342831
-0.336549
-0.32463
-0.307171
-0.285786
-0.264067
-0.24691
-0.238166
-0.238386
-0.244907
-0.254119
-0.2636
-0.272517
-0.281076
-0.289721
-0.2987
-0.307876
-0.316875
-0.325342
-0.33298
-0.339655
-0.345399
-0.350287
-0.354477
-0.358057
-0.361137
-0.363742
-0.365904
-0.367641
-0.368978
-0.369917
-0.37048
-0.370686
-0.37056
-0.370124
-0.369361
-0.368282
-0.366852
-0.365057
-0.362844
-0.360161
-0.356929
-0.35312
-0.34867
-0.343609
-0.338052
-0.332198
-0.326365
-0.320958
-0.316356
-0.312879
-0.310651
-0.309547
-0.309253
-0.309392
-0.309655
-0.309877
-0.310083
-0.310516
-0.311396
-0.312912
-0.31507
-0.317723
-0.320603
-0.323386
-0.325762
-0.327453
-0.328182
-0.327808
-0.326187
-0.323359
-0.319554
-0.315297
-0.311367
-0.308555
-0.307506
-0.308327
-0.310562
-0.313405
-0.315985
-0.317623
-0.317939
-0.316843
-0.314464
-0.311123
-0.307281
-0.303518
-0.300407
-0.298412
-0.297748
-0.298339
-0.299854
-0.301865
-0.304047
-0.306212
-0.308365
-0.310602
-0.312998
-0.315578
-0.31827
-0.320882
-0.323208
-0.32499
-0.325952
-0.325762
-0.323979
-0.320015
-0.313127
-0.302731
-0.288872
-0.273251
-0.259853
-0.253756
-0.257807
-0.270208
-0.285989
-0.30056
-0.311511
-0.318397
-0.32171
-0.322243
-0.320743
-0.31784
-0.314075
-0.309995
-0.306094
-0.302788
-0.30035
-0.29889
-0.298356
-0.298639
-0.299634
-0.301273
-0.303521
-0.306356
-0.309686
-0.31335
-0.317168
-0.320898
-0.324364
-0.327423
-0.329971
-0.331988
-0.333504
-0.334535
-0.335161
-0.335434
-0.335401
-0.335109
-0.3346
-0.333906
-0.333066
-0.332116
-0.3311
-0.330034
-0.328977
-0.327961
-0.327062
-0.326327
-0.325803
-0.325544
-0.325585
-0.325898
-0.326474
-0.327247
-0.328157
-0.329125
-0.330097
-0.330998
-0.331779
-0.332383
-0.332815
-0.332968
-0.332812
-0.332282
-0.331256
-0.329619
-0.327231
-0.323983
-0.319783
-0.314697
-0.308914
-0.302821
-0.296891
-0.291612
-0.287265
-0.283934
-0.281585
-0.280241
-0.280071
-0.281331
-0.284094
-0.288109
-0.292781
-0.297421
-0.301403
-0.304386
-0.306277
-0.307199
-0.307356
-0.307014
-0.306384
-0.305616
-0.304804
-0.30399
-0.303194
-0.30237
-0.301515
-0.30058
-0.299569
-0.298481
-0.29733
-0.296135
-0.29491
-0.293688
-0.292458
-0.291218
-0.289939
-0.288562
-0.287011
-0.285214
-0.283102
-0.280702
-0.278127
-0.275606
-0.273498
-0.272199
-0.272057
-0.273261
-0.275728
-0.279165
-0.283123
-0.287099
-0.290597
-0.293169
-0.294321
-0.293515
-0.290075
-0.283239
-0.272502
-0.258281
-0.242912
-0.2309
-0.227096
-0.233247
-0.246542
-0.26192
-0.275388
-0.285215
-0.291359
-0.294515
-0.295496
-0.295011
-0.293543
-0.291459
-0.289005
-0.28637
-0.28372
-0.28129
-0.279291
-0.277938
-0.277421
-0.277701
-0.278612
-0.279851
-0.281082
-0.281992
-0.282408
-0.282339
-0.281983
-0.281656
-0.28173
-0.282523
-0.284132
-0.286453
-0.289208
-0.292019
-0.294502
-0.296395
-0.297542
-0.297947
-0.297738
-0.297169
-0.296575
-0.296328
-0.296767
-0.298128
-0.300466
-0.303675
-0.307478
-0.31152
-0.315429
-0.318829
-0.321425
-0.322972
-0.323258
-0.322094
-0.319386
-0.315181
-0.30973
-0.303637
-0.297787
-0.293283
-0.291103
-0.2918
-0.295224
-0.300733
-0.3074
-0.314342
-0.320857
-0.326442
-0.330771
-0.333626
-0.33489
-0.33458
-0.332911
-0.3302
-0.326963
-0.323822
-0.321395
-0.320145
-0.320387
-0.322088
-0.324945
-0.328453
-0.331998
-0.334976
-0.336867
-0.337414
-0.336731
-0.335425
-0.334505
-0.335054
-0.337747
-0.34241
-0.348076
-0.353391
-0.357155
-0.358617
-0.357503
-0.354038
-0.348841
-0.342891
-0.337409
-0.333618
-0.332373
-0.333836
-0.337369
-0.341787
-0.345783
-0.348352
-0.348871
-0.347264
-0.343942
-0.339668
-0.335427
-0.332058
-0.329904
-0.328697
-0.327907
-0.327261
-0.327117
-0.328255
-0.331263
-0.335992
-0.341642
-0.347246
-0.352171
-0.356158
-0.359284
-0.361723
-0.363537
-0.364688
-0.365073
-0.364571
-0.363153
-0.360895
-0.358067
-0.355023
-0.352245
-0.350172
-0.349142
-0.34928
-0.350478
-0.352447
-0.354802
-0.357148
-0.359202
-0.360777
-0.361794
-0.362293
-0.362329
-0.362007
-0.361397
-0.360525
-0.359406
-0.357961
-0.356101
-0.353655
-0.350487
-0.346414
-0.341314
-0.335116
-0.327852
-0.319797
-0.311681
-0.304827
-0.301038
-0.301904
-0.307812
-0.317497
-0.32857
-0.338617
-0.345985
-0.349869
-0.35026
-0.347674
-0.343141
-0.338027
-0.333795
-0.331396
-0.331
-0.331878
-0.3329
-0.333098
-0.331948
-0.329455
-0.326009
-0.322226
-0.318626
-0.315599
-0.313239
-0.311342
-0.309536
-0.307468
-0.305005
-0.30239
-0.300216
-0.299217
-0.300058
-0.303075
-0.308197
-0.314945
-0.322602
-0.330378
-0.337564
-0.343702
-0.348591
-0.352193
-0.354602
-0.356004
-0.356557
-0.356398
-0.355682
-0.354472
-0.35285
-0.350849
-0.3485
-0.345845
-0.342939
-0.339858
-0.336744
-0.333768
-0.331115
-0.329
-0.327548
-0.326836
-0.32686
-0.327506
-0.328603
-0.329946
-0.33139
-0.332751
-0.333951
-0.334922
-0.335641
-0.336108
-0.336346
-0.336396
-0.336266
-0.335979
-0.335568
-0.335052
-0.334456
-0.333824
-0.333196
-0.332619
-0.332153
-0.331804
-0.331571
-0.331419
-0.33127
-0.33105
-0.330749
-0.330411
-0.33018
-0.330222
-0.330705
-0.331723
-0.333288
-0.335313
-0.337669
-0.340242
-0.342902
-0.345543
-0.348093
-0.350502
-0.352682
-0.354576
-0.356129
-0.357255
-0.357882
-0.357891
-0.357162
-0.35556
-0.352935
-0.349183
-0.344335
-0.338626
-0.332641
-0.327299
-0.323652
-0.322503
-0.324067
-0.327814
-0.332711
-0.337638
-0.341713
-0.344364
-0.345359
-0.344702
-0.342495
-0.339029
-0.334699
-0.330075
-0.325868
-0.322801
-0.321441
-0.321996
-0.324252
-0.327717
-0.331726
-0.335695
-0.3392
-0.342026
-0.344086
-0.345455
-0.346224
-0.346511
-0.346426
-0.346119
-0.345674
-0.345188
-0.344732
-0.344317
-0.343997
-0.343731
-0.343499
-0.343257
-0.342936
-0.342468
-0.341807
-0.340897
-0.339732
-0.338343
-0.33681
-0.335262
-0.333844
-0.332693
-0.331951
-0.331655
-0.331822
-0.332371
-0.333179
-0.33409
-0.335019
-0.335883
-0.336684
-0.337427
-0.338149
-0.338911
-0.339732
-0.340625
-0.341571
-0.342536
-0.343478
-0.344334
-0.345033
-0.345486
-0.345612
-0.345311
-0.34453
-0.343204
-0.341326
-0.339011
-0.33647
-0.334046
-0.332132
-0.331082
-0.331103
-0.332117
-0.333848
-0.33581
-0.33749
-0.338453
-0.338369
-0.337006
-0.334253
-0.330052
-0.324426
-0.31743
-0.309208
-0.299916
-0.289873
-0.279607
-0.270097
-0.262857
-0.259671
-0.261924
-0.269742
-0.281684
-0.295444
-0.308764
-0.320125
-0.328803
-0.334644
-0.337826
-0.338622
-0.337338
-0.334289
-0.329868
-0.324562
-0.319054
-0.314115
-0.310488
-0.308648
-0.308576
-0.309723
-0.311131
-0.311761
-0.310711
-0.30743
-0.301985
-0.295226
-0.288776
-0.284699
-0.28458
-0.288682
-0.295851
-0.304246
-0.31221
-0.318739
-0.323535
-0.326686
-0.328458
-0.329184
-0.329174
-0.32864
-0.327783
-0.326751
-0.32566
-0.3246
-0.323672
-0.322925
-0.322397
-0.322116
-0.322042
-0.322093
-0.32214
-0.321979
-0.321357
-0.31996
-0.317433
-0.313478
-0.307891
-0.30068
-0.292192
-0.28326
-0.275152
-0.269439
-0.267446
-0.269785
-0.276114
-0.285265
-0.295716
-0.306047
-0.315285
-0.322846
-0.328521
-0.332309
-0.334305
-0.334577
-0.333162
-0.330009
-0.325024
-0.318132
-0.309443
-0.299473
-0.28931
-0.280634
-0.275227
-0.274208
-0.277427
-0.283621
-0.291129
-0.298566
-0.305132
-0.310558
-0.314904
-0.318307
-0.320964
-0.323029
-0.324612
-0.325809
-0.32667
-0.327247
-0.327572
-0.327675
-0.327575
-0.327288
-0.326825
-0.326195
-0.325403
-0.324442
-0.32334
-0.322108
-0.320765
-0.319349
-0.317915
-0.31653
-0.31522
-0.31405
-0.313007
-0.312102
-0.311325
-0.310683
-0.310159
-0.309788
-0.309642
-0.309789
-0.31033
-0.311352
-0.312906
-0.315009
-0.317574
-0.320495
-0.323592
-0.326661
-0.329493
-0.331826
-0.333389
-0.333901
-0.333028
-0.33048
-0.326093
-0.320109
-0.313498
-0.308052
-0.30599
-0.308862
-0.316531
-0.327236
-0.338576
-0.348642
-0.356451
-0.361818
-0.365036
-0.366581
-0.366975
-0.36664
-0.365893
-0.364925
-0.363817
-0.362524
-0.360933
-0.358919
-0.356409
-0.353438
-0.350183
-0.346926
-0.343902
-0.341198
-0.338758
-0.33649
-0.334523
-0.333312
-0.333522
-0.335666
-0.339712
-0.345046
-0.350721
-0.355838
-0.359852
-0.362575
-0.364085
-0.364599
-0.36436
-0.36359
-0.362426
-0.360952
-0.359189
-0.357153
-0.354864
-0.352391
-0.349912
-0.347706
-0.346133
-0.34552
-0.346044
-0.347694
-0.350229
-0.353279
-0.356406
-0.359273
-0.361611
-0.36326
-0.364132
-0.364178
-0.363365
-0.361599
-0.358815
-0.35493
-0.349919
-0.343833
-0.336912
-0.329584
-0.322404
-0.315978
-0.310717
-0.306722
-0.303787
-0.301498
-0.299489
-0.297507
-0.295491
-0.293495
-0.291739
-0.290485
-0.289996
-0.290542
-0.292262
-0.295152
-0.299067
-0.303726
-0.308763
-0.313753
-0.318387
-0.322382
-0.325554
-0.327831
-0.329212
-0.329731
-0.329459
-0.328469
-0.326867
-0.32468
-0.322031
-0.319105
-0.316282
-0.314105
-0.313255
-0.314291
-0.317432
-0.322403
-0.32854
-0.335059
-0.34128
-0.346718
-0.351183
-0.354613
-0.357076
-0.358673
-0.359484
-0.359574
-0.358985
-0.357726
-0.355797
-0.353191
-0.349905
-0.345962
-0.341423
-0.336403
-0.33106
-0.325607
-0.320272
-0.315305
-0.310948
-0.307386
-0.304738
-0.303107
-0.302571
-0.303181
-0.304981
-0.307993
-0.312185
-0.317433
-0.323544
-0.330239
-0.337201
-0.344108
-0.350654
-0.356581
-0.361712
-0.365965
-0.369272
-0.371651
-0.373113
-0.373701
-0.373426
-0.372322
-0.370379
-0.367572
-0.363877
-0.359325
-0.354019
-0.34824
-0.342512
-0.337545
-0.334189
-0.333196
-0.33486
-0.338951
-0.344673
-0.351082
-0.357255
-0.362479
-0.366295
-0.368473
-0.368951
-0.367776
-0.365132
-0.361262
-0.356612
-0.351665
-0.346983
-0.343083
-0.340399
-0.339161
-0.33934
-0.340669
-0.342708
-0.344871
-0.346616
-0.347524
-0.347404
-0.346254
-0.34428
-0.34182
-0.339288
-0.337057
-0.335451
-0.334646
-0.334694
-0.33554
-0.337036
-0.339022
-0.341262
-0.343575
-0.345727
-0.347521
-0.348803
-0.349434
-0.349383
-0.348653
-0.347309
-0.345472
-0.343301
-0.340983
-0.338643
-0.336402
-0.334293
-0.332319
-0.330439
-0.328619
-0.326834
-0.325066
-0.323298
-0.321551
-0.319837
-0.318231
-0.31681
-0.315704
-0.315096
-0.315093
-0.315768
-0.317086
-0.318947
-0.321148
-0.32344
-0.325593
-0.32734
-0.328462
-0.328723
-0.327915
-0.325874
-0.322481
-0.31773
-0.31179
-0.305057
-0.298123
-0.291775
-0.28682
-0.283965
-0.283593
-0.285629
-0.289522
-0.294224
-0.298575
-0.301514
-0.302358
-0.300977
-0.297841
-0.294072
-0.291253
-0.290815
-0.293448
-0.298689
-0.305159
-0.311158
-0.315159
-0.316125
-0.313371
-0.306612
-0.295999
-0.282462
-0.267972
-0.255386
-0.247469
-0.245461
-0.248499
-0.254478
-0.26153
-0.268687
-0.275762
-0.282759
-0.289433
-0.2952
-0.299378
-0.301405
-0.301031
-0.298389
-0.294044
-0.288887
-0.283976
-0.280222
-0.278107
-0.277482
-0.277886
-0.278797
-0.279918
-0.281237
-0.282848
-0.284816
-0.287046
-0.289298
-0.291222
-0.292491
-0.292778
-0.291816
-0.289345
-0.285133
-0.279109
-0.271463
-0.262902
-0.2548
-0.248995
-0.246989
-0.249218
-0.254762
-0.261922
-0.269005
-0.274907
-0.279229
-0.282028
-0.283621
-0.284428
-0.284843
-0.285202
-0.285812
-0.286825
-0.288306
-0.290249
-0.292525
-0.294908
-0.297109
-0.298802
-0.299613
-0.299176
-0.297216
-0.293665
-0.288801
-0.283414
-0.278775
-0.276252
-0.276678
-0.279824
-0.284411
-0.28865
-0.290851
-0.289715
-0.28433
-0.274026
-0.258296
-0.237074
-0.211712
-0.186501
-0.169067
-0.166739
-0.180424
-0.203506
-0.227458
-0.247104
-0.261199
-0.270691
-0.277222
-0.282221
-0.286628
-0.290832
-0.294824
-0.298382
-0.301293
-0.303454
-0.304867
-0.305687
-0.306106
-0.306274
-0.306285
-0.306065
-0.305395
-0.303857
-0.300824
-0.295524
-0.287038
-0.274711
-0.258698
-0.24106
-0.226099
-0.218834
-0.221497
-0.231689
-0.244484
-0.255872
-0.264305
-0.269974
-0.27381
-0.276689
-0.279165
-0.281436
-0.283468
-0.285157
-0.286413
-0.287245
-0.287709
-0.287957
-0.288153
-0.288452
-0.288989
-0.289828
-0.290952
-0.292307
-0.293766
-0.295223
-0.296556
-0.297667
-0.298497
-0.298997
-0.299137
-0.298933
-0.298376
-0.297487
-0.296255
-0.294698
-0.292822
-0.290605
-0.288043
-0.285108
-0.281762
-0.277935
-0.273566
-0.268586
-0.262944
-0.256708
-0.250058
-0.243401
-0.23738
-0.232743
-0.230123
-0.229798
-0.231536
-0.234748
-0.238715
-0.242852
-0.246814
-0.250494
-0.253904
-0.257061
-0.25991
-0.262304
-0.264042
-0.264936
-0.264885
-0.263952
-0.262417
-0.260703
-0.259318
-0.258676
-0.25891
-0.259817
-0.260895
-0.261556
-0.261352
-0.260052
-0.257731
-0.254792
-0.251848
-0.249589
-0.248601
-0.249243
-0.251538
-0.255184
-0.259672
-0.264439
-0.26898
-0.272931
-0.276124
-0.2785
-0.280121
-0.281059
-0.281443
-0.281383
-0.280904
-0.280006
-0.278683
-0.276932
-0.274789
-0.272386
-0.269988
-0.267942
-0.266592
-0.266178
-0.266739
-0.267966
-0.269428
-0.270589
-0.271114
-0.270884
-0.270113
-0.269285
-0.26902
-0.269822
-0.271877
-0.274983
-0.278657
-0.282329
-0.285498
-0.287896
-0.289452
-0.290221
-0.290339
-0.289932
-0.289069
-0.287771
-0.286032
-0.283834
-0.281224
-0.278347
-0.275518
-0.27312
-0.271559
-0.271129
-0.271911
-0.273714
-0.27614
-0.278716
-0.280981
-0.282657
-0.283678
-0.284164
-0.284359
-0.284546
-0.285001
