1.38898
1.38924
1.38941
1.38955
1.39011
1.39016
1.3904
1.39057
1.3907
1.39045
1.39012
1.38992
1.38968
1.38945
1.3893
1.3894
1.38947
1.38955
1.38967
1.38972
1.38959
1.38955
1.3896
1.38943
1.38944
1.38982
1.39034
1.3907
1.39092
1.39087
1.39045
1.38985
1.38936
1.38884
1.3886
1.3884
1.38842
1.38878
1.38928
1.3896
1.38959
1.38977
1.39
1.38983
1.38967
1.38954
1.38918
1.3889
1.38895
1.38894
1.38885
1.38878
1.38881
1.38893
1.38885
1.38888
1.38882
1.38864
1.38892
1.38903
1.38903
1.38911
1.38901
1.38884
1.38864
1.38855
1.38856
1.38828
1.38811
1.38803
1.38792
1.38777
1.38781
1.38787
1.38808
1.38837
1.38846
1.3881
1.38762
1.38728
1.38689
1.38646
1.38594
1.3854
1.38534
1.38501
1.38481
1.38451
1.38428
1.38419
1.3841
1.38385
1.38371
1.38345
1.38317
1.38287
1.38237
1.38196
1.38145
1.38122
1.38091
1.38057
1.38014
1.37982
1.37964
1.37979
1.37986
1.37992
1.38004
1.38035
1.38056
1.38069
1.38115
1.3814
1.38151
1.38171
1.38205
1.38252
1.38312
1.38372
1.38458
1.38501
1.38544
1.38591
1.38625
1.38645
1.38662
1.38676
1.38695
1.38694
1.38702
1.38691
1.38687
1.38682
1.38644
1.38602
1.38558
1.38553
1.38554
1.38577
1.38625
1.38666
1.38708
1.38732
1.38743
1.38728
1.38729
1.38719
1.38749
1.38806
1.38858
1.38891
1.38918
1.38923
1.38922
1.38921
1.38919
1.38905
1.38873
1.38843
1.38829
1.38815
1.38787
1.38745
1.38717
1.38686
1.38643
1.38626
1.386
1.3859
1.38592
1.38597
1.38594
1.38608
1.38599
1.38611
1.38608
1.38573
1.38554
1.38558
1.3857
1.38569
1.38577
1.3859
1.38605
1.38618
1.38633
1.38658
1.38664
1.38677
1.38691
1.38692
1.38688
1.38715
1.38723
1.38727
1.38728
1.38723
1.3872
1.38725
1.38732
1.38737
1.38732
1.38749
1.38764
1.38765
1.38768
1.38776
1.38774
1.38776
1.38781
1.38778
1.38793
1.38796
1.38795
1.38798
1.38806
1.38776
1.3874
1.38704
1.38718
1.38743
1.38757
1.38784
1.38817
1.38855
1.38883
1.38901
1.38914
1.38956
1.38969
1.39027
1.39081
1.39147
1.39194
1.39245
1.39283
1.39316
1.39331
1.3933
1.3934
1.39374
1.39379
1.39373
1.39363
1.3936
1.39378
1.39398
1.39407
1.39425
1.39437
1.39445
1.39457
1.39478
1.39502
1.39556
1.3958
1.39623
1.39656
1.39682
1.39698
1.39711
1.39723
1.39738
1.39783
1.39822
1.39855
1.39879
1.39891
1.39892
1.39917
1.39955
1.3998
1.40007
1.40015
1.40042
1.40067
1.40083
1.40118
1.40146
1.40198
1.40238
1.40266
1.40285
1.40333
1.40395
1.40434
1.40457
1.40482
1.40481
1.40484
1.40503
1.40488
1.40472
1.40464
1.40429
1.40386
1.40354
1.40326
1.40327
1.40338
1.4034
1.40324
1.40307
1.403
1.40284
1.40284
1.40305
1.40342
1.40357
1.40387
1.40403
1.40446
1.40488
1.40524
1.4055
1.40577
1.40615
1.40629
1.40655
1.40686
1.40728
1.40775
1.40821
1.40873
1.40926
1.40999
1.41034
1.41081
1.41131
1.41163
1.41174
1.41191
1.41214
1.41255
1.41323
1.41394
1.41435
1.41475
1.41527
1.41596
1.41654
1.41724
1.4181
1.41878
1.4192
1.41947
1.41986
1.42018
1.42064
1.421
1.42135
1.42157
1.42151
1.42131
1.42121
1.42118
1.42125
1.42136
1.42154
1.42174
1.42198
1.4222
1.42239
1.42253
1.42259
1.42262
1.42266
1.4227
1.42278
1.42268
1.42264
1.42292
1.42318
1.4235
1.42378
1.42425
1.4249
1.42562
1.42635
1.42696
1.42742
1.42765
1.42798
1.4283
1.42854
1.42875
1.4289
1.42906
1.42918
1.42938
1.42965
1.43003
1.43056
1.43111
1.43159
1.43202
1.43233
1.43255
1.43282
1.43307
1.43342
1.43392
1.4343
1.43467
1.43511
1.43555
1.43597
1.43632
1.43653
1.4368
1.43694
1.43715
1.43727
1.43712
1.43711
1.43717
1.43735
1.43735
1.43749
1.43782
1.43784
1.43798
1.43812
1.43821
1.43816
1.43826
1.43863
1.43889
1.43924
1.43948
1.43966
1.4398
1.43996
1.44026
1.44037
1.44013
1.43982
1.43956
1.43923
1.43908
1.43902
1.43905
1.43926
1.43917
1.4393
1.43961
1.44015
1.44034
1.4405
1.44067
1.4409
1.4413
1.44183
1.44243
1.44292
1.44328
1.44344
1.44349
1.4435
1.44345
1.44337
1.44334
1.44345
1.44346
1.44355
1.4438
1.44412
1.44436
1.44453
1.44458
1.44434
1.44399
1.44383
1.44352
1.44344
1.44346
1.44335
1.44316
1.44269
1.44266
1.44281
1.44294
1.4432
1.44295
1.44273
1.44262
1.4425
1.44258
1.44257
1.44235
1.442
1.44171
1.44176
1.44184
1.44172
1.44175
1.4419
1.44189
1.44194
1.44181
1.44167
1.4414
1.44138
1.44121
1.44095
1.44038
1.44006
1.43981
1.43971
1.43969
1.4396
1.43963
1.43962
1.43945
1.43938
1.43939
1.43948
1.43968
1.44012
1.44064
1.44113
1.44142
1.44149
1.44158
1.44156
1.44165
1.44173
1.44164
1.44154
1.44159
1.44152
1.44156
1.44144
1.44131
1.44102
1.4407
1.4404
1.44025
1.44024
1.44018
1.44024
1.44037
1.44044
1.44069
1.44103
1.44129
1.44152
1.44184
1.44233
1.44247
1.44275
1.44309
1.4438
1.44439
1.44499
1.44555
1.44615
1.44692
1.44755
1.44766
1.44781
1.44816
1.44866
1.4494
1.44955
1.44952
1.44929
1.44883
1.4485
1.44835
1.4484
1.44868
1.44897
1.44947
1.44984
1.45017
1.4505
1.4507
1.45075
1.45115
1.45118
1.45106
1.45102
1.45071
1.45041
1.45022
1.45027
1.45024
1.45025
1.45036
1.45046
1.45048
1.45066
1.45081
1.45104
1.45143
1.45164
1.452
1.45235
1.45272
1.45304
1.45324
1.45362
1.45387
1.45423
1.4547
1.45494
1.45507
1.45534
1.45531
1.4553
1.45527
1.45526
1.45519
1.45489
1.45448
1.45408
1.45378
1.45357
1.4535
1.45349
1.45355
1.4535
1.45345
1.45336
1.45327
1.45311
1.45301
1.4527
1.45251
1.45236
1.45229
1.45233
1.45239
1.45245
1.45268
1.45279
1.45298
1.45317
1.45358
1.45395
1.45421
1.45453
1.45487
1.45524
1.45553
1.4557
1.45564
1.45548
1.4554
1.45535
1.4553
1.45533
1.4554
1.45555
1.45561
1.45553
1.45545
1.45528
1.45521
1.45509
1.45511
1.45503
1.45497
1.45511
1.45544
1.45574
1.45574
1.45576
1.45588
1.45608
1.45599
1.45582
1.45565
1.4554
1.45531
1.45524
1.45518
1.45526
1.45512
1.45521
1.45536
1.45548
1.45554
1.45552
1.45559
1.45565
1.45586
1.45593
1.45599
1.45585
1.45554
1.45534
1.45527
1.45538
1.45519
1.45496
1.45476
1.45467
1.45426
1.45402
1.45374
1.4533
1.45274
1.45233
1.45195
1.45182
1.452
1.45212
1.45236
1.45241
1.45234
1.45255
1.45268
1.45272
1.45274
1.45299
1.45298
1.45315
1.45321
1.45323
1.45349
1.45381
1.4539
1.45426
1.45454
1.45467
1.45462
1.45445
1.45428
1.45428
1.45438
1.45466
1.4549
1.45535
1.45587
1.45623
1.45644
1.45685
1.45698
1.45677
1.45649
1.45638
1.45655
1.45666
1.45669
1.45687
1.45692
1.45718
1.45764
1.45804
1.45826
1.45829
1.45855
1.45872
1.45866
1.45864
1.45859
1.45891
1.45931
1.45985
1.46038
1.46088
1.46161
1.46218
1.46293
1.46345
1.4637
1.46409
1.46452
1.46505
1.46565
1.46622
1.46693
1.46731
1.46749
1.46763
1.46799
1.46836
1.46869
1.46888
1.46907
1.46937
1.46968
1.47012
1.47065
1.47114
1.47151
1.47198
1.47241
1.47261
1.47263
1.4726
1.47268
1.47297
1.47297
1.47326
1.47352
1.47377
1.47404
1.47426
1.47459
1.4749
1.47514
1.4756
1.47621
1.47668
1.4772
1.47775
1.47819
1.47875
1.47921
1.47962
1.48009
1.48057
1.48111
1.48182
1.48256
1.4832
1.48366
1.48413
1.48502
1.48585
1.48652
1.4871
1.48771
1.4883
1.48884
1.48935
1.49008
1.49052
1.491
1.49165
1.4925
1.49327
1.49383
1.49463
1.49557
1.49638
1.49692
1.49744
1.49806
1.49863
1.49898
1.4992
1.49964
1.49995
1.50017
1.50008
1.50031
1.50041
1.5008
1.50109
1.5013
1.50154
1.50201
1.50248
1.50281
1.50319
1.50365
1.50402
1.50458
1.50518
1.50566
1.50616
1.5064
1.50652
1.50651
1.50661
1.50667
1.50683
1.50706
1.50751
1.50793
1.50847
1.50894
1.50911
1.50909
1.50914
1.50917
1.50922
1.50925
1.50918
1.50912
1.50918
1.50917
1.50933
1.50952
1.50968
1.50982
1.50988
1.51013
1.51052
1.5108
1.51092
1.51099
1.51098
1.51129
1.51169
1.51213
1.5125
1.5128
1.51317
1.51348
1.51396
1.51461
1.51533
1.5161
1.51679
1.51739
1.51777
1.51813
1.51856
1.51888
1.5194
1.51956
1.51983
1.52008
1.52013
1.52033
1.52045
1.52053
1.52068
1.52084
1.52098
1.52119
1.52154
1.52175
1.52181
1.52202
1.5223
1.52224
1.5225
1.52274
1.52312
1.52365
1.52403
1.52463
1.52513
1.52565
1.52619
1.5267
1.52706
1.52722
1.52735
1.52753
1.52742
1.52742
1.52761
1.52786
1.52801
1.52805
1.52807
1.52827
1.52847
1.52841
1.52842
1.52835
1.52802
1.52758
1.52702
1.52644
1.52597
1.52565
1.52549
1.5257
1.52594
1.52615
1.52647
1.52654
1.52657
1.52644
1.52613
1.52577
1.52559
1.52524
1.52524
1.52521
1.52544
1.5257
1.52589
1.52595
1.52592
1.52584
1.5257
1.52571
1.52585
1.52616
1.52632
1.52643
1.52657
1.52662
1.52661
1.5266
1.52679
1.52706
1.52744
1.52792
1.52818
1.52833
1.52844
1.5283
1.5279
1.52753
1.52727
1.52723
1.52732
1.52733
1.52754
1.52756
1.52756
1.52781
1.52808
1.52821
1.52824
1.5282
1.52801
1.52812
1.5284
1.52853
1.52857
1.52842
1.52824
1.52804
1.52781
1.52776
1.52793
1.52811
1.52829
1.52855
1.52865
1.52877
1.5289
1.52922
1.52937
1.52949
1.52955
1.5296
1.52956
1.52958
1.52966
1.52957
1.52934
1.52921
1.52918
1.52906
1.52895
1.5292
1.5296
1.53011
1.53034
1.53067
1.53085
1.53106
1.53105
1.531
1.53082
1.53077
1.53066
1.53048
1.53041
1.53056
1.53079
1.53096
1.53101
1.53115
1.53123
1.53121
1.53142
1.53143
1.53126
1.5311
1.53118
1.5315
1.53185
1.53208
1.53233
1.5326
1.53272
1.53281
1.53309
1.533
1.53298
1.53316
1.53328
1.53343
1.53333
1.53328
1.53317
1.53266
1.53224
1.53205
1.5318
1.5317
1.53194
1.53234
1.53284
1.53323
1.53368
1.53417
1.53458
1.53496
1.53523
1.53558
1.53571
1.53574
1.53564
1.53557
1.53563
1.53551
1.53537
1.53518
1.53496
1.53499
1.53517
1.53545
1.53592
1.53626
1.53655
1.53669
1.5368
1.53685
1.53704
1.53723
1.53739
1.53731
1.53735
1.53726
1.53708
1.53692
1.53676
1.53663
1.53636
1.5363
1.53598
1.53581
1.53572
1.53573
1.53563
1.53525
1.53471
1.53383
1.53266
1.53148
1.53072
1.5303
1.53021
1.53018
1.53051
1.53068
1.53097
1.53142
1.53187
1.53213
1.53211
1.53227
1.53239
1.53244
1.53251
1.53257
1.53253
1.53227
1.53202
1.5318
1.53135
1.53107
1.5306
1.53035
1.53043
1.53059
1.53063
1.53069
1.531
1.53126
1.53141
1.53148
1.5316
1.53167
1.53169
1.53182
1.5321
1.53225
1.53258
1.53283
1.53313
1.53336
1.53339
1.53345
1.53346
1.53339
1.53331
1.53323
1.53301
1.53299
1.53302
1.53299
1.53298
1.53287
1.53269
1.53244
1.53221
1.53221
1.53229
1.53241
1.53258
1.53261
1.53264
1.53293
1.5332
1.53337
1.53353
1.53367
1.53398
1.53429
1.53455
1.53502
1.53543
1.53571
1.53613
1.53625
1.53651
1.5368
1.53713
1.53751
1.53775
1.53799
1.5382
1.53828
1.53841
1.5384
1.53833
1.53831
1.5385
1.53856
1.53869
1.53899
1.53937
1.53947
1.53962
1.53949
1.53927
1.53908
1.53861
1.53825
1.53778
1.53764
1.53761
1.53779
1.53785
1.53819
1.53845
1.53863
1.53903
1.53928
1.53978
1.54044
1.54085
1.54123
1.54136
1.54152
1.54162
1.54173
1.54183
1.54218
1.54264
1.54303
1.54346
1.54365
1.54395
1.54434
1.54471
1.54506
1.54527
1.54534
1.5453
1.54508
1.54485
1.54468
1.54449
1.54434
1.54426
1.5443
1.54442
1.54455
1.5444
1.54421
1.54411
1.54407
1.54415
1.54419
1.54415
1.54416
1.54412
1.5444
1.5446
1.54486
1.5451
1.54534
1.54565
1.54591
1.54635
1.54677
1.54717
1.54722
1.54728
1.5471
1.54676
1.54685
1.54695
1.54699
1.54721
1.54768
1.54811
1.54836
1.54864
1.54877
1.54896
1.5491
1.54913
1.54907
1.54905
1.54917
1.54922
1.54928
1.54918
1.54908
1.5492
1.54899
1.54881
1.54874
1.5485
1.5484
1.54827
1.54816
1.54824
1.548
1.54788
1.5479
1.5479
1.54783
1.5479
1.54795
1.5479
1.54778
1.54752
1.54719
1.54693
1.54675
1.54647
1.5463
1.54615
1.54612
1.54582
1.54542
1.54511
1.5449
1.5448
1.54484
1.54483
1.54472
1.54453
1.54426
1.54394
1.54374
1.54383
1.54393
1.54402
1.54433
1.54459
1.54467
1.54472
1.5449
1.54514
1.54548
1.54581
1.54617
1.54644
1.5469
1.54737
1.54771
1.5479
1.54818
1.54844
1.54844
1.54857
1.54868
1.54877
1.54894
1.54909
1.54909
1.54922
1.54942
1.54956
1.54944
1.5494
1.54916
1.54896
1.54892
1.54855
1.54841
1.54823
1.54823
1.54829
1.54859
1.54876
1.54887
1.54907
1.54948
1.54945
1.54955
1.54978
1.55002
1.55032
1.55053
1.5507
1.55077
1.5509
1.55099
1.55129
1.55179
1.55201
1.55217
1.55232
1.55257
1.55296
1.55308
1.55294
1.55307
1.55306
1.55302
1.55303
1.55314
1.55355
1.55402
1.55445
1.5546
1.55471
1.55496
1.55521
1.5553
1.55521
1.55505
1.55476
1.55457
1.55418
1.55385
1.55363
1.55335
1.55305
1.55273
1.55232
1.55195
1.5515
1.55108
1.55096
1.55111
1.55148
1.55192
1.55227
1.55247
1.55255
1.55267
1.55289
1.5532
1.55344
1.55343
1.55335
1.55337
1.55358
1.55355
1.55356
1.55356
1.55357
1.55367
1.55372
1.55356
1.55349
1.55346
1.55337
1.55321
1.55317
1.55297
1.55281
1.55281
1.55289
1.5531
1.55332
1.55346
1.55353
1.55354
1.55375
1.55395
1.55441
1.55496
1.55524
1.55558
1.55603
1.55651
1.55657
1.55646
1.55668
1.557
1.55727
1.55751
1.55769
1.55785
1.55795
1.55809
1.55809
1.55813
1.55824
1.55837
1.55848
1.55874
1.5588
1.55895
1.559
1.55908
1.55909
1.5592
1.55913
1.55918
1.55942
1.55967
1.55992
1.55998
1.55995
1.56005
1.56024
1.56056
1.56031
1.55974
1.55925
1.55895
1.55886
1.55894
1.55903
1.55898
1.55863
1.55806
1.55774
1.55746
1.55717
1.55657
1.55622
1.55596
1.5556
1.55554
1.55549
1.55538
1.55526
1.55528
1.55542
1.55535
1.5551
1.55498
1.55481
1.5546
1.55444
1.55445
1.55443
1.55446
1.55463
1.55468
1.55469
1.55472
1.5545
1.55438
1.55439
1.55452
1.55479
1.55495
1.55474
1.55466
1.55457
1.55456
1.55466
1.55469
1.55483
1.55512
1.55543
1.55578
1.55579
1.55586
1.55606
1.55618
1.55627
1.55665
1.55721
1.55751
1.55788
1.55833
1.55857
1.55877
1.55898
1.55927
1.55945
1.55962
1.55971
1.55984
1.55995
1.56004
1.55997
1.55991
1.55991
1.55963
1.55939
1.55917
1.55936
1.55959
1.55999
1.56047
1.56085
1.56106
1.56134
1.56159
1.56165
1.56164
1.56148
1.56134
1.56099
1.56043
1.55995
1.55951
1.55921
1.55901
1.559
1.55909
1.55925
1.55947
1.55987
1.56037
1.5609
1.56132
1.56169
1.56169
1.56165
1.56181
1.56183
1.56203
1.56247
1.56271
1.56282
1.56287
1.56279
1.56263
1.56236
1.56194
1.56159
1.5613
1.56137
1.5613
1.56137
1.56149
1.56182
1.56206
1.56226
1.56261
1.5626
1.56249
1.56263
1.56284
1.56328
1.56354
1.56381
1.56409
1.56449
1.56474
1.56488
1.56497
1.56499
1.56498
1.56509
1.5652
1.56542
1.56559
1.56562
1.56535
1.56476
1.56379
1.56288
1.5622
1.56178
1.5617
1.56184
1.56208
1.56228
1.56253
1.5628
1.56308
1.56331
1.56352
1.56371
1.56386
1.56395
1.56405
1.56416
1.56441
1.56449
1.56455
1.5647
1.56482
1.56487
1.56491
1.56509
1.56523
1.5654
1.56569
1.56616
1.56666
1.56698
1.5673
1.56762
1.56796
1.56833
1.56878
1.56906
1.56934
1.5696
1.56994
1.57029
1.57067
1.57097
1.57144
1.57192
1.57244
1.57298
1.57358
1.57424
1.57481
1.57525
1.57587
1.5766
1.57702
1.57722
1.57746
1.57763
1.57764
1.5778
1.57781
1.57778
1.57782
1.57784
1.57776
1.57781
1.57792
1.578
1.578
1.57799
1.5779
1.57794
1.57824
1.57823
1.57813
1.57787
1.57772
1.57779
1.57788
1.57791
1.57784
1.57772
1.57755
1.5774
1.57721
1.57711
1.57696
1.57681
1.57664
1.57656
1.57647
1.57615
1.57592
1.57568
1.57534
1.57493
1.57442
1.57411
1.57392
1.57396
1.57392
1.57339
1.57325
1.57317
1.57333
1.57352
1.57359
1.57363
1.57348
1.57338
1.57322
1.5732
1.57301
1.57252
1.57206
1.57168
1.57118
1.57093
1.57067
1.57036
1.57023
1.57017
1.57022
1.57016
1.57026
1.57035
1.57037
1.57031
1.5703
1.57022
1.57021
1.57014
1.57011
1.57025
1.5702
1.57037
1.57083
1.57118
1.57127
1.5712
1.57119
1.57111
1.57089
1.57093
1.57093
1.57076
1.57044
1.5705
1.57061
1.57068
1.57091
1.57109
1.57119
1.57156
1.57191
1.57255
1.57288
1.57331
1.57398
1.57431
1.57431
1.57421
1.57449
1.57499
1.57535
1.57576
1.57591
1.57583
1.57581
1.57591
1.5762
1.5764
1.57651
1.57688
1.57713
1.57719
1.57731
1.57714
1.57728
1.57743
1.57755
1.57805
1.57864
1.57941
1.57987
1.58041
1.58095
1.5813
1.58191
1.58243
1.58263
1.5833
1.58386
1.58459
1.58518
1.58598
1.5868
1.58772
1.58867
1.58963
1.59066
1.59152
1.59232
1.59287
1.59309
1.59313
1.59295
1.59266
1.59247
1.59243
1.59253
1.59272
1.59283
1.59312
1.59359
1.59405
1.59444
1.59485
1.59513
1.59537
1.59549
1.59539
1.59539
1.59534
1.59535
1.59528
1.59506
1.59464
1.59433
1.59405
1.59393
1.59389
1.59397
1.59412
1.59412
1.5944
1.5947
1.5946
1.59484
1.59521
1.59528
1.59498
1.59451
1.59419
1.59382
1.59387
1.59408
1.59447
1.5947
1.59494
1.59524
1.59537
1.59559
1.59575
1.59613
1.59613
1.59666
1.59705
1.5977
1.59828
1.59856
1.59853
1.59831
1.59794
1.59771
1.59765
1.59751
1.59767
1.59761
1.59759
1.59773
1.59788
1.59805
1.59834
1.59858
1.59892
1.59936
1.59992
1.60022
1.60057
1.60117
1.60171
1.6023
1.60291
1.60359
1.60406
1.60436
1.60463
1.60476
1.60479
1.605
1.60498
1.60475
1.60471
1.60484
1.60498
1.60496
1.60516
1.60539
1.60549
1.60545
1.60512
1.60475
1.60448
1.60425
1.60389
1.60376
1.60357
1.60325
1.60289
1.60251
1.60222
1.60217
1.60232
1.60257
1.60245
1.60215
1.60223
1.60264
1.60298
1.60343
1.6037
1.60425
1.60468
1.60512
1.60579
1.60658
1.6072
1.60766
1.60824
1.60873
1.60888
1.60893
1.60907
1.60943
1.60986
1.61023
1.61043
1.61103
1.61179
1.61247
1.61323
1.61381
1.61437
1.61466
1.61506
1.61562
1.61617
1.61639
1.61653
1.61664
1.61672
1.61694
1.61686
1.61681
1.61677
1.61659
1.61642
1.61629
1.61611
1.61601
1.61586
1.61597
1.6157
1.61556
1.61558
1.61581
1.61624
1.61653
1.61678
1.61696
1.6169
1.61685
1.6168
1.61688
1.61681
1.61638
1.61589
1.61568
1.61545
1.6155
1.61566
1.61604
1.61646
1.61687
1.61734
1.61771
1.61814
1.61829
1.61819
1.6182
1.61854
1.61878
1.61857
1.61823
1.61776
1.61727
1.61684
1.61647
1.61609
1.61586
1.61564
1.6154
1.61517
1.6151
1.61505
1.615
1.61506
1.61498
1.61465
1.61457
1.61444
1.61452
1.61458
1.61464
1.61469
1.61464
1.61455
1.61445
1.61409
1.61332
1.61269
1.61238
1.61253
1.61294
1.61333
1.61364
1.614
1.61451
1.61469
1.61465
1.61442
1.61427
1.61427
1.61398
1.61375
1.61352
1.61317
1.61278
1.61234
1.61213
1.61226
1.61237
1.6124
1.61254
1.61261
1.61284
1.61289
1.6128
1.61257
1.61235
1.61216
1.61199
1.61196
1.61186
1.61168
1.61162
1.61146
1.61137
1.61118
1.61111
1.611
1.61082
1.61088
1.61101
1.61078
1.61054
1.61039
1.60999
1.60956
1.60923
1.60872
1.60819
1.60787
1.60781
1.60771
1.60771
1.60771
1.60769
1.60748
1.6074
1.6074
1.60738
1.6075
1.60778
1.60803
1.60851
1.60878
1.60923
1.6095
1.60987
1.61026
1.61058
1.61116
1.61199
1.61292
1.61383
1.61421
1.61451
1.61477
1.61549
1.61598
1.61663
1.61701
1.61757
1.61785
1.61811
1.61836
1.61864
1.61867
1.61866
1.61853
1.61843
1.61826
1.61818
1.61813
1.61793
1.61784
1.61775
1.61748
1.61746
1.61752
1.61751
1.61746
1.61749
1.61755
1.61777
1.61817
1.61878
1.61937
1.61994
1.62009
1.62016
1.62021
1.62029
1.6204
1.62033
1.62027
1.62019
1.62016
1.6204
1.62084
1.62129
1.62185
1.62237
1.62294
1.62373
1.62453
1.6252
1.62565
1.62601
1.62651
1.62669
1.62669
1.62677
1.62669
1.62659
1.62668
1.62681
1.62694
1.62709
1.62725
1.62719
1.62698
1.62684
1.62671
1.62682
1.62682
1.62686
1.62722
1.62758
1.62775
1.62792
1.62793
1.62772
1.62785
1.62795
1.62794
1.62791
1.62777
1.62756
1.6273
1.62697
1.62687
1.62703
1.62731
1.62722
1.6271
1.62697
1.62678
1.62666
1.62669
1.62643
1.62625
1.62613
1.62595
1.62579
1.62561
1.62535
1.62511
1.62498
1.62478
1.62465
1.62462
1.62462
1.62467
1.6246
1.62455
1.62459
1.6247
1.62469
1.62482
1.62508
1.62531
1.62547
1.62565
1.62579
1.62589
1.62579
1.6256
1.62537
1.62519
1.62507
1.62542
1.62599
1.62636
1.62682
1.62718
1.62771
1.62837
1.62883
1.62934
1.62965
1.62969
1.6299
1.63004
1.62996
1.63005
1.63001
1.62974
1.62952
1.62938
1.62944
1.62966
1.62981
1.62972
1.62964
1.62946
1.62922
1.62897
1.62861
1.62801
1.62718
1.62657
1.62609
1.62554
1.62518
1.62507
1.62496
1.62456
1.62434
1.62409
1.62405
1.62397
1.62382
1.62354
1.62319
1.62297
1.62248
1.62196
1.62132
1.62066
1.62024
1.62006
1.61976
1.61945
1.61901
1.61852
1.61824
1.61812
1.61785
1.61722
1.6166
1.61609
1.61555
1.61527
1.61503
1.61483
1.61475
1.61469
1.61452
1.61438
1.61441
1.6146
1.6149
1.61523
1.6157
1.61609
1.61641
1.61692
1.6172
1.61739
1.6175
1.61774
1.61776
1.61789
1.61817
1.61846
1.61871
1.61892
1.61933
1.61971
1.61979
1.61994
1.62009
1.62028
1.62061
1.62084
1.62125
1.62156
1.62159
1.62155
1.62144
1.62144
1.62169
1.62154
1.62152
1.62156
1.62156
1.62167
1.62194
1.62197
1.62229
1.62256
1.62298
1.62349
1.62399
1.62459
1.62485
1.62499
1.62519
1.6255
1.62554
1.62571
1.62602
1.62633
1.62647
1.62673
1.62728
1.62799
1.62878
1.62955
1.63026
1.63073
1.6314
1.63223
1.63298
1.6337
1.63432
1.63494
1.63575
1.63625
1.63653
1.63701
1.63747
1.63799
1.63839
1.639
1.63964
1.64015
1.64064
1.64114
1.64154
1.64184
1.64209
1.64233
1.64244
1.64274
1.64287
1.64305
1.64328
1.64354
1.64386
1.64428
1.64463
1.64504
1.64527
1.64517
1.64506
1.64494
1.64499
1.64515
1.64523
1.64533
1.64543
1.64538
1.64524
1.64527
1.64519
1.64503
1.64491
1.64475
1.64453
1.64441
1.64421
1.64373
1.64341
1.64301
1.64269
1.64242
1.64228
1.64223
1.64203
1.642
1.6419
1.64163
1.64141
1.64134
1.64152
1.64156
1.6415
1.64129
1.64126
1.6413
1.6413
1.64127
1.64132
1.64145
1.64157
1.64165
1.64173
1.64183
1.64219
1.64274
1.643
1.64332
1.64382
1.64442
1.64525
1.64587
1.64648
1.64695
1.64735
1.64769
1.64799
1.64831
1.64897
1.64959
1.65001
1.65032
1.65047
1.6504
1.65044
1.65044
1.65029
1.65013
1.64994
1.64982
1.64974
1.64995
1.64996
1.64981
1.64968
1.64964
1.64956
1.64922
1.64894
1.64845
1.64808
1.64794
1.64802
1.64794
1.64784
1.64797
1.64815
1.64826
1.64832
1.64842
1.64857
1.64842
1.64849
1.64845
1.64822
1.64797
1.6475
1.64717
1.64687
1.64664
1.64646
1.64647
1.64666
1.64689
1.64693
1.64665
1.64629
1.64604
1.64599
1.64595
1.64579
1.64563
1.64547
1.64525
1.64506
1.64484
1.64472
1.64447
1.64421
1.64411
1.64412
1.64432
1.64386
1.64347
1.64322
1.643
1.64279
1.64217
1.64177
1.64131
1.64073
1.64022
1.63961
1.6393
1.6389
1.63858
1.63825
1.63787
1.63748
1.63733
1.63732
1.63741
1.63739
1.63743
1.63751
1.63746
1.63729
1.63721
1.63745
1.63793
1.63818
1.63823
1.63815
1.63826
1.63856
1.63902
1.6394
1.63989
1.64031
1.64071
1.64115
1.64168
1.64227
1.64298
1.64363
1.64419
1.64463
1.64508
1.64555
1.64615
1.64678
1.6475
1.64817
1.64884
1.64965
1.65047
1.651
1.65167
1.65224
1.65268
1.65323
1.65338
1.65327
1.65304
1.65266
1.65241
1.65231
1.65236
1.65258
1.65296
1.65348
1.65406
1.65464
1.65501
1.65549
1.65587
1.65628
1.65652
1.65669
1.65696
1.6572
1.6574
1.65745
1.6572
1.6569
1.65666
1.65638
1.6562
1.65615
1.65613
1.65605
1.65608
1.6561
1.65642
1.65691
1.65741
1.65752
1.6578
1.65795
1.6582
1.65826
1.65813
1.65792
1.65768
1.65723
1.65665
1.65622
1.6558
1.65553
1.6557
1.65565
1.65566
1.65585
1.65605
1.65598
1.65545
1.65504
1.65427
1.65376
1.65351
1.65365
1.65395
1.6542
1.65403
1.65374
1.65339
1.6528
1.65237
1.65194
1.65109
1.65055
1.65008
1.6496
1.6492
1.64899
1.64922
1.64931
1.64927
1.64879
1.6484
1.64798
1.64787
1.64788
1.64787
1.648
1.64794
1.64811
1.64815
1.64831
1.64874
1.64925
1.64979
1.65023
1.65085
1.6512
1.65173
1.65237
1.65266
1.65299
1.65347
1.65393
1.65437
1.65488
1.6552
1.65529
1.65525
1.65529
1.65541
1.6558
1.65619
1.65638
1.65653
1.65684
1.65715
1.65722
1.65723
1.65742
1.65774
1.65796
1.65824
1.65864
1.65893
1.65901
1.65887
1.65885
1.65873
1.65879
1.65898
1.65891
1.65901
1.65899
1.65889
1.65891
1.65902
1.659
1.65897
1.65893
1.65884
1.65891
1.65869
1.65861
1.65876
1.65879
1.65861
1.65834
1.65815
1.65799
1.658
1.65798
1.65788
1.65814
1.65823
1.65831
1.65833
1.65833
1.65833
1.65839
1.65836
1.65832
1.65851
1.65861
1.65863
1.65857
1.65853
1.65836
1.65804
1.65781
1.65782
1.65779
1.65769
1.65776
1.65813
1.65816
1.6581
1.65804
1.65803
1.65798
1.65778
1.65736
1.65689
1.65642
1.656
1.65575
1.65553
1.65531
1.65512
1.65494
1.65485
1.6546
1.65458
1.6544
1.65414
1.65357
1.6526
1.65148
1.65054
1.65012
1.64997
1.65008
1.65012
1.65029
1.6505
1.65072
1.65063
1.65057
1.65038
1.65018
1.64985
1.64981
1.64973
1.64936
1.64906
1.64882
1.64869
1.64857
1.64848
1.64834
1.64816
1.64786
1.64765
1.64771
1.64778
1.64766
1.64761
1.64767
1.64776
1.64755
1.64761
1.64762
1.64752
1.64737
1.64727
1.64736
1.64737
1.64701
1.64671
1.64652
1.64629
1.64609
1.64615
1.64622
1.64631
1.64625
1.64628
1.64621
1.64584
1.64554
1.64552
1.64561
1.64586
1.64601
1.64614
1.64637
1.64676
1.6471
1.64732
1.64755
1.64779
1.64782
1.64783
1.64808
1.64851
1.64892
1.64928
1.64957
1.64971
1.64982
1.64971
1.64982
1.64992
1.65003
1.64994
1.6499
1.65007
1.65009
1.6503
1.65015
1.65016
1.65022
1.65039
1.65077
1.65133
1.65175
1.65163
1.6509
1.64996
1.64883
1.64781
1.64749
1.64767
1.648
1.64837
1.64874
1.64921
1.64965
1.6499
1.65028
1.65052
1.65055
1.65053
1.65048
1.65073
1.65076
1.65054
1.65027
1.65024
1.65024
1.65012
1.65013
1.65041
1.65107
1.65149
1.65206
1.65204
1.65226
1.6523
1.65259
1.65297
1.65338
1.65377
1.65429
1.65455
1.65456
1.65455
1.6545
1.65424
1.65387
1.65352
1.65327
1.65302
1.65303
1.65321
1.65365
1.65424
1.65475
1.6551
1.65563
1.65611
1.65641
1.65679
1.65692
1.6572
1.65719
1.65736
1.65747
1.65785
1.65831
1.65893
1.6596
1.66017
1.66069
1.66142
1.66206
1.66243
1.66281
1.66315
1.66354
1.66385
1.66403
1.66442
1.66473
1.66505
1.66534
1.66547
1.66555
1.66552
1.66538
1.66566
1.66615
1.66639
1.66661
1.66689
1.66708
1.66741
1.66762
1.66755
1.66746
1.66727
1.6671
1.66689
1.6668
1.66674
1.66694
1.66687
1.66695
1.66731
1.66807
1.6688
1.66949
1.67008
1.6705
1.6707
1.67117
1.67146
1.67211
1.67279
1.67328
1.6739
1.67427
1.67477
1.67527
1.67531
1.67531
1.67555
1.67598
1.67664
1.67738
1.67793
1.67852
1.67921
1.67984
1.68054
1.68116
1.68133
1.68102
1.68038
1.68015
1.68014
1.6806
1.68098
1.68144
1.68187
1.68238
1.6828
1.68289
1.68285
1.68276
1.68273
1.68274
1.68267
1.68262
1.68245
1.6821
1.68183
1.68109
1.68062
1.6801
1.6794
1.67887
1.67869
1.67861
1.6788
1.6789
1.67909
1.6797
1.68024
1.68055
1.68106
1.68172
1.68197
1.68207
1.68228
1.68249
1.68236
1.68188
1.68167
1.68147
1.68124
1.68114
1.68109
1.68084
1.68076
1.68064
1.68054
1.68043
1.68059
1.68085
1.68098
1.6808
1.68046
1.68002
1.67966
1.67963
1.67969
1.67955
1.67931
1.67901
1.67889
1.67862
1.67874
1.67885
1.67861
1.67817
1.67783
1.67745
1.67719
1.67694
1.67638
1.67599
1.67558
1.6754
1.67542
1.67541
1.67543
1.6759
1.6762
1.6764
1.67638
1.6761
1.67543
1.67502
1.67474
1.67483
1.67515
1.67542
1.67585
1.67642
1.67667
1.67719
1.67746
1.67789
1.67811
1.67849
1.67905
1.67993
1.68063
1.6812
1.68156
1.68196
1.68256
1.68309
1.68364
1.68407
1.68429
1.68456
1.68471
1.68491
1.68524
1.68577
1.68581
1.68533
1.6843
1.68304
1.68214
1.68184
1.68198
1.68226
1.68246
1.68274
1.68303
1.68335
1.68344
1.68334
1.68321
1.68304
1.68301
1.68279
1.68291
1.68342
1.68412
1.68474
1.68539
1.68605
1.68627
1.68655
1.68688
1.68704
1.68758
1.6883
1.68916
1.68982
1.69021
1.69044
1.69068
1.69076
1.69074
1.69082
1.69088
1.69137
1.69192
1.69257
1.69293
1.69313
1.69326
1.6931
1.69286
1.69323
1.69363
1.69405
1.69432
1.69484
1.69539
1.69597
1.69662
1.69741
1.69808
1.69865
1.69903
1.69918
1.69948
1.69972
1.70021
1.70043
1.70051
1.70067
1.7006
1.70031
1.70018
1.70003
1.70009
1.70003
1.69985
1.69945
1.69911
1.69879
1.69872
1.69865
1.69867
1.69859
1.6986
1.69865
1.69882
1.69889
1.69888
1.69885
1.69865
1.69815
1.69765
1.6972
1.69723
1.6975
1.69733
1.6973
1.69753
1.69753
1.69735
1.69717
1.69694
1.69659
1.69654
1.69613
1.69578
1.69541
1.69527
1.69504
1.69474
1.69444
1.69424
1.69396
1.69332
1.69301
1.69275
1.69231
1.69192
1.69147
1.69129
1.69108
1.69076
1.69047
1.69035
1.69025
1.69026
1.69033
1.69049
1.69113
1.6918
1.69221
1.69251
1.69263
1.69278
1.69292
1.69278
1.69245
1.69203
1.6916
1.69112
1.69059
1.69025
1.68987
1.68946
1.68917
1.68897
1.68878
1.68866
1.68867
1.68865
1.68857
1.68848
1.68854
1.68833
1.68797
1.68765
1.68735
1.68692
1.6864
1.68598
1.68551
1.68501
1.68466
1.6846
1.68458
1.68463
1.68475
1.68506
1.68538
1.68538
1.68554
1.68546
1.68548
1.68555
1.68524
1.68498
1.68468
1.68428
1.68412
1.68414
1.68428
1.6845
1.68459
1.68446
1.68424
1.68426
1.68402
1.68398
1.68409
1.684
1.68419
1.68428
1.68442
1.68462
1.68473
1.68446
1.68435
1.68422
1.68388
1.68318
1.68267
1.68225
1.68188
1.68149
1.68113
1.68094
1.68062
1.68012
1.67951
1.67902
1.67891
1.67878
1.67867
1.67854
1.67837
1.67787
1.67734
1.67695
1.67685
1.67697
1.67692
1.6766
1.67634
1.67638
1.67628
1.67629
1.67621
1.67615
1.67601
1.67589
1.67617
1.6763
1.67617
1.67638
1.67634
1.67642
1.67614
1.67564
1.67541
1.67532
1.67508
1.67482
1.6746
1.6746
1.67462
1.67481
1.6751
1.67541
1.67601
1.67637
1.6767
1.67697
1.67735
1.67765
1.67781
1.6778
1.67798
1.67833
1.67879
1.67891
1.67935
1.67963
1.67985
1.67997
1.68024
1.68044
1.6806
1.68079
1.681
1.68109
1.68145
1.68218
1.68279
1.68335
1.68386
1.68439
1.6849
1.68549
1.68585
1.68624
1.68652
1.68676
1.68671
1.68675
1.68675
1.68671
1.68664
1.68665
1.6867
1.68648
1.6864
1.68646
1.68654
1.68648
1.68664
1.68656
1.68645
1.68642
1.68656
1.6868
1.6873
1.68754
1.68762
1.68795
1.68811
1.68787
1.68779
1.68764
1.68759
1.68746
1.68731
1.68715
1.68702
1.68675
1.68645
1.68603
1.68551
1.68534
1.68551
1.68563
1.68568
1.68576
1.6856
1.68541
1.68526
1.6857
1.68617
1.68651
1.68702
1.68732
1.68756
1.68774
1.68785
1.68802
1.68813
1.68841
1.68885
1.68903
1.68935
1.6897
1.68969
1.68968
1.6899
1.69018
1.69045
1.69107
1.69196
1.69265
1.69327
1.69358
1.69369
1.69356
1.69307
1.69237
1.69185
1.69144
1.69141
1.69133
1.69127
1.6914
1.69129
1.69083
1.69049
1.69
1.68968
1.68955
1.68947
1.68974
1.69016
1.69044
1.69058
1.69062
1.69045
1.6907
1.69101
1.69102
1.69102
1.69103
1.69118
1.69116
1.69114
1.69078
1.69022
1.68993
1.68951
1.68926
1.68899
1.68871
1.68857
1.68859
1.68858
1.68883
1.68937
1.68934
1.68928
1.6893
1.68924
1.6891
1.68869
1.68825
1.68821
1.68795
1.6879
1.68798
1.68797
1.68775
1.68771
1.68779
1.68779
1.68798
1.68805
1.68809
1.68806
1.68831
1.68882
1.68925
1.68964
1.69007
1.69035
1.69055
1.69081
1.69094
1.69093
1.69068
1.69054
1.69061
1.69075
1.69091
1.69126
1.69173
1.69228
1.69274
1.69306
1.69328
1.69343
1.6937
1.69409
1.69466
1.6952
1.69574
1.69633
1.69668
1.69722
1.69778
1.69833
1.69876
1.69907
1.69933
1.6995
1.69934
1.69922
1.69928
1.69925
1.69914
1.69903
1.69884
1.69863
1.69835
1.69814
1.69813
1.6981
1.69808
1.69809
1.69809
1.69804
1.69792
1.69785
1.69778
1.69772
1.69783
1.69786
1.69772
1.69751
1.69729
1.69709
1.697
1.69692
1.69679
1.69654
1.69617
1.69573
1.69513
1.69453
1.69385
1.69314
1.6926
1.69262
1.69261
1.69264
1.69279
1.6928
1.6928
1.69285
1.69246
1.69212
1.69152
1.6907
1.68979
1.68911
1.68846
1.68803
1.68783
1.68742
1.68695
1.68652
1.68606
1.68573
1.68578
1.6859
1.68614
1.68646
1.68658
1.68627
1.68608
1.68597
1.6858
1.68562
1.68543
1.68487
1.6844
1.68366
1.6828
1.68193
1.68148
1.68124
1.68108
1.68091
1.68037
1.67989
1.67958
1.67919
1.67911
1.6791
1.679
1.67888
1.6785
1.67819
1.67818
1.67814
1.67804
1.6779
1.67767
1.67751
1.67727
1.67675
1.67614
1.67574
1.67546
1.67516
1.67479
1.6747
1.67432
1.6741
1.67388
1.67368
1.67363
1.67339
1.67318
1.67298
1.6726
1.67188
1.67138
1.67103
1.67077
1.67084
1.67104
1.67116
1.67116
1.67114
1.67086
1.67077
1.67059
1.67045
1.67028
1.67008
1.66988
1.66978
1.66994
1.67037
1.67048
1.67092
1.67111
1.67147
1.67164
1.67174
1.67195
1.67224
1.67242
1.67232
1.67217
1.67212
1.67209
1.67216
1.67225
1.67227
1.67221
1.672
1.67156
1.67121
1.67076
1.67041
1.67018
1.66983
1.66957
1.66936
1.66884
1.66842
1.66774
1.66718
1.66658
1.66607
1.66547
1.66503
1.66456
1.66426
1.66409
1.66385
1.66368
1.66348
1.66343
1.66319
1.66315
1.66335
1.66347
1.66349
1.66352
1.66339
1.66337
1.66341
1.6635
1.66348
1.6633
1.66336
1.66343
1.66355
1.66364
1.66377
1.66385
1.66351
1.66322
1.66292
1.66286
1.66254
1.66218
1.66166
1.66124
1.66082
1.66034
1.65992
1.6594
1.65891
1.6584
1.65792
1.65756
1.65741
1.65723
1.65734
1.65759
1.65782
1.65787
1.6578
1.65763
1.65746
1.65757
1.65785
1.65821
1.65846
1.65881
1.65884
1.65923
1.65953
1.6601
1.66068
1.66126
1.6616
1.66195
1.66214
1.66242
1.66247
1.6627
1.66266
1.66281
1.66297
1.66311
1.66327
1.66361
1.66395
1.66421
1.66442
1.66452
1.66458
1.66471
1.66478
1.66489
1.66493
1.66476
1.66479
1.6648
1.66488
1.66494
1.66512
1.66538
1.6656
1.66595
1.66625
1.6667
1.66685
1.66696
1.66713
1.6674
1.66792
1.66845
1.66896
1.66935
1.6697
1.67017
1.67057
1.67085
1.67126
1.67162
1.67198
1.67215
1.67229
1.67258
1.67292
1.6733
1.67362
1.67382
1.67389
1.67388
1.67413
1.6744
1.67448
1.67468
1.67497
1.67543
1.67594
1.67659
1.67696
1.67714
1.67742
1.67763
1.67776
1.67794
1.67825
1.6785
1.67861
1.67855
1.67821
1.67787
1.67746
1.6771
1.67682
1.6766
1.67652
1.67657
1.67636
1.67601
1.67567
1.67547
1.67538
1.67522
1.67514
1.67501
1.67468
1.67464
1.67462
1.67457
1.67452
1.6744
1.67455
1.67476
1.67511
1.67527
1.67537
1.6756
1.67576
1.6757
1.67548
1.67545
1.67561
1.67581
1.67601
1.67615
1.6764
1.67669
1.67689
1.6768
1.67698
1.67739
1.67772
1.67802
1.67803
1.67794
1.67797
1.67809
1.67809
1.67814
1.67817
1.67825
1.67837
1.67861
1.67908
1.67954
1.67992
1.68017
1.68048
1.68065
1.68101
1.6814
1.68168
1.68206
1.68241
1.68271
1.68279
1.68277
1.68293
1.68315
1.6836
1.68413
1.68451
1.68483
1.68488
1.68491
1.68484
1.68475
1.68483
1.68508
1.685
1.68511
1.68529
1.68543
1.68565
1.68591
1.68661
1.68706
1.68741
1.68774
1.68799
1.68826
1.6884
1.68856
1.68865
1.68878
1.689
1.68944
1.6898
1.69017
1.69049
1.69073
1.69105
1.6916
1.69201
1.69263
1.69332
1.69421
1.6948
1.69516
1.69535
1.69526
1.69519
1.69528
1.69518
1.69524
1.69519
1.69542
1.69557
1.69592
1.69614
1.69634
1.69656
1.69672
1.697
1.69699
1.69707
1.69698
1.69679
1.69642
1.69569
1.69475
1.69397
1.6934
1.69321
1.69341
1.69356
1.69379
1.69405
1.69445
1.69487
1.69534
1.69584
1.69642
1.69676
1.69705
1.69722
1.6976
1.69776
1.69812
1.69843
1.69904
1.69967
1.70016
1.70059
1.70095
1.70164
1.70199
1.70246
1.70286
1.70315
1.70345
1.7037
1.70406
1.70457
1.70499
1.70503
1.70442
1.70344
1.70227
1.70144
1.70097
1.70101
1.70132
1.70163
1.70182
1.70198
1.70195
1.70196
1.70224
1.7024
1.70255
1.70268
1.70257
1.70244
1.70254
1.70259
1.70247
1.70247
1.70244
1.70242
1.70245
1.70219
1.70183
1.70167
1.70164
1.70174
1.70189
1.70219
1.70255
1.70264
1.70257
1.70269
1.70285
1.70276
1.7027
1.70276
1.70298
1.70338
1.70381
1.70433
1.70515
1.7061
1.70708
1.70794
1.70869
1.7094
1.71003
1.71044
1.71087
1.7113
1.71169
1.71207
1.71236
1.71256
1.71276
1.71308
1.7135
1.71414
1.71498
1.71569
1.71623
1.71682
1.71739
1.71777
1.71812
1.71791
1.71752
1.71744
1.71765
1.71806
1.7184
1.71891
1.71929
1.71944
1.71952
1.71945
1.7196
1.71975
1.71995
1.72017
1.72034
1.72087
1.72141
1.72185
1.72257
1.72319
1.72372
1.72409
1.7242
1.72421
1.72421
1.72356
1.72295
1.72223
1.72194
1.7219
1.72168
1.72138
1.72142
1.72157
1.72188
1.72192
1.72191
1.72179
1.72124
1.72043
1.71977
1.71945
1.71921
1.71876
1.71856
1.71842
1.71826
1.71826
1.7184
1.71851
1.71849
1.71837
1.71812
1.7181
1.7182
1.71831
1.71869
1.71886
1.71866
1.71866
1.7185
1.71843
1.7185
1.71878
1.7192
1.71951
1.71979
1.71995
1.72021
1.72045
1.72072
1.72099
1.72115
1.72129
1.72158
1.72164
1.7219
1.72238
1.72287
1.72331
1.72385
1.72463
1.72524
1.72557
1.72588
1.72604
1.72603
1.72576
1.72551
1.7255
1.72554
1.72576
1.72598
1.72607
1.72631
1.72647
1.72653
1.72641
1.72622
1.72625
1.72598
1.72579
1.72549
1.72512
1.72471
1.72422
1.72376
1.72342
1.72296
1.72233
1.72179
1.72132
1.72119
1.72092
1.72051
1.72066
1.72104
1.72141
1.72168
1.72187
1.72177
1.72162
1.72151
1.7217
1.72168
1.72204
1.72258
1.72311
1.72345
1.72363
1.72368
1.72369
1.72365
1.72367
1.7237
1.72364
1.72379
1.72369
1.72351
1.7235
1.72344
1.72342
1.72347
1.72328
1.72297
1.7225
1.72203
1.72151
1.72105
1.721
1.72125
1.72167
1.72208
1.72206
1.72203
1.72207
1.72201
1.72176
1.72166
1.72148
1.7213
1.72142
1.72171
1.72197
1.72194
1.72164
1.72131
1.72097
1.72066
1.72043
1.7203
1.72013
1.72008
1.72008
1.71978
1.7198
1.71973
1.71946
1.71924
1.71915
1.71902
1.71868
1.71868
1.71869
1.71877
1.71893
1.71902
1.71924
1.71927
1.7192
1.71913
1.71903
1.71871
1.71845
1.71823
1.71801
1.71775
1.71765
1.7175
1.71736
1.71729
1.71735
1.7173
1.71739
1.7173
1.71762
1.71794
1.7182
1.71832
1.71823
1.71808
1.7179
1.71772
1.71784
1.71821
1.7185
1.71879
1.71919
1.71959
1.71999
1.72035
1.72055
1.72077
1.72093
1.72122
1.72133
1.72137
1.72136
1.72133
1.7214
1.72148
1.72163
1.72176
1.72183
1.72161
1.72116
1.72113
1.72151
1.72194
1.72256
1.72287
1.72291
1.72252
1.72148
1.72027
1.72008
1.72068
1.72153
1.72262
1.7234
1.72414
1.72491
1.72518
1.72498
1.72434
1.72313
1.72225
1.72213
1.7221
1.72222
1.72255
1.7227
1.72284
1.7232
1.72315
1.72296
1.72295
1.72251
1.72218
1.72179
1.72139
1.72106
1.7205
1.71988
1.71948
1.71914
1.7192
1.71917
1.71904
1.71901
1.71886
1.71889
1.71849
1.71778
1.71731
1.71702
1.71696
1.71674
1.71631
1.7163
1.71641
1.7164
1.71641
1.7165
1.71666
1.71674
1.71681
1.71655
1.71644
1.7162
1.71578
1.7153
1.71505
1.71456
1.71378
1.71288
1.71208
1.71155
1.71122
1.71107
1.71082
1.71084
1.71087
1.71099
1.71102
1.71101
1.7109
1.71108
1.71112
1.71084
1.71058
1.7101
1.70983
1.7096
1.70941
1.70938
1.7094
1.70935
1.70926
1.70919
1.70919
1.70928
1.70938
1.70933
1.70942
1.70936
1.70932
1.70937
1.70906
1.70866
1.70824
1.70781
1.70736
1.70693
1.70651
1.70618
1.70583
1.70552
1.70514
1.70459
1.70392
1.70326
1.70264
1.70214
1.7018
1.70166
1.70144
1.70136
1.70135
1.7012
1.70121
1.70151
1.70182
1.70211
1.7023
1.70239
1.70222
1.70202
1.70165
1.70135
1.70098
1.70061
1.70029
1.70001
1.69978
1.69951
1.69919
1.69903
1.69882
1.69877
1.69885
1.69913
1.69939
1.69952
1.69955
1.7001
1.7007
1.70134
1.70196
1.70257
1.70276
1.70285
1.70286
1.70307
1.70349
1.70388
1.70425
1.7045
1.70467
1.70515
1.70557
1.70584
1.70636
1.7068
1.70729
1.70785
1.70842
1.70895
1.70941
1.71005
1.71066
1.71139
1.71194
1.7127
1.71358
1.7145
1.71529
1.71601
1.71662
1.71718
1.71784
1.71852
1.71914
1.71939
1.71942
1.71967
1.71988
1.72018
1.72051
1.72071
1.72085
1.72091
1.72089
1.72109
1.72118
1.72111
1.7212
1.7215
1.72169
1.72192
1.72215
1.72243
1.72265
1.72296
1.72341
1.72376
1.72392
1.72424
1.72423
1.72432
1.72408
1.72383
1.72389
1.72387
1.724
1.72369
1.7235
1.72368
1.72412
1.72482
1.72536
1.72594
1.72678
1.72731
1.72788
1.72835
1.72881
1.7292
1.72942
1.72986
1.73029
1.73083
1.73135
1.73143
1.73138
1.73167
1.732
1.7324
1.73275
1.73312
1.73328
1.73332
1.7332
1.73296
1.73267
1.7324
1.73225
1.73204
1.73193
1.73189
1.73199
1.73242
1.73274
1.73284
1.73302
1.73327
1.73357
1.73382
1.73407
1.73416
1.73438
1.73448
1.7345
1.73441
1.73413
1.73372
1.73331
1.73309
1.73304
1.73306
1.73327
1.73352
1.73387
1.73427
1.7345
1.73492
1.73556
1.73612
1.73648
1.73682
1.73717
1.73746
1.73761
1.73781
1.73784
1.73806
1.73806
1.73822
1.73837
1.73872
1.73921
1.73976
1.74041
1.74096
1.74146
1.74205
1.7423
1.74283
1.74361
1.7444
1.74529
1.74634
1.74742
1.7482
1.74872
1.74935
1.74963
1.74975
1.74991
1.75011
1.75028
1.75049
1.7503
1.74992
1.74973
1.74962
1.74945
1.74922
1.74896
1.74853
1.74809
1.74763
1.74708
1.74659
1.74602
1.74569
1.7456
1.74572
1.74569
1.74558
1.74543
1.74528
1.7453
1.74536
1.74525
1.74525
1.74507
1.74507
1.74506
1.7449
1.74482
1.74496
1.74523
1.74556
1.74581
1.74595
1.74595
1.74578
1.74557
1.74533
1.745
1.74462
1.74407
1.74372
1.74344
1.74331
1.74324
1.74309
1.74291
1.74283
1.74261
1.74239
1.74211
1.74187
1.74173
1.74187
1.74191
1.74211
1.74229
1.74232
1.74227
1.7423
1.74243
1.74245
1.74255
1.74285
1.7431
1.74339
1.74379
1.74414
1.74472
1.74515
1.74527
1.74538
1.74542
1.74568
1.74576
1.74607
1.7462
1.74635
1.74629
1.7463
1.74636
1.74656
1.74661
1.74668
1.74686
1.74711
1.74731
1.74732
1.74725
1.74705
1.74679
1.74649
1.74605
1.74551
1.74524
1.74537
1.74528
1.74527
1.74502
1.74496
1.74507
1.74529
1.74577
1.74603
1.74631
1.74678
1.7472
1.74736
1.74763
1.74818
1.74842
1.74854
1.74825
1.74814
1.74797
1.74775
1.74752
1.74727
1.747
1.7466
1.7463
1.74616
1.74589
1.74531
1.74474
1.7441
1.74378
1.74362
1.74385
1.74413
1.7446
1.74487
1.7455
1.74595
1.74638
1.74681
1.74666
1.74621
1.74567
1.74505
1.74474
1.74461
1.74452
1.74456
1.74435
1.74409
1.74377
1.74329
1.74254
1.74172
1.74106
1.74066
1.74055
1.74061
1.74082
1.74077
1.74057
1.7404
1.74027
1.74015
1.74029
1.74038
1.74032
1.74036
1.7408
1.74117
1.74177
1.74252
1.74324
1.74376
1.74421
1.74481
1.74527
1.74557
1.74578
1.74593
1.74604
1.74602
1.74618
1.74654
1.74667
1.74645
1.74628
1.74629
1.74626
1.74616
1.74616
1.74631
1.74653
1.74672
1.74683
1.74696
1.74737
1.74769
1.74762
1.74729
1.74668
1.74624
1.74609
1.74615
1.74646
1.74676
1.74702
1.74731
1.74734
1.74759
1.7479
1.74846
1.74908
1.74971
1.75009
1.75018
1.7506
1.75083
1.75048
1.75014
1.74981
1.74943
1.74913
1.74872
1.74834
1.74815
1.74788
1.74775
1.7478
1.74782
1.74803
1.74844
1.74868
1.74907
1.74967
1.75019
1.7508
1.75111
1.75125
1.75118
1.75096
1.75076
1.75068
1.75088
1.75132
1.75168
1.75196
1.75229
1.75265
1.75311
1.75327
1.75354
1.75385
1.75425
1.75464
1.75499
1.75553
1.75586
1.7565
1.75705
1.75719
1.75725
1.75735
1.75754
1.75771
1.75808
1.75857
1.75914
1.75956
1.76016
1.76047
1.76073
1.76081
1.76085
1.76106
1.76121
1.76146
1.76162
1.76174
1.76182
1.76182
1.76183
1.76185
1.7618
1.76162
1.76136
1.76103
1.76064
1.76032
1.7601
1.75989
1.75974
1.75964
1.75954
1.75953
1.75961
1.75972
1.75982
1.75992
1.76001
1.75999
1.75985
1.75967
1.75955
1.75942
1.75934
1.75941
1.75956
1.75958
1.75954
1.7594
1.75908
1.75887
1.75862
1.75835
1.75807
1.75793
1.75787
1.75789
1.75776
1.75754
1.75753
1.75759
1.75778
1.7581
1.75826
1.75855
1.75897
1.75943
1.7597
1.75943
1.75893
1.75858
1.75831
1.75828
1.75818
1.75821
1.7585
1.75862
1.75897
1.75924
1.75942
1.75927
1.7589
1.75873
1.75843
1.75834
1.7584
1.75862
1.75888
1.75931
1.75973
1.76014
1.76042
1.76063
1.76074
1.76093
1.76114
1.76155
1.76192
1.76233
1.76271
1.76297
1.76327
1.76353
1.76387
1.7641
1.76435
1.76473
1.76503
1.76536
1.76575
1.7658
1.76594
1.76625
1.7665
1.7669
1.7672
1.76727
1.76702
1.76676
1.76664
1.76662
1.76665
1.76667
1.76665
1.7667
1.76673
1.76653
1.76643
1.76636
1.76628
1.76614
1.76617
1.76636
1.76635
1.76631
1.76605
1.76596
1.76592
1.766
1.7661
1.76619
1.76583
1.76535
1.76501
1.76472
1.76437
1.76395
1.76344
1.76267
1.76178
1.76122
1.76081
1.76059
1.76061
1.76069
1.76092
1.76147
1.76184
1.76202
1.76229
1.76207
1.7619
1.76172
1.76144
1.7612
1.76095
1.7606
1.76065
1.76098
1.76111
1.76117
1.76128
1.76135
1.76137
1.7616
1.76195
1.76181
1.76163
1.76129
1.7606
1.75976
1.759
1.75858
1.75809
1.7579
1.75789
1.75782
1.75776
1.75793
1.75793
1.75778
1.75776
1.75789
1.75815
1.75804
1.75784
1.75753
1.7574
1.75734
1.75737
1.75731
1.75725
1.75702
1.75686
1.7566
1.75651
1.75651
1.75659
1.75638
1.75611
1.75601
1.75605
1.75628
1.75658
1.75666
1.7567
1.75669
1.75695
1.75742
1.75805
1.75863
1.7592
1.75968
1.76004
1.76026
1.76044
1.7606
1.76053
1.76047
1.7605
1.76041
1.76032
1.76042
1.7606
1.76081
1.76079
1.76069
1.76055
1.76036
1.76038
1.76043
1.76034
1.7601
1.75989
1.75958
1.75934
1.75902
1.75879
1.75854
1.75825
1.75791
1.75751
1.7571
1.75663
1.75617
1.75577
1.75591
1.75606
1.75623
1.75639
1.75662
1.75686
1.75694
1.75708
1.75713
1.7572
1.75707
1.75686
1.75659
1.75626
1.75584
1.75551
1.75548
1.75562
1.75584
1.75618
1.75649
1.75673
1.75684
1.757
1.75726
1.75727
1.75736
1.75728
1.75731
1.75717
1.75692
1.75667
1.75636
1.75618
1.75605
1.75597
1.756
1.75614
1.75624
1.7563
1.7563
1.75645
1.75635
1.75629
1.75657
1.75693
1.75735
1.75778
1.75808
1.75839
1.75881
1.75912
1.7596
1.76022
1.76092
1.76173
1.76249
1.76296
1.76334
1.76372
1.76413
1.76449
1.76491
1.76513
1.76534
1.76572
1.76617
1.7665
1.76665
1.76674
1.76693
1.76709
1.76733
1.76757
1.76772
1.76772
1.76764
1.76747
1.76732
1.7671
1.76698
1.76689
1.76688
1.76672
1.76658
1.76634
1.76635
1.76639
1.76617
1.76579
1.7656
1.76549
1.76567
1.76567
1.76571
1.76558
1.76521
1.76495
1.76466
1.76418
1.76373
1.76321
1.76251
1.76193
1.76138
1.76083
1.76034
1.75986
1.75946
1.75926
1.75945
1.75949
1.75957
1.75989
1.76018
1.76042
1.76073
1.76122
1.7612
1.76118
1.76137
1.76138
1.76117
1.76109
1.76108
1.76116
1.76108
1.76083
1.76055
1.76012
1.75959
1.75916
1.75875
1.75846
1.75833
1.75841
1.75868
1.75921
1.75966
1.75993
1.75988
1.75982
1.75984
1.75989
1.75953
1.7592
1.75894
1.75879
1.75874
1.75852
1.75784
1.75725
1.7567
1.7562
1.75606
1.75566
1.75551
1.75559
1.75544
1.75505
1.75482
1.7546
1.7545
1.75425
1.75406
1.75376
1.75361
1.75381
1.75391
1.75374
1.75371
1.75387
1.75415
1.75445
1.75474
1.75509
1.7557
1.75612
1.75656
1.757
1.75733
1.75756
1.75779
1.75779
1.75768
1.75724
1.75653
1.75592
1.75534
1.75497
1.75477
1.75472
1.7549
1.75505
1.75503
1.75488
1.75464
1.75442
1.75423
1.75409
1.75392
1.75356
1.75334
1.75356
1.75387
1.75404
1.75424
1.75445
1.75457
1.75464
1.75468
1.75467
1.75493
1.75505
1.75518
1.7552
1.75533
1.75556
1.75611
1.75655
1.75696
1.75739
1.75763
1.75789
1.75815
1.75849
1.75874
1.75878
1.75879
1.75899
1.75895
1.75887
1.75891
1.75906
1.75898
1.7588
1.75865
1.75846
1.75847
1.75852
1.75876
1.75892
1.75918
1.75942
1.75973
1.7598
1.76004
1.76029
1.76066
1.76101
1.76142
1.76205
1.76246
1.76287
1.76335
1.76369
1.76403
1.76433
1.76456
1.76468
1.76496
1.76532
1.76588
1.76643
1.76694
1.76742
1.7678
1.76809
1.7683
1.76868
1.76892
1.76891
1.76881
1.7689
1.76894
1.76878
1.76858
1.7682
1.76776
1.76731
1.76676
1.76647
1.76603
1.7656
1.76518
1.76462
1.76384
1.76296
1.76202
1.76165
1.76162
1.7618
1.76204
1.76248
1.76286
1.76324
1.76353
1.76386
1.76434
1.76479
1.76514
1.76548
1.76581
1.76624
1.76673
1.76708
1.7674
1.76787
1.76831
1.76856
1.76891
1.76907
1.76935
1.76969
1.76981
1.76984
1.7698
1.76998
1.77034
1.7705
1.77071
1.77124
1.7717
1.77216
1.77265
1.7731
1.77354
1.77394
1.77434
1.77462
1.77489
1.77528
1.77552
1.77568
1.77562
1.77546
1.77539
1.77531
1.77504
1.77464
1.77427
1.7739
1.77366
1.77348
1.77328
1.7729
1.77254
1.77219
1.77179
1.77157
1.77139
1.77108
1.77077
1.77047
1.77024
1.76997
1.76969
1.76938
1.76916
1.76901
1.76903
1.76916
1.76911
1.76898
1.76895
1.76895
1.76906
1.76894
1.76858
1.76832
1.76786
1.76764
1.7673
1.76684
1.76641
1.76628
1.76613
1.76618
1.76625
1.76627
1.76606
1.76578
1.7656
1.76548
1.76543
1.76542
1.76546
1.76562
1.76583
1.766
1.76597
1.76626
1.76647
1.76662
1.76672
1.76688
1.76699
1.76709
1.76716
1.76722
1.76742
1.7678
1.76795
1.76777
1.76771
1.76771
1.76775
1.76789
1.76795
1.76791
1.76784
1.76757
1.76752
1.76771
1.76776
1.76794
1.76806
1.76819
1.76814
1.76803
1.76808
1.76786
1.76777
1.7675
1.76766
1.76799
1.76838
1.76885
1.76915
1.76956
1.77013
1.77072
1.77132
1.77194
1.77223
1.77254
1.77291
1.77313
1.77331
1.77375
1.77409
1.77427
1.77428
1.77435
1.77456
1.77483
1.7749
1.77525
1.77584
1.77631
1.77677
1.77721
1.77743
1.77756
1.77775
1.77786
1.77768
1.77763
1.77774
1.77772
1.77786
1.77804
1.77789
1.77783
1.7778
1.77775
1.77748
1.77734
1.77732
1.77726
1.77733
1.77676
1.77592
1.77473
1.77377
1.77321
1.77305
1.77314
1.77305
1.77278
1.7726
1.77263
1.77255
1.77263
1.77269
1.77234
1.77215
1.7717
1.77125
1.77103
1.77078
1.77055
1.77017
1.76984
1.7698
1.76987
1.77008
1.77042
1.7709
1.77132
1.7716
1.77178
1.77219
1.77262
1.77295
1.77306
1.77308
1.7731
1.77319
1.77325
1.77331
1.77349
1.77358
1.7736
1.77381
1.77413
1.77432
1.77487
1.77557
1.77604
1.77631
1.77655
1.77706
1.77744
1.77765
1.77795
1.77844
1.77903
1.77955
1.77999
1.78059
1.78126
1.78169
1.78209
1.78224
1.78207
1.78213
1.78215
1.78218
1.78226
1.78222
1.78219
1.78204
1.78177
1.78183
1.7817
1.78174
1.78198
1.78228
1.78256
1.78282
1.78284
1.78285
1.7827
1.78224
1.78178
1.78121
1.78079
1.78035
1.78013
1.7802
1.78024
1.78029
1.78012
1.77995
1.77997
1.78018
1.78022
1.78017
1.78034
1.78068
1.78112
1.78192
1.78241
1.78253
1.78275
1.78313
1.78364
1.78417
1.78461
1.78524
1.78578
1.78639
1.78686
1.78749
1.78798
1.78853
1.7891
1.78977
1.79041
1.79103
1.79151
1.79209
1.79252
1.79275
1.79266
1.79278
1.79292
1.79311
1.79349
1.79423
1.79516
1.79611
1.79691
1.79757
1.79815
1.79871
1.79919
1.79971
1.80052
1.80102
1.80134
1.80167
1.8018
1.80143
1.8011
1.80074
1.80075
1.80095
1.80075
1.8003
1.80001
1.79969
1.79927
1.79927
1.79951
1.79982
1.80058
1.80123
1.80185
1.80225
1.80238
1.80229
1.80218
1.802
1.80206
1.80188
1.80163
1.80126
1.80076
1.80048
1.80054
1.80106
1.80156
1.80217
1.80268
1.80336
1.8037
1.80428
1.80441
1.80506
1.80591
1.8062
1.8063
1.80623
1.80604
1.80568
1.80545
1.80538
1.80547
1.80538
1.80513
1.80482
1.80499
1.80526
1.80558
1.80571
1.80552
1.80542
1.80548
1.80559
1.80556
1.80559
1.80582
1.80645
1.80711
1.80778
1.80839
1.80934
1.81021
1.81084
1.81124
1.81156
1.81201
1.81237
1.81277
1.81329
1.8133
1.81334
1.81333
1.81339
1.8136
1.81389
1.81415
1.81466
1.81516
1.81574
1.81631
1.8165
1.81686
1.81752
1.81828
1.8188
1.81921
1.81977
1.82025
1.8203
1.82025
1.81984
1.81937
1.81871
1.81797
1.81728
1.81665
1.81631
1.81598
1.81587
1.81597
1.81611
1.81617
1.81649
1.81702
1.81733
1.81755
1.81741
1.8174
1.81745
1.81747
1.81748
1.81736
1.81692
1.81672
1.81651
1.81662
1.81664
1.81662
1.81668
1.81661
1.81671
1.81673
1.81686
1.81682
1.81659
1.81639
1.81614
1.81582
1.81592
1.8159
1.81577
1.81566
1.81559
1.81523
1.8152
1.81479
1.81463
1.81441
1.81436
1.81438
1.81446
1.81447
1.81433
1.81395
1.81331
1.81276
1.81201
1.81151
1.81134
1.81161
1.81193
1.81215
1.81245
1.81294
1.81345
1.81344
1.8131
1.81305
1.81325
1.81333
1.81353
1.81391
1.81427
1.81473
1.81518
1.81571
1.81622
1.81683
1.81724
1.81769
1.81823
1.81895
1.81965
1.82025
1.82083
1.82116
1.82138
1.82131
1.82122
1.82141
1.82137
1.8214
1.82157
1.8218
1.82208
1.82229
1.82239
1.82256
1.82276
1.82297
1.82329
1.82349
1.82385
1.82436
1.82466
1.8253
1.82567
1.82606
1.82627
1.82647
1.82651
1.8266
1.8266
1.82676
1.82681
1.82673
1.82639
1.82619
1.82607
1.82575
1.8255
1.8252
1.82492
1.82435
1.82402
1.82354
1.82313
1.82277
1.82254
1.82191
1.82123
1.82108
1.82067
1.82033
1.82016
1.82009
1.81989
1.81972
1.81982
1.81992
1.81982
1.81986
1.81971
1.81949
1.81922
1.81888
1.81879
1.81887
1.81892
1.81891
1.81859
1.81831
1.81798
1.81789
1.81741
1.81719
1.81706
1.8169
1.81675
1.81646
1.81606
1.81557
1.81509
1.81423
1.81316
1.81199
1.81095
1.81048
1.81035
1.81032
1.81023
1.81024
1.81043
1.81073
1.81103
1.81103
1.8111
1.81149
1.81174
1.81195
1.81255
1.8131
1.8135
1.8139
1.81433
1.81451
1.81472
1.81503
1.8155
1.81597
1.8167
1.81766
1.81879
1.81961
1.82052
1.82137
1.82203
1.82258
1.82276
1.82288
1.82323
1.82377
1.82437
1.82501
1.82598
1.82668
1.82727
1.82767
1.82813
1.82812
1.8279
1.82769
1.82748
1.82727
1.82736
1.82769
1.82817
1.82859
1.82884
1.82905
1.82925
1.82954
1.83001
1.83016
1.83032
1.83069
1.83137
1.83186
1.83265
1.83347
1.83404
1.83415
1.83396
1.83374
1.83362
1.83347
1.83326
1.83291
1.83255
1.83213
1.83167
1.83158
1.8316
1.83181
1.8321
1.83239
1.83257
1.83292
1.83333
1.83369
1.83411
1.83463
1.83526
1.83586
1.83639
1.83667
1.83701
1.83737
1.83775
1.83854
1.83922
1.83968
1.84025
1.84082
1.84108
1.84158
1.84213
1.84267
1.84301
1.84356
1.84409
1.84437
1.84489
1.8454
1.84609
1.84652
1.84692
1.84733
1.84794
1.84859
1.84932
1.84982
1.85006
1.85036
1.8508
1.85129
1.8518
1.85231
1.85255
1.85312
1.85397
1.85477
1.85543
1.85639
1.85731
1.85771
1.85769
1.85743
1.85689
1.85587
1.85494
1.85446
1.85426
1.85436
1.85464
1.85501
1.85576
1.85661
1.85729
1.85793
1.85871
1.85946
1.86018
1.86066
1.86124
1.86175
1.86212
1.86252
1.86306
1.86355
1.86409
1.86439
1.86444
1.86465
1.86478
1.86489
1.86531
1.86576
1.86584
1.86535
1.86497
1.86458
1.86435
1.86397
1.86383
1.86399
1.8643
1.86464
1.865
1.86534
1.86551
1.86573
1.86603
1.86617
1.86614
1.86632
1.86651
1.86651
1.86658
1.86653
1.86629
1.86598
1.86576
1.86555
1.86539
1.86505
1.86454
1.8637
1.86298
1.86193
1.86094
1.85995
1.85899
1.85782
1.85659
1.85577
1.85514
1.85477
1.85415
1.85336
1.85246
1.85196
1.85129
1.85061
1.84995
1.84924
1.84874
1.84841
1.84831
1.84829
1.84828
1.84824
1.84818
1.84805
1.84798
1.84801
1.84786
1.8477
1.84751
1.84762
1.84757
1.84753
1.84741
1.84745
1.84753
1.84764
1.84769
1.84753
1.84732
1.84722
1.84706
1.84684
1.84653
1.84639
1.84665
1.84683
1.84706
1.84735
1.84763
1.84793
1.84815
1.84844
1.84883
1.84893
1.84909
1.84931
1.84964
1.8499
1.85021
1.85046
1.85077
1.85096
1.85116
1.85135
1.85171
1.85199
1.85242
1.85265
1.85245
1.85239
1.85221
1.85201
1.85191
1.85205
1.8524
1.85262
1.85314
1.85329
1.85334
1.85325
1.8532
1.8534
1.85356
1.85371
1.85409
1.85423
1.85407
1.85386
1.85364
1.85378
1.85407
1.8544
1.85465
1.85485
1.85524
1.85579
1.85618
1.85653
1.85668
1.85694
1.85714
1.85757
1.85803
1.85823
1.85867
1.85895
1.85917
1.85925
1.85941
1.85938
1.85899
1.85872
1.85863
1.8585
1.85848
1.85835
1.85814
1.85824
1.85839
1.85834
1.85845
1.85842
1.85845
1.85857
1.85879
1.8591
1.85949
1.85986
1.86016
1.86048
1.86065
1.86069
1.86061
1.86054
1.86034
1.86006
1.85963
1.85954
1.85952
1.85945
1.85917
1.85892
1.85849
1.85814
1.85797
1.85782
1.85769
1.85778
1.85779
1.85754
1.85701
1.85653
1.85613
1.8556
1.85504
1.85453
1.85436
1.85445
1.85467
1.85498
1.85563
1.85616
1.8566
1.85712
1.85742
1.85763
1.85778
1.85796
1.858
1.85784
1.85768
1.85765
1.85786
1.85801
1.85824
1.8586
1.85891
1.8592
1.85952
1.85961
1.85974
1.85982
1.85981
1.86001
1.86014
1.86013
1.86003
1.8599
1.85982
1.85995
1.86006
1.8601
1.85991
1.85955
1.85935
1.85936
1.85958
1.85979
1.86001
1.86025
1.86048
1.86043
1.86063
1.86056
1.86066
1.8608
1.86079
1.86054
1.85995
1.85924
1.85893
1.85868
1.85831
1.85815
1.85816
1.85815
1.85814
1.85813
1.85812
1.85829
1.85865
1.85914
1.85961
1.86005
1.8606
1.86103
1.86165
1.86213
1.8626
1.86311
1.86352
1.86404
1.86466
1.86492
1.8654
1.86586
1.86642
1.86697
1.86773
1.86793
1.86823
1.86835
1.86826
1.86807
1.86793
1.8677
1.86773
1.86815
1.86856
1.86867
1.86894
1.86908
1.86889
1.86862
1.86845
1.86811
1.86757
1.86732
1.86753
1.8677
1.86794
1.86818
1.86865
1.86917
1.86931
1.86933
1.86928
1.86916
1.86921
1.8693
1.86917
1.86902
1.86902
1.86912
1.86954
1.86994
1.87024
1.87061
1.87078
1.87062
1.87029
1.87004
1.8696
1.86914
1.86877
1.86812
1.86761
1.86747
1.86712
1.86704
1.86697
1.86704
1.86678
1.86661
1.86633
1.86617
1.86594
1.86577
1.86582
1.86617
1.86664
1.8671
1.86735
1.86776
1.86802
1.86851
1.86902
1.86953
1.87016
1.87094
1.87179
1.87221
1.87247
1.87264
1.87276
1.873
1.87295
1.87303
1.87311
1.87333
1.8737
1.87426
1.87479
1.87533
1.87578
1.87622
1.87652
1.87692
1.87735
1.87759
1.87766
1.87785
1.87808
1.87832
1.87837
1.8784
1.87839
1.8784
1.87855
1.87878
1.87894
1.87918
1.87915
1.87911
1.87906
1.87907
1.87923
1.87937
1.87949
1.87936
1.87917
1.87904
1.87885
1.87867
1.87859
1.87865
1.87853
1.87855
1.8788
1.87921
1.8797
1.88022
1.88062
1.88084
1.88091
1.881
1.88131
1.88139
1.88152
1.88152
1.88152
1.88169
1.88182
1.882
1.88205
1.8821
1.88248
1.88274
1.88308
1.88352
1.88399
1.88443
1.88504
1.8856
1.88611
1.88663
1.88695
1.88734
1.88769
1.88797
1.88814
1.88818
1.88824
1.8883
1.88849
1.88862
1.88872
1.88878
1.88894
1.88882
1.88873
1.88884
1.889
1.88902
1.88904
1.88902
1.88907
1.88907
1.88911
1.88907
1.88909
1.88908
1.88909
1.88921
1.88943
1.88937
1.88934
1.88926
1.88907
1.88875
1.88838
1.88785
1.88754
1.88737
1.88723
1.887
1.88682
1.88653
1.88624
1.88601
1.88582
1.88576
1.88581
1.88616
1.88648
1.88707
1.88764
1.88813
1.88839
1.8887
1.88875
1.88874
1.88882
1.88873
1.88875
1.88874
1.88867
1.8887
1.88859
1.88834
1.88796
1.8878
1.88756
1.88701
1.88632
1.88568
1.88509
1.88473
1.88459
1.88478
1.88506
1.88505
1.88476
1.88463
1.88468
1.88475
1.8849
1.88502
1.88521
1.88556
1.88577
1.88572
1.88547
1.88492
1.88457
1.88421
1.88399
1.88362
1.88342
1.88342
1.88356
1.88369
1.88391
1.88414
1.88443
1.8847
1.88477
1.8846
1.88409
1.88332
1.88269
1.88228
1.88205
1.882
1.88207
1.88244
1.88265
1.88294
1.8832
1.88361
1.88411
1.88443
1.88454
1.88522
1.88614
1.88668
1.88698
1.88715
1.88725
1.88723
1.88733
1.8874
1.88697
1.88655
1.88641
1.88641
1.88647
1.88654
1.88688
1.88702
1.88702
1.88702
1.88686
1.88671
1.88655
1.88622
1.88584
1.88573
1.88595
1.88616
1.88636
1.88645
1.88663
1.8869
1.88701
1.8869
1.88675
1.88646
1.88595
1.88532
1.88447
1.88372
1.88325
1.88276
1.88211
1.88151
1.88096
1.88063
1.88015
1.87965
1.87947
1.87935
1.87924
1.87894
1.87855
1.87819
1.8778
1.87748
1.87702
1.87661
1.87662
1.87653
1.87639
1.87636
1.87641
1.87643
1.87664
1.87707
1.87751
1.87782
1.87809
1.87822
1.87853
1.87898
1.87953
1.87977
1.87963
1.87941
1.87926
1.87897
1.87888
1.87875
1.87877
1.87853
1.87872
1.87905
1.87924
1.87932
1.87921
1.87897
1.87881
1.87858
1.87824
1.87783
1.87751
1.87723
1.87688
1.8763
1.8755
1.87456
1.87407
1.87392
1.87392
1.87394
1.87416
1.87421
1.87404
1.87381
1.87358
1.87329
1.87296
1.87265
1.87244
1.87217
1.87177
1.87116
1.87048
1.86976
1.86926
1.86862
1.86812
1.86771
1.86748
1.86724
1.86709
1.86693
1.86685
1.86694
1.86694
1.86672
1.86617
1.86577
1.86559
1.8655
1.86517
1.86492
1.86458
1.86432
1.86434
1.86422
1.86391
1.8637
1.86342
1.86244
1.86132
1.86007
1.85902
1.85832
1.85773
1.85753
1.85739
1.85737
1.85715
1.85699
1.85699
1.85687
1.85657
1.85648
1.85644
1.85659
1.85677
1.85722
1.85762
1.85805
1.85831
1.85847
1.85847
1.85826
1.85811
1.858
1.85761
1.85754
1.85735
1.85743
1.85754
1.85783
1.85838
1.85885
1.85924
1.85981
1.86049
1.86105
1.86145
1.86202
1.86228
1.86256
1.86282
1.86311
1.86335
1.86358
1.864
1.86437
1.86473
1.86511
1.86542
1.86569
1.86601
1.86625
1.86647
1.86666
1.86682
1.86697
1.86743
1.86774
1.86817
1.86857
1.86875
1.86918
1.86973
1.86997
1.87012
1.87022
1.87031
1.87023
1.87037
1.87048
1.8706
1.87063
1.87034
1.86999
1.86951
1.86889
1.86845
1.86807
1.86804
1.86837
1.86874
1.86906
1.86939
1.86972
1.87
1.87058
1.87099
1.87159
1.87195
1.87225
1.87259
1.87308
1.87334
1.87361
1.87376
1.87419
1.87417
1.87406
1.87413
1.87422
1.87404
1.874
1.87382
1.87369
1.87383
1.87404
1.87429
1.87479
1.87533
1.87581
1.87644
1.87707
1.87781
1.87866
1.87912
1.87915
1.87891
1.87864
1.87842
1.87826
1.87825
1.87845
1.87896
1.87951
1.87965
1.87982
1.88005
1.88029
1.88047
1.88056
1.88063
1.88075
1.88073
1.8808
1.88089
1.88098
1.88121
1.88149
1.88154
1.88146
1.88131
1.88117
1.8811
1.88108
1.88107
1.88104
1.88097
1.8808
1.88063
1.88037
1.88005
1.87972
1.87955
1.87963
1.87964
1.87972
1.8801
1.88055
1.88093
1.88116
1.88147
1.88185
1.88207
1.8821
1.88236
1.88276
1.88311
1.88338
1.88322
1.88316
1.88325
1.88331
1.88336
1.88331
1.88329
1.88336
1.88329
1.88331
1.88323
1.88303
1.88298
1.88324
1.88339
1.88351
1.88371
1.88386
1.88413
1.88431
1.88451
1.88462
1.88479
1.88509
1.88518
1.88566
1.88605
1.88634
1.88683
1.88759
1.88817
1.88845
1.88871
1.88899
1.88939
1.88983
1.89026
1.89049
1.8906
1.89057
1.89034
1.89025
1.8905
1.89094
1.89115
1.8916
1.89189
1.89264
1.8932
1.89368
1.89414
1.89448
1.8946
1.89487
1.89514
1.89571
1.89609
1.89664
1.89728
1.89783
1.89787
1.89737
1.89631
1.89496
1.89374
1.89303
1.89259
1.89248
1.89226
1.89215
1.89198
1.89203
1.89196
1.89193
1.89199
1.89198
1.89185
1.89119
1.89049
1.88979
1.88915
1.88846
1.88819
1.88837
1.88877
1.8892
1.88959
1.88947
1.88917
1.88895
1.88848
1.88788
1.88783
1.88785
1.8879
1.88795
1.88795
1.88806
1.88793
1.88776
1.88773
1.88804
1.8886
1.88898
1.88919
1.8892
1.88877
1.88815
1.88768
1.88711
1.88664
1.88634
1.88614
1.88591
1.8856
1.88538
1.88546
1.88594
1.88651
1.88699
1.8873
1.88751
1.88769
1.88766
1.88754
1.88741
1.88745
1.88766
1.88794
1.88831
1.88865
1.88887
1.8891
1.88923
1.88927
1.88952
1.88981
1.89016
1.89044
1.8908
1.89104
1.89135
1.89163
1.89185
1.89201
1.89218
1.89219
1.89225
1.89219
1.89237
1.89244
1.89234
1.89227
1.8922
1.89217
1.89215
1.8921
1.89221
1.89231
1.89233
1.89224
1.89196
1.89185
1.89193
1.89213
1.89242
1.89272
1.89304
1.8933
1.89349
1.89362
1.89363
1.89353
1.89335
1.89319
1.89302
1.89292
1.89283
1.89316
1.89377
1.89429
1.89442
1.89463
1.89495
1.89513
1.89518
1.89502
1.89492
1.89485
1.8949
1.89484
1.89474
1.89462
1.89452
1.89447
1.89439
1.89443
1.89439
1.89422
1.8941
1.89409
1.89419
1.89417
1.89442
1.89468
1.89466
1.89479
1.8948
1.89485
1.89493
1.89475
1.89463
1.89446
1.89417
1.894
1.89433
1.89509
1.89579
1.89612
1.8961
1.89608
1.89595
1.8961
1.8961
1.89616
1.89638
1.89633
1.89616
1.89627
1.89628
1.8963
1.89649
1.89612
1.89572
1.89543
1.89497
1.8943
1.89388
1.89343
1.89328
1.89285
1.89241
1.89195
1.89172
1.89137
1.8912
1.89109
1.89111
1.89113
1.89115
1.8911
1.89107
1.89093
1.89056
1.89032
1.89011
1.88974
1.88972
1.89004
1.89011
1.89036
1.89056
1.89079
1.89109
1.89128
1.89145
1.89166
1.89181
1.89194
1.89202
1.89192
1.89212
1.89258
1.8928
1.89314
1.89354
1.89415
1.89471
1.89549
1.8962
1.89672
1.89682
1.897
1.89738
1.89754
1.89778
1.89839
1.89898
1.89972
1.90047
1.90112
1.90162
1.90195
1.9022
1.90252
1.9028
1.90308
1.90321
1.9034
1.90354
1.90365
1.90373
1.90362
1.90362
1.90377
1.90376
1.90381
1.90392
1.90425
1.90423
1.90437
1.90421
1.90397
1.9037
1.9033
1.90286
1.90225
1.90195
1.90132
1.9011
1.90104
1.90119
1.90132
1.90131
1.9015
1.90188
1.9023
1.90269
1.90309
1.90344
1.90359
1.90369
1.9036
1.90356
1.9036
1.90365
1.90374
1.90386
1.90388
1.90419
1.90433
1.90474
1.90493
1.90511
1.90524
1.90488
1.90486
1.90482
1.90468
1.9043
1.9041
1.90399
1.90401
1.90417
1.90422
1.90433
1.90428
1.90441
1.90444
1.90454
1.90466
1.90476
1.9048
1.90522
1.90539
1.9051
1.90467
1.90385
1.90289
1.9021
1.9013
1.90101
1.90083
1.90075
1.90041
1.90004
1.89996
1.90018
1.90039
1.90051
1.90057
1.9007
1.90074
1.90084
1.90077
1.90076
1.90079
1.90088
1.90097
1.90071
1.90042
1.9001
1.89985
1.89933
1.89914
1.89895
1.89906
1.89938
1.89957
1.89957
1.89985
1.90048
1.90097
1.90149
1.90194
1.90228
1.9029
1.90329
1.90328
1.90344
1.90328
1.90289
1.90245
1.90224
1.90237
1.90225
1.9022
1.90245
1.90278
1.90267
1.90278
1.9024
1.9019
1.90177
1.90191
1.90182
1.90123
1.90053
1.89998
1.89951
1.89914
1.89891
1.89858
1.89864
1.89888
1.89903
1.89903
1.8991
1.89948
1.89989
1.90026
1.90051
1.90061
1.90072
1.90066
1.90066
1.90083
1.90105
1.90153
1.90184
1.90205
1.90244
1.90257
1.90258
1.90256
1.90248
1.90237
1.90234
1.90243
1.90242
1.90243
1.90237
1.90237
1.90202
1.90164
1.90151
1.90149
1.90109
1.90079
1.90069
1.90067
1.90065
1.90072
1.90063
1.90008
1.89929
1.89832
1.89762
1.89759
1.89776
1.8978
1.8976
1.89722
1.89698
1.89707
1.89778
1.89819
1.89852
1.89889
1.89916
1.8996
1.90026
1.90106
1.90181
1.9026
1.90328
1.90383
1.90393
1.90366
1.90335
1.90302
1.90285
1.90295
1.90346
1.90419
1.90503
1.90578
1.90624
1.90676
1.90694
1.90695
1.90716
1.90781
1.9086
1.90952
1.91036
1.91118
1.91165
1.91191
1.91182
1.91167
1.91162
1.91159
1.9116
1.91169
1.91173
1.9122
1.91242
1.91284
1.91313
1.91355
1.91385
1.91402
1.91426
1.91482
1.91527
1.91561
1.91631
1.91702
1.91763
1.91764
1.9174
1.91723
1.91708
1.91686
1.9162
1.9154
1.9146
1.914
1.91414
1.91471
1.91523
1.91596
1.91679
1.91743
1.91803
1.91864
1.91886
1.91911
1.91905
1.91871
1.91865
1.91872
1.91892
1.91926
1.91976
1.91999
1.91988
1.91998
1.92026
1.92044
1.92039
1.92038
1.92019
1.92011
1.92026
1.92009
1.92021
1.92067
1.92129
1.92152
1.92147
1.92105
1.92056
1.92009
1.9198
1.91936
1.91932
1.91941
1.9197
1.92001
1.92032
1.92078
1.92098
1.92101
1.92124
1.92153
1.92161
1.92177
1.92202
1.92206
1.92216
1.92243
1.92247
1.92286
1.92323
1.92366
1.9243
1.92476
1.92512
1.9253
1.92551
1.92551
1.92553
1.92577
1.92618
1.92669
1.92731
1.92775
1.92819
1.92871
1.92896
1.92893
1.92878
1.92888
1.92924
1.92965
1.93003
1.93016
1.93046
1.93078
1.93095
1.93138
1.93183
1.93266
1.93337
1.93377
1.93447
1.93524
1.93613
1.93679
1.93748
1.93789
1.93829
1.93864
1.93891
1.93918
1.93926
1.93947
1.9397
1.93991
1.9402
1.94046
1.94079
1.94103
1.94095
1.94094
1.94101
1.94124
1.94135
1.94169
1.94228
1.94307
1.94393
1.94434
1.94457
1.94507
1.94537
1.94572
1.94599
1.94672
1.94765
1.94847
1.9494
1.95018
1.9506
1.9508
1.95094
1.95075
1.95063
1.95033
1.95
1.94948
1.9488
1.9486
1.94872
1.94886
1.94927
1.94952
1.94986
1.95012
1.95041
1.95033
1.95018
1.94999
1.94967
1.94919
1.94881
1.94853
1.94844
1.94839
1.94826
1.94808
1.94788
1.94761
1.94714
1.94697
1.94716
1.94726
1.94747
1.94779
1.94823
1.94867
1.94892
1.94937
1.94974
1.94996
1.95005
1.95014
1.95018
1.95042
1.95082
1.95137
1.95181
1.95212
1.95223
1.95213
1.95207
1.95225
1.95286
1.95364
1.95446
1.95529
1.95623
1.95696
1.95777
1.9584
1.95898
1.9596
1.96021
1.96052
1.96042
1.9603
1.96024
1.96028
1.96064
1.96084
1.96115
1.96152
1.96188
1.96175
1.96194
1.96209
1.96225
1.96249
1.9627
1.96257
1.96272
1.963
1.963
1.9632
1.96297
1.96278
1.96263
1.96274
1.963
1.96319
1.96346
1.96401
1.96452
1.9651
1.96567
1.96613
1.96653
1.96688
1.96732
1.96803
1.96846
1.96865
1.96849
1.96826
1.96809
1.96787
1.96737
1.96689
1.96631
1.96558
1.96498
1.9643
1.96369
1.96312
1.96247
1.96197
1.96185
1.9616
1.96128
1.96085
1.9605
1.96035
1.95997
1.95975
1.95947
1.95927
1.9591
1.95894
1.95863
1.95813
1.9574
1.95641
1.95581
1.95542
1.95508
1.95486
1.95487
1.95513
1.9552
1.95503
1.95453
1.95401
1.95374
1.95355
1.95374
1.95411
1.95476
1.95567
1.95656
1.95744
1.9582
1.95875
1.95907
1.95963
1.96027
1.9607
1.96132
1.96201
1.96289
1.96382
1.96466
1.96539
1.96604
1.96707
1.96765
1.96789
1.96761
1.96682
1.96606
1.96562
1.96561
1.96587
1.9664
1.96682
1.96687
1.96686
1.96694
1.96731
1.96763
1.96799
1.96815
1.96822
1.96814
1.96783
1.96753
1.96721
1.96687
1.96653
1.96598
1.96593
1.96569
1.9656
1.96574
1.96587
1.9658
1.96572
1.96541
1.96511
1.96448
1.9637
1.96331
1.96278
1.96228
1.96182
1.96172
1.96194
1.96242
1.96267
1.96258
1.96264
1.96275
1.96291
1.96306
1.96313
1.96313
1.96314
1.96326
1.96343
1.96369
1.96368
1.96388
1.96428
1.96457
1.96478
1.96494
1.96524
1.96549
1.96572
1.96573
1.96582
1.9659
1.96601
1.9662
1.96636
1.96658
1.96661
1.96674
1.96713
1.96738
1.96766
1.96793
1.96827
1.96889
1.96984
1.97076
1.97138
1.97186
1.97233
1.97285
1.97305
1.97313
1.97312
1.97321
1.97333
1.97326
1.97345
1.9738
1.97412
1.97461
1.97509
1.97585
1.97647
1.97706
1.97739
1.97749
1.9777
1.97754
1.97731
1.9773
1.97747
1.9776
1.97763
1.97775
1.97777
1.97833
1.97887
1.97965
1.98042
1.98107
1.98164
1.98185
1.98216
1.98266
1.9831
1.98325
1.98338
1.98337
1.98328
1.98329
1.9834
1.98334
1.98318
1.9833
1.98351
1.98376
1.98437
1.98476
1.98517
1.98585
1.98627
1.98666
1.98719
1.98781
1.98845
1.98895
1.98942
1.98987
1.98983
1.98987
1.9898
1.98968
1.98954
1.98944
1.98923
1.98904
1.9888
1.98843
1.98794
1.98757
1.98707
1.98675
1.98662
1.98641
1.98632
1.98654
1.9865
1.98631
1.98612
1.98597
1.98597
1.98606
1.98615
1.98638
1.9866
1.98692
1.9872
1.98745
1.98776
1.98795
1.98814
1.98838
1.98869
1.98915
1.98955
1.99009
1.99058
1.99087
1.99116
1.99107
1.99054
1.98991
1.98927
1.98889
1.98891
1.98922
1.98959
1.99004
1.99047
1.99071
1.99085
1.99084
1.99066
1.99052
1.99042
1.99025
1.9903
1.99026
1.99026
1.99011
1.98995
1.9898
1.98963
1.98942
1.98918
1.98907
1.98873
1.98863
1.98859
1.98863
1.98872
1.98909
1.9896
1.98992
1.99022
1.99038
1.99019
1.98974
1.98967
1.98943
1.98928
1.98927
1.98943
1.98982
1.99008
1.99009
1.99026
1.99054
1.99113
1.99132
1.99136
1.99167
1.99225
1.99288
1.99359
1.99417
1.99387
1.99251
1.99042
1.98907
1.98898
1.98966
1.99046
1.99099
1.99127
1.99131
1.99124
1.99113
1.99117
1.99093
1.99081
1.99092
1.99068
1.99051
1.98997
1.98924
1.98865
1.98832
1.98798
1.98762
1.98723
1.98689
1.98683
1.98687
1.98714
1.98737
1.98757
1.98753
1.98734
1.98695
1.98668
1.9866
1.98657
1.98653
1.9865
1.98641
1.98636
1.98594
1.98551
1.98524
1.98519
1.98548
1.98582
1.98619
1.98665
1.98715
1.98776
1.98807
1.98819
1.98837
1.98833
1.98805
1.98783
1.98762
1.98748
1.9873
1.98708
1.98689
1.98675
1.98656
1.98615
1.98585
1.98562
1.9854
1.98534
1.98549
1.98555
1.98553
1.98563
1.98565
1.98573
1.98563
1.98547
1.98557
1.98594
1.98615
1.98645
1.9864
1.98654
1.98691
1.98735
1.98798
1.98888
1.98973
1.99087
1.99197
1.99293
1.99355
1.99416
1.99461
1.99465
1.99451
1.99449
1.99459
1.99467
1.99496
1.99533
1.99557
1.99564
1.99573
1.9956
1.99551
1.99532
1.99473
1.99446
1.99427
1.99406
1.99377
1.99353
1.99341
1.99358
1.99362
1.99365
1.99384
1.99378
1.99367
1.99336
1.99333
1.99313
1.99314
1.99329
1.99344
1.99317
1.99322
1.99329
1.9934
1.99358
1.9938
1.99423
1.99465
1.99476
1.99464
1.99459
1.99466
1.99474
1.99484
1.99507
1.99541
1.99573
1.99586
1.99607
1.99623
1.99617
1.99611
1.99605
1.99583
1.99551
1.99528
1.99514
1.99509
1.99494
1.99489
1.99482
1.99493
1.99491
1.99493
1.99484
1.99471
1.9944
1.9943
1.99416
1.99388
1.99356
1.99327
1.99332
1.99346
1.99364
1.99388
1.99408
1.99414
1.99417
1.99416
1.99409
1.99412
1.99397
1.99372
1.99375
1.99377
1.99366
1.9937
1.99375
1.99403
1.99442
1.9945
1.99467
1.99487
1.99504
1.9952
1.99515
1.9952
1.99533
1.9955
1.99579
1.99607
1.99637
1.99684
1.99728
1.99759
1.99808
1.99858
1.99887
1.99918
1.99943
1.99942
1.99915
1.99869
1.99828
1.99785
1.99747
1.99723
1.99714
1.99693
1.99692
1.99688
1.99701
1.9971
1.9972
1.99743
1.99761
1.99796
1.99814
1.99785
1.99755
1.99773
1.99772
1.99793
1.9984
1.99883
1.99918
1.99955
1.99981
2.00022
2.0006
2.0011
2.00169
2.0022
2.00289
2.0035
2.00399
2.00455
2.00481
2.00497
2.00524
2.00539
2.00563
2.00592
2.00614
2.00617
2.00634
2.00661
2.00688
2.00705
2.00721
2.00758
2.00794
2.00827
2.00857
2.00893
2.00926
2.0094
2.00976
2.01031
2.01074
2.01101
2.01102
2.01102
2.01105
2.01092
2.01089
2.01082
2.01085
2.01078
2.01045
2.01022
2.00994
2.00947
2.00901
2.00836
2.00807
2.00775
2.00749
2.00746
2.00766
2.00777
2.00777
2.00786
2.00792
2.00816
2.00836
2.00842
2.00878
2.009
2.00929
2.00955
2.01006
2.01054
2.01111
2.01179
2.01255
2.01324
2.01389
2.01432
2.01463
2.01476
2.01428
2.01382
2.01347
2.01307
2.01304
2.01321
2.0135
2.01405
2.01471
2.01538
2.01598
2.01663
2.01706
2.01728
2.01735
2.01785
2.01855
2.01897
2.01935
2.01971
2.01996
2.02014
2.02023
2.0203
2.02016
2.02042
2.02068
2.0211
2.02139
2.02187
2.02236
2.02272
2.02305
2.02316
2.02345
2.02362
2.02408
2.02456
2.0249
2.02512
2.02547
2.02584
2.02617
2.02678
2.02725
2.02714
2.02698
2.02705
2.02716
2.0273
2.02745
2.02754
2.02752
2.0276
2.02763
2.02783
2.02804
2.02837
2.0286
2.02905
2.02959
2.03003
2.03037
2.03089
2.03151
2.03174
2.03186
2.0319
2.03218
2.03208
2.03185
2.03167
2.03142
2.03091
2.03052
2.03041
2.03035
2.03028
2.03034
2.03062
2.03086
2.03115
2.03152
2.03153
2.03175
2.03225
2.03293
2.03331
2.0337
2.03444
2.03496
2.03544
2.03577
2.03631
2.03702
2.03779
2.03829
2.03876
2.03921
2.03986
2.04059
2.04148
2.04209
2.04253
2.04318
2.04389
2.04463
2.04534
2.04567
2.04587
2.04597
2.04596
2.04594
2.04584
2.04549
2.04533
2.04528
2.04492
2.04462
2.04419
2.04396
2.04357
2.0431
2.04279
2.04244
2.04209
2.04162
2.04126
2.04077
2.04036
2.03982
2.03916
2.03868
2.03827
2.03773
2.03736
2.03694
2.03636
2.03584
2.03535
2.03476
2.03428
2.03406
2.03393
2.03377
2.03393
2.03399
2.03395
2.03384
2.03375
2.03349
2.03333
2.0332
2.0332
2.03301
2.03271
2.03252
2.03242
2.03255
2.03258
2.03239
2.03209
2.03174
2.03156
2.03123
2.03085
2.03033
2.02989
2.02938
2.02885
2.02841
2.02784
2.02747
2.02745
2.0275
2.02741
2.02716
2.0269
2.0268
2.0267
2.02667
2.02643
2.02647
2.0266
2.02677
2.02729
2.02802
2.02876
2.02927
2.02976
2.02991
2.02996
2.03017
2.03018
2.03005
2.02978
2.02937
2.0292
2.0293
2.0294
2.02933
2.02938
2.02958
2.0297
2.03011
2.03027
2.03064
2.03092
2.0312
2.03112
2.03115
2.03115
2.03116
2.03105
2.03115
2.03121
2.03115
2.03144
2.03204
2.03205
2.03226
2.03265
2.03338
2.03414
2.03482
2.0356
2.03607
2.03649
2.03626
2.03557
2.03463
2.03381
2.03341
2.03339
2.03362
2.03388
2.03385
2.03426
2.03454
2.0348
2.03507
2.0356
2.03585
2.0362
2.03642
2.03665
2.03699
2.03742
2.0376
2.03742
2.0371
2.03692
2.03704
2.03681
2.03641
2.03578
2.03533
2.03512
2.03509
2.03505
2.03488
2.03487
2.03477
2.03491
2.035
2.03473
2.03459
2.03445
2.03431
2.03398
2.03356
2.03293
2.03217
2.03162
2.03121
2.03095
2.03083
2.03085
2.03106
2.03121
2.03174
2.03234
2.03269
2.03314
2.03341
2.0337
2.0341
2.0344
2.03457
2.03482
2.03484
2.03482
2.03482
2.03484
2.03484
2.03454
2.03418
2.03392
2.03385
2.03369
2.03333
2.03336
2.03348
2.03369
2.03392
2.03406
2.03412
2.03416
2.03413
2.03408
2.0341
2.03442
2.03467
2.03503
2.03537
2.03567
2.03588
2.03597
2.03594
2.03611
2.03667
2.03704
2.03705
2.03698
2.03701
2.03711
2.0371
2.03688
2.03657
2.03645
2.03669
2.03717
2.03757
2.03761
2.03724
2.03629
2.03521
2.03469
2.03456
2.03497
2.03568
2.0363
2.03684
2.03696
2.03702
2.03709
2.0371
2.03687
2.03684
2.03689
2.03703
2.03736
2.03779
2.03811
2.03827
2.03828
2.03832
2.0383
2.03852
2.03867
2.0387
2.03882
2.03917
2.03943
2.03969
2.03998
2.04037
2.04073
2.04067
2.0408
2.04091
2.04102
2.04131
2.04155
2.04162
2.04156
2.0416
2.04145
2.04119
2.04103
2.04066
2.04029
2.04002
2.03985
2.03964
2.03975
2.03994
2.04012
2.04003
2.04012
2.04038
2.04062
2.04094
2.04114
2.04126
2.0415
2.04157
2.04176
2.042
2.04232
2.04272
2.04283
2.0432
2.0435
2.0434
2.04329
2.0429
2.04239
2.04184
2.04109
2.04014
2.03908
2.03824
2.03753
2.03726
2.03683
2.03667
2.03665
2.03659
2.03639
2.03621
2.03615
2.03601
2.03609
2.03595
2.0359
2.03597
2.03609
2.03615
2.03622
2.03621
2.03622
2.03617
2.03623
2.03621
2.03621
2.03598
2.03561
2.03513
2.03486
2.03469
2.03437
2.03417
2.03408
2.03398
2.03396
2.03383
2.03376
2.0337
2.03354
2.03337
2.03302
2.03283
2.03271
2.03293
2.03298
2.03302
2.03318
2.03342
2.0336
2.03369
2.03389
2.03429
2.03471
2.03477
2.03438
2.03361
2.03263
2.03214
2.03227
2.03274
2.03343
2.03429
2.035
2.03553
2.03612
2.03667
2.03692
2.0377
2.03819
2.03851
2.03868
2.03888
2.03901
2.03893
2.03886
2.03864
2.03838
2.03809
2.03768
2.03721
2.03645
2.03554
2.03467
2.03367
2.033
2.03245
2.03202
2.03172
2.03138
2.03116
2.03078
2.03029
2.02973
2.02923
2.02884
2.02894
2.02898
2.02917
2.02942
2.02979
2.03003
2.03013
2.03035
2.03062
2.03071
2.03067
2.03072
2.03073
2.03088
2.03058
2.03041
2.03018
2.02978
2.02939
2.02896
2.02851
2.02786
2.02738
2.02737
2.02759
2.02787
2.02807
2.02839
2.02851
2.0288
2.02902
2.02942
2.02986
2.0305
2.03155
2.03215
2.03256
2.03279
2.03308
2.03349
2.03382
2.03417
2.03442
2.03459
2.03473
2.03504
2.03505
2.03512
2.03512
2.03515
2.03531
2.03526
2.03564
2.03638
2.03702
2.03734
2.03758
2.03767
2.03782
2.03828
2.03874
2.03915
2.03945
2.03958
2.03966
2.03973
2.04014
2.04058
2.04076
2.04113
2.04128
2.04123
2.04106
2.04094
2.04059
2.04024
2.04043
2.04047
2.04019
2.03991
2.03965
2.03928
2.03893
2.03865
2.0385
2.03848
2.03857
2.03843
2.03786
2.0374
2.03687
2.0363
2.03575
2.03502
2.03442
2.03401
2.03357
2.03344
2.03362
2.03369
2.03353
2.03332
2.03337
2.03367
2.03345
2.03301
2.03275
2.03234
2.03189
2.03148
2.03109
2.03084
2.03057
2.03038
2.02996
2.02956
2.0289
2.02814
2.02749
2.02692
2.02645
2.02597
2.0252
2.02448
2.0237
2.02286
2.02198
2.02124
2.02082
2.0205
2.02033
2.02027
2.02035
2.02013
2.01957
2.01875
2.01786
2.01702
2.01625
2.01545
2.0149
2.01429
2.01379
2.01329
2.01274
2.01204
2.01138
2.01058
2.00982
2.00915
2.00843
2.00776
2.00732
2.00664
2.00602
2.00544
2.00481
2.0042
2.00368
2.00315
2.00261
2.00246
2.00229
2.00241
2.00267
2.00275
2.00303
2.00308
2.00299
2.00269
2.00231
2.00225
2.0021
2.00196
2.00178
2.00159
2.00143
2.00133
2.00085
2.00028
1.99982
1.99928
1.99913
1.99897
1.99852
1.99845
1.99836
1.9986
1.99901
1.99952
1.99999
2.00051
2.00112
2.00147
2.00202
2.00248
2.00278
2.00288
2.00277
2.00278
2.00287
2.00291
2.00287
2.00304
2.00265
2.00274
2.00295
2.00299
2.00297
2.00329
2.00384
2.00453
2.00494
2.00517
2.00516
2.00506
2.00504
2.005
2.00538
2.00568
2.00589
2.00635
2.00656
2.00699
2.00757
2.00797
2.00837
2.00904
2.00967
2.0105
2.01115
2.0116
2.01198
2.01239
2.01274
2.01299
2.0131
2.01313
2.01313
2.01304
2.01306
2.01321
2.0137
2.01416
2.01424
2.01433
2.01436
2.01419
2.01443
2.01468
2.01487
2.01503
2.01515
2.01511
2.01517
2.01521
2.01497
2.01507
2.01533
2.01544
2.01552
2.01578
2.016
2.01616
2.01641
2.01644
2.01616
2.01625
2.01637
2.01672
2.01717
2.01744
2.01752
2.01776
2.0181
2.01805
2.01826
2.01832
2.01834
2.01868
2.01911
2.0193
2.01954
2.01981
2.01998
2.02004
2.01992
2.01996
2.02004
2.02013
2.02033
2.02049
2.02058
2.02058
2.02051
2.02049
2.02054
2.0206
2.02086
2.02117
2.02136
2.02157
2.02187
2.02214
2.02252
2.02295
2.02339
2.02368
2.02381
2.02402
2.02441
2.02493
2.02542
2.02586
2.02622
2.02676
2.02727
2.02768
2.02802
2.02836
2.02868
2.02884
2.02895
2.02906
2.02924
2.0295
2.02965
2.02984
2.03035
2.0307
2.03098
2.03109
2.03118
2.03094
2.03038
2.02969
2.0291
2.02868
2.02841
2.02837
2.0287
2.02892
2.02898
2.02921
2.02942
2.02946
2.02947
2.02959
2.02968
2.02976
2.03011
2.03027
2.0303
2.03029
2.03033
2.03043
2.0306
2.03045
2.03031
2.03029
2.03016
2.02982
2.02915
2.0286
2.02809
2.0276
2.02756
2.02788
2.0283
2.02848
2.02887
2.02904
2.02914
2.02897
2.02882
2.02868
2.02868
2.02864
2.02846
2.02827
2.02818
2.02808
2.02792
2.02787
2.02763
2.0275
2.02751
2.02771
2.02804
2.02847
2.02884
2.02938
2.0299
2.03023
2.03022
2.03017
2.02981
2.02921
2.02864
2.02795
2.02755
2.02705
2.02668
2.02653
2.02656
2.02644
2.02636
2.02615
2.02597
2.02594
2.02579
2.02549
2.02537
2.0252
2.02483
2.02456
2.02403
2.02344
2.02268
2.02201
2.0217
2.0215
2.0213
2.02103
2.02092
2.02097
2.02083
2.02084
2.02073
2.02049
2.02028
2.02016
2.01979
2.01972
2.0198
2.01969
2.01967
2.01971
2.01976
2.01949
2.01929
2.01899
2.01861
2.01823
2.01783
2.01778
2.01781
2.01778
2.01783
2.0178
2.01782
2.01753
2.01725
2.01703
2.01668
2.01644
2.0165
2.01651
2.01631
2.01616
2.01585
2.01555
2.01529
2.01478
2.01457
2.01451
2.01445
2.01438
2.01419
2.01419
2.01426
2.01426
2.01419
2.01424
2.0139
2.01325
2.01246
2.01198
2.01175
2.01162
2.01178
2.01242
2.0129
2.01365
2.01441
2.0151
2.01567
2.01619
2.01627
2.01624
2.01628
2.0163
2.0163
2.0164
2.01641
2.01659
2.01687
2.01698
2.01706
2.01721
2.01722
2.01711
2.01697
2.01677
2.01681
2.01682
2.01673
2.01701
2.01715
2.01724
2.01719
2.01708
2.0169
2.01662
2.01659
2.01643
2.01645
2.01632
2.01612
2.016
2.01621
2.01637
2.01659
2.01657
2.01676
2.01676
2.017
2.01742
2.01755
2.0176
2.01784
2.01805
2.01836
2.01883
2.01906
2.0191
2.01915
2.01953
2.01991
2.02004
2.02014
2.02025
2.02056
2.02078
2.02068
2.02073
2.02065
2.02048
2.02039
2.02015
2.01977
2.01947
2.01917
2.01883
2.0185
2.01829
2.0184
2.01842
2.01873
2.01897
2.01879
2.01858
2.01846
2.0184
2.01819
2.01801
2.01777
2.01769
2.01779
2.01807
2.01839
2.01844
2.01862
2.01903
2.0196
2.02018
2.02073
2.02117
2.02122
2.02112
2.02129
2.02171
2.02233
2.02276
2.02319
2.02365
2.02412
2.02458
2.02507
2.02558
2.02608
2.02645
2.02678
2.02723
2.02749
2.02758
2.02767
2.02792
2.02802
2.02796
2.02795
2.02788
2.02766
2.02743
2.02714
2.02683
2.02661
2.02666
2.02674
2.02689
2.02709
2.02749
2.02805
2.02844
2.02848
2.02836
2.02822
2.02792
2.02755
2.02724
2.02689
2.02672
2.02633
2.02641
2.02635
2.02667
2.0268
2.02739
2.02817
2.0284
2.02835
2.02823
2.02816
2.02779
2.02722
2.02683
2.02631
2.02586
2.02548
2.02548
2.02549
2.02545
2.02542
2.02544
2.02568
2.02607
2.02617
2.02612
2.0262
2.02617
2.02579
2.02547
2.02514
2.02463
2.02407
2.02371
2.02362
2.02349
2.02345
2.02307
2.02331
2.02371
2.02401
2.0245
2.02527
2.02556
2.02561
2.02565
2.02567
2.0258
2.02549
2.02528
2.02537
2.02543
2.02529
2.02496
2.0243
2.02364
2.02334
2.02324
2.02305
2.02268
2.0223
2.02217
2.02174
2.02131
2.02093
2.02038
2.01987
2.01973
2.01971
2.01985
2.01985
2.0198
2.01964
2.01944
2.01948
2.0196
2.01984
2.01979
2.01952
2.01947
2.01928
2.01939
2.01949
2.0198
2.02008
2.02037
2.02062
2.02136
2.02179
2.02225
2.0227
2.02324
2.02365
2.02408
2.02469
2.02529
2.02569
2.02579
2.02586
2.02589
2.02551
2.02518
2.0252
2.02536
2.02557
2.02585
2.02603
2.02635
2.02671
2.0271
2.02729
2.02751
2.02794
2.02861
2.02933
2.03
2.03095
2.03203
2.03284
2.03337
2.03364
2.03377
2.03374
2.03363
2.03364
2.03386
2.03426
2.03464
2.0349
2.0354
2.03592
2.03647
2.03712
2.03795
2.03881
2.03964
2.04025
2.04079
2.04154
2.0424
2.04303
2.0437
2.04467
2.04569
2.04658
2.04731
2.04802
2.04851
2.04887
2.04911
2.04942
2.04977
2.05016
2.05065
2.05112
2.05183
2.05237
2.05259
2.05249
2.05235
2.05215
2.05183
2.05133
2.05088
2.05083
2.05106
2.05148
2.0517
2.05171
2.05165
2.05168
2.05148
2.05131
2.05115
2.05123
2.05115
2.05103
2.05101
2.05111
2.05113
2.05131
2.05123
2.05119
2.05124
2.05142
2.05138
2.05135
2.0512
2.05108
2.051
2.05112
2.05109
2.05102
2.05086
2.05095
2.05126
2.05162
2.05165
2.05157
2.05146
2.05077
2.04909
2.04661
2.04444
2.04323
2.04303
2.04297
2.04291
2.04263
2.0422
2.04206
2.04175
2.0415
2.04146
2.04134
2.04076
2.04029
2.04016
2.03962
2.03907
2.03908
2.03897
2.03874
2.03872
2.03851
2.03835
2.038
2.03788
2.03801
2.0385
2.03844
2.03769
2.03671
2.0358
2.03503
2.03481
2.03491
2.03497
2.03506
2.03503
2.03497
2.035
2.03526
2.0357
2.03629
2.0368
2.0371
2.03744
2.03774
2.03798
2.03828
2.03845
2.03866
2.039
2.03973
2.04047
2.0412
2.04148
2.04163
2.04192
2.04245
2.04287
2.04313
2.04331
2.04348
2.0438
2.04401
2.04425
2.04468
2.04494
2.04505
2.04533
2.04555
2.04577
2.0457
2.04569
2.04556
2.04516
2.04474
2.04439
2.04398
2.04375
2.04331
2.04286
2.04272
2.04244
2.04234
2.04242
2.04248
2.04245
2.04251
2.04227
2.04215
2.04226
2.04227
2.04241
2.04263
2.04255
2.0426
2.04267
2.04252
2.0426
2.04278
2.04293
2.04313
2.04346
2.0437
2.04395
2.0442
2.04443
2.04479
2.04483
2.04487
2.04492
2.04487
2.04485
2.04497
2.04514
2.04527
2.04557
2.04582
2.046
2.04653
2.04691
2.047
2.04726
2.04724
2.04722
2.04735
2.04743
2.04768
2.04776
2.0476
2.04723
2.04697
2.04688
2.04667
2.04621
2.04585
2.04542
2.04519
2.04511
2.04504
2.04499
2.04489
2.04486
2.04479
2.04473
2.04445
2.04426
2.04428
2.04452
2.0449
2.04521
2.04532
2.04548
2.04576
2.04589
2.04608
2.04639
2.04639
2.0465
2.0464
2.04627
2.04618
2.04604
2.04609
2.04623
2.04658
2.04675
2.04693
2.04706
2.04712
2.04739
2.04743
2.04778
