-5.42049
-5.4076
-5.39664
-5.38917
-5.38813
-5.39237
-5.39994
-5.41208
-5.42728
-5.44658
-5.46805
-5.49095
-5.51292
-5.53252
-5.54938
-5.56021
-5.5634
-5.55784
-5.54134
-5.51404
-5.481
-5.44511
-5.41057
-5.37917
-5.35064
-5.32481
-5.30453
-5.29171
-5.28516
-5.28512
-5.28546
-5.28566
-5.28564
-5.2893
-5.29786
-5.31418
-5.33925
-5.37017
-5.40216
-5.4313
-5.45807
-5.47966
-5.49537
-5.50857
-5.51545
-5.51741
-5.51465
-5.50513
-5.48931
-5.46548
-5.43774
-5.40699
-5.37591
-5.34846
-5.33076
-5.32322
-5.32635
-5.33948
-5.36265
-5.39343
-5.43079
-5.47073
-5.50891
-5.54165
-5.56865
-5.58813
-5.5981
-5.59873
-5.5913
-5.57486
-5.55193
-5.52233
-5.48873
-5.45639
-5.42963
-5.40778
-5.39444
-5.3869
-5.38318
-5.38136
-5.38073
-5.38327
-5.38972
-5.40108
-5.41757
-5.43694
-5.45827
-5.47949
-5.49878
-5.51594
-5.52998
-5.53822
-5.53945
-5.53203
-5.51892
-5.50146
-5.48368
-5.46715
-5.45539
-5.45077
-5.45294
-5.45858
-5.46757
-5.47756
-5.48637
-5.49249
-5.49465
-5.49396
-5.49278
-5.49188
-5.49255
-5.4953
-5.49749
-5.5001
-5.50565
-5.51141
-5.51895
-5.52592
-5.52862
-5.52918
-5.52497
-5.51734
-5.50655
-5.49192
-5.47613
-5.46535
-5.4588
-5.45164
-5.4379
-5.41495
-5.38604
-5.35765
-5.338
-5.33027
-5.33212
-5.34031
-5.34992
-5.35739
-5.36122
-5.35803
-5.35074
-5.34179
-5.3335
-5.33195
-5.33648
-5.34484
-5.35606
-5.36268
-5.36456
-5.35968
-5.34711
-5.33242
-5.32069
-5.31641
-5.31851
-5.32855
-5.34152
-5.35758
-5.37436
-5.39293
-5.41205
-5.43179
-5.45496
-5.48176
-5.50989
-5.53936
-5.56923
-5.59702
-5.61719
-5.62903
-5.62859
-5.61708
-5.59691
-5.5722
-5.54583
-5.52538
-5.51316
-5.51281
-5.52144
-5.53504
-5.55349
-5.57296
-5.59185
-5.60984
-5.62357
-5.63195
-5.63177
-5.62305
-5.60224
-5.57213
-5.53472
-5.49708
-5.46622
-5.44095
-5.42469
-5.41478
-5.40772
-5.40394
-5.40261
-5.40227
-5.40125
-5.39813
-5.39392
-5.38913
-5.383
-5.37759
-5.37472
-5.37603
-5.37924
-5.38601
-5.39381
-5.39984
-5.40558
-5.40881
-5.41396
-5.42032
-5.42973
-5.44121
-5.45159
-5.46084
-5.47015
-5.47877
-5.48582
-5.49198
-5.49628
-5.4977
-5.4988
-5.49907
-5.50101
-5.50291
-5.50435
-5.50578
-5.5066
-5.50616
-5.50474
-5.50278
-5.50157
-5.50043
-5.50107
-5.50608
-5.51528
-5.52678
-5.54057
-5.55331
-5.5635
-5.57049
-5.57209
-5.56706
-5.55442
-5.53718
-5.51568
-5.49173
-5.47132
-5.45394
-5.44104
-5.42877
-5.41614
-5.39817
-5.37483
-5.34675
-5.3129
-5.27709
-5.24218
-5.21351
-5.1922
-5.18135
-5.1821
-5.19265
-5.20758
-5.22477
-5.24232
-5.25809
-5.27225
-5.28914
-5.3101
-5.33641
-5.36342
-5.38978
-5.40889
-5.41783
-5.41655
-5.4052
-5.38911
-5.36848
-5.34678
-5.32768
-5.31418
-5.30564
-5.30131
-5.30198
-5.30749
-5.31392
-5.32012
-5.3231
-5.32365
-5.32187
-5.31915
-5.31985
-5.32204
-5.32955
-5.33905
-5.3532
-5.36827
-5.38403
-5.40064
-5.41797
-5.43434
-5.44925
-5.4635
-5.47522
-5.48489
-5.49003
-5.4897
-5.48567
-5.47748
-5.46541
-5.45268
-5.44158
-5.43407
-5.43288
-5.43267
-5.43369
-5.4343
-5.43882
-5.44598
-5.45878
-5.47328
-5.48813
-5.49883
-5.50481
-5.50428
-5.494
-5.47583
-5.45097
-5.42294
-5.39283
-5.36636
-5.34274
-5.3277
-5.32326
-5.33286
-5.35642
-5.38716
-5.42008
-5.44921
-5.47068
-5.48206
-5.48507
-5.47727
-5.46237
-5.44265
-5.41895
-5.39287
-5.36859
-5.34889
-5.33874
-5.34145
-5.35798
-5.38536
-5.41603
-5.44231
-5.46366
-5.47434
-5.47633
-5.46816
-5.45362
-5.43589
-5.42162
-5.41234
-5.411
-5.41615
-5.41981
-5.42159
-5.41788
-5.40771
-5.39078
-5.36857
-5.34397
-5.32102
-5.30593
-5.30378
-5.31646
-5.33698
-5.3546
-5.36673
-5.37052
-5.37077
-5.37362
-5.38053
-5.39155
-5.40469
-5.41942
-5.43165
-5.44465
-5.4584
-5.4731
-5.48931
-5.50328
-5.51464
-5.51986
-5.51721
-5.50902
-5.49343
-5.47605
-5.45929
-5.44648
-5.43695
-5.43073
-5.42951
-5.43263
-5.43904
-5.44711
-5.45693
-5.46795
-5.47726
-5.48496
-5.4935
-5.50223
-5.51176
-5.51933
-5.52238
-5.51941
-5.5098
-5.49633
-5.48271
-5.46992
-5.45796
-5.44847
-5.43871
-5.42858
-5.41835
-5.40722
-5.39524
-5.38677
-5.38257
-5.3812
-5.38509
-5.39004
-5.39584
-5.39989
-5.40144
-5.40028
-5.39763
-5.39356
-5.39059
-5.38984
-5.39093
-5.38853
-5.38305
-5.36981
-5.3517
-5.33003
-5.30687
-5.28825
-5.28318
-5.29826
-5.33628
-5.3876
-5.43996
-5.48428
-5.51773
-5.53938
-5.54998
-5.54784
-5.53977
-5.52583
-5.50933
-5.49187
-5.47556
-5.46221
-5.45215
-5.44585
-5.44175
-5.43914
-5.43784
-5.43622
-5.43392
-5.43255
-5.43051
-5.42864
-5.42922
-5.43073
-5.43324
-5.43701
-5.44037
-5.44446
-5.4491
-5.45118
-5.44936
-5.44127
-5.42708
-5.40465
-5.3785
-5.34991
-5.32041
-5.29318
-5.2709
-5.25833
-5.25827
-5.27111
-5.29536
-5.3252
-5.35534
-5.37904
-5.39812
-5.41217
-5.42051
-5.42854
-5.43479
-5.44371
-5.45151
-5.45855
-5.46055
-5.45656
-5.44688
-5.42676
-5.40154
-5.37475
-5.34747
-5.32692
-5.31723
-5.31754
-5.32726
-5.34316
-5.36071
-5.3781
-5.39306
-5.4029
-5.40848
-5.40847
-5.40361
-5.39469
-5.38424
-5.37258
-5.36269
-5.35546
-5.35309
-5.356
-5.36482
-5.37881
-5.3964
-5.41418
-5.43251
-5.44598
-5.45534
-5.45932
-5.45811
-5.45759
-5.45694
-5.45763
-5.46234
-5.47011
-5.48072
-5.49339
-5.50572
-5.51537
-5.52326
-5.5309
-5.53955
-5.54896
-5.55473
-5.55147
-5.53563
-5.5089
-5.47514
-5.43543
-5.3973
-5.36251
-5.3329
-5.31336
-5.30234
-5.302
-5.31083
-5.33079
-5.3573
-5.38643
-5.41329
-5.43616
-5.45393
-5.46722
-5.47333
-5.47542
-5.47409
-5.46964
-5.46128
-5.45115
-5.43718
-5.4217
-5.4079
-5.39956
-5.39863
-5.4085
-5.42823
-5.45423
-5.4843
-5.51489
-5.54004
-5.55767
-5.5643
-5.56106
-5.5469
-5.52602
-5.49764
-5.46596
-5.43387
-5.40522
-5.38417
-5.37113
-5.36706
-5.37014
-5.37821
-5.38867
-5.39963
-5.40944
-5.41695
-5.42354
-5.42953
-5.43451
-5.43867
-5.44249
-5.44571
-5.44442
-5.43818
-5.42599
-5.40929
-5.3893
-5.36934
-5.35034
-5.3371
-5.32772
-5.32263
-5.32044
-5.32192
-5.32511
-5.32846
-5.33529
-5.34219
-5.34782
-5.35479
-5.36242
-5.37062
-5.3825
-5.39762
-5.4145
-5.43339
-5.45179
-5.46551
-5.47222
-5.47207
-5.46441
-5.45443
-5.44038
-5.42361
-5.40389
-5.37642
-5.34063
-5.29751
-5.25029
-5.20452
-5.16583
-5.14195
-5.13422
-5.14287
-5.16426
-5.19296
-5.22758
-5.26045
-5.29087
-5.31638
-5.3361
-5.35179
-5.36023
-5.36572
-5.36646
-5.3683
-5.37324
-5.38317
-5.39921
-5.42058
-5.44236
-5.46471
-5.48021
-5.49241
-5.49722
-5.49233
-5.48055
-5.46263
-5.43866
-5.41787
-5.40233
-5.39406
-5.3927
-5.3975
-5.40543
-5.41619
-5.43046
-5.44529
-5.46273
-5.48115
-5.49894
-5.51678
-5.53205
-5.54608
-5.555
-5.55703
-5.55187
-5.5408
-5.52296
-5.5041
-5.48434
-5.46622
-5.45059
-5.4362
-5.41932
-5.3986
-5.37202
-5.3426
-5.3104
-5.28169
-5.26124
-5.25266
-5.25868
-5.27398
-5.29094
-5.30601
-5.31653
-5.32422
-5.32917
-5.33413
-5.33755
-5.34253
-5.35144
-5.35995
-5.37201
-5.38462
-5.40088
-5.41852
-5.43627
-5.45341
-5.46957
-5.48216
-5.49341
-5.50079
-5.50488
-5.50752
-5.50694
-5.50149
-5.49142
-5.47932
-5.46487
-5.45337
-5.44442
-5.43887
-5.43493
-5.43181
-5.42809
-5.42516
-5.42712
-5.43501
-5.44519
-5.45219
-5.45346
-5.44628
-5.4271
-5.39594
-5.35541
-5.30997
-5.26769
-5.23526
-5.21953
-5.2235
-5.24203
-5.27441
-5.31786
-5.36637
-5.41442
-5.45627
-5.48841
-5.50683
-5.50815
-5.4971
-5.47463
-5.44534
-5.41154
-5.37878
-5.35176
-5.33468
-5.32829
-5.32895
-5.33436
-5.33847
-5.34095
-5.34036
-5.33892
-5.33709
-5.33934
-5.3485
-5.369
-5.39639
-5.42752
-5.45569
-5.47725
-5.4911
-5.49586
-5.49216
-5.48292
-5.47047
-5.4606
-5.45577
-5.45668
-5.46487
-5.47813
-5.49579
-5.51318
-5.52995
-5.54231
-5.54962
-5.54816
-5.53701
-5.51661
-5.49012
-5.45968
-5.42663
-5.39797
-5.37557
-5.36183
-5.35909
-5.36513
-5.37771
-5.39309
-5.40904
-5.42368
-5.4347
-5.44072
-5.44381
-5.44539
-5.44751
-5.44972
-5.45498
-5.45969
-5.46349
-5.46623
-5.47009
-5.47429
-5.48241
-5.49029
-5.49424
-5.49237
-5.48133
-5.45739
-5.42271
-5.38388
-5.34612
-5.32031
-5.31054
-5.31924
-5.34104
-5.36986
-5.39884
-5.42014
-5.43305
-5.4382
-5.43583
-5.42581
-5.41172
-5.39405
-5.37207
-5.34882
-5.32025
-5.28976
-5.25631
-5.22095
-5.18766
-5.16057
-5.14482
-5.14582
-5.16408
-5.19586
-5.23599
-5.2817
-5.32373
-5.35968
-5.3846
-5.39824
-5.4014
-5.396
-5.38038
-5.35614
-5.32609
-5.29514
-5.26571
-5.24273
-5.23442
-5.24285
-5.26781
-5.30565
-5.34792
-5.38957
-5.42571
-5.45311
-5.47155
-5.48175
-5.4831
-5.47642
-5.46492
-5.45135
-5.43806
-5.42666
-5.42082
-5.4206
-5.42608
-5.43603
-5.4471
-5.45486
-5.45956
-5.45755
-5.45132
-5.44129
-5.42651
-5.40569
-5.38017
-5.35226
-5.32715
-5.31103
-5.30776
-5.32069
-5.3491
-5.38395
-5.42008
-5.44945
-5.46752
-5.47643
-5.47619
-5.46976
-5.45927
-5.44821
-5.43721
-5.43015
-5.42701
-5.42828
-5.43419
-5.44343
-5.45209
-5.45792
-5.46014
-5.45605
-5.44781
-5.43348
-5.416
-5.3953
-5.37335
-5.3487
-5.32426
-5.30051
-5.27875
-5.26478
-5.26238
-5.27617
-5.30267
-5.33576
-5.37173
-5.40569
-5.4362
-5.46227
-5.48067
-5.48897
-5.48967
-5.48199
-5.46555
-5.4432
-5.41774
-5.39059
-5.36474
-5.34036
-5.32049
-5.30462
-5.2941
-5.2905
-5.29325
-5.30021
-5.31016
-5.32394
-5.33777
-5.35159
-5.36362
-5.37273
-5.37782
-5.37872
-5.37438
-5.36685
-5.35616
-5.34477
-5.33189
-5.32535
-5.32541
-5.33384
-5.3491
-5.36553
-5.37869
-5.38771
-5.3927
-5.39456
-5.39632
-5.3992
-5.4061
-5.41907
-5.43805
-5.4572
-5.47016
-5.47916
-5.483
-5.4846
-5.48828
-5.49543
-5.50532
-5.51487
-5.51997
-5.51979
-5.51139
-5.49541
-5.47473
-5.45148
-5.42915
-5.40767
-5.38965
-5.37861
-5.37019
-5.36916
-5.37258
-5.3804
-5.39397
-5.41136
-5.43141
-5.45344
-5.47567
-5.49636
-5.51753
-5.53626
-5.54901
-5.55539
-5.55353
-5.54507
-5.5308
-5.51146
-5.48958
-5.46719
-5.44667
-5.42772
-5.41015
-5.3942
-5.38082
-5.37316
-5.37305
-5.37897
-5.38807
-5.39326
-5.3891
-5.37344
-5.34985
-5.32366
-5.3014
-5.29519
-5.30629
-5.33572
-5.37475
-5.42246
-5.47456
-5.53003
-5.58455
-5.63714
-5.68403
-5.72167
-5.74825
-5.76592
-5.77338
-5.77218
-5.76374
-5.74892
-5.72695
-5.70042
-5.67056
-5.63905
-5.60717
-5.57738
-5.55256
-5.53139
-5.51578
-5.50199
-5.48887
-5.4717
-5.4495
-5.42159
-5.38789
-5.35316
-5.31938
-5.29211
-5.27377
-5.26487
-5.26422
-5.26877
-5.27487
-5.27967
-5.28304
-5.28425
-5.28419
-5.28649
-5.29026
-5.29728
-5.30537
-5.31779
-5.33191
-5.34751
-5.36282
-5.37739
-5.39258
-5.40414
-5.41394
-5.42142
-5.42563
-5.42765
-5.42763
-5.42644
-5.42385
-5.42254
-5.42127
-5.4193
-5.41775
-5.41716
-5.416
-5.41344
-5.41015
-5.40587
-5.40303
-5.40165
-5.40414
-5.40702
-5.40792
-5.4056
-5.40182
-5.39474
-5.38608
-5.37789
-5.36734
-5.36091
-5.35589
-5.35405
-5.35575
-5.36149
-5.37004
-5.38313
-5.39874
-5.41452
-5.43129
-5.44667
-5.46295
-5.48453
-5.51541
-5.55501
-5.5976
-5.63588
-5.66549
-5.68148
-5.68416
-5.67396
-5.65378
-5.62915
-5.60366
-5.58357
-5.57097
-5.56109
-5.54865
-5.53042
-5.50609
-5.47911
-5.4543
-5.43643
-5.42951
-5.43359
-5.4499
-5.47327
-5.50002
-5.52225
-5.53692
-5.54151
-5.53485
-5.51885
-5.49482
-5.46712
-5.44307
-5.42538
-5.41975
-5.42493
-5.4381
-5.45692
-5.4742
-5.49077
-5.49978
-5.50256
-5.49849
-5.48695
-5.46912
-5.44845
-5.42397
-5.40053
-5.37884
-5.36348
-5.35548
-5.35689
-5.36544
-5.37918
-5.39533
-5.41058
-5.42179
-5.42665
-5.42826
-5.42569
-5.42033
-5.41274
-5.4024
-5.38921
-5.37351
-5.35745
-5.34462
-5.33909
-5.34253
-5.35421
-5.37291
-5.39537
-5.41936
-5.43996
-5.45744
-5.47119
-5.47782
-5.48044
-5.47877
-5.47165
-5.45826
-5.43967
-5.41406
-5.3857
-5.35682
-5.33352
-5.32342
-5.32678
-5.34346
-5.3703
-5.39978
-5.42475
-5.44669
-5.46136
-5.46966
-5.47253
-5.47034
-5.46503
-5.46066
-5.45952
-5.46411
-5.47294
-5.48298
-5.48919
-5.49178
-5.48675
-5.4769
-5.4634
-5.44825
-5.43142
-5.41606
-5.40591
-5.40292
-5.40828
-5.42213
-5.44209
-5.4634
-5.48084
-5.49442
-5.5034
-5.50878
-5.51139
-5.51214
-5.51102
-5.50992
-5.50694
-5.50279
-5.49641
-5.48646
-5.47445
-5.46217
-5.4531
-5.45022
-5.4544
-5.4614
-5.46646
-5.46555
-5.46156
-5.45293
-5.4439
-5.43509
-5.42734
-5.42133
-5.41785
-5.41574
-5.41343
-5.41171
-5.40675
-5.39836
-5.38905
-5.38102
-5.37427
-5.3688
-5.36911
-5.37194
-5.3789
-5.39223
-5.40983
-5.43291
-5.45673
-5.47963
-5.49877
-5.51227
-5.51857
-5.51938
-5.51549
-5.50587
-5.49247
-5.47791
-5.46349
-5.452
-5.44211
-5.43835
-5.44004
-5.44813
-5.46049
-5.47063
-5.4771
-5.47942
-5.47995
-5.48036
-5.48152
-5.48674
-5.49099
-5.4945
-5.4953
-5.49516
-5.49602
-5.49931
-5.50809
-5.5208
-5.53747
-5.55573
-5.5722
-5.5877
-5.59872
-5.60569
-5.60777
-5.60319
-5.59564
-5.58395
-5.57163
-5.55662
-5.5406
-5.52216
-5.50111
-5.47822
-5.45824
-5.44299
-5.43303
-5.42691
-5.42225
-5.41881
-5.41541
-5.41672
-5.42488
-5.43728
-5.45362
-5.4691
-5.48311
-5.49351
-5.49968
-5.50134
-5.4986
-5.49217
-5.48181
-5.46978
-5.45681
-5.44541
-5.43429
-5.42255
-5.41215
-5.39828
-5.38382
-5.36891
-5.35243
-5.33765
-5.32744
-5.32384
-5.33112
-5.35045
-5.37985
-5.415
-5.44886
-5.47313
-5.48264
-5.48065
-5.46983
-5.45436
-5.43906
-5.43207
-5.43553
-5.44927
-5.4702
-5.49484
-5.52139
-5.5457
-5.56769
-5.5872
-5.60438
-5.61947
-5.63086
-5.63926
-5.64558
-5.64683
-5.64605
-5.63845
-5.62664
-5.61015
-5.58827
-5.56365
-5.5375
-5.5094
-5.48016
-5.45214
-5.42881
-5.4129
-5.40256
-5.39801
-5.395
-5.39242
-5.39014
-5.38767
-5.38387
-5.38028
-5.37924
-5.38213
-5.38895
-5.39888
-5.40619
-5.40714
-5.40087
-5.38818
-5.37304
-5.35916
-5.35038
-5.3483
-5.35109
-5.35736
-5.36591
-5.37699
-5.38893
-5.40126
-5.41383
-5.42593
-5.43851
-5.45246
-5.4644
-5.47331
-5.47535
-5.46962
-5.45691
-5.4386
-5.41999
-5.40459
-5.39418
-5.39438
-5.4011
-5.41432
-5.42809
-5.44331
-5.45752
-5.46676
-5.47311
-5.47632
-5.4769
-5.475
-5.47365
-5.47426
-5.47783
-5.48454
-5.49112
-5.49932
-5.50969
-5.52392
-5.53664
-5.54707
-5.55159
-5.54854
-5.53813
-5.52107
-5.50005
-5.47789
-5.45578
-5.43464
-5.41518
-5.4001
-5.39087
-5.3883
-5.39245
-5.40334
-5.41971
-5.43864
-5.45833
-5.47801
-5.49342
-5.50263
-5.50634
-5.50444
-5.49724
-5.48621
-5.47335
-5.46017
-5.44896
-5.43953
-5.43488
-5.4315
-5.43088
-5.43156
-5.4367
-5.44581
-5.45999
-5.47766
-5.49583
-5.51188
-5.52417
-5.52836
-5.52553
-5.51572
-5.50014
-5.48162
-5.45915
-5.43548
-5.4133
-5.39309
-5.37271
-5.35135
-5.32599
-5.29676
-5.2666
-5.2406
-5.22164
-5.2111
-5.20891
-5.21196
-5.22176
-5.23483
-5.24832
-5.26148
-5.27618
-5.28968
-5.30204
-5.31237
-5.32019
-5.3264
-5.33056
-5.3378
-5.35084
-5.36837
-5.38623
-5.39823
-5.40145
-5.3936
-5.37928
-5.36095
-5.34742
-5.3424
-5.35089
-5.37106
-5.39899
-5.42557
-5.44864
-5.46358
-5.46862
-5.46442
-5.4569
-5.45241
-5.4625
-5.49
-5.52747
-5.56611
-5.59944
-5.62027
-5.62692
-5.62037
-5.59989
-5.56652
-5.52339
-5.47442
-5.42387
-5.37605
-5.33485
-5.3037
-5.28552
-5.27937
-5.28311
-5.29121
-5.3013
-5.31329
-5.32361
-5.33148
-5.33789
-5.34517
-5.35484
-5.36909
-5.38999
-5.4167
-5.44741
-5.47817
-5.50347
-5.52164
-5.53306
-5.53934
-5.54533
-5.54956
-5.55378
-5.55576
-5.55274
-5.54524
-5.53183
-5.51339
-5.49097
-5.46983
-5.45053
-5.43716
-5.43117
-5.43016
-5.43515
-5.44653
-5.46515
-5.48523
-5.50281
-5.51572
-5.52112
-5.51859
-5.51103
-5.49876
-5.48378
-5.46629
-5.4467
-5.42751
-5.40841
-5.39163
-5.37846
-5.36858
-5.36607
-5.3699
-5.37945
-5.39569
-5.41453
-5.43421
-5.45434
-5.47389
-5.49464
-5.5106
-5.52173
-5.52407
-5.5169
-5.50091
-5.48093
-5.46045
-5.4461
-5.44135
-5.44502
-5.45621
-5.4719
-5.48921
-5.50476
-5.51966
-5.53179
-5.54039
-5.54539
-5.54982
-5.55819
-5.57024
-5.58754
-5.60746
-5.62599
-5.6397
-5.64634
-5.64494
-5.63334
-5.61239
-5.58237
-5.54678
-5.50597
-5.4652
-5.42473
-5.38997
-5.36408
-5.34866
-5.34522
-5.35246
-5.36496
-5.37814
-5.38858
-5.39588
-5.39817
-5.39551
-5.39021
-5.38454
-5.37985
-5.37643
-5.37264
-5.36649
-5.35935
-5.35135
-5.34314
-5.33844
-5.34103
-5.35339
-5.37663
-5.40889
-5.4425
-5.47208
-5.4917
-5.49903
-5.49537
-5.48347
-5.4672
-5.45052
-5.43673
-5.42614
-5.41823
-5.41074
-5.40336
-5.39873
-5.39728
-5.39713
-5.39669
-5.39323
-5.38333
-5.36754
-5.3504
-5.33531
-5.32299
-5.31486
-5.31103
-5.31232
-5.32103
-5.33794
-5.35789
-5.37439
-5.38466
-5.38938
-5.38776
-5.38097
-5.37384
-5.37077
-5.37543
-5.38599
-5.40333
-5.42157
-5.43881
-5.45528
-5.46762
-5.47544
-5.47827
-5.47791
-5.47379
-5.46686
-5.46059
-5.45563
-5.45714
-5.46423
-5.4772
-5.49116
-5.5038
-5.51227
-5.51228
-5.50948
-5.50267
-5.49537
-5.49023
-5.4895
-5.49121
-5.49357
-5.4946
-5.49341
-5.49003
-5.48529
-5.48408
-5.48572
-5.49204
-5.50053
-5.50745
-5.51294
-5.51472
-5.51222
-5.5063
-5.49641
-5.48246
-5.46201
-5.43431
-5.40092
-5.3638
-5.32658
-5.29538
-5.27662
-5.27103
-5.28089
-5.30095
-5.32661
-5.3533
-5.37814
-5.39869
-5.41468
-5.42708
-5.43555
-5.44282
-5.45002
-5.45775
-5.46433
-5.47025
-5.47611
-5.48215
-5.48722
-5.49211
-5.49659
-5.49991
-5.50051
-5.4976
-5.49129
-5.48272
-5.47301
-5.46359
-5.4562
-5.45218
-5.45182
-5.45268
-5.45396
-5.45262
-5.44749
-5.44414
-5.43954
-5.43997
-5.44485
-5.45097
-5.4562
-5.45594
-5.44921
-5.43827
-5.42728
-5.41887
-5.41513
-5.41663
-5.42263
-5.43115
-5.44287
-5.45522
-5.46602
-5.47313
-5.47504
-5.4709
-5.46
-5.44726
-5.43678
-5.43244
-5.43245
-5.43524
-5.43707
-5.43831
-5.43838
-5.43771
-5.43607
-5.43076
-5.42215
-5.41033
-5.40091
-5.39471
-5.39087
-5.39257
-5.39667
-5.40232
-5.40664
-5.4101
-5.41251
-5.41549
-5.4206
-5.42784
-5.43851
-5.4511
-5.46373
-5.47221
-5.47683
-5.47614
-5.46811
-5.45155
-5.42833
-5.39635
-5.3611
-5.32741
-5.29961
-5.2812
-5.27377
-5.27503
-5.28249
-5.29245
-5.30704
-5.32877
-5.35572
-5.38482
-5.41336
-5.43298
-5.44298
-5.44104
-5.42872
-5.40602
-5.37886
-5.3535
-5.3351
-5.32544
-5.32528
-5.33217
-5.34318
-5.35643
-5.3731
-5.38913
-5.40703
-5.42147
-5.43515
-5.44469
-5.44625
-5.44513
-5.44287
-5.43898
-5.43765
-5.44084
-5.44861
-5.46118
-5.47589
-5.49083
-5.50381
-5.51329
-5.51707
-5.51823
-5.51671
-5.5179
-5.52252
-5.53018
-5.53753
-5.54439
-5.54678
-5.5442
-5.53673
-5.52384
-5.50768
-5.48826
-5.46656
-5.44459
-5.42291
-5.40188
-5.38431
-5.37272
-5.36619
-5.36579
-5.37148
-5.3819
-5.39343
-5.40713
-5.42164
-5.43722
-5.45433
-5.47498
-5.49493
-5.51375
-5.5263
-5.53293
-5.53482
-5.53249
-5.53138
-5.532
-5.53487
-5.54012
-5.54472
-5.54693
-5.54631
-5.54025
-5.52878
-5.51171
-5.49071
-5.46869
-5.44605
-5.43055
-5.42555
-5.43339
-5.45722
-5.49132
-5.52608
-5.56005
-5.58695
-5.60475
-5.61336
-5.61433
-5.60736
-5.59347
-5.57552
-5.55502
-5.53543
-5.517
-5.49997
-5.4855
-5.47174
-5.45897
-5.44989
-5.44438
-5.44518
-5.45263
-5.47147
-5.4991
-5.53327
-5.56788
-5.59996
-5.62702
-5.65079
-5.67055
-5.68552
-5.69564
-5.69886
-5.69352
-5.68009
-5.6591
-5.62958
-5.59343
-5.55249
-5.51228
-5.47371
-5.43772
-5.40561
-5.3751
-5.34712
-5.32352
-5.30867
-5.30302
-5.30849
-5.31942
-5.33726
-5.35727
-5.37392
-5.38612
-5.39278
-5.39288
-5.38821
-5.38177
-5.37384
-5.36678
-5.35891
-5.34844
-5.33493
-5.3175
-5.29939
-5.28491
-5.27945
-5.28525
-5.30478
-5.33537
-5.37293
-5.4113
-5.44336
-5.4639
-5.4693
-5.45595
-5.43169
-5.40089
-5.36993
-5.34745
-5.33529
-5.3366
-5.34574
-5.36248
-5.38108
-5.39843
-5.41058
-5.41252
-5.40457
-5.38375
-5.35756
-5.33198
-5.31047
-5.2969
-5.29322
-5.29806
-5.30689
-5.31742
-5.32947
-5.3424
-5.35609
-5.36828
-5.37994
-5.39273
-5.40357
-5.41484
-5.4253
-5.43702
-5.44903
-5.4581
-5.46371
-5.4638
-5.45636
-5.44431
-5.43107
-5.41964
-5.41251
-5.41319
-5.41508
-5.41412
-5.4051
-5.38495
-5.35373
-5.31708
-5.28498
-5.26936
-5.27842
-5.30928
-5.35505
-5.4046
-5.45001
-5.48494
-5.50576
-5.51296
-5.50968
-5.49824
-5.48012
-5.45752
-5.43382
-5.40879
-5.38297
-5.3561
-5.32858
-5.30145
-5.27696
-5.25947
-5.25041
-5.24966
-5.25649
-5.26925
-5.28557
-5.30624
-5.32968
-5.35116
-5.36634
-5.37386
-5.37203
-5.36221
-5.3504
-5.33705
-5.32631
-5.3182
-5.3158
-5.31654
-5.31824
-5.32414
-5.33277
-5.347
-5.36691
-5.39006
-5.41685
-5.44398
-5.46984
-5.4906
-5.50521
-5.51285
-5.51388
-5.50917
-5.49984
-5.48719
-5.47008
-5.45139
-5.43145
-5.41063
-5.38801
-5.36676
-5.34646
-5.33061
-5.32454
-5.32515
-5.33475
-5.34917
-5.3691
-5.38982
-5.41181
-5.43186
-5.44904
-5.46081
-5.4653
-5.46382
-5.45644
-5.44516
-5.43021
-5.41424
-5.39918
-5.38635
-5.37531
-5.36794
-5.36546
-5.36819
-5.37136
-5.37437
-5.37559
-5.37318
-5.36869
-5.36026
-5.34656
-5.33109
-5.31629
-5.30393
-5.29799
-5.29877
-5.30673
-5.3194
-5.33837
-5.35816
-5.3802
-5.40147
-5.42433
-5.4482
-5.4716
-5.49699
-5.5201
-5.53755
-5.54636
-5.54761
-5.53792
-5.52407
-5.50796
-5.49464
-5.48345
-5.4774
-5.47494
-5.47668
-5.47906
-5.48345
-5.48913
-5.49488
-5.49977
-5.50486
-5.50819
-5.51008
-5.50912
-5.50822
-5.50588
-5.50146
-5.49532
-5.48703
-5.47608
-5.46406
-5.44971
-5.43446
-5.42093
-5.40813
-5.39543
-5.38489
-5.37618
-5.36698
-5.3591
-5.3555
-5.35758
-5.36662
-5.38222
-5.4016
-5.42171
-5.43869
-5.45655
-5.47664
-5.49758
-5.51884
-5.53821
-5.55464
-5.5633
-5.56155
-5.55307
-5.53819
-5.52267
-5.50677
-5.49395
-5.48353
-5.48005
-5.48212
-5.48875
-5.49968
-5.51028
-5.51809
-5.51937
-5.51466
-5.50245
-5.48557
-5.46414
-5.44017
-5.41644
-5.39307
-5.3742
-5.36435
-5.36392
-5.37433
-5.39272
-5.41509
-5.43911
-5.46268
-5.48375
-5.50246
-5.51846
-5.53257
-5.54305
-5.55119
-5.55657
-5.55551
-5.54838
-5.53461
-5.51502
-5.49116
-5.46524
-5.44372
-5.42943
-5.42136
-5.41997
-5.42509
-5.43263
-5.44142
-5.45239
-5.46224
-5.47103
-5.48053
-5.48789
-5.49024
-5.48863
-5.4814
-5.47096
-5.46245
-5.45506
-5.4491
-5.44449
-5.43786
-5.42985
-5.41795
-5.40519
-5.39531
-5.38819
-5.38233
-5.37613
-5.36656
-5.3539
-5.33633
-5.31561
-5.29488
-5.27704
-5.26557
-5.2623
-5.26757
-5.27795
-5.29289
-5.30942
-5.32689
-5.34345
-5.35759
-5.36996
-5.38069
-5.39202
-5.40599
-5.42125
-5.43718
-5.45244
-5.46513
-5.47302
-5.47574
-5.47067
-5.45798
-5.43961
-5.4189
-5.39876
-5.38178
-5.36852
-5.36404
-5.37096
-5.38907
-5.41607
-5.44635
-5.46962
-5.48087
-5.47479
-5.45307
-5.41775
-5.37698
-5.34245
-5.32253
-5.32205
-5.3402
-5.37261
-5.41189
-5.45129
-5.48421
-5.50878
-5.5231
-5.53177
-5.53491
-5.53499
-5.53157
-5.52671
-5.51994
-5.51106
-5.50071
-5.48783
-5.47388
-5.45734
-5.44206
-5.42724
-5.41682
-5.41395
-5.41603
-5.42426
-5.43641
-5.45063
-5.4625
-5.47018
-5.47221
-5.46658
-5.45532
-5.44284
-5.42833
-5.41392
-5.40102
-5.3929
-5.39443
-5.40387
-5.41532
-5.42331
-5.42278
-5.41691
-5.40615
-5.39139
-5.37632
-5.35939
-5.34176
-5.3238
-5.30719
-5.29393
-5.28747
-5.28984
-5.30544
-5.33369
-5.37094
-5.41309
-5.45131
-5.48262
-5.50337
-5.51222
-5.50942
-5.49738
-5.47968
-5.45923
-5.43786
-5.42119
-5.41095
-5.40956
-5.41707
-5.43098
-5.45024
-5.47174
-5.49013
-5.50344
-5.50829
-5.50439
-5.49339
-5.47597
-5.45469
-5.43282
-5.4105
-5.39403
-5.38115
-5.37207
-5.36515
-5.3607
-5.35877
-5.36038
-5.3675
-5.37974
-5.39929
-5.42256
-5.44954
-5.4758
-5.50098
-5.52068
-5.53247
-5.53606
-5.53028
-5.51999
-5.50742
-5.49824
-5.49418
-5.49971
-5.51036
-5.5248
-5.53806
-5.5471
-5.55186
-5.54854
-5.53739
-5.51834
-5.48849
-5.45031
-5.40558
-5.35702
-5.30979
-5.2711
-5.24781
-5.24137
-5.253
-5.27927
-5.31038
-5.34137
-5.36428
-5.37543
-5.37271
-5.35899
-5.342
-5.32802
-5.32248
-5.32637
-5.33976
-5.35638
-5.37363
-5.39202
-5.40994
-5.42561
-5.44047
-5.45169
-5.45754
-5.45639
-5.44842
-5.43142
-5.40936
-5.38202
-5.35424
-5.32693
-5.30426
-5.28849
-5.28182
-5.2848
-5.30024
-5.3257
-5.35937
-5.39919
-5.43798
-5.46986
-5.49265
-5.50408
-5.50691
-5.50254
-5.4943
-5.48356
-5.46909
-5.45012
-5.42553
-5.39459
-5.36119
-5.33016
-5.30625
-5.2956
-5.29985
-5.31934
-5.3505
-5.38886
-5.42922
-5.46688
-5.49916
-5.522
-5.53443
-5.53699
-5.53051
-5.52041
-5.50934
-5.49997
-5.49365
-5.49131
-5.49325
-5.49773
-5.50627
-5.51935
-5.53633
-5.55604
-5.57778
-5.59815
-5.61551
-5.62771
-5.63413
-5.6337
-5.62715
-5.61893
-5.60789
-5.59597
-5.58086
-5.5614
-5.5362
-5.50103
-5.45682
-5.40729
-5.36097
-5.3293
-5.31608
-5.31762
-5.32713
-5.33912
-5.35069
-5.36342
-5.37659
-5.38755
-5.39381
-5.39318
-5.38695
-5.37875
-5.37259
-5.37196
-5.3788
-5.3948
-5.414
-5.43175
-5.44483
-5.44848
-5.44372
-5.43454
-5.42139
-5.40344
-5.38203
-5.35955
-5.3372
-5.31812
-5.30519
-5.29691
-5.29537
-5.29994
-5.30824
-5.31877
-5.33105
-5.34709
-5.36777
-5.39289
-5.42154
-5.44976
-5.47488
-5.4977
-5.51463
-5.52474
-5.52971
-5.52574
-5.51553
-5.49845
-5.47858
-5.46074
-5.4493
-5.44354
-5.4446
-5.44846
-5.45246
-5.45603
-5.45931
-5.4635
-5.46687
-5.46859
-5.4653
-5.45792
-5.44723
-5.43826
-5.43447
-5.43962
-5.45319
-5.47193
-5.49281
-5.51194
-5.52446
-5.53047
-5.5255
-5.51193
-5.49231
-5.47039
-5.4535
-5.44529
-5.44516
-5.45106
-5.46055
-5.47454
-5.48749
-5.50093
-5.51243
-5.52168
-5.52707
-5.52704
-5.52356
-5.51831
-5.51015
-5.50365
-5.49628
-5.48664
-5.47423
-5.45759
-5.4375
-5.41589
-5.39508
-5.37764
-5.36272
-5.34963
-5.33705
-5.32477
-5.31378
-5.3085
-5.31119
-5.32151
-5.33877
-5.36127
-5.38642
-5.41072
-5.43366
-5.45139
-5.46404
-5.46972
-5.4684
-5.46268
-5.4523
-5.43766
-5.42014
-5.40091
-5.37839
-5.35604
-5.33537
-5.32041
-5.31633
-5.3272
-5.3522
-5.38688
-5.42371
-5.45947
-5.48894
-5.51003
-5.5258
-5.53661
-5.54045
-5.53216
-5.51164
-5.48139
-5.44833
-5.41579
-5.38917
-5.37365
-5.3699
-5.3736
-5.38263
-5.39253
-5.4034
-5.41443
-5.4293
-5.4461
-5.46501
-5.48017
-5.48747
-5.47919
-5.45514
-5.41672
-5.36637
-5.31559
-5.27348
-5.24862
-5.248
-5.27224
-5.31344
-5.36724
-5.42003
-5.4647
-5.49575
-5.51073
-5.50975
-5.4982
-5.4835
-5.46964
-5.46289
-5.46456
-5.47276
-5.48594
-5.49958
-5.50977
-5.51463
-5.51225
-5.50326
-5.49176
-5.47715
-5.46542
-5.45701
-5.44697
-5.43383
-5.41622
-5.39516
-5.37265
-5.35506
-5.3472
-5.35266
-5.372
-5.40574
-5.44504
-5.48278
-5.51163
-5.52679
-5.52538
-5.51087
-5.48351
-5.44767
-5.40724
-5.36641
-5.32707
-5.29165
-5.26655
-5.2591
-5.27361
-5.30925
-5.35403
-5.40047
-5.44257
-5.47689
-5.50129
-5.51698
-5.52423
-5.52991
-5.53561
-5.54452
-5.55879
-5.57416
-5.58461
-5.58806
-5.58419
-5.57151
-5.55196
-5.5262
-5.50202
-5.48618
-5.48674
-5.50086
-5.52115
-5.53844
-5.55123
-5.55763
-5.55888
-5.55699
-5.55591
-5.55469
-5.55513
-5.55761
-5.5643
-5.57241
-5.58125
-5.58849
-5.59318
-5.59299
-5.58717
-5.57603
-5.5608
-5.5442
-5.5263
-5.50755
-5.48927
-5.47351
-5.4593
-5.44991
-5.44514
-5.44362
-5.44382
-5.44447
-5.44648
-5.44987
-5.45645
-5.46521
-5.47463
-5.4802
-5.47726
-5.46245
-5.43643
-5.4041
-5.37254
-5.34958
-5.33509
-5.33248
-5.3402
-5.35289
-5.36839
-5.38335
-5.39629
-5.4063
-5.41513
-5.42709
-5.44232
-5.46356
-5.48591
-5.51023
-5.52973
-5.54293
-5.54903
-5.54968
-5.54474
-5.53393
-5.51724
-5.49594
-5.47316
-5.45559
-5.44596
-5.44779
-5.45532
-5.46627
-5.47946
-5.49142
-5.50054
-5.5035
-5.50249
-5.49427
-5.48415
-5.4727
-5.46333
-5.45568
-5.45166
-5.45132
-5.451
-5.45106
-5.44852
-5.44402
-5.43889
-5.42982
-5.42189
-5.41506
-5.40994
-5.40955
-5.41047
-5.41445
-5.41719
-5.42076
-5.42416
-5.42674
-5.43373
-5.44732
-5.46625
-5.49069
-5.52005
-5.54963
-5.57667
-5.59941
-5.61516
-5.62243
-5.61924
-5.60522
-5.58207
-5.54915
-5.51016
-5.46918
-5.43118
-5.40509
-5.39316
-5.3916
-5.39376
-5.39462
-5.39285
-5.38999
-5.38694
-5.38677
-5.38852
-5.39444
-5.40093
-5.41004
-5.4173
-5.42684
-5.4369
-5.44831
-5.46065
-5.47191
-5.48408
-5.49606
-5.50568
-5.51588
-5.52299
-5.52828
-5.52715
-5.51965
-5.50381
-5.4795
-5.4481
-5.41309
-5.37958
-5.35588
-5.34714
-5.35724
-5.38171
-5.41619
-5.45478
-5.49089
-5.52069
-5.54272
-5.5534
-5.55338
-5.54627
-5.53375
-5.51835
-5.50295
-5.48461
-5.46356
-5.4427
-5.42404
-5.41269
-5.41091
-5.41816
-5.43141
-5.44324
-5.4499
-5.44522
-5.43129
-5.40922
-5.386
-5.36727
-5.36274
-5.37743
-5.41217
-5.45645
-5.50023
-5.53304
-5.55392
-5.56279
-5.56608
-5.56529
-5.56417
-5.56659
-5.56693
-5.56277
-5.55297
-5.53743
-5.52041
-5.50677
-5.49716
-5.48974
-5.4836
-5.47638
-5.47179
-5.47337
-5.48103
-5.49221
-5.50568
-5.51328
-5.51371
-5.50522
-5.48773
-5.46472
-5.43498
-5.40282
-5.37415
-5.35226
-5.33973
-5.33804
-5.3453
-5.36123
-5.38308
-5.40877
-5.43476
-5.4561
-5.47223
-5.47963
-5.47974
-5.47452
-5.46416
-5.45136
-5.43801
-5.42582
-5.41353
-5.40105
-5.38882
-5.37899
-5.37085
-5.36645
-5.36685
-5.37193
-5.38172
-5.39666
-5.41354
-5.43104
-5.44594
-5.45522
-5.45889
-5.45736
-5.45221
-5.44466
-5.43496
-5.42292
-5.40739
-5.39111
-5.3804
-5.38007
-5.39381
-5.41848
-5.45087
-5.48212
-5.50926
-5.52956
-5.54174
-5.54693
-5.54472
-5.53616
-5.52352
-5.50934
-5.4972
-5.48552
-5.47902
-5.47485
-5.47132
-5.46696
-5.46286
-5.4561
-5.45033
-5.44209
-5.43266
-5.42238
-5.4121
-5.4042
-5.39964
-5.3992
-5.40098
-5.40091
-5.39454
-5.38207
-5.36864
-5.35881
-5.35667
-5.36485
-5.38144
-5.40247
-5.42309
-5.44081
-5.45534
-5.46591
-5.47593
-5.4843
-5.49357
-5.50188
-5.50817
-5.51147
-5.51435
-5.51538
-5.51705
-5.51912
-5.52235
-5.52417
-5.52027
-5.50743
-5.48778
-5.4671
-5.45225
-5.45063
-5.46105
-5.47777
-5.49389
-5.50552
-5.50506
-5.49056
-5.46488
-5.43412
-5.40357
-5.37652
-5.35506
-5.34036
-5.33958
-5.35318
-5.38258
-5.42442
-5.47126
-5.51778
-5.55815
-5.58861
-5.60775
-5.61417
-5.60808
-5.59021
-5.56128
-5.5279
-5.49279
-5.45999
-5.43161
-5.40591
-5.38074
-5.35289
-5.32417
-5.29237
-5.25899
-5.22559
-5.19418
-5.16732
-5.15263
-5.15218
-5.16658
-5.19349
-5.23107
-5.27736
-5.32573
-5.37181
-5.41147
-5.44209
-5.46125
-5.47004
-5.47133
-5.46812
-5.46333
-5.45977
-5.45846
-5.46395
-5.47251
-5.48376
-5.49258
-5.49773
-5.49331
-5.48114
-5.46091
-5.4355
-5.41081
-5.38881
-5.37325
-5.36512
-5.36259
-5.36607
-5.37357
-5.38617
-5.40097
-5.41513
-5.42774
-5.43694
-5.44423
-5.44848
-5.4507
-5.45154
-5.44928
-5.44674
-5.4405
-5.43137
-5.41904
-5.40494
-5.38879
-5.37156
-5.35406
-5.33413
-5.31536
-5.29625
-5.28082
-5.26933
-5.26325
-5.26391
-5.273
-5.29007
-5.31685
-5.3527
-5.39383
-5.43726
-5.4772
-5.50854
-5.52599
-5.53009
-5.52103
-5.50206
-5.47669
-5.45306
-5.4354
-5.42788
-5.43124
-5.4381
-5.44656
-5.44784
-5.44242
-5.43452
-5.4301
-5.43329
-5.44537
-5.46359
-5.48316
-5.50002
-5.51056
-5.5134
-5.50813
-5.49666
-5.48165
-5.46795
-5.45891
-5.4596
-5.46894
-5.48688
-5.51042
-5.5372
-5.56334
-5.58685
-5.60611
-5.61981
-5.62507
-5.62343
-5.61222
-5.59501
-5.57224
-5.54475
-5.5151
-5.48705
-5.46256
-5.44437
-5.43297
-5.42917
-5.43097
-5.43489
-5.44144
-5.45186
-5.46781
-5.49001
-5.51636
-5.54157
-5.56461
-5.5813
-5.59123
-5.59407
-5.58972
-5.58082
-5.56857
-5.55284
-5.53634
-5.51788
-5.50099
-5.48178
-5.46294
-5.44693
-5.43723
-5.43367
-5.43645
-5.44412
-5.45311
-5.45819
-5.45876
-5.45172
-5.43962
-5.42626
-5.41364
-5.4024
-5.39368
-5.38979
-5.38908
-5.39304
-5.4012
-5.41501
-5.43253
-5.45201
-5.47268
-5.49325
-5.51211
-5.53055
-5.54714
-5.56098
-5.57085
-5.57557
-5.57217
-5.56079
-5.5432
-5.51883
-5.49196
-5.46701
-5.44534
-5.42785
-5.41516
-5.40659
-5.40081
-5.39917
-5.40408
-5.41654
-5.43879
-5.46627
-5.4925
-5.51198
-5.52422
-5.52833
-5.52403
-5.51411
-5.49947
-5.48394
-5.46924
-5.45862
-5.45367
-5.45248
-5.45843
-5.47025
-5.48745
-5.50796
-5.52882
-5.54723
-5.56114
-5.56954
-5.56893
-5.56246
-5.54941
-5.53348
-5.51797
-5.50749
-5.50312
-5.50584
-5.51259
-5.51916
-5.52567
-5.52751
-5.52442
-5.51471
-5.50069
-5.48076
-5.45536
-5.42609
-5.3979
-5.37267
-5.35348
-5.34274
-5.33749
-5.33506
-5.3327
-5.32928
-5.32291
-5.31851
-5.31916
-5.32672
-5.34457
-5.36864
-5.39657
-5.42124
-5.43952
-5.44848
-5.44719
-5.43988
-5.42825
-5.41258
-5.39552
-5.3755
-5.35432
-5.33293
-5.31096
-5.28996
-5.2728
-5.26145
-5.25995
-5.26831
-5.29029
-5.32214
-5.36113
-5.40092
-5.43572
-5.4628
-5.48009
-5.48673
-5.4835
-5.47311
-5.46208
-5.45987
-5.47078
-5.49238
-5.51933
-5.54292
-5.55862
-5.56167
-5.55734
-5.54615
-5.53161
-5.5157
-5.50214
-5.48982
-5.47867
-5.47028
-5.46496
-5.46099
-5.45966
-5.45953
-5.46221
-5.46333
-5.46095
-5.45761
-5.44987
-5.43733
-5.42069
-5.39642
-5.36578
-5.32839
-5.29212
-5.266
-5.25739
-5.26275
-5.27445
-5.28569
-5.29151
-5.29451
-5.29457
-5.29658
-5.30004
-5.30751
-5.31571
-5.32303
-5.32781
-5.33291
-5.34098
-5.35558
-5.37855
-5.40933
-5.44461
-5.47939
-5.50749
-5.52723
-5.53708
-5.53422
-5.51772
-5.49042
-5.46026
-5.43243
-5.41536
-5.40972
-5.41462
-5.42191
-5.42702
-5.42793
-5.4223
-5.41014
-5.39442
-5.37718
-5.36
-5.34564
-5.33618
-5.33063
-5.32955
-5.33121
-5.33657
-5.34699
-5.35703
-5.3651
-5.37059
-5.37554
-5.38098
-5.38953
-5.40055
-5.41288
-5.42428
-5.43317
-5.44024
-5.44465
-5.44823
-5.45347
-5.45876
-5.46427
-5.46788
-5.46961
-5.46575
-5.45438
-5.43782
-5.41459
-5.38728
-5.35942
-5.33578
-5.31868
-5.31182
-5.31574
-5.33008
-5.35681
-5.38978
-5.4258
-5.45897
-5.48573
-5.5031
-5.50779
-5.50111
-5.48322
-5.45639
-5.42488
-5.39146
-5.35994
-5.33383
-5.31328
-5.30137
-5.29798
-5.30227
-5.31382
-5.33025
-5.34647
-5.35931
-5.36498
-5.36371
-5.35444
-5.33899
-5.3276
-5.32546
-5.3336
-5.3479
-5.36254
-5.37367
-5.37829
-5.38007
-5.37987
-5.38248
-5.38666
-5.39312
-5.40025
-5.40776
-5.41278
-5.41398
-5.40981
-5.40125
-5.38767
-5.36912
-5.34785
-5.32549
-5.30551
-5.29015
-5.2826
-5.28278
-5.29263
-5.30864
-5.32716
-5.34532
-5.35868
-5.36738
-5.36944
-5.36441
-5.35291
-5.33827
-5.32243
-5.30795
-5.29742
-5.29218
-5.29512
-5.30811
-5.33094
-5.36053
-5.3917
-5.41989
-5.44227
-5.45987
-5.47154
-5.47937
-5.48389
-5.48637
-5.4858
-5.48267
-5.4766
-5.4699
-5.46194
-5.45007
-5.43548
-5.41739
-5.39621
-5.37362
-5.3532
-5.33551
-5.3231
-5.31532
-5.3121
-5.31204
-5.31571
-5.3237
-5.33382
-5.34375
-5.35287
-5.35945
-5.36543
-5.36907
-5.37255
-5.37788
-5.38674
-5.39733
-5.41028
-5.4222
-5.43113
-5.43508
-5.4333
-5.42575
-5.41113
-5.39267
-5.37341
-5.35854
-5.35116
-5.35338
-5.36586
-5.38687
-5.41273
-5.44022
-5.46562
-5.4865
-5.50115
-5.50908
-5.51168
-5.51138
-5.50985
-5.50314
-5.49254
-5.47658
-5.46177
-5.45402
-5.45926
-5.4742
-5.49446
-5.51042
-5.51899
-5.51807
-5.5078
-5.49153
-5.47093
-5.45031
-5.43142
-5.41597
-5.40447
-5.39703
-5.39214
-5.393
-5.39874
-5.40893
-5.41979
-5.43029
-5.43799
-5.44057
-5.43803
-5.43209
-5.42457
-5.41695
-5.41087
-5.40781
-5.40974
-5.41659
-5.42859
-5.4452
-5.46601
-5.48542
-5.50221
-5.51273
-5.51506
-5.51087
-5.49689
-5.47432
-5.44396
-5.4062
-5.36283
-5.31861
-5.27984
-5.25101
-5.23812
-5.24118
-5.25806
-5.28352
-5.3105
-5.34087
-5.36885
-5.39356
-5.41277
-5.42488
-5.43104
-5.43437
-5.43358
-5.43317
-5.43559
-5.44175
-5.4521
-5.46257
-5.4724
-5.481
-5.48844
-5.49365
-5.49954
-5.50651
-5.51718
-5.53135
-5.54555
-5.55661
-5.56307
-5.56554
-5.56444
-5.55962
-5.55222
-5.53971
-5.52379
-5.50547
-5.48645
-5.46887
-5.45574
-5.44642
-5.44013
-5.43643
-5.4324
-5.42423
-5.41198
-5.39723
-5.38366
-5.37049
-5.3576
-5.34423
-5.32979
-5.31455
-5.30122
-5.2913
-5.28927
-5.29812
-5.31623
-5.34323
-5.37179
-5.39723
-5.41365
-5.42069
-5.41965
-5.41126
-5.39999
-5.38936
-5.38054
-5.37473
-5.37325
-5.37663
-5.38195
-5.38845
-5.39486
-5.40175
-5.40858
-5.41424
-5.42007
-5.42427
-5.43113
-5.43895
-5.4508
-5.46566
-5.48163
-5.49711
-5.51013
-5.5186
-5.52433
-5.52633
-5.52676
-5.52428
-5.52031
-5.51156
-5.49716
-5.47316
-5.44164
-5.40465
-5.36544
-5.33317
-5.31465
-5.31502
-5.33563
-5.37114
-5.41688
-5.46037
-5.49608
-5.51842
-5.52701
-5.52331
-5.50916
-5.4903
-5.46887
-5.45043
-5.43898
-5.43476
-5.4356
-5.43849
-5.43952
-5.43905
-5.43644
-5.43223
-5.42939
-5.42857
-5.43221
-5.43795
-5.44863
-5.45753
-5.46506
-5.46639
-5.46017
-5.44964
-5.43411
-5.41596
-5.39692
-5.37963
-5.36529
-5.35572
-5.35103
-5.35027
-5.35063
-5.35277
-5.35299
-5.35223
-5.35226
-5.35313
-5.35574
-5.35712
-5.35458
-5.34893
-5.34044
-5.33016
-5.31939
-5.31059
-5.30592
-5.3036
-5.30345
-5.30603
-5.31226
-5.3224
-5.33811
-5.35843
-5.3817
-5.40728
-5.4333
-5.45553
-5.47274
-5.4827
-5.48797
-5.48888
-5.48832
-5.48664
-5.48736
-5.49083
-5.4946
-5.49723
-5.49736
-5.4936
-5.48609
-5.47287
-5.45443
-5.4315
-5.40524
-5.37536
-5.34538
-5.31955
-5.30115
-5.2953
-5.30296
-5.32268
-5.34748
-5.37035
-5.38743
-5.39473
-5.39186
-5.38008
-5.36238
-5.34258
-5.32279
-5.30739
-5.30047
-5.30145
-5.31113
-5.32827
-5.34981
-5.37188
-5.39448
-5.41426
-5.4297
-5.44081
-5.44602
-5.44741
-5.44412
-5.43857
-5.43216
-5.42725
-5.42106
-5.413
-5.40001
-5.38035
-5.35438
-5.33189
-5.31809
-5.3237
-5.35044
-5.38999
-5.4303
-5.46146
-5.47897
-5.48532
-5.47938
-5.46647
-5.45234
-5.43675
-5.41891
-5.40108
-5.38297
-5.36447
-5.34452
-5.32802
-5.31501
-5.30828
-5.30844
-5.31598
-5.33186
-5.35269
-5.37852
-5.40516
-5.42898
-5.44766
-5.46328
-5.47274
-5.4752
-5.46808
-5.44955
-5.42283
-5.3904
-5.35979
-5.34306
-5.34657
-5.36436
-5.38893
-5.41237
-5.43009
-5.43945
-5.4427
-5.43953
-5.43158
-5.41847
-5.40187
-5.38284
-5.3619
-5.34017
-5.32056
-5.30504
-5.29598
-5.29484
-5.30232
-5.31621
-5.33548
-5.35574
-5.37468
-5.39299
-5.41108
-5.43019
-5.4501
-5.46934
-5.48175
-5.488
-5.48517
-5.47669
-5.46155
-5.44341
-5.42415
-5.40724
-5.39746
-5.3936
-5.3986
-5.41188
-5.42962
-5.44903
-5.46635
-5.48058
-5.49141
-5.49963
-5.50944
-5.52127
-5.53459
-5.5458
-5.55406
-5.55824
-5.55848
-5.5582
-5.55499
-5.54798
-5.5389
-5.52581
-5.50874
-5.48432
-5.45406
-5.41676
-5.37389
-5.32649
-5.28248
-5.25134
-5.24019
-5.24886
-5.27013
-5.29226
-5.30975
-5.31736
-5.317
-5.30828
-5.29697
-5.28624
-5.28032
-5.28018
-5.28606
-5.29488
-5.30657
-5.3166
-5.32654
-5.33785
-5.3509
-5.36811
-5.38738
-5.40767
-5.42436
-5.43963
-5.45217
-5.46148
-5.46896
-5.47228
-5.47298
-5.47077
-5.46847
-5.46664
-5.46666
-5.4666
-5.46674
-5.46461
-5.45838
-5.44961
-5.43945
-5.43286
-5.42907
-5.4315
-5.43716
-5.44415
-5.44998
-5.45163
-5.44877
-5.44236
-5.43247
-5.42083
-5.40739
-5.39307
-5.37812
-5.3633
-5.35071
-5.34266
-5.3414
-5.34522
-5.3544
-5.36759
-5.38351
-5.39754
-5.40744
-5.41331
-5.41453
-5.41182
-5.40856
-5.40697
-5.40578
-5.4047
-5.40253
-5.40071
-5.40247
-5.40822
-5.42014
-5.4372
-5.45797
-5.48253
-5.50803
-5.53324
-5.55606
-5.57544
-5.58762
-5.59362
-5.59238
-5.58463
-5.56919
-5.54329
-5.50984
-5.46813
-5.42489
-5.38735
-5.35733
-5.33899
-5.33204
-5.3356
-5.34722
-5.36522
-5.38642
-5.40961
-5.43337
-5.4527
-5.4669
-5.4765
-5.48004
-5.48177
-5.48286
-5.48344
-5.4841
-5.48516
-5.48655
-5.48772
-5.48679
-5.48548
-5.48378
-5.48063
-5.4748
-5.46583
-5.4546
-5.44089
-5.42669
-5.4152
-5.40815
-5.40729
-5.41173
-5.42438
-5.44266
-5.46423
-5.48654
-5.50517
-5.51856
-5.52565
-5.52333
-5.51261
-5.49627
-5.47566
-5.45264
-5.42844
-5.40571
-5.38296
-5.36121
-5.34065
-5.32756
-5.32396
-5.33111
-5.35009
-5.3802
-5.41716
-5.45624
-5.49231
-5.5225
-5.54441
-5.55933
-5.56839
-5.5732
-5.57322
-5.57189
-5.57098
-5.57301
-5.57775
-5.58231
-5.58326
-5.57797
-5.56414
-5.54562
-5.52757
-5.51453
-5.50849
-5.507
-5.50671
-5.50341
-5.4953
-5.48102
-5.46361
-5.44382
-5.4278
-5.41583
-5.40655
-5.39848
-5.38926
-5.37962
-5.36964
-5.36254
-5.36075
-5.3658
-5.37812
-5.39493
-5.41719
-5.43961
-5.46037
-5.47981
-5.49813
-5.51238
-5.51727
-5.50956
-5.48953
-5.46137
-5.43773
-5.42827
-5.4365
-5.45632
-5.47825
-5.49241
-5.49731
-5.49528
-5.49204
-5.48822
-5.48788
-5.49174
-5.49555
-5.49789
-5.49876
-5.49472
-5.4886
-5.48068
-5.47249
-5.4672
-5.46552
-5.46636
-5.46946
-5.47084
-5.47165
-5.46952
-5.46482
-5.45736
-5.44979
-5.44033
-5.43083
-5.42268
-5.41372
-5.40674
-5.40101
-5.39615
-5.39451
-5.39451
-5.40135
-5.41651
-5.43973
-5.46865
-5.49718
-5.52035
-5.53459
-5.54034
-5.54059
-5.53813
-5.53544
-5.53429
-5.53301
-5.53504
-5.53903
-5.5457
-5.55266
-5.56189
-5.56737
-5.56905
-5.5639
-5.54881
-5.52508
-5.49243
-5.4545
-5.41497
-5.38103
-5.35905
-5.3508
-5.35449
-5.36882
-5.38695
-5.40451
-5.42252
-5.43962
-5.45513
-5.46628
-5.47246
-5.47092
-5.46253
-5.45118
-5.43619
-5.42097
-5.40783
-5.39784
-5.39335
-5.3932
-5.39873
-5.40889
-5.42344
-5.44379
-5.47017
-5.49802
-5.52681
-5.55271
-5.57216
-5.58478
-5.58815
-5.58195
-5.57012
-5.55693
-5.54675
-5.54233
-5.54104
-5.54189
-5.54261
-5.54163
-5.54026
-5.54241
-5.54829
-5.55893
-5.57321
-5.58791
-5.60012
-5.60732
-5.60643
-5.59886
-5.5829
-5.55771
-5.52281
-5.48577
-5.44722
-5.41162
-5.38603
-5.3723
-5.37137
-5.38296
-5.40355
-5.42685
-5.44713
-5.46076
-5.46345
-5.45561
-5.43803
-5.41557
-5.3945
-5.3767
-5.36437
-5.35892
-5.35756
-5.35926
-5.36054
-5.35966
-5.35691
-5.35476
-5.35685
-5.36215
-5.37183
-5.38316
-5.39423
-5.40358
-5.40764
-5.40752
-5.40262
-5.3959
-5.38881
-5.38736
-5.38832
-5.39168
-5.3942
-5.39366
-5.39194
-5.38661
-5.38004
-5.37399
-5.3687
-5.36014
-5.35238
-5.34385
-5.33598
-5.32994
-5.3276
-5.33001
-5.33723
-5.34699
-5.35601
-5.36229
-5.36295
-5.35712
-5.34741
-5.33668
-5.32826
-5.32282
-5.32183
-5.32367
-5.32987
-5.34083
-5.35527
-5.37163
-5.38916
-5.4049
-5.4177
-5.42617
-5.42911
-5.42865
-5.42332
-5.4169
-5.40778
-5.39842
-5.38861
-5.37944
-5.36913
-5.35586
-5.34109
-5.32797
-5.31691
-5.31366
-5.31756
-5.33152
-5.35261
-5.37846
-5.40165
-5.42274
-5.43921
-5.45498
-5.47062
-5.48456
-5.49704
-5.50389
-5.50591
-5.50222
-5.49463
-5.48422
-5.4769
-5.47271
-5.47439
-5.48133
-5.49256
-5.50613
-5.51826
-5.52645
-5.52889
-5.52534
-5.51516
-5.49916
-5.48171
-5.46287
-5.44684
-5.43501
-5.4285
-5.4289
-5.43614
-5.44796
-5.46342
-5.47875
-5.49162
-5.49741
-5.49222
-5.47553
-5.44903
-5.41393
-5.37445
-5.33525
-5.30421
-5.28824
-5.28611
-5.2972
-5.31877
-5.34689
-5.37638
-5.40518
-5.42895
-5.44866
-5.45978
-5.46261
-5.45931
-5.44929
-5.43649
-5.42289
-5.41491
-5.41215
-5.41829
-5.42881
-5.44106
-5.45525
-5.46679
-5.47576
-5.48292
-5.48667
-5.48677
-5.48367
-5.47849
-5.47256
-5.46618
-5.46381
-5.46455
-5.46912
-5.4773
-5.48566
-5.49366
-5.50152
-5.50601
-5.50763
-5.50429
-5.49447
-5.4764
-5.45273
-5.42364
-5.39294
-5.36606
-5.34581
-5.33657
-5.34251
-5.36125
-5.38953
-5.41997
-5.44517
-5.45924
-5.46096
-5.44941
-5.42819
-5.40067
-5.37655
-5.36546
-5.36874
-5.38358
-5.40418
-5.42445
-5.44053
-5.45037
-5.45498
-5.45498
-5.45044
-5.44296
-5.42989
-5.41451
-5.39868
-5.38423
-5.37486
-5.37613
-5.38487
-5.40129
-5.41939
-5.43589
-5.44901
-5.45959
-5.467
-5.47686
-5.48895
-5.5026
-5.51747
-5.5311
-5.53848
-5.54141
-5.53882
-5.52897
-5.51481
-5.49833
-5.48285
-5.47188
-5.46816
-5.47444
-5.48813
-5.5055
-5.52004
-5.52955
-5.52946
-5.52122
-5.50462
-5.48369
-5.46123
-5.43838
-5.41863
-5.40486
-5.3987
-5.399
-5.40288
-5.41094
-5.41757
-5.42239
-5.42819
-5.43264
-5.44042
-5.45152
-5.46682
-5.48504
-5.50564
-5.52502
-5.54107
-5.55173
-5.55606
-5.55436
-5.54871
-5.53892
-5.5312
-5.52449
-5.5222
-5.52384
-5.52881
-5.53701
-5.54383
-5.55282
-5.56136
-5.56751
-5.57278
-5.57577
-5.57678
-5.57572
-5.57629
-5.57666
-5.57709
-5.57646
-5.57586
-5.57504
-5.57084
-5.56252
-5.54682
-5.52418
-5.49772
-5.47169
-5.45168
-5.44362
-5.44459
-5.4515
-5.46019
-5.46902
-5.47793
-5.48851
-5.50355
-5.52357
-5.54846
-5.57552
-5.60077
-5.61972
-5.63186
-5.63548
-5.62904
-5.61566
-5.5958
-5.57071
-5.5403
-5.50834
-5.4744
-5.44448
-5.42177
-5.40824
-5.40352
-5.40098
-5.3975
-5.39112
-5.38319
-5.37301
-5.36405
-5.35633
-5.34941
-5.34792
-5.35008
-5.35655
-5.36414
-5.37167
-5.37834
-5.38066
-5.37782
-5.3715
-5.35947
-5.34481
-5.32892
-5.31638
-5.31005
-5.31221
-5.32188
-5.33856
-5.3587
-5.38057
-5.39763
-5.40741
-5.41006
-5.41005
-5.41171
-5.4174
-5.42576
-5.43301
-5.43616
-5.43446
-5.43277
-5.43129
-5.43123
-5.43287
-5.43206
-5.42719
-5.41757
-5.40325
-5.38555
-5.36513
-5.34441
-5.32772
-5.31448
-5.30496
-5.30047
-5.29886
-5.29687
-5.29732
-5.30176
-5.31156
-5.3265
-5.34796
-5.3731
-5.39543
-5.41461
-5.4239
-5.4269
-5.42442
-5.41712
-5.40768
-5.3992
-5.39154
-5.38514
-5.38235
-5.38135
-5.38408
-5.38542
-5.38838
-5.38775
-5.38196
-5.36991
-5.34923
-5.32385
-5.29622
-5.27091
-5.25239
-5.2424
-5.2413
-5.24967
-5.26364
-5.28042
-5.29564
-5.30583
-5.31335
-5.31416
-5.31438
-5.31391
-5.31335
-5.31619
-5.32034
-5.32799
-5.33864
-5.35122
-5.3669
-5.38327
-5.39975
-5.41667
-5.43126
-5.44122
-5.44629
-5.44931
-5.44938
-5.45126
-5.45392
-5.46081
-5.47224
-5.48897
-5.50736
-5.52632
-5.54405
-5.55758
-5.56422
-5.56435
-5.55672
-5.54284
-5.52453
-5.50556
-5.48864
-5.47597
-5.46753
-5.46093
-5.45541
-5.45285
-5.45681
-5.47034
-5.49
-5.51373
-5.53872
-5.56233
-5.58409
-5.60122
-5.6111
-5.61133
-5.60007
-5.57579
-5.5424
-5.50228
-5.45898
-5.41894
-5.38724
-5.36883
-5.36337
-5.36887
-5.38117
-5.39889
-5.41876
-5.43823
-5.45478
-5.46452
-5.46515
-5.45821
-5.44776
-5.43408
-5.42037
-5.40694
-5.39277
-5.37763
-5.36352
-5.35468
-5.35548
-5.36952
-5.39447
-5.42162
-5.44304
-5.45397
-5.45076
-5.43745
-5.418
-5.39498
-5.37406
-5.3585
-5.34841
-5.34252
-5.33767
-5.33291
-5.32784
-5.3261
-5.33016
-5.34344
-5.36262
-5.38474
-5.40637
-5.42597
-5.441
-5.4509
-5.45692
-5.46076
-5.46518
-5.47249
-5.48017
-5.48805
-5.4926
-5.49376
-5.49072
-5.48474
-5.47914
-5.47758
-5.48165
-5.49169
-5.50733
-5.52535
-5.54195
-5.55499
-5.56365
-5.56818
-5.56832
-5.56371
-5.55743
-5.54935
-5.54056
-5.53179
-5.52563
-5.52343
-5.52408
-5.52832
-5.53384
-5.53918
-5.54301
-5.54339
-5.53819
-5.52743
-5.51455
-5.49964
-5.48352
-5.46831
-5.45348
-5.44073
-5.42915
-5.42103
-5.41723
-5.41751
-5.42185
-5.43175
-5.44562
-5.46379
-5.48442
-5.50477
-5.52385
-5.53655
-5.54287
-5.53987
-5.52822
-5.50776
-5.48467
-5.46254
-5.44517
-5.43354
-5.42787
-5.4255
-5.42202
-5.41594
-5.40131
-5.38161
-5.35698
-5.33265
-5.31304
-5.29872
-5.29219
-5.29371
-5.3045
-5.32449
-5.35298
-5.38907
-5.4283
-5.46498
-5.4973
-5.52185
-5.53992
-5.54844
-5.5482
-5.54239
-5.53213
-5.52113
-5.51092
-5.50094
-5.49406
-5.49134
-5.4933
-5.49961
-5.50823
-5.51715
-5.52529
-5.52948
-5.5318
-5.53076
-5.52741
-5.52307
-5.51814
-5.5145
-5.51031
-5.50568
-5.49805
-5.48744
-5.47293
-5.45661
-5.43949
-5.42331
-5.40848
-5.39209
-5.37515
-5.35738
-5.34052
-5.32436
-5.31284
-5.30796
-5.31217
-5.32871
-5.35426
-5.38508
-5.41752
-5.44871
-5.47508
-5.49843
-5.51781
-5.5336
-5.54645
-5.5542
-5.55765
-5.55633
-5.54882
-5.53586
-5.51804
-5.49964
-5.4812
-5.46261
-5.4449
-5.42654
-5.40899
-5.39483
-5.38244
-5.37503
-5.37206
-5.37232
-5.37333
-5.37534
-5.37793
-5.37819
-5.37728
-5.37758
-5.37671
-5.37406
-5.36989
-5.36491
-5.36219
-5.36481
-5.37309
-5.38922
-5.41305
-5.44101
-5.47079
-5.49896
-5.51968
-5.53305
-5.5358
-5.52816
-5.51308
-5.49345
-5.47378
-5.45695
-5.44411
-5.43981
-5.44222
-5.44939
-5.45893
-5.467
-5.47326
-5.4743
-5.47239
-5.46794
-5.46214
-5.45745
-5.45671
-5.46128
-5.47202
-5.48443
-5.49477
-5.50035
-5.49892
-5.49367
-5.48472
-5.4762
-5.46917
-5.46596
-5.46573
-5.4695
-5.47264
-5.47519
-5.47544
-5.47443
-5.47675
-5.47943
-5.48403
-5.48671
-5.48596
-5.47771
-5.4615
-5.44026
-5.41251
-5.38434
-5.36106
-5.34522
-5.33685
-5.33403
-5.33243
-5.32928
-5.32443
-5.31774
-5.31025
-5.30205
-5.29578
-5.29157
-5.29118
-5.29509
-5.30346
-5.31522
-5.32783
-5.34067
-5.35505
-5.37098
-5.38913
-5.40978
-5.43265
-5.45558
-5.47768
-5.49757
-5.51232
-5.52219
-5.5248
-5.52014
-5.50928
-5.49423
-5.47782
-5.46309
-5.44999
-5.4413
-5.439
-5.44288
-5.45148
-5.45838
-5.46428
-5.46948
-5.47474
-5.48431
-5.49347
-5.50106
-5.4979
-5.48567
-5.4609
-5.4283
-5.39358
-5.3636
-5.34203
-5.33063
-5.32586
-5.32357
-5.32236
-5.32394
-5.32837
-5.33417
-5.3411
-5.35153
-5.36213
-5.37528
-5.38809
-5.39773
-5.40411
-5.40288
-5.39661
-5.38691
-5.37898
-5.37381
-5.37586
-5.38576
-5.40104
-5.42106
-5.44148
-5.46013
-5.47581
-5.48493
-5.48801
-5.48625
-5.47962
-5.46944
-5.45967
-5.4496
-5.44074
-5.43367
-5.42693
-5.42231
-5.41846
-5.41314
-5.40531
-5.39456
-5.38021
-5.36386
-5.34816
-5.33726
-5.33165
-5.33189
-5.33453
-5.33551
-5.33318
-5.32714
-5.32681
-5.33936
-5.36404
-5.39025
-5.41231
-5.42554
-5.4327
-5.43674
-5.43978
-5.44518
-5.45049
-5.4541
-5.4505
-5.44046
-5.42382
-5.40509
-5.38865
-5.3794
-5.38694
-5.41396
-5.4529
-5.49439
-5.52822
-5.54987
-5.55795
-5.55466
-5.5433
-5.5295
-5.51659
-5.50654
-5.50394
-5.5091
-5.52031
-5.53271
-5.54019
-5.54008
-5.53197
-5.51404
-5.48989
-5.46138
-5.4319
-5.40578
-5.38387
-5.37037
-5.3652
-5.36938
-5.38002
-5.39547
-5.41018
-5.42361
-5.4323
-5.43704
-5.43732
-5.43434
-5.42727
-5.41862
-5.40839
-5.39711
-5.38839
-5.38384
-5.38499
-5.39368
-5.40894
-5.42909
-5.45389
-5.48035
-5.5055
-5.5293
-5.54872
-5.56365
-5.57178
-5.57316
-5.56927
-5.56048
-5.54864
-5.53301
-5.51599
-5.49499
-5.47118
-5.44235
-5.41281
-5.38521
-5.36662
-5.35883
-5.36759
-5.38944
-5.42059
-5.45482
-5.487
-5.511
-5.52462
-5.52768
-5.51975
-5.50447
-5.48426
-5.46245
-5.44485
-5.4333
-5.4287
-5.43308
-5.4436
-5.45609
-5.46668
-5.46985
-5.46768
-5.45892
-5.44465
-5.42837
-5.41266
-5.39952
-5.38723
-5.37608
-5.3663
-5.35857
-5.35228
-5.34763
-5.3435
-5.33634
-5.32583
-5.31162
-5.29491
-5.27813
-5.26411
-5.2552
-5.25687
-5.26827
-5.29111
-5.31897
-5.34656
-5.3713
-5.38897
-5.39837
-5.40282
-5.39947
-5.39232
-5.37986
-5.36188
-5.34251
-5.32398
-5.30748
-5.29644
-5.29003
-5.29346
-5.30707
-5.32956
-5.35854
-5.39074
-5.42168
-5.44664
-5.46611
-5.48186
-5.49257
-5.49817
-5.49812
-5.49389
-5.48557
-5.47824
-5.47142
-5.46712
-5.46556
-5.46225
-5.45714
-5.44799
-5.43619
-5.42672
-5.42224
-5.42079
-5.42647
-5.43582
-5.44632
-5.45598
-5.45921
-5.4567
-5.44712
-5.43331
-5.42201
-5.41708
-5.41749
-5.42357
-5.43364
-5.44357
-5.44923
-5.44812
-5.43604
-5.41564
-5.38959
-5.36113
-5.33777
-5.32156
-5.31437
-5.31734
-5.32967
-5.3513
-5.3832
-5.41869
-5.45523
-5.4877
-5.51366
-5.53153
-5.542
-5.54767
-5.54916
-5.54703
-5.54281
-5.53628
-5.52516
-5.51022
-5.48889
-5.46226
-5.42946
-5.39506
-5.36759
-5.35253
-5.35452
-5.3706
-5.39575
-5.42269
-5.44558
-5.46316
-5.47279
-5.47548
-5.47213
-5.46749
-5.46606
-5.46874
-5.4769
-5.4846
-5.48722
-5.4846
-5.4771
-5.46621
-5.45687
-5.45323
-5.45857
-5.47009
-5.48664
-5.50724
-5.52659
-5.54321
-5.55303
-5.55713
-5.55365
-5.54382
-5.52856
-5.50846
-5.48442
-5.45692
-5.42725
-5.39439
-5.36233
-5.33316
-5.30876
-5.29322
-5.29022
-5.2968
-5.31013
-5.32615
-5.33922
-5.35028
-5.36007
-5.37119
-5.3857
-5.40515
-5.42641
-5.44773
-5.46239
-5.46843
-5.46361
-5.44976
-5.43096
-5.413
-5.40178
-5.39948
-5.4057
-5.41801
-5.43352
-5.44952
-5.46309
-5.47377
-5.47904
-5.47611
-5.46471
-5.44477
-5.42086
-5.39496
-5.3734
-5.36144
-5.356
-5.35924
-5.36738
-5.38071
-5.39707
-5.41378
-5.42709
-5.43621
-5.44675
-5.46414
-5.48981
-5.51885
-5.54523
-5.5684
-5.59005
-5.60983
-5.62671
-5.63634
-5.63627
-5.62474
-5.6003
-5.56524
-5.52212
-5.47405
-5.4271
-5.38607
-5.35478
-5.3304
-5.31461
-5.3042
-5.2966
-5.29276
-5.29604
-5.30699
-5.32643
-5.35517
-5.38913
-5.42237
-5.4512
-5.47291
-5.48651
-5.48905
-5.48084
-5.46489
-5.44275
-5.41691
-5.39126
-5.36869
-5.35345
-5.34557
-5.34433
-5.34858
-5.35447
-5.36092
-5.3662
-5.36829
-5.36511
-5.35992
-5.35047
-5.33834
-5.32673
-5.31972
-5.31899
-5.32438
-5.33219
-5.34175
-5.35408
-5.36749
-5.38214
-5.39432
-5.39769
-5.39271
-5.37779
-5.35852
-5.34042
-5.32994
-5.33253
-5.34772
-5.37216
-5.40003
-5.42361
-5.43934
-5.44633
-5.44417
-5.435
-5.42226
-5.41084
-5.40174
-5.39908
-5.40386
-5.41499
-5.42881
-5.44086
-5.44848
-5.45044
-5.44697
-5.43925
-5.43082
-5.42487
-5.42349
-5.42852
-5.43708
-5.44764
-5.45647
-5.46298
-5.4646
-5.45827
-5.44649
-5.42948
-5.40749
-5.38226
-5.36
-5.341
-5.32765
-5.32332
-5.32953
-5.34429
-5.36366
-5.38024
-5.3915
-5.39739
-5.40102
-5.40575
-5.41348
-5.42534
-5.43949
-5.45321
-5.46282
-5.46712
-5.46713
-5.46394
-5.45809
-5.45195
-5.44194
-5.43138
-5.41855
-5.40569
-5.39377
-5.38646
-5.38366
-5.38611
-5.39258
-5.4023
-5.41337
-5.42479
-5.43528
-5.44635
-5.45782
-5.46981
-5.48224
-5.49302
-5.50334
-5.50916
-5.51143
-5.51442
-5.51747
-5.5261
-5.53958
-5.55607
-5.57227
-5.58234
-5.58458
-5.57746
-5.56184
-5.53871
-5.51328
-5.48886
-5.46657
-5.44699
-5.43114
-5.42008
-5.41251
-5.40748
-5.40188
-5.39574
-5.3912
-5.39113
-5.39664
-5.40931
-5.4283
-5.45024
-5.46898
-5.48191
-5.48984
-5.49133
-5.48659
-5.47886
-5.47007
-5.46223
-5.4583
-5.45846
-5.46578
-5.47825
-5.49485
-5.51458
-5.53476
-5.55339
-5.56891
-5.57806
-5.57861
-5.56793
-5.54691
-5.51692
-5.48249
-5.44832
-5.41715
-5.39027
-5.37229
-5.36408
-5.36311
-5.36871
-5.37526
-5.3804
-5.38208
-5.37951
-5.37228
-5.36294
-5.35423
-5.35442
-5.36866
-5.39235
-5.42389
-5.45348
-5.47661
-5.49094
-5.4975
-5.4994
-5.50019
-5.49985
-5.4987
-5.49729
-5.49569
-5.49587
-5.49328
-5.4907
-5.48529
-5.48036
-5.47391
-5.46649
-5.45965
-5.45273
-5.44552
-5.43886
-5.43087
-5.42721
-5.42594
-5.43157
-5.44265
-5.4572
-5.4737
-5.49026
-5.50349
-5.51016
-5.51097
-5.50513
-5.49074
-5.469
-5.44169
-5.41422
-5.39289
-5.38266
-5.38007
-5.37972
-5.37859
-5.37345
-5.36587
-5.35956
-5.35571
-5.35426
-5.35657
-5.35896
-5.36367
-5.37042
-5.37936
-5.39175
-5.40448
-5.41558
-5.42068
-5.42046
-5.41111
-5.39539
-5.37355
-5.34785
-5.32531
-5.31026
-5.30635
-5.31212
-5.32769
-5.34963
-5.37203
-5.39022
-5.40099
-5.40736
-5.4118
-5.42036
-5.435
-5.45589
-5.48097
-5.50792
-5.53363
-5.55679
-5.57604
-5.59068
-5.59809
-5.59679
-5.5861
-5.56931
-5.54519
-5.51605
-5.48366
-5.45034
-5.41689
-5.38591
-5.35592
-5.33615
-5.33197
-5.34593
-5.37227
-5.40225
-5.43127
-5.45612
-5.47522
-5.48717
-5.49379
-5.49419
-5.48907
-5.48022
-5.46795
-5.45388
-5.4381
-5.42673
-5.41914
-5.41927
-5.42686
-5.44224
-5.4641
-5.48967
-5.51706
-5.54443
-5.56935
-5.58962
-5.60746
-5.61817
-5.62322
-5.62097
-5.6122
-5.5979
-5.57892
-5.55687
-5.53326
-5.51258
-5.49198
-5.47321
-5.45573
-5.44144
-5.42929
-5.42106
-5.41592
-5.41299
-5.41058
-5.40632
-5.40177
-5.3975
-5.39825
-5.40556
-5.41892
-5.43998
-5.46634
-5.4942
-5.52012
-5.54424
-5.56271
-5.57441
-5.57811
-5.5719
-5.55833
-5.53614
-5.50888
-5.48134
-5.45963
-5.44372
-5.43871
-5.44261
-5.4531
-5.46688
-5.48039
-5.49193
-5.495
-5.49179
-5.48122
-5.46755
-5.45315
-5.4398
-5.43133
-5.42854
-5.42991
-5.43382
-5.43836
-5.4405
-5.44047
-5.43656
-5.43254
-5.4279
-5.42837
-5.43251
-5.43902
-5.4479
-5.4526
-5.45334
-5.44867
-5.43826
-5.42317
-5.40653
-5.39059
-5.37908
-5.37343
-5.37627
-5.38637
-5.40216
-5.42192
-5.44074
-5.45713
-5.47043
-5.48118
-5.48924
-5.4952
-5.49766
-5.49789
-5.49495
-5.48941
-5.48308
-5.47554
-5.46846
-5.46171
-5.45308
-5.44216
-5.42933
-5.41709
-5.40652
-5.39546
-5.38409
-5.37187
-5.35748
-5.33892
-5.32088
-5.30425
-5.29457
-5.29184
-5.29568
-5.30628
-5.32495
-5.34866
-5.37589
-5.40151
-5.4234
-5.43823
-5.44515
-5.44719
-5.44716
-5.44744
-5.44886
-5.45195
-5.45722
-5.4659
-5.47429
-5.48257
-5.49219
-5.50035
-5.5075
-5.51244
-5.51635
-5.51718
-5.51312
-5.50633
-5.49607
-5.48436
-5.47244
-5.46009
-5.45076
-5.44321
-5.43642
-5.43031
-5.42217
-5.41099
-5.39828
-5.38378
-5.36606
-5.34787
-5.32913
-5.31287
-5.30327
-5.3022
-5.31013
-5.32679
-5.34985
-5.37556
-5.40621
-5.44094
-5.47814
-5.51386
-5.54568
-5.56818
-5.58109
-5.58281
-5.57529
-5.5615
-5.54789
-5.54
-5.53874
-5.54343
-5.54933
-5.55197
-5.54874
-5.54184
-5.53238
-5.52108
-5.50862
-5.49395
-5.4777
-5.45845
-5.4409
-5.42887
-5.42493
-5.42965
-5.43998
-5.45457
-5.46646
-5.47842
-5.48918
-5.50056
-5.51262
-5.5243
-5.53416
-5.53929
-5.53718
-5.52714
-5.50776
-5.48262
-5.45609
-5.43733
-5.43114
-5.43895
-5.45311
-5.46715
-5.47484
-5.4773
-5.47463
-5.47294
-5.47381
-5.47898
-5.48748
-5.49832
-5.50783
-5.51317
-5.51374
-5.51114
-5.51193
-5.52046
-5.53428
-5.54972
-5.56131
-5.56833
-5.57167
-5.57301
-5.57051
-5.56426
-5.55419
-5.53896
-5.52012
-5.49822
-5.4737
-5.44788
-5.42152
-5.39593
-5.37465
-5.35837
-5.3434
-5.33124
-5.31991
-5.30961
-5.29753
-5.28186
-5.26427
-5.24747
-5.23414
-5.22631
-5.22607
-5.22883
-5.23625
-5.2467
-5.2639
-5.2894
-5.32213
-5.35748
-5.39247
-5.42162
-5.44192
-5.45308
-5.45374
-5.44453
-5.42654
-5.40433
-5.3789
-5.35597
-5.33562
-5.3216
-5.31195
-5.30685
-5.30721
-5.31324
-5.32516
-5.34004
-5.35665
-5.37119
-5.38337
-5.39049
-5.39323
-5.39043
-5.38367
-5.37456
-5.36113
-5.34517
-5.32712
-5.30744
-5.28612
-5.26549
-5.24748
-5.23288
-5.22204
-5.2183
-5.22342
-5.23697
-5.25944
-5.28902
-5.31976
-5.34842
-5.37115
-5.38791
-5.40203
-5.41165
-5.4186
-5.42389
-5.42755
-5.43119
-5.43835
-5.44754
-5.45959
-5.47113
-5.48145
-5.48747
-5.49026
-5.48612
-5.48016
-5.47161
-5.46211
-5.45055
-5.43863
-5.4293
-5.42375
-5.42356
-5.43157
-5.44108
-5.45253
-5.46362
-5.47169
-5.47755
-5.48203
-5.48686
-5.49412
-5.50204
-5.51172
-5.52493
-5.5394
-5.5547
-5.56983
-5.5811
-5.58553
-5.58246
-5.56846
-5.54416
-5.5127
-5.4779
-5.44298
-5.41024
-5.38068
-5.35683
-5.33877
-5.32981
-5.33425
-5.35319
-5.38636
-5.4264
-5.46453
-5.49365
-5.51216
-5.52107
-5.52296
-5.52012
-5.51321
-5.50535
-5.49338
-5.48094
-5.46683
-5.45207
-5.43825
-5.42692
-5.41857
-5.41438
-5.41487
-5.42361
-5.44031
-5.46391
-5.4948
-5.52657
-5.55688
-5.57913
-5.59056
-5.58872
-5.57473
-5.55119
-5.52413
-5.4938
-5.46657
-5.44145
-5.41904
-5.40005
-5.38517
-5.37391
-5.36637
-5.36117
-5.35641
-5.35269
-5.34872
-5.34795
-5.35129
-5.35958
-5.37261
-5.38939
-5.40543
-5.42145
-5.43468
-5.44238
-5.44945
-5.45377
-5.45998
-5.46763
-5.47518
-5.48518
-5.49305
-5.49915
-5.50285
-5.50344
-5.50076
-5.49843
-5.4946
-5.49095
-5.48718
-5.47973
-5.47264
-5.46269
-5.45487
-5.44841
-5.44699
-5.44854
-5.45233
-5.45815
-5.46154
-5.46284
-5.46335
-5.46768
-5.47423
-5.48454
-5.49579
-5.50433
-5.5084
-5.50526
-5.49416
-5.47585
-5.45152
-5.42612
-5.40259
-5.38501
-5.37798
-5.3807
-5.39344
-5.41595
-5.44392
-5.47406
-5.50397
-5.53035
-5.54986
-5.56216
-5.56732
-5.56591
-5.55897
-5.54751
-5.5348
-5.52148
-5.50806
-5.4952
-5.48373
-5.47566
-5.46967
-5.46569
-5.45999
-5.45188
-5.44008
-5.42481
-5.40966
-5.39555
-5.38288
-5.37428
-5.36993
-5.36861
-5.3698
-5.37509
-5.38662
-5.40062
-5.41834
-5.43533
-5.44997
-5.4599
-5.46314
-5.45791
-5.44827
-5.43462
-5.42055
-5.41014
-5.40545
-5.4062
-5.40991
-5.41527
-5.42072
-5.42228
-5.41861
-5.41103
-5.39706
-5.38042
-5.36203
-5.34534
-5.33388
-5.32821
-5.32855
-5.33626
-5.34824
-5.36438
-5.38087
-5.39798
-5.41572
-5.43309
-5.44806
-5.45891
-5.46334
-5.46317
-5.45705
-5.44656
-5.43163
-5.41386
-5.3951
-5.3791
-5.36807
-5.3652
-5.37227
-5.38716
-5.4075
-5.42998
-5.45137
-5.466
-5.47165
-5.46913
-5.45677
-5.43678
-5.4133
-5.38943
-5.36922
-5.35466
-5.3461
-5.34342
-5.34154
-5.34106
-5.34127
-5.34028
-5.33991
-5.34025
-5.34231
-5.34606
-5.35075
-5.35768
-5.36639
-5.37814
-5.39437
-5.41406
-5.4351
-5.45281
-5.46937
-5.48064
-5.48584
-5.48502
-5.47989
-5.47307
-5.46829
-5.46755
-5.47051
-5.47586
-5.48064
-5.48413
-5.48317
-5.47542
-5.461
-5.44041
-5.42054
-5.40415
-5.39605
-5.39641
-5.40267
-5.41259
-5.42377
-5.43492
-5.44325
-5.44995
-5.45378
-5.45558
-5.45301
-5.4481
-5.43975
-5.42961
-5.42046
-5.41219
-5.40836
-5.41115
-5.42086
-5.43832
-5.46194
-5.4899
-5.51853
-5.54055
-5.552
-5.55391
-5.55015
-5.54638
-5.54278
-5.53645
-5.52439
-5.50987
-5.49429
-5.48128
-5.47172
-5.46726
-5.46793
-5.4745
-5.48394
-5.49543
-5.50514
-5.50958
-5.50604
-5.49432
-5.47309
-5.44535
-5.41455
-5.38688
-5.36515
-5.35595
-5.36081
-5.37847
-5.406
-5.43732
-5.47002
-5.49914
-5.52539
-5.54884
-5.56688
-5.58259
-5.5932
-5.60157
-5.60761
-5.61123
-5.61156
-5.60797
-5.59959
-5.5872
-5.57181
-5.55285
-5.53071
-5.50416
-5.47523
-5.44544
-5.41599
-5.38866
-5.36365
-5.34375
-5.33044
-5.32201
-5.32051
-5.32666
-5.34085
-5.36356
-5.39276
-5.42801
-5.46425
-5.49805
-5.52427
-5.53897
-5.54225
-5.53131
-5.50963
-5.47698
-5.43824
-5.4006
-5.3687
-5.34687
-5.33888
-5.34516
-5.36157
-5.38152
-5.39942
-5.41246
-5.4186
-5.42125
-5.42183
-5.42133
-5.42019
-5.41905
-5.42169
-5.4267
-5.43598
-5.44805
-5.46279
-5.4789
-5.49641
-5.51271
-5.52671
-5.53535
-5.54058
-5.53759
-5.52454
-5.50087
-5.46818
-5.42677
-5.38302
-5.34563
-5.32203
-5.31731
-5.33287
-5.36001
-5.39034
-5.41699
-5.43649
-5.44727
-5.45039
-5.44478
-5.43333
-5.41431
-5.39132
-5.36725
-5.34504
-5.32799
-5.31721
-5.31381
-5.31538
-5.31973
-5.32489
-5.32899
-5.33448
-5.34182
-5.35036
-5.36319
-5.38137
-5.40223
-5.42621
-5.45051
-5.47555
-5.49985
-5.52357
-5.5451
-5.56245
-5.57582
-5.58336
-5.58665
-5.5853
-5.57897
-5.57089
-5.56098
-5.54981
-5.53645
-5.52282
-5.51105
-5.50475
-5.50262
-5.5036
-5.50335
-5.49914
-5.48967
-5.47714
-5.46485
-5.45613
-5.45187
-5.4498
-5.45034
-5.44957
-5.44815
-5.44584
-5.44407
-5.44069
-5.43575
-5.42936
-5.4243
-5.42293
-5.42854
-5.44264
-5.46309
-5.48864
-5.51451
-5.53676
-5.55355
-5.56455
-5.56942
-5.56768
-5.56029
-5.54905
-5.53587
-5.52198
-5.50945
-5.50314
-5.50298
-5.50848
-5.51846
-5.52818
-5.53768
-5.54395
-5.54675
-5.54396
-5.53574
-5.52286
-5.50546
-5.48648
-5.47077
-5.45932
-5.45427
-5.4548
-5.46085
-5.46932
-5.4841
-5.50283
-5.52541
-5.54717
-5.56691
-5.58154
-5.59195
-5.60046
-5.6063
-5.60992
-5.61151
-5.61243
-5.61029
-5.60308
-5.59016
-5.57031
-5.5438
-5.51615
-5.49019
-5.47149
-5.46288
-5.46528
-5.47389
-5.48467
-5.49484
-5.50102
-5.5014
-5.4986
-5.49206
-5.48475
-5.47481
-5.46217
-5.44771
-5.43368
-5.42007
-5.40956
-5.40464
-5.40562
-5.41005
-5.4158
-5.42002
-5.42208
-5.41879
-5.41164
-5.40169
-5.3933
-5.38976
-5.3945
-5.40536
-5.4243
-5.44525
-5.46818
-5.4943
-5.51884
-5.54007
-5.55592
-5.56527
-5.56832
-5.56267
-5.55212
-5.5342
-5.51122
-5.48459
-5.45646
-5.42738
-5.39888
-5.37454
-5.35356
-5.33482
-5.31447
-5.29111
-5.26423
-5.23917
-5.2201
-5.21246
-5.21559
-5.23422
-5.2644
-5.30455
-5.34942
-5.39169
-5.42851
-5.45571
-5.47039
-5.47576
-5.47555
-5.47232
-5.46993
-5.47136
-5.47442
-5.47887
-5.48078
-5.47995
-5.47472
-5.4644
-5.44877
-5.43188
-5.41575
-5.40173
-5.38932
-5.38104
-5.37284
-5.36424
-5.35385
-5.34308
-5.33568
-5.33428
-5.34148
-5.35708
-5.37872
-5.40178
-5.42188
-5.43753
-5.44664
-5.44901
-5.4432
-5.43138
-5.41718
-5.40074
-5.38518
-5.37142
-5.36189
-5.35876
-5.3615
-5.37032
-5.38509
-5.40544
-5.43271
-5.46401
-5.49883
-5.5365
-5.57182
-5.60194
-5.62487
-5.63812
-5.64214
-5.63568
-5.62178
-5.60312
-5.58095
-5.55667
-5.53292
-5.51178
-5.49327
-5.47823
-5.46596
-5.45468
-5.44759
-5.44206
-5.44107
-5.44124
-5.43959
-5.43307
-5.41901
-5.40091
-5.37773
-5.36007
-5.35065
-5.3514
-5.36141
-5.37561
-5.39272
-5.41086
-5.42995
-5.44665
-5.46056
-5.46922
-5.47367
-5.47533
-5.47442
-5.47017
-5.4643
-5.45647
-5.44652
-5.4344
-5.42186
-5.40853
-5.39662
-5.39022
-5.38947
-5.39259
-5.39921
-5.40589
-5.41201
-5.41493
-5.41464
-5.41075
-5.40654
-5.40212
-5.3988
-5.39582
-5.39396
-5.39174
-5.38638
-5.38065
-5.37599
-5.37237
-5.37418
-5.38423
-5.40145
-5.42664
-5.45588
-5.48146
-5.49808
-5.50408
-5.49804
-5.48484
-5.46728
-5.45492
-5.45184
-5.45787
-5.46996
-5.48554
-5.50482
-5.52518
-5.54657
-5.5656
-5.5797
-5.58852
-5.59089
-5.58586
-5.57346
-5.55531
-5.53356
-5.5116
-5.4947
-5.48311
-5.48018
-5.4822
-5.48768
-5.49621
-5.50317
-5.50919
-5.50912
-5.50408
-5.49209
-5.47608
-5.45783
-5.44047
-5.42866
-5.42539
-5.43164
-5.44591
-5.46561
-5.48298
-5.49444
-5.49743
-5.4921
-5.48221
-5.47201
-5.46404
-5.46106
-5.46584
-5.47612
-5.48882
-5.50397
-5.521
-5.53639
-5.55566
-5.57617
-5.59492
-5.60873
-5.61634
-5.61813
-5.61242
-5.59861
-5.58078
-5.55933
-5.53613
-5.51303
-5.49277
-5.47684
-5.46253
-5.4526
-5.44515
-5.4409
-5.44005
-5.444
-5.45298
-5.46741
-5.48495
-5.5027
-5.51898
-5.53024
-5.5306
-5.51975
-5.49703
-5.46297
-5.42108
-5.37696
-5.34182
-5.32257
-5.3239
-5.34124
-5.36905
-5.39834
-5.42591
-5.44727
-5.45983
-5.46317
-5.457
-5.4447
-5.42882
-5.41682
-5.41243
-5.41661
-5.42975
-5.44591
-5.46382
-5.48019
-5.4929
-5.50162
-5.50364
-5.49997
-5.49071
-5.47819
-5.46244
-5.44721
-5.43371
-5.42793
-5.43151
-5.44468
-5.46654
-5.4928
-5.5186
-5.54226
-5.55678
-5.56303
-5.56152
-5.55411
-5.54239
-5.53016
-5.51599
-5.50155
-5.4883
-5.47423
-5.46095
-5.44989
-5.44183
-5.4381
-5.43944
-5.44967
-5.46687
-5.49127
-5.51754
-5.5419
-5.56129
-5.5728
-5.5758
-5.57222
-5.56558
-5.55863
-5.55206
-5.54881
-5.54615
-5.53978
-5.52833
-5.5133
-5.4906
-5.46463
-5.43889
-5.41766
-5.4051
-5.40242
-5.40808
-5.41856
-5.42871
-5.43954
-5.44707
-5.45361
-5.45747
-5.45869
-5.45441
-5.44403
-5.42524
-5.40153
-5.37634
-5.3575
-5.34763
-5.34863
-5.35965
-5.37674
-5.39762
-5.42087
-5.44479
-5.46739
-5.48696
-5.49974
-5.50089
-5.49166
-5.47305
-5.44962
-5.42118
-5.39211
-5.36235
-5.33702
-5.31732
-5.3038
-5.29775
-5.29771
-5.30278
-5.31206
-5.32257
-5.33281
-5.34069
-5.34659
-5.35162
-5.35785
-5.3685
-5.38057
-5.39355
-5.40592
-5.41733
-5.42636
-5.43165
-5.43087
-5.426
-5.41649
-5.40081
-5.38095
-5.35686
-5.33293
-5.30999
-5.29193
-5.28365
-5.28626
-5.30172
-5.32675
-5.3564
-5.38634
-5.41316
-5.43389
-5.44814
-5.45503
-5.45726
-5.4569
-5.45751
-5.45777
-5.46212
-5.47171
-5.49019
-5.51661
-5.55198
-5.59269
-5.63392
-5.66845
-5.6948
-5.71069
-5.71731
-5.71599
-5.7098
-5.6977
-5.68127
-5.65998
-5.63383
-5.60255
-5.56832
-5.53479
-5.50336
-5.47496
-5.45113
-5.4332
-5.42699
-5.43375
-5.44935
-5.46952
-5.49015
-5.5088
-5.5207
-5.52564
-5.52137
-5.50763
-5.48611
-5.46085
-5.43902
-5.42853
-5.42833
-5.43836
-5.45452
-5.47262
-5.4902
-5.50548
-5.5161
-5.52262
-5.52221
-5.51241
-5.49429
-5.46905
-5.44021
-5.41048
-5.38205
-5.35781
-5.34152
-5.33326
-5.33752
-5.35262
-5.37654
-5.40773
-5.44017
-5.4722
-5.49615
-5.51309
-5.52005
-5.52345
-5.52374
-5.52425
-5.52585
-5.52533
-5.52252
-5.51337
-5.49727
-5.47929
-5.46073
-5.44616
-5.43757
-5.43572
-5.44053
-5.45211
-5.46364
-5.47176
-5.4735
-5.46941
-5.45975
-5.44688
-5.43267
-5.42168
-5.41591
-5.41815
-5.42824
-5.44476
-5.46699
-5.48828
-5.50861
-5.52729
-5.54273
-5.55069
-5.55232
-5.54693
-5.53622
-5.52477
-5.51283
-5.50523
-5.50048
-5.49898
-5.49903
-5.50031
-5.50256
-5.50408
-5.50662
-5.50563
-5.50389
-5.49828
-5.48713
-5.47263
-5.45542
-5.43782
-5.42044
-5.40645
-5.3989
-5.39626
-5.39779
-5.40026
-5.39957
-5.39609
-5.38866
-5.37619
-5.36322
-5.34922
-5.33643
-5.32559
-5.31682
-5.30932
-5.30044
-5.28985
-5.27594
-5.25876
-5.24558
-5.23985
-5.24869
-5.27182
-5.30264
-5.33619
-5.36774
-5.39631
-5.42181
-5.44646
-5.46887
-5.48766
-5.50124
-5.50794
-5.50549
-5.49575
-5.48309
-5.47031
-5.45882
-5.44853
-5.43989
-5.43455
-5.42976
-5.42753
-5.4238
-5.41779
-5.40735
-5.39366
-5.37657
-5.35804
-5.34237
-5.33162
-5.32642
-5.32871
-5.3358
-5.34659
-5.36037
-5.37282
-5.38445
-5.39042
-5.39114
-5.38491
-5.3721
-5.35426
-5.33689
-5.32292
-5.31546
-5.31952
-5.32871
-5.34534
-5.36572
-5.38683
-5.40792
-5.42778
-5.44626
-5.46133
-5.47358
-5.48181
-5.48761
-5.49116
-5.4966
-5.50112
-5.50951
-5.52081
-5.53713
-5.5561
-5.57539
-5.59254
-5.60263
-5.60573
-5.59862
-5.5819
-5.5553
-5.52091
-5.48393
-5.44905
-5.42025
-5.39765
-5.3839
-5.37924
-5.38397
-5.39584
-5.41301
-5.43451
-5.45522
-5.47436
-5.49059
-5.50348
-5.51025
-5.51619
-5.52025
-5.52584
-5.5346
-5.54496
-5.5554
-5.56442
-5.5691
-5.56987
-5.56708
-5.55976
-5.54787
-5.5318
-5.51301
-5.49498
-5.48053
-5.46904
-5.45829
-5.44759
-5.43611
-5.42414
-5.41151
-5.40031
-5.39229
-5.38835
-5.39051
-5.39882
-5.41298
-5.43048
-5.45037
-5.46867
-5.48703
-5.50006
-5.51034
-5.51795
-5.52185
-5.52159
-5.51796
-5.50976
-5.49571
-5.47615
-5.45415
-5.43486
-5.42523
-5.43374
-5.45596
-5.4836
-5.50609
-5.52102
-5.52928
-5.53148
-5.53262
-5.53415
-5.5342
-5.52971
-5.5188
-5.50185
-5.48147
-5.46327
-5.44801
-5.43815
-5.43071
-5.42154
-5.40815
-5.39035
-5.37241
-5.36284
-5.36655
-5.38922
-5.42464
-5.46562
-5.50278
-5.53189
-5.55056
-5.56042
-5.56
-5.54737
-5.52116
-5.48594
-5.4472
-5.41549
-5.39922
-5.39395
-5.39245
-5.39027
-5.38615
-5.38322
-5.38233
-5.38742
-5.39907
-5.41633
-5.43891
-5.46111
-5.48154
-5.49989
-5.51615
-5.52783
-5.53641
-5.53949
-5.5392
-5.5355
-5.52901
-5.52259
-5.51726
-5.51342
-5.51452
-5.51917
-5.52406
-5.52941
-5.53274
-5.53372
-5.53364
-5.53018
-5.52424
-5.51652
-5.50499
-5.49296
-5.4804
-5.47058
-5.46431
-5.46308
-5.46721
-5.47621
-5.48872
-5.50301
-5.51588
-5.52605
-5.53078
-5.53208
-5.53191
-5.53263
-5.53243
-5.53085
-5.52396
-5.51161
-5.48968
-5.46009
-5.42648
-5.39091
-5.35912
-5.33506
-5.32321
-5.3225
-5.33234
-5.34895
-5.36868
-5.38678
-5.40164
-5.41345
-5.42052
-5.42398
-5.42593
-5.42754
-5.43152
-5.43781
-5.44561
-5.45375
-5.46153
-5.4677
-5.47341
-5.47346
-5.46826
-5.45927
-5.44512
-5.42625
-5.40534
-5.38618
-5.36882
-5.35598
-5.34683
-5.34366
-5.34832
-5.36139
-5.38298
-5.41208
-5.44647
-5.47997
-5.51102
-5.53445
-5.54556
-5.54351
-5.52462
-5.4949
-5.45439
-5.41295
-5.37755
-5.35514
-5.34876
-5.35594
-5.37488
-5.40062
-5.43226
-5.46611
-5.50188
-5.53819
-5.57104
-5.59772
-5.61726
-5.62866
-5.62861
-5.61777
-5.59852
-5.57001
-5.53578
-5.50025
-5.471
-5.4497
-5.43744
-5.43196
-5.43245
-5.4358
-5.44171
-5.44808
-5.45242
-5.45611
-5.45822
-5.45957
-5.46112
-5.46406
-5.46847
-5.46981
-5.46776
-5.46193
-5.45577
-5.44893
-5.44155
-5.43493
-5.43159
-5.43113
-5.43686
-5.44487
-5.45326
-5.46011
-5.46457
-5.46594
-5.46414
-5.4589
-5.45232
-5.44507
-5.43777
-5.42905
-5.42129
-5.41207
-5.40445
-5.3968
-5.39173
-5.39099
-5.39549
-5.40348
-5.41495
-5.42806
-5.44213
-5.45475
-5.46597
-5.47331
-5.47731
-5.47987
-5.4803
-5.4791
-5.47826
-5.478
-5.47988
-5.48321
-5.48911
-5.50004
-5.51522
-5.5319
-5.54725
-5.55544
-5.55605
-5.5451
-5.52099
-5.4867
-5.44322
-5.39782
-5.35969
-5.33513
-5.32821
-5.34084
-5.36511
-5.39397
-5.42297
-5.44828
-5.47296
-5.49292
-5.50605
-5.51132
-5.50732
-5.49316
-5.47155
-5.44819
-5.43022
-5.42388
-5.43045
-5.45033
-5.47881
-5.51119
-5.54116
-5.56667
-5.58418
-5.59544
-5.59824
-5.59153
-5.57974
-5.55977
-5.53311
-5.50312
-5.4707
-5.43587
-5.40089
-5.36913
-5.34747
-5.34251
-5.35742
-5.38761
-5.42599
-5.46437
-5.49799
-5.52269
-5.53819
-5.54368
-5.54221
-5.53264
-5.52099
-5.50441
-5.48436
-5.46212
-5.43968
-5.41544
-5.3913
-5.36443
-5.33407
-5.29754
-5.25927
-5.22833
-5.21245
-5.21687
-5.24066
-5.27845
-5.32447
-5.37124
-5.41453
-5.45138
-5.47905
-5.49677
-5.50552
-5.50774
-5.49829
-5.48584
-5.4721
-5.46277
-5.46045
-5.46589
-5.47602
-5.48841
-5.50303
-5.51409
-5.52408
-5.53642
-5.55463
-5.57784
-5.60479
-5.63005
-5.6501
-5.66399
-5.6693
-5.66663
-5.6583
-5.64298
-5.62254
-5.59653
-5.57049
-5.54231
-5.51358
-5.48619
-5.45952
-5.43541
-5.41054
-5.38561
-5.36098
-5.33438
-5.30618
-5.28006
-5.25892
-5.24732
-5.24876
-5.25909
-5.27619
-5.29521
-5.31682
-5.33975
-5.36309
-5.3834
-5.39984
-5.41283
-5.42499
-5.43704
-5.44898
-5.45936
-5.46836
-5.47804
-5.48811
-5.4985
-5.51087
-5.52328
-5.53509
-5.54488
-5.54947
-5.55133
-5.54807
-5.53969
-5.52271
-5.49901
-5.47104
-5.44312
-5.42402
-5.41764
-5.42593
-5.44157
-5.4594
-5.47336
-5.48168
-5.4826
-5.48021
-5.47311
-5.46347
-5.45143
-5.43669
-5.42284
-5.41136
-5.40338
-5.39949
-5.39993
-5.40362
-5.40804
-5.41009
-5.41058
-5.40879
-5.40706
-5.40448
-5.40131
-5.39754
-5.39095
-5.38176
-5.37213
-5.36391
-5.36203
-5.36882
-5.3815
-5.39633
-5.4066
-5.41106
-5.40601
-5.3947
-5.38526
-5.38049
-5.38517
-5.39785
-5.41714
-5.43652
-5.45605
-5.47158
-5.48246
-5.48964
-5.4938
-5.49441
-5.49367
-5.4924
-5.49169
-5.49336
-5.49749
-5.50446
-5.51244
-5.51632
-5.51591
-5.50948
-5.49664
-5.47741
-5.45394
-5.4283
-5.40319
-5.38141
-5.36262
-5.34999
-5.34174
-5.34183
-5.34702
-5.35944
-5.37766
-5.40102
-5.42704
-5.45399
-5.47762
-5.49732
-5.50973
-5.51474
-5.5116
-5.50188
-5.48988
-5.48092
-5.47976
-5.48978
-5.50573
-5.52258
-5.53821
-5.54911
-5.55553
-5.55928
-5.5606
-5.55921
-5.55254
-5.54046
-5.52235
-5.50296
-5.48177
-5.46096
-5.4444
-5.4326
-5.4234
-5.41658
-5.41171
-5.40722
-5.40518
-5.40596
-5.41175
-5.41901
-5.42729
-5.43247
-5.43431
-5.42963
-5.41857
-5.40304
-5.38361
-5.36456
-5.34742
-5.33744
-5.33698
-5.34549
-5.36305
-5.38597
-5.40954
-5.4298
-5.44612
-5.45859
-5.46437
-5.46368
-5.45561
-5.44209
-5.42712
-5.41667
-5.41314
-5.41931
-5.43331
-5.45249
-5.47165
-5.48675
-5.49603
-5.4999
-5.49916
-5.49307
-5.48551
-5.4755
-5.46905
-5.46579
-5.46917
-5.47781
-5.49464
-5.5172
-5.54323
-5.57341
-5.60468
-5.63237
-5.65476
-5.66935
-5.67577
-5.67096
-5.6569
-5.63348
-5.60294
-5.56974
-5.53561
-5.5016
-5.46995
-5.43617
-5.40178
-5.3686
-5.33896
-5.31607
-5.30255
-5.29717
-5.29872
-5.30306
-5.30893
-5.31554
-5.3244
-5.33558
-5.35099
-5.37224
-5.39845
-5.42745
-5.45346
-5.47329
-5.48207
-5.47925
-5.46986
-5.46183
-5.46336
-5.47453
-5.49154
-5.50248
-5.50555
-5.50394
-5.5056
-5.51666
-5.53785
-5.56486
-5.58981
-5.60617
-5.61274
-5.60815
-5.59033
-5.56254
-5.52701
-5.48634
-5.44702
-5.41377
-5.3915
-5.38554
-5.39679
-5.42149
-5.4536
-5.48584
-5.51018
-5.52272
-5.52189
-5.50997
-5.49269
-5.47508
-5.46199
-5.45414
-5.44765
-5.43618
-5.41641
-5.39181
-5.36459
-5.3404
-5.32308
-5.31677
-5.32545
-5.3482
-5.37888
-5.41131
-5.4385
-5.45822
-5.46906
-5.47294
-5.46979
-5.46106
-5.45068
-5.44018
-5.4292
-5.4182
-5.40943
-5.40052
-5.3914
-5.38221
-5.37388
-5.36649
-5.3608
-5.35819
-5.35865
-5.36117
-5.36603
-5.37322
-5.38256
-5.39948
-5.42021
-5.44521
-5.47037
-5.49069
-5.50689
-5.51563
-5.51492
-5.50911
-5.49737
-5.48363
-5.47047
-5.46001
-5.45395
-5.45111
-5.45236
-5.45467
-5.45815
-5.46018
-5.46213
-5.46253
-5.46156
-5.45837
-5.45373
-5.44715
-5.44016
-5.43349
-5.43003
-5.42979
-5.43494
-5.44185
-5.45079
-5.46084
-5.47121
-5.48519
-5.5
-5.51614
-5.53092
-5.54298
-5.54891
-5.5456
-5.53441
-5.51665
-5.4948
-5.47512
-5.45931
-5.44742
-5.4409
-5.43614
-5.43342
-5.43186
-5.43037
-5.42979
-5.42973
-5.43061
-5.43308
-5.43418
-5.43615
-5.43662
-5.43843
-5.43959
-5.43879
-5.43622
-5.43487
-5.43465
-5.43767
-5.44491
-5.4587
-5.47806
-5.50017
-5.52414
-5.54575
-5.56232
-5.57126
-5.57206
-5.56254
-5.54463
-5.52205
-5.49654
-5.473
-5.45176
-5.43542
-5.42128
-5.40724
-5.39141
-5.37415
-5.35921
-5.35181
-5.35527
-5.36882
-5.38913
-5.41434
-5.43937
-5.4625
-5.48165
-5.49557
-5.50306
-5.50429
-5.50041
-5.491
-5.47881
-5.46545
-5.45652
-5.45314
-5.45504
-5.4591
-5.46075
-5.45773
-5.45005
-5.43878
-5.42817
-5.42316
-5.42602
-5.43584
-5.45303
-5.47411
-5.49923
-5.52359
-5.5484
-5.57052
-5.58566
-5.5927
-5.59018
-5.58113
-5.56524
-5.54607
-5.52518
-5.5067
-5.49102
-5.47795
-5.46421
-5.45214
-5.43931
-5.42661
-5.41478
-5.40328
-5.39212
-5.38136
-5.36886
-5.35889
-5.35367
-5.35793
-5.37231
-5.39662
-5.42696
-5.45887
-5.48754
-5.51155
-5.52799
-5.53775
-5.5446
-5.55235
-5.56391
-5.57659
-5.58506
-5.58743
-5.58406
-5.57646
-5.56842
-5.56021
-5.55224
-5.54442
-5.53616
-5.53138
-5.52874
-5.52916
-5.53164
-5.53295
-5.53249
-5.53503
-5.5394
-5.54434
-5.54883
-5.54511
-5.53464
-5.51517
-5.49215
-5.46904
-5.45138
-5.44307
-5.44147
-5.44047
-5.43318
-5.41736
-5.39324
-5.36327
-5.33246
-5.30304
-5.27889
-5.26163
-5.25587
-5.26285
-5.28168
-5.30505
-5.32644
-5.34051
-5.34588
-5.34262
-5.33613
-5.33194
-5.33141
-5.33511
-5.34167
-5.34884
-5.35683
-5.36359
-5.36698
-5.36781
-5.36599
-5.36175
-5.35811
-5.3561
-5.35985
-5.36701
-5.37827
-5.39128
-5.40604
-5.42
-5.43139
-5.43796
-5.44219
-5.44291
-5.43759
-5.42846
-5.41833
-5.40821
-5.40048
-5.39707
-5.40319
-5.41794
-5.43716
-5.45592
-5.47027
-5.47571
-5.4725
-5.46334
-5.45243
-5.44482
-5.44396
-5.4508
-5.46521
-5.4825
-5.4986
-5.51144
-5.51672
-5.51407
-5.50557
-5.48917
-5.47023
-5.45219
-5.43941
-5.43193
-5.43034
-5.43161
-5.43455
-5.43674
-5.43938
-5.43756
-5.43274
-5.42889
-5.42901
-5.43302
-5.44092
-5.44902
-5.45333
-5.45207
-5.44485
-5.43147
-5.41388
-5.39471
-5.37619
-5.35991
-5.34466
-5.33229
-5.32133
-5.31507
-5.31201
-5.31584
-5.32193
-5.33061
-5.3409
-5.35424
-5.36937
-5.38558
-5.40415
-5.42321
-5.44338
-5.46032
-5.47118
-5.47809
-5.47991
-5.48033
-5.47975
-5.48037
-5.4811
-5.48347
-5.48597
-5.49023
-5.49781
-5.50915
-5.52456
-5.54105
-5.55299
-5.5565
-5.54991
-5.53272
-5.5102
-5.48747
-5.47068
-5.45972
-5.455
-5.45424
-5.4542
-5.45465
-5.45856
-5.46603
-5.48025
-5.49764
-5.51514
-5.53032
-5.53993
-5.54105
-5.5364
-5.52771
-5.51739
-5.50993
-5.50658
-5.50803
-5.51118
-5.51227
-5.5109
-5.50589
-5.49973
-5.49172
-5.48146
-5.47126
-5.46133
-5.45312
-5.44742
-5.44242
-5.44066
-5.4412
-5.44396
-5.44965
-5.45852
-5.47058
-5.48613
-5.50536
-5.52704
-5.55034
-5.57216
-5.59049
-5.60108
-5.6009
-5.58995
-5.56983
-5.53906
-5.50235
-5.4622
-5.42222
-5.38583
-5.35585
-5.3341
-5.32007
-5.31157
-5.30667
-5.3022
-5.29963
-5.30005
-5.30603
-5.31932
-5.34186
-5.37199
-5.40996
-5.45051
-5.49149
-5.52656
-5.55423
-5.57562
-5.58941
-5.59915
-5.60545
-5.60804
-5.60558
-5.5952
-5.57716
-5.55265
-5.52219
-5.49152
-5.46397
-5.44307
-5.43267
-5.43156
-5.44015
-5.45546
-5.4746
-5.49312
-5.50716
-5.51489
-5.51736
-5.51727
-5.5129
-5.50641
-5.499
-5.4911
-5.48451
-5.4782
-5.47038
-5.45817
-5.44136
-5.4208
-5.39948
-5.38376
-5.38144
-5.39593
-5.42634
-5.46609
-5.50984
-5.55058
-5.58141
-5.60121
-5.60774
-5.60317
-5.58783
-5.5632
-5.53474
-5.50672
-5.48364
-5.46491
-5.45017
-5.43886
-5.43097
-5.42429
-5.41992
-5.41675
-5.41485
-5.41314
-5.41094
-5.40762
-5.39998
-5.38669
-5.36474
-5.34126
-5.31799
-5.30422
-5.30294
-5.31466
-5.33214
-5.35006
-5.36363
-5.37556
-5.38598
-5.39742
-5.41198
-5.427
-5.44015
-5.44919
-5.45333
-5.45277
-5.45122
-5.44985
-5.4481
-5.4471
-5.44682
-5.44493
-5.44059
-5.4351
-5.4282
-5.42315
-5.41982
-5.4233
-5.43377
-5.44944
-5.46906
-5.48795
-5.50474
-5.51765
-5.52536
-5.52936
-5.52812
-5.52428
-5.51723
-5.51074
-5.50172
-5.49231
-5.48361
-5.47711
-5.47356
-5.47028
-5.46728
-5.46269
-5.45506
-5.44668
-5.43684
-5.42427
-5.41264
-5.40036
-5.38605
-5.37187
-5.35695
-5.34245
-5.32984
-5.31705
-5.30491
-5.29248
-5.28117
-5.27227
-5.27025
-5.27523
-5.28816
-5.30815
-5.33478
-5.36578
-5.39798
-5.42777
-5.45245
-5.47253
-5.48654
-5.49572
-5.50105
-5.50566
-5.51234
-5.51911
-5.52613
-5.53093
-5.53451
-5.53723
-5.53901
-5.54081
-5.54339
-5.54566
-5.54544
-5.53941
-5.52952
-5.51658
-5.50258
-5.48769
-5.47565
-5.47023
-5.47128
-5.47751
-5.48707
-5.49432
-5.49731
-5.49729
-5.49183
-5.47999
-5.46339
-5.44097
-5.41546
-5.38715
-5.35952
-5.3343
-5.31577
-5.308
-5.31266
-5.32995
-5.35466
-5.38074
-5.40463
-5.42504
-5.44043
-5.45125
-5.45765
-5.46279
-5.46601
-5.4685
-5.46806
-5.46351
-5.45461
-5.44036
-5.42292
-5.40357
-5.38721
-5.37757
-5.37338
-5.37624
-5.38099
-5.38943
-5.3997
-5.41392
-5.43083
-5.44871
-5.46634
-5.48065
-5.4929
-5.50319
-5.51082
-5.51474
-5.5152
-5.51162
-5.50559
-5.50544
-5.51204
-5.52715
-5.551
-5.5748
-5.59625
-5.6116
-5.61878
-5.61854
-5.61234
-5.60408
-5.59395
-5.58216
-5.57051
-5.55575
-5.53861
-5.51809
-5.49531
-5.47326
-5.45522
-5.44259
-5.43846
-5.43942
-5.44335
-5.44623
-5.44534
-5.44177
-5.43352
-5.42274
-5.41018
-5.39554
-5.38107
-5.36934
-5.36081
-5.36039
-5.36712
-5.37973
-5.39302
-5.40735
-5.41814
-5.42443
-5.4288
-5.43203
-5.43911
-5.44788
-5.45815
-5.46772
-5.47369
-5.47257
-5.46375
-5.44641
-5.41944
-5.38647
-5.35421
-5.32933
-5.32132
-5.3314
-5.35195
-5.37735
-5.40224
-5.42288
-5.43546
-5.44264
-5.44479
-5.44313
-5.43921
-5.43542
-5.4332
-5.43607
-5.44484
-5.45983
-5.47894
-5.49891
-5.51727
-5.52973
-5.53297
-5.52561
-5.50793
-5.48134
-5.45095
-5.41936
-5.3956
-5.38133
-5.38005
-5.38797
-5.40342
-5.4212
-5.44102
-5.4623
-5.48291
-5.5017
-5.51627
-5.5225
-5.52147
-5.51306
-5.498
-5.4826
-5.46939
-5.46259
-5.46369
-5.46863
-5.47797
-5.48973
-5.50161
-5.51248
-5.51994
-5.52793
-5.53563
-5.54333
-5.54963
-5.55466
-5.55688
-5.56001
-5.56284
-5.56651
-5.56747
-5.56269
-5.55173
-5.52974
-5.4989
-5.45992
-5.41777
-5.37958
-5.35094
-5.33595
-5.33065
-5.32992
-5.32694
-5.3207
-5.31377
-5.30773
-5.30453
-5.30244
-5.30079
-5.3
-5.3031
-5.31125
-5.3244
-5.34367
-5.3676
-5.39337
-5.41707
-5.43526
-5.44777
-5.45418
-5.45697
-5.4561
-5.4509
-5.43746
-5.41504
-5.38421
-5.35551
-5.33795
-5.33617
-5.34471
-5.35419
-5.35931
-5.35731
-5.35159
-5.34014
-5.32699
-5.31755
-5.31497
-5.32202
-5.3422
-5.37419
-5.41322
-5.4541
-5.49347
-5.52633
-5.55201
-5.57277
-5.58701
-5.59437
-5.59625
-5.59289
-5.58482
-5.57435
-5.5623
-5.55188
-5.54138
-5.5333
-5.52709
-5.52385
-5.52121
-5.51879
-5.51528
-5.50796
-5.49672
-5.47744
-5.45399
-5.42784
-5.4022
-5.38436
-5.37381
-5.37335
-5.38159
-5.39479
-5.4085
-5.41946
-5.42482
-5.42197
-5.41158
-5.39696
-5.38664
-5.38581
-5.39452
-5.41409
-5.44368
-5.47831
-5.51781
-5.5551
-5.58667
-5.60603
-5.6124
-5.60374
-5.58307
-5.55399
-5.52058
-5.48939
-5.46298
-5.44477
-5.43457
-5.43489
-5.44298
-5.45597
-5.4682
-5.47603
-5.47987
-5.48324
-5.48933
-5.50058
-5.51403
-5.52575
-5.53291
-5.53373
-5.52829
-5.51903
-5.5083
-5.50009
-5.49571
-5.49552
-5.49822
-5.50304
-5.50737
-5.51014
-5.51181
-5.50896
-5.50594
-5.50069
-5.49547
-5.49131
-5.48891
-5.49128
-5.50013
-5.51643
-5.53682
-5.56015
-5.58248
-5.60139
-5.61676
-5.62888
-5.63743
-5.64026
-5.64065
-5.63585
-5.62786
-5.61634
-5.60279
-5.58684
-5.56824
-5.54794
-5.52569
-5.50104
-5.47607
-5.44912
-5.42315
-5.40087
-5.38487
-5.37628
-5.37493
-5.37871
-5.38833
-5.39834
-5.40701
-5.41228
-5.4146
-5.41581
-5.4181
-5.41821
-5.41954
-5.42176
-5.42082
-5.41401
-5.40075
-5.38286
-5.35992
-5.33707
-5.31686
-5.3027
-5.29568
-5.29739
-5.30242
-5.31023
-5.32024
-5.33202
-5.34613
-5.36195
-5.3791
-5.39654
-5.41077
-5.4202
-5.42185
-5.41784
-5.40998
-5.39785
-5.38596
-5.37296
-5.35938
-5.34692
-5.33752
-5.32999
-5.32925
-5.33392
-5.34238
-5.35541
-5.37019
-5.3876
-5.40403
-5.41943
-5.43283
-5.44188
-5.44809
-5.45219
-5.45359
-5.45532
-5.4582
-5.4611
-5.46345
-5.46764
-5.4705
-5.47346
-5.47871
-5.48708
-5.49708
-5.50951
-5.52592
-5.5423
-5.55745
-5.56695
-5.56989
-5.56475
-5.55184
-5.53157
-5.50789
-5.48265
-5.45979
-5.44513
-5.43886
-5.4415
-5.44893
-5.45606
-5.45717
-5.44988
-5.43186
-5.40448
-5.37431
-5.35002
-5.33852
-5.34545
-5.37128
-5.4123
-5.46213
-5.51298
-5.55784
-5.59157
-5.60996
-5.6138
-5.60419
-5.58311
-5.55412
-5.51918
-5.48177
-5.44459
-5.40828
-5.37887
-5.36129
-5.35675
-5.36775
-5.38713
-5.41531
-5.44628
-5.47793
-5.50835
-5.53395
-5.55197
-5.55985
-5.55769
-5.54767
-5.52976
-5.50702
-5.48116
-5.45491
-5.42986
-5.40653
-5.38474
-5.365
-5.35132
-5.34302
-5.34166
-5.34807
-5.3573
-5.36723
-5.37398
-5.37678
-5.37627
-5.37446
-5.37201
-5.37243
-5.37454
-5.37673
-5.38005
-5.38479
-5.3892
-5.39291
-5.39507
-5.39467
-5.39209
-5.38672
-5.37652
-5.36417
-5.34934
-5.33472
-5.32121
-5.31437
-5.31477
-5.32226
-5.33509
-5.35168
-5.36744
-5.381
-5.39229
-5.40095
-5.40759
-5.41264
-5.41792
-5.42126
-5.4227
-5.42282
-5.42068
-5.41938
-5.41593
-5.41159
-5.40468
-5.39633
-5.38698
-5.38107
-5.38083
-5.38833
-5.39937
-5.40957
-5.4164
-5.41712
-5.41154
-5.39943
-5.38298
-5.36592
-5.35022
-5.33959
-5.33452
-5.33818
-5.34872
-5.36361
-5.38049
-5.39774
-5.4108
-5.41785
-5.41872
-5.41475
-5.40628
-5.39678
-5.38834
-5.38157
-5.37586
-5.372
-5.37015
-5.37081
-5.37249
-5.37785
-5.38442
-5.3926
-5.39975
-5.4051
-5.40709
-5.40519
-5.39874
-5.38835
-5.37548
-5.36032
-5.34452
-5.33111
-5.32195
-5.32044
-5.32912
-5.34731
-5.37583
-5.40909
-5.44227
-5.46959
-5.48217
-5.477
-5.45162
-5.40604
-5.34799
-5.28876
-5.25122
-5.24752
-5.27639
-5.3288
-5.39021
-5.44895
-5.49845
-5.5389
-5.56532
-5.57707
-5.57234
-5.55022
-5.51256
-5.46699
-5.41834
-5.37605
-5.34831
-5.33474
-5.3369
-5.34945
-5.36762
-5.39223
-5.41897
-5.44733
-5.47555
-5.50094
-5.52253
-5.53608
-5.54042
-5.53303
-5.51562
-5.48855
-5.45828
-5.42319
-5.38802
-5.35364
-5.32481
-5.30489
-5.29472
-5.29691
-5.31042
-5.33069
-5.35636
-5.3853
-5.41532
-5.44365
-5.47246
-5.49783
-5.51847
-5.53172
-5.53826
-5.53577
-5.52324
-5.50365
-5.47831
-5.45315
-5.42979
-5.41411
-5.40682
-5.41017
-5.42335
-5.44275
-5.46443
-5.48369
-5.49576
-5.49866
-5.49231
-5.47891
-5.45804
-5.43588
-5.41629
-5.40033
-5.39101
-5.38876
-5.39646
-5.41503
-5.44354
-5.48022
-5.5191
-5.55428
-5.58121
-5.59519
-5.59559
-5.58122
-5.55574
-5.52004
-5.47954
-5.43932
-5.40843
-5.39286
-5.39519
-5.41074
-5.4344
-5.45692
-5.47796
-5.49423
-5.50553
-5.51405
-5.51978
-5.52349
-5.52426
-5.52196
-5.51508
-5.50633
-5.49438
-5.48081
-5.46521
-5.45036
-5.4363
-5.42638
-5.42226
-5.42455
-5.43205
-5.44208
-5.454
-5.46515
-5.47346
-5.48091
-5.48585
-5.48612
-5.48228
-5.47538
-5.4688
-5.4623
-5.45424
-5.44761
-5.44151
-5.43673
-5.43183
-5.42543
-5.41709
-5.40694
-5.3966
-5.38841
-5.38439
-5.38544
-5.3909
-5.39752
-5.40501
-5.41067
-5.415
-5.41851
-5.42235
-5.42562
-5.42971
-5.43272
-5.43466
-5.43345
-5.42898
-5.42296
-5.41492
-5.40846
-5.40534
-5.40694
-5.41393
-5.42554
-5.44037
-5.45716
-5.47164
-5.48507
-5.49391
-5.49823
-5.49661
-5.48865
-5.47568
-5.45798
-5.43977
-5.42343
-5.41369
-5.41448
-5.4249
-5.44623
-5.47353
-5.50195
-5.52738
-5.54786
-5.55989
-5.56289
-5.55932
-5.55103
-5.54169
-5.53518
-5.53237
-5.53442
-5.5415
-5.55054
-5.55994
-5.5676
-5.5744
-5.57979
-5.58062
-5.57859
-5.57556
-5.56818
-5.5574
-5.54267
-5.52167
-5.49448
-5.45955
-5.42035
-5.38147
-5.34892
-5.3253
-5.31204
-5.30953
-5.31389
-5.32234
-5.33286
-5.34427
-5.35617
-5.37204
-5.38724
-5.40394
-5.42126
-5.43775
-5.45144
-5.46441
-5.47401
-5.48242
-5.48951
-5.49783
-5.50602
-5.51401
-5.521
-5.5231
-5.52035
-5.51075
-5.49912
-5.48821
-5.47983
-5.48172
-5.49173
-5.50763
-5.52717
-5.54622
-5.56168
-5.57463
-5.58166
-5.5819
-5.57738
-5.56697
-5.55074
-5.53107
-5.50878
-5.48531
-5.46456
-5.44709
-5.43338
-5.42216
-5.41347
-5.40435
-5.39672
-5.38818
-5.38136
-5.37789
-5.37665
-5.38331
-5.40001
-5.42026
-5.44193
-5.46195
-5.47619
-5.48919
-5.50148
-5.51612
-5.53286
-5.54793
-5.55644
-5.55741
-5.54957
-5.53285
-5.50943
-5.48355
-5.45479
-5.42709
-5.40018
-5.37642
-5.35677
-5.34178
-5.33346
-5.33172
-5.33551
-5.34567
-5.35732
-5.36958
-5.37902
-5.38782
-5.39487
-5.40196
-5.41103
-5.42191
-5.43283
-5.44135
-5.44785
-5.45066
-5.44873
-5.44131
-5.428
-5.41074
-5.39202
-5.37187
-5.35735
-5.352
-5.35685
-5.37173
-5.39555
-5.42337
-5.44918
-5.46948
-5.48224
-5.48838
-5.48716
-5.48312
-5.47486
-5.46363
-5.45159
-5.43797
-5.42496
-5.41326
-5.40174
-5.39275
-5.38419
-5.37623
-5.36502
-5.34977
-5.33157
-5.31333
-5.29921
-5.29373
-5.29833
-5.31221
-5.32855
-5.3434
-5.35279
-5.35723
-5.35832
-5.36037
-5.36624
-5.38019
-5.39956
-5.42447
-5.4499
-5.47292
-5.49112
-5.50345
-5.50969
-5.51111
-5.50709
-5.49779
-5.48486
-5.47201
-5.45906
-5.44504
-5.43306
-5.42281
-5.41477
-5.4085
-5.40461
-5.40343
-5.4042
-5.40945
-5.41848
-5.43202
-5.44735
-5.46241
-5.47731
-5.49258
-5.50804
-5.52239
-5.53552
-5.54532
-5.55
-5.54883
-5.54182
-5.53164
-5.52149
-5.51207
-5.50426
-5.49747
-5.48967
-5.48292
-5.47551
-5.46985
-5.46271
-5.45428
-5.44229
-5.43069
-5.41989
-5.41268
-5.41041
-5.40866
-5.40648
-5.4014
-5.39365
-5.38528
-5.37883
-5.3759
-5.37785
-5.38468
-5.39296
-5.40212
-5.41036
-5.41451
-5.41466
-5.4087
-5.39888
-5.38534
-5.36848
-5.35036
-5.33014
-5.30944
-5.29026
-5.27637
-5.27304
-5.28084
-5.30124
-5.32925
-5.36205
-5.39451
-5.42274
-5.44301
-5.45311
-5.45274
-5.44411
-5.43348
-5.42094
-5.41336
-5.40896
-5.40655
-5.40456
-5.39834
-5.38923
-5.3749
-5.36172
-5.35458
-5.35264
-5.35485
-5.35631
-5.35306
-5.34549
-5.33661
-5.32968
-5.32689
-5.3291
-5.33587
-5.34548
-5.35743
-5.36914
-5.38038
-5.38904
-5.39752
-5.40695
-5.42036
-5.43917
-5.45876
-5.47944
-5.49746
-5.51132
-5.52158
-5.52771
-5.53163
-5.53621
-5.5403
-5.54272
-5.54098
-5.53378
-5.52042
-5.50234
-5.4802
-5.45705
-5.43304
-5.40979
-5.38852
-5.37182
-5.36426
-5.36478
-5.37571
-5.39259
-5.41052
-5.42665
-5.43984
-5.4497
-5.45777
-5.46464
-5.47206
-5.48029
-5.486
-5.48656
-5.48172
-5.47042
-5.45442
-5.43588
-5.41665
-5.39553
-5.37462
-5.35557
-5.33939
-5.3293
-5.32341
-5.31954
-5.31806
-5.31585
-5.31412
-5.31411
-5.3185
-5.32924
-5.34844
-5.37791
-5.41272
-5.45163
-5.49068
-5.52529
-5.55414
-5.57394
-5.58476
-5.58815
-5.58021
-5.56354
-5.53907
-5.51234
-5.48468
-5.46077
-5.44158
-5.42907
-5.42257
-5.42339
-5.42945
-5.44093
-5.45474
-5.47035
-5.48595
-5.4978
-5.50485
-5.50516
-5.49718
-5.48303
-5.46634
-5.44826
-5.43289
-5.42454
-5.42053
-5.42184
-5.4228
-5.42253
-5.41866
-5.4101
-5.3971
-5.3818
-5.36417
-5.34658
-5.32934
-5.31688
-5.31099
-5.31266
-5.32034
-5.3342
-5.35144
-5.37048
-5.38835
-5.40458
-5.4174
-5.43088
-5.44453
-5.45825
-5.47566
-5.49254
-5.51025
-5.52441
-5.53466
-5.53799
-5.53538
-5.52521
-5.50917
-5.48862
-5.46453
-5.4408
-5.41677
-5.39716
-5.38258
-5.37347
-5.36832
-5.36716
-5.37029
-5.37607
-5.38238
-5.3882
-5.39322
-5.39523
-5.39297
-5.38759
-5.38028
-5.37483
-5.37455
-5.38091
-5.39315
-5.41072
-5.43346
-5.4599
-5.48986
-5.51946
-5.547
-5.56914
-5.58709
-5.59666
-5.59775
-5.59439
-5.58744
-5.57851
-5.57033
-5.56601
-5.56337
-5.56235
-5.56067
-5.55489
-5.54282
-5.52621
-5.50684
-5.48721
-5.46854
-5.45291
-5.44215
-5.4334
-5.42745
-5.42292
-5.42027
-5.42317
-5.43133
-5.44756
-5.46756
-5.48917
-5.508
-5.51984
-5.52476
-5.52029
-5.50996
-5.49747
-5.4853
-5.47718
-5.47273
-5.46949
-5.46867
-5.46548
-5.46034
-5.45023
-5.4392
-5.4295
-5.42584
-5.42716
-5.43167
-5.4372
-5.44265
-5.44862
-5.45508
-5.46283
-5.46944
-5.47651
-5.48285
-5.49119
-5.499
-5.5032
-5.50153
-5.49339
-5.48222
-5.47078
-5.4626
-5.45836
-5.45736
-5.46074
-5.47185
-5.49123
-5.51823
-5.54745
-5.57333
-5.5921
-5.60184
-5.60366
-5.59731
-5.5851
-5.56903
-5.55315
-5.54224
-5.53623
-5.53659
-5.54277
-5.55041
-5.55742
-5.56275
-5.56529
-5.56533
-5.56433
-5.56677
-5.57254
-5.5799
-5.58917
-5.59739
-5.60173
-5.59964
-5.59164
-5.57792
-5.55777
-5.53066
-5.49903
-5.46461
-5.42664
-5.38962
-5.35627
-5.33146
-5.31833
-5.31597
-5.32286
-5.33631
-5.35209
-5.36892
-5.38523
-5.40296
-5.4213
-5.44273
-5.46449
-5.48679
-5.5084
-5.52739
-5.54127
-5.54931
-5.54848
-5.53878
-5.52105
-5.49762
-5.47292
-5.45248
-5.44073
-5.44119
-5.45228
-5.46945
-5.48822
-5.50254
-5.5142
-5.51803
-5.51416
-5.50183
-5.48442
-5.46276
-5.44307
-5.42827
-5.42491
-5.4323
-5.44885
-5.47083
-5.49348
-5.51084
-5.51972
-5.51933
-5.51087
-5.50022
-5.48928
-5.48226
-5.48118
-5.48297
-5.48468
-5.47861
-5.46445
-5.44112
-5.41541
-5.39434
-5.38639
-5.38858
-5.39661
-5.40455
-5.40943
-5.40889
-5.4039
-5.39813
-5.39213
-5.38902
-5.38956
-5.39276
-5.39609
-5.39791
-5.39691
-5.39124
-5.38299
-5.37149
-5.36114
-5.3512
-5.34614
-5.34997
-5.35986
-5.37742
-5.3959
-5.41508
-5.43425
-5.453
-5.47458
-5.49608
-5.51775
-5.53529
-5.54864
-5.55761
-5.56102
-5.56049
-5.55639
-5.55133
-5.54493
-5.53927
-5.53638
-5.53644
-5.53755
-5.53711
-5.53465
-5.52924
-5.5216
-5.5143
-5.51001
-5.51129
-5.51967
-5.5341
-5.55072
-5.56714
-5.57937
-5.58481
-5.58039
-5.56833
-5.54804
-5.51995
-5.48687
-5.44699
-5.40634
-5.36918
-5.33943
-5.31995
-5.31239
-5.31865
-5.33576
-5.36111
-5.39382
-5.42689
-5.46194
-5.49373
-5.51876
-5.53681
-5.54396
-5.54015
-5.52541
-5.50067
-5.46933
-5.4356
-5.40637
-5.38307
-5.36785
-5.35767
-5.34885
-5.33911
-5.33237
-5.33164
-5.3326
-5.32983
-5.32121
-5.30782
-5.29707
-5.29358
-5.29838
-5.31038
-5.32544
-5.34297
-5.36322
-5.38651
-5.41506
-5.44622
-5.47823
-5.5082
-5.5325
-5.54949
-5.55898
-5.56187
-5.56165
-5.56084
-5.56114
-5.56509
-5.57115
-5.57918
-5.58731
-5.59116
-5.58856
-5.57842
-5.55648
-5.52352
-5.48332
-5.44188
-5.40787
-5.38292
-5.37073
-5.36871
-5.3776
-5.39395
-5.41501
-5.43697
-5.45528
-5.46926
-5.47676
-5.47972
-5.47798
-5.47105
-5.4613
-5.45084
-5.44306
-5.43638
-5.43075
-5.42157
-5.40893
-5.39018
-5.36502
-5.33895
-5.31981
-5.31854
-5.34017
-5.37974
-5.42147
-5.45499
-5.47131
-5.47593
-5.47258
-5.46977
-5.47135
-5.47826
-5.49059
-5.5057
