108
-0.262985   -0.0282446   0.298582
-0.151952   -0.136216   0.286
0.0763426   0.413142   0.244457
-0.35972   -0.0187872   0.23286
-0.361203   -0.0693286   -0.221039
0.452263   0.420686   0.451642
0.33862   0.283893   -0.0151097
0.0568585   -0.164911   0.0565534
0.228115   0.274494   0.160612
0.204421   -0.226256   0.0230675
0.347797   0.444251   -0.49906
-0.0492956   -0.365909   -0.209844
-0.453623   0.414319   0.203841
-0.0699338   0.221759   -0.399516
-0.395665   0.323891   -0.0790261
-0.334173   -0.159108   0.347713
0.0610097   0.221309   -0.196079
0.357311   -0.108278   -0.332449
0.00673729   -0.476358   0.418283
0.298424   -0.320112   0.465849
-0.499026   0.469697   -0.495924
0.0471757   0.259853   0.124042
0.303585   0.0969593   -0.308558
-0.02402   0.0386811   0.347165
-0.288955   -0.449126   -0.143455
-0.374862   -0.295149   0.254393
0.157527   0.443564   -0.418127
-0.133779   0.263355   0.355735
0.342715   0.421995   0.0550646
-0.118177   0.437342   0.370496
-0.414891   -0.0672218   -0.137205
-0.0379714   -0.283779   0.454523
0.424763   -0.064706   -0.191655
-0.168578   0.248186   -0.341454
0.27395   0.183648   0.402594
0.474461   -0.198882   -0.197091
-0.0532827   -0.163949   0.0271109
-0.0474532   0.261214   0.154092
0.188622   -0.251573   -0.162202
0.0983491   -0.463473   0.29073
-0.0258545   -0.396846   0.416349
0.151355   0.387658   0.11244
-0.418937   -0.309486   -0.443877
-0.0998051   0.0721811   -0.202583
0.107923   0.0866962   0.093077
-0.442067   0.109119   0.0786785
0.0783037   0.0171849   0.440438
0.109199   0.228155   0.0599677
0.47431   0.151339   -0.0241437
-0.334827   0.0182996   -0.483798
0.120925   0.0837975   0.225655
0.479262   0.0012302   -0.156181
-0.138481   0.297731   0.429572
-0.356992   -0.231556   0.468239
-0.244247   -0.221506   -0.144611
-0.130284   0.277675   0.218977
-0.244986   0.324375   0.433655
0.386213   -0.498792   0.0489804
-0.142233   -0.479656   0.0994537
-0.125583   -0.078823   -0.339
0.391509   0.0764659   -0.25156
-0.284716   -0.227942   0.436609
-0.282475   -0.358839   -0.23589
0.344048   -0.212655   0.456701
-0.196559   0.290973   -0.269118
0.0480187   -0.422244   -0.130327
0.184954   -0.118115   -0.326207
0.464798   -0.351344   -0.119855
0.488195   -0.299232   0.180106
-0.206091   -0.0525547   0.0205161
-0.34373   0.307638   -0.00533562
-0.197556   0.437744   0.4583
-0.203371   -0.356848   -0.286224
0.121719   0.383877   0.356926
-0.0119066   0.274236   -0.361292
-0.242592   -0.134368   0.204947
-0.0741281   -0.322009   0.392758
0.292468   -0.0738509   -0.0190336
0.098212   0.366423   -0.191894
0.437414   0.0606816   -0.398671
0.0242239   0.280161   0.305773
0.233687   -0.0598145   0.246781
-0.182412   0.214902   0.0613703
0.23178   -0.198099   -0.428095
-0.377838   0.411503   -0.163989
0.419521   -0.423505   0.0388596
0.385104   -0.104503   -0.083962
0.123127   0.345672   -0.369091
0.232597   0.194087   0.215731
0.307713   -0.0553963   -0.368596
0.238413   -0.484561   0.211086
-0.341152   0.207876   -0.00471669
-0.0916984   -0.0750905   0.416459
-0.433156   -0.239388   -0.0352666
0.355529   0.381081   -0.262877
-0.468965   -0.135385   -0.314561
0.304141   -0.317668   0.323006
0.201194   -0.0465044   -0.418203
0.212423   0.323832   -0.426081
-0.264952   0.446936   -0.320121
-0.129753   0.320466   -0.313102
-0.408975   0.200054   0.169155
-0.174381   0.123808   -0.259248
-0.306559   0.256261   0.329047
-0.112577   0.107004   0.0526066
0.0181203   -0.289441   -0.449459
0.111498   -0.0142329   0.0929293
0.254008   0.439844   0.0806685
